2100,'20260921',419,,241239,28,,,1,36,,241240,28,,,1,65,,241241,28,,,1,391,,241245,4,0,5 29 30,1,100,,241251,4,0,5 29 30,1,100,,241257,4,0,16 29 30,1,95,,241261,4,0,16 29 30,1,45,,241265,4,0,16 29 30,1,150,,241268,4,0,16 29 30,1,57,,241270,4,0,16 29 30,1,95,,241273,4,0,16 29 30,1,105,,241275,28,,,1,145,,241276,28,,,1,53,,241277,28,,,1,100,,241278,28,,,1,99,,241279,28,,,1,101,,241280,28,,,1,98,,241281,28,,,1,100,,241282,28,,,1,104,,241283,28,,,1
2100,'20260922',419,,241284,28,,,1,36,,241285,28,,,1,65,,241286,28,,,1,391,,241290,4,0,5 29 30,1,100,,241296,4,0,5 29 30,1,100,,241302,4,0,16 29 30,1,95,,241306,4,0,16 29 30,1,45,,241310,4,0,16 29 30,1,150,,241313,4,0,16 29 30,1,57,,241315,4,0,16 29 30,1,95,,241318,4,0,16 29 30,1,105,,241320,28,,,1,145,,241321,28,,,1,53,,241322,28,,,1,100,,241323,28,,,1,99,,241324,28,,,1,101,,241325,28,,,1,98,,241326,28,,,1,100,,241327,28,,,1,104,,241328,28,,,1
2100,'20260923',419,,241329,28,,,1,36,,241330,28,,,1,65,,241331,28,,,1,391,,241335,4,0,5 29 30,1,100,,241341,4,0,5 29 30,1,100,,241347,4,0,16 29 30,1,95,,241351,4,0,16 29 30,1,45,,241355,4,0,16 29 30,1,150,,241358,4,0,16 29 30,1,57,,241360,4,0,16 29 30,1,95,,241363,4,0,16 29 30,1,105,,241365,28,,,1,145,,241366,28,,,1,53,,241367,28,,,1,100,,241368,28,,,1,99,,241369,28,,,1,101,,241370,28,,,1,98,,241371,28,,,1,100,,241372,28,,,1,104,,241373,28,,,1
2100,'20260924',419,,241374,28,,,1,36,,241375,28,,,1,65,,241376,28,,,1,391,,241380,4,0,5 29 30,1,100,,241386,4,0,5 29 30,1,100,,241392,4,0,16 29 30,1,95,,241396,4,0,16 29 30,1,45,,241400,4,0,16 29 30,1,150,,241403,4,0,16 29 30,1,57,,241405,4,0,16 29 30,1,95,,241408,4,0,16 29 30,1,105,,241410,28,,,1,145,,241411,28,,,1,53,,241412,28,,,1,100,,241413,28,,,1,99,,241414,28,,,1,101,,241415,28,,,1,98,,241416,28,,,1,100,,241417,28,,,1,104,,241418,28,,,1
2100,'20260925',419,,241419,28,,,1,36,,241420,28,,,1,65,,241421,28,,,1,391,,241425,4,0,5 29 30,1,100,,241431,4,0,5 29 30,1,100,,241437,4,0,16 29 30,1,95,,241441,4,0,16 29 30,1,45,,241445,4,0,16 29 30,1,150,,241448,4,0,16 29 30,1,57,,241450,4,0,16 29 30,1,95,,241453,4,0,16 29 30,1,105,,241455,28,,,1,145,,241456,28,,,1,53,,241457,28,,,1,100,,241458,28,,,1,99,,241459,28,,,1,101,,241460,28,,,1,98,,241461,28,,,1,100,,241462,28,,,1,104,,241463,28,,,1
2100,'20260926',520,,241464,28,0,57 29 30,1,100,,241465,28,0,57 29 30,1,35,,241466,28,0,57 29 30,1,150,,241469,6,0,34 29 30,1,100,,241473,6,0,34 29 30,1,100,,241477,6,0,34 29 30,1,100,,241481,6,0,34 29 30,1,100,,241484,6,0,34 29 30,1,100,,241487,6,0,34 29 30,1,100,,241490,6,0,34 29 30,1,100,,241493,6,0,34 29 30,1,100,,241496,6,0,34 29 30,1,100,,241499,6,0,34 29 30,1,100,,241502,6,0,34 29 30,1,100,,241504,6,0,34 29 30,1,53,,241506,28,0,57 29 30,1,95,,241507,28,0,57 29 30,1,100,,241508,28,0,57 29 30,1,95,,241509,28,0,57 29 30,1,102,,241510,28,0,57 29 30,1,100,,241511,28,0,57 29 30,1
2100,'20260927',520,,241512,28,0,57 29 30,1,100,,241513,28,0,57 29 30,1,35,,241514,28,0,57 29 30,1,150,,241516,6,0,34 29 30,1,100,,241519,6,0,34 29 30,1,100,,241522,6,0,34 29 30,1,100,,241525,6,0,34 29 30,1,100,,241528,6,0,34 29 30,1,100,,241531,6,0,34 29 30,1,100,,241534,6,0,34 29 30,1,100,,241537,6,0,34 29 30,1,100,,241540,6,0,34 29 30,1,100,,241543,6,0,34 29 30,1,100,,241546,6,0,34 29 30,1,100,,241548,6,0,34 29 30,1,53,,241549,28,0,57 29 30,1,95,,241550,28,0,57 29 30,1,100,,241551,28,0,57 29 30,1,95,,241552,28,0,57 29 30,1,102,,241553,28,0,57 29 30,1,100,,241554,28,0,57 29 30,1
2100,'20260928',419,,241555,28,,,1,36,,241556,28,,,1,65,,241557,28,,,1,391,,241561,4,0,5 29 30,1,100,,241567,4,0,5 29 30,1,100,,241573,4,0,16 29 30,1,95,,241577,4,0,16 29 30,1,45,,241581,4,0,16 29 30,1,150,,241584,4,0,16 29 30,1,57,,241586,4,0,16 29 30,1,95,,241589,4,0,16 29 30,1,105,,241591,28,,,1,145,,241592,28,,,1,53,,241593,28,,,1,100,,241594,28,,,1,99,,241595,28,,,1,101,,241596,28,,,1,98,,241597,28,,,1,100,,241598,28,,,1,104,,241599,28,,,1
2100,'20260929',419,,241600,28,,,1,36,,241601,28,,,1,65,,241602,28,,,1,391,,241606,4,0,5 29 30,1,100,,241612,4,0,5 29 30,1,100,,241618,4,0,16 29 30,1,95,,241622,4,0,16 29 30,1,45,,241626,4,0,16 29 30,1,150,,241629,4,0,16 29 30,1,57,,241631,4,0,16 29 30,1,95,,241634,4,0,16 29 30,1,105,,241636,28,,,1,145,,241637,28,,,1,53,,241638,28,,,1,100,,241639,28,,,1,99,,241640,28,,,1,101,,241641,28,,,1,98,,241642,28,,,1,100,,241643,28,,,1,104,,241644,28,,,1
2100,'20260930',419,,241645,28,,,1,36,,241646,28,,,1,65,,241647,28,,,1,391,,241651,4,0,5 29 30,1,100,,241657,4,0,5 29 30,1,100,,241663,4,0,16 29 30,1,95,,241667,4,0,16 29 30,1,45,,241671,4,0,16 29 30,1,150,,241674,4,0,16 29 30,1,57,,241676,4,0,16 29 30,1,95,,241679,4,0,16 29 30,1,105,,241681,28,,,1,145,,241682,28,,,1,53,,241683,28,,,1,100,,241684,28,,,1,99,,241685,28,,,1,101,,241686,28,,,1,98,,241687,28,,,1,100,,241688,28,,,1,104,,241689,28,,,1
2100,'20261001',419,,241690,28,,,1,36,,241691,28,,,1,65,,241692,28,,,1,391,,241696,4,0,5 29 30,1,100,,241702,4,0,5 29 30,1,100,,241708,4,0,16 29 30,1,95,,241712,4,0,16 29 30,1,45,,241716,4,0,16 29 30,1,150,,241719,4,0,16 29 30,1,57,,241721,4,0,16 29 30,1,95,,241724,4,0,16 29 30,1,105,,241726,28,,,1,145,,241727,28,,,1,53,,241728,28,,,1,100,,241729,28,,,1,99,,241730,28,,,1,101,,241731,28,,,1,98,,241732,28,,,1,100,,241733,28,,,1,104,,241734,28,,,1
2100,'20261002',419,,241735,28,,,1,36,,241736,28,,,1,65,,241737,28,,,1,391,,241741,4,0,5 29 30,1,100,,241747,4,0,5 29 30,1,100,,241753,4,0,16 29 30,1,95,,241757,4,0,16 29 30,1,45,,241761,4,0,16 29 30,1,150,,241764,4,0,16 29 30,1,57,,241766,4,0,16 29 30,1,95,,241769,4,0,16 29 30,1,105,,241771,28,,,1,145,,241772,28,,,1,53,,241773,28,,,1,100,,241774,28,,,1,99,,241775,28,,,1,101,,241776,28,,,1,98,,241777,28,,,1,100,,241778,28,,,1,104,,241779,28,,,1
2100,'20261003',520,,241780,28,0,57 29 30,1,100,,241781,28,0,57 29 30,1,35,,241782,28,0,57 29 30,1,150,,241785,6,0,34 29 30,1,100,,241789,6,0,34 29 30,1,100,,241793,6,0,34 29 30,1,100,,241797,6,0,34 29 30,1,100,,241800,6,0,34 29 30,1,100,,241803,6,0,34 29 30,1,100,,241806,6,0,34 29 30,1,100,,241809,6,0,34 29 30,1,100,,241812,6,0,34 29 30,1,100,,241815,6,0,34 29 30,1,100,,241818,6,0,34 29 30,1,100,,241820,6,0,34 29 30,1,53,,241822,28,0,57 29 30,1,95,,241823,28,0,57 29 30,1,100,,241824,28,0,57 29 30,1,95,,241825,28,0,57 29 30,1,102,,241826,28,0,57 29 30,1,100,,241827,28,0,57 29 30,1
2100,'20261004',520,,241828,28,0,57 29 30,1,100,,241829,28,0,57 29 30,1,35,,241830,28,0,57 29 30,1,150,,241832,6,0,34 29 30,1,100,,241835,6,0,34 29 30,1,100,,241838,6,0,34 29 30,1,100,,241841,6,0,34 29 30,1,100,,241844,6,0,34 29 30,1,100,,241847,6,0,34 29 30,1,100,,241850,6,0,34 29 30,1,100,,241853,6,0,34 29 30,1,100,,241856,6,0,34 29 30,1,100,,241859,6,0,34 29 30,1,100,,241862,6,0,34 29 30,1,100,,241864,6,0,34 29 30,1,53,,241865,28,0,57 29 30,1,95,,241866,28,0,57 29 30,1,100,,241867,28,0,57 29 30,1,95,,241868,28,0,57 29 30,1,102,,241869,28,0,57 29 30,1,100,,241870,28,0,57 29 30,1
2100,'20261005',419,,241871,28,,,1,36,,241872,28,,,1,65,,241873,28,,,1,391,,241877,4,0,5 29 30,1,100,,241883,4,0,5 29 30,1,100,,241889,4,0,16 29 30,1,95,,241893,4,0,16 29 30,1,45,,241897,4,0,16 29 30,1,150,,241900,4,0,16 29 30,1,57,,241902,4,0,16 29 30,1,95,,241905,4,0,16 29 30,1,105,,241907,28,,,1,145,,241908,28,,,1,53,,241909,28,,,1,100,,241910,28,,,1,99,,241911,28,,,1,101,,241912,28,,,1,98,,241913,28,,,1,100,,241914,28,,,1,104,,241915,28,,,1
2100,'20261006',419,,241916,28,,,1,36,,241917,28,,,1,65,,241918,28,,,1,391,,241922,4,0,5 29 30,1,100,,241928,4,0,5 29 30,1,100,,241934,4,0,16 29 30,1,95,,241938,4,0,16 29 30,1,45,,241942,4,0,16 29 30,1,150,,241945,4,0,16 29 30,1,57,,241947,4,0,16 29 30,1,95,,241950,4,0,16 29 30,1,105,,241952,28,,,1,145,,241953,28,,,1,53,,241954,28,,,1,100,,241955,28,,,1,99,,241956,28,,,1,101,,241957,28,,,1,98,,241958,28,,,1,100,,241959,28,,,1,104,,241960,28,,,1
2100,'20261007',419,,241961,28,,,1,36,,241962,28,,,1,65,,241963,28,,,1,391,,241967,4,0,5 29 30,1,100,,241973,4,0,5 29 30,1,100,,241979,4,0,16 29 30,1,95,,241983,4,0,16 29 30,1,45,,241987,4,0,16 29 30,1,150,,241990,4,0,16 29 30,1,57,,241992,4,0,16 29 30,1,95,,241995,4,0,16 29 30,1,105,,241997,28,,,1,145,,241998,28,,,1,53,,241999,28,,,1,100,,242000,28,,,1,99,,242001,28,,,1,101,,242002,28,,,1,98,,242003,28,,,1,100,,242004,28,,,1,104,,242005,28,,,1
2100,'20261008',419,,242006,28,,,1,36,,242007,28,,,1,65,,242008,28,,,1,391,,242012,4,0,5 29 30,1,100,,242018,4,0,5 29 30,1,100,,242024,4,0,16 29 30,1,95,,242028,4,0,16 29 30,1,45,,242032,4,0,16 29 30,1,150,,242035,4,0,16 29 30,1,57,,242037,4,0,16 29 30,1,95,,242040,4,0,16 29 30,1,105,,242042,28,,,1,145,,242043,28,,,1,53,,242044,28,,,1,100,,242045,28,,,1,99,,242046,28,,,1,101,,242047,28,,,1,98,,242048,28,,,1,100,,242049,28,,,1,104,,242050,28,,,1
2100,'20261009',419,,242051,28,,,1,36,,242052,28,,,1,65,,242053,28,,,1,391,,242057,4,0,5 29 30,1,100,,242063,4,0,5 29 30,1,100,,242069,4,0,16 29 30,1,95,,242073,4,0,16 29 30,1,45,,242077,4,0,16 29 30,1,150,,242080,4,0,16 29 30,1,57,,242082,4,0,16 29 30,1,95,,242085,4,0,16 29 30,1,105,,242087,28,,,1,145,,242088,28,,,1,53,,242089,28,,,1,100,,242090,28,,,1,99,,242091,28,,,1,101,,242092,28,,,1,98,,242093,28,,,1,100,,242094,28,,,1,104,,242095,28,,,1
2100,'20261010',520,,242096,28,0,57 29 30,1,100,,242097,28,0,57 29 30,1,35,,242098,28,0,57 29 30,1,150,,242101,6,0,34 29 30,1,100,,242105,6,0,34 29 30,1,100,,242109,6,0,34 29 30,1,100,,242113,6,0,34 29 30,1,100,,242116,6,0,34 29 30,1,100,,242119,6,0,34 29 30,1,100,,242122,6,0,34 29 30,1,100,,242125,6,0,34 29 30,1,100,,242128,6,0,34 29 30,1,100,,242131,6,0,34 29 30,1,100,,242134,6,0,34 29 30,1,100,,242136,6,0,34 29 30,1,53,,242138,28,0,57 29 30,1,95,,242139,28,0,57 29 30,1,100,,242140,28,0,57 29 30,1,95,,242141,28,0,57 29 30,1,102,,242142,28,0,57 29 30,1,100,,242143,28,0,57 29 30,1
2100,'20261011',520,,242144,28,0,57 29 30,1,100,,242145,28,0,57 29 30,1,35,,242146,28,0,57 29 30,1,150,,242148,6,0,34 29 30,1,100,,242151,6,0,34 29 30,1,100,,242154,6,0,34 29 30,1,100,,242157,6,0,34 29 30,1,100,,242160,6,0,34 29 30,1,100,,242163,6,0,34 29 30,1,100,,242166,6,0,34 29 30,1,100,,242169,6,0,34 29 30,1,100,,242172,6,0,34 29 30,1,100,,242175,6,0,34 29 30,1,100,,242178,6,0,34 29 30,1,100,,242180,6,0,34 29 30,1,53,,242181,28,0,57 29 30,1,95,,242182,28,0,57 29 30,1,100,,242183,28,0,57 29 30,1,95,,242184,28,0,57 29 30,1,102,,242185,28,0,57 29 30,1,100,,242186,28,0,57 29 30,1
2100,'20261012',520,,242187,28,0,57 29 30,1,100,,242188,28,0,57 29 30,1,35,,242189,28,0,57 29 30,1,150,,242192,6,0,34 29 30,1,100,,242196,6,0,34 29 30,1,100,,242200,6,0,34 29 30,1,100,,242204,6,0,34 29 30,1,100,,242207,6,0,34 29 30,1,100,,242210,6,0,34 29 30,1,100,,242213,6,0,34 29 30,1,100,,242216,6,0,34 29 30,1,100,,242219,6,0,34 29 30,1,100,,242222,6,0,34 29 30,1,100,,242225,6,0,34 29 30,1,100,,242227,6,0,34 29 30,1,53,,242229,28,0,57 29 30,1,95,,242230,28,0,57 29 30,1,100,,242231,28,0,57 29 30,1,95,,242232,28,0,57 29 30,1,102,,242233,28,0,57 29 30,1,100,,242234,28,0,57 29 30,1
2100,'20261013',419,,242235,28,,,1,36,,242236,28,,,1,65,,242237,28,,,1,391,,242241,4,0,5 29 30,1,100,,242247,4,0,5 29 30,1,100,,242253,4,0,16 29 30,1,95,,242257,4,0,16 29 30,1,45,,242261,4,0,16 29 30,1,150,,242264,4,0,16 29 30,1,57,,242266,4,0,16 29 30,1,95,,242269,4,0,16 29 30,1,105,,242271,28,,,1,145,,242272,28,,,1,53,,242273,28,,,1,100,,242274,28,,,1,99,,242275,28,,,1,101,,242276,28,,,1,98,,242277,28,,,1,100,,242278,28,,,1,104,,242279,28,,,1
2100,'20261014',419,,242280,28,,,1,36,,242281,28,,,1,65,,242282,28,,,1,391,,242286,4,0,5 29 30,1,100,,242292,4,0,5 29 30,1,100,,242298,4,0,16 29 30,1,95,,242302,4,0,16 29 30,1,45,,242306,4,0,16 29 30,1,150,,242309,4,0,16 29 30,1,57,,242311,4,0,16 29 30,1,95,,242314,4,0,16 29 30,1,105,,242316,28,,,1,145,,242317,28,,,1,53,,242318,28,,,1,100,,242319,28,,,1,99,,242320,28,,,1,101,,242321,28,,,1,98,,242322,28,,,1,100,,242323,28,,,1,104,,242324,28,,,1
2100,'20261015',419,,242325,28,,,1,36,,242326,28,,,1,65,,242327,28,,,1,391,,242331,4,0,5 29 30,1,100,,242337,4,0,5 29 30,1,100,,242343,4,0,16 29 30,1,95,,242347,4,0,16 29 30,1,45,,242351,4,0,16 29 30,1,150,,242354,4,0,16 29 30,1,57,,242356,4,0,16 29 30,1,95,,242359,4,0,16 29 30,1,105,,242361,28,,,1,145,,242362,28,,,1,53,,242363,28,,,1,100,,242364,28,,,1,99,,242365,28,,,1,101,,242366,28,,,1,98,,242367,28,,,1,100,,242368,28,,,1,104,,242369,28,,,1
2100,'20261016',419,,242370,28,,,1,36,,242371,28,,,1,65,,242372,28,,,1,391,,242376,4,0,5 29 30,1,100,,242382,4,0,5 29 30,1,100,,242388,4,0,16 29 30,1,95,,242392,4,0,16 29 30,1,45,,242396,4,0,16 29 30,1,150,,242399,4,0,16 29 30,1,57,,242401,4,0,16 29 30,1,95,,242404,4,0,16 29 30,1,105,,242406,28,,,1,145,,242407,28,,,1,53,,242408,28,,,1,100,,242409,28,,,1,99,,242410,28,,,1,101,,242411,28,,,1,98,,242412,28,,,1,100,,242413,28,,,1,104,,242414,28,,,1
2100,'20261017',520,,242415,28,0,57 29 30,1,100,,242416,28,0,57 29 30,1,35,,242417,28,0,57 29 30,1,150,,242420,6,0,34 29 30,1,100,,242424,6,0,34 29 30,1,100,,242428,6,0,34 29 30,1,100,,242432,6,0,34 29 30,1,100,,242435,6,0,34 29 30,1,100,,242438,6,0,34 29 30,1,100,,242441,6,0,34 29 30,1,100,,242444,6,0,34 29 30,1,100,,242447,6,0,34 29 30,1,100,,242450,6,0,34 29 30,1,100,,242453,6,0,34 29 30,1,100,,242455,6,0,34 29 30,1,53,,242457,28,0,57 29 30,1,95,,242458,28,0,57 29 30,1,100,,242459,28,0,57 29 30,1,95,,242460,28,0,57 29 30,1,102,,242461,28,0,57 29 30,1,100,,242462,28,0,57 29 30,1
2100,'20261018',520,,242463,28,0,57 29 30,1,100,,242464,28,0,57 29 30,1,35,,242465,28,0,57 29 30,1,150,,242467,6,0,34 29 30,1,100,,242470,6,0,34 29 30,1,100,,242473,6,0,34 29 30,1,100,,242476,6,0,34 29 30,1,100,,242479,6,0,34 29 30,1,100,,242482,6,0,34 29 30,1,100,,242485,6,0,34 29 30,1,100,,242488,6,0,34 29 30,1,100,,242491,6,0,34 29 30,1,100,,242494,6,0,34 29 30,1,100,,242497,6,0,34 29 30,1,100,,242499,6,0,34 29 30,1,53,,242500,28,0,57 29 30,1,95,,242501,28,0,57 29 30,1,100,,242502,28,0,57 29 30,1,95,,242503,28,0,57 29 30,1,102,,242504,28,0,57 29 30,1,100,,242505,28,0,57 29 30,1
2100,'20261019',419,,242506,28,,,1,36,,242507,28,,,1,65,,242508,28,,,1,391,,242512,4,0,5 29 30,1,100,,242518,4,0,5 29 30,1,100,,242524,4,0,16 29 30,1,95,,242528,4,0,16 29 30,1,45,,242532,4,0,16 29 30,1,150,,242535,4,0,16 29 30,1,57,,242537,4,0,16 29 30,1,95,,242540,4,0,16 29 30,1,105,,242542,28,,,1,145,,242543,28,,,1,53,,242544,28,,,1,100,,242545,28,,,1,99,,242546,28,,,1,101,,242547,28,,,1,98,,242548,28,,,1,100,,242549,28,,,1,104,,242550,28,,,1
2100,'20261020',419,,242551,28,,,1,36,,242552,28,,,1,65,,242553,28,,,1,391,,242557,4,0,5 29 30,1,100,,242563,4,0,5 29 30,1,100,,242569,4,0,16 29 30,1,95,,242573,4,0,16 29 30,1,45,,242577,4,0,16 29 30,1,150,,242580,4,0,16 29 30,1,57,,242582,4,0,16 29 30,1,95,,242585,4,0,16 29 30,1,105,,242587,28,,,1,145,,242588,28,,,1,53,,242589,28,,,1,100,,242590,28,,,1,99,,242591,28,,,1,101,,242592,28,,,1,98,,242593,28,,,1,100,,242594,28,,,1,104,,242595,28,,,1
2100,'20261021',419,,242596,28,,,1,36,,242597,28,,,1,65,,242598,28,,,1,391,,242602,4,0,5 29 30,1,100,,242608,4,0,5 29 30,1,100,,242614,4,0,16 29 30,1,95,,242618,4,0,16 29 30,1,45,,242622,4,0,16 29 30,1,150,,242625,4,0,16 29 30,1,57,,242627,4,0,16 29 30,1,95,,242630,4,0,16 29 30,1,105,,242632,28,,,1,145,,242633,28,,,1,53,,242634,28,,,1,100,,242635,28,,,1,99,,242636,28,,,1,101,,242637,28,,,1,98,,242638,28,,,1,100,,242639,28,,,1,104,,242640,28,,,1
2100,'20261022',419,,242641,28,,,1,36,,242642,28,,,1,65,,242643,28,,,1,391,,242647,4,0,5 29 30,1,100,,242653,4,0,5 29 30,1,100,,242659,4,0,16 29 30,1,95,,242663,4,0,16 29 30,1,45,,242667,4,0,16 29 30,1,150,,242670,4,0,16 29 30,1,57,,242672,4,0,16 29 30,1,95,,242675,4,0,16 29 30,1,105,,242677,28,,,1,145,,242678,28,,,1,53,,242679,28,,,1,100,,242680,28,,,1,99,,242681,28,,,1,101,,242682,28,,,1,98,,242683,28,,,1,100,,242684,28,,,1,104,,242685,28,,,1
2100,'20261023',419,,242686,28,,,1,36,,242687,28,,,1,65,,242688,28,,,1,391,,242692,4,0,5 29 30,1,100,,242698,4,0,5 29 30,1,100,,242704,4,0,16 29 30,1,95,,242708,4,0,16 29 30,1,45,,242712,4,0,16 29 30,1,150,,242715,4,0,16 29 30,1,57,,242717,4,0,16 29 30,1,95,,242720,4,0,16 29 30,1,105,,242722,28,,,1,145,,242723,28,,,1,53,,242724,28,,,1,100,,242725,28,,,1,99,,242726,28,,,1,101,,242727,28,,,1,98,,242728,28,,,1,100,,242729,28,,,1,104,,242730,28,,,1
2100,'20261024',520,,242731,28,0,57 29 30,1,100,,242732,28,0,57 29 30,1,35,,242733,28,0,57 29 30,1,150,,242736,6,0,34 29 30,1,100,,242740,6,0,34 29 30,1,100,,242744,6,0,34 29 30,1,100,,242748,6,0,34 29 30,1,100,,242751,6,0,34 29 30,1,100,,242754,6,0,34 29 30,1,100,,242757,6,0,34 29 30,1,100,,242760,6,0,34 29 30,1,100,,242763,6,0,34 29 30,1,100,,242766,6,0,34 29 30,1,100,,242769,6,0,34 29 30,1,100,,242771,6,0,34 29 30,1,53,,242773,28,0,57 29 30,1,95,,242774,28,0,57 29 30,1,100,,242775,28,0,57 29 30,1,95,,242776,28,0,57 29 30,1,102,,242777,28,0,57 29 30,1,100,,242778,28,0,57 29 30,1
2100,'20261025',520,,242779,28,0,57 29 30,1,100,,242780,28,0,57 29 30,1,35,,242781,28,0,57 29 30,1,150,,242783,6,0,34 29 30,1,100,,242786,6,0,34 29 30,1,100,,242789,6,0,34 29 30,1,100,,242792,6,0,34 29 30,1,100,,242795,6,0,34 29 30,1,100,,242798,6,0,34 29 30,1,100,,242801,6,0,34 29 30,1,100,,242804,6,0,34 29 30,1,100,,242807,6,0,34 29 30,1,100,,242810,6,0,34 29 30,1,100,,242813,6,0,34 29 30,1,100,,242815,6,0,34 29 30,1,53,,242816,28,0,57 29 30,1,95,,242817,28,0,57 29 30,1,100,,242818,28,0,57 29 30,1,95,,242819,28,0,57 29 30,1,102,,242820,28,0,57 29 30,1,100,,242821,28,0,57 29 30,1
2100,'20261026',419,,242822,28,,,1,36,,242823,28,,,1,65,,242824,28,,,1,391,,242828,4,0,5 29 30,1,100,,242834,4,0,5 29 30,1,100,,242840,4,0,16 29 30,1,95,,242844,4,0,16 29 30,1,45,,242848,4,0,16 29 30,1,150,,242851,4,0,16 29 30,1,57,,242853,4,0,16 29 30,1,95,,242856,4,0,16 29 30,1,105,,242858,28,,,1,145,,242859,28,,,1,53,,242860,28,,,1,100,,242861,28,,,1,99,,242862,28,,,1,101,,242863,28,,,1,98,,242864,28,,,1,100,,242865,28,,,1,104,,242866,28,,,1
2100,'20261027',419,,242867,28,,,1,36,,242868,28,,,1,65,,242869,28,,,1,391,,242873,4,0,5 29 30,1,100,,242879,4,0,5 29 30,1,100,,242885,4,0,16 29 30,1,95,,242889,4,0,16 29 30,1,45,,242893,4,0,16 29 30,1,150,,242896,4,0,16 29 30,1,57,,242898,4,0,16 29 30,1,95,,242901,4,0,16 29 30,1,105,,242903,28,,,1,145,,242904,28,,,1,53,,242905,28,,,1,100,,242906,28,,,1,99,,242907,28,,,1,101,,242908,28,,,1,98,,242909,28,,,1,100,,242910,28,,,1,104,,242911,28,,,1
2100,'20261028',419,,242912,28,,,1,36,,242913,28,,,1,65,,242914,28,,,1,391,,242918,4,0,5 29 30,1,100,,242924,4,0,5 29 30,1,100,,242930,4,0,16 29 30,1,95,,242934,4,0,16 29 30,1,45,,242938,4,0,16 29 30,1,150,,242941,4,0,16 29 30,1,57,,242943,4,0,16 29 30,1,95,,242946,4,0,16 29 30,1,105,,242948,28,,,1,145,,242949,28,,,1,53,,242950,28,,,1,100,,242951,28,,,1,99,,242952,28,,,1,101,,242953,28,,,1,98,,242954,28,,,1,100,,242955,28,,,1,104,,242956,28,,,1
2100,'20261029',419,,242957,28,,,1,36,,242958,28,,,1,65,,242959,28,,,1,391,,242963,4,0,5 29 30,1,100,,242969,4,0,5 29 30,1,100,,242975,4,0,16 29 30,1,95,,242979,4,0,16 29 30,1,45,,242983,4,0,16 29 30,1,150,,242986,4,0,16 29 30,1,57,,242988,4,0,16 29 30,1,95,,242991,4,0,16 29 30,1,105,,242993,28,,,1,145,,242994,28,,,1,53,,242995,28,,,1,100,,242996,28,,,1,99,,242997,28,,,1,101,,242998,28,,,1,98,,242999,28,,,1,100,,243000,28,,,1,104,,243001,28,,,1
2100,'20261030',419,,243002,28,,,1,36,,243003,28,,,1,65,,243004,28,,,1,391,,243008,4,0,5 29 30,1,100,,243014,4,0,5 29 30,1,100,,243020,4,0,16 29 30,1,95,,243024,4,0,16 29 30,1,45,,243028,4,0,16 29 30,1,150,,243031,4,0,16 29 30,1,57,,243033,4,0,16 29 30,1,95,,243036,4,0,16 29 30,1,105,,243038,28,,,1,145,,243039,28,,,1,53,,243040,28,,,1,100,,243041,28,,,1,99,,243042,28,,,1,101,,243043,28,,,1,98,,243044,28,,,1,100,,243045,28,,,1,104,,243046,28,,,1
2100,'20261031',520,,243047,28,0,57 29 30,1,100,,243048,28,0,57 29 30,1,35,,243049,28,0,57 29 30,1,150,,243052,6,0,34 29 30,1,100,,243056,6,0,34 29 30,1,100,,243060,6,0,34 29 30,1,100,,243064,6,0,34 29 30,1,100,,243067,6,0,34 29 30,1,100,,243070,6,0,34 29 30,1,100,,243073,6,0,34 29 30,1,100,,243076,6,0,34 29 30,1,100,,243079,6,0,34 29 30,1,100,,243082,6,0,34 29 30,1,100,,243085,6,0,34 29 30,1,100,,243087,6,0,34 29 30,1,53,,243089,28,0,57 29 30,1,95,,243090,28,0,57 29 30,1,100,,243091,28,0,57 29 30,1,95,,243092,28,0,57 29 30,1,102,,243093,28,0,57 29 30,1,100,,243094,28,0,57 29 30,1
2100,'20261101',520,,243095,28,0,57 29 30,1,100,,243096,28,0,57 29 30,1,35,,243097,28,0,57 29 30,1,150,,243099,6,0,34 29 30,1,100,,243102,6,0,34 29 30,1,100,,243105,6,0,34 29 30,1,100,,243108,6,0,34 29 30,1,100,,243111,6,0,34 29 30,1,100,,243114,6,0,34 29 30,1,100,,243117,6,0,34 29 30,1,100,,243120,6,0,34 29 30,1,100,,243123,6,0,34 29 30,1,100,,243126,6,0,34 29 30,1,100,,243129,6,0,34 29 30,1,100,,243131,6,0,34 29 30,1,53,,243132,28,0,57 29 30,1,95,,243133,28,0,57 29 30,1,100,,243134,28,0,57 29 30,1,95,,243135,28,0,57 29 30,1,102,,243136,28,0,57 29 30,1,100,,243137,28,0,57 29 30,1
2100,'20261102',419,,243138,28,,,1,36,,243139,28,,,1,65,,243140,28,,,1,391,,243144,4,0,5 29 30,1,100,,243150,4,0,5 29 30,1,100,,243156,4,0,16 29 30,1,95,,243160,4,0,16 29 30,1,45,,243164,4,0,16 29 30,1,150,,243167,4,0,16 29 30,1,57,,243169,4,0,16 29 30,1,95,,243172,4,0,16 29 30,1,105,,243174,28,,,1,145,,243175,28,,,1,53,,243176,28,,,1,100,,243177,28,,,1,99,,243178,28,,,1,101,,243179,28,,,1,98,,243180,28,,,1,100,,243181,28,,,1,104,,243182,28,,,1
2100,'20261103',419,,243183,28,,,1,36,,243184,28,,,1,65,,243185,28,,,1,391,,243189,4,0,5 29 30,1,100,,243195,4,0,5 29 30,1,100,,243201,4,0,16 29 30,1,95,,243205,4,0,16 29 30,1,45,,243209,4,0,16 29 30,1,150,,243212,4,0,16 29 30,1,57,,243214,4,0,16 29 30,1,95,,243217,4,0,16 29 30,1,105,,243219,28,,,1,145,,243220,28,,,1,53,,243221,28,,,1,100,,243222,28,,,1,99,,243223,28,,,1,101,,243224,28,,,1,98,,243225,28,,,1,100,,243226,28,,,1,104,,243227,28,,,1
2100,'20261104',419,,243228,28,,,1,36,,243229,28,,,1,65,,243230,28,,,1,391,,243234,4,0,5 29 30,1,100,,243240,4,0,5 29 30,1,100,,243246,4,0,16 29 30,1,95,,243250,4,0,16 29 30,1,45,,243254,4,0,16 29 30,1,150,,243257,4,0,16 29 30,1,57,,243259,4,0,16 29 30,1,95,,243262,4,0,16 29 30,1,105,,243264,28,,,1,145,,243265,28,,,1,53,,243266,28,,,1,100,,243267,28,,,1,99,,243268,28,,,1,101,,243269,28,,,1,98,,243270,28,,,1,100,,243271,28,,,1,104,,243272,28,,,1
2100,'20261105',419,,243273,28,,,1,36,,243274,28,,,1,65,,243275,28,,,1,391,,243279,4,0,5 29 30,1,100,,243285,4,0,5 29 30,1,100,,243291,4,0,16 29 30,1,95,,243295,4,0,16 29 30,1,45,,243299,4,0,16 29 30,1,150,,243302,4,0,16 29 30,1,57,,243304,4,0,16 29 30,1,95,,243307,4,0,16 29 30,1,105,,243309,28,,,1,145,,243310,28,,,1,53,,243311,28,,,1,100,,243312,28,,,1,99,,243313,28,,,1,101,,243314,28,,,1,98,,243315,28,,,1,100,,243316,28,,,1,104,,243317,28,,,1
2100,'20261106',419,,243318,28,,,1,36,,243319,28,,,1,65,,243320,28,,,1,391,,243324,4,0,5 29 30,1,100,,243330,4,0,5 29 30,1,100,,243336,4,0,16 29 30,1,95,,243340,4,0,16 29 30,1,45,,243344,4,0,16 29 30,1,150,,243347,4,0,16 29 30,1,57,,243349,4,0,16 29 30,1,95,,243352,4,0,16 29 30,1,105,,243354,28,,,1,145,,243355,28,,,1,53,,243356,28,,,1,100,,243357,28,,,1,99,,243358,28,,,1,101,,243359,28,,,1,98,,243360,28,,,1,100,,243361,28,,,1,104,,243362,28,,,1
2100,'20261107',520,,243363,28,0,57 29 30,1,100,,243364,28,0,57 29 30,1,35,,243365,28,0,57 29 30,1,150,,243368,6,0,34 29 30,1,100,,243372,6,0,34 29 30,1,100,,243376,6,0,34 29 30,1,100,,243380,6,0,34 29 30,1,100,,243383,6,0,34 29 30,1,100,,243386,6,0,34 29 30,1,100,,243389,6,0,34 29 30,1,100,,243392,6,0,34 29 30,1,100,,243395,6,0,34 29 30,1,100,,243398,6,0,34 29 30,1,100,,243401,6,0,34 29 30,1,100,,243403,6,0,34 29 30,1,53,,243405,28,0,57 29 30,1,95,,243406,28,0,57 29 30,1,100,,243407,28,0,57 29 30,1,95,,243408,28,0,57 29 30,1,102,,243409,28,0,57 29 30,1,100,,243410,28,0,57 29 30,1
2100,'20261108',520,,243411,28,0,57 29 30,1,100,,243412,28,0,57 29 30,1,35,,243413,28,0,57 29 30,1,150,,243415,6,0,34 29 30,1,100,,243418,6,0,34 29 30,1,100,,243421,6,0,34 29 30,1,100,,243424,6,0,34 29 30,1,100,,243427,6,0,34 29 30,1,100,,243430,6,0,34 29 30,1,100,,243433,6,0,34 29 30,1,100,,243436,6,0,34 29 30,1,100,,243439,6,0,34 29 30,1,100,,243442,6,0,34 29 30,1,100,,243445,6,0,34 29 30,1,100,,243447,6,0,34 29 30,1,53,,243448,28,0,57 29 30,1,95,,243449,28,0,57 29 30,1,100,,243450,28,0,57 29 30,1,95,,243451,28,0,57 29 30,1,102,,243452,28,0,57 29 30,1,100,,243453,28,0,57 29 30,1
2100,'20261109',419,,243454,28,,,1,36,,243455,28,,,1,65,,243456,28,,,1,391,,243460,4,0,5 29 30,1,100,,243466,4,0,5 29 30,1,100,,243472,4,0,16 29 30,1,95,,243476,4,0,16 29 30,1,45,,243480,4,0,16 29 30,1,150,,243483,4,0,16 29 30,1,57,,243485,4,0,16 29 30,1,95,,243488,4,0,16 29 30,1,105,,243490,28,,,1,145,,243491,28,,,1,53,,243492,28,,,1,100,,243493,28,,,1,99,,243494,28,,,1,101,,243495,28,,,1,98,,243496,28,,,1,100,,243497,28,,,1,104,,243498,28,,,1
2100,'20261110',419,,243499,28,,,1,36,,243500,28,,,1,65,,243501,28,,,1,391,,243505,4,0,5 29 30,1,100,,243511,4,0,5 29 30,1,100,,243517,4,0,16 29 30,1,95,,243521,4,0,16 29 30,1,45,,243525,4,0,16 29 30,1,150,,243528,4,0,16 29 30,1,57,,243530,4,0,16 29 30,1,95,,243533,4,0,16 29 30,1,105,,243535,28,,,1,145,,243536,28,,,1,53,,243537,28,,,1,100,,243538,28,,,1,99,,243539,28,,,1,101,,243540,28,,,1,98,,243541,28,,,1,100,,243542,28,,,1,104,,243543,28,,,1
2100,'20261111',419,,243544,28,,,1,36,,243545,28,,,1,65,,243546,28,,,1,391,,243550,4,0,5 29 30,1,100,,243556,4,0,5 29 30,1,100,,243562,4,0,16 29 30,1,95,,243566,4,0,16 29 30,1,45,,243570,4,0,16 29 30,1,150,,243573,4,0,16 29 30,1,57,,243575,4,0,16 29 30,1,95,,243578,4,0,16 29 30,1,105,,243580,28,,,1,145,,243581,28,,,1,53,,243582,28,,,1,100,,243583,28,,,1,99,,243584,28,,,1,101,,243585,28,,,1,98,,243586,28,,,1,100,,243587,28,,,1,104,,243588,28,,,1
2100,'20261112',419,,243589,28,,,1,36,,243590,28,,,1,65,,243591,28,,,1,391,,243595,4,0,5 29 30,1,100,,243601,4,0,5 29 30,1,100,,243607,4,0,16 29 30,1,95,,243611,4,0,16 29 30,1,45,,243615,4,0,16 29 30,1,150,,243618,4,0,16 29 30,1,57,,243620,4,0,16 29 30,1,95,,243623,4,0,16 29 30,1,105,,243625,28,,,1,145,,243626,28,,,1,53,,243627,28,,,1,100,,243628,28,,,1,99,,243629,28,,,1,101,,243630,28,,,1,98,,243631,28,,,1,100,,243632,28,,,1,104,,243633,28,,,1
2100,'20261113',419,,243634,28,,,1,36,,243635,28,,,1,65,,243636,28,,,1,391,,243640,4,0,5 29 30,1,100,,243646,4,0,5 29 30,1,100,,243652,4,0,16 29 30,1,95,,243656,4,0,16 29 30,1,45,,243660,4,0,16 29 30,1,150,,243663,4,0,16 29 30,1,57,,243665,4,0,16 29 30,1,95,,243668,4,0,16 29 30,1,105,,243670,28,,,1,145,,243671,28,,,1,53,,243672,28,,,1,100,,243673,28,,,1,99,,243674,28,,,1,101,,243675,28,,,1,98,,243676,28,,,1,100,,243677,28,,,1,104,,243678,28,,,1
2100,'20261114',520,,243679,28,0,57 29 30,1,100,,243680,28,0,57 29 30,1,35,,243681,28,0,57 29 30,1,150,,243684,6,0,34 29 30,1,100,,243688,6,0,34 29 30,1,100,,243692,6,0,34 29 30,1,100,,243696,6,0,34 29 30,1,100,,243699,6,0,34 29 30,1,100,,243702,6,0,34 29 30,1,100,,243705,6,0,34 29 30,1,100,,243708,6,0,34 29 30,1,100,,243711,6,0,34 29 30,1,100,,243714,6,0,34 29 30,1,100,,243717,6,0,34 29 30,1,100,,243719,6,0,34 29 30,1,53,,243721,28,0,57 29 30,1,95,,243722,28,0,57 29 30,1,100,,243723,28,0,57 29 30,1,95,,243724,28,0,57 29 30,1,102,,243725,28,0,57 29 30,1,100,,243726,28,0,57 29 30,1
2100,'20261115',520,,243727,28,0,57 29 30,1,100,,243728,28,0,57 29 30,1,35,,243729,28,0,57 29 30,1,150,,243731,6,0,34 29 30,1,100,,243734,6,0,34 29 30,1,100,,243737,6,0,34 29 30,1,100,,243740,6,0,34 29 30,1,100,,243743,6,0,34 29 30,1,100,,243746,6,0,34 29 30,1,100,,243749,6,0,34 29 30,1,100,,243752,6,0,34 29 30,1,100,,243755,6,0,34 29 30,1,100,,243758,6,0,34 29 30,1,100,,243761,6,0,34 29 30,1,100,,243763,6,0,34 29 30,1,53,,243764,28,0,57 29 30,1,95,,243765,28,0,57 29 30,1,100,,243766,28,0,57 29 30,1,95,,243767,28,0,57 29 30,1,102,,243768,28,0,57 29 30,1,100,,243769,28,0,57 29 30,1
2100,'20261116',419,,243770,28,,,1,36,,243771,28,,,1,65,,243772,28,,,1,391,,243776,4,0,5 29 30,1,100,,243782,4,0,5 29 30,1,100,,243788,4,0,16 29 30,1,95,,243792,4,0,16 29 30,1,45,,243796,4,0,16 29 30,1,150,,243799,4,0,16 29 30,1,57,,243801,4,0,16 29 30,1,95,,243804,4,0,16 29 30,1,105,,243806,28,,,1,145,,243807,28,,,1,53,,243808,28,,,1,100,,243809,28,,,1,99,,243810,28,,,1,101,,243811,28,,,1,98,,243812,28,,,1,100,,243813,28,,,1,104,,243814,28,,,1
2100,'20261117',419,,243815,28,,,1,36,,243816,28,,,1,65,,243817,28,,,1,391,,243821,4,0,5 29 30,1,100,,243827,4,0,5 29 30,1,100,,243833,4,0,16 29 30,1,95,,243837,4,0,16 29 30,1,45,,243841,4,0,16 29 30,1,150,,243844,4,0,16 29 30,1,57,,243846,4,0,16 29 30,1,95,,243849,4,0,16 29 30,1,105,,243851,28,,,1,145,,243852,28,,,1,53,,243853,28,,,1,100,,243854,28,,,1,99,,243855,28,,,1,101,,243856,28,,,1,98,,243857,28,,,1,100,,243858,28,,,1,104,,243859,28,,,1
2100,'20261118',419,,243860,28,,,1,36,,243861,28,,,1,65,,243862,28,,,1,391,,243866,4,0,5 29 30,1,100,,243872,4,0,5 29 30,1,100,,243878,4,0,16 29 30,1,95,,243882,4,0,16 29 30,1,45,,243886,4,0,16 29 30,1,150,,243889,4,0,16 29 30,1,57,,243891,4,0,16 29 30,1,95,,243894,4,0,16 29 30,1,105,,243896,28,,,1,145,,243897,28,,,1,53,,243898,28,,,1,100,,243899,28,,,1,99,,243900,28,,,1,101,,243901,28,,,1,98,,243902,28,,,1,100,,243903,28,,,1,104,,243904,28,,,1
2100,'20261119',419,,243905,28,,,1,36,,243906,28,,,1,65,,243907,28,,,1,391,,243911,4,0,5 29 30,1,100,,243917,4,0,5 29 30,1,100,,243923,4,0,16 29 30,1,95,,243927,4,0,16 29 30,1,45,,243931,4,0,16 29 30,1,150,,243934,4,0,16 29 30,1,57,,243936,4,0,16 29 30,1,95,,243939,4,0,16 29 30,1,105,,243941,28,,,1,145,,243942,28,,,1,53,,243943,28,,,1,100,,243944,28,,,1,99,,243945,28,,,1,101,,243946,28,,,1,98,,243947,28,,,1,100,,243948,28,,,1,104,,243949,28,,,1
2100,'20261120',419,,243950,28,,,1,36,,243951,28,,,1,65,,243952,28,,,1,391,,243956,4,0,5 29 30,1,100,,243962,4,0,5 29 30,1,100,,243968,4,0,16 29 30,1,95,,243972,4,0,16 29 30,1,45,,243976,4,0,16 29 30,1,150,,243979,4,0,16 29 30,1,57,,243981,4,0,16 29 30,1,95,,243984,4,0,16 29 30,1,105,,243986,28,,,1,145,,243987,28,,,1,53,,243988,28,,,1,100,,243989,28,,,1,99,,243990,28,,,1,101,,243991,28,,,1,98,,243992,28,,,1,100,,243993,28,,,1,104,,243994,28,,,1
2100,'20261121',520,,243995,28,0,57 29 30,1,100,,243996,28,0,57 29 30,1,35,,243997,28,0,57 29 30,1,150,,244000,6,0,34 29 30,1,100,,244004,6,0,34 29 30,1,100,,244008,6,0,34 29 30,1,100,,244012,6,0,34 29 30,1,100,,244015,6,0,34 29 30,1,100,,244018,6,0,34 29 30,1,100,,244021,6,0,34 29 30,1,100,,244024,6,0,34 29 30,1,100,,244027,6,0,34 29 30,1,100,,244030,6,0,34 29 30,1,100,,244033,6,0,34 29 30,1,100,,244035,6,0,34 29 30,1,53,,244037,28,0,57 29 30,1,95,,244038,28,0,57 29 30,1,100,,244039,28,0,57 29 30,1,95,,244040,28,0,57 29 30,1,102,,244041,28,0,57 29 30,1,100,,244042,28,0,57 29 30,1
2100,'20261122',520,,244043,28,0,57 29 30,1,100,,244044,28,0,57 29 30,1,35,,244045,28,0,57 29 30,1,150,,244047,6,0,34 29 30,1,100,,244050,6,0,34 29 30,1,100,,244053,6,0,34 29 30,1,100,,244056,6,0,34 29 30,1,100,,244059,6,0,34 29 30,1,100,,244062,6,0,34 29 30,1,100,,244065,6,0,34 29 30,1,100,,244068,6,0,34 29 30,1,100,,244071,6,0,34 29 30,1,100,,244074,6,0,34 29 30,1,100,,244077,6,0,34 29 30,1,100,,244079,6,0,34 29 30,1,53,,244080,28,0,57 29 30,1,95,,244081,28,0,57 29 30,1,100,,244082,28,0,57 29 30,1,95,,244083,28,0,57 29 30,1,102,,244084,28,0,57 29 30,1,100,,244085,28,0,57 29 30,1
2100,'20261123',419,,244086,28,,,1,36,,244087,28,,,1,65,,244088,28,,,1,391,,244092,4,0,5 29 30,1,100,,244098,4,0,5 29 30,1,100,,244104,4,0,16 29 30,1,95,,244108,4,0,16 29 30,1,45,,244112,4,0,16 29 30,1,150,,244115,4,0,16 29 30,1,57,,244117,4,0,16 29 30,1,95,,244120,4,0,16 29 30,1,105,,244122,28,,,1,145,,244123,28,,,1,53,,244124,28,,,1,100,,244125,28,,,1,99,,244126,28,,,1,101,,244127,28,,,1,98,,244128,28,,,1,100,,244129,28,,,1,104,,244130,28,,,1
2100,'20261124',419,,244131,28,,,1,36,,244132,28,,,1,65,,244133,28,,,1,391,,244137,4,0,5 29 30,1,100,,244143,4,0,5 29 30,1,100,,244149,4,0,16 29 30,1,95,,244153,4,0,16 29 30,1,45,,244157,4,0,16 29 30,1,150,,244160,4,0,16 29 30,1,57,,244162,4,0,16 29 30,1,95,,244165,4,0,16 29 30,1,105,,244167,28,,,1,145,,244168,28,,,1,53,,244169,28,,,1,100,,244170,28,,,1,99,,244171,28,,,1,101,,244172,28,,,1,98,,244173,28,,,1,100,,244174,28,,,1,104,,244175,28,,,1
2100,'20261125',419,,244176,28,,,1,36,,244177,28,,,1,65,,244178,28,,,1,391,,244182,4,0,5 29 30,1,100,,244188,4,0,5 29 30,1,100,,244194,4,0,16 29 30,1,95,,244198,4,0,16 29 30,1,45,,244202,4,0,16 29 30,1,150,,244205,4,0,16 29 30,1,57,,244207,4,0,16 29 30,1,95,,244210,4,0,16 29 30,1,105,,244212,28,,,1,145,,244213,28,,,1,53,,244214,28,,,1,100,,244215,28,,,1,99,,244216,28,,,1,101,,244217,28,,,1,98,,244218,28,,,1,100,,244219,28,,,1,104,,244220,28,,,1
2100,'20261126',419,,244221,28,,,1,36,,244222,28,,,1,65,,244223,28,,,1,391,,244227,4,0,5 29 30,1,100,,244233,4,0,5 29 30,1,100,,244239,4,0,16 29 30,1,95,,244243,4,0,16 29 30,1,45,,244247,4,0,16 29 30,1,150,,244250,4,0,16 29 30,1,57,,244252,4,0,16 29 30,1,95,,244255,4,0,16 29 30,1,105,,244257,28,,,1,145,,244258,28,,,1,53,,244259,28,,,1,100,,244260,28,,,1,99,,244261,28,,,1,101,,244262,28,,,1,98,,244263,28,,,1,100,,244264,28,,,1,104,,244265,28,,,1
2100,'20261127',419,,244266,28,,,1,36,,244267,28,,,1,65,,244268,28,,,1,391,,244272,4,0,5 29 30,1,100,,244278,4,0,5 29 30,1,100,,244284,4,0,16 29 30,1,95,,244288,4,0,16 29 30,1,45,,244292,4,0,16 29 30,1,150,,244295,4,0,16 29 30,1,57,,244297,4,0,16 29 30,1,95,,244300,4,0,16 29 30,1,105,,244302,28,,,1,145,,244303,28,,,1,53,,244304,28,,,1,100,,244305,28,,,1,99,,244306,28,,,1,101,,244307,28,,,1,98,,244308,28,,,1,100,,244309,28,,,1,104,,244310,28,,,1
