5201,'20260831',631,,197758,4,0,7 20 39,1
5201,'20260901',631,,197759,4,0,7 20 39,1
5201,'20260902',631,,197760,4,0,7 20 39,1
5201,'20260903',631,,197761,4,0,7 20 39,1
5201,'20260904',631,,197762,4,0,7 20 39,1
5201,'20260905',631,,306727,4,,,1,195,,306728,4,,,1,195,,306729,4,,,1,100,,306730,4,,,1,100,,306731,4,,,1,100,,306732,4,,,1,100,,306733,4,,,1,100,,306734,4,,,1,100,,306735,4,,,1,105,,306736,4,,,1,100,,306737,4,,,1,100,,306738,4,,,1,200,,306739,4,,,1
5201,'20260906',631,,306740,4,,,1,195,,306741,4,,,1,195,,306742,4,,,1,100,,306743,4,,,1,100,,306744,4,,,1,100,,306745,4,,,1,100,,306746,4,,,1,100,,306747,4,,,1,100,,306748,4,,,1,105,,306749,4,,,1,100,,306750,4,,,1,100,,306751,4,,,1,200,,306752,4,,,1
5201,'20260907',631,,306753,4,,,1,195,,306754,4,,,1,195,,306755,4,,,1,100,,306756,4,,,1,100,,306757,4,,,1,100,,306758,4,,,1,100,,306759,4,,,1,100,,306760,4,,,1,100,,306761,4,,,1,105,,306762,4,,,1,100,,306763,4,,,1,100,,306764,4,,,1,200,,306765,4,,,1
5201,'20260908',631,,306766,4,0,7 20 39,1,70,,306767,4,0,7 20 39,1,30,,306768,4,0,7 20 39,1
5201,'20260909',631,,306769,4,0,7 20 39,1,70,,306770,4,0,7 20 39,1,30,,306771,4,0,7 20 39,1
5201,'20260910',631,,306772,4,0,7 20 39,1,70,,306773,4,0,7 20 39,1,30,,306774,4,0,7 20 39,1
5201,'20260911',631,,306775,4,0,7 20 39,1,70,,306776,4,0,7 20 39,1,30,,306777,4,0,7 20 39,1
5201,'20260912',631,,306778,4,,,1,195,,306779,4,,,1,195,,306780,4,,,1,100,,306781,4,,,1,100,,306782,4,,,1,100,,306783,4,,,1,100,,306784,4,,,1,100,,306785,4,,,1,100,,306786,4,,,1,105,,306787,4,,,1,100,,306788,4,,,1,100,,306789,4,,,1,200,,306790,4,,,1
5201,'20260913',631,,306791,4,,,1,195,,306792,4,,,1,195,,306793,4,,,1,100,,306794,4,,,1,100,,306795,4,,,1,100,,306796,4,,,1,100,,306797,4,,,1,100,,306798,4,,,1,100,,306799,4,,,1,105,,306800,4,,,1,100,,306801,4,,,1,100,,306802,4,,,1,200,,306803,4,,,1
5201,'20260914',631,,306804,4,0,7 20 39,1,70,,306805,4,0,7 20 39,1,30,,306806,4,0,7 20 39,1
5201,'20260915',631,,306807,4,0,7 20 39,1,70,,306808,4,0,7 20 39,1,30,,306809,4,0,7 20 39,1
5201,'20260916',631,,306810,4,0,7 20 39,1,70,,306811,4,0,7 20 39,1,30,,306812,4,0,7 20 39,1
5201,'20260917',631,,306813,4,0,7 20 39,1,70,,306814,4,0,7 20 39,1,30,,306815,4,0,7 20 39,1
5201,'20260918',631,,306816,4,0,7 20 39,1,70,,306817,4,0,7 20 39,1,30,,306818,4,0,7 20 39,1
5201,'20260919',631,,306819,4,,,1,195,,306820,4,,,1,195,,306821,4,,,1,100,,306822,4,,,1,100,,306823,4,,,1,100,,306824,4,,,1,100,,306825,4,,,1,100,,306826,4,,,1,100,,306827,4,,,1,105,,306828,4,,,1,100,,306829,4,,,1,100,,306830,4,,,1,200,,306831,4,,,1
5201,'20260920',631,,306832,4,,,1,195,,306833,4,,,1,195,,306834,4,,,1,100,,306835,4,,,1,100,,306836,4,,,1,100,,306837,4,,,1,100,,306838,4,,,1,100,,306839,4,,,1,100,,306840,4,,,1,105,,306841,4,,,1,100,,306842,4,,,1,100,,306843,4,,,1,200,,306844,4,,,1
5201,'20260921',631,,306845,4,0,7 20 39,1,70,,306846,4,0,7 20 39,1,30,,306847,4,0,7 20 39,1
5201,'20260922',631,,306848,4,0,7 20 39,1,70,,306849,4,0,7 20 39,1,30,,306850,4,0,7 20 39,1
5201,'20260923',631,,306851,4,0,7 20 39,1,70,,306852,4,0,7 20 39,1,30,,306853,4,0,7 20 39,1
5201,'20260924',631,,306854,4,0,7 20 39,1,70,,306855,4,0,7 20 39,1,30,,306856,4,0,7 20 39,1
5201,'20260925',631,,306857,4,0,7 20 39,1,70,,306858,4,0,7 20 39,1,30,,306859,4,0,7 20 39,1
5201,'20260926',631,,306860,4,,,1,195,,306861,4,,,1,195,,306862,4,,,1,100,,306863,4,,,1,100,,306864,4,,,1,100,,306865,4,,,1,100,,306866,4,,,1,100,,306867,4,,,1,100,,306868,4,,,1,105,,306869,4,,,1,100,,306870,4,,,1,100,,306871,4,,,1,200,,306872,4,,,1
5201,'20260927',631,,306873,4,,,1,195,,306874,4,,,1,195,,306875,4,,,1,100,,306876,4,,,1,100,,306877,4,,,1,100,,306878,4,,,1,100,,306879,4,,,1,100,,306880,4,,,1,100,,306881,4,,,1,105,,306882,4,,,1,100,,306883,4,,,1,100,,306884,4,,,1,200,,306885,4,,,1
5201,'20260928',631,,306886,4,0,7 20 39,1,70,,306887,4,0,7 20 39,1,30,,306888,4,0,7 20 39,1
5201,'20260929',631,,306889,4,0,7 20 39,1,70,,306890,4,0,7 20 39,1,30,,306891,4,0,7 20 39,1
5201,'20260930',631,,306892,4,0,7 20 39,1,70,,306893,4,0,7 20 39,1,30,,306894,4,0,7 20 39,1
5201,'20261001',631,,306895,4,0,7 20 39,1,70,,306896,4,0,7 20 39,1,30,,306897,4,0,7 20 39,1
5201,'20261002',631,,306898,4,0,7 20 39,1,70,,306899,4,0,7 20 39,1,30,,306900,4,0,7 20 39,1
5201,'20261003',631,,306901,4,,,1,195,,306902,4,,,1,195,,306903,4,,,1,100,,306904,4,,,1,100,,306905,4,,,1,100,,306906,4,,,1,100,,306907,4,,,1,100,,306908,4,,,1,100,,306909,4,,,1,105,,306910,4,,,1,100,,306911,4,,,1,100,,306912,4,,,1,200,,306913,4,,,1
5201,'20261004',631,,306914,4,,,1,195,,306915,4,,,1,195,,306916,4,,,1,100,,306917,4,,,1,100,,306918,4,,,1,100,,306919,4,,,1,100,,306920,4,,,1,100,,306921,4,,,1,100,,306922,4,,,1,105,,306923,4,,,1,100,,306924,4,,,1,100,,306925,4,,,1,200,,306926,4,,,1
5201,'20261005',631,,306927,4,0,7 20 39,1,70,,306928,4,0,7 20 39,1,30,,306929,4,0,7 20 39,1
5201,'20261006',631,,306930,4,0,7 20 39,1,70,,306931,4,0,7 20 39,1,30,,306932,4,0,7 20 39,1
5201,'20261007',631,,306933,4,0,7 20 39,1,70,,306934,4,0,7 20 39,1,30,,306935,4,0,7 20 39,1
5201,'20261008',631,,306936,4,0,7 20 39,1,70,,306937,4,0,7 20 39,1,30,,306938,4,0,7 20 39,1
5201,'20261009',631,,306939,4,0,7 20 39,1,70,,306940,4,0,7 20 39,1,30,,306941,4,0,7 20 39,1
5201,'20261010',631,,306942,4,,,1,195,,306943,4,,,1,195,,306944,4,,,1,100,,306945,4,,,1,100,,306946,4,,,1,100,,306947,4,,,1,100,,306948,4,,,1,100,,306949,4,,,1,100,,306950,4,,,1,105,,306951,4,,,1,100,,306952,4,,,1,100,,306953,4,,,1,200,,306954,4,,,1
5201,'20261011',631,,306955,4,,,1,195,,306956,4,,,1,195,,306957,4,,,1,100,,306958,4,,,1,100,,306959,4,,,1,100,,306960,4,,,1,100,,306961,4,,,1,100,,306962,4,,,1,100,,306963,4,,,1,105,,306964,4,,,1,100,,306965,4,,,1,100,,306966,4,,,1,200,,306967,4,,,1
5201,'20261012',631,,306968,4,,,1,195,,306969,4,,,1,195,,306970,4,,,1,100,,306971,4,,,1,100,,306972,4,,,1,100,,306973,4,,,1,100,,306974,4,,,1,100,,306975,4,,,1,100,,306976,4,,,1,105,,306977,4,,,1,100,,306978,4,,,1,100,,306979,4,,,1,200,,306980,4,,,1
5201,'20261013',631,,306981,4,0,7 20 39,1,70,,306982,4,0,7 20 39,1,30,,306983,4,0,7 20 39,1
5201,'20261014',631,,306984,4,0,7 20 39,1,70,,306985,4,0,7 20 39,1,30,,306986,4,0,7 20 39,1
5201,'20261015',631,,306987,4,0,7 20 39,1,70,,306988,4,0,7 20 39,1,30,,306989,4,0,7 20 39,1
5201,'20261016',631,,306990,4,0,7 20 39,1,70,,306991,4,0,7 20 39,1,30,,306992,4,0,7 20 39,1
5201,'20261017',631,,306993,4,,,1,195,,306994,4,,,1,195,,306995,4,,,1,100,,306996,4,,,1,100,,306997,4,,,1,100,,306998,4,,,1,100,,306999,4,,,1,100,,307000,4,,,1,100,,307001,4,,,1,105,,307002,4,,,1,100,,307003,4,,,1,100,,307004,4,,,1,200,,307005,4,,,1
5201,'20261018',631,,307006,4,,,1,195,,307007,4,,,1,195,,307008,4,,,1,100,,307009,4,,,1,100,,307010,4,,,1,100,,307011,4,,,1,100,,307012,4,,,1,100,,307013,4,,,1,100,,307014,4,,,1,105,,307015,4,,,1,100,,307016,4,,,1,100,,307017,4,,,1,200,,307018,4,,,1
5201,'20261019',631,,307019,4,0,7 20 39,1,70,,307020,4,0,7 20 39,1,30,,307021,4,0,7 20 39,1
5201,'20261020',631,,307022,4,0,7 20 39,1,70,,307023,4,0,7 20 39,1,30,,307024,4,0,7 20 39,1
5201,'20261021',631,,307025,4,0,7 20 39,1,70,,307026,4,0,7 20 39,1,30,,307027,4,0,7 20 39,1
5201,'20261022',631,,307028,4,0,7 20 39,1,70,,307029,4,0,7 20 39,1,30,,307030,4,0,7 20 39,1
5201,'20261023',631,,307031,4,0,7 20 39,1,70,,307032,4,0,7 20 39,1,30,,307033,4,0,7 20 39,1
5201,'20261024',631,,307034,4,,,1,195,,307035,4,,,1,195,,307036,4,,,1,100,,307037,4,,,1,100,,307038,4,,,1,100,,307039,4,,,1,100,,307040,4,,,1,100,,307041,4,,,1,100,,307042,4,,,1,105,,307043,4,,,1,100,,307044,4,,,1,100,,307045,4,,,1,200,,307046,4,,,1
5201,'20261025',631,,307047,4,,,1,195,,307048,4,,,1,195,,307049,4,,,1,100,,307050,4,,,1,100,,307051,4,,,1,100,,307052,4,,,1,100,,307053,4,,,1,100,,307054,4,,,1,100,,307055,4,,,1,105,,307056,4,,,1,100,,307057,4,,,1,100,,307058,4,,,1,200,,307059,4,,,1
5201,'20261026',631,,307060,4,0,7 20 39,1,70,,307061,4,0,7 20 39,1,30,,307062,4,0,7 20 39,1
5201,'20261027',631,,307063,4,0,7 20 39,1,70,,307064,4,0,7 20 39,1,30,,307065,4,0,7 20 39,1
5201,'20261028',631,,307066,4,0,7 20 39,1,70,,307067,4,0,7 20 39,1,30,,307068,4,0,7 20 39,1
5201,'20261029',631,,307069,4,0,7 20 39,1,70,,307070,4,0,7 20 39,1,30,,307071,4,0,7 20 39,1
5201,'20261030',631,,307072,4,0,7 20 39,1,70,,307073,4,0,7 20 39,1,30,,307074,4,0,7 20 39,1
5201,'20261031',631,,307075,4,,,1,195,,307076,4,,,1,195,,307077,4,,,1,100,,307078,4,,,1,100,,307079,4,,,1,100,,307080,4,,,1,100,,307081,4,,,1,100,,307082,4,,,1,100,,307083,4,,,1,105,,307084,4,,,1,100,,307085,4,,,1,100,,307086,4,,,1,200,,307087,4,,,1
5201,'20261101',631,,307088,4,,,1,195,,307089,4,,,1,195,,307090,4,,,1,100,,307091,4,,,1,100,,307092,4,,,1,100,,307093,4,,,1,100,,307094,4,,,1,100,,307095,4,,,1,100,,307096,4,,,1,105,,307097,4,,,1,100,,307098,4,,,1,100,,307099,4,,,1,200,,307100,4,,,1
5201,'20261102',631,,307101,4,0,7 20 39,1,70,,307102,4,0,7 20 39,1,30,,307103,4,0,7 20 39,1
5201,'20261103',631,,307104,4,0,7 20 39,1,70,,307105,4,0,7 20 39,1,30,,307106,4,0,7 20 39,1
5201,'20261104',631,,307107,4,0,7 20 39,1,70,,307108,4,0,7 20 39,1,30,,307109,4,0,7 20 39,1
5201,'20261105',631,,307110,4,0,7 20 39,1,70,,307111,4,0,7 20 39,1,30,,307112,4,0,7 20 39,1
5201,'20261106',631,,307113,4,0,7 20 39,1,70,,307114,4,0,7 20 39,1,30,,307115,4,0,7 20 39,1
5201,'20261107',631,,307116,4,,,1,195,,307117,4,,,1,195,,307118,4,,,1,100,,307119,4,,,1,100,,307120,4,,,1,100,,307121,4,,,1,100,,307122,4,,,1,100,,307123,4,,,1,100,,307124,4,,,1,105,,307125,4,,,1,100,,307126,4,,,1,100,,307127,4,,,1,200,,307128,4,,,1
5201,'20261108',631,,307129,4,,,1,195,,307130,4,,,1,195,,307131,4,,,1,100,,307132,4,,,1,100,,307133,4,,,1,100,,307134,4,,,1,100,,307135,4,,,1,100,,307136,4,,,1,100,,307137,4,,,1,105,,307138,4,,,1,100,,307139,4,,,1,100,,307140,4,,,1,200,,307141,4,,,1
5201,'20261109',631,,307142,4,0,7 20 39,1,70,,307143,4,0,7 20 39,1,30,,307144,4,0,7 20 39,1
5201,'20261110',631,,307145,4,0,7 20 39,1,70,,307146,4,0,7 20 39,1,30,,307147,4,0,7 20 39,1
5201,'20261111',631,,307148,4,0,7 20 39,1,70,,307149,4,0,7 20 39,1,30,,307150,4,0,7 20 39,1
5201,'20261112',631,,307151,4,0,7 20 39,1,70,,307152,4,0,7 20 39,1,30,,307153,4,0,7 20 39,1
5201,'20261113',631,,307154,4,0,7 20 39,1,70,,307155,4,0,7 20 39,1,30,,307156,4,0,7 20 39,1
5201,'20261114',631,,307157,4,,,1,195,,307158,4,,,1,195,,307159,4,,,1,100,,307160,4,,,1,100,,307161,4,,,1,100,,307162,4,,,1,100,,307163,4,,,1,100,,307164,4,,,1,100,,307165,4,,,1,105,,307166,4,,,1,100,,307167,4,,,1,100,,307168,4,,,1,200,,307169,4,,,1
5201,'20261115',631,,307170,4,,,1,195,,307171,4,,,1,195,,307172,4,,,1,100,,307173,4,,,1,100,,307174,4,,,1,100,,307175,4,,,1,100,,307176,4,,,1,100,,307177,4,,,1,100,,307178,4,,,1,105,,307179,4,,,1,100,,307180,4,,,1,100,,307181,4,,,1,200,,307182,4,,,1
5201,'20261116',631,,307183,4,0,7 20 39,1,70,,307184,4,0,7 20 39,1,30,,307185,4,0,7 20 39,1
5201,'20261117',631,,307186,4,0,7 20 39,1,70,,307187,4,0,7 20 39,1,30,,307188,4,0,7 20 39,1
5201,'20261118',631,,307189,4,0,7 20 39,1,70,,307190,4,0,7 20 39,1,30,,307191,4,0,7 20 39,1
5201,'20261119',631,,307192,4,0,7 20 39,1,70,,307193,4,0,7 20 39,1,30,,307194,4,0,7 20 39,1
5201,'20261120',631,,307195,4,0,7 20 39,1,70,,307196,4,0,7 20 39,1,30,,307197,4,0,7 20 39,1
5201,'20261121',631,,307198,4,,,1,195,,307199,4,,,1,195,,307200,4,,,1,100,,307201,4,,,1,100,,307202,4,,,1,100,,307203,4,,,1,100,,307204,4,,,1,100,,307205,4,,,1,100,,307206,4,,,1,105,,307207,4,,,1,100,,307208,4,,,1,100,,307209,4,,,1,200,,307210,4,,,1
5201,'20261122',631,,307211,4,,,1,195,,307212,4,,,1,195,,307213,4,,,1,100,,307214,4,,,1,100,,307215,4,,,1,100,,307216,4,,,1,100,,307217,4,,,1,100,,307218,4,,,1,100,,307219,4,,,1,105,,307220,4,,,1,100,,307221,4,,,1,100,,307222,4,,,1,200,,307223,4,,,1
5201,'20261123',631,,307224,4,0,7 20 39,1,70,,307225,4,0,7 20 39,1,30,,307226,4,0,7 20 39,1
5201,'20261124',631,,307227,4,0,7 20 39,1,70,,307228,4,0,7 20 39,1,30,,307229,4,0,7 20 39,1
5201,'20261125',631,,307230,4,0,7 20 39,1,70,,307231,4,0,7 20 39,1,30,,307232,4,0,7 20 39,1
5201,'20261126',631,,307233,4,0,7 20 39,1,70,,307234,4,0,7 20 39,1,30,,307235,4,0,7 20 39,1
5201,'20261127',631,,307236,4,0,7 20 39,1,70,,307237,4,0,7 20 39,1,30,,307238,4,0,7 20 39,1
5601,'20260831',349,,201865,4,,,1,95,,201867,4,,,1,70,,201869,4,,,1,25,,201871,4,,,1,67,,201872,4,,,1,30,,201873,4,,,1,75,,201874,4,,,1,25,,201875,4,,,1,70,,201876,4,,,1,35,,201877,4,,,1,70,,201878,4,,,1,30,,201879,4,,,1,70,,201880,4,,,1,30,,201881,4,,,1,65,,201882,4,,,1,30,,201883,4,,,1,70,,201884,4,,,1,30,,201885,4,,,1,70,,201886,4,,,1,30,,201887,4,,,1,75,,201888,4,,,1,20,,201889,4,,,1,70,,201890,4,,,1,30,,201891,4,,,1,15,,201892,4,0,7 40 41,1,55,,201893,4,,,1,30,,201894,4,,,1,15,,201895,4,0,7 40 41,1,55,,201896,4,,,1,30,,201897,4,,,1,70,,201898,4,,,1,45,,201899,4,,,1,95,,201900,4,,,1,100,,201901,4,,,1,205,,201902,4,,,1
5601,'20260901',349,,201903,4,,,1,95,,201905,4,,,1,70,,201907,4,,,1,25,,201909,4,,,1,67,,201910,4,,,1,30,,201911,4,,,1,75,,201912,4,,,1,25,,201913,4,,,1,70,,201914,4,,,1,35,,201915,4,,,1,70,,201916,4,,,1,30,,201917,4,,,1,70,,201918,4,,,1,30,,201919,4,,,1,65,,201920,4,,,1,30,,201921,4,,,1,70,,201922,4,,,1,30,,201923,4,,,1,70,,201924,4,,,1,30,,201925,4,,,1,75,,201926,4,,,1,20,,201927,4,,,1,70,,201928,4,,,1,30,,201929,4,,,1,15,,201930,4,0,7 40 41,1,55,,201931,4,,,1,30,,201932,4,,,1,15,,201933,4,0,7 40 41,1,55,,201934,4,,,1,30,,201935,4,,,1,70,,201936,4,,,1,45,,201937,4,,,1,95,,201938,4,,,1,100,,201939,4,,,1,205,,201940,4,,,1
5601,'20260902',349,,201941,4,,,1,95,,201943,4,,,1,70,,201945,4,,,1,25,,201947,4,,,1,67,,201948,4,,,1,30,,201949,4,,,1,75,,201950,4,,,1,25,,201951,4,,,1,70,,201952,4,,,1,35,,201953,4,,,1,70,,201954,4,,,1,30,,201955,4,,,1,70,,201956,4,,,1,30,,201957,4,,,1,65,,201958,4,,,1,30,,201959,4,,,1,70,,201960,4,,,1,30,,201961,4,,,1,70,,201962,4,,,1,30,,201963,4,,,1,75,,201964,4,,,1,20,,201965,4,,,1,70,,201966,4,,,1,30,,201967,4,,,1,15,,201968,4,0,7 40 41,1,55,,201969,4,,,1,30,,201970,4,,,1,15,,201971,4,0,7 40 41,1,55,,201972,4,,,1,30,,201973,4,,,1,70,,201974,4,,,1,45,,201975,4,,,1,95,,201976,4,,,1,100,,201977,4,,,1,205,,201978,4,,,1
5601,'20260903',349,,201979,4,,,1,95,,201981,4,,,1,70,,201983,4,,,1,25,,201985,4,,,1,67,,201986,4,,,1,30,,201987,4,,,1,75,,201988,4,,,1,25,,201989,4,,,1,70,,201990,4,,,1,35,,201991,4,,,1,70,,201992,4,,,1,30,,201993,4,,,1,70,,201994,4,,,1,30,,201995,4,,,1,65,,201996,4,,,1,30,,201997,4,,,1,70,,201998,4,,,1,30,,201999,4,,,1,70,,202000,4,,,1,30,,202001,4,,,1,75,,202002,4,,,1,20,,202003,4,,,1,70,,202004,4,,,1,30,,202005,4,,,1,15,,202006,4,0,7 40 41,1,55,,202007,4,,,1,30,,202008,4,,,1,15,,202009,4,0,7 40 41,1,55,,202010,4,,,1,30,,202011,4,,,1,70,,202012,4,,,1,45,,202013,4,,,1,95,,202014,4,,,1,100,,202015,4,,,1,205,,202016,4,,,1
5601,'20260904',349,,202017,4,,,1,95,,202019,4,,,1,70,,202021,4,,,1,25,,202023,4,,,1,67,,202024,4,,,1,30,,202025,4,,,1,75,,202026,4,,,1,25,,202027,4,,,1,70,,202028,4,,,1,35,,202029,4,,,1,70,,202030,4,,,1,30,,202031,4,,,1,70,,202032,4,,,1,30,,202033,4,,,1,65,,202034,4,,,1,30,,202035,4,,,1,70,,202036,4,,,1,30,,202037,4,,,1,70,,202038,4,,,1,30,,202039,4,,,1,75,,202040,4,,,1,20,,202041,4,,,1,70,,202042,4,,,1,30,,202043,4,,,1,15,,202044,4,0,7 40 41,1,55,,202045,4,,,1,30,,202046,4,,,1,15,,202047,4,0,7 40 41,1,55,,202048,4,,,1,30,,202049,4,,,1,70,,202050,4,,,1,45,,202051,4,,,1,95,,202052,4,,,1,100,,202053,4,,,1,205,,202054,4,,,1
5601,'20260908',349,,309559,4,,,1,95,,309561,4,,,1,65,,309563,4,,,1,30,,309565,4,,,1,67,,309567,4,,,1,30,,309568,4,,,1,75,,309569,4,,,1,25,,309570,4,,,1,70,,309571,4,,,1,35,,309572,4,,,1,70,,309573,4,,,1,30,,309574,4,,,1,70,,309575,4,,,1,30,,309576,4,,,1,65,,309577,4,,,1,30,,309578,4,,,1,70,,309579,4,,,1,30,,309580,4,,,1,70,,309581,4,,,1,30,,309582,4,,,1,20,,309583,4,0,7 40 41,1,55,,309584,4,,,1,20,,309585,4,,,1,70,,309586,4,,,1,30,,309587,4,,,1,15,,309588,4,0,7 40 41,1,55,,309589,4,,,1,30,,309590,4,,,1,15,,309591,4,0,7 40 41,1,55,,309592,4,,,1,30,,309593,4,,,1,70,,309594,4,,,1,45,,309595,4,,,1,110,,309596,4,,,1,100,,309597,4,,,1,245,,309598,4,,,1
5601,'20260909',349,,309599,4,,,1,95,,309601,4,,,1,65,,309603,4,,,1,30,,309605,4,,,1,67,,309607,4,,,1,30,,309608,4,,,1,75,,309609,4,,,1,25,,309610,4,,,1,70,,309611,4,,,1,35,,309612,4,,,1,70,,309613,4,,,1,30,,309614,4,,,1,70,,309615,4,,,1,30,,309616,4,,,1,65,,309617,4,,,1,30,,309618,4,,,1,70,,309619,4,,,1,30,,309620,4,,,1,70,,309621,4,,,1,30,,309622,4,,,1,20,,309623,4,0,7 40 41,1,55,,309624,4,,,1,20,,309625,4,,,1,70,,309626,4,,,1,30,,309627,4,,,1,15,,309628,4,0,7 40 41,1,55,,309629,4,,,1,30,,309630,4,,,1,15,,309631,4,0,7 40 41,1,55,,309632,4,,,1,30,,309633,4,,,1,70,,309634,4,,,1,45,,309635,4,,,1,110,,309636,4,,,1,100,,309637,4,,,1,245,,309638,4,,,1
5601,'20260910',349,,309639,4,,,1,95,,309641,4,,,1,65,,309643,4,,,1,30,,309645,4,,,1,67,,309647,4,,,1,30,,309648,4,,,1,75,,309649,4,,,1,25,,309650,4,,,1,70,,309651,4,,,1,35,,309652,4,,,1,70,,309653,4,,,1,30,,309654,4,,,1,70,,309655,4,,,1,30,,309656,4,,,1,65,,309657,4,,,1,30,,309658,4,,,1,70,,309659,4,,,1,30,,309660,4,,,1,70,,309661,4,,,1,30,,309662,4,,,1,20,,309663,4,0,7 40 41,1,55,,309664,4,,,1,20,,309665,4,,,1,70,,309666,4,,,1,30,,309667,4,,,1,15,,309668,4,0,7 40 41,1,55,,309669,4,,,1,30,,309670,4,,,1,15,,309671,4,0,7 40 41,1,55,,309672,4,,,1,30,,309673,4,,,1,70,,309674,4,,,1,45,,309675,4,,,1,110,,309676,4,,,1,100,,309677,4,,,1,245,,309678,4,,,1
5601,'20260911',349,,309679,4,,,1,95,,309681,4,,,1,65,,309683,4,,,1,30,,309685,4,,,1,67,,309687,4,,,1,30,,309688,4,,,1,75,,309689,4,,,1,25,,309690,4,,,1,70,,309691,4,,,1,35,,309692,4,,,1,70,,309693,4,,,1,30,,309694,4,,,1,70,,309695,4,,,1,30,,309696,4,,,1,65,,309697,4,,,1,30,,309698,4,,,1,70,,309699,4,,,1,30,,309700,4,,,1,70,,309701,4,,,1,30,,309702,4,,,1,20,,309703,4,0,7 40 41,1,55,,309704,4,,,1,20,,309705,4,,,1,70,,309706,4,,,1,30,,309707,4,,,1,15,,309708,4,0,7 40 41,1,55,,309709,4,,,1,30,,309710,4,,,1,15,,309711,4,0,7 40 41,1,55,,309712,4,,,1,30,,309713,4,,,1,70,,309714,4,,,1,45,,309715,4,,,1,110,,309716,4,,,1,100,,309717,4,,,1,245,,309718,4,,,1
5601,'20260914',349,,309719,4,,,1,95,,309721,4,,,1,65,,309723,4,,,1,30,,309725,4,,,1,67,,309727,4,,,1,30,,309728,4,,,1,75,,309729,4,,,1,25,,309730,4,,,1,70,,309731,4,,,1,35,,309732,4,,,1,70,,309733,4,,,1,30,,309734,4,,,1,70,,309735,4,,,1,30,,309736,4,,,1,65,,309737,4,,,1,30,,309738,4,,,1,70,,309739,4,,,1,30,,309740,4,,,1,70,,309741,4,,,1,30,,309742,4,,,1,20,,309743,4,0,7 40 41,1,55,,309744,4,,,1,20,,309745,4,,,1,70,,309746,4,,,1,30,,309747,4,,,1,15,,309748,4,0,7 40 41,1,55,,309749,4,,,1,30,,309750,4,,,1,15,,309751,4,0,7 40 41,1,55,,309752,4,,,1,30,,309753,4,,,1,70,,309754,4,,,1,45,,309755,4,,,1,110,,309756,4,,,1,100,,309757,4,,,1,245,,309758,4,,,1
5601,'20260915',349,,309759,4,,,1,95,,309761,4,,,1,65,,309763,4,,,1,30,,309765,4,,,1,67,,309767,4,,,1,30,,309768,4,,,1,75,,309769,4,,,1,25,,309770,4,,,1,70,,309771,4,,,1,35,,309772,4,,,1,70,,309773,4,,,1,30,,309774,4,,,1,70,,309775,4,,,1,30,,309776,4,,,1,65,,309777,4,,,1,30,,309778,4,,,1,70,,309779,4,,,1,30,,309780,4,,,1,70,,309781,4,,,1,30,,309782,4,,,1,20,,309783,4,0,7 40 41,1,55,,309784,4,,,1,20,,309785,4,,,1,70,,309786,4,,,1,30,,309787,4,,,1,15,,309788,4,0,7 40 41,1,55,,309789,4,,,1,30,,309790,4,,,1,15,,309791,4,0,7 40 41,1,55,,309792,4,,,1,30,,309793,4,,,1,70,,309794,4,,,1,45,,309795,4,,,1,110,,309796,4,,,1,100,,309797,4,,,1,245,,309798,4,,,1
5601,'20260916',349,,309799,4,,,1,95,,309801,4,,,1,65,,309803,4,,,1,30,,309805,4,,,1,67,,309807,4,,,1,30,,309808,4,,,1,75,,309809,4,,,1,25,,309810,4,,,1,70,,309811,4,,,1,35,,309812,4,,,1,70,,309813,4,,,1,30,,309814,4,,,1,70,,309815,4,,,1,30,,309816,4,,,1,65,,309817,4,,,1,30,,309818,4,,,1,70,,309819,4,,,1,30,,309820,4,,,1,70,,309821,4,,,1,30,,309822,4,,,1,20,,309823,4,0,7 40 41,1,55,,309824,4,,,1,20,,309825,4,,,1,70,,309826,4,,,1,30,,309827,4,,,1,15,,309828,4,0,7 40 41,1,55,,309829,4,,,1,30,,309830,4,,,1,15,,309831,4,0,7 40 41,1,55,,309832,4,,,1,30,,309833,4,,,1,70,,309834,4,,,1,45,,309835,4,,,1,110,,309836,4,,,1,100,,309837,4,,,1,245,,309838,4,,,1
5601,'20260917',349,,309839,4,,,1,95,,309841,4,,,1,65,,309843,4,,,1,30,,309845,4,,,1,67,,309847,4,,,1,30,,309848,4,,,1,75,,309849,4,,,1,25,,309850,4,,,1,70,,309851,4,,,1,35,,309852,4,,,1,70,,309853,4,,,1,30,,309854,4,,,1,70,,309855,4,,,1,30,,309856,4,,,1,65,,309857,4,,,1,30,,309858,4,,,1,70,,309859,4,,,1,30,,309860,4,,,1,70,,309861,4,,,1,30,,309862,4,,,1,20,,309863,4,0,7 40 41,1,55,,309864,4,,,1,20,,309865,4,,,1,70,,309866,4,,,1,30,,309867,4,,,1,15,,309868,4,0,7 40 41,1,55,,309869,4,,,1,30,,309870,4,,,1,15,,309871,4,0,7 40 41,1,55,,309872,4,,,1,30,,309873,4,,,1,70,,309874,4,,,1,45,,309875,4,,,1,110,,309876,4,,,1,100,,309877,4,,,1,245,,309878,4,,,1
5601,'20260918',349,,309879,4,,,1,95,,309881,4,,,1,65,,309883,4,,,1,30,,309885,4,,,1,67,,309887,4,,,1,30,,309888,4,,,1,75,,309889,4,,,1,25,,309890,4,,,1,70,,309891,4,,,1,35,,309892,4,,,1,70,,309893,4,,,1,30,,309894,4,,,1,70,,309895,4,,,1,30,,309896,4,,,1,65,,309897,4,,,1,30,,309898,4,,,1,70,,309899,4,,,1,30,,309900,4,,,1,70,,309901,4,,,1,30,,309902,4,,,1,20,,309903,4,0,7 40 41,1,55,,309904,4,,,1,20,,309905,4,,,1,70,,309906,4,,,1,30,,309907,4,,,1,15,,309908,4,0,7 40 41,1,55,,309909,4,,,1,30,,309910,4,,,1,15,,309911,4,0,7 40 41,1,55,,309912,4,,,1,30,,309913,4,,,1,70,,309914,4,,,1,45,,309915,4,,,1,110,,309916,4,,,1,100,,309917,4,,,1,245,,309918,4,,,1
5601,'20260921',349,,309919,4,,,1,95,,309921,4,,,1,65,,309923,4,,,1,30,,309925,4,,,1,67,,309927,4,,,1,30,,309928,4,,,1,75,,309929,4,,,1,25,,309930,4,,,1,70,,309931,4,,,1,35,,309932,4,,,1,70,,309933,4,,,1,30,,309934,4,,,1,70,,309935,4,,,1,30,,309936,4,,,1,65,,309937,4,,,1,30,,309938,4,,,1,70,,309939,4,,,1,30,,309940,4,,,1,70,,309941,4,,,1,30,,309942,4,,,1,20,,309943,4,0,7 40 41,1,55,,309944,4,,,1,20,,309945,4,,,1,70,,309946,4,,,1,30,,309947,4,,,1,15,,309948,4,0,7 40 41,1,55,,309949,4,,,1,30,,309950,4,,,1,15,,309951,4,0,7 40 41,1,55,,309952,4,,,1,30,,309953,4,,,1,70,,309954,4,,,1,45,,309955,4,,,1,110,,309956,4,,,1,100,,309957,4,,,1,245,,309958,4,,,1
5601,'20260922',349,,309959,4,,,1,95,,309961,4,,,1,65,,309963,4,,,1,30,,309965,4,,,1,67,,309967,4,,,1,30,,309968,4,,,1,75,,309969,4,,,1,25,,309970,4,,,1,70,,309971,4,,,1,35,,309972,4,,,1,70,,309973,4,,,1,30,,309974,4,,,1,70,,309975,4,,,1,30,,309976,4,,,1,65,,309977,4,,,1,30,,309978,4,,,1,70,,309979,4,,,1,30,,309980,4,,,1,70,,309981,4,,,1,30,,309982,4,,,1,20,,309983,4,0,7 40 41,1,55,,309984,4,,,1,20,,309985,4,,,1,70,,309986,4,,,1,30,,309987,4,,,1,15,,309988,4,0,7 40 41,1,55,,309989,4,,,1,30,,309990,4,,,1,15,,309991,4,0,7 40 41,1,55,,309992,4,,,1,30,,309993,4,,,1,70,,309994,4,,,1,45,,309995,4,,,1,110,,309996,4,,,1,100,,309997,4,,,1,245,,309998,4,,,1
5601,'20260923',349,,309999,4,,,1,95,,310001,4,,,1,65,,310003,4,,,1,30,,310005,4,,,1,67,,310007,4,,,1,30,,310008,4,,,1,75,,310009,4,,,1,25,,310010,4,,,1,70,,310011,4,,,1,35,,310012,4,,,1,70,,310013,4,,,1,30,,310014,4,,,1,70,,310015,4,,,1,30,,310016,4,,,1,65,,310017,4,,,1,30,,310018,4,,,1,70,,310019,4,,,1,30,,310020,4,,,1,70,,310021,4,,,1,30,,310022,4,,,1,20,,310023,4,0,7 40 41,1,55,,310024,4,,,1,20,,310025,4,,,1,70,,310026,4,,,1,30,,310027,4,,,1,15,,310028,4,0,7 40 41,1,55,,310029,4,,,1,30,,310030,4,,,1,15,,310031,4,0,7 40 41,1,55,,310032,4,,,1,30,,310033,4,,,1,70,,310034,4,,,1,45,,310035,4,,,1,110,,310036,4,,,1,100,,310037,4,,,1,245,,310038,4,,,1
5601,'20260924',349,,310039,4,,,1,95,,310041,4,,,1,65,,310043,4,,,1,30,,310045,4,,,1,67,,310047,4,,,1,30,,310048,4,,,1,75,,310049,4,,,1,25,,310050,4,,,1,70,,310051,4,,,1,35,,310052,4,,,1,70,,310053,4,,,1,30,,310054,4,,,1,70,,310055,4,,,1,30,,310056,4,,,1,65,,310057,4,,,1,30,,310058,4,,,1,70,,310059,4,,,1,30,,310060,4,,,1,70,,310061,4,,,1,30,,310062,4,,,1,20,,310063,4,0,7 40 41,1,55,,310064,4,,,1,20,,310065,4,,,1,70,,310066,4,,,1,30,,310067,4,,,1,15,,310068,4,0,7 40 41,1,55,,310069,4,,,1,30,,310070,4,,,1,15,,310071,4,0,7 40 41,1,55,,310072,4,,,1,30,,310073,4,,,1,70,,310074,4,,,1,45,,310075,4,,,1,110,,310076,4,,,1,100,,310077,4,,,1,245,,310078,4,,,1
5601,'20260925',349,,310079,4,,,1,95,,310081,4,,,1,65,,310083,4,,,1,30,,310085,4,,,1,67,,310087,4,,,1,30,,310088,4,,,1,75,,310089,4,,,1,25,,310090,4,,,1,70,,310091,4,,,1,35,,310092,4,,,1,70,,310093,4,,,1,30,,310094,4,,,1,70,,310095,4,,,1,30,,310096,4,,,1,65,,310097,4,,,1,30,,310098,4,,,1,70,,310099,4,,,1,30,,310100,4,,,1,70,,310101,4,,,1,30,,310102,4,,,1,20,,310103,4,0,7 40 41,1,55,,310104,4,,,1,20,,310105,4,,,1,70,,310106,4,,,1,30,,310107,4,,,1,15,,310108,4,0,7 40 41,1,55,,310109,4,,,1,30,,310110,4,,,1,15,,310111,4,0,7 40 41,1,55,,310112,4,,,1,30,,310113,4,,,1,70,,310114,4,,,1,45,,310115,4,,,1,110,,310116,4,,,1,100,,310117,4,,,1,245,,310118,4,,,1
5601,'20260928',349,,310119,4,,,1,95,,310121,4,,,1,65,,310123,4,,,1,30,,310125,4,,,1,67,,310127,4,,,1,30,,310128,4,,,1,75,,310129,4,,,1,25,,310130,4,,,1,70,,310131,4,,,1,35,,310132,4,,,1,70,,310133,4,,,1,30,,310134,4,,,1,70,,310135,4,,,1,30,,310136,4,,,1,65,,310137,4,,,1,30,,310138,4,,,1,70,,310139,4,,,1,30,,310140,4,,,1,70,,310141,4,,,1,30,,310142,4,,,1,20,,310143,4,0,7 40 41,1,55,,310144,4,,,1,20,,310145,4,,,1,70,,310146,4,,,1,30,,310147,4,,,1,15,,310148,4,0,7 40 41,1,55,,310149,4,,,1,30,,310150,4,,,1,15,,310151,4,0,7 40 41,1,55,,310152,4,,,1,30,,310153,4,,,1,70,,310154,4,,,1,45,,310155,4,,,1,110,,310156,4,,,1,100,,310157,4,,,1,245,,310158,4,,,1
5601,'20260929',349,,310159,4,,,1,95,,310161,4,,,1,65,,310163,4,,,1,30,,310165,4,,,1,67,,310167,4,,,1,30,,310168,4,,,1,75,,310169,4,,,1,25,,310170,4,,,1,70,,310171,4,,,1,35,,310172,4,,,1,70,,310173,4,,,1,30,,310174,4,,,1,70,,310175,4,,,1,30,,310176,4,,,1,65,,310177,4,,,1,30,,310178,4,,,1,70,,310179,4,,,1,30,,310180,4,,,1,70,,310181,4,,,1,30,,310182,4,,,1,20,,310183,4,0,7 40 41,1,55,,310184,4,,,1,20,,310185,4,,,1,70,,310186,4,,,1,30,,310187,4,,,1,15,,310188,4,0,7 40 41,1,55,,310189,4,,,1,30,,310190,4,,,1,15,,310191,4,0,7 40 41,1,55,,310192,4,,,1,30,,310193,4,,,1,70,,310194,4,,,1,45,,310195,4,,,1,110,,310196,4,,,1,100,,310197,4,,,1,245,,310198,4,,,1
5601,'20260930',349,,310199,4,,,1,95,,310201,4,,,1,65,,310203,4,,,1,30,,310205,4,,,1,67,,310207,4,,,1,30,,310208,4,,,1,75,,310209,4,,,1,25,,310210,4,,,1,70,,310211,4,,,1,35,,310212,4,,,1,70,,310213,4,,,1,30,,310214,4,,,1,70,,310215,4,,,1,30,,310216,4,,,1,65,,310217,4,,,1,30,,310218,4,,,1,70,,310219,4,,,1,30,,310220,4,,,1,70,,310221,4,,,1,30,,310222,4,,,1,20,,310223,4,0,7 40 41,1,55,,310224,4,,,1,20,,310225,4,,,1,70,,310226,4,,,1,30,,310227,4,,,1,15,,310228,4,0,7 40 41,1,55,,310229,4,,,1,30,,310230,4,,,1,15,,310231,4,0,7 40 41,1,55,,310232,4,,,1,30,,310233,4,,,1,70,,310234,4,,,1,45,,310235,4,,,1,110,,310236,4,,,1,100,,310237,4,,,1,245,,310238,4,,,1
5601,'20261001',349,,310239,4,,,1,95,,310241,4,,,1,65,,310243,4,,,1,30,,310245,4,,,1,67,,310247,4,,,1,30,,310248,4,,,1,75,,310249,4,,,1,25,,310250,4,,,1,70,,310251,4,,,1,35,,310252,4,,,1,70,,310253,4,,,1,30,,310254,4,,,1,70,,310255,4,,,1,30,,310256,4,,,1,65,,310257,4,,,1,30,,310258,4,,,1,70,,310259,4,,,1,30,,310260,4,,,1,70,,310261,4,,,1,30,,310262,4,,,1,20,,310263,4,0,7 40 41,1,55,,310264,4,,,1,20,,310265,4,,,1,70,,310266,4,,,1,30,,310267,4,,,1,15,,310268,4,0,7 40 41,1,55,,310269,4,,,1,30,,310270,4,,,1,15,,310271,4,0,7 40 41,1,55,,310272,4,,,1,30,,310273,4,,,1,70,,310274,4,,,1,45,,310275,4,,,1,110,,310276,4,,,1,100,,310277,4,,,1,245,,310278,4,,,1
5601,'20261002',349,,310279,4,,,1,95,,310281,4,,,1,65,,310283,4,,,1,30,,310285,4,,,1,67,,310287,4,,,1,30,,310288,4,,,1,75,,310289,4,,,1,25,,310290,4,,,1,70,,310291,4,,,1,35,,310292,4,,,1,70,,310293,4,,,1,30,,310294,4,,,1,70,,310295,4,,,1,30,,310296,4,,,1,65,,310297,4,,,1,30,,310298,4,,,1,70,,310299,4,,,1,30,,310300,4,,,1,70,,310301,4,,,1,30,,310302,4,,,1,20,,310303,4,0,7 40 41,1,55,,310304,4,,,1,20,,310305,4,,,1,70,,310306,4,,,1,30,,310307,4,,,1,15,,310308,4,0,7 40 41,1,55,,310309,4,,,1,30,,310310,4,,,1,15,,310311,4,0,7 40 41,1,55,,310312,4,,,1,30,,310313,4,,,1,70,,310314,4,,,1,45,,310315,4,,,1,110,,310316,4,,,1,100,,310317,4,,,1,245,,310318,4,,,1
5601,'20261005',349,,310319,4,,,1,95,,310321,4,,,1,65,,310323,4,,,1,30,,310325,4,,,1,67,,310327,4,,,1,30,,310328,4,,,1,75,,310329,4,,,1,25,,310330,4,,,1,70,,310331,4,,,1,35,,310332,4,,,1,70,,310333,4,,,1,30,,310334,4,,,1,70,,310335,4,,,1,30,,310336,4,,,1,65,,310337,4,,,1,30,,310338,4,,,1,70,,310339,4,,,1,30,,310340,4,,,1,70,,310341,4,,,1,30,,310342,4,,,1,20,,310343,4,0,7 40 41,1,55,,310344,4,,,1,20,,310345,4,,,1,70,,310346,4,,,1,30,,310347,4,,,1,15,,310348,4,0,7 40 41,1,55,,310349,4,,,1,30,,310350,4,,,1,15,,310351,4,0,7 40 41,1,55,,310352,4,,,1,30,,310353,4,,,1,70,,310354,4,,,1,45,,310355,4,,,1,110,,310356,4,,,1,100,,310357,4,,,1,245,,310358,4,,,1
5601,'20261006',349,,310359,4,,,1,95,,310361,4,,,1,65,,310363,4,,,1,30,,310365,4,,,1,67,,310367,4,,,1,30,,310368,4,,,1,75,,310369,4,,,1,25,,310370,4,,,1,70,,310371,4,,,1,35,,310372,4,,,1,70,,310373,4,,,1,30,,310374,4,,,1,70,,310375,4,,,1,30,,310376,4,,,1,65,,310377,4,,,1,30,,310378,4,,,1,70,,310379,4,,,1,30,,310380,4,,,1,70,,310381,4,,,1,30,,310382,4,,,1,20,,310383,4,0,7 40 41,1,55,,310384,4,,,1,20,,310385,4,,,1,70,,310386,4,,,1,30,,310387,4,,,1,15,,310388,4,0,7 40 41,1,55,,310389,4,,,1,30,,310390,4,,,1,15,,310391,4,0,7 40 41,1,55,,310392,4,,,1,30,,310393,4,,,1,70,,310394,4,,,1,45,,310395,4,,,1,110,,310396,4,,,1,100,,310397,4,,,1,245,,310398,4,,,1
5601,'20261007',349,,310399,4,,,1,95,,310401,4,,,1,65,,310403,4,,,1,30,,310405,4,,,1,67,,310407,4,,,1,30,,310408,4,,,1,75,,310409,4,,,1,25,,310410,4,,,1,70,,310411,4,,,1,35,,310412,4,,,1,70,,310413,4,,,1,30,,310414,4,,,1,70,,310415,4,,,1,30,,310416,4,,,1,65,,310417,4,,,1,30,,310418,4,,,1,70,,310419,4,,,1,30,,310420,4,,,1,70,,310421,4,,,1,30,,310422,4,,,1,20,,310423,4,0,7 40 41,1,55,,310424,4,,,1,20,,310425,4,,,1,70,,310426,4,,,1,30,,310427,4,,,1,15,,310428,4,0,7 40 41,1,55,,310429,4,,,1,30,,310430,4,,,1,15,,310431,4,0,7 40 41,1,55,,310432,4,,,1,30,,310433,4,,,1,70,,310434,4,,,1,45,,310435,4,,,1,110,,310436,4,,,1,100,,310437,4,,,1,245,,310438,4,,,1
5601,'20261008',349,,310439,4,,,1,95,,310441,4,,,1,65,,310443,4,,,1,30,,310445,4,,,1,67,,310447,4,,,1,30,,310448,4,,,1,75,,310449,4,,,1,25,,310450,4,,,1,70,,310451,4,,,1,35,,310452,4,,,1,70,,310453,4,,,1,30,,310454,4,,,1,70,,310455,4,,,1,30,,310456,4,,,1,65,,310457,4,,,1,30,,310458,4,,,1,70,,310459,4,,,1,30,,310460,4,,,1,70,,310461,4,,,1,30,,310462,4,,,1,20,,310463,4,0,7 40 41,1,55,,310464,4,,,1,20,,310465,4,,,1,70,,310466,4,,,1,30,,310467,4,,,1,15,,310468,4,0,7 40 41,1,55,,310469,4,,,1,30,,310470,4,,,1,15,,310471,4,0,7 40 41,1,55,,310472,4,,,1,30,,310473,4,,,1,70,,310474,4,,,1,45,,310475,4,,,1,110,,310476,4,,,1,100,,310477,4,,,1,245,,310478,4,,,1
5601,'20261009',349,,310479,4,,,1,95,,310481,4,,,1,65,,310483,4,,,1,30,,310485,4,,,1,67,,310487,4,,,1,30,,310488,4,,,1,75,,310489,4,,,1,25,,310490,4,,,1,70,,310491,4,,,1,35,,310492,4,,,1,70,,310493,4,,,1,30,,310494,4,,,1,70,,310495,4,,,1,30,,310496,4,,,1,65,,310497,4,,,1,30,,310498,4,,,1,70,,310499,4,,,1,30,,310500,4,,,1,70,,310501,4,,,1,30,,310502,4,,,1,20,,310503,4,0,7 40 41,1,55,,310504,4,,,1,20,,310505,4,,,1,70,,310506,4,,,1,30,,310507,4,,,1,15,,310508,4,0,7 40 41,1,55,,310509,4,,,1,30,,310510,4,,,1,15,,310511,4,0,7 40 41,1,55,,310512,4,,,1,30,,310513,4,,,1,70,,310514,4,,,1,45,,310515,4,,,1,110,,310516,4,,,1,100,,310517,4,,,1,245,,310518,4,,,1
5601,'20261013',349,,310519,4,,,1,95,,310521,4,,,1,65,,310523,4,,,1,30,,310525,4,,,1,67,,310527,4,,,1,30,,310528,4,,,1,75,,310529,4,,,1,25,,310530,4,,,1,70,,310531,4,,,1,35,,310532,4,,,1,70,,310533,4,,,1,30,,310534,4,,,1,70,,310535,4,,,1,30,,310536,4,,,1,65,,310537,4,,,1,30,,310538,4,,,1,70,,310539,4,,,1,30,,310540,4,,,1,70,,310541,4,,,1,30,,310542,4,,,1,20,,310543,4,0,7 40 41,1,55,,310544,4,,,1,20,,310545,4,,,1,70,,310546,4,,,1,30,,310547,4,,,1,15,,310548,4,0,7 40 41,1,55,,310549,4,,,1,30,,310550,4,,,1,15,,310551,4,0,7 40 41,1,55,,310552,4,,,1,30,,310553,4,,,1,70,,310554,4,,,1,45,,310555,4,,,1,110,,310556,4,,,1,100,,310557,4,,,1,245,,310558,4,,,1
5601,'20261014',349,,310559,4,,,1,95,,310561,4,,,1,65,,310563,4,,,1,30,,310565,4,,,1,67,,310567,4,,,1,30,,310568,4,,,1,75,,310569,4,,,1,25,,310570,4,,,1,70,,310571,4,,,1,35,,310572,4,,,1,70,,310573,4,,,1,30,,310574,4,,,1,70,,310575,4,,,1,30,,310576,4,,,1,65,,310577,4,,,1,30,,310578,4,,,1,70,,310579,4,,,1,30,,310580,4,,,1,70,,310581,4,,,1,30,,310582,4,,,1,20,,310583,4,0,7 40 41,1,55,,310584,4,,,1,20,,310585,4,,,1,70,,310586,4,,,1,30,,310587,4,,,1,15,,310588,4,0,7 40 41,1,55,,310589,4,,,1,30,,310590,4,,,1,15,,310591,4,0,7 40 41,1,55,,310592,4,,,1,30,,310593,4,,,1,70,,310594,4,,,1,45,,310595,4,,,1,110,,310596,4,,,1,100,,310597,4,,,1,245,,310598,4,,,1
5601,'20261015',349,,310599,4,,,1,95,,310601,4,,,1,65,,310603,4,,,1,30,,310605,4,,,1,67,,310607,4,,,1,30,,310608,4,,,1,75,,310609,4,,,1,25,,310610,4,,,1,70,,310611,4,,,1,35,,310612,4,,,1,70,,310613,4,,,1,30,,310614,4,,,1,70,,310615,4,,,1,30,,310616,4,,,1,65,,310617,4,,,1,30,,310618,4,,,1,70,,310619,4,,,1,30,,310620,4,,,1,70,,310621,4,,,1,30,,310622,4,,,1,20,,310623,4,0,7 40 41,1,55,,310624,4,,,1,20,,310625,4,,,1,70,,310626,4,,,1,30,,310627,4,,,1,15,,310628,4,0,7 40 41,1,55,,310629,4,,,1,30,,310630,4,,,1,15,,310631,4,0,7 40 41,1,55,,310632,4,,,1,30,,310633,4,,,1,70,,310634,4,,,1,45,,310635,4,,,1,110,,310636,4,,,1,100,,310637,4,,,1,245,,310638,4,,,1
5601,'20261016',349,,310639,4,,,1,95,,310641,4,,,1,65,,310643,4,,,1,30,,310645,4,,,1,67,,310647,4,,,1,30,,310648,4,,,1,75,,310649,4,,,1,25,,310650,4,,,1,70,,310651,4,,,1,35,,310652,4,,,1,70,,310653,4,,,1,30,,310654,4,,,1,70,,310655,4,,,1,30,,310656,4,,,1,65,,310657,4,,,1,30,,310658,4,,,1,70,,310659,4,,,1,30,,310660,4,,,1,70,,310661,4,,,1,30,,310662,4,,,1,20,,310663,4,0,7 40 41,1,55,,310664,4,,,1,20,,310665,4,,,1,70,,310666,4,,,1,30,,310667,4,,,1,15,,310668,4,0,7 40 41,1,55,,310669,4,,,1,30,,310670,4,,,1,15,,310671,4,0,7 40 41,1,55,,310672,4,,,1,30,,310673,4,,,1,70,,310674,4,,,1,45,,310675,4,,,1,110,,310676,4,,,1,100,,310677,4,,,1,245,,310678,4,,,1
5601,'20261019',349,,310679,4,,,1,95,,310681,4,,,1,65,,310683,4,,,1,30,,310685,4,,,1,67,,310687,4,,,1,30,,310688,4,,,1,75,,310689,4,,,1,25,,310690,4,,,1,70,,310691,4,,,1,35,,310692,4,,,1,70,,310693,4,,,1,30,,310694,4,,,1,70,,310695,4,,,1,30,,310696,4,,,1,65,,310697,4,,,1,30,,310698,4,,,1,70,,310699,4,,,1,30,,310700,4,,,1,70,,310701,4,,,1,30,,310702,4,,,1,20,,310703,4,0,7 40 41,1,55,,310704,4,,,1,20,,310705,4,,,1,70,,310706,4,,,1,30,,310707,4,,,1,15,,310708,4,0,7 40 41,1,55,,310709,4,,,1,30,,310710,4,,,1,15,,310711,4,0,7 40 41,1,55,,310712,4,,,1,30,,310713,4,,,1,70,,310714,4,,,1,45,,310715,4,,,1,110,,310716,4,,,1,100,,310717,4,,,1,245,,310718,4,,,1
5601,'20261020',349,,310719,4,,,1,95,,310721,4,,,1,65,,310723,4,,,1,30,,310725,4,,,1,67,,310727,4,,,1,30,,310728,4,,,1,75,,310729,4,,,1,25,,310730,4,,,1,70,,310731,4,,,1,35,,310732,4,,,1,70,,310733,4,,,1,30,,310734,4,,,1,70,,310735,4,,,1,30,,310736,4,,,1,65,,310737,4,,,1,30,,310738,4,,,1,70,,310739,4,,,1,30,,310740,4,,,1,70,,310741,4,,,1,30,,310742,4,,,1,20,,310743,4,0,7 40 41,1,55,,310744,4,,,1,20,,310745,4,,,1,70,,310746,4,,,1,30,,310747,4,,,1,15,,310748,4,0,7 40 41,1,55,,310749,4,,,1,30,,310750,4,,,1,15,,310751,4,0,7 40 41,1,55,,310752,4,,,1,30,,310753,4,,,1,70,,310754,4,,,1,45,,310755,4,,,1,110,,310756,4,,,1,100,,310757,4,,,1,245,,310758,4,,,1
5601,'20261021',349,,310759,4,,,1,95,,310761,4,,,1,65,,310763,4,,,1,30,,310765,4,,,1,67,,310767,4,,,1,30,,310768,4,,,1,75,,310769,4,,,1,25,,310770,4,,,1,70,,310771,4,,,1,35,,310772,4,,,1,70,,310773,4,,,1,30,,310774,4,,,1,70,,310775,4,,,1,30,,310776,4,,,1,65,,310777,4,,,1,30,,310778,4,,,1,70,,310779,4,,,1,30,,310780,4,,,1,70,,310781,4,,,1,30,,310782,4,,,1,20,,310783,4,0,7 40 41,1,55,,310784,4,,,1,20,,310785,4,,,1,70,,310786,4,,,1,30,,310787,4,,,1,15,,310788,4,0,7 40 41,1,55,,310789,4,,,1,30,,310790,4,,,1,15,,310791,4,0,7 40 41,1,55,,310792,4,,,1,30,,310793,4,,,1,70,,310794,4,,,1,45,,310795,4,,,1,110,,310796,4,,,1,100,,310797,4,,,1,245,,310798,4,,,1
5601,'20261022',349,,310799,4,,,1,95,,310801,4,,,1,65,,310803,4,,,1,30,,310805,4,,,1,67,,310807,4,,,1,30,,310808,4,,,1,75,,310809,4,,,1,25,,310810,4,,,1,70,,310811,4,,,1,35,,310812,4,,,1,70,,310813,4,,,1,30,,310814,4,,,1,70,,310815,4,,,1,30,,310816,4,,,1,65,,310817,4,,,1,30,,310818,4,,,1,70,,310819,4,,,1,30,,310820,4,,,1,70,,310821,4,,,1,30,,310822,4,,,1,20,,310823,4,0,7 40 41,1,55,,310824,4,,,1,20,,310825,4,,,1,70,,310826,4,,,1,30,,310827,4,,,1,15,,310828,4,0,7 40 41,1,55,,310829,4,,,1,30,,310830,4,,,1,15,,310831,4,0,7 40 41,1,55,,310832,4,,,1,30,,310833,4,,,1,70,,310834,4,,,1,45,,310835,4,,,1,110,,310836,4,,,1,100,,310837,4,,,1,245,,310838,4,,,1
5601,'20261023',349,,310839,4,,,1,95,,310841,4,,,1,65,,310843,4,,,1,30,,310845,4,,,1,67,,310847,4,,,1,30,,310848,4,,,1,75,,310849,4,,,1,25,,310850,4,,,1,70,,310851,4,,,1,35,,310852,4,,,1,70,,310853,4,,,1,30,,310854,4,,,1,70,,310855,4,,,1,30,,310856,4,,,1,65,,310857,4,,,1,30,,310858,4,,,1,70,,310859,4,,,1,30,,310860,4,,,1,70,,310861,4,,,1,30,,310862,4,,,1,20,,310863,4,0,7 40 41,1,55,,310864,4,,,1,20,,310865,4,,,1,70,,310866,4,,,1,30,,310867,4,,,1,15,,310868,4,0,7 40 41,1,55,,310869,4,,,1,30,,310870,4,,,1,15,,310871,4,0,7 40 41,1,55,,310872,4,,,1,30,,310873,4,,,1,70,,310874,4,,,1,45,,310875,4,,,1,110,,310876,4,,,1,100,,310877,4,,,1,245,,310878,4,,,1
5601,'20261026',349,,310879,4,,,1,95,,310881,4,,,1,65,,310883,4,,,1,30,,310885,4,,,1,67,,310887,4,,,1,30,,310888,4,,,1,75,,310889,4,,,1,25,,310890,4,,,1,70,,310891,4,,,1,35,,310892,4,,,1,70,,310893,4,,,1,30,,310894,4,,,1,70,,310895,4,,,1,30,,310896,4,,,1,65,,310897,4,,,1,30,,310898,4,,,1,70,,310899,4,,,1,30,,310900,4,,,1,70,,310901,4,,,1,30,,310902,4,,,1,20,,310903,4,0,7 40 41,1,55,,310904,4,,,1,20,,310905,4,,,1,70,,310906,4,,,1,30,,310907,4,,,1,15,,310908,4,0,7 40 41,1,55,,310909,4,,,1,30,,310910,4,,,1,15,,310911,4,0,7 40 41,1,55,,310912,4,,,1,30,,310913,4,,,1,70,,310914,4,,,1,45,,310915,4,,,1,110,,310916,4,,,1,100,,310917,4,,,1,245,,310918,4,,,1
5601,'20261027',349,,310919,4,,,1,95,,310921,4,,,1,65,,310923,4,,,1,30,,310925,4,,,1,67,,310927,4,,,1,30,,310928,4,,,1,75,,310929,4,,,1,25,,310930,4,,,1,70,,310931,4,,,1,35,,310932,4,,,1,70,,310933,4,,,1,30,,310934,4,,,1,70,,310935,4,,,1,30,,310936,4,,,1,65,,310937,4,,,1,30,,310938,4,,,1,70,,310939,4,,,1,30,,310940,4,,,1,70,,310941,4,,,1,30,,310942,4,,,1,20,,310943,4,0,7 40 41,1,55,,310944,4,,,1,20,,310945,4,,,1,70,,310946,4,,,1,30,,310947,4,,,1,15,,310948,4,0,7 40 41,1,55,,310949,4,,,1,30,,310950,4,,,1,15,,310951,4,0,7 40 41,1,55,,310952,4,,,1,30,,310953,4,,,1,70,,310954,4,,,1,45,,310955,4,,,1,110,,310956,4,,,1,100,,310957,4,,,1,245,,310958,4,,,1
5601,'20261028',349,,310959,4,,,1,95,,310961,4,,,1,65,,310963,4,,,1,30,,310965,4,,,1,67,,310967,4,,,1,30,,310968,4,,,1,75,,310969,4,,,1,25,,310970,4,,,1,70,,310971,4,,,1,35,,310972,4,,,1,70,,310973,4,,,1,30,,310974,4,,,1,70,,310975,4,,,1,30,,310976,4,,,1,65,,310977,4,,,1,30,,310978,4,,,1,70,,310979,4,,,1,30,,310980,4,,,1,70,,310981,4,,,1,30,,310982,4,,,1,20,,310983,4,0,7 40 41,1,55,,310984,4,,,1,20,,310985,4,,,1,70,,310986,4,,,1,30,,310987,4,,,1,15,,310988,4,0,7 40 41,1,55,,310989,4,,,1,30,,310990,4,,,1,15,,310991,4,0,7 40 41,1,55,,310992,4,,,1,30,,310993,4,,,1,70,,310994,4,,,1,45,,310995,4,,,1,110,,310996,4,,,1,100,,310997,4,,,1,245,,310998,4,,,1
5601,'20261029',349,,310999,4,,,1,95,,311001,4,,,1,65,,311003,4,,,1,30,,311005,4,,,1,67,,311007,4,,,1,30,,311008,4,,,1,75,,311009,4,,,1,25,,311010,4,,,1,70,,311011,4,,,1,35,,311012,4,,,1,70,,311013,4,,,1,30,,311014,4,,,1,70,,311015,4,,,1,30,,311016,4,,,1,65,,311017,4,,,1,30,,311018,4,,,1,70,,311019,4,,,1,30,,311020,4,,,1,70,,311021,4,,,1,30,,311022,4,,,1,20,,311023,4,0,7 40 41,1,55,,311024,4,,,1,20,,311025,4,,,1,70,,311026,4,,,1,30,,311027,4,,,1,15,,311028,4,0,7 40 41,1,55,,311029,4,,,1,30,,311030,4,,,1,15,,311031,4,0,7 40 41,1,55,,311032,4,,,1,30,,311033,4,,,1,70,,311034,4,,,1,45,,311035,4,,,1,110,,311036,4,,,1,100,,311037,4,,,1,245,,311038,4,,,1
5601,'20261030',349,,311039,4,,,1,95,,311041,4,,,1,65,,311043,4,,,1,30,,311045,4,,,1,67,,311047,4,,,1,30,,311048,4,,,1,75,,311049,4,,,1,25,,311050,4,,,1,70,,311051,4,,,1,35,,311052,4,,,1,70,,311053,4,,,1,30,,311054,4,,,1,70,,311055,4,,,1,30,,311056,4,,,1,65,,311057,4,,,1,30,,311058,4,,,1,70,,311059,4,,,1,30,,311060,4,,,1,70,,311061,4,,,1,30,,311062,4,,,1,20,,311063,4,0,7 40 41,1,55,,311064,4,,,1,20,,311065,4,,,1,70,,311066,4,,,1,30,,311067,4,,,1,15,,311068,4,0,7 40 41,1,55,,311069,4,,,1,30,,311070,4,,,1,15,,311071,4,0,7 40 41,1,55,,311072,4,,,1,30,,311073,4,,,1,70,,311074,4,,,1,45,,311075,4,,,1,110,,311076,4,,,1,100,,311077,4,,,1,245,,311078,4,,,1
5601,'20261102',349,,311079,4,,,1,95,,311081,4,,,1,65,,311083,4,,,1,30,,311085,4,,,1,67,,311087,4,,,1,30,,311088,4,,,1,75,,311089,4,,,1,25,,311090,4,,,1,70,,311091,4,,,1,35,,311092,4,,,1,70,,311093,4,,,1,30,,311094,4,,,1,70,,311095,4,,,1,30,,311096,4,,,1,65,,311097,4,,,1,30,,311098,4,,,1,70,,311099,4,,,1,30,,311100,4,,,1,70,,311101,4,,,1,30,,311102,4,,,1,20,,311103,4,0,7 40 41,1,55,,311104,4,,,1,20,,311105,4,,,1,70,,311106,4,,,1,30,,311107,4,,,1,15,,311108,4,0,7 40 41,1,55,,311109,4,,,1,30,,311110,4,,,1,15,,311111,4,0,7 40 41,1,55,,311112,4,,,1,30,,311113,4,,,1,70,,311114,4,,,1,45,,311115,4,,,1,110,,311116,4,,,1,100,,311117,4,,,1,245,,311118,4,,,1
5601,'20261103',349,,311119,4,,,1,95,,311121,4,,,1,65,,311123,4,,,1,30,,311125,4,,,1,67,,311127,4,,,1,30,,311128,4,,,1,75,,311129,4,,,1,25,,311130,4,,,1,70,,311131,4,,,1,35,,311132,4,,,1,70,,311133,4,,,1,30,,311134,4,,,1,70,,311135,4,,,1,30,,311136,4,,,1,65,,311137,4,,,1,30,,311138,4,,,1,70,,311139,4,,,1,30,,311140,4,,,1,70,,311141,4,,,1,30,,311142,4,,,1,20,,311143,4,0,7 40 41,1,55,,311144,4,,,1,20,,311145,4,,,1,70,,311146,4,,,1,30,,311147,4,,,1,15,,311148,4,0,7 40 41,1,55,,311149,4,,,1,30,,311150,4,,,1,15,,311151,4,0,7 40 41,1,55,,311152,4,,,1,30,,311153,4,,,1,70,,311154,4,,,1,45,,311155,4,,,1,110,,311156,4,,,1,100,,311157,4,,,1,245,,311158,4,,,1
5601,'20261104',349,,311159,4,,,1,95,,311161,4,,,1,65,,311163,4,,,1,30,,311165,4,,,1,67,,311167,4,,,1,30,,311168,4,,,1,75,,311169,4,,,1,25,,311170,4,,,1,70,,311171,4,,,1,35,,311172,4,,,1,70,,311173,4,,,1,30,,311174,4,,,1,70,,311175,4,,,1,30,,311176,4,,,1,65,,311177,4,,,1,30,,311178,4,,,1,70,,311179,4,,,1,30,,311180,4,,,1,70,,311181,4,,,1,30,,311182,4,,,1,20,,311183,4,0,7 40 41,1,55,,311184,4,,,1,20,,311185,4,,,1,70,,311186,4,,,1,30,,311187,4,,,1,15,,311188,4,0,7 40 41,1,55,,311189,4,,,1,30,,311190,4,,,1,15,,311191,4,0,7 40 41,1,55,,311192,4,,,1,30,,311193,4,,,1,70,,311194,4,,,1,45,,311195,4,,,1,110,,311196,4,,,1,100,,311197,4,,,1,245,,311198,4,,,1
5601,'20261105',349,,311199,4,,,1,95,,311201,4,,,1,65,,311203,4,,,1,30,,311205,4,,,1,67,,311207,4,,,1,30,,311208,4,,,1,75,,311209,4,,,1,25,,311210,4,,,1,70,,311211,4,,,1,35,,311212,4,,,1,70,,311213,4,,,1,30,,311214,4,,,1,70,,311215,4,,,1,30,,311216,4,,,1,65,,311217,4,,,1,30,,311218,4,,,1,70,,311219,4,,,1,30,,311220,4,,,1,70,,311221,4,,,1,30,,311222,4,,,1,20,,311223,4,0,7 40 41,1,55,,311224,4,,,1,20,,311225,4,,,1,70,,311226,4,,,1,30,,311227,4,,,1,15,,311228,4,0,7 40 41,1,55,,311229,4,,,1,30,,311230,4,,,1,15,,311231,4,0,7 40 41,1,55,,311232,4,,,1,30,,311233,4,,,1,70,,311234,4,,,1,45,,311235,4,,,1,110,,311236,4,,,1,100,,311237,4,,,1,245,,311238,4,,,1
5601,'20261106',349,,311239,4,,,1,95,,311241,4,,,1,65,,311243,4,,,1,30,,311245,4,,,1,67,,311247,4,,,1,30,,311248,4,,,1,75,,311249,4,,,1,25,,311250,4,,,1,70,,311251,4,,,1,35,,311252,4,,,1,70,,311253,4,,,1,30,,311254,4,,,1,70,,311255,4,,,1,30,,311256,4,,,1,65,,311257,4,,,1,30,,311258,4,,,1,70,,311259,4,,,1,30,,311260,4,,,1,70,,311261,4,,,1,30,,311262,4,,,1,20,,311263,4,0,7 40 41,1,55,,311264,4,,,1,20,,311265,4,,,1,70,,311266,4,,,1,30,,311267,4,,,1,15,,311268,4,0,7 40 41,1,55,,311269,4,,,1,30,,311270,4,,,1,15,,311271,4,0,7 40 41,1,55,,311272,4,,,1,30,,311273,4,,,1,70,,311274,4,,,1,45,,311275,4,,,1,110,,311276,4,,,1,100,,311277,4,,,1,245,,311278,4,,,1
5601,'20261109',349,,311279,4,,,1,95,,311281,4,,,1,65,,311283,4,,,1,30,,311285,4,,,1,67,,311287,4,,,1,30,,311288,4,,,1,75,,311289,4,,,1,25,,311290,4,,,1,70,,311291,4,,,1,35,,311292,4,,,1,70,,311293,4,,,1,30,,311294,4,,,1,70,,311295,4,,,1,30,,311296,4,,,1,65,,311297,4,,,1,30,,311298,4,,,1,70,,311299,4,,,1,30,,311300,4,,,1,70,,311301,4,,,1,30,,311302,4,,,1,20,,311303,4,0,7 40 41,1,55,,311304,4,,,1,20,,311305,4,,,1,70,,311306,4,,,1,30,,311307,4,,,1,15,,311308,4,0,7 40 41,1,55,,311309,4,,,1,30,,311310,4,,,1,15,,311311,4,0,7 40 41,1,55,,311312,4,,,1,30,,311313,4,,,1,70,,311314,4,,,1,45,,311315,4,,,1,110,,311316,4,,,1,100,,311317,4,,,1,245,,311318,4,,,1
5601,'20261110',349,,311319,4,,,1,95,,311321,4,,,1,65,,311323,4,,,1,30,,311325,4,,,1,67,,311327,4,,,1,30,,311328,4,,,1,75,,311329,4,,,1,25,,311330,4,,,1,70,,311331,4,,,1,35,,311332,4,,,1,70,,311333,4,,,1,30,,311334,4,,,1,70,,311335,4,,,1,30,,311336,4,,,1,65,,311337,4,,,1,30,,311338,4,,,1,70,,311339,4,,,1,30,,311340,4,,,1,70,,311341,4,,,1,30,,311342,4,,,1,20,,311343,4,0,7 40 41,1,55,,311344,4,,,1,20,,311345,4,,,1,70,,311346,4,,,1,30,,311347,4,,,1,15,,311348,4,0,7 40 41,1,55,,311349,4,,,1,30,,311350,4,,,1,15,,311351,4,0,7 40 41,1,55,,311352,4,,,1,30,,311353,4,,,1,70,,311354,4,,,1,45,,311355,4,,,1,110,,311356,4,,,1,100,,311357,4,,,1,245,,311358,4,,,1
5601,'20261111',349,,311359,4,,,1,95,,311361,4,,,1,65,,311363,4,,,1,30,,311365,4,,,1,67,,311367,4,,,1,30,,311368,4,,,1,75,,311369,4,,,1,25,,311370,4,,,1,70,,311371,4,,,1,35,,311372,4,,,1,70,,311373,4,,,1,30,,311374,4,,,1,70,,311375,4,,,1,30,,311376,4,,,1,65,,311377,4,,,1,30,,311378,4,,,1,70,,311379,4,,,1,30,,311380,4,,,1,70,,311381,4,,,1,30,,311382,4,,,1,20,,311383,4,0,7 40 41,1,55,,311384,4,,,1,20,,311385,4,,,1,70,,311386,4,,,1,30,,311387,4,,,1,15,,311388,4,0,7 40 41,1,55,,311389,4,,,1,30,,311390,4,,,1,15,,311391,4,0,7 40 41,1,55,,311392,4,,,1,30,,311393,4,,,1,70,,311394,4,,,1,45,,311395,4,,,1,110,,311396,4,,,1,100,,311397,4,,,1,245,,311398,4,,,1
5601,'20261112',349,,311399,4,,,1,95,,311401,4,,,1,65,,311403,4,,,1,30,,311405,4,,,1,67,,311407,4,,,1,30,,311408,4,,,1,75,,311409,4,,,1,25,,311410,4,,,1,70,,311411,4,,,1,35,,311412,4,,,1,70,,311413,4,,,1,30,,311414,4,,,1,70,,311415,4,,,1,30,,311416,4,,,1,65,,311417,4,,,1,30,,311418,4,,,1,70,,311419,4,,,1,30,,311420,4,,,1,70,,311421,4,,,1,30,,311422,4,,,1,20,,311423,4,0,7 40 41,1,55,,311424,4,,,1,20,,311425,4,,,1,70,,311426,4,,,1,30,,311427,4,,,1,15,,311428,4,0,7 40 41,1,55,,311429,4,,,1,30,,311430,4,,,1,15,,311431,4,0,7 40 41,1,55,,311432,4,,,1,30,,311433,4,,,1,70,,311434,4,,,1,45,,311435,4,,,1,110,,311436,4,,,1,100,,311437,4,,,1,245,,311438,4,,,1
5601,'20261113',349,,311439,4,,,1,95,,311441,4,,,1,65,,311443,4,,,1,30,,311445,4,,,1,67,,311447,4,,,1,30,,311448,4,,,1,75,,311449,4,,,1,25,,311450,4,,,1,70,,311451,4,,,1,35,,311452,4,,,1,70,,311453,4,,,1,30,,311454,4,,,1,70,,311455,4,,,1,30,,311456,4,,,1,65,,311457,4,,,1,30,,311458,4,,,1,70,,311459,4,,,1,30,,311460,4,,,1,70,,311461,4,,,1,30,,311462,4,,,1,20,,311463,4,0,7 40 41,1,55,,311464,4,,,1,20,,311465,4,,,1,70,,311466,4,,,1,30,,311467,4,,,1,15,,311468,4,0,7 40 41,1,55,,311469,4,,,1,30,,311470,4,,,1,15,,311471,4,0,7 40 41,1,55,,311472,4,,,1,30,,311473,4,,,1,70,,311474,4,,,1,45,,311475,4,,,1,110,,311476,4,,,1,100,,311477,4,,,1,245,,311478,4,,,1
5601,'20261116',349,,311479,4,,,1,95,,311481,4,,,1,65,,311483,4,,,1,30,,311485,4,,,1,67,,311487,4,,,1,30,,311488,4,,,1,75,,311489,4,,,1,25,,311490,4,,,1,70,,311491,4,,,1,35,,311492,4,,,1,70,,311493,4,,,1,30,,311494,4,,,1,70,,311495,4,,,1,30,,311496,4,,,1,65,,311497,4,,,1,30,,311498,4,,,1,70,,311499,4,,,1,30,,311500,4,,,1,70,,311501,4,,,1,30,,311502,4,,,1,20,,311503,4,0,7 40 41,1,55,,311504,4,,,1,20,,311505,4,,,1,70,,311506,4,,,1,30,,311507,4,,,1,15,,311508,4,0,7 40 41,1,55,,311509,4,,,1,30,,311510,4,,,1,15,,311511,4,0,7 40 41,1,55,,311512,4,,,1,30,,311513,4,,,1,70,,311514,4,,,1,45,,311515,4,,,1,110,,311516,4,,,1,100,,311517,4,,,1,245,,311518,4,,,1
5601,'20261117',349,,311519,4,,,1,95,,311521,4,,,1,65,,311523,4,,,1,30,,311525,4,,,1,67,,311527,4,,,1,30,,311528,4,,,1,75,,311529,4,,,1,25,,311530,4,,,1,70,,311531,4,,,1,35,,311532,4,,,1,70,,311533,4,,,1,30,,311534,4,,,1,70,,311535,4,,,1,30,,311536,4,,,1,65,,311537,4,,,1,30,,311538,4,,,1,70,,311539,4,,,1,30,,311540,4,,,1,70,,311541,4,,,1,30,,311542,4,,,1,20,,311543,4,0,7 40 41,1,55,,311544,4,,,1,20,,311545,4,,,1,70,,311546,4,,,1,30,,311547,4,,,1,15,,311548,4,0,7 40 41,1,55,,311549,4,,,1,30,,311550,4,,,1,15,,311551,4,0,7 40 41,1,55,,311552,4,,,1,30,,311553,4,,,1,70,,311554,4,,,1,45,,311555,4,,,1,110,,311556,4,,,1,100,,311557,4,,,1,245,,311558,4,,,1
5601,'20261118',349,,311559,4,,,1,95,,311561,4,,,1,65,,311563,4,,,1,30,,311565,4,,,1,67,,311567,4,,,1,30,,311568,4,,,1,75,,311569,4,,,1,25,,311570,4,,,1,70,,311571,4,,,1,35,,311572,4,,,1,70,,311573,4,,,1,30,,311574,4,,,1,70,,311575,4,,,1,30,,311576,4,,,1,65,,311577,4,,,1,30,,311578,4,,,1,70,,311579,4,,,1,30,,311580,4,,,1,70,,311581,4,,,1,30,,311582,4,,,1,20,,311583,4,0,7 40 41,1,55,,311584,4,,,1,20,,311585,4,,,1,70,,311586,4,,,1,30,,311587,4,,,1,15,,311588,4,0,7 40 41,1,55,,311589,4,,,1,30,,311590,4,,,1,15,,311591,4,0,7 40 41,1,55,,311592,4,,,1,30,,311593,4,,,1,70,,311594,4,,,1,45,,311595,4,,,1,110,,311596,4,,,1,100,,311597,4,,,1,245,,311598,4,,,1
5601,'20261119',349,,311599,4,,,1,95,,311601,4,,,1,65,,311603,4,,,1,30,,311605,4,,,1,67,,311607,4,,,1,30,,311608,4,,,1,75,,311609,4,,,1,25,,311610,4,,,1,70,,311611,4,,,1,35,,311612,4,,,1,70,,311613,4,,,1,30,,311614,4,,,1,70,,311615,4,,,1,30,,311616,4,,,1,65,,311617,4,,,1,30,,311618,4,,,1,70,,311619,4,,,1,30,,311620,4,,,1,70,,311621,4,,,1,30,,311622,4,,,1,20,,311623,4,0,7 40 41,1,55,,311624,4,,,1,20,,311625,4,,,1,70,,311626,4,,,1,30,,311627,4,,,1,15,,311628,4,0,7 40 41,1,55,,311629,4,,,1,30,,311630,4,,,1,15,,311631,4,0,7 40 41,1,55,,311632,4,,,1,30,,311633,4,,,1,70,,311634,4,,,1,45,,311635,4,,,1,110,,311636,4,,,1,100,,311637,4,,,1,245,,311638,4,,,1
5601,'20261120',349,,311639,4,,,1,95,,311641,4,,,1,65,,311643,4,,,1,30,,311645,4,,,1,67,,311647,4,,,1,30,,311648,4,,,1,75,,311649,4,,,1,25,,311650,4,,,1,70,,311651,4,,,1,35,,311652,4,,,1,70,,311653,4,,,1,30,,311654,4,,,1,70,,311655,4,,,1,30,,311656,4,,,1,65,,311657,4,,,1,30,,311658,4,,,1,70,,311659,4,,,1,30,,311660,4,,,1,70,,311661,4,,,1,30,,311662,4,,,1,20,,311663,4,0,7 40 41,1,55,,311664,4,,,1,20,,311665,4,,,1,70,,311666,4,,,1,30,,311667,4,,,1,15,,311668,4,0,7 40 41,1,55,,311669,4,,,1,30,,311670,4,,,1,15,,311671,4,0,7 40 41,1,55,,311672,4,,,1,30,,311673,4,,,1,70,,311674,4,,,1,45,,311675,4,,,1,110,,311676,4,,,1,100,,311677,4,,,1,245,,311678,4,,,1
5601,'20261123',349,,311679,4,,,1,95,,311681,4,,,1,65,,311683,4,,,1,30,,311685,4,,,1,67,,311687,4,,,1,30,,311688,4,,,1,75,,311689,4,,,1,25,,311690,4,,,1,70,,311691,4,,,1,35,,311692,4,,,1,70,,311693,4,,,1,30,,311694,4,,,1,70,,311695,4,,,1,30,,311696,4,,,1,65,,311697,4,,,1,30,,311698,4,,,1,70,,311699,4,,,1,30,,311700,4,,,1,70,,311701,4,,,1,30,,311702,4,,,1,20,,311703,4,0,7 40 41,1,55,,311704,4,,,1,20,,311705,4,,,1,70,,311706,4,,,1,30,,311707,4,,,1,15,,311708,4,0,7 40 41,1,55,,311709,4,,,1,30,,311710,4,,,1,15,,311711,4,0,7 40 41,1,55,,311712,4,,,1,30,,311713,4,,,1,70,,311714,4,,,1,45,,311715,4,,,1,110,,311716,4,,,1,100,,311717,4,,,1,245,,311718,4,,,1
5601,'20261124',349,,311719,4,,,1,95,,311721,4,,,1,65,,311723,4,,,1,30,,311725,4,,,1,67,,311727,4,,,1,30,,311728,4,,,1,75,,311729,4,,,1,25,,311730,4,,,1,70,,311731,4,,,1,35,,311732,4,,,1,70,,311733,4,,,1,30,,311734,4,,,1,70,,311735,4,,,1,30,,311736,4,,,1,65,,311737,4,,,1,30,,311738,4,,,1,70,,311739,4,,,1,30,,311740,4,,,1,70,,311741,4,,,1,30,,311742,4,,,1,20,,311743,4,0,7 40 41,1,55,,311744,4,,,1,20,,311745,4,,,1,70,,311746,4,,,1,30,,311747,4,,,1,15,,311748,4,0,7 40 41,1,55,,311749,4,,,1,30,,311750,4,,,1,15,,311751,4,0,7 40 41,1,55,,311752,4,,,1,30,,311753,4,,,1,70,,311754,4,,,1,45,,311755,4,,,1,110,,311756,4,,,1,100,,311757,4,,,1,245,,311758,4,,,1
5601,'20261125',349,,311759,4,,,1,95,,311761,4,,,1,65,,311763,4,,,1,30,,311765,4,,,1,67,,311767,4,,,1,30,,311768,4,,,1,75,,311769,4,,,1,25,,311770,4,,,1,70,,311771,4,,,1,35,,311772,4,,,1,70,,311773,4,,,1,30,,311774,4,,,1,70,,311775,4,,,1,30,,311776,4,,,1,65,,311777,4,,,1,30,,311778,4,,,1,70,,311779,4,,,1,30,,311780,4,,,1,70,,311781,4,,,1,30,,311782,4,,,1,20,,311783,4,0,7 40 41,1,55,,311784,4,,,1,20,,311785,4,,,1,70,,311786,4,,,1,30,,311787,4,,,1,15,,311788,4,0,7 40 41,1,55,,311789,4,,,1,30,,311790,4,,,1,15,,311791,4,0,7 40 41,1,55,,311792,4,,,1,30,,311793,4,,,1,70,,311794,4,,,1,45,,311795,4,,,1,110,,311796,4,,,1,100,,311797,4,,,1,245,,311798,4,,,1
5601,'20261126',349,,311799,4,,,1,95,,311801,4,,,1,65,,311803,4,,,1,30,,311805,4,,,1,67,,311807,4,,,1,30,,311808,4,,,1,75,,311809,4,,,1,25,,311810,4,,,1,70,,311811,4,,,1,35,,311812,4,,,1,70,,311813,4,,,1,30,,311814,4,,,1,70,,311815,4,,,1,30,,311816,4,,,1,65,,311817,4,,,1,30,,311818,4,,,1,70,,311819,4,,,1,30,,311820,4,,,1,70,,311821,4,,,1,30,,311822,4,,,1,20,,311823,4,0,7 40 41,1,55,,311824,4,,,1,20,,311825,4,,,1,70,,311826,4,,,1,30,,311827,4,,,1,15,,311828,4,0,7 40 41,1,55,,311829,4,,,1,30,,311830,4,,,1,15,,311831,4,0,7 40 41,1,55,,311832,4,,,1,30,,311833,4,,,1,70,,311834,4,,,1,45,,311835,4,,,1,110,,311836,4,,,1,100,,311837,4,,,1,245,,311838,4,,,1
5601,'20261127',349,,311839,4,,,1,95,,311841,4,,,1,65,,311843,4,,,1,30,,311845,4,,,1,67,,311847,4,,,1,30,,311848,4,,,1,75,,311849,4,,,1,25,,311850,4,,,1,70,,311851,4,,,1,35,,311852,4,,,1,70,,311853,4,,,1,30,,311854,4,,,1,70,,311855,4,,,1,30,,311856,4,,,1,65,,311857,4,,,1,30,,311858,4,,,1,70,,311859,4,,,1,30,,311860,4,,,1,70,,311861,4,,,1,30,,311862,4,,,1,20,,311863,4,0,7 40 41,1,55,,311864,4,,,1,20,,311865,4,,,1,70,,311866,4,,,1,30,,311867,4,,,1,15,,311868,4,0,7 40 41,1,55,,311869,4,,,1,30,,311870,4,,,1,15,,311871,4,0,7 40 41,1,55,,311872,4,,,1,30,,311873,4,,,1,70,,311874,4,,,1,45,,311875,4,,,1,110,,311876,4,,,1,100,,311877,4,,,1,245,,311878,4,,,1
