1501,'20260831',822,,128630,13,0,5 65 1 66,1,632,,128635,13,0,5 65 1 66,1,248,,128637,13,0,5 65 1 66,1
1501,'20260901',822,,128644,13,0,5 65 1 66,1,632,,128649,13,0,5 65 1 66,1,248,,128651,13,0,5 65 1 66,1
1501,'20260902',822,,128658,13,0,5 65 1 66,1,632,,128663,13,0,5 65 1 66,1,248,,128665,13,0,5 65 1 66,1
1501,'20260903',822,,128672,13,0,5 65 1 66,1,632,,128677,13,0,5 65 1 66,1,248,,128679,13,0,5 65 1 66,1
1501,'20260904',822,,128686,13,0,5 65 1 66,1,632,,128691,13,0,5 65 1 66,1,248,,128693,13,0,5 65 1 66,1
1501,'20260905',935,,227917,13,0,5 65 1 66,1,588,,227920,13,0,5 65 1 66,1,601,,227925,13,0,5 65 1 66,1
1501,'20260906',935,,227929,13,0,5 65 1 66,1,588,,227932,13,0,5 65 1 66,1,601,,227937,13,0,5 65 1 66,1
1501,'20260907',935,,227941,13,0,5 65 1 66,1,588,,227944,13,0,5 65 1 66,1,601,,227949,13,0,5 65 1 66,1
1501,'20260908',822,,227953,13,0,5 65 1 66,1,628,,227959,13,0,5 65 1 66,1,208,,227961,13,0,5 65 1 66,1
1501,'20260909',822,,227968,13,0,5 65 1 66,1,628,,227974,13,0,5 65 1 66,1,208,,227976,13,0,5 65 1 66,1
1501,'20260910',822,,227983,13,0,5 65 1 66,1,628,,227989,13,0,5 65 1 66,1,208,,227991,13,0,5 65 1 66,1
1501,'20260911',822,,227998,13,0,5 65 1 66,1,628,,228004,13,0,5 65 1 66,1,208,,228006,13,0,5 65 1 66,1
1501,'20260912',935,,228013,13,0,5 65 1 66,1,588,,228016,13,0,5 65 1 66,1,601,,228021,13,0,5 65 1 66,1
1501,'20260913',935,,228025,13,0,5 65 1 66,1,588,,228028,13,0,5 65 1 66,1,601,,228033,13,0,5 65 1 66,1
1501,'20260914',822,,228037,13,0,5 65 1 66,1,628,,228043,13,0,5 65 1 66,1,208,,228045,13,0,5 65 1 66,1
1501,'20260915',822,,228052,13,0,5 65 1 66,1,628,,228058,13,0,5 65 1 66,1,208,,228060,13,0,5 65 1 66,1
1501,'20260916',822,,228067,13,0,5 65 1 66,1,628,,228073,13,0,5 65 1 66,1,208,,228075,13,0,5 65 1 66,1
1501,'20260917',822,,228082,13,0,5 65 1 66,1,628,,228088,13,0,5 65 1 66,1,208,,228090,13,0,5 65 1 66,1
1501,'20260918',822,,228097,13,0,5 65 1 66,1,628,,228103,13,0,5 65 1 66,1,208,,228105,13,0,5 65 1 66,1
1501,'20260919',935,,228112,13,0,5 65 1 66,1,588,,228115,13,0,5 65 1 66,1,601,,228120,13,0,5 65 1 66,1
1501,'20260920',935,,228124,13,0,5 65 1 66,1,588,,228127,13,0,5 65 1 66,1,601,,228132,13,0,5 65 1 66,1
1501,'20260921',822,,228136,13,0,5 65 1 66,1,628,,228142,13,0,5 65 1 66,1,208,,228144,13,0,5 65 1 66,1
1501,'20260922',822,,228151,13,0,5 65 1 66,1,628,,228157,13,0,5 65 1 66,1,208,,228159,13,0,5 65 1 66,1
1501,'20260923',822,,228166,13,0,5 65 1 66,1,628,,228172,13,0,5 65 1 66,1,208,,228174,13,0,5 65 1 66,1
1501,'20260924',822,,228181,13,0,5 65 1 66,1,628,,228187,13,0,5 65 1 66,1,208,,228189,13,0,5 65 1 66,1
1501,'20260925',822,,228196,13,0,5 65 1 66,1,628,,228202,13,0,5 65 1 66,1,208,,228204,13,0,5 65 1 66,1
1501,'20260926',935,,228211,13,0,5 65 1 66,1,588,,228214,13,0,5 65 1 66,1,601,,228219,13,0,5 65 1 66,1
1501,'20260927',935,,228223,13,0,5 65 1 66,1,588,,228226,13,0,5 65 1 66,1,601,,228231,13,0,5 65 1 66,1
1501,'20260928',822,,228235,13,0,5 65 1 66,1,628,,228241,13,0,5 65 1 66,1,208,,228243,13,0,5 65 1 66,1
1501,'20260929',822,,228250,13,0,5 65 1 66,1,628,,228256,13,0,5 65 1 66,1,208,,228258,13,0,5 65 1 66,1
1501,'20260930',822,,228265,13,0,5 65 1 66,1,628,,228271,13,0,5 65 1 66,1,208,,228273,13,0,5 65 1 66,1
1501,'20261001',822,,228280,13,0,5 65 1 66,1,628,,228286,13,0,5 65 1 66,1,208,,228288,13,0,5 65 1 66,1
1501,'20261002',822,,228295,13,0,5 65 1 66,1,628,,228301,13,0,5 65 1 66,1,208,,228303,13,0,5 65 1 66,1
1501,'20261003',935,,228310,13,0,5 65 1 66,1,588,,228313,13,0,5 65 1 66,1,601,,228318,13,0,5 65 1 66,1
1501,'20261004',935,,228322,13,0,5 65 1 66,1,588,,228325,13,0,5 65 1 66,1,601,,228330,13,0,5 65 1 66,1
1501,'20261005',822,,228334,13,0,5 65 1 66,1,628,,228340,13,0,5 65 1 66,1,208,,228342,13,0,5 65 1 66,1
1501,'20261006',822,,228349,13,0,5 65 1 66,1,628,,228355,13,0,5 65 1 66,1,208,,228357,13,0,5 65 1 66,1
1501,'20261007',822,,228364,13,0,5 65 1 66,1,628,,228370,13,0,5 65 1 66,1,208,,228372,13,0,5 65 1 66,1
1501,'20261008',822,,228379,13,0,5 65 1 66,1,628,,228385,13,0,5 65 1 66,1,208,,228387,13,0,5 65 1 66,1
1501,'20261009',822,,228394,13,0,5 65 1 66,1,628,,228400,13,0,5 65 1 66,1,208,,228402,13,0,5 65 1 66,1
1501,'20261010',935,,228409,13,0,5 65 1 66,1,588,,228412,13,0,5 65 1 66,1,601,,228417,13,0,5 65 1 66,1
1501,'20261011',935,,228421,13,0,5 65 1 66,1,588,,228424,13,0,5 65 1 66,1,601,,228429,13,0,5 65 1 66,1
1501,'20261012',935,,228433,13,0,5 65 1 66,1,588,,228436,13,0,5 65 1 66,1,601,,228441,13,0,5 65 1 66,1
1501,'20261013',822,,228445,13,0,5 65 1 66,1,628,,228451,13,0,5 65 1 66,1,208,,228453,13,0,5 65 1 66,1
1501,'20261014',822,,228460,13,0,5 65 1 66,1,628,,228466,13,0,5 65 1 66,1,208,,228468,13,0,5 65 1 66,1
1501,'20261015',822,,228475,13,0,5 65 1 66,1,628,,228481,13,0,5 65 1 66,1,208,,228483,13,0,5 65 1 66,1
1501,'20261016',822,,228490,13,0,5 65 1 66,1,628,,228496,13,0,5 65 1 66,1,208,,228498,13,0,5 65 1 66,1
1501,'20261017',935,,228505,13,0,5 65 1 66,1,588,,228508,13,0,5 65 1 66,1,601,,228513,13,0,5 65 1 66,1
1501,'20261018',935,,228517,13,0,5 65 1 66,1,588,,228520,13,0,5 65 1 66,1,601,,228525,13,0,5 65 1 66,1
1501,'20261019',822,,228529,13,0,5 65 1 66,1,628,,228535,13,0,5 65 1 66,1,208,,228537,13,0,5 65 1 66,1
1501,'20261020',822,,228544,13,0,5 65 1 66,1,628,,228550,13,0,5 65 1 66,1,208,,228552,13,0,5 65 1 66,1
1501,'20261021',822,,228559,13,0,5 65 1 66,1,628,,228565,13,0,5 65 1 66,1,208,,228567,13,0,5 65 1 66,1
1501,'20261022',822,,228574,13,0,5 65 1 66,1,628,,228580,13,0,5 65 1 66,1,208,,228582,13,0,5 65 1 66,1
1501,'20261023',822,,228589,13,0,5 65 1 66,1,628,,228595,13,0,5 65 1 66,1,208,,228597,13,0,5 65 1 66,1
1501,'20261024',935,,228604,13,0,5 65 1 66,1,588,,228607,13,0,5 65 1 66,1,601,,228612,13,0,5 65 1 66,1
1501,'20261025',935,,228616,13,0,5 65 1 66,1,588,,228619,13,0,5 65 1 66,1,601,,228624,13,0,5 65 1 66,1
1501,'20261026',822,,228628,13,0,5 65 1 66,1,628,,228634,13,0,5 65 1 66,1,208,,228636,13,0,5 65 1 66,1
1501,'20261027',822,,228643,13,0,5 65 1 66,1,628,,228649,13,0,5 65 1 66,1,208,,228651,13,0,5 65 1 66,1
1501,'20261028',822,,228658,13,0,5 65 1 66,1,628,,228664,13,0,5 65 1 66,1,208,,228666,13,0,5 65 1 66,1
1501,'20261029',822,,228673,13,0,5 65 1 66,1,628,,228679,13,0,5 65 1 66,1,208,,228681,13,0,5 65 1 66,1
1501,'20261030',822,,228688,13,0,5 65 1 66,1,628,,228694,13,0,5 65 1 66,1,208,,228696,13,0,5 65 1 66,1
1501,'20261031',935,,228703,13,0,5 65 1 66,1,588,,228706,13,0,5 65 1 66,1,601,,228711,13,0,5 65 1 66,1
1501,'20261101',935,,228715,13,0,5 65 1 66,1,588,,228718,13,0,5 65 1 66,1,601,,228723,13,0,5 65 1 66,1
1501,'20261102',822,,228727,13,0,5 65 1 66,1,628,,228733,13,0,5 65 1 66,1,208,,228735,13,0,5 65 1 66,1
1501,'20261103',822,,228742,13,0,5 65 1 66,1,628,,228748,13,0,5 65 1 66,1,208,,228750,13,0,5 65 1 66,1
1501,'20261104',822,,228757,13,0,5 65 1 66,1,628,,228763,13,0,5 65 1 66,1,208,,228765,13,0,5 65 1 66,1
1501,'20261105',822,,228772,13,0,5 65 1 66,1,628,,228778,13,0,5 65 1 66,1,208,,228780,13,0,5 65 1 66,1
1501,'20261106',822,,228787,13,0,5 65 1 66,1,628,,228793,13,0,5 65 1 66,1,208,,228795,13,0,5 65 1 66,1
1501,'20261107',935,,228802,13,0,5 65 1 66,1,588,,228805,13,0,5 65 1 66,1,601,,228810,13,0,5 65 1 66,1
1501,'20261108',935,,228814,13,0,5 65 1 66,1,588,,228817,13,0,5 65 1 66,1,601,,228822,13,0,5 65 1 66,1
1501,'20261109',822,,228826,13,0,5 65 1 66,1,628,,228832,13,0,5 65 1 66,1,208,,228834,13,0,5 65 1 66,1
1501,'20261110',822,,228841,13,0,5 65 1 66,1,628,,228847,13,0,5 65 1 66,1,208,,228849,13,0,5 65 1 66,1
1501,'20261111',822,,228856,13,0,5 65 1 66,1,628,,228862,13,0,5 65 1 66,1,208,,228864,13,0,5 65 1 66,1
1501,'20261112',822,,228871,13,0,5 65 1 66,1,628,,228877,13,0,5 65 1 66,1,208,,228879,13,0,5 65 1 66,1
1501,'20261113',822,,228886,13,0,5 65 1 66,1,628,,228892,13,0,5 65 1 66,1,208,,228894,13,0,5 65 1 66,1
1501,'20261114',935,,228901,13,0,5 65 1 66,1,588,,228904,13,0,5 65 1 66,1,601,,228909,13,0,5 65 1 66,1
1501,'20261115',935,,228913,13,0,5 65 1 66,1,588,,228916,13,0,5 65 1 66,1,601,,228921,13,0,5 65 1 66,1
1501,'20261116',822,,228925,13,0,5 65 1 66,1,628,,228931,13,0,5 65 1 66,1,208,,228933,13,0,5 65 1 66,1
1501,'20261117',822,,228940,13,0,5 65 1 66,1,628,,228946,13,0,5 65 1 66,1,208,,228948,13,0,5 65 1 66,1
1501,'20261118',822,,228955,13,0,5 65 1 66,1,628,,228961,13,0,5 65 1 66,1,208,,228963,13,0,5 65 1 66,1
1501,'20261119',822,,228970,13,0,5 65 1 66,1,628,,228976,13,0,5 65 1 66,1,208,,228978,13,0,5 65 1 66,1
1501,'20261120',822,,228985,13,0,5 65 1 66,1,628,,228991,13,0,5 65 1 66,1,208,,228993,13,0,5 65 1 66,1
1501,'20261121',935,,229000,13,0,5 65 1 66,1,588,,229003,13,0,5 65 1 66,1,601,,229008,13,0,5 65 1 66,1
1501,'20261122',935,,229012,13,0,5 65 1 66,1,588,,229015,13,0,5 65 1 66,1,601,,229020,13,0,5 65 1 66,1
1501,'20261123',822,,229024,13,0,5 65 1 66,1,628,,229030,13,0,5 65 1 66,1,208,,229032,13,0,5 65 1 66,1
1501,'20261124',822,,229039,13,0,5 65 1 66,1,628,,229045,13,0,5 65 1 66,1,208,,229047,13,0,5 65 1 66,1
1501,'20261125',822,,229054,13,0,5 65 1 66,1,628,,229060,13,0,5 65 1 66,1,208,,229062,13,0,5 65 1 66,1
1501,'20261126',822,,229069,13,0,5 65 1 66,1,628,,229075,13,0,5 65 1 66,1,208,,229077,13,0,5 65 1 66,1
1501,'20261127',822,,229084,13,0,5 65 1 66,1,628,,229090,13,0,5 65 1 66,1,208,,229092,13,0,5 65 1 66,1
