2100,'20260831',346,,143571,2,,,1,75,,143572,2,,,1,25,,143573,2,,,1,455,,143575,2,0,7 29 30,1,20,,143578,2,0,7 29 30,1,20,,143580,2,0,7 29 30,1,60,,143581,2,0,7 29 30,1,20,,143584,2,0,7 29 30,1,20,,143586,2,0,7 29 30,1,60,,143587,2,0,7 29 30,1,20,,143590,2,0,7 29 30,1,30,,143591,2,0,7 29 30,1,70,,143594,2,0,7 29 30,1,30,,143595,2,0,7 29 30,1,70,,143598,2,0,7 29 30,1,95,,143601,2,0,7 29 30,1,100,,143603,2,0,7 29 30,1,95,,143607,2,,,1,105,,143608,2,,,1,95,,143609,2,,,1,100,,143610,2,,,1,100,,143611,2,,,1,105,,143612,2,,,1,100,,143613,2,,,1,100,,143614,2,,,1,110,,143615,2,,,1
2100,'20260901',346,,143616,2,,,1,75,,143617,2,,,1,25,,143618,2,,,1,455,,143620,2,0,7 29 30,1,20,,143623,2,0,7 29 30,1,20,,143625,2,0,7 29 30,1,60,,143626,2,0,7 29 30,1,20,,143629,2,0,7 29 30,1,20,,143631,2,0,7 29 30,1,60,,143632,2,0,7 29 30,1,20,,143635,2,0,7 29 30,1,30,,143636,2,0,7 29 30,1,70,,143639,2,0,7 29 30,1,30,,143640,2,0,7 29 30,1,70,,143643,2,0,7 29 30,1,95,,143646,2,0,7 29 30,1,100,,143648,2,0,7 29 30,1,95,,143652,2,,,1,105,,143653,2,,,1,95,,143654,2,,,1,100,,143655,2,,,1,100,,143656,2,,,1,105,,143657,2,,,1,100,,143658,2,,,1,100,,143659,2,,,1,110,,143660,2,,,1
2100,'20260902',346,,143661,2,,,1,75,,143662,2,,,1,25,,143663,2,,,1,455,,143665,2,0,7 29 30,1,20,,143668,2,0,7 29 30,1,20,,143670,2,0,7 29 30,1,60,,143671,2,0,7 29 30,1,20,,143674,2,0,7 29 30,1,20,,143676,2,0,7 29 30,1,60,,143677,2,0,7 29 30,1,20,,143680,2,0,7 29 30,1,30,,143681,2,0,7 29 30,1,70,,143684,2,0,7 29 30,1,30,,143685,2,0,7 29 30,1,70,,143688,2,0,7 29 30,1,95,,143691,2,0,7 29 30,1,100,,143693,2,0,7 29 30,1,95,,143697,2,,,1,105,,143698,2,,,1,95,,143699,2,,,1,100,,143700,2,,,1,100,,143701,2,,,1,105,,143702,2,,,1,100,,143703,2,,,1,100,,143704,2,,,1,110,,143705,2,,,1
2100,'20260903',346,,143706,2,,,1,75,,143707,2,,,1,25,,143708,2,,,1,455,,143710,2,0,7 29 30,1,20,,143713,2,0,7 29 30,1,20,,143715,2,0,7 29 30,1,60,,143716,2,0,7 29 30,1,20,,143719,2,0,7 29 30,1,20,,143721,2,0,7 29 30,1,60,,143722,2,0,7 29 30,1,20,,143725,2,0,7 29 30,1,30,,143726,2,0,7 29 30,1,70,,143729,2,0,7 29 30,1,30,,143730,2,0,7 29 30,1,70,,143733,2,0,7 29 30,1,95,,143736,2,0,7 29 30,1,100,,143738,2,0,7 29 30,1,95,,143742,2,,,1,105,,143743,2,,,1,95,,143744,2,,,1,100,,143745,2,,,1,100,,143746,2,,,1,105,,143747,2,,,1,100,,143748,2,,,1,100,,143749,2,,,1,110,,143750,2,,,1
2100,'20260904',346,,143751,2,,,1,75,,143752,2,,,1,25,,143753,2,,,1,455,,143755,2,0,7 29 30,1,20,,143758,2,0,7 29 30,1,20,,143760,2,0,7 29 30,1,60,,143761,2,0,7 29 30,1,20,,143764,2,0,7 29 30,1,20,,143766,2,0,7 29 30,1,60,,143767,2,0,7 29 30,1,20,,143770,2,0,7 29 30,1,30,,143771,2,0,7 29 30,1,70,,143774,2,0,7 29 30,1,30,,143775,2,0,7 29 30,1,70,,143778,2,0,7 29 30,1,95,,143781,2,0,7 29 30,1,100,,143783,2,0,7 29 30,1,95,,143787,2,,,1,105,,143788,2,,,1,95,,143789,2,,,1,100,,143790,2,,,1,100,,143791,2,,,1,105,,143792,2,,,1,100,,143793,2,,,1,100,,143794,2,,,1,110,,143795,2,,,1
2100,'20260905',456,,240513,2,0,57 29 30,1,100,,240514,2,0,57 29 30,1,70,,240515,2,0,57 29 30,1,105,,240517,2,0,7 29 30,1,100,,240520,2,0,7 29 30,1,100,,240524,2,0,7 29 30,1,90,,240528,2,0,7 29 30,1,105,,240532,2,0,7 29 30,1,100,,240535,2,0,7 29 30,1,100,,240538,2,0,7 29 30,1,100,,240541,2,0,7 29 30,1,100,,240544,2,0,7 29 30,1,95,,240547,2,0,7 29 30,1,100,,240550,2,0,7 29 30,1,105,,240552,2,0,7 29 30,1,100,,240555,2,0,57 29 30,1,95,,240556,2,0,57 29 30,1,105,,240557,2,0,57 29 30,1,95,,240558,2,0,57 29 30,1,105,,240559,2,0,57 29 30,1,100,,240560,2,0,57 29 30,1
2100,'20260906',456,,240561,2,0,57 29 30,1,100,,240562,2,0,57 29 30,1,70,,240563,2,0,57 29 30,1,105,,240564,2,0,7 29 30,1,100,,240566,2,0,7 29 30,1,100,,240569,2,0,7 29 30,1,90,,240572,2,0,7 29 30,1,105,,240576,2,0,7 29 30,1,100,,240579,2,0,7 29 30,1,100,,240582,2,0,7 29 30,1,100,,240585,2,0,7 29 30,1,100,,240588,2,0,7 29 30,1,95,,240591,2,0,7 29 30,1,100,,240594,2,0,7 29 30,1,105,,240596,2,0,7 29 30,1,100,,240598,2,0,57 29 30,1,95,,240599,2,0,57 29 30,1,105,,240600,2,0,57 29 30,1,95,,240601,2,0,57 29 30,1,105,,240602,2,0,57 29 30,1,100,,240603,2,0,57 29 30,1
2100,'20260907',456,,240604,2,0,57 29 30,1,100,,240605,2,0,57 29 30,1,70,,240606,2,0,57 29 30,1,105,,240608,2,0,7 29 30,1,100,,240611,2,0,7 29 30,1,100,,240615,2,0,7 29 30,1,90,,240619,2,0,7 29 30,1,105,,240623,2,0,7 29 30,1,100,,240626,2,0,7 29 30,1,100,,240629,2,0,7 29 30,1,100,,240632,2,0,7 29 30,1,100,,240635,2,0,7 29 30,1,95,,240638,2,0,7 29 30,1,100,,240641,2,0,7 29 30,1,105,,240643,2,0,7 29 30,1,100,,240646,2,0,57 29 30,1,95,,240647,2,0,57 29 30,1,105,,240648,2,0,57 29 30,1,95,,240649,2,0,57 29 30,1,105,,240650,2,0,57 29 30,1,100,,240651,2,0,57 29 30,1
2100,'20260908',346,,240652,2,,,1,75,,240653,2,,,1,25,,240654,2,,,1,455,,240656,2,0,7 29 30,1,20,,240659,2,0,7 29 30,1,20,,240661,2,0,7 29 30,1,65,,240662,2,0,7 29 30,1,15,,240665,2,0,7 29 30,1,20,,240667,2,0,7 29 30,1,60,,240668,2,0,7 29 30,1,20,,240671,2,0,7 29 30,1,30,,240672,2,0,7 29 30,1,70,,240675,2,0,7 29 30,1,30,,240676,2,0,7 29 30,1,70,,240679,2,0,7 29 30,1,95,,240682,2,0,7 29 30,1,100,,240684,2,0,7 29 30,1,95,,240688,2,,,1,105,,240689,2,,,1,95,,240690,2,,,1,100,,240691,2,,,1,100,,240692,2,,,1,105,,240693,2,,,1,100,,240694,2,,,1,100,,240695,2,,,1,110,,240696,2,,,1
2100,'20260909',346,,240697,2,,,1,75,,240698,2,,,1,25,,240699,2,,,1,455,,240701,2,0,7 29 30,1,20,,240704,2,0,7 29 30,1,20,,240706,2,0,7 29 30,1,65,,240707,2,0,7 29 30,1,15,,240710,2,0,7 29 30,1,20,,240712,2,0,7 29 30,1,60,,240713,2,0,7 29 30,1,20,,240716,2,0,7 29 30,1,30,,240717,2,0,7 29 30,1,70,,240720,2,0,7 29 30,1,30,,240721,2,0,7 29 30,1,70,,240724,2,0,7 29 30,1,95,,240727,2,0,7 29 30,1,100,,240729,2,0,7 29 30,1,95,,240733,2,,,1,105,,240734,2,,,1,95,,240735,2,,,1,100,,240736,2,,,1,100,,240737,2,,,1,105,,240738,2,,,1,100,,240739,2,,,1,100,,240740,2,,,1,110,,240741,2,,,1
2100,'20260910',346,,240742,2,,,1,75,,240743,2,,,1,25,,240744,2,,,1,455,,240746,2,0,7 29 30,1,20,,240749,2,0,7 29 30,1,20,,240751,2,0,7 29 30,1,65,,240752,2,0,7 29 30,1,15,,240755,2,0,7 29 30,1,20,,240757,2,0,7 29 30,1,60,,240758,2,0,7 29 30,1,20,,240761,2,0,7 29 30,1,30,,240762,2,0,7 29 30,1,70,,240765,2,0,7 29 30,1,30,,240766,2,0,7 29 30,1,70,,240769,2,0,7 29 30,1,95,,240772,2,0,7 29 30,1,100,,240774,2,0,7 29 30,1,95,,240778,2,,,1,105,,240779,2,,,1,95,,240780,2,,,1,100,,240781,2,,,1,100,,240782,2,,,1,105,,240783,2,,,1,100,,240784,2,,,1,100,,240785,2,,,1,110,,240786,2,,,1
2100,'20260911',346,,240787,2,,,1,75,,240788,2,,,1,25,,240789,2,,,1,455,,240791,2,0,7 29 30,1,20,,240794,2,0,7 29 30,1,20,,240796,2,0,7 29 30,1,65,,240797,2,0,7 29 30,1,15,,240800,2,0,7 29 30,1,20,,240802,2,0,7 29 30,1,60,,240803,2,0,7 29 30,1,20,,240806,2,0,7 29 30,1,30,,240807,2,0,7 29 30,1,70,,240810,2,0,7 29 30,1,30,,240811,2,0,7 29 30,1,70,,240814,2,0,7 29 30,1,95,,240817,2,0,7 29 30,1,100,,240819,2,0,7 29 30,1,95,,240823,2,,,1,105,,240824,2,,,1,95,,240825,2,,,1,100,,240826,2,,,1,100,,240827,2,,,1,105,,240828,2,,,1,100,,240829,2,,,1,100,,240830,2,,,1,110,,240831,2,,,1
2100,'20260912',456,,240832,2,0,57 29 30,1,100,,240833,2,0,57 29 30,1,70,,240834,2,0,57 29 30,1,105,,240836,2,0,7 29 30,1,100,,240839,2,0,7 29 30,1,100,,240843,2,0,7 29 30,1,90,,240847,2,0,7 29 30,1,105,,240851,2,0,7 29 30,1,100,,240854,2,0,7 29 30,1,100,,240857,2,0,7 29 30,1,100,,240860,2,0,7 29 30,1,100,,240863,2,0,7 29 30,1,95,,240866,2,0,7 29 30,1,100,,240869,2,0,7 29 30,1,105,,240871,2,0,7 29 30,1,100,,240874,2,0,57 29 30,1,95,,240875,2,0,57 29 30,1,105,,240876,2,0,57 29 30,1,95,,240877,2,0,57 29 30,1,105,,240878,2,0,57 29 30,1,100,,240879,2,0,57 29 30,1
2100,'20260913',456,,240880,2,0,57 29 30,1,100,,240881,2,0,57 29 30,1,70,,240882,2,0,57 29 30,1,105,,240883,2,0,7 29 30,1,100,,240885,2,0,7 29 30,1,100,,240888,2,0,7 29 30,1,90,,240891,2,0,7 29 30,1,105,,240895,2,0,7 29 30,1,100,,240898,2,0,7 29 30,1,100,,240901,2,0,7 29 30,1,100,,240904,2,0,7 29 30,1,100,,240907,2,0,7 29 30,1,95,,240910,2,0,7 29 30,1,100,,240913,2,0,7 29 30,1,105,,240915,2,0,7 29 30,1,100,,240917,2,0,57 29 30,1,95,,240918,2,0,57 29 30,1,105,,240919,2,0,57 29 30,1,95,,240920,2,0,57 29 30,1,105,,240921,2,0,57 29 30,1,100,,240922,2,0,57 29 30,1
2100,'20260914',346,,240923,2,,,1,75,,240924,2,,,1,25,,240925,2,,,1,455,,240927,2,0,7 29 30,1,20,,240930,2,0,7 29 30,1,20,,240932,2,0,7 29 30,1,65,,240933,2,0,7 29 30,1,15,,240936,2,0,7 29 30,1,20,,240938,2,0,7 29 30,1,60,,240939,2,0,7 29 30,1,20,,240942,2,0,7 29 30,1,30,,240943,2,0,7 29 30,1,70,,240946,2,0,7 29 30,1,30,,240947,2,0,7 29 30,1,70,,240950,2,0,7 29 30,1,95,,240953,2,0,7 29 30,1,100,,240955,2,0,7 29 30,1,95,,240959,2,,,1,105,,240960,2,,,1,95,,240961,2,,,1,100,,240962,2,,,1,100,,240963,2,,,1,105,,240964,2,,,1,100,,240965,2,,,1,100,,240966,2,,,1,110,,240967,2,,,1
2100,'20260915',346,,240968,2,,,1,75,,240969,2,,,1,25,,240970,2,,,1,455,,240972,2,0,7 29 30,1,20,,240975,2,0,7 29 30,1,20,,240977,2,0,7 29 30,1,65,,240978,2,0,7 29 30,1,15,,240981,2,0,7 29 30,1,20,,240983,2,0,7 29 30,1,60,,240984,2,0,7 29 30,1,20,,240987,2,0,7 29 30,1,30,,240988,2,0,7 29 30,1,70,,240991,2,0,7 29 30,1,30,,240992,2,0,7 29 30,1,70,,240995,2,0,7 29 30,1,95,,240998,2,0,7 29 30,1,100,,241000,2,0,7 29 30,1,95,,241004,2,,,1,105,,241005,2,,,1,95,,241006,2,,,1,100,,241007,2,,,1,100,,241008,2,,,1,105,,241009,2,,,1,100,,241010,2,,,1,100,,241011,2,,,1,110,,241012,2,,,1
2100,'20260916',346,,241013,2,,,1,75,,241014,2,,,1,25,,241015,2,,,1,455,,241017,2,0,7 29 30,1,20,,241020,2,0,7 29 30,1,20,,241022,2,0,7 29 30,1,65,,241023,2,0,7 29 30,1,15,,241026,2,0,7 29 30,1,20,,241028,2,0,7 29 30,1,60,,241029,2,0,7 29 30,1,20,,241032,2,0,7 29 30,1,30,,241033,2,0,7 29 30,1,70,,241036,2,0,7 29 30,1,30,,241037,2,0,7 29 30,1,70,,241040,2,0,7 29 30,1,95,,241043,2,0,7 29 30,1,100,,241045,2,0,7 29 30,1,95,,241049,2,,,1,105,,241050,2,,,1,95,,241051,2,,,1,100,,241052,2,,,1,100,,241053,2,,,1,105,,241054,2,,,1,100,,241055,2,,,1,100,,241056,2,,,1,110,,241057,2,,,1
2100,'20260917',346,,241058,2,,,1,75,,241059,2,,,1,25,,241060,2,,,1,455,,241062,2,0,7 29 30,1,20,,241065,2,0,7 29 30,1,20,,241067,2,0,7 29 30,1,65,,241068,2,0,7 29 30,1,15,,241071,2,0,7 29 30,1,20,,241073,2,0,7 29 30,1,60,,241074,2,0,7 29 30,1,20,,241077,2,0,7 29 30,1,30,,241078,2,0,7 29 30,1,70,,241081,2,0,7 29 30,1,30,,241082,2,0,7 29 30,1,70,,241085,2,0,7 29 30,1,95,,241088,2,0,7 29 30,1,100,,241090,2,0,7 29 30,1,95,,241094,2,,,1,105,,241095,2,,,1,95,,241096,2,,,1,100,,241097,2,,,1,100,,241098,2,,,1,105,,241099,2,,,1,100,,241100,2,,,1,100,,241101,2,,,1,110,,241102,2,,,1
2100,'20260918',346,,241103,2,,,1,75,,241104,2,,,1,25,,241105,2,,,1,455,,241107,2,0,7 29 30,1,20,,241110,2,0,7 29 30,1,20,,241112,2,0,7 29 30,1,65,,241113,2,0,7 29 30,1,15,,241116,2,0,7 29 30,1,20,,241118,2,0,7 29 30,1,60,,241119,2,0,7 29 30,1,20,,241122,2,0,7 29 30,1,30,,241123,2,0,7 29 30,1,70,,241126,2,0,7 29 30,1,30,,241127,2,0,7 29 30,1,70,,241130,2,0,7 29 30,1,95,,241133,2,0,7 29 30,1,100,,241135,2,0,7 29 30,1,95,,241139,2,,,1,105,,241140,2,,,1,95,,241141,2,,,1,100,,241142,2,,,1,100,,241143,2,,,1,105,,241144,2,,,1,100,,241145,2,,,1,100,,241146,2,,,1,110,,241147,2,,,1
2100,'20260919',456,,241148,2,0,57 29 30,1,100,,241149,2,0,57 29 30,1,70,,241150,2,0,57 29 30,1,105,,241152,2,0,7 29 30,1,100,,241155,2,0,7 29 30,1,100,,241159,2,0,7 29 30,1,90,,241163,2,0,7 29 30,1,105,,241167,2,0,7 29 30,1,100,,241170,2,0,7 29 30,1,100,,241173,2,0,7 29 30,1,100,,241176,2,0,7 29 30,1,100,,241179,2,0,7 29 30,1,95,,241182,2,0,7 29 30,1,100,,241185,2,0,7 29 30,1,105,,241187,2,0,7 29 30,1,100,,241190,2,0,57 29 30,1,95,,241191,2,0,57 29 30,1,105,,241192,2,0,57 29 30,1,95,,241193,2,0,57 29 30,1,105,,241194,2,0,57 29 30,1,100,,241195,2,0,57 29 30,1
2100,'20260920',456,,241196,2,0,57 29 30,1,100,,241197,2,0,57 29 30,1,70,,241198,2,0,57 29 30,1,105,,241199,2,0,7 29 30,1,100,,241201,2,0,7 29 30,1,100,,241204,2,0,7 29 30,1,90,,241207,2,0,7 29 30,1,105,,241211,2,0,7 29 30,1,100,,241214,2,0,7 29 30,1,100,,241217,2,0,7 29 30,1,100,,241220,2,0,7 29 30,1,100,,241223,2,0,7 29 30,1,95,,241226,2,0,7 29 30,1,100,,241229,2,0,7 29 30,1,105,,241231,2,0,7 29 30,1,100,,241233,2,0,57 29 30,1,95,,241234,2,0,57 29 30,1,105,,241235,2,0,57 29 30,1,95,,241236,2,0,57 29 30,1,105,,241237,2,0,57 29 30,1,100,,241238,2,0,57 29 30,1
2100,'20260921',346,,241239,2,,,1,75,,241240,2,,,1,25,,241241,2,,,1,455,,241243,2,0,7 29 30,1,20,,241246,2,0,7 29 30,1,20,,241248,2,0,7 29 30,1,65,,241249,2,0,7 29 30,1,15,,241252,2,0,7 29 30,1,20,,241254,2,0,7 29 30,1,60,,241255,2,0,7 29 30,1,20,,241258,2,0,7 29 30,1,30,,241259,2,0,7 29 30,1,70,,241262,2,0,7 29 30,1,30,,241263,2,0,7 29 30,1,70,,241266,2,0,7 29 30,1,95,,241269,2,0,7 29 30,1,100,,241271,2,0,7 29 30,1,95,,241275,2,,,1,105,,241276,2,,,1,95,,241277,2,,,1,100,,241278,2,,,1,100,,241279,2,,,1,105,,241280,2,,,1,100,,241281,2,,,1,100,,241282,2,,,1,110,,241283,2,,,1
2100,'20260922',346,,241284,2,,,1,75,,241285,2,,,1,25,,241286,2,,,1,455,,241288,2,0,7 29 30,1,20,,241291,2,0,7 29 30,1,20,,241293,2,0,7 29 30,1,65,,241294,2,0,7 29 30,1,15,,241297,2,0,7 29 30,1,20,,241299,2,0,7 29 30,1,60,,241300,2,0,7 29 30,1,20,,241303,2,0,7 29 30,1,30,,241304,2,0,7 29 30,1,70,,241307,2,0,7 29 30,1,30,,241308,2,0,7 29 30,1,70,,241311,2,0,7 29 30,1,95,,241314,2,0,7 29 30,1,100,,241316,2,0,7 29 30,1,95,,241320,2,,,1,105,,241321,2,,,1,95,,241322,2,,,1,100,,241323,2,,,1,100,,241324,2,,,1,105,,241325,2,,,1,100,,241326,2,,,1,100,,241327,2,,,1,110,,241328,2,,,1
2100,'20260923',346,,241329,2,,,1,75,,241330,2,,,1,25,,241331,2,,,1,455,,241333,2,0,7 29 30,1,20,,241336,2,0,7 29 30,1,20,,241338,2,0,7 29 30,1,65,,241339,2,0,7 29 30,1,15,,241342,2,0,7 29 30,1,20,,241344,2,0,7 29 30,1,60,,241345,2,0,7 29 30,1,20,,241348,2,0,7 29 30,1,30,,241349,2,0,7 29 30,1,70,,241352,2,0,7 29 30,1,30,,241353,2,0,7 29 30,1,70,,241356,2,0,7 29 30,1,95,,241359,2,0,7 29 30,1,100,,241361,2,0,7 29 30,1,95,,241365,2,,,1,105,,241366,2,,,1,95,,241367,2,,,1,100,,241368,2,,,1,100,,241369,2,,,1,105,,241370,2,,,1,100,,241371,2,,,1,100,,241372,2,,,1,110,,241373,2,,,1
2100,'20260924',346,,241374,2,,,1,75,,241375,2,,,1,25,,241376,2,,,1,455,,241378,2,0,7 29 30,1,20,,241381,2,0,7 29 30,1,20,,241383,2,0,7 29 30,1,65,,241384,2,0,7 29 30,1,15,,241387,2,0,7 29 30,1,20,,241389,2,0,7 29 30,1,60,,241390,2,0,7 29 30,1,20,,241393,2,0,7 29 30,1,30,,241394,2,0,7 29 30,1,70,,241397,2,0,7 29 30,1,30,,241398,2,0,7 29 30,1,70,,241401,2,0,7 29 30,1,95,,241404,2,0,7 29 30,1,100,,241406,2,0,7 29 30,1,95,,241410,2,,,1,105,,241411,2,,,1,95,,241412,2,,,1,100,,241413,2,,,1,100,,241414,2,,,1,105,,241415,2,,,1,100,,241416,2,,,1,100,,241417,2,,,1,110,,241418,2,,,1
2100,'20260925',346,,241419,2,,,1,75,,241420,2,,,1,25,,241421,2,,,1,455,,241423,2,0,7 29 30,1,20,,241426,2,0,7 29 30,1,20,,241428,2,0,7 29 30,1,65,,241429,2,0,7 29 30,1,15,,241432,2,0,7 29 30,1,20,,241434,2,0,7 29 30,1,60,,241435,2,0,7 29 30,1,20,,241438,2,0,7 29 30,1,30,,241439,2,0,7 29 30,1,70,,241442,2,0,7 29 30,1,30,,241443,2,0,7 29 30,1,70,,241446,2,0,7 29 30,1,95,,241449,2,0,7 29 30,1,100,,241451,2,0,7 29 30,1,95,,241455,2,,,1,105,,241456,2,,,1,95,,241457,2,,,1,100,,241458,2,,,1,100,,241459,2,,,1,105,,241460,2,,,1,100,,241461,2,,,1,100,,241462,2,,,1,110,,241463,2,,,1
2100,'20260926',456,,241464,2,0,57 29 30,1,100,,241465,2,0,57 29 30,1,70,,241466,2,0,57 29 30,1,105,,241468,2,0,7 29 30,1,100,,241471,2,0,7 29 30,1,100,,241475,2,0,7 29 30,1,90,,241479,2,0,7 29 30,1,105,,241483,2,0,7 29 30,1,100,,241486,2,0,7 29 30,1,100,,241489,2,0,7 29 30,1,100,,241492,2,0,7 29 30,1,100,,241495,2,0,7 29 30,1,95,,241498,2,0,7 29 30,1,100,,241501,2,0,7 29 30,1,105,,241503,2,0,7 29 30,1,100,,241506,2,0,57 29 30,1,95,,241507,2,0,57 29 30,1,105,,241508,2,0,57 29 30,1,95,,241509,2,0,57 29 30,1,105,,241510,2,0,57 29 30,1,100,,241511,2,0,57 29 30,1
2100,'20260927',456,,241512,2,0,57 29 30,1,100,,241513,2,0,57 29 30,1,70,,241514,2,0,57 29 30,1,105,,241515,2,0,7 29 30,1,100,,241517,2,0,7 29 30,1,100,,241520,2,0,7 29 30,1,90,,241523,2,0,7 29 30,1,105,,241527,2,0,7 29 30,1,100,,241530,2,0,7 29 30,1,100,,241533,2,0,7 29 30,1,100,,241536,2,0,7 29 30,1,100,,241539,2,0,7 29 30,1,95,,241542,2,0,7 29 30,1,100,,241545,2,0,7 29 30,1,105,,241547,2,0,7 29 30,1,100,,241549,2,0,57 29 30,1,95,,241550,2,0,57 29 30,1,105,,241551,2,0,57 29 30,1,95,,241552,2,0,57 29 30,1,105,,241553,2,0,57 29 30,1,100,,241554,2,0,57 29 30,1
2100,'20260928',346,,241555,2,,,1,75,,241556,2,,,1,25,,241557,2,,,1,455,,241559,2,0,7 29 30,1,20,,241562,2,0,7 29 30,1,20,,241564,2,0,7 29 30,1,65,,241565,2,0,7 29 30,1,15,,241568,2,0,7 29 30,1,20,,241570,2,0,7 29 30,1,60,,241571,2,0,7 29 30,1,20,,241574,2,0,7 29 30,1,30,,241575,2,0,7 29 30,1,70,,241578,2,0,7 29 30,1,30,,241579,2,0,7 29 30,1,70,,241582,2,0,7 29 30,1,95,,241585,2,0,7 29 30,1,100,,241587,2,0,7 29 30,1,95,,241591,2,,,1,105,,241592,2,,,1,95,,241593,2,,,1,100,,241594,2,,,1,100,,241595,2,,,1,105,,241596,2,,,1,100,,241597,2,,,1,100,,241598,2,,,1,110,,241599,2,,,1
2100,'20260929',346,,241600,2,,,1,75,,241601,2,,,1,25,,241602,2,,,1,455,,241604,2,0,7 29 30,1,20,,241607,2,0,7 29 30,1,20,,241609,2,0,7 29 30,1,65,,241610,2,0,7 29 30,1,15,,241613,2,0,7 29 30,1,20,,241615,2,0,7 29 30,1,60,,241616,2,0,7 29 30,1,20,,241619,2,0,7 29 30,1,30,,241620,2,0,7 29 30,1,70,,241623,2,0,7 29 30,1,30,,241624,2,0,7 29 30,1,70,,241627,2,0,7 29 30,1,95,,241630,2,0,7 29 30,1,100,,241632,2,0,7 29 30,1,95,,241636,2,,,1,105,,241637,2,,,1,95,,241638,2,,,1,100,,241639,2,,,1,100,,241640,2,,,1,105,,241641,2,,,1,100,,241642,2,,,1,100,,241643,2,,,1,110,,241644,2,,,1
2100,'20260930',346,,241645,2,,,1,75,,241646,2,,,1,25,,241647,2,,,1,455,,241649,2,0,7 29 30,1,20,,241652,2,0,7 29 30,1,20,,241654,2,0,7 29 30,1,65,,241655,2,0,7 29 30,1,15,,241658,2,0,7 29 30,1,20,,241660,2,0,7 29 30,1,60,,241661,2,0,7 29 30,1,20,,241664,2,0,7 29 30,1,30,,241665,2,0,7 29 30,1,70,,241668,2,0,7 29 30,1,30,,241669,2,0,7 29 30,1,70,,241672,2,0,7 29 30,1,95,,241675,2,0,7 29 30,1,100,,241677,2,0,7 29 30,1,95,,241681,2,,,1,105,,241682,2,,,1,95,,241683,2,,,1,100,,241684,2,,,1,100,,241685,2,,,1,105,,241686,2,,,1,100,,241687,2,,,1,100,,241688,2,,,1,110,,241689,2,,,1
2100,'20261001',346,,241690,2,,,1,75,,241691,2,,,1,25,,241692,2,,,1,455,,241694,2,0,7 29 30,1,20,,241697,2,0,7 29 30,1,20,,241699,2,0,7 29 30,1,65,,241700,2,0,7 29 30,1,15,,241703,2,0,7 29 30,1,20,,241705,2,0,7 29 30,1,60,,241706,2,0,7 29 30,1,20,,241709,2,0,7 29 30,1,30,,241710,2,0,7 29 30,1,70,,241713,2,0,7 29 30,1,30,,241714,2,0,7 29 30,1,70,,241717,2,0,7 29 30,1,95,,241720,2,0,7 29 30,1,100,,241722,2,0,7 29 30,1,95,,241726,2,,,1,105,,241727,2,,,1,95,,241728,2,,,1,100,,241729,2,,,1,100,,241730,2,,,1,105,,241731,2,,,1,100,,241732,2,,,1,100,,241733,2,,,1,110,,241734,2,,,1
2100,'20261002',346,,241735,2,,,1,75,,241736,2,,,1,25,,241737,2,,,1,455,,241739,2,0,7 29 30,1,20,,241742,2,0,7 29 30,1,20,,241744,2,0,7 29 30,1,65,,241745,2,0,7 29 30,1,15,,241748,2,0,7 29 30,1,20,,241750,2,0,7 29 30,1,60,,241751,2,0,7 29 30,1,20,,241754,2,0,7 29 30,1,30,,241755,2,0,7 29 30,1,70,,241758,2,0,7 29 30,1,30,,241759,2,0,7 29 30,1,70,,241762,2,0,7 29 30,1,95,,241765,2,0,7 29 30,1,100,,241767,2,0,7 29 30,1,95,,241771,2,,,1,105,,241772,2,,,1,95,,241773,2,,,1,100,,241774,2,,,1,100,,241775,2,,,1,105,,241776,2,,,1,100,,241777,2,,,1,100,,241778,2,,,1,110,,241779,2,,,1
2100,'20261003',456,,241780,2,0,57 29 30,1,100,,241781,2,0,57 29 30,1,70,,241782,2,0,57 29 30,1,105,,241784,2,0,7 29 30,1,100,,241787,2,0,7 29 30,1,100,,241791,2,0,7 29 30,1,90,,241795,2,0,7 29 30,1,105,,241799,2,0,7 29 30,1,100,,241802,2,0,7 29 30,1,100,,241805,2,0,7 29 30,1,100,,241808,2,0,7 29 30,1,100,,241811,2,0,7 29 30,1,95,,241814,2,0,7 29 30,1,100,,241817,2,0,7 29 30,1,105,,241819,2,0,7 29 30,1,100,,241822,2,0,57 29 30,1,95,,241823,2,0,57 29 30,1,105,,241824,2,0,57 29 30,1,95,,241825,2,0,57 29 30,1,105,,241826,2,0,57 29 30,1,100,,241827,2,0,57 29 30,1
2100,'20261004',456,,241828,2,0,57 29 30,1,100,,241829,2,0,57 29 30,1,70,,241830,2,0,57 29 30,1,105,,241831,2,0,7 29 30,1,100,,241833,2,0,7 29 30,1,100,,241836,2,0,7 29 30,1,90,,241839,2,0,7 29 30,1,105,,241843,2,0,7 29 30,1,100,,241846,2,0,7 29 30,1,100,,241849,2,0,7 29 30,1,100,,241852,2,0,7 29 30,1,100,,241855,2,0,7 29 30,1,95,,241858,2,0,7 29 30,1,100,,241861,2,0,7 29 30,1,105,,241863,2,0,7 29 30,1,100,,241865,2,0,57 29 30,1,95,,241866,2,0,57 29 30,1,105,,241867,2,0,57 29 30,1,95,,241868,2,0,57 29 30,1,105,,241869,2,0,57 29 30,1,100,,241870,2,0,57 29 30,1
2100,'20261005',346,,241871,2,,,1,75,,241872,2,,,1,25,,241873,2,,,1,455,,241875,2,0,7 29 30,1,20,,241878,2,0,7 29 30,1,20,,241880,2,0,7 29 30,1,65,,241881,2,0,7 29 30,1,15,,241884,2,0,7 29 30,1,20,,241886,2,0,7 29 30,1,60,,241887,2,0,7 29 30,1,20,,241890,2,0,7 29 30,1,30,,241891,2,0,7 29 30,1,70,,241894,2,0,7 29 30,1,30,,241895,2,0,7 29 30,1,70,,241898,2,0,7 29 30,1,95,,241901,2,0,7 29 30,1,100,,241903,2,0,7 29 30,1,95,,241907,2,,,1,105,,241908,2,,,1,95,,241909,2,,,1,100,,241910,2,,,1,100,,241911,2,,,1,105,,241912,2,,,1,100,,241913,2,,,1,100,,241914,2,,,1,110,,241915,2,,,1
2100,'20261006',346,,241916,2,,,1,75,,241917,2,,,1,25,,241918,2,,,1,455,,241920,2,0,7 29 30,1,20,,241923,2,0,7 29 30,1,20,,241925,2,0,7 29 30,1,65,,241926,2,0,7 29 30,1,15,,241929,2,0,7 29 30,1,20,,241931,2,0,7 29 30,1,60,,241932,2,0,7 29 30,1,20,,241935,2,0,7 29 30,1,30,,241936,2,0,7 29 30,1,70,,241939,2,0,7 29 30,1,30,,241940,2,0,7 29 30,1,70,,241943,2,0,7 29 30,1,95,,241946,2,0,7 29 30,1,100,,241948,2,0,7 29 30,1,95,,241952,2,,,1,105,,241953,2,,,1,95,,241954,2,,,1,100,,241955,2,,,1,100,,241956,2,,,1,105,,241957,2,,,1,100,,241958,2,,,1,100,,241959,2,,,1,110,,241960,2,,,1
2100,'20261007',346,,241961,2,,,1,75,,241962,2,,,1,25,,241963,2,,,1,455,,241965,2,0,7 29 30,1,20,,241968,2,0,7 29 30,1,20,,241970,2,0,7 29 30,1,65,,241971,2,0,7 29 30,1,15,,241974,2,0,7 29 30,1,20,,241976,2,0,7 29 30,1,60,,241977,2,0,7 29 30,1,20,,241980,2,0,7 29 30,1,30,,241981,2,0,7 29 30,1,70,,241984,2,0,7 29 30,1,30,,241985,2,0,7 29 30,1,70,,241988,2,0,7 29 30,1,95,,241991,2,0,7 29 30,1,100,,241993,2,0,7 29 30,1,95,,241997,2,,,1,105,,241998,2,,,1,95,,241999,2,,,1,100,,242000,2,,,1,100,,242001,2,,,1,105,,242002,2,,,1,100,,242003,2,,,1,100,,242004,2,,,1,110,,242005,2,,,1
2100,'20261008',346,,242006,2,,,1,75,,242007,2,,,1,25,,242008,2,,,1,455,,242010,2,0,7 29 30,1,20,,242013,2,0,7 29 30,1,20,,242015,2,0,7 29 30,1,65,,242016,2,0,7 29 30,1,15,,242019,2,0,7 29 30,1,20,,242021,2,0,7 29 30,1,60,,242022,2,0,7 29 30,1,20,,242025,2,0,7 29 30,1,30,,242026,2,0,7 29 30,1,70,,242029,2,0,7 29 30,1,30,,242030,2,0,7 29 30,1,70,,242033,2,0,7 29 30,1,95,,242036,2,0,7 29 30,1,100,,242038,2,0,7 29 30,1,95,,242042,2,,,1,105,,242043,2,,,1,95,,242044,2,,,1,100,,242045,2,,,1,100,,242046,2,,,1,105,,242047,2,,,1,100,,242048,2,,,1,100,,242049,2,,,1,110,,242050,2,,,1
2100,'20261009',346,,242051,2,,,1,75,,242052,2,,,1,25,,242053,2,,,1,455,,242055,2,0,7 29 30,1,20,,242058,2,0,7 29 30,1,20,,242060,2,0,7 29 30,1,65,,242061,2,0,7 29 30,1,15,,242064,2,0,7 29 30,1,20,,242066,2,0,7 29 30,1,60,,242067,2,0,7 29 30,1,20,,242070,2,0,7 29 30,1,30,,242071,2,0,7 29 30,1,70,,242074,2,0,7 29 30,1,30,,242075,2,0,7 29 30,1,70,,242078,2,0,7 29 30,1,95,,242081,2,0,7 29 30,1,100,,242083,2,0,7 29 30,1,95,,242087,2,,,1,105,,242088,2,,,1,95,,242089,2,,,1,100,,242090,2,,,1,100,,242091,2,,,1,105,,242092,2,,,1,100,,242093,2,,,1,100,,242094,2,,,1,110,,242095,2,,,1
2100,'20261010',456,,242096,2,0,57 29 30,1,100,,242097,2,0,57 29 30,1,70,,242098,2,0,57 29 30,1,105,,242100,2,0,7 29 30,1,100,,242103,2,0,7 29 30,1,100,,242107,2,0,7 29 30,1,90,,242111,2,0,7 29 30,1,105,,242115,2,0,7 29 30,1,100,,242118,2,0,7 29 30,1,100,,242121,2,0,7 29 30,1,100,,242124,2,0,7 29 30,1,100,,242127,2,0,7 29 30,1,95,,242130,2,0,7 29 30,1,100,,242133,2,0,7 29 30,1,105,,242135,2,0,7 29 30,1,100,,242138,2,0,57 29 30,1,95,,242139,2,0,57 29 30,1,105,,242140,2,0,57 29 30,1,95,,242141,2,0,57 29 30,1,105,,242142,2,0,57 29 30,1,100,,242143,2,0,57 29 30,1
2100,'20261011',456,,242144,2,0,57 29 30,1,100,,242145,2,0,57 29 30,1,70,,242146,2,0,57 29 30,1,105,,242147,2,0,7 29 30,1,100,,242149,2,0,7 29 30,1,100,,242152,2,0,7 29 30,1,90,,242155,2,0,7 29 30,1,105,,242159,2,0,7 29 30,1,100,,242162,2,0,7 29 30,1,100,,242165,2,0,7 29 30,1,100,,242168,2,0,7 29 30,1,100,,242171,2,0,7 29 30,1,95,,242174,2,0,7 29 30,1,100,,242177,2,0,7 29 30,1,105,,242179,2,0,7 29 30,1,100,,242181,2,0,57 29 30,1,95,,242182,2,0,57 29 30,1,105,,242183,2,0,57 29 30,1,95,,242184,2,0,57 29 30,1,105,,242185,2,0,57 29 30,1,100,,242186,2,0,57 29 30,1
2100,'20261012',456,,242187,2,0,57 29 30,1,100,,242188,2,0,57 29 30,1,70,,242189,2,0,57 29 30,1,105,,242191,2,0,7 29 30,1,100,,242194,2,0,7 29 30,1,100,,242198,2,0,7 29 30,1,90,,242202,2,0,7 29 30,1,105,,242206,2,0,7 29 30,1,100,,242209,2,0,7 29 30,1,100,,242212,2,0,7 29 30,1,100,,242215,2,0,7 29 30,1,100,,242218,2,0,7 29 30,1,95,,242221,2,0,7 29 30,1,100,,242224,2,0,7 29 30,1,105,,242226,2,0,7 29 30,1,100,,242229,2,0,57 29 30,1,95,,242230,2,0,57 29 30,1,105,,242231,2,0,57 29 30,1,95,,242232,2,0,57 29 30,1,105,,242233,2,0,57 29 30,1,100,,242234,2,0,57 29 30,1
2100,'20261013',346,,242235,2,,,1,75,,242236,2,,,1,25,,242237,2,,,1,455,,242239,2,0,7 29 30,1,20,,242242,2,0,7 29 30,1,20,,242244,2,0,7 29 30,1,65,,242245,2,0,7 29 30,1,15,,242248,2,0,7 29 30,1,20,,242250,2,0,7 29 30,1,60,,242251,2,0,7 29 30,1,20,,242254,2,0,7 29 30,1,30,,242255,2,0,7 29 30,1,70,,242258,2,0,7 29 30,1,30,,242259,2,0,7 29 30,1,70,,242262,2,0,7 29 30,1,95,,242265,2,0,7 29 30,1,100,,242267,2,0,7 29 30,1,95,,242271,2,,,1,105,,242272,2,,,1,95,,242273,2,,,1,100,,242274,2,,,1,100,,242275,2,,,1,105,,242276,2,,,1,100,,242277,2,,,1,100,,242278,2,,,1,110,,242279,2,,,1
2100,'20261014',346,,242280,2,,,1,75,,242281,2,,,1,25,,242282,2,,,1,455,,242284,2,0,7 29 30,1,20,,242287,2,0,7 29 30,1,20,,242289,2,0,7 29 30,1,65,,242290,2,0,7 29 30,1,15,,242293,2,0,7 29 30,1,20,,242295,2,0,7 29 30,1,60,,242296,2,0,7 29 30,1,20,,242299,2,0,7 29 30,1,30,,242300,2,0,7 29 30,1,70,,242303,2,0,7 29 30,1,30,,242304,2,0,7 29 30,1,70,,242307,2,0,7 29 30,1,95,,242310,2,0,7 29 30,1,100,,242312,2,0,7 29 30,1,95,,242316,2,,,1,105,,242317,2,,,1,95,,242318,2,,,1,100,,242319,2,,,1,100,,242320,2,,,1,105,,242321,2,,,1,100,,242322,2,,,1,100,,242323,2,,,1,110,,242324,2,,,1
2100,'20261015',346,,242325,2,,,1,75,,242326,2,,,1,25,,242327,2,,,1,455,,242329,2,0,7 29 30,1,20,,242332,2,0,7 29 30,1,20,,242334,2,0,7 29 30,1,65,,242335,2,0,7 29 30,1,15,,242338,2,0,7 29 30,1,20,,242340,2,0,7 29 30,1,60,,242341,2,0,7 29 30,1,20,,242344,2,0,7 29 30,1,30,,242345,2,0,7 29 30,1,70,,242348,2,0,7 29 30,1,30,,242349,2,0,7 29 30,1,70,,242352,2,0,7 29 30,1,95,,242355,2,0,7 29 30,1,100,,242357,2,0,7 29 30,1,95,,242361,2,,,1,105,,242362,2,,,1,95,,242363,2,,,1,100,,242364,2,,,1,100,,242365,2,,,1,105,,242366,2,,,1,100,,242367,2,,,1,100,,242368,2,,,1,110,,242369,2,,,1
2100,'20261016',346,,242370,2,,,1,75,,242371,2,,,1,25,,242372,2,,,1,455,,242374,2,0,7 29 30,1,20,,242377,2,0,7 29 30,1,20,,242379,2,0,7 29 30,1,65,,242380,2,0,7 29 30,1,15,,242383,2,0,7 29 30,1,20,,242385,2,0,7 29 30,1,60,,242386,2,0,7 29 30,1,20,,242389,2,0,7 29 30,1,30,,242390,2,0,7 29 30,1,70,,242393,2,0,7 29 30,1,30,,242394,2,0,7 29 30,1,70,,242397,2,0,7 29 30,1,95,,242400,2,0,7 29 30,1,100,,242402,2,0,7 29 30,1,95,,242406,2,,,1,105,,242407,2,,,1,95,,242408,2,,,1,100,,242409,2,,,1,100,,242410,2,,,1,105,,242411,2,,,1,100,,242412,2,,,1,100,,242413,2,,,1,110,,242414,2,,,1
2100,'20261017',456,,242415,2,0,57 29 30,1,100,,242416,2,0,57 29 30,1,70,,242417,2,0,57 29 30,1,105,,242419,2,0,7 29 30,1,100,,242422,2,0,7 29 30,1,100,,242426,2,0,7 29 30,1,90,,242430,2,0,7 29 30,1,105,,242434,2,0,7 29 30,1,100,,242437,2,0,7 29 30,1,100,,242440,2,0,7 29 30,1,100,,242443,2,0,7 29 30,1,100,,242446,2,0,7 29 30,1,95,,242449,2,0,7 29 30,1,100,,242452,2,0,7 29 30,1,105,,242454,2,0,7 29 30,1,100,,242457,2,0,57 29 30,1,95,,242458,2,0,57 29 30,1,105,,242459,2,0,57 29 30,1,95,,242460,2,0,57 29 30,1,105,,242461,2,0,57 29 30,1,100,,242462,2,0,57 29 30,1
2100,'20261018',456,,242463,2,0,57 29 30,1,100,,242464,2,0,57 29 30,1,70,,242465,2,0,57 29 30,1,105,,242466,2,0,7 29 30,1,100,,242468,2,0,7 29 30,1,100,,242471,2,0,7 29 30,1,90,,242474,2,0,7 29 30,1,105,,242478,2,0,7 29 30,1,100,,242481,2,0,7 29 30,1,100,,242484,2,0,7 29 30,1,100,,242487,2,0,7 29 30,1,100,,242490,2,0,7 29 30,1,95,,242493,2,0,7 29 30,1,100,,242496,2,0,7 29 30,1,105,,242498,2,0,7 29 30,1,100,,242500,2,0,57 29 30,1,95,,242501,2,0,57 29 30,1,105,,242502,2,0,57 29 30,1,95,,242503,2,0,57 29 30,1,105,,242504,2,0,57 29 30,1,100,,242505,2,0,57 29 30,1
2100,'20261019',346,,242506,2,,,1,75,,242507,2,,,1,25,,242508,2,,,1,455,,242510,2,0,7 29 30,1,20,,242513,2,0,7 29 30,1,20,,242515,2,0,7 29 30,1,65,,242516,2,0,7 29 30,1,15,,242519,2,0,7 29 30,1,20,,242521,2,0,7 29 30,1,60,,242522,2,0,7 29 30,1,20,,242525,2,0,7 29 30,1,30,,242526,2,0,7 29 30,1,70,,242529,2,0,7 29 30,1,30,,242530,2,0,7 29 30,1,70,,242533,2,0,7 29 30,1,95,,242536,2,0,7 29 30,1,100,,242538,2,0,7 29 30,1,95,,242542,2,,,1,105,,242543,2,,,1,95,,242544,2,,,1,100,,242545,2,,,1,100,,242546,2,,,1,105,,242547,2,,,1,100,,242548,2,,,1,100,,242549,2,,,1,110,,242550,2,,,1
2100,'20261020',346,,242551,2,,,1,75,,242552,2,,,1,25,,242553,2,,,1,455,,242555,2,0,7 29 30,1,20,,242558,2,0,7 29 30,1,20,,242560,2,0,7 29 30,1,65,,242561,2,0,7 29 30,1,15,,242564,2,0,7 29 30,1,20,,242566,2,0,7 29 30,1,60,,242567,2,0,7 29 30,1,20,,242570,2,0,7 29 30,1,30,,242571,2,0,7 29 30,1,70,,242574,2,0,7 29 30,1,30,,242575,2,0,7 29 30,1,70,,242578,2,0,7 29 30,1,95,,242581,2,0,7 29 30,1,100,,242583,2,0,7 29 30,1,95,,242587,2,,,1,105,,242588,2,,,1,95,,242589,2,,,1,100,,242590,2,,,1,100,,242591,2,,,1,105,,242592,2,,,1,100,,242593,2,,,1,100,,242594,2,,,1,110,,242595,2,,,1
2100,'20261021',346,,242596,2,,,1,75,,242597,2,,,1,25,,242598,2,,,1,455,,242600,2,0,7 29 30,1,20,,242603,2,0,7 29 30,1,20,,242605,2,0,7 29 30,1,65,,242606,2,0,7 29 30,1,15,,242609,2,0,7 29 30,1,20,,242611,2,0,7 29 30,1,60,,242612,2,0,7 29 30,1,20,,242615,2,0,7 29 30,1,30,,242616,2,0,7 29 30,1,70,,242619,2,0,7 29 30,1,30,,242620,2,0,7 29 30,1,70,,242623,2,0,7 29 30,1,95,,242626,2,0,7 29 30,1,100,,242628,2,0,7 29 30,1,95,,242632,2,,,1,105,,242633,2,,,1,95,,242634,2,,,1,100,,242635,2,,,1,100,,242636,2,,,1,105,,242637,2,,,1,100,,242638,2,,,1,100,,242639,2,,,1,110,,242640,2,,,1
2100,'20261022',346,,242641,2,,,1,75,,242642,2,,,1,25,,242643,2,,,1,455,,242645,2,0,7 29 30,1,20,,242648,2,0,7 29 30,1,20,,242650,2,0,7 29 30,1,65,,242651,2,0,7 29 30,1,15,,242654,2,0,7 29 30,1,20,,242656,2,0,7 29 30,1,60,,242657,2,0,7 29 30,1,20,,242660,2,0,7 29 30,1,30,,242661,2,0,7 29 30,1,70,,242664,2,0,7 29 30,1,30,,242665,2,0,7 29 30,1,70,,242668,2,0,7 29 30,1,95,,242671,2,0,7 29 30,1,100,,242673,2,0,7 29 30,1,95,,242677,2,,,1,105,,242678,2,,,1,95,,242679,2,,,1,100,,242680,2,,,1,100,,242681,2,,,1,105,,242682,2,,,1,100,,242683,2,,,1,100,,242684,2,,,1,110,,242685,2,,,1
2100,'20261023',346,,242686,2,,,1,75,,242687,2,,,1,25,,242688,2,,,1,455,,242690,2,0,7 29 30,1,20,,242693,2,0,7 29 30,1,20,,242695,2,0,7 29 30,1,65,,242696,2,0,7 29 30,1,15,,242699,2,0,7 29 30,1,20,,242701,2,0,7 29 30,1,60,,242702,2,0,7 29 30,1,20,,242705,2,0,7 29 30,1,30,,242706,2,0,7 29 30,1,70,,242709,2,0,7 29 30,1,30,,242710,2,0,7 29 30,1,70,,242713,2,0,7 29 30,1,95,,242716,2,0,7 29 30,1,100,,242718,2,0,7 29 30,1,95,,242722,2,,,1,105,,242723,2,,,1,95,,242724,2,,,1,100,,242725,2,,,1,100,,242726,2,,,1,105,,242727,2,,,1,100,,242728,2,,,1,100,,242729,2,,,1,110,,242730,2,,,1
2100,'20261024',456,,242731,2,0,57 29 30,1,100,,242732,2,0,57 29 30,1,70,,242733,2,0,57 29 30,1,105,,242735,2,0,7 29 30,1,100,,242738,2,0,7 29 30,1,100,,242742,2,0,7 29 30,1,90,,242746,2,0,7 29 30,1,105,,242750,2,0,7 29 30,1,100,,242753,2,0,7 29 30,1,100,,242756,2,0,7 29 30,1,100,,242759,2,0,7 29 30,1,100,,242762,2,0,7 29 30,1,95,,242765,2,0,7 29 30,1,100,,242768,2,0,7 29 30,1,105,,242770,2,0,7 29 30,1,100,,242773,2,0,57 29 30,1,95,,242774,2,0,57 29 30,1,105,,242775,2,0,57 29 30,1,95,,242776,2,0,57 29 30,1,105,,242777,2,0,57 29 30,1,100,,242778,2,0,57 29 30,1
2100,'20261025',456,,242779,2,0,57 29 30,1,100,,242780,2,0,57 29 30,1,70,,242781,2,0,57 29 30,1,105,,242782,2,0,7 29 30,1,100,,242784,2,0,7 29 30,1,100,,242787,2,0,7 29 30,1,90,,242790,2,0,7 29 30,1,105,,242794,2,0,7 29 30,1,100,,242797,2,0,7 29 30,1,100,,242800,2,0,7 29 30,1,100,,242803,2,0,7 29 30,1,100,,242806,2,0,7 29 30,1,95,,242809,2,0,7 29 30,1,100,,242812,2,0,7 29 30,1,105,,242814,2,0,7 29 30,1,100,,242816,2,0,57 29 30,1,95,,242817,2,0,57 29 30,1,105,,242818,2,0,57 29 30,1,95,,242819,2,0,57 29 30,1,105,,242820,2,0,57 29 30,1,100,,242821,2,0,57 29 30,1
2100,'20261026',346,,242822,2,,,1,75,,242823,2,,,1,25,,242824,2,,,1,455,,242826,2,0,7 29 30,1,20,,242829,2,0,7 29 30,1,20,,242831,2,0,7 29 30,1,65,,242832,2,0,7 29 30,1,15,,242835,2,0,7 29 30,1,20,,242837,2,0,7 29 30,1,60,,242838,2,0,7 29 30,1,20,,242841,2,0,7 29 30,1,30,,242842,2,0,7 29 30,1,70,,242845,2,0,7 29 30,1,30,,242846,2,0,7 29 30,1,70,,242849,2,0,7 29 30,1,95,,242852,2,0,7 29 30,1,100,,242854,2,0,7 29 30,1,95,,242858,2,,,1,105,,242859,2,,,1,95,,242860,2,,,1,100,,242861,2,,,1,100,,242862,2,,,1,105,,242863,2,,,1,100,,242864,2,,,1,100,,242865,2,,,1,110,,242866,2,,,1
2100,'20261027',346,,242867,2,,,1,75,,242868,2,,,1,25,,242869,2,,,1,455,,242871,2,0,7 29 30,1,20,,242874,2,0,7 29 30,1,20,,242876,2,0,7 29 30,1,65,,242877,2,0,7 29 30,1,15,,242880,2,0,7 29 30,1,20,,242882,2,0,7 29 30,1,60,,242883,2,0,7 29 30,1,20,,242886,2,0,7 29 30,1,30,,242887,2,0,7 29 30,1,70,,242890,2,0,7 29 30,1,30,,242891,2,0,7 29 30,1,70,,242894,2,0,7 29 30,1,95,,242897,2,0,7 29 30,1,100,,242899,2,0,7 29 30,1,95,,242903,2,,,1,105,,242904,2,,,1,95,,242905,2,,,1,100,,242906,2,,,1,100,,242907,2,,,1,105,,242908,2,,,1,100,,242909,2,,,1,100,,242910,2,,,1,110,,242911,2,,,1
2100,'20261028',346,,242912,2,,,1,75,,242913,2,,,1,25,,242914,2,,,1,455,,242916,2,0,7 29 30,1,20,,242919,2,0,7 29 30,1,20,,242921,2,0,7 29 30,1,65,,242922,2,0,7 29 30,1,15,,242925,2,0,7 29 30,1,20,,242927,2,0,7 29 30,1,60,,242928,2,0,7 29 30,1,20,,242931,2,0,7 29 30,1,30,,242932,2,0,7 29 30,1,70,,242935,2,0,7 29 30,1,30,,242936,2,0,7 29 30,1,70,,242939,2,0,7 29 30,1,95,,242942,2,0,7 29 30,1,100,,242944,2,0,7 29 30,1,95,,242948,2,,,1,105,,242949,2,,,1,95,,242950,2,,,1,100,,242951,2,,,1,100,,242952,2,,,1,105,,242953,2,,,1,100,,242954,2,,,1,100,,242955,2,,,1,110,,242956,2,,,1
2100,'20261029',346,,242957,2,,,1,75,,242958,2,,,1,25,,242959,2,,,1,455,,242961,2,0,7 29 30,1,20,,242964,2,0,7 29 30,1,20,,242966,2,0,7 29 30,1,65,,242967,2,0,7 29 30,1,15,,242970,2,0,7 29 30,1,20,,242972,2,0,7 29 30,1,60,,242973,2,0,7 29 30,1,20,,242976,2,0,7 29 30,1,30,,242977,2,0,7 29 30,1,70,,242980,2,0,7 29 30,1,30,,242981,2,0,7 29 30,1,70,,242984,2,0,7 29 30,1,95,,242987,2,0,7 29 30,1,100,,242989,2,0,7 29 30,1,95,,242993,2,,,1,105,,242994,2,,,1,95,,242995,2,,,1,100,,242996,2,,,1,100,,242997,2,,,1,105,,242998,2,,,1,100,,242999,2,,,1,100,,243000,2,,,1,110,,243001,2,,,1
2100,'20261030',346,,243002,2,,,1,75,,243003,2,,,1,25,,243004,2,,,1,455,,243006,2,0,7 29 30,1,20,,243009,2,0,7 29 30,1,20,,243011,2,0,7 29 30,1,65,,243012,2,0,7 29 30,1,15,,243015,2,0,7 29 30,1,20,,243017,2,0,7 29 30,1,60,,243018,2,0,7 29 30,1,20,,243021,2,0,7 29 30,1,30,,243022,2,0,7 29 30,1,70,,243025,2,0,7 29 30,1,30,,243026,2,0,7 29 30,1,70,,243029,2,0,7 29 30,1,95,,243032,2,0,7 29 30,1,100,,243034,2,0,7 29 30,1,95,,243038,2,,,1,105,,243039,2,,,1,95,,243040,2,,,1,100,,243041,2,,,1,100,,243042,2,,,1,105,,243043,2,,,1,100,,243044,2,,,1,100,,243045,2,,,1,110,,243046,2,,,1
2100,'20261031',456,,243047,2,0,57 29 30,1,100,,243048,2,0,57 29 30,1,70,,243049,2,0,57 29 30,1,105,,243051,2,0,7 29 30,1,100,,243054,2,0,7 29 30,1,100,,243058,2,0,7 29 30,1,90,,243062,2,0,7 29 30,1,105,,243066,2,0,7 29 30,1,100,,243069,2,0,7 29 30,1,100,,243072,2,0,7 29 30,1,100,,243075,2,0,7 29 30,1,100,,243078,2,0,7 29 30,1,95,,243081,2,0,7 29 30,1,100,,243084,2,0,7 29 30,1,105,,243086,2,0,7 29 30,1,100,,243089,2,0,57 29 30,1,95,,243090,2,0,57 29 30,1,105,,243091,2,0,57 29 30,1,95,,243092,2,0,57 29 30,1,105,,243093,2,0,57 29 30,1,100,,243094,2,0,57 29 30,1
2100,'20261101',456,,243095,2,0,57 29 30,1,100,,243096,2,0,57 29 30,1,70,,243097,2,0,57 29 30,1,105,,243098,2,0,7 29 30,1,100,,243100,2,0,7 29 30,1,100,,243103,2,0,7 29 30,1,90,,243106,2,0,7 29 30,1,105,,243110,2,0,7 29 30,1,100,,243113,2,0,7 29 30,1,100,,243116,2,0,7 29 30,1,100,,243119,2,0,7 29 30,1,100,,243122,2,0,7 29 30,1,95,,243125,2,0,7 29 30,1,100,,243128,2,0,7 29 30,1,105,,243130,2,0,7 29 30,1,100,,243132,2,0,57 29 30,1,95,,243133,2,0,57 29 30,1,105,,243134,2,0,57 29 30,1,95,,243135,2,0,57 29 30,1,105,,243136,2,0,57 29 30,1,100,,243137,2,0,57 29 30,1
2100,'20261102',346,,243138,2,,,1,75,,243139,2,,,1,25,,243140,2,,,1,455,,243142,2,0,7 29 30,1,20,,243145,2,0,7 29 30,1,20,,243147,2,0,7 29 30,1,65,,243148,2,0,7 29 30,1,15,,243151,2,0,7 29 30,1,20,,243153,2,0,7 29 30,1,60,,243154,2,0,7 29 30,1,20,,243157,2,0,7 29 30,1,30,,243158,2,0,7 29 30,1,70,,243161,2,0,7 29 30,1,30,,243162,2,0,7 29 30,1,70,,243165,2,0,7 29 30,1,95,,243168,2,0,7 29 30,1,100,,243170,2,0,7 29 30,1,95,,243174,2,,,1,105,,243175,2,,,1,95,,243176,2,,,1,100,,243177,2,,,1,100,,243178,2,,,1,105,,243179,2,,,1,100,,243180,2,,,1,100,,243181,2,,,1,110,,243182,2,,,1
2100,'20261103',346,,243183,2,,,1,75,,243184,2,,,1,25,,243185,2,,,1,455,,243187,2,0,7 29 30,1,20,,243190,2,0,7 29 30,1,20,,243192,2,0,7 29 30,1,65,,243193,2,0,7 29 30,1,15,,243196,2,0,7 29 30,1,20,,243198,2,0,7 29 30,1,60,,243199,2,0,7 29 30,1,20,,243202,2,0,7 29 30,1,30,,243203,2,0,7 29 30,1,70,,243206,2,0,7 29 30,1,30,,243207,2,0,7 29 30,1,70,,243210,2,0,7 29 30,1,95,,243213,2,0,7 29 30,1,100,,243215,2,0,7 29 30,1,95,,243219,2,,,1,105,,243220,2,,,1,95,,243221,2,,,1,100,,243222,2,,,1,100,,243223,2,,,1,105,,243224,2,,,1,100,,243225,2,,,1,100,,243226,2,,,1,110,,243227,2,,,1
2100,'20261104',346,,243228,2,,,1,75,,243229,2,,,1,25,,243230,2,,,1,455,,243232,2,0,7 29 30,1,20,,243235,2,0,7 29 30,1,20,,243237,2,0,7 29 30,1,65,,243238,2,0,7 29 30,1,15,,243241,2,0,7 29 30,1,20,,243243,2,0,7 29 30,1,60,,243244,2,0,7 29 30,1,20,,243247,2,0,7 29 30,1,30,,243248,2,0,7 29 30,1,70,,243251,2,0,7 29 30,1,30,,243252,2,0,7 29 30,1,70,,243255,2,0,7 29 30,1,95,,243258,2,0,7 29 30,1,100,,243260,2,0,7 29 30,1,95,,243264,2,,,1,105,,243265,2,,,1,95,,243266,2,,,1,100,,243267,2,,,1,100,,243268,2,,,1,105,,243269,2,,,1,100,,243270,2,,,1,100,,243271,2,,,1,110,,243272,2,,,1
2100,'20261105',346,,243273,2,,,1,75,,243274,2,,,1,25,,243275,2,,,1,455,,243277,2,0,7 29 30,1,20,,243280,2,0,7 29 30,1,20,,243282,2,0,7 29 30,1,65,,243283,2,0,7 29 30,1,15,,243286,2,0,7 29 30,1,20,,243288,2,0,7 29 30,1,60,,243289,2,0,7 29 30,1,20,,243292,2,0,7 29 30,1,30,,243293,2,0,7 29 30,1,70,,243296,2,0,7 29 30,1,30,,243297,2,0,7 29 30,1,70,,243300,2,0,7 29 30,1,95,,243303,2,0,7 29 30,1,100,,243305,2,0,7 29 30,1,95,,243309,2,,,1,105,,243310,2,,,1,95,,243311,2,,,1,100,,243312,2,,,1,100,,243313,2,,,1,105,,243314,2,,,1,100,,243315,2,,,1,100,,243316,2,,,1,110,,243317,2,,,1
2100,'20261106',346,,243318,2,,,1,75,,243319,2,,,1,25,,243320,2,,,1,455,,243322,2,0,7 29 30,1,20,,243325,2,0,7 29 30,1,20,,243327,2,0,7 29 30,1,65,,243328,2,0,7 29 30,1,15,,243331,2,0,7 29 30,1,20,,243333,2,0,7 29 30,1,60,,243334,2,0,7 29 30,1,20,,243337,2,0,7 29 30,1,30,,243338,2,0,7 29 30,1,70,,243341,2,0,7 29 30,1,30,,243342,2,0,7 29 30,1,70,,243345,2,0,7 29 30,1,95,,243348,2,0,7 29 30,1,100,,243350,2,0,7 29 30,1,95,,243354,2,,,1,105,,243355,2,,,1,95,,243356,2,,,1,100,,243357,2,,,1,100,,243358,2,,,1,105,,243359,2,,,1,100,,243360,2,,,1,100,,243361,2,,,1,110,,243362,2,,,1
2100,'20261107',456,,243363,2,0,57 29 30,1,100,,243364,2,0,57 29 30,1,70,,243365,2,0,57 29 30,1,105,,243367,2,0,7 29 30,1,100,,243370,2,0,7 29 30,1,100,,243374,2,0,7 29 30,1,90,,243378,2,0,7 29 30,1,105,,243382,2,0,7 29 30,1,100,,243385,2,0,7 29 30,1,100,,243388,2,0,7 29 30,1,100,,243391,2,0,7 29 30,1,100,,243394,2,0,7 29 30,1,95,,243397,2,0,7 29 30,1,100,,243400,2,0,7 29 30,1,105,,243402,2,0,7 29 30,1,100,,243405,2,0,57 29 30,1,95,,243406,2,0,57 29 30,1,105,,243407,2,0,57 29 30,1,95,,243408,2,0,57 29 30,1,105,,243409,2,0,57 29 30,1,100,,243410,2,0,57 29 30,1
2100,'20261108',456,,243411,2,0,57 29 30,1,100,,243412,2,0,57 29 30,1,70,,243413,2,0,57 29 30,1,105,,243414,2,0,7 29 30,1,100,,243416,2,0,7 29 30,1,100,,243419,2,0,7 29 30,1,90,,243422,2,0,7 29 30,1,105,,243426,2,0,7 29 30,1,100,,243429,2,0,7 29 30,1,100,,243432,2,0,7 29 30,1,100,,243435,2,0,7 29 30,1,100,,243438,2,0,7 29 30,1,95,,243441,2,0,7 29 30,1,100,,243444,2,0,7 29 30,1,105,,243446,2,0,7 29 30,1,100,,243448,2,0,57 29 30,1,95,,243449,2,0,57 29 30,1,105,,243450,2,0,57 29 30,1,95,,243451,2,0,57 29 30,1,105,,243452,2,0,57 29 30,1,100,,243453,2,0,57 29 30,1
2100,'20261109',346,,243454,2,,,1,75,,243455,2,,,1,25,,243456,2,,,1,455,,243458,2,0,7 29 30,1,20,,243461,2,0,7 29 30,1,20,,243463,2,0,7 29 30,1,65,,243464,2,0,7 29 30,1,15,,243467,2,0,7 29 30,1,20,,243469,2,0,7 29 30,1,60,,243470,2,0,7 29 30,1,20,,243473,2,0,7 29 30,1,30,,243474,2,0,7 29 30,1,70,,243477,2,0,7 29 30,1,30,,243478,2,0,7 29 30,1,70,,243481,2,0,7 29 30,1,95,,243484,2,0,7 29 30,1,100,,243486,2,0,7 29 30,1,95,,243490,2,,,1,105,,243491,2,,,1,95,,243492,2,,,1,100,,243493,2,,,1,100,,243494,2,,,1,105,,243495,2,,,1,100,,243496,2,,,1,100,,243497,2,,,1,110,,243498,2,,,1
2100,'20261110',346,,243499,2,,,1,75,,243500,2,,,1,25,,243501,2,,,1,455,,243503,2,0,7 29 30,1,20,,243506,2,0,7 29 30,1,20,,243508,2,0,7 29 30,1,65,,243509,2,0,7 29 30,1,15,,243512,2,0,7 29 30,1,20,,243514,2,0,7 29 30,1,60,,243515,2,0,7 29 30,1,20,,243518,2,0,7 29 30,1,30,,243519,2,0,7 29 30,1,70,,243522,2,0,7 29 30,1,30,,243523,2,0,7 29 30,1,70,,243526,2,0,7 29 30,1,95,,243529,2,0,7 29 30,1,100,,243531,2,0,7 29 30,1,95,,243535,2,,,1,105,,243536,2,,,1,95,,243537,2,,,1,100,,243538,2,,,1,100,,243539,2,,,1,105,,243540,2,,,1,100,,243541,2,,,1,100,,243542,2,,,1,110,,243543,2,,,1
2100,'20261111',346,,243544,2,,,1,75,,243545,2,,,1,25,,243546,2,,,1,455,,243548,2,0,7 29 30,1,20,,243551,2,0,7 29 30,1,20,,243553,2,0,7 29 30,1,65,,243554,2,0,7 29 30,1,15,,243557,2,0,7 29 30,1,20,,243559,2,0,7 29 30,1,60,,243560,2,0,7 29 30,1,20,,243563,2,0,7 29 30,1,30,,243564,2,0,7 29 30,1,70,,243567,2,0,7 29 30,1,30,,243568,2,0,7 29 30,1,70,,243571,2,0,7 29 30,1,95,,243574,2,0,7 29 30,1,100,,243576,2,0,7 29 30,1,95,,243580,2,,,1,105,,243581,2,,,1,95,,243582,2,,,1,100,,243583,2,,,1,100,,243584,2,,,1,105,,243585,2,,,1,100,,243586,2,,,1,100,,243587,2,,,1,110,,243588,2,,,1
2100,'20261112',346,,243589,2,,,1,75,,243590,2,,,1,25,,243591,2,,,1,455,,243593,2,0,7 29 30,1,20,,243596,2,0,7 29 30,1,20,,243598,2,0,7 29 30,1,65,,243599,2,0,7 29 30,1,15,,243602,2,0,7 29 30,1,20,,243604,2,0,7 29 30,1,60,,243605,2,0,7 29 30,1,20,,243608,2,0,7 29 30,1,30,,243609,2,0,7 29 30,1,70,,243612,2,0,7 29 30,1,30,,243613,2,0,7 29 30,1,70,,243616,2,0,7 29 30,1,95,,243619,2,0,7 29 30,1,100,,243621,2,0,7 29 30,1,95,,243625,2,,,1,105,,243626,2,,,1,95,,243627,2,,,1,100,,243628,2,,,1,100,,243629,2,,,1,105,,243630,2,,,1,100,,243631,2,,,1,100,,243632,2,,,1,110,,243633,2,,,1
2100,'20261113',346,,243634,2,,,1,75,,243635,2,,,1,25,,243636,2,,,1,455,,243638,2,0,7 29 30,1,20,,243641,2,0,7 29 30,1,20,,243643,2,0,7 29 30,1,65,,243644,2,0,7 29 30,1,15,,243647,2,0,7 29 30,1,20,,243649,2,0,7 29 30,1,60,,243650,2,0,7 29 30,1,20,,243653,2,0,7 29 30,1,30,,243654,2,0,7 29 30,1,70,,243657,2,0,7 29 30,1,30,,243658,2,0,7 29 30,1,70,,243661,2,0,7 29 30,1,95,,243664,2,0,7 29 30,1,100,,243666,2,0,7 29 30,1,95,,243670,2,,,1,105,,243671,2,,,1,95,,243672,2,,,1,100,,243673,2,,,1,100,,243674,2,,,1,105,,243675,2,,,1,100,,243676,2,,,1,100,,243677,2,,,1,110,,243678,2,,,1
2100,'20261114',456,,243679,2,0,57 29 30,1,100,,243680,2,0,57 29 30,1,70,,243681,2,0,57 29 30,1,105,,243683,2,0,7 29 30,1,100,,243686,2,0,7 29 30,1,100,,243690,2,0,7 29 30,1,90,,243694,2,0,7 29 30,1,105,,243698,2,0,7 29 30,1,100,,243701,2,0,7 29 30,1,100,,243704,2,0,7 29 30,1,100,,243707,2,0,7 29 30,1,100,,243710,2,0,7 29 30,1,95,,243713,2,0,7 29 30,1,100,,243716,2,0,7 29 30,1,105,,243718,2,0,7 29 30,1,100,,243721,2,0,57 29 30,1,95,,243722,2,0,57 29 30,1,105,,243723,2,0,57 29 30,1,95,,243724,2,0,57 29 30,1,105,,243725,2,0,57 29 30,1,100,,243726,2,0,57 29 30,1
2100,'20261115',456,,243727,2,0,57 29 30,1,100,,243728,2,0,57 29 30,1,70,,243729,2,0,57 29 30,1,105,,243730,2,0,7 29 30,1,100,,243732,2,0,7 29 30,1,100,,243735,2,0,7 29 30,1,90,,243738,2,0,7 29 30,1,105,,243742,2,0,7 29 30,1,100,,243745,2,0,7 29 30,1,100,,243748,2,0,7 29 30,1,100,,243751,2,0,7 29 30,1,100,,243754,2,0,7 29 30,1,95,,243757,2,0,7 29 30,1,100,,243760,2,0,7 29 30,1,105,,243762,2,0,7 29 30,1,100,,243764,2,0,57 29 30,1,95,,243765,2,0,57 29 30,1,105,,243766,2,0,57 29 30,1,95,,243767,2,0,57 29 30,1,105,,243768,2,0,57 29 30,1,100,,243769,2,0,57 29 30,1
2100,'20261116',346,,243770,2,,,1,75,,243771,2,,,1,25,,243772,2,,,1,455,,243774,2,0,7 29 30,1,20,,243777,2,0,7 29 30,1,20,,243779,2,0,7 29 30,1,65,,243780,2,0,7 29 30,1,15,,243783,2,0,7 29 30,1,20,,243785,2,0,7 29 30,1,60,,243786,2,0,7 29 30,1,20,,243789,2,0,7 29 30,1,30,,243790,2,0,7 29 30,1,70,,243793,2,0,7 29 30,1,30,,243794,2,0,7 29 30,1,70,,243797,2,0,7 29 30,1,95,,243800,2,0,7 29 30,1,100,,243802,2,0,7 29 30,1,95,,243806,2,,,1,105,,243807,2,,,1,95,,243808,2,,,1,100,,243809,2,,,1,100,,243810,2,,,1,105,,243811,2,,,1,100,,243812,2,,,1,100,,243813,2,,,1,110,,243814,2,,,1
2100,'20261117',346,,243815,2,,,1,75,,243816,2,,,1,25,,243817,2,,,1,455,,243819,2,0,7 29 30,1,20,,243822,2,0,7 29 30,1,20,,243824,2,0,7 29 30,1,65,,243825,2,0,7 29 30,1,15,,243828,2,0,7 29 30,1,20,,243830,2,0,7 29 30,1,60,,243831,2,0,7 29 30,1,20,,243834,2,0,7 29 30,1,30,,243835,2,0,7 29 30,1,70,,243838,2,0,7 29 30,1,30,,243839,2,0,7 29 30,1,70,,243842,2,0,7 29 30,1,95,,243845,2,0,7 29 30,1,100,,243847,2,0,7 29 30,1,95,,243851,2,,,1,105,,243852,2,,,1,95,,243853,2,,,1,100,,243854,2,,,1,100,,243855,2,,,1,105,,243856,2,,,1,100,,243857,2,,,1,100,,243858,2,,,1,110,,243859,2,,,1
2100,'20261118',346,,243860,2,,,1,75,,243861,2,,,1,25,,243862,2,,,1,455,,243864,2,0,7 29 30,1,20,,243867,2,0,7 29 30,1,20,,243869,2,0,7 29 30,1,65,,243870,2,0,7 29 30,1,15,,243873,2,0,7 29 30,1,20,,243875,2,0,7 29 30,1,60,,243876,2,0,7 29 30,1,20,,243879,2,0,7 29 30,1,30,,243880,2,0,7 29 30,1,70,,243883,2,0,7 29 30,1,30,,243884,2,0,7 29 30,1,70,,243887,2,0,7 29 30,1,95,,243890,2,0,7 29 30,1,100,,243892,2,0,7 29 30,1,95,,243896,2,,,1,105,,243897,2,,,1,95,,243898,2,,,1,100,,243899,2,,,1,100,,243900,2,,,1,105,,243901,2,,,1,100,,243902,2,,,1,100,,243903,2,,,1,110,,243904,2,,,1
2100,'20261119',346,,243905,2,,,1,75,,243906,2,,,1,25,,243907,2,,,1,455,,243909,2,0,7 29 30,1,20,,243912,2,0,7 29 30,1,20,,243914,2,0,7 29 30,1,65,,243915,2,0,7 29 30,1,15,,243918,2,0,7 29 30,1,20,,243920,2,0,7 29 30,1,60,,243921,2,0,7 29 30,1,20,,243924,2,0,7 29 30,1,30,,243925,2,0,7 29 30,1,70,,243928,2,0,7 29 30,1,30,,243929,2,0,7 29 30,1,70,,243932,2,0,7 29 30,1,95,,243935,2,0,7 29 30,1,100,,243937,2,0,7 29 30,1,95,,243941,2,,,1,105,,243942,2,,,1,95,,243943,2,,,1,100,,243944,2,,,1,100,,243945,2,,,1,105,,243946,2,,,1,100,,243947,2,,,1,100,,243948,2,,,1,110,,243949,2,,,1
2100,'20261120',346,,243950,2,,,1,75,,243951,2,,,1,25,,243952,2,,,1,455,,243954,2,0,7 29 30,1,20,,243957,2,0,7 29 30,1,20,,243959,2,0,7 29 30,1,65,,243960,2,0,7 29 30,1,15,,243963,2,0,7 29 30,1,20,,243965,2,0,7 29 30,1,60,,243966,2,0,7 29 30,1,20,,243969,2,0,7 29 30,1,30,,243970,2,0,7 29 30,1,70,,243973,2,0,7 29 30,1,30,,243974,2,0,7 29 30,1,70,,243977,2,0,7 29 30,1,95,,243980,2,0,7 29 30,1,100,,243982,2,0,7 29 30,1,95,,243986,2,,,1,105,,243987,2,,,1,95,,243988,2,,,1,100,,243989,2,,,1,100,,243990,2,,,1,105,,243991,2,,,1,100,,243992,2,,,1,100,,243993,2,,,1,110,,243994,2,,,1
2100,'20261121',456,,243995,2,0,57 29 30,1,100,,243996,2,0,57 29 30,1,70,,243997,2,0,57 29 30,1,105,,243999,2,0,7 29 30,1,100,,244002,2,0,7 29 30,1,100,,244006,2,0,7 29 30,1,90,,244010,2,0,7 29 30,1,105,,244014,2,0,7 29 30,1,100,,244017,2,0,7 29 30,1,100,,244020,2,0,7 29 30,1,100,,244023,2,0,7 29 30,1,100,,244026,2,0,7 29 30,1,95,,244029,2,0,7 29 30,1,100,,244032,2,0,7 29 30,1,105,,244034,2,0,7 29 30,1,100,,244037,2,0,57 29 30,1,95,,244038,2,0,57 29 30,1,105,,244039,2,0,57 29 30,1,95,,244040,2,0,57 29 30,1,105,,244041,2,0,57 29 30,1,100,,244042,2,0,57 29 30,1
2100,'20261122',456,,244043,2,0,57 29 30,1,100,,244044,2,0,57 29 30,1,70,,244045,2,0,57 29 30,1,105,,244046,2,0,7 29 30,1,100,,244048,2,0,7 29 30,1,100,,244051,2,0,7 29 30,1,90,,244054,2,0,7 29 30,1,105,,244058,2,0,7 29 30,1,100,,244061,2,0,7 29 30,1,100,,244064,2,0,7 29 30,1,100,,244067,2,0,7 29 30,1,100,,244070,2,0,7 29 30,1,95,,244073,2,0,7 29 30,1,100,,244076,2,0,7 29 30,1,105,,244078,2,0,7 29 30,1,100,,244080,2,0,57 29 30,1,95,,244081,2,0,57 29 30,1,105,,244082,2,0,57 29 30,1,95,,244083,2,0,57 29 30,1,105,,244084,2,0,57 29 30,1,100,,244085,2,0,57 29 30,1
2100,'20261123',346,,244086,2,,,1,75,,244087,2,,,1,25,,244088,2,,,1,455,,244090,2,0,7 29 30,1,20,,244093,2,0,7 29 30,1,20,,244095,2,0,7 29 30,1,65,,244096,2,0,7 29 30,1,15,,244099,2,0,7 29 30,1,20,,244101,2,0,7 29 30,1,60,,244102,2,0,7 29 30,1,20,,244105,2,0,7 29 30,1,30,,244106,2,0,7 29 30,1,70,,244109,2,0,7 29 30,1,30,,244110,2,0,7 29 30,1,70,,244113,2,0,7 29 30,1,95,,244116,2,0,7 29 30,1,100,,244118,2,0,7 29 30,1,95,,244122,2,,,1,105,,244123,2,,,1,95,,244124,2,,,1,100,,244125,2,,,1,100,,244126,2,,,1,105,,244127,2,,,1,100,,244128,2,,,1,100,,244129,2,,,1,110,,244130,2,,,1
2100,'20261124',346,,244131,2,,,1,75,,244132,2,,,1,25,,244133,2,,,1,455,,244135,2,0,7 29 30,1,20,,244138,2,0,7 29 30,1,20,,244140,2,0,7 29 30,1,65,,244141,2,0,7 29 30,1,15,,244144,2,0,7 29 30,1,20,,244146,2,0,7 29 30,1,60,,244147,2,0,7 29 30,1,20,,244150,2,0,7 29 30,1,30,,244151,2,0,7 29 30,1,70,,244154,2,0,7 29 30,1,30,,244155,2,0,7 29 30,1,70,,244158,2,0,7 29 30,1,95,,244161,2,0,7 29 30,1,100,,244163,2,0,7 29 30,1,95,,244167,2,,,1,105,,244168,2,,,1,95,,244169,2,,,1,100,,244170,2,,,1,100,,244171,2,,,1,105,,244172,2,,,1,100,,244173,2,,,1,100,,244174,2,,,1,110,,244175,2,,,1
2100,'20261125',346,,244176,2,,,1,75,,244177,2,,,1,25,,244178,2,,,1,455,,244180,2,0,7 29 30,1,20,,244183,2,0,7 29 30,1,20,,244185,2,0,7 29 30,1,65,,244186,2,0,7 29 30,1,15,,244189,2,0,7 29 30,1,20,,244191,2,0,7 29 30,1,60,,244192,2,0,7 29 30,1,20,,244195,2,0,7 29 30,1,30,,244196,2,0,7 29 30,1,70,,244199,2,0,7 29 30,1,30,,244200,2,0,7 29 30,1,70,,244203,2,0,7 29 30,1,95,,244206,2,0,7 29 30,1,100,,244208,2,0,7 29 30,1,95,,244212,2,,,1,105,,244213,2,,,1,95,,244214,2,,,1,100,,244215,2,,,1,100,,244216,2,,,1,105,,244217,2,,,1,100,,244218,2,,,1,100,,244219,2,,,1,110,,244220,2,,,1
2100,'20261126',346,,244221,2,,,1,75,,244222,2,,,1,25,,244223,2,,,1,455,,244225,2,0,7 29 30,1,20,,244228,2,0,7 29 30,1,20,,244230,2,0,7 29 30,1,65,,244231,2,0,7 29 30,1,15,,244234,2,0,7 29 30,1,20,,244236,2,0,7 29 30,1,60,,244237,2,0,7 29 30,1,20,,244240,2,0,7 29 30,1,30,,244241,2,0,7 29 30,1,70,,244244,2,0,7 29 30,1,30,,244245,2,0,7 29 30,1,70,,244248,2,0,7 29 30,1,95,,244251,2,0,7 29 30,1,100,,244253,2,0,7 29 30,1,95,,244257,2,,,1,105,,244258,2,,,1,95,,244259,2,,,1,100,,244260,2,,,1,100,,244261,2,,,1,105,,244262,2,,,1,100,,244263,2,,,1,100,,244264,2,,,1,110,,244265,2,,,1
2100,'20261127',346,,244266,2,,,1,75,,244267,2,,,1,25,,244268,2,,,1,455,,244270,2,0,7 29 30,1,20,,244273,2,0,7 29 30,1,20,,244275,2,0,7 29 30,1,65,,244276,2,0,7 29 30,1,15,,244279,2,0,7 29 30,1,20,,244281,2,0,7 29 30,1,60,,244282,2,0,7 29 30,1,20,,244285,2,0,7 29 30,1,30,,244286,2,0,7 29 30,1,70,,244289,2,0,7 29 30,1,30,,244290,2,0,7 29 30,1,70,,244293,2,0,7 29 30,1,95,,244296,2,0,7 29 30,1,100,,244298,2,0,7 29 30,1,95,,244302,2,,,1,105,,244303,2,,,1,95,,244304,2,,,1,100,,244305,2,,,1,100,,244306,2,,,1,105,,244307,2,,,1,100,,244308,2,,,1,100,,244309,2,,,1,110,,244310,2,,,1
2201,'20260831',705,,148408,3,,,1,97,,148409,3,,,1,205,,148410,3,,,1,200,,148411,3,,,1,200,,148412,3,,,1,200,,148413,3,,,1,199,,148414,3,,,1,200,,148415,3,,,1
2201,'20260901',705,,148416,3,,,1,97,,148417,3,,,1,205,,148418,3,,,1,200,,148419,3,,,1,200,,148420,3,,,1,200,,148421,3,,,1,199,,148422,3,,,1,200,,148423,3,,,1
2201,'20260902',705,,148424,3,,,1,97,,148425,3,,,1,205,,148426,3,,,1,200,,148427,3,,,1,200,,148428,3,,,1,200,,148429,3,,,1,199,,148430,3,,,1,200,,148431,3,,,1
2201,'20260903',705,,148432,3,,,1,97,,148433,3,,,1,205,,148434,3,,,1,200,,148435,3,,,1,200,,148436,3,,,1,200,,148437,3,,,1,199,,148438,3,,,1,200,,148439,3,,,1
2201,'20260904',705,,148440,3,,,1,97,,148441,3,,,1,205,,148442,3,,,1,200,,148443,3,,,1,200,,148444,3,,,1,200,,148445,3,,,1,199,,148446,3,,,1,200,,148447,3,,,1
2201,'20260908',705,,248499,3,,,1,97,,248500,3,,,1,205,,248501,3,,,1,200,,248502,3,,,1,200,,248503,3,,,1,200,,248504,3,,,1,205,,248505,3,,,1,194,,248506,3,,,1
2201,'20260909',705,,248507,3,,,1,97,,248508,3,,,1,205,,248509,3,,,1,200,,248510,3,,,1,200,,248511,3,,,1,200,,248512,3,,,1,205,,248513,3,,,1,194,,248514,3,,,1
2201,'20260910',705,,248515,3,,,1,97,,248516,3,,,1,205,,248517,3,,,1,200,,248518,3,,,1,200,,248519,3,,,1,200,,248520,3,,,1,205,,248521,3,,,1,194,,248522,3,,,1
2201,'20260911',705,,248523,3,,,1,97,,248524,3,,,1,205,,248525,3,,,1,200,,248526,3,,,1,200,,248527,3,,,1,200,,248528,3,,,1,205,,248529,3,,,1,194,,248530,3,,,1
2201,'20260914',705,,248531,3,,,1,97,,248532,3,,,1,205,,248533,3,,,1,200,,248534,3,,,1,200,,248535,3,,,1,200,,248536,3,,,1,205,,248537,3,,,1,194,,248538,3,,,1
2201,'20260915',705,,248539,3,,,1,97,,248540,3,,,1,205,,248541,3,,,1,200,,248542,3,,,1,200,,248543,3,,,1,200,,248544,3,,,1,205,,248545,3,,,1,194,,248546,3,,,1
2201,'20260916',705,,248547,3,,,1,97,,248548,3,,,1,205,,248549,3,,,1,200,,248550,3,,,1,200,,248551,3,,,1,200,,248552,3,,,1,205,,248553,3,,,1,194,,248554,3,,,1
2201,'20260917',705,,248555,3,,,1,97,,248556,3,,,1,205,,248557,3,,,1,200,,248558,3,,,1,200,,248559,3,,,1,200,,248560,3,,,1,205,,248561,3,,,1,194,,248562,3,,,1
2201,'20260918',705,,248563,3,,,1,97,,248564,3,,,1,205,,248565,3,,,1,200,,248566,3,,,1,200,,248567,3,,,1,200,,248568,3,,,1,205,,248569,3,,,1,194,,248570,3,,,1
2201,'20260921',705,,248571,3,,,1,97,,248572,3,,,1,205,,248573,3,,,1,200,,248574,3,,,1,200,,248575,3,,,1,200,,248576,3,,,1,205,,248577,3,,,1,194,,248578,3,,,1
2201,'20260922',705,,248579,3,,,1,97,,248580,3,,,1,205,,248581,3,,,1,200,,248582,3,,,1,200,,248583,3,,,1,200,,248584,3,,,1,205,,248585,3,,,1,194,,248586,3,,,1
2201,'20260923',705,,248587,3,,,1,97,,248588,3,,,1,205,,248589,3,,,1,200,,248590,3,,,1,200,,248591,3,,,1,200,,248592,3,,,1,205,,248593,3,,,1,194,,248594,3,,,1
2201,'20260924',705,,248595,3,,,1,97,,248596,3,,,1,205,,248597,3,,,1,200,,248598,3,,,1,200,,248599,3,,,1,200,,248600,3,,,1,205,,248601,3,,,1,194,,248602,3,,,1
2201,'20260925',705,,248603,3,,,1,97,,248604,3,,,1,205,,248605,3,,,1,200,,248606,3,,,1,200,,248607,3,,,1,200,,248608,3,,,1,205,,248609,3,,,1,194,,248610,3,,,1
2201,'20260928',705,,248611,3,,,1,97,,248612,3,,,1,205,,248613,3,,,1,200,,248614,3,,,1,200,,248615,3,,,1,200,,248616,3,,,1,205,,248617,3,,,1,194,,248618,3,,,1
2201,'20260929',705,,248619,3,,,1,97,,248620,3,,,1,205,,248621,3,,,1,200,,248622,3,,,1,200,,248623,3,,,1,200,,248624,3,,,1,205,,248625,3,,,1,194,,248626,3,,,1
2201,'20260930',705,,248627,3,,,1,97,,248628,3,,,1,205,,248629,3,,,1,200,,248630,3,,,1,200,,248631,3,,,1,200,,248632,3,,,1,205,,248633,3,,,1,194,,248634,3,,,1
2201,'20261001',705,,248635,3,,,1,97,,248636,3,,,1,205,,248637,3,,,1,200,,248638,3,,,1,200,,248639,3,,,1,200,,248640,3,,,1,205,,248641,3,,,1,194,,248642,3,,,1
2201,'20261002',705,,248643,3,,,1,97,,248644,3,,,1,205,,248645,3,,,1,200,,248646,3,,,1,200,,248647,3,,,1,200,,248648,3,,,1,205,,248649,3,,,1,194,,248650,3,,,1
2201,'20261005',705,,248651,3,,,1,97,,248652,3,,,1,205,,248653,3,,,1,200,,248654,3,,,1,200,,248655,3,,,1,200,,248656,3,,,1,205,,248657,3,,,1,194,,248658,3,,,1
2201,'20261006',705,,248659,3,,,1,97,,248660,3,,,1,205,,248661,3,,,1,200,,248662,3,,,1,200,,248663,3,,,1,200,,248664,3,,,1,205,,248665,3,,,1,194,,248666,3,,,1
2201,'20261007',705,,248667,3,,,1,97,,248668,3,,,1,205,,248669,3,,,1,200,,248670,3,,,1,200,,248671,3,,,1,200,,248672,3,,,1,205,,248673,3,,,1,194,,248674,3,,,1
2201,'20261008',705,,248675,3,,,1,97,,248676,3,,,1,205,,248677,3,,,1,200,,248678,3,,,1,200,,248679,3,,,1,200,,248680,3,,,1,205,,248681,3,,,1,194,,248682,3,,,1
2201,'20261009',705,,248683,3,,,1,97,,248684,3,,,1,205,,248685,3,,,1,200,,248686,3,,,1,200,,248687,3,,,1,200,,248688,3,,,1,205,,248689,3,,,1,194,,248690,3,,,1
2201,'20261013',705,,248691,3,,,1,97,,248692,3,,,1,205,,248693,3,,,1,200,,248694,3,,,1,200,,248695,3,,,1,200,,248696,3,,,1,205,,248697,3,,,1,194,,248698,3,,,1
2201,'20261014',705,,248699,3,,,1,97,,248700,3,,,1,205,,248701,3,,,1,200,,248702,3,,,1,200,,248703,3,,,1,200,,248704,3,,,1,205,,248705,3,,,1,194,,248706,3,,,1
2201,'20261015',705,,248707,3,,,1,97,,248708,3,,,1,205,,248709,3,,,1,200,,248710,3,,,1,200,,248711,3,,,1,200,,248712,3,,,1,205,,248713,3,,,1,194,,248714,3,,,1
2201,'20261016',705,,248715,3,,,1,97,,248716,3,,,1,205,,248717,3,,,1,200,,248718,3,,,1,200,,248719,3,,,1,200,,248720,3,,,1,205,,248721,3,,,1,194,,248722,3,,,1
2201,'20261019',705,,248723,3,,,1,97,,248724,3,,,1,205,,248725,3,,,1,200,,248726,3,,,1,200,,248727,3,,,1,200,,248728,3,,,1,205,,248729,3,,,1,194,,248730,3,,,1
2201,'20261020',705,,248731,3,,,1,97,,248732,3,,,1,205,,248733,3,,,1,200,,248734,3,,,1,200,,248735,3,,,1,200,,248736,3,,,1,205,,248737,3,,,1,194,,248738,3,,,1
2201,'20261021',705,,248739,3,,,1,97,,248740,3,,,1,205,,248741,3,,,1,200,,248742,3,,,1,200,,248743,3,,,1,200,,248744,3,,,1,205,,248745,3,,,1,194,,248746,3,,,1
2201,'20261022',705,,248747,3,,,1,97,,248748,3,,,1,205,,248749,3,,,1,200,,248750,3,,,1,200,,248751,3,,,1,200,,248752,3,,,1,205,,248753,3,,,1,194,,248754,3,,,1
2201,'20261023',705,,248755,3,,,1,97,,248756,3,,,1,205,,248757,3,,,1,200,,248758,3,,,1,200,,248759,3,,,1,200,,248760,3,,,1,205,,248761,3,,,1,194,,248762,3,,,1
2201,'20261026',705,,248763,3,,,1,97,,248764,3,,,1,205,,248765,3,,,1,200,,248766,3,,,1,200,,248767,3,,,1,200,,248768,3,,,1,205,,248769,3,,,1,194,,248770,3,,,1
2201,'20261027',705,,248771,3,,,1,97,,248772,3,,,1,205,,248773,3,,,1,200,,248774,3,,,1,200,,248775,3,,,1,200,,248776,3,,,1,205,,248777,3,,,1,194,,248778,3,,,1
2201,'20261028',705,,248779,3,,,1,97,,248780,3,,,1,205,,248781,3,,,1,200,,248782,3,,,1,200,,248783,3,,,1,200,,248784,3,,,1,205,,248785,3,,,1,194,,248786,3,,,1
2201,'20261029',705,,248787,3,,,1,97,,248788,3,,,1,205,,248789,3,,,1,200,,248790,3,,,1,200,,248791,3,,,1,200,,248792,3,,,1,205,,248793,3,,,1,194,,248794,3,,,1
2201,'20261030',705,,248795,3,,,1,97,,248796,3,,,1,205,,248797,3,,,1,200,,248798,3,,,1,200,,248799,3,,,1,200,,248800,3,,,1,205,,248801,3,,,1,194,,248802,3,,,1
2201,'20261102',705,,248803,3,,,1,97,,248804,3,,,1,205,,248805,3,,,1,200,,248806,3,,,1,200,,248807,3,,,1,200,,248808,3,,,1,205,,248809,3,,,1,194,,248810,3,,,1
2201,'20261103',705,,248811,3,,,1,97,,248812,3,,,1,205,,248813,3,,,1,200,,248814,3,,,1,200,,248815,3,,,1,200,,248816,3,,,1,205,,248817,3,,,1,194,,248818,3,,,1
2201,'20261104',705,,248819,3,,,1,97,,248820,3,,,1,205,,248821,3,,,1,200,,248822,3,,,1,200,,248823,3,,,1,200,,248824,3,,,1,205,,248825,3,,,1,194,,248826,3,,,1
2201,'20261105',705,,248827,3,,,1,97,,248828,3,,,1,205,,248829,3,,,1,200,,248830,3,,,1,200,,248831,3,,,1,200,,248832,3,,,1,205,,248833,3,,,1,194,,248834,3,,,1
2201,'20261106',705,,248835,3,,,1,97,,248836,3,,,1,205,,248837,3,,,1,200,,248838,3,,,1,200,,248839,3,,,1,200,,248840,3,,,1,205,,248841,3,,,1,194,,248842,3,,,1
2201,'20261109',705,,248843,3,,,1,97,,248844,3,,,1,205,,248845,3,,,1,200,,248846,3,,,1,200,,248847,3,,,1,200,,248848,3,,,1,205,,248849,3,,,1,194,,248850,3,,,1
2201,'20261110',705,,248851,3,,,1,97,,248852,3,,,1,205,,248853,3,,,1,200,,248854,3,,,1,200,,248855,3,,,1,200,,248856,3,,,1,205,,248857,3,,,1,194,,248858,3,,,1
2201,'20261111',705,,248859,3,,,1,97,,248860,3,,,1,205,,248861,3,,,1,200,,248862,3,,,1,200,,248863,3,,,1,200,,248864,3,,,1,205,,248865,3,,,1,194,,248866,3,,,1
2201,'20261112',705,,248867,3,,,1,97,,248868,3,,,1,205,,248869,3,,,1,200,,248870,3,,,1,200,,248871,3,,,1,200,,248872,3,,,1,205,,248873,3,,,1,194,,248874,3,,,1
2201,'20261113',705,,248875,3,,,1,97,,248876,3,,,1,205,,248877,3,,,1,200,,248878,3,,,1,200,,248879,3,,,1,200,,248880,3,,,1,205,,248881,3,,,1,194,,248882,3,,,1
2201,'20261116',705,,248883,3,,,1,97,,248884,3,,,1,205,,248885,3,,,1,200,,248886,3,,,1,200,,248887,3,,,1,200,,248888,3,,,1,205,,248889,3,,,1,194,,248890,3,,,1
2201,'20261117',705,,248891,3,,,1,97,,248892,3,,,1,205,,248893,3,,,1,200,,248894,3,,,1,200,,248895,3,,,1,200,,248896,3,,,1,205,,248897,3,,,1,194,,248898,3,,,1
2201,'20261118',705,,248899,3,,,1,97,,248900,3,,,1,205,,248901,3,,,1,200,,248902,3,,,1,200,,248903,3,,,1,200,,248904,3,,,1,205,,248905,3,,,1,194,,248906,3,,,1
2201,'20261119',705,,248907,3,,,1,97,,248908,3,,,1,205,,248909,3,,,1,200,,248910,3,,,1,200,,248911,3,,,1,200,,248912,3,,,1,205,,248913,3,,,1,194,,248914,3,,,1
2201,'20261120',705,,248915,3,,,1,97,,248916,3,,,1,205,,248917,3,,,1,200,,248918,3,,,1,200,,248919,3,,,1,200,,248920,3,,,1,205,,248921,3,,,1,194,,248922,3,,,1
2201,'20261123',705,,248923,3,,,1,97,,248924,3,,,1,205,,248925,3,,,1,200,,248926,3,,,1,200,,248927,3,,,1,200,,248928,3,,,1,205,,248929,3,,,1,194,,248930,3,,,1
2201,'20261124',705,,248931,3,,,1,97,,248932,3,,,1,205,,248933,3,,,1,200,,248934,3,,,1,200,,248935,3,,,1,200,,248936,3,,,1,205,,248937,3,,,1,194,,248938,3,,,1
2201,'20261125',705,,248939,3,,,1,97,,248940,3,,,1,205,,248941,3,,,1,200,,248942,3,,,1,200,,248943,3,,,1,200,,248944,3,,,1,205,,248945,3,,,1,194,,248946,3,,,1
2201,'20261126',705,,248947,3,,,1,97,,248948,3,,,1,205,,248949,3,,,1,200,,248950,3,,,1,200,,248951,3,,,1,200,,248952,3,,,1,205,,248953,3,,,1,194,,248954,3,,,1
2201,'20261127',705,,248955,3,,,1,97,,248956,3,,,1,205,,248957,3,,,1,200,,248958,3,,,1,200,,248959,3,,,1,200,,248960,3,,,1,205,,248961,3,,,1,194,,248962,3,,,1
2700,'20260831',506,,155235,2,0,7 6,1,20,,155236,2,0,7 6,1,25,,155237,2,0,57 6,1,60,,155238,2,0,57 6,1,15,,155239,2,0,57 6,1,25,,155240,2,0,57 6,1,65,,155241,2,0,57 6,1,30,,155242,2,0,57 6,1,70,,155243,2,0,7 6,1,110,,155244,2,0,7 6,1,100,,155245,2,0,7 6,1,420,,155250,2,0,57 6,1,75,,155251,2,0,57 6,1,25,,155252,2,0,57 6,1,75,,155254,2,0,57 6,1,35,,155256,2,0,57 6,1,80,,155257,2,0,57 6,1,90,,155258,2,0,7 6,1
2700,'20260901',506,,155262,2,0,7 6,1,20,,155263,2,0,7 6,1,25,,155264,2,0,57 6,1,60,,155265,2,0,57 6,1,15,,155266,2,0,57 6,1,25,,155267,2,0,57 6,1,65,,155268,2,0,57 6,1,30,,155269,2,0,57 6,1,70,,155270,2,0,7 6,1,110,,155271,2,0,7 6,1,100,,155272,2,0,7 6,1,420,,155277,2,0,57 6,1,75,,155278,2,0,57 6,1,25,,155279,2,0,57 6,1,75,,155281,2,0,57 6,1,35,,155283,2,0,57 6,1,80,,155284,2,0,57 6,1,90,,155285,2,0,7 6,1
2700,'20260902',506,,155289,2,0,7 6,1,20,,155290,2,0,7 6,1,25,,155291,2,0,57 6,1,60,,155292,2,0,57 6,1,15,,155293,2,0,57 6,1,25,,155294,2,0,57 6,1,65,,155295,2,0,57 6,1,30,,155296,2,0,57 6,1,70,,155297,2,0,7 6,1,110,,155298,2,0,7 6,1,100,,155299,2,0,7 6,1,420,,155304,2,0,57 6,1,75,,155305,2,0,57 6,1,25,,155306,2,0,57 6,1,75,,155308,2,0,57 6,1,35,,155310,2,0,57 6,1,80,,155311,2,0,57 6,1,90,,155312,2,0,7 6,1
2700,'20260903',506,,155316,2,0,7 6,1,20,,155317,2,0,7 6,1,25,,155318,2,0,57 6,1,60,,155319,2,0,57 6,1,15,,155320,2,0,57 6,1,25,,155321,2,0,57 6,1,65,,155322,2,0,57 6,1,30,,155323,2,0,57 6,1,70,,155324,2,0,7 6,1,110,,155325,2,0,7 6,1,100,,155326,2,0,7 6,1,420,,155331,2,0,57 6,1,75,,155332,2,0,57 6,1,25,,155333,2,0,57 6,1,75,,155335,2,0,57 6,1,35,,155337,2,0,57 6,1,80,,155338,2,0,57 6,1,90,,155339,2,0,7 6,1
2700,'20260904',506,,155343,2,0,7 6,1,20,,155344,2,0,7 6,1,25,,155345,2,0,57 6,1,60,,155346,2,0,57 6,1,15,,155347,2,0,57 6,1,25,,155348,2,0,57 6,1,65,,155349,2,0,57 6,1,30,,155350,2,0,57 6,1,70,,155351,2,0,7 6,1,110,,155352,2,0,7 6,1,100,,155353,2,0,7 6,1,420,,155358,2,0,57 6,1,75,,155359,2,0,57 6,1,25,,155360,2,0,57 6,1,75,,155362,2,0,57 6,1,35,,155364,2,0,57 6,1,80,,155365,2,0,57 6,1,90,,155366,2,0,7 6,1
2700,'20260905',536,,254429,2,0,7 6,1
2700,'20260906',536,,254446,2,0,7 6,1
2700,'20260907',536,,254463,2,0,7 6,1
2700,'20260908',506,,254480,2,0,7 6,1,20,,254481,2,0,7 6,1,25,,254482,2,0,57 6,1,60,,254483,2,0,57 6,1,15,,254484,2,0,57 6,1,25,,254485,2,0,57 6,1,65,,254486,2,0,57 6,1,30,,254487,2,0,57 6,1,80,,254488,2,0,7 6,1,100,,254489,2,0,7 6,1,100,,254490,2,0,7 6,1,420,,254495,2,0,57 6,1,70,,254496,2,0,57 6,1,30,,254497,2,0,57 6,1,75,,254499,2,0,57 6,1,35,,254501,2,0,57 6,1,80,,254502,2,0,57 6,1,90,,254503,2,0,7 6,1
2700,'20260909',506,,254507,2,0,7 6,1,20,,254508,2,0,7 6,1,25,,254509,2,0,57 6,1,60,,254510,2,0,57 6,1,15,,254511,2,0,57 6,1,25,,254512,2,0,57 6,1,65,,254513,2,0,57 6,1,30,,254514,2,0,57 6,1,80,,254515,2,0,7 6,1,100,,254516,2,0,7 6,1,100,,254517,2,0,7 6,1,420,,254522,2,0,57 6,1,70,,254523,2,0,57 6,1,30,,254524,2,0,57 6,1,75,,254526,2,0,57 6,1,35,,254528,2,0,57 6,1,80,,254529,2,0,57 6,1,90,,254530,2,0,7 6,1
2700,'20260910',506,,254534,2,0,7 6,1,20,,254535,2,0,7 6,1,25,,254536,2,0,57 6,1,60,,254537,2,0,57 6,1,15,,254538,2,0,57 6,1,25,,254539,2,0,57 6,1,65,,254540,2,0,57 6,1,30,,254541,2,0,57 6,1,80,,254542,2,0,7 6,1,100,,254543,2,0,7 6,1,100,,254544,2,0,7 6,1,420,,254549,2,0,57 6,1,70,,254550,2,0,57 6,1,30,,254551,2,0,57 6,1,75,,254553,2,0,57 6,1,35,,254555,2,0,57 6,1,80,,254556,2,0,57 6,1,90,,254557,2,0,7 6,1
2700,'20260911',506,,254561,2,0,7 6,1,20,,254562,2,0,7 6,1,25,,254563,2,0,57 6,1,60,,254564,2,0,57 6,1,15,,254565,2,0,57 6,1,25,,254566,2,0,57 6,1,65,,254567,2,0,57 6,1,30,,254568,2,0,57 6,1,80,,254569,2,0,7 6,1,100,,254570,2,0,7 6,1,100,,254571,2,0,7 6,1,420,,254576,2,0,57 6,1,70,,254577,2,0,57 6,1,30,,254578,2,0,57 6,1,75,,254580,2,0,57 6,1,35,,254582,2,0,57 6,1,80,,254583,2,0,57 6,1,90,,254584,2,0,7 6,1
2700,'20260912',536,,254588,2,0,7 6,1
2700,'20260913',536,,254605,2,0,7 6,1
2700,'20260914',506,,254622,2,0,7 6,1,20,,254623,2,0,7 6,1,25,,254624,2,0,57 6,1,60,,254625,2,0,57 6,1,15,,254626,2,0,57 6,1,25,,254627,2,0,57 6,1,65,,254628,2,0,57 6,1,30,,254629,2,0,57 6,1,80,,254630,2,0,7 6,1,100,,254631,2,0,7 6,1,100,,254632,2,0,7 6,1,420,,254637,2,0,57 6,1,70,,254638,2,0,57 6,1,30,,254639,2,0,57 6,1,75,,254641,2,0,57 6,1,35,,254643,2,0,57 6,1,80,,254644,2,0,57 6,1,90,,254645,2,0,7 6,1
2700,'20260915',506,,254649,2,0,7 6,1,20,,254650,2,0,7 6,1,25,,254651,2,0,57 6,1,60,,254652,2,0,57 6,1,15,,254653,2,0,57 6,1,25,,254654,2,0,57 6,1,65,,254655,2,0,57 6,1,30,,254656,2,0,57 6,1,80,,254657,2,0,7 6,1,100,,254658,2,0,7 6,1,100,,254659,2,0,7 6,1,420,,254664,2,0,57 6,1,70,,254665,2,0,57 6,1,30,,254666,2,0,57 6,1,75,,254668,2,0,57 6,1,35,,254670,2,0,57 6,1,80,,254671,2,0,57 6,1,90,,254672,2,0,7 6,1
2700,'20260916',506,,254676,2,0,7 6,1,20,,254677,2,0,7 6,1,25,,254678,2,0,57 6,1,60,,254679,2,0,57 6,1,15,,254680,2,0,57 6,1,25,,254681,2,0,57 6,1,65,,254682,2,0,57 6,1,30,,254683,2,0,57 6,1,80,,254684,2,0,7 6,1,100,,254685,2,0,7 6,1,100,,254686,2,0,7 6,1,420,,254691,2,0,57 6,1,70,,254692,2,0,57 6,1,30,,254693,2,0,57 6,1,75,,254695,2,0,57 6,1,35,,254697,2,0,57 6,1,80,,254698,2,0,57 6,1,90,,254699,2,0,7 6,1
2700,'20260917',506,,254703,2,0,7 6,1,20,,254704,2,0,7 6,1,25,,254705,2,0,57 6,1,60,,254706,2,0,57 6,1,15,,254707,2,0,57 6,1,25,,254708,2,0,57 6,1,65,,254709,2,0,57 6,1,30,,254710,2,0,57 6,1,80,,254711,2,0,7 6,1,100,,254712,2,0,7 6,1,100,,254713,2,0,7 6,1,420,,254718,2,0,57 6,1,70,,254719,2,0,57 6,1,30,,254720,2,0,57 6,1,75,,254722,2,0,57 6,1,35,,254724,2,0,57 6,1,80,,254725,2,0,57 6,1,90,,254726,2,0,7 6,1
2700,'20260918',506,,254730,2,0,7 6,1,20,,254731,2,0,7 6,1,25,,254732,2,0,57 6,1,60,,254733,2,0,57 6,1,15,,254734,2,0,57 6,1,25,,254735,2,0,57 6,1,65,,254736,2,0,57 6,1,30,,254737,2,0,57 6,1,80,,254738,2,0,7 6,1,100,,254739,2,0,7 6,1,100,,254740,2,0,7 6,1,420,,254745,2,0,57 6,1,70,,254746,2,0,57 6,1,30,,254747,2,0,57 6,1,75,,254749,2,0,57 6,1,35,,254751,2,0,57 6,1,80,,254752,2,0,57 6,1,90,,254753,2,0,7 6,1
2700,'20260919',536,,254757,2,0,7 6,1
2700,'20260920',536,,254774,2,0,7 6,1
2700,'20260921',506,,254791,2,0,7 6,1,20,,254792,2,0,7 6,1,25,,254793,2,0,57 6,1,60,,254794,2,0,57 6,1,15,,254795,2,0,57 6,1,25,,254796,2,0,57 6,1,65,,254797,2,0,57 6,1,30,,254798,2,0,57 6,1,80,,254799,2,0,7 6,1,100,,254800,2,0,7 6,1,100,,254801,2,0,7 6,1,420,,254806,2,0,57 6,1,70,,254807,2,0,57 6,1,30,,254808,2,0,57 6,1,75,,254810,2,0,57 6,1,35,,254812,2,0,57 6,1,80,,254813,2,0,57 6,1,90,,254814,2,0,7 6,1
2700,'20260922',506,,254818,2,0,7 6,1,20,,254819,2,0,7 6,1,25,,254820,2,0,57 6,1,60,,254821,2,0,57 6,1,15,,254822,2,0,57 6,1,25,,254823,2,0,57 6,1,65,,254824,2,0,57 6,1,30,,254825,2,0,57 6,1,80,,254826,2,0,7 6,1,100,,254827,2,0,7 6,1,100,,254828,2,0,7 6,1,420,,254833,2,0,57 6,1,70,,254834,2,0,57 6,1,30,,254835,2,0,57 6,1,75,,254837,2,0,57 6,1,35,,254839,2,0,57 6,1,80,,254840,2,0,57 6,1,90,,254841,2,0,7 6,1
2700,'20260923',506,,254845,2,0,7 6,1,20,,254846,2,0,7 6,1,25,,254847,2,0,57 6,1,60,,254848,2,0,57 6,1,15,,254849,2,0,57 6,1,25,,254850,2,0,57 6,1,65,,254851,2,0,57 6,1,30,,254852,2,0,57 6,1,80,,254853,2,0,7 6,1,100,,254854,2,0,7 6,1,100,,254855,2,0,7 6,1,420,,254860,2,0,57 6,1,70,,254861,2,0,57 6,1,30,,254862,2,0,57 6,1,75,,254864,2,0,57 6,1,35,,254866,2,0,57 6,1,80,,254867,2,0,57 6,1,90,,254868,2,0,7 6,1
2700,'20260924',506,,254872,2,0,7 6,1,20,,254873,2,0,7 6,1,25,,254874,2,0,57 6,1,60,,254875,2,0,57 6,1,15,,254876,2,0,57 6,1,25,,254877,2,0,57 6,1,65,,254878,2,0,57 6,1,30,,254879,2,0,57 6,1,80,,254880,2,0,7 6,1,100,,254881,2,0,7 6,1,100,,254882,2,0,7 6,1,420,,254887,2,0,57 6,1,70,,254888,2,0,57 6,1,30,,254889,2,0,57 6,1,75,,254891,2,0,57 6,1,35,,254893,2,0,57 6,1,80,,254894,2,0,57 6,1,90,,254895,2,0,7 6,1
2700,'20260925',506,,254899,2,0,7 6,1,20,,254900,2,0,7 6,1,25,,254901,2,0,57 6,1,60,,254902,2,0,57 6,1,15,,254903,2,0,57 6,1,25,,254904,2,0,57 6,1,65,,254905,2,0,57 6,1,30,,254906,2,0,57 6,1,80,,254907,2,0,7 6,1,100,,254908,2,0,7 6,1,100,,254909,2,0,7 6,1,420,,254914,2,0,57 6,1,70,,254915,2,0,57 6,1,30,,254916,2,0,57 6,1,75,,254918,2,0,57 6,1,35,,254920,2,0,57 6,1,80,,254921,2,0,57 6,1,90,,254922,2,0,7 6,1
2700,'20260926',536,,254926,2,0,7 6,1
2700,'20260927',536,,254943,2,0,7 6,1
2700,'20260928',506,,254960,2,0,7 6,1,20,,254961,2,0,7 6,1,25,,254962,2,0,57 6,1,60,,254963,2,0,57 6,1,15,,254964,2,0,57 6,1,25,,254965,2,0,57 6,1,65,,254966,2,0,57 6,1,30,,254967,2,0,57 6,1,80,,254968,2,0,7 6,1,100,,254969,2,0,7 6,1,100,,254970,2,0,7 6,1,420,,254975,2,0,57 6,1,70,,254976,2,0,57 6,1,30,,254977,2,0,57 6,1,75,,254979,2,0,57 6,1,35,,254981,2,0,57 6,1,80,,254982,2,0,57 6,1,90,,254983,2,0,7 6,1
2700,'20260929',506,,254987,2,0,7 6,1,20,,254988,2,0,7 6,1,25,,254989,2,0,57 6,1,60,,254990,2,0,57 6,1,15,,254991,2,0,57 6,1,25,,254992,2,0,57 6,1,65,,254993,2,0,57 6,1,30,,254994,2,0,57 6,1,80,,254995,2,0,7 6,1,100,,254996,2,0,7 6,1,100,,254997,2,0,7 6,1,420,,255002,2,0,57 6,1,70,,255003,2,0,57 6,1,30,,255004,2,0,57 6,1,75,,255006,2,0,57 6,1,35,,255008,2,0,57 6,1,80,,255009,2,0,57 6,1,90,,255010,2,0,7 6,1
2700,'20260930',506,,255014,2,0,7 6,1,20,,255015,2,0,7 6,1,25,,255016,2,0,57 6,1,60,,255017,2,0,57 6,1,15,,255018,2,0,57 6,1,25,,255019,2,0,57 6,1,65,,255020,2,0,57 6,1,30,,255021,2,0,57 6,1,80,,255022,2,0,7 6,1,100,,255023,2,0,7 6,1,100,,255024,2,0,7 6,1,420,,255029,2,0,57 6,1,70,,255030,2,0,57 6,1,30,,255031,2,0,57 6,1,75,,255033,2,0,57 6,1,35,,255035,2,0,57 6,1,80,,255036,2,0,57 6,1,90,,255037,2,0,7 6,1
2700,'20261001',506,,255041,2,0,7 6,1,20,,255042,2,0,7 6,1,25,,255043,2,0,57 6,1,60,,255044,2,0,57 6,1,15,,255045,2,0,57 6,1,25,,255046,2,0,57 6,1,65,,255047,2,0,57 6,1,30,,255048,2,0,57 6,1,80,,255049,2,0,7 6,1,100,,255050,2,0,7 6,1,100,,255051,2,0,7 6,1,420,,255056,2,0,57 6,1,70,,255057,2,0,57 6,1,30,,255058,2,0,57 6,1,75,,255060,2,0,57 6,1,35,,255062,2,0,57 6,1,80,,255063,2,0,57 6,1,90,,255064,2,0,7 6,1
2700,'20261002',506,,255068,2,0,7 6,1,20,,255069,2,0,7 6,1,25,,255070,2,0,57 6,1,60,,255071,2,0,57 6,1,15,,255072,2,0,57 6,1,25,,255073,2,0,57 6,1,65,,255074,2,0,57 6,1,30,,255075,2,0,57 6,1,80,,255076,2,0,7 6,1,100,,255077,2,0,7 6,1,100,,255078,2,0,7 6,1,420,,255083,2,0,57 6,1,70,,255084,2,0,57 6,1,30,,255085,2,0,57 6,1,75,,255087,2,0,57 6,1,35,,255089,2,0,57 6,1,80,,255090,2,0,57 6,1,90,,255091,2,0,7 6,1
2700,'20261003',536,,255095,2,0,7 6,1
2700,'20261004',536,,255112,2,0,7 6,1
2700,'20261005',506,,255129,2,0,7 6,1,20,,255130,2,0,7 6,1,25,,255131,2,0,57 6,1,60,,255132,2,0,57 6,1,15,,255133,2,0,57 6,1,25,,255134,2,0,57 6,1,65,,255135,2,0,57 6,1,30,,255136,2,0,57 6,1,80,,255137,2,0,7 6,1,100,,255138,2,0,7 6,1,100,,255139,2,0,7 6,1,420,,255144,2,0,57 6,1,70,,255145,2,0,57 6,1,30,,255146,2,0,57 6,1,75,,255148,2,0,57 6,1,35,,255150,2,0,57 6,1,80,,255151,2,0,57 6,1,90,,255152,2,0,7 6,1
2700,'20261006',506,,255156,2,0,7 6,1,20,,255157,2,0,7 6,1,25,,255158,2,0,57 6,1,60,,255159,2,0,57 6,1,15,,255160,2,0,57 6,1,25,,255161,2,0,57 6,1,65,,255162,2,0,57 6,1,30,,255163,2,0,57 6,1,80,,255164,2,0,7 6,1,100,,255165,2,0,7 6,1,100,,255166,2,0,7 6,1,420,,255171,2,0,57 6,1,70,,255172,2,0,57 6,1,30,,255173,2,0,57 6,1,75,,255175,2,0,57 6,1,35,,255177,2,0,57 6,1,80,,255178,2,0,57 6,1,90,,255179,2,0,7 6,1
2700,'20261007',506,,255183,2,0,7 6,1,20,,255184,2,0,7 6,1,25,,255185,2,0,57 6,1,60,,255186,2,0,57 6,1,15,,255187,2,0,57 6,1,25,,255188,2,0,57 6,1,65,,255189,2,0,57 6,1,30,,255190,2,0,57 6,1,80,,255191,2,0,7 6,1,100,,255192,2,0,7 6,1,100,,255193,2,0,7 6,1,420,,255198,2,0,57 6,1,70,,255199,2,0,57 6,1,30,,255200,2,0,57 6,1,75,,255202,2,0,57 6,1,35,,255204,2,0,57 6,1,80,,255205,2,0,57 6,1,90,,255206,2,0,7 6,1
2700,'20261008',506,,255210,2,0,7 6,1,20,,255211,2,0,7 6,1,25,,255212,2,0,57 6,1,60,,255213,2,0,57 6,1,15,,255214,2,0,57 6,1,25,,255215,2,0,57 6,1,65,,255216,2,0,57 6,1,30,,255217,2,0,57 6,1,80,,255218,2,0,7 6,1,100,,255219,2,0,7 6,1,100,,255220,2,0,7 6,1,420,,255225,2,0,57 6,1,70,,255226,2,0,57 6,1,30,,255227,2,0,57 6,1,75,,255229,2,0,57 6,1,35,,255231,2,0,57 6,1,80,,255232,2,0,57 6,1,90,,255233,2,0,7 6,1
2700,'20261009',506,,255237,2,0,7 6,1,20,,255238,2,0,7 6,1,25,,255239,2,0,57 6,1,60,,255240,2,0,57 6,1,15,,255241,2,0,57 6,1,25,,255242,2,0,57 6,1,65,,255243,2,0,57 6,1,30,,255244,2,0,57 6,1,80,,255245,2,0,7 6,1,100,,255246,2,0,7 6,1,100,,255247,2,0,7 6,1,420,,255252,2,0,57 6,1,70,,255253,2,0,57 6,1,30,,255254,2,0,57 6,1,75,,255256,2,0,57 6,1,35,,255258,2,0,57 6,1,80,,255259,2,0,57 6,1,90,,255260,2,0,7 6,1
2700,'20261010',536,,255264,2,0,7 6,1
2700,'20261011',536,,255281,2,0,7 6,1
2700,'20261012',536,,255298,2,0,7 6,1
2700,'20261013',506,,255315,2,0,7 6,1,20,,255316,2,0,7 6,1,25,,255317,2,0,57 6,1,60,,255318,2,0,57 6,1,15,,255319,2,0,57 6,1,25,,255320,2,0,57 6,1,65,,255321,2,0,57 6,1,30,,255322,2,0,57 6,1,80,,255323,2,0,7 6,1,100,,255324,2,0,7 6,1,100,,255325,2,0,7 6,1,420,,255330,2,0,57 6,1,70,,255331,2,0,57 6,1,30,,255332,2,0,57 6,1,75,,255334,2,0,57 6,1,35,,255336,2,0,57 6,1,80,,255337,2,0,57 6,1,90,,255338,2,0,7 6,1
2700,'20261014',506,,255342,2,0,7 6,1,20,,255343,2,0,7 6,1,25,,255344,2,0,57 6,1,60,,255345,2,0,57 6,1,15,,255346,2,0,57 6,1,25,,255347,2,0,57 6,1,65,,255348,2,0,57 6,1,30,,255349,2,0,57 6,1,80,,255350,2,0,7 6,1,100,,255351,2,0,7 6,1,100,,255352,2,0,7 6,1,420,,255357,2,0,57 6,1,70,,255358,2,0,57 6,1,30,,255359,2,0,57 6,1,75,,255361,2,0,57 6,1,35,,255363,2,0,57 6,1,80,,255364,2,0,57 6,1,90,,255365,2,0,7 6,1
2700,'20261015',506,,255369,2,0,7 6,1,20,,255370,2,0,7 6,1,25,,255371,2,0,57 6,1,60,,255372,2,0,57 6,1,15,,255373,2,0,57 6,1,25,,255374,2,0,57 6,1,65,,255375,2,0,57 6,1,30,,255376,2,0,57 6,1,80,,255377,2,0,7 6,1,100,,255378,2,0,7 6,1,100,,255379,2,0,7 6,1,420,,255384,2,0,57 6,1,70,,255385,2,0,57 6,1,30,,255386,2,0,57 6,1,75,,255388,2,0,57 6,1,35,,255390,2,0,57 6,1,80,,255391,2,0,57 6,1,90,,255392,2,0,7 6,1
2700,'20261016',506,,255396,2,0,7 6,1,20,,255397,2,0,7 6,1,25,,255398,2,0,57 6,1,60,,255399,2,0,57 6,1,15,,255400,2,0,57 6,1,25,,255401,2,0,57 6,1,65,,255402,2,0,57 6,1,30,,255403,2,0,57 6,1,80,,255404,2,0,7 6,1,100,,255405,2,0,7 6,1,100,,255406,2,0,7 6,1,420,,255411,2,0,57 6,1,70,,255412,2,0,57 6,1,30,,255413,2,0,57 6,1,75,,255415,2,0,57 6,1,35,,255417,2,0,57 6,1,80,,255418,2,0,57 6,1,90,,255419,2,0,7 6,1
2700,'20261017',536,,255423,2,0,7 6,1
2700,'20261018',536,,255440,2,0,7 6,1
2700,'20261019',506,,255457,2,0,7 6,1,20,,255458,2,0,7 6,1,25,,255459,2,0,57 6,1,60,,255460,2,0,57 6,1,15,,255461,2,0,57 6,1,25,,255462,2,0,57 6,1,65,,255463,2,0,57 6,1,30,,255464,2,0,57 6,1,80,,255465,2,0,7 6,1,100,,255466,2,0,7 6,1,100,,255467,2,0,7 6,1,420,,255472,2,0,57 6,1,70,,255473,2,0,57 6,1,30,,255474,2,0,57 6,1,75,,255476,2,0,57 6,1,35,,255478,2,0,57 6,1,80,,255479,2,0,57 6,1,90,,255480,2,0,7 6,1
2700,'20261020',506,,255484,2,0,7 6,1,20,,255485,2,0,7 6,1,25,,255486,2,0,57 6,1,60,,255487,2,0,57 6,1,15,,255488,2,0,57 6,1,25,,255489,2,0,57 6,1,65,,255490,2,0,57 6,1,30,,255491,2,0,57 6,1,80,,255492,2,0,7 6,1,100,,255493,2,0,7 6,1,100,,255494,2,0,7 6,1,420,,255499,2,0,57 6,1,70,,255500,2,0,57 6,1,30,,255501,2,0,57 6,1,75,,255503,2,0,57 6,1,35,,255505,2,0,57 6,1,80,,255506,2,0,57 6,1,90,,255507,2,0,7 6,1
2700,'20261021',506,,255511,2,0,7 6,1,20,,255512,2,0,7 6,1,25,,255513,2,0,57 6,1,60,,255514,2,0,57 6,1,15,,255515,2,0,57 6,1,25,,255516,2,0,57 6,1,65,,255517,2,0,57 6,1,30,,255518,2,0,57 6,1,80,,255519,2,0,7 6,1,100,,255520,2,0,7 6,1,100,,255521,2,0,7 6,1,420,,255526,2,0,57 6,1,70,,255527,2,0,57 6,1,30,,255528,2,0,57 6,1,75,,255530,2,0,57 6,1,35,,255532,2,0,57 6,1,80,,255533,2,0,57 6,1,90,,255534,2,0,7 6,1
2700,'20261022',506,,255538,2,0,7 6,1,20,,255539,2,0,7 6,1,25,,255540,2,0,57 6,1,60,,255541,2,0,57 6,1,15,,255542,2,0,57 6,1,25,,255543,2,0,57 6,1,65,,255544,2,0,57 6,1,30,,255545,2,0,57 6,1,80,,255546,2,0,7 6,1,100,,255547,2,0,7 6,1,100,,255548,2,0,7 6,1,420,,255553,2,0,57 6,1,70,,255554,2,0,57 6,1,30,,255555,2,0,57 6,1,75,,255557,2,0,57 6,1,35,,255559,2,0,57 6,1,80,,255560,2,0,57 6,1,90,,255561,2,0,7 6,1
2700,'20261023',506,,255565,2,0,7 6,1,20,,255566,2,0,7 6,1,25,,255567,2,0,57 6,1,60,,255568,2,0,57 6,1,15,,255569,2,0,57 6,1,25,,255570,2,0,57 6,1,65,,255571,2,0,57 6,1,30,,255572,2,0,57 6,1,80,,255573,2,0,7 6,1,100,,255574,2,0,7 6,1,100,,255575,2,0,7 6,1,420,,255580,2,0,57 6,1,70,,255581,2,0,57 6,1,30,,255582,2,0,57 6,1,75,,255584,2,0,57 6,1,35,,255586,2,0,57 6,1,80,,255587,2,0,57 6,1,90,,255588,2,0,7 6,1
2700,'20261024',536,,255592,2,0,7 6,1
2700,'20261025',536,,255609,2,0,7 6,1
2700,'20261026',506,,255626,2,0,7 6,1,20,,255627,2,0,7 6,1,25,,255628,2,0,57 6,1,60,,255629,2,0,57 6,1,15,,255630,2,0,57 6,1,25,,255631,2,0,57 6,1,65,,255632,2,0,57 6,1,30,,255633,2,0,57 6,1,80,,255634,2,0,7 6,1,100,,255635,2,0,7 6,1,100,,255636,2,0,7 6,1,420,,255641,2,0,57 6,1,70,,255642,2,0,57 6,1,30,,255643,2,0,57 6,1,75,,255645,2,0,57 6,1,35,,255647,2,0,57 6,1,80,,255648,2,0,57 6,1,90,,255649,2,0,7 6,1
2700,'20261027',506,,255653,2,0,7 6,1,20,,255654,2,0,7 6,1,25,,255655,2,0,57 6,1,60,,255656,2,0,57 6,1,15,,255657,2,0,57 6,1,25,,255658,2,0,57 6,1,65,,255659,2,0,57 6,1,30,,255660,2,0,57 6,1,80,,255661,2,0,7 6,1,100,,255662,2,0,7 6,1,100,,255663,2,0,7 6,1,420,,255668,2,0,57 6,1,70,,255669,2,0,57 6,1,30,,255670,2,0,57 6,1,75,,255672,2,0,57 6,1,35,,255674,2,0,57 6,1,80,,255675,2,0,57 6,1,90,,255676,2,0,7 6,1
2700,'20261028',506,,255680,2,0,7 6,1,20,,255681,2,0,7 6,1,25,,255682,2,0,57 6,1,60,,255683,2,0,57 6,1,15,,255684,2,0,57 6,1,25,,255685,2,0,57 6,1,65,,255686,2,0,57 6,1,30,,255687,2,0,57 6,1,80,,255688,2,0,7 6,1,100,,255689,2,0,7 6,1,100,,255690,2,0,7 6,1,420,,255695,2,0,57 6,1,70,,255696,2,0,57 6,1,30,,255697,2,0,57 6,1,75,,255699,2,0,57 6,1,35,,255701,2,0,57 6,1,80,,255702,2,0,57 6,1,90,,255703,2,0,7 6,1
2700,'20261029',506,,255707,2,0,7 6,1,20,,255708,2,0,7 6,1,25,,255709,2,0,57 6,1,60,,255710,2,0,57 6,1,15,,255711,2,0,57 6,1,25,,255712,2,0,57 6,1,65,,255713,2,0,57 6,1,30,,255714,2,0,57 6,1,80,,255715,2,0,7 6,1,100,,255716,2,0,7 6,1,100,,255717,2,0,7 6,1,420,,255722,2,0,57 6,1,70,,255723,2,0,57 6,1,30,,255724,2,0,57 6,1,75,,255726,2,0,57 6,1,35,,255728,2,0,57 6,1,80,,255729,2,0,57 6,1,90,,255730,2,0,7 6,1
2700,'20261030',506,,255734,2,0,7 6,1,20,,255735,2,0,7 6,1,25,,255736,2,0,57 6,1,60,,255737,2,0,57 6,1,15,,255738,2,0,57 6,1,25,,255739,2,0,57 6,1,65,,255740,2,0,57 6,1,30,,255741,2,0,57 6,1,80,,255742,2,0,7 6,1,100,,255743,2,0,7 6,1,100,,255744,2,0,7 6,1,420,,255749,2,0,57 6,1,70,,255750,2,0,57 6,1,30,,255751,2,0,57 6,1,75,,255753,2,0,57 6,1,35,,255755,2,0,57 6,1,80,,255756,2,0,57 6,1,90,,255757,2,0,7 6,1
2700,'20261031',536,,255761,2,0,7 6,1
2700,'20261101',536,,255778,2,0,7 6,1
2700,'20261102',506,,255795,2,0,7 6,1,20,,255796,2,0,7 6,1,25,,255797,2,0,57 6,1,60,,255798,2,0,57 6,1,15,,255799,2,0,57 6,1,25,,255800,2,0,57 6,1,65,,255801,2,0,57 6,1,30,,255802,2,0,57 6,1,80,,255803,2,0,7 6,1,100,,255804,2,0,7 6,1,100,,255805,2,0,7 6,1,420,,255810,2,0,57 6,1,70,,255811,2,0,57 6,1,30,,255812,2,0,57 6,1,75,,255814,2,0,57 6,1,35,,255816,2,0,57 6,1,80,,255817,2,0,57 6,1,90,,255818,2,0,7 6,1
2700,'20261103',506,,255822,2,0,7 6,1,20,,255823,2,0,7 6,1,25,,255824,2,0,57 6,1,60,,255825,2,0,57 6,1,15,,255826,2,0,57 6,1,25,,255827,2,0,57 6,1,65,,255828,2,0,57 6,1,30,,255829,2,0,57 6,1,80,,255830,2,0,7 6,1,100,,255831,2,0,7 6,1,100,,255832,2,0,7 6,1,420,,255837,2,0,57 6,1,70,,255838,2,0,57 6,1,30,,255839,2,0,57 6,1,75,,255841,2,0,57 6,1,35,,255843,2,0,57 6,1,80,,255844,2,0,57 6,1,90,,255845,2,0,7 6,1
2700,'20261104',506,,255849,2,0,7 6,1,20,,255850,2,0,7 6,1,25,,255851,2,0,57 6,1,60,,255852,2,0,57 6,1,15,,255853,2,0,57 6,1,25,,255854,2,0,57 6,1,65,,255855,2,0,57 6,1,30,,255856,2,0,57 6,1,80,,255857,2,0,7 6,1,100,,255858,2,0,7 6,1,100,,255859,2,0,7 6,1,420,,255864,2,0,57 6,1,70,,255865,2,0,57 6,1,30,,255866,2,0,57 6,1,75,,255868,2,0,57 6,1,35,,255870,2,0,57 6,1,80,,255871,2,0,57 6,1,90,,255872,2,0,7 6,1
2700,'20261105',506,,255876,2,0,7 6,1,20,,255877,2,0,7 6,1,25,,255878,2,0,57 6,1,60,,255879,2,0,57 6,1,15,,255880,2,0,57 6,1,25,,255881,2,0,57 6,1,65,,255882,2,0,57 6,1,30,,255883,2,0,57 6,1,80,,255884,2,0,7 6,1,100,,255885,2,0,7 6,1,100,,255886,2,0,7 6,1,420,,255891,2,0,57 6,1,70,,255892,2,0,57 6,1,30,,255893,2,0,57 6,1,75,,255895,2,0,57 6,1,35,,255897,2,0,57 6,1,80,,255898,2,0,57 6,1,90,,255899,2,0,7 6,1
2700,'20261106',506,,255903,2,0,7 6,1,20,,255904,2,0,7 6,1,25,,255905,2,0,57 6,1,60,,255906,2,0,57 6,1,15,,255907,2,0,57 6,1,25,,255908,2,0,57 6,1,65,,255909,2,0,57 6,1,30,,255910,2,0,57 6,1,80,,255911,2,0,7 6,1,100,,255912,2,0,7 6,1,100,,255913,2,0,7 6,1,420,,255918,2,0,57 6,1,70,,255919,2,0,57 6,1,30,,255920,2,0,57 6,1,75,,255922,2,0,57 6,1,35,,255924,2,0,57 6,1,80,,255925,2,0,57 6,1,90,,255926,2,0,7 6,1
2700,'20261107',536,,255930,2,0,7 6,1
2700,'20261108',536,,255947,2,0,7 6,1
2700,'20261109',506,,255964,2,0,7 6,1,20,,255965,2,0,7 6,1,25,,255966,2,0,57 6,1,60,,255967,2,0,57 6,1,15,,255968,2,0,57 6,1,25,,255969,2,0,57 6,1,65,,255970,2,0,57 6,1,30,,255971,2,0,57 6,1,80,,255972,2,0,7 6,1,100,,255973,2,0,7 6,1,100,,255974,2,0,7 6,1,420,,255979,2,0,57 6,1,70,,255980,2,0,57 6,1,30,,255981,2,0,57 6,1,75,,255983,2,0,57 6,1,35,,255985,2,0,57 6,1,80,,255986,2,0,57 6,1,90,,255987,2,0,7 6,1
2700,'20261110',506,,255991,2,0,7 6,1,20,,255992,2,0,7 6,1,25,,255993,2,0,57 6,1,60,,255994,2,0,57 6,1,15,,255995,2,0,57 6,1,25,,255996,2,0,57 6,1,65,,255997,2,0,57 6,1,30,,255998,2,0,57 6,1,80,,255999,2,0,7 6,1,100,,256000,2,0,7 6,1,100,,256001,2,0,7 6,1,420,,256006,2,0,57 6,1,70,,256007,2,0,57 6,1,30,,256008,2,0,57 6,1,75,,256010,2,0,57 6,1,35,,256012,2,0,57 6,1,80,,256013,2,0,57 6,1,90,,256014,2,0,7 6,1
2700,'20261111',506,,256018,2,0,7 6,1,20,,256019,2,0,7 6,1,25,,256020,2,0,57 6,1,60,,256021,2,0,57 6,1,15,,256022,2,0,57 6,1,25,,256023,2,0,57 6,1,65,,256024,2,0,57 6,1,30,,256025,2,0,57 6,1,80,,256026,2,0,7 6,1,100,,256027,2,0,7 6,1,100,,256028,2,0,7 6,1,420,,256033,2,0,57 6,1,70,,256034,2,0,57 6,1,30,,256035,2,0,57 6,1,75,,256037,2,0,57 6,1,35,,256039,2,0,57 6,1,80,,256040,2,0,57 6,1,90,,256041,2,0,7 6,1
2700,'20261112',506,,256045,2,0,7 6,1,20,,256046,2,0,7 6,1,25,,256047,2,0,57 6,1,60,,256048,2,0,57 6,1,15,,256049,2,0,57 6,1,25,,256050,2,0,57 6,1,65,,256051,2,0,57 6,1,30,,256052,2,0,57 6,1,80,,256053,2,0,7 6,1,100,,256054,2,0,7 6,1,100,,256055,2,0,7 6,1,420,,256060,2,0,57 6,1,70,,256061,2,0,57 6,1,30,,256062,2,0,57 6,1,75,,256064,2,0,57 6,1,35,,256066,2,0,57 6,1,80,,256067,2,0,57 6,1,90,,256068,2,0,7 6,1
2700,'20261113',506,,256072,2,0,7 6,1,20,,256073,2,0,7 6,1,25,,256074,2,0,57 6,1,60,,256075,2,0,57 6,1,15,,256076,2,0,57 6,1,25,,256077,2,0,57 6,1,65,,256078,2,0,57 6,1,30,,256079,2,0,57 6,1,80,,256080,2,0,7 6,1,100,,256081,2,0,7 6,1,100,,256082,2,0,7 6,1,420,,256087,2,0,57 6,1,70,,256088,2,0,57 6,1,30,,256089,2,0,57 6,1,75,,256091,2,0,57 6,1,35,,256093,2,0,57 6,1,80,,256094,2,0,57 6,1,90,,256095,2,0,7 6,1
2700,'20261114',536,,256099,2,0,7 6,1
2700,'20261115',536,,256116,2,0,7 6,1
2700,'20261116',506,,256133,2,0,7 6,1,20,,256134,2,0,7 6,1,25,,256135,2,0,57 6,1,60,,256136,2,0,57 6,1,15,,256137,2,0,57 6,1,25,,256138,2,0,57 6,1,65,,256139,2,0,57 6,1,30,,256140,2,0,57 6,1,80,,256141,2,0,7 6,1,100,,256142,2,0,7 6,1,100,,256143,2,0,7 6,1,420,,256148,2,0,57 6,1,70,,256149,2,0,57 6,1,30,,256150,2,0,57 6,1,75,,256152,2,0,57 6,1,35,,256154,2,0,57 6,1,80,,256155,2,0,57 6,1,90,,256156,2,0,7 6,1
2700,'20261117',506,,256160,2,0,7 6,1,20,,256161,2,0,7 6,1,25,,256162,2,0,57 6,1,60,,256163,2,0,57 6,1,15,,256164,2,0,57 6,1,25,,256165,2,0,57 6,1,65,,256166,2,0,57 6,1,30,,256167,2,0,57 6,1,80,,256168,2,0,7 6,1,100,,256169,2,0,7 6,1,100,,256170,2,0,7 6,1,420,,256175,2,0,57 6,1,70,,256176,2,0,57 6,1,30,,256177,2,0,57 6,1,75,,256179,2,0,57 6,1,35,,256181,2,0,57 6,1,80,,256182,2,0,57 6,1,90,,256183,2,0,7 6,1
2700,'20261118',506,,256187,2,0,7 6,1,20,,256188,2,0,7 6,1,25,,256189,2,0,57 6,1,60,,256190,2,0,57 6,1,15,,256191,2,0,57 6,1,25,,256192,2,0,57 6,1,65,,256193,2,0,57 6,1,30,,256194,2,0,57 6,1,80,,256195,2,0,7 6,1,100,,256196,2,0,7 6,1,100,,256197,2,0,7 6,1,420,,256202,2,0,57 6,1,70,,256203,2,0,57 6,1,30,,256204,2,0,57 6,1,75,,256206,2,0,57 6,1,35,,256208,2,0,57 6,1,80,,256209,2,0,57 6,1,90,,256210,2,0,7 6,1
2700,'20261119',506,,256214,2,0,7 6,1,20,,256215,2,0,7 6,1,25,,256216,2,0,57 6,1,60,,256217,2,0,57 6,1,15,,256218,2,0,57 6,1,25,,256219,2,0,57 6,1,65,,256220,2,0,57 6,1,30,,256221,2,0,57 6,1,80,,256222,2,0,7 6,1,100,,256223,2,0,7 6,1,100,,256224,2,0,7 6,1,420,,256229,2,0,57 6,1,70,,256230,2,0,57 6,1,30,,256231,2,0,57 6,1,75,,256233,2,0,57 6,1,35,,256235,2,0,57 6,1,80,,256236,2,0,57 6,1,90,,256237,2,0,7 6,1
2700,'20261120',506,,256241,2,0,7 6,1,20,,256242,2,0,7 6,1,25,,256243,2,0,57 6,1,60,,256244,2,0,57 6,1,15,,256245,2,0,57 6,1,25,,256246,2,0,57 6,1,65,,256247,2,0,57 6,1,30,,256248,2,0,57 6,1,80,,256249,2,0,7 6,1,100,,256250,2,0,7 6,1,100,,256251,2,0,7 6,1,420,,256256,2,0,57 6,1,70,,256257,2,0,57 6,1,30,,256258,2,0,57 6,1,75,,256260,2,0,57 6,1,35,,256262,2,0,57 6,1,80,,256263,2,0,57 6,1,90,,256264,2,0,7 6,1
2700,'20261121',536,,256268,2,0,7 6,1
2700,'20261122',536,,256285,2,0,7 6,1
2700,'20261123',506,,256302,2,0,7 6,1,20,,256303,2,0,7 6,1,25,,256304,2,0,57 6,1,60,,256305,2,0,57 6,1,15,,256306,2,0,57 6,1,25,,256307,2,0,57 6,1,65,,256308,2,0,57 6,1,30,,256309,2,0,57 6,1,80,,256310,2,0,7 6,1,100,,256311,2,0,7 6,1,100,,256312,2,0,7 6,1,420,,256317,2,0,57 6,1,70,,256318,2,0,57 6,1,30,,256319,2,0,57 6,1,75,,256321,2,0,57 6,1,35,,256323,2,0,57 6,1,80,,256324,2,0,57 6,1,90,,256325,2,0,7 6,1
2700,'20261124',506,,256329,2,0,7 6,1,20,,256330,2,0,7 6,1,25,,256331,2,0,57 6,1,60,,256332,2,0,57 6,1,15,,256333,2,0,57 6,1,25,,256334,2,0,57 6,1,65,,256335,2,0,57 6,1,30,,256336,2,0,57 6,1,80,,256337,2,0,7 6,1,100,,256338,2,0,7 6,1,100,,256339,2,0,7 6,1,420,,256344,2,0,57 6,1,70,,256345,2,0,57 6,1,30,,256346,2,0,57 6,1,75,,256348,2,0,57 6,1,35,,256350,2,0,57 6,1,80,,256351,2,0,57 6,1,90,,256352,2,0,7 6,1
2700,'20261125',506,,256356,2,0,7 6,1,20,,256357,2,0,7 6,1,25,,256358,2,0,57 6,1,60,,256359,2,0,57 6,1,15,,256360,2,0,57 6,1,25,,256361,2,0,57 6,1,65,,256362,2,0,57 6,1,30,,256363,2,0,57 6,1,80,,256364,2,0,7 6,1,100,,256365,2,0,7 6,1,100,,256366,2,0,7 6,1,420,,256371,2,0,57 6,1,70,,256372,2,0,57 6,1,30,,256373,2,0,57 6,1,75,,256375,2,0,57 6,1,35,,256377,2,0,57 6,1,80,,256378,2,0,57 6,1,90,,256379,2,0,7 6,1
2700,'20261126',506,,256383,2,0,7 6,1,20,,256384,2,0,7 6,1,25,,256385,2,0,57 6,1,60,,256386,2,0,57 6,1,15,,256387,2,0,57 6,1,25,,256388,2,0,57 6,1,65,,256389,2,0,57 6,1,30,,256390,2,0,57 6,1,80,,256391,2,0,7 6,1,100,,256392,2,0,7 6,1,100,,256393,2,0,7 6,1,420,,256398,2,0,57 6,1,70,,256399,2,0,57 6,1,30,,256400,2,0,57 6,1,75,,256402,2,0,57 6,1,35,,256404,2,0,57 6,1,80,,256405,2,0,57 6,1,90,,256406,2,0,7 6,1
2700,'20261127',506,,256410,2,0,7 6,1,20,,256411,2,0,7 6,1,25,,256412,2,0,57 6,1,60,,256413,2,0,57 6,1,15,,256414,2,0,57 6,1,25,,256415,2,0,57 6,1,65,,256416,2,0,57 6,1,30,,256417,2,0,57 6,1,80,,256418,2,0,7 6,1,100,,256419,2,0,7 6,1,100,,256420,2,0,7 6,1,420,,256425,2,0,57 6,1,70,,256426,2,0,57 6,1,30,,256427,2,0,57 6,1,75,,256429,2,0,57 6,1,35,,256431,2,0,57 6,1,80,,256432,2,0,57 6,1,90,,256433,2,0,7 6,1
