7001,'20260917',1658,,317446,30,,,1
7001,'20260918',1658,,317453,30,,,1
7001,'20260921',1658,,317462,30,,,1
7001,'20260922',1658,,317469,30,,,1
7001,'20260923',1658,,317476,30,,,1
7001,'20260924',1658,,317483,30,,,1
7001,'20260925',1658,,317490,30,,,1
7001,'20260928',1658,,317499,30,,,1
7001,'20260929',1658,,317506,30,,,1
7001,'20260930',1658,,317513,30,,,1
7001,'20261001',1658,,317520,30,,,1
7001,'20261002',1658,,317527,30,,,1
7001,'20261005',1658,,317536,30,,,1
7001,'20261006',1658,,317543,30,,,1
7001,'20261007',1658,,317550,30,,,1
7001,'20261008',1658,,317557,30,,,1
7001,'20261009',1658,,317564,30,,,1
7001,'20261013',1658,,317574,30,,,1
7001,'20261014',1658,,317581,30,,,1
7001,'20261015',1658,,317588,30,,,1
7001,'20261016',1658,,317595,30,,,1
7001,'20261019',1658,,317604,30,,,1
7001,'20261020',1658,,317611,30,,,1
7001,'20261021',1658,,317618,30,,,1
7001,'20261022',1658,,317625,30,,,1
7001,'20261023',1658,,317632,30,,,1
7001,'20261026',1658,,317641,30,,,1
7001,'20261027',1658,,317648,30,,,1
7001,'20261028',1658,,317655,30,,,1
7001,'20261029',1658,,317662,30,,,1
7001,'20261030',1658,,317669,30,,,1
7001,'20261102',1658,,317678,30,,,1
7001,'20261103',1658,,317685,30,,,1
7001,'20261104',1658,,317692,30,,,1
7001,'20261105',1658,,317699,30,,,1
7001,'20261106',1658,,317706,30,,,1
7001,'20261109',1658,,317715,30,,,1
7001,'20261110',1658,,317722,30,,,1
7001,'20261111',1658,,317729,30,,,1
7001,'20261112',1658,,317736,30,,,1
7001,'20261113',1658,,317743,30,,,1
7001,'20261116',1658,,317752,30,,,1
7001,'20261117',1658,,317759,30,,,1
7001,'20261118',1658,,317766,30,,,1
7001,'20261119',1658,,317773,30,,,1
7001,'20261120',1658,,317780,30,,,1
7001,'20261123',1658,,317789,30,,,1
7001,'20261124',1658,,317796,30,,,1
7001,'20261125',1658,,317803,30,,,1
7001,'20261126',1658,,317810,30,,,1
7001,'20261127',1658,,317817,30,,,1
7101,'20260917',502,,319402,30,,,1,1101,,319403,3,0,16 29 30,1,5,,319404,18,0,31 29 30,1,215,,319405,30,,,1,315,,319406,30,,,1,90,,319408,3,0,16 29 30,1,99,,319407,30,,,1,205,,319409,18,0,31 29 30,1
7101,'20260918',502,,319410,30,,,1,1101,,319411,3,0,16 29 30,1,5,,319412,18,0,31 29 30,1,215,,319413,30,,,1,315,,319414,30,,,1,90,,319416,3,0,16 29 30,1,99,,319415,30,,,1,205,,319417,18,0,31 29 30,1
7101,'20260919',631,,319418,30,,,1,87,,319419,3,0,16 29 30,1,5,,319420,18,0,31 29 30,1,95,,319421,3,0,16 29 30,1,5,,319422,30,,,1,95,,319423,3,0,34 14 36 9,1,5,,319424,3,0,16 29 30,1,30,,319425,3,0,16 29 30,1,60,,319426,3,0,34 14 36 9,1,5,,319427,3,0,16 29 30,1,35,,319428,3,0,16 29 30,1,60,,319429,3,0,34 14 36 9,1,5,,319430,3,0,16 29 30,1,30,,319431,3,0,16 29 30,1,65,,319432,3,0,34 14 36 9,1,5,,319433,30,,,1,30,,319434,3,0,16 29 30,1,65,,319435,3,0,34 14 36 9,1,5,,319436,3,0,16 29 30,1,30,,319437,3,0,16 29 30,1,65,,319438,3,0,34 14 36 9,1,5,,319439,30,,,1,195,,319440,3,0,34 14 36 9,1,5,,319441,30,,,1,200,,319442,3,0,16 29 30,1,5,,319443,30,,,1,200,,319444,30,,,1,197,,319445,30,,,1,112,,319446,18,0,31 29 30,1,200,,319447,18,0,31 29 30,1
7101,'20260920',631,,319448,30,,,1,87,,319449,3,0,16 29 30,1,5,,319450,18,0,31 29 30,1,95,,319451,3,0,16 29 30,1,5,,319452,30,,,1,95,,319453,3,0,34 14 36 9,1,5,,319454,3,0,16 29 30,1,30,,319455,3,0,16 29 30,1,60,,319456,3,0,34 14 36 9,1,5,,319457,3,0,16 29 30,1,35,,319458,3,0,16 29 30,1,60,,319459,3,0,34 14 36 9,1,5,,319460,3,0,16 29 30,1,30,,319461,3,0,16 29 30,1,65,,319462,3,0,34 14 36 9,1,5,,319463,30,,,1,30,,319464,3,0,16 29 30,1,65,,319465,3,0,34 14 36 9,1,5,,319466,3,0,16 29 30,1,30,,319467,3,0,16 29 30,1,65,,319468,3,0,34 14 36 9,1,5,,319469,30,,,1,195,,319470,3,0,34 14 36 9,1,5,,319471,30,,,1,200,,319472,3,0,16 29 30,1,5,,319473,30,,,1,200,,319474,30,,,1,197,,319475,30,,,1,112,,319476,18,0,31 29 30,1,200,,319477,18,0,31 29 30,1
7101,'20260921',502,,319478,30,,,1,1101,,319479,3,0,16 29 30,1,5,,319480,18,0,31 29 30,1,215,,319481,30,,,1,315,,319482,30,,,1,90,,319484,3,0,16 29 30,1,99,,319483,30,,,1,205,,319485,18,0,31 29 30,1
7101,'20260922',502,,319486,30,,,1,1101,,319487,3,0,16 29 30,1,5,,319488,18,0,31 29 30,1,215,,319489,30,,,1,315,,319490,30,,,1,90,,319492,3,0,16 29 30,1,99,,319491,30,,,1,205,,319493,18,0,31 29 30,1
7101,'20260923',502,,319494,30,,,1,1101,,319495,3,0,16 29 30,1,5,,319496,18,0,31 29 30,1,215,,319497,30,,,1,315,,319498,30,,,1,90,,319500,3,0,16 29 30,1,99,,319499,30,,,1,205,,319501,18,0,31 29 30,1
7101,'20260924',502,,319502,30,,,1,1101,,319503,3,0,16 29 30,1,5,,319504,18,0,31 29 30,1,215,,319505,30,,,1,315,,319506,30,,,1,90,,319508,3,0,16 29 30,1,99,,319507,30,,,1,205,,319509,18,0,31 29 30,1
7101,'20260925',502,,319510,30,,,1,1101,,319511,3,0,16 29 30,1,5,,319512,18,0,31 29 30,1,215,,319513,30,,,1,315,,319514,30,,,1,90,,319516,3,0,16 29 30,1,99,,319515,30,,,1,205,,319517,18,0,31 29 30,1
7101,'20260926',631,,319518,30,,,1,87,,319519,3,0,16 29 30,1,5,,319520,18,0,31 29 30,1,95,,319521,3,0,16 29 30,1,5,,319522,30,,,1,95,,319523,3,0,34 14 36 9,1,5,,319524,3,0,16 29 30,1,30,,319525,3,0,16 29 30,1,60,,319526,3,0,34 14 36 9,1,5,,319527,3,0,16 29 30,1,35,,319528,3,0,16 29 30,1,60,,319529,3,0,34 14 36 9,1,5,,319530,3,0,16 29 30,1,30,,319531,3,0,16 29 30,1,65,,319532,3,0,34 14 36 9,1,5,,319533,30,,,1,30,,319534,3,0,16 29 30,1,65,,319535,3,0,34 14 36 9,1,5,,319536,3,0,16 29 30,1,30,,319537,3,0,16 29 30,1,65,,319538,3,0,34 14 36 9,1,5,,319539,30,,,1,115,,332334,18,0,31 29 30,1,5,,332335,3,0,16 29 30,1,75,,319540,3,0,34 14 36 9,1,5,,319541,30,,,1,115,,332336,3,0,16 29 30,1,5,,332337,3,0,16 29 30,1,80,,319542,3,0,16 29 30,1,5,,319543,30,,,1,105,,332338,3,0,16 29 30,1,5,,332339,3,0,16 29 30,1,90,,319544,30,,,1,105,,332340,3,0,16 29 30,1,5,,332341,3,0,16 29 30,1,87,,319545,30,,,1,112,,319546,18,0,31 29 30,1,200,,319547,18,0,31 29 30,1
7101,'20260927',631,,319548,30,,,1,87,,319549,3,0,16 29 30,1,5,,319550,18,0,31 29 30,1,95,,319551,3,0,16 29 30,1,5,,319552,30,,,1,95,,319553,3,0,34 14 36 9,1,5,,319554,3,0,16 29 30,1,30,,319555,3,0,16 29 30,1,60,,319556,3,0,34 14 36 9,1,5,,319557,3,0,16 29 30,1,35,,319558,3,0,16 29 30,1,60,,319559,3,0,34 14 36 9,1,5,,319560,3,0,16 29 30,1,30,,319561,3,0,16 29 30,1,65,,319562,3,0,34 14 36 9,1,5,,319563,30,,,1,30,,319564,3,0,16 29 30,1,65,,319565,3,0,34 14 36 9,1,5,,319566,3,0,16 29 30,1,30,,319567,3,0,16 29 30,1,65,,319568,3,0,34 14 36 9,1,5,,319569,30,,,1,115,,332342,18,0,31 29 30,1,5,,332343,3,0,16 29 30,1,75,,319570,3,0,34 14 36 9,1,5,,319571,30,,,1,115,,332344,3,0,16 29 30,1,5,,332345,3,0,16 29 30,1,80,,319572,3,0,16 29 30,1,5,,319573,30,,,1,105,,332346,3,0,16 29 30,1,5,,332347,3,0,16 29 30,1,90,,319574,30,,,1,105,,332348,3,0,16 29 30,1,5,,332349,3,0,16 29 30,1,87,,319575,30,,,1,112,,319576,18,0,31 29 30,1,200,,319577,18,0,31 29 30,1
7101,'20260928',502,,319578,30,,,1,1101,,319579,3,0,16 29 30,1,5,,319580,18,0,31 29 30,1,215,,319581,30,,,1,315,,319582,30,,,1,90,,319584,3,0,16 29 30,1,99,,319583,30,,,1,205,,319585,18,0,31 29 30,1
7101,'20260929',502,,319586,30,,,1,1101,,319587,3,0,16 29 30,1,5,,319588,18,0,31 29 30,1,215,,319589,30,,,1,315,,319590,30,,,1,90,,319592,3,0,16 29 30,1,99,,319591,30,,,1,205,,319593,18,0,31 29 30,1
7101,'20260930',502,,319594,30,,,1,1101,,319595,3,0,16 29 30,1,5,,319596,18,0,31 29 30,1,215,,319597,30,,,1,315,,319598,30,,,1,90,,319600,3,0,16 29 30,1,99,,319599,30,,,1,205,,319601,18,0,31 29 30,1
7101,'20261001',502,,319602,30,,,1,1101,,319603,3,0,16 29 30,1,5,,319604,18,0,31 29 30,1,215,,319605,30,,,1,315,,319606,30,,,1,90,,319608,3,0,16 29 30,1,99,,319607,30,,,1,205,,319609,18,0,31 29 30,1
7101,'20261002',502,,319610,30,,,1,1101,,319611,3,0,16 29 30,1,5,,319612,18,0,31 29 30,1,215,,319613,30,,,1,315,,319614,30,,,1,90,,319616,3,0,16 29 30,1,99,,319615,30,,,1,205,,319617,18,0,31 29 30,1
7101,'20261003',631,,319618,30,,,1,87,,319619,3,0,16 29 30,1,5,,319620,18,0,31 29 30,1,95,,319621,3,0,16 29 30,1,5,,319622,30,,,1,95,,319623,3,0,34 14 36 9,1,5,,319624,3,0,16 29 30,1,30,,319625,3,0,16 29 30,1,60,,319626,3,0,34 14 36 9,1,5,,319627,3,0,16 29 30,1,35,,319628,3,0,16 29 30,1,60,,319629,3,0,34 14 36 9,1,5,,319630,3,0,16 29 30,1,30,,319631,3,0,16 29 30,1,65,,319632,3,0,34 14 36 9,1,5,,319633,30,,,1,30,,319634,3,0,16 29 30,1,65,,319635,3,0,34 14 36 9,1,5,,319636,3,0,16 29 30,1,30,,319637,3,0,16 29 30,1,65,,319638,3,0,34 14 36 9,1,5,,319639,30,,,1,195,,319640,3,0,34 14 36 9,1,5,,319641,30,,,1,200,,319642,3,0,16 29 30,1,5,,319643,30,,,1,200,,319644,30,,,1,197,,319645,30,,,1,112,,319646,18,0,31 29 30,1,200,,319647,18,0,31 29 30,1
7101,'20261004',631,,319648,30,,,1,87,,319649,3,0,16 29 30,1,5,,319650,18,0,31 29 30,1,95,,319651,3,0,16 29 30,1,5,,319652,30,,,1,95,,319653,3,0,34 14 36 9,1,5,,319654,3,0,16 29 30,1,30,,319655,3,0,16 29 30,1,60,,319656,3,0,34 14 36 9,1,5,,319657,3,0,16 29 30,1,35,,319658,3,0,16 29 30,1,60,,319659,3,0,34 14 36 9,1,5,,319660,3,0,16 29 30,1,30,,319661,3,0,16 29 30,1,65,,319662,3,0,34 14 36 9,1,5,,319663,30,,,1,30,,319664,3,0,16 29 30,1,65,,319665,3,0,34 14 36 9,1,5,,319666,3,0,16 29 30,1,30,,319667,3,0,16 29 30,1,65,,319668,3,0,34 14 36 9,1,5,,319669,30,,,1,195,,319670,3,0,34 14 36 9,1,5,,319671,30,,,1,200,,319672,3,0,16 29 30,1,5,,319673,30,,,1,200,,319674,30,,,1,197,,319675,30,,,1,112,,319676,18,0,31 29 30,1,200,,319677,18,0,31 29 30,1
7101,'20261005',502,,319678,30,,,1,1101,,319679,3,0,16 29 30,1,5,,319680,18,0,31 29 30,1,215,,319681,30,,,1,315,,319682,30,,,1,90,,319684,3,0,16 29 30,1,99,,319683,30,,,1,205,,319685,18,0,31 29 30,1
7101,'20261006',502,,319686,30,,,1,1101,,319687,3,0,16 29 30,1,5,,319688,18,0,31 29 30,1,215,,319689,30,,,1,315,,319690,30,,,1,90,,319692,3,0,16 29 30,1,99,,319691,30,,,1,205,,319693,18,0,31 29 30,1
7101,'20261007',502,,319694,30,,,1,1101,,319695,3,0,16 29 30,1,5,,319696,18,0,31 29 30,1,215,,319697,30,,,1,315,,319698,30,,,1,90,,319700,3,0,16 29 30,1,99,,319699,30,,,1,205,,319701,18,0,31 29 30,1
7101,'20261008',502,,319702,30,,,1,1101,,319703,3,0,16 29 30,1,5,,319704,18,0,31 29 30,1,215,,319705,30,,,1,315,,319706,30,,,1,90,,319708,3,0,16 29 30,1,99,,319707,30,,,1,205,,319709,18,0,31 29 30,1
7101,'20261009',502,,319710,30,,,1,1101,,319711,3,0,16 29 30,1,5,,319712,18,0,31 29 30,1,215,,319713,30,,,1,315,,319714,30,,,1,90,,319716,3,0,16 29 30,1,99,,319715,30,,,1,205,,319717,18,0,31 29 30,1
7101,'20261010',631,,319718,30,,,1,87,,319719,3,0,16 29 30,1,5,,319720,18,0,31 29 30,1,95,,319721,3,0,16 29 30,1,5,,319722,30,,,1,95,,319723,3,0,34 14 36 9,1,5,,319724,3,0,16 29 30,1,30,,319725,3,0,16 29 30,1,60,,319726,3,0,34 14 36 9,1,5,,319727,3,0,16 29 30,1,35,,319728,3,0,16 29 30,1,60,,319729,3,0,34 14 36 9,1,5,,319730,3,0,16 29 30,1,30,,319731,3,0,16 29 30,1,65,,319732,3,0,34 14 36 9,1,5,,319733,30,,,1,30,,319734,3,0,16 29 30,1,65,,319735,3,0,34 14 36 9,1,5,,319736,3,0,16 29 30,1,30,,319737,3,0,16 29 30,1,65,,319738,3,0,34 14 36 9,1,5,,319739,30,,,1,195,,319740,3,0,34 14 36 9,1,5,,319741,30,,,1,200,,319742,3,0,16 29 30,1,5,,319743,30,,,1,200,,319744,30,,,1,197,,319745,30,,,1,112,,319746,18,0,31 29 30,1,200,,319747,18,0,31 29 30,1
7101,'20261011',631,,319748,30,,,1,87,,319749,3,0,16 29 30,1,5,,319750,18,0,31 29 30,1,95,,319751,3,0,16 29 30,1,5,,319752,30,,,1,95,,319753,3,0,34 14 36 9,1,5,,319754,3,0,16 29 30,1,30,,319755,3,0,16 29 30,1,60,,319756,3,0,34 14 36 9,1,5,,319757,3,0,16 29 30,1,35,,319758,3,0,16 29 30,1,60,,319759,3,0,34 14 36 9,1,5,,319760,3,0,16 29 30,1,30,,319761,3,0,16 29 30,1,65,,319762,3,0,34 14 36 9,1,5,,319763,30,,,1,30,,319764,3,0,16 29 30,1,65,,319765,3,0,34 14 36 9,1,5,,319766,3,0,16 29 30,1,30,,319767,3,0,16 29 30,1,65,,319768,3,0,34 14 36 9,1,5,,319769,30,,,1,195,,319770,3,0,34 14 36 9,1,5,,319771,30,,,1,200,,319772,3,0,16 29 30,1,5,,319773,30,,,1,200,,319774,30,,,1,197,,319775,30,,,1,112,,319776,18,0,31 29 30,1,200,,319777,18,0,31 29 30,1
7101,'20261012',631,,319778,30,,,1,87,,319779,3,0,16 29 30,1,5,,319780,18,0,31 29 30,1,95,,319781,3,0,16 29 30,1,5,,319782,30,,,1,95,,319783,3,0,34 14 36 9,1,5,,319784,3,0,16 29 30,1,30,,319785,3,0,16 29 30,1,60,,319786,3,0,34 14 36 9,1,5,,319787,3,0,16 29 30,1,35,,319788,3,0,16 29 30,1,60,,319789,3,0,34 14 36 9,1,5,,319790,3,0,16 29 30,1,30,,319791,3,0,16 29 30,1,65,,319792,3,0,34 14 36 9,1,5,,319793,30,,,1,30,,319794,3,0,16 29 30,1,65,,319795,3,0,34 14 36 9,1,5,,319796,3,0,16 29 30,1,30,,319797,3,0,16 29 30,1,65,,319798,3,0,34 14 36 9,1,5,,319799,30,,,1,195,,319800,3,0,34 14 36 9,1,5,,319801,30,,,1,200,,319802,3,0,16 29 30,1,5,,319803,30,,,1,200,,319804,30,,,1,197,,319805,30,,,1,112,,319806,18,0,31 29 30,1,200,,319807,18,0,31 29 30,1
7101,'20261013',502,,319808,30,,,1,1101,,319809,3,0,16 29 30,1,5,,319810,18,0,31 29 30,1,215,,319811,30,,,1,315,,319812,30,,,1,90,,319814,3,0,16 29 30,1,99,,319813,30,,,1,205,,319815,18,0,31 29 30,1
7101,'20261014',502,,319816,30,,,1,1101,,319817,3,0,16 29 30,1,5,,319818,18,0,31 29 30,1,215,,319819,30,,,1,315,,319820,30,,,1,90,,319822,3,0,16 29 30,1,99,,319821,30,,,1,205,,319823,18,0,31 29 30,1
7101,'20261015',502,,319824,30,,,1,1101,,319825,3,0,16 29 30,1,5,,319826,18,0,31 29 30,1,215,,319827,30,,,1,315,,319828,30,,,1,90,,319830,3,0,16 29 30,1,99,,319829,30,,,1,205,,319831,18,0,31 29 30,1
7101,'20261016',502,,319832,30,,,1,1101,,319833,3,0,16 29 30,1,5,,319834,18,0,31 29 30,1,215,,319835,30,,,1,315,,319836,30,,,1,90,,319838,3,0,16 29 30,1,99,,319837,30,,,1,205,,319839,18,0,31 29 30,1
7101,'20261017',631,,319840,30,,,1,87,,319841,3,0,16 29 30,1,5,,319842,18,0,31 29 30,1,95,,319843,3,0,16 29 30,1,5,,319844,30,,,1,95,,319845,3,0,34 14 36 9,1,5,,319846,3,0,16 29 30,1,30,,319847,3,0,16 29 30,1,60,,319848,3,0,34 14 36 9,1,5,,319849,3,0,16 29 30,1,35,,319850,3,0,16 29 30,1,60,,319851,3,0,34 14 36 9,1,5,,319852,3,0,16 29 30,1,30,,319853,3,0,16 29 30,1,65,,319854,3,0,34 14 36 9,1,5,,319855,30,,,1,30,,319856,3,0,16 29 30,1,65,,319857,3,0,34 14 36 9,1,5,,319858,3,0,16 29 30,1,30,,319859,3,0,16 29 30,1,65,,319860,3,0,34 14 36 9,1,5,,319861,30,,,1,195,,319862,3,0,34 14 36 9,1,5,,319863,30,,,1,200,,319864,3,0,16 29 30,1,5,,319865,30,,,1,200,,319866,30,,,1,197,,319867,30,,,1,112,,319868,18,0,31 29 30,1,200,,319869,18,0,31 29 30,1
7101,'20261018',631,,319870,30,,,1,87,,319871,3,0,16 29 30,1,5,,319872,18,0,31 29 30,1,95,,319873,3,0,16 29 30,1,5,,319874,30,,,1,95,,319875,3,0,34 14 36 9,1,5,,319876,3,0,16 29 30,1,30,,319877,3,0,16 29 30,1,60,,319878,3,0,34 14 36 9,1,5,,319879,3,0,16 29 30,1,35,,319880,3,0,16 29 30,1,60,,319881,3,0,34 14 36 9,1,5,,319882,3,0,16 29 30,1,30,,319883,3,0,16 29 30,1,65,,319884,3,0,34 14 36 9,1,5,,319885,30,,,1,30,,319886,3,0,16 29 30,1,65,,319887,3,0,34 14 36 9,1,5,,319888,3,0,16 29 30,1,30,,319889,3,0,16 29 30,1,65,,319890,3,0,34 14 36 9,1,5,,319891,30,,,1,195,,319892,3,0,34 14 36 9,1,5,,319893,30,,,1,200,,319894,3,0,16 29 30,1,5,,319895,30,,,1,200,,319896,30,,,1,197,,319897,30,,,1,112,,319898,18,0,31 29 30,1,200,,319899,18,0,31 29 30,1
7101,'20261019',502,,319900,30,,,1,1101,,319901,3,0,16 29 30,1,5,,319902,18,0,31 29 30,1,215,,319903,30,,,1,315,,319904,30,,,1,90,,319906,3,0,16 29 30,1,99,,319905,30,,,1,205,,319907,18,0,31 29 30,1
7101,'20261020',502,,319908,30,,,1,1101,,319909,3,0,16 29 30,1,5,,319910,18,0,31 29 30,1,215,,319911,30,,,1,315,,319912,30,,,1,90,,319914,3,0,16 29 30,1,99,,319913,30,,,1,205,,319915,18,0,31 29 30,1
7101,'20261021',502,,319916,30,,,1,1101,,319917,3,0,16 29 30,1,5,,319918,18,0,31 29 30,1,215,,319919,30,,,1,315,,319920,30,,,1,90,,319922,3,0,16 29 30,1,99,,319921,30,,,1,205,,319923,18,0,31 29 30,1
7101,'20261022',502,,319924,30,,,1,1101,,319925,3,0,16 29 30,1,5,,319926,18,0,31 29 30,1,215,,319927,30,,,1,315,,319928,30,,,1,90,,319930,3,0,16 29 30,1,99,,319929,30,,,1,205,,319931,18,0,31 29 30,1
7101,'20261023',502,,319932,30,,,1,1101,,319933,3,0,16 29 30,1,5,,319934,18,0,31 29 30,1,215,,319935,30,,,1,315,,319936,30,,,1,90,,319938,3,0,16 29 30,1,99,,319937,30,,,1,205,,319939,18,0,31 29 30,1
7101,'20261024',631,,319940,30,,,1,87,,319941,3,0,16 29 30,1,5,,319942,18,0,31 29 30,1,95,,319943,3,0,16 29 30,1,5,,319944,30,,,1,95,,319945,3,0,34 14 36 9,1,5,,319946,3,0,16 29 30,1,30,,319947,3,0,16 29 30,1,60,,319948,3,0,34 14 36 9,1,5,,319949,3,0,16 29 30,1,35,,319950,3,0,16 29 30,1,60,,319951,3,0,34 14 36 9,1,5,,319952,3,0,16 29 30,1,30,,319953,3,0,16 29 30,1,65,,319954,3,0,34 14 36 9,1,5,,319955,30,,,1,30,,319956,3,0,16 29 30,1,65,,319957,3,0,34 14 36 9,1,5,,319958,3,0,16 29 30,1,30,,319959,3,0,16 29 30,1,65,,319960,3,0,34 14 36 9,1,5,,319961,30,,,1,195,,319962,3,0,34 14 36 9,1,5,,319963,30,,,1,200,,319964,3,0,16 29 30,1,5,,319965,30,,,1,200,,319966,30,,,1,197,,319967,30,,,1,112,,319968,18,0,31 29 30,1,200,,319969,18,0,31 29 30,1
7101,'20261025',631,,319970,30,,,1,87,,319971,3,0,16 29 30,1,5,,319972,18,0,31 29 30,1,95,,319973,3,0,16 29 30,1,5,,319974,30,,,1,95,,319975,3,0,34 14 36 9,1,5,,319976,3,0,16 29 30,1,30,,319977,3,0,16 29 30,1,60,,319978,3,0,34 14 36 9,1,5,,319979,3,0,16 29 30,1,35,,319980,3,0,16 29 30,1,60,,319981,3,0,34 14 36 9,1,5,,319982,3,0,16 29 30,1,30,,319983,3,0,16 29 30,1,65,,319984,3,0,34 14 36 9,1,5,,319985,30,,,1,30,,319986,3,0,16 29 30,1,65,,319987,3,0,34 14 36 9,1,5,,319988,3,0,16 29 30,1,30,,319989,3,0,16 29 30,1,65,,319990,3,0,34 14 36 9,1,5,,319991,30,,,1,195,,319992,3,0,34 14 36 9,1,5,,319993,30,,,1,200,,319994,3,0,16 29 30,1,5,,319995,30,,,1,200,,319996,30,,,1,197,,319997,30,,,1,112,,319998,18,0,31 29 30,1,200,,319999,18,0,31 29 30,1
7101,'20261026',502,,320000,30,,,1,1101,,320001,3,0,16 29 30,1,5,,320002,18,0,31 29 30,1,215,,320003,30,,,1,315,,320004,30,,,1,90,,320006,3,0,16 29 30,1,99,,320005,30,,,1,205,,320007,18,0,31 29 30,1
7101,'20261027',502,,320008,30,,,1,1101,,320009,3,0,16 29 30,1,5,,320010,18,0,31 29 30,1,215,,320011,30,,,1,315,,320012,30,,,1,90,,320014,3,0,16 29 30,1,99,,320013,30,,,1,205,,320015,18,0,31 29 30,1
7101,'20261028',502,,320016,30,,,1,1101,,320017,3,0,16 29 30,1,5,,320018,18,0,31 29 30,1,215,,320019,30,,,1,315,,320020,30,,,1,90,,320022,3,0,16 29 30,1,99,,320021,30,,,1,205,,320023,18,0,31 29 30,1
7101,'20261029',502,,320024,30,,,1,1101,,320025,3,0,16 29 30,1,5,,320026,18,0,31 29 30,1,215,,320027,30,,,1,315,,320028,30,,,1,90,,320030,3,0,16 29 30,1,99,,320029,30,,,1,205,,320031,18,0,31 29 30,1
7101,'20261030',502,,320032,30,,,1,1101,,320033,3,0,16 29 30,1,5,,320034,18,0,31 29 30,1,215,,320035,30,,,1,315,,320036,30,,,1,90,,320038,3,0,16 29 30,1,99,,320037,30,,,1,205,,320039,18,0,31 29 30,1
7101,'20261031',631,,320040,30,,,1,87,,320041,3,0,16 29 30,1,5,,320042,18,0,31 29 30,1,95,,320043,3,0,16 29 30,1,5,,320044,30,,,1,95,,320045,3,0,34 14 36 9,1,5,,320046,3,0,16 29 30,1,30,,320047,3,0,16 29 30,1,60,,320048,3,0,34 14 36 9,1,5,,320049,3,0,16 29 30,1,35,,320050,3,0,16 29 30,1,60,,320051,3,0,34 14 36 9,1,5,,320052,3,0,16 29 30,1,30,,320053,3,0,16 29 30,1,65,,320054,3,0,34 14 36 9,1,5,,320055,30,,,1,30,,320056,3,0,16 29 30,1,65,,320057,3,0,34 14 36 9,1,5,,320058,3,0,16 29 30,1,30,,320059,3,0,16 29 30,1,65,,320060,3,0,34 14 36 9,1,5,,320061,30,,,1,195,,320062,3,0,34 14 36 9,1,5,,320063,30,,,1,200,,320064,3,0,16 29 30,1,5,,320065,30,,,1,200,,320066,30,,,1,197,,320067,30,,,1,112,,320068,18,0,31 29 30,1,200,,320069,18,0,31 29 30,1
7101,'20261101',631,,320070,30,,,1,87,,320071,3,0,16 29 30,1,5,,320072,18,0,31 29 30,1,95,,320073,3,0,16 29 30,1,5,,320074,30,,,1,95,,320075,3,0,34 14 36 9,1,5,,320076,3,0,16 29 30,1,30,,320077,3,0,16 29 30,1,60,,320078,3,0,34 14 36 9,1,5,,320079,3,0,16 29 30,1,35,,320080,3,0,16 29 30,1,60,,320081,3,0,34 14 36 9,1,5,,320082,3,0,16 29 30,1,30,,320083,3,0,16 29 30,1,65,,320084,3,0,34 14 36 9,1,5,,320085,30,,,1,30,,320086,3,0,16 29 30,1,65,,320087,3,0,34 14 36 9,1,5,,320088,3,0,16 29 30,1,30,,320089,3,0,16 29 30,1,65,,320090,3,0,34 14 36 9,1,5,,320091,30,,,1,195,,320092,3,0,34 14 36 9,1,5,,320093,30,,,1,200,,320094,3,0,16 29 30,1,5,,320095,30,,,1,200,,320096,30,,,1,197,,320097,30,,,1,112,,320098,18,0,31 29 30,1,200,,320099,18,0,31 29 30,1
7101,'20261102',502,,320100,30,,,1,1101,,320101,3,0,16 29 30,1,5,,320102,18,0,31 29 30,1,215,,320103,30,,,1,315,,320104,30,,,1,90,,320106,3,0,16 29 30,1,99,,320105,30,,,1,205,,320107,18,0,31 29 30,1
7101,'20261103',502,,320108,30,,,1,1101,,320109,3,0,16 29 30,1,5,,320110,18,0,31 29 30,1,215,,320111,30,,,1,315,,320112,30,,,1,90,,320114,3,0,16 29 30,1,99,,320113,30,,,1,205,,320115,18,0,31 29 30,1
7101,'20261104',502,,320116,30,,,1,1101,,320117,3,0,16 29 30,1,5,,320118,18,0,31 29 30,1,215,,320119,30,,,1,315,,320120,30,,,1,90,,320122,3,0,16 29 30,1,99,,320121,30,,,1,205,,320123,18,0,31 29 30,1
7101,'20261105',502,,320124,30,,,1,1101,,320125,3,0,16 29 30,1,5,,320126,18,0,31 29 30,1,215,,320127,30,,,1,315,,320128,30,,,1,90,,320130,3,0,16 29 30,1,99,,320129,30,,,1,205,,320131,18,0,31 29 30,1
7101,'20261106',502,,320132,30,,,1,1101,,320133,3,0,16 29 30,1,5,,320134,18,0,31 29 30,1,215,,320135,30,,,1,315,,320136,30,,,1,90,,320138,3,0,16 29 30,1,99,,320137,30,,,1,205,,320139,18,0,31 29 30,1
7101,'20261107',631,,320140,30,,,1,87,,320141,3,0,16 29 30,1,5,,320142,18,0,31 29 30,1,95,,320143,3,0,16 29 30,1,5,,320144,30,,,1,95,,320145,3,0,34 14 36 9,1,5,,320146,3,0,16 29 30,1,30,,320147,3,0,16 29 30,1,60,,320148,3,0,34 14 36 9,1,5,,320149,3,0,16 29 30,1,35,,320150,3,0,16 29 30,1,60,,320151,3,0,34 14 36 9,1,5,,320152,3,0,16 29 30,1,30,,320153,3,0,16 29 30,1,65,,320154,3,0,34 14 36 9,1,5,,320155,30,,,1,30,,320156,3,0,16 29 30,1,65,,320157,3,0,34 14 36 9,1,5,,320158,3,0,16 29 30,1,30,,320159,3,0,16 29 30,1,65,,320160,3,0,34 14 36 9,1,5,,320161,30,,,1,195,,320162,3,0,34 14 36 9,1,5,,320163,30,,,1,200,,320164,3,0,16 29 30,1,5,,320165,30,,,1,200,,320166,30,,,1,197,,320167,30,,,1,112,,320168,18,0,31 29 30,1,200,,320169,18,0,31 29 30,1
7101,'20261108',631,,320170,30,,,1,87,,320171,3,0,16 29 30,1,5,,320172,18,0,31 29 30,1,95,,320173,3,0,16 29 30,1,5,,320174,30,,,1,95,,320175,3,0,34 14 36 9,1,5,,320176,3,0,16 29 30,1,30,,320177,3,0,16 29 30,1,60,,320178,3,0,34 14 36 9,1,5,,320179,3,0,16 29 30,1,35,,320180,3,0,16 29 30,1,60,,320181,3,0,34 14 36 9,1,5,,320182,3,0,16 29 30,1,30,,320183,3,0,16 29 30,1,65,,320184,3,0,34 14 36 9,1,5,,320185,30,,,1,30,,320186,3,0,16 29 30,1,65,,320187,3,0,34 14 36 9,1,5,,320188,3,0,16 29 30,1,30,,320189,3,0,16 29 30,1,65,,320190,3,0,34 14 36 9,1,5,,320191,30,,,1,195,,320192,3,0,34 14 36 9,1,5,,320193,30,,,1,200,,320194,3,0,16 29 30,1,5,,320195,30,,,1,200,,320196,30,,,1,197,,320197,30,,,1,112,,320198,18,0,31 29 30,1,200,,320199,18,0,31 29 30,1
7101,'20261109',502,,320200,30,,,1,1101,,320201,3,0,16 29 30,1,5,,320202,18,0,31 29 30,1,215,,320203,30,,,1,315,,320204,30,,,1,90,,320206,3,0,16 29 30,1,99,,320205,30,,,1,205,,320207,18,0,31 29 30,1
7101,'20261110',502,,320208,30,,,1,1101,,320209,3,0,16 29 30,1,5,,320210,18,0,31 29 30,1,215,,320211,30,,,1,315,,320212,30,,,1,90,,320214,3,0,16 29 30,1,99,,320213,30,,,1,205,,320215,18,0,31 29 30,1
7101,'20261111',502,,320216,30,,,1,1101,,320217,3,0,16 29 30,1,5,,320218,18,0,31 29 30,1,215,,320219,30,,,1,315,,320220,30,,,1,90,,320222,3,0,16 29 30,1,99,,320221,30,,,1,205,,320223,18,0,31 29 30,1
7101,'20261112',502,,320224,30,,,1,1101,,320225,3,0,16 29 30,1,5,,320226,18,0,31 29 30,1,215,,320227,30,,,1,315,,320228,30,,,1,90,,320230,3,0,16 29 30,1,99,,320229,30,,,1,205,,320231,18,0,31 29 30,1
7101,'20261113',502,,320232,30,,,1,1101,,320233,3,0,16 29 30,1,5,,320234,18,0,31 29 30,1,215,,320235,30,,,1,315,,320236,30,,,1,90,,320238,3,0,16 29 30,1,99,,320237,30,,,1,205,,320239,18,0,31 29 30,1
7101,'20261114',631,,320240,30,,,1,87,,320241,3,0,16 29 30,1,5,,320242,18,0,31 29 30,1,95,,320243,3,0,16 29 30,1,5,,320244,30,,,1,95,,320245,3,0,34 14 36 9,1,5,,320246,3,0,16 29 30,1,30,,320247,3,0,16 29 30,1,60,,320248,3,0,34 14 36 9,1,5,,320249,3,0,16 29 30,1,35,,320250,3,0,16 29 30,1,60,,320251,3,0,34 14 36 9,1,5,,320252,3,0,16 29 30,1,30,,320253,3,0,16 29 30,1,65,,320254,3,0,34 14 36 9,1,5,,320255,30,,,1,30,,320256,3,0,16 29 30,1,65,,320257,3,0,34 14 36 9,1,5,,320258,3,0,16 29 30,1,30,,320259,3,0,16 29 30,1,65,,320260,3,0,34 14 36 9,1,5,,320261,30,,,1,195,,320262,3,0,34 14 36 9,1,5,,320263,30,,,1,200,,320264,3,0,16 29 30,1,5,,320265,30,,,1,200,,320266,30,,,1,197,,320267,30,,,1,112,,320268,18,0,31 29 30,1,200,,320269,18,0,31 29 30,1
7101,'20261115',631,,320270,30,,,1,87,,320271,3,0,16 29 30,1,5,,320272,18,0,31 29 30,1,95,,320273,3,0,16 29 30,1,5,,320274,30,,,1,95,,320275,3,0,34 14 36 9,1,5,,320276,3,0,16 29 30,1,30,,320277,3,0,16 29 30,1,60,,320278,3,0,34 14 36 9,1,5,,320279,3,0,16 29 30,1,35,,320280,3,0,16 29 30,1,60,,320281,3,0,34 14 36 9,1,5,,320282,3,0,16 29 30,1,30,,320283,3,0,16 29 30,1,65,,320284,3,0,34 14 36 9,1,5,,320285,30,,,1,30,,320286,3,0,16 29 30,1,65,,320287,3,0,34 14 36 9,1,5,,320288,3,0,16 29 30,1,30,,320289,3,0,16 29 30,1,65,,320290,3,0,34 14 36 9,1,5,,320291,30,,,1,195,,320292,3,0,34 14 36 9,1,5,,320293,30,,,1,200,,320294,3,0,16 29 30,1,5,,320295,30,,,1,200,,320296,30,,,1,197,,320297,30,,,1,112,,320298,18,0,31 29 30,1,200,,320299,18,0,31 29 30,1
7101,'20261116',502,,320300,30,,,1,1101,,320301,3,0,16 29 30,1,5,,320302,18,0,31 29 30,1,215,,320303,30,,,1,315,,320304,30,,,1,90,,320306,3,0,16 29 30,1,99,,320305,30,,,1,205,,320307,18,0,31 29 30,1
7101,'20261117',502,,320308,30,,,1,1101,,320309,3,0,16 29 30,1,5,,320310,18,0,31 29 30,1,215,,320311,30,,,1,315,,320312,30,,,1,90,,320314,3,0,16 29 30,1,99,,320313,30,,,1,205,,320315,18,0,31 29 30,1
7101,'20261118',502,,320316,30,,,1,1101,,320317,3,0,16 29 30,1,5,,320318,18,0,31 29 30,1,215,,320319,30,,,1,315,,320320,30,,,1,90,,320322,3,0,16 29 30,1,99,,320321,30,,,1,205,,320323,18,0,31 29 30,1
7101,'20261119',502,,320324,30,,,1,1101,,320325,3,0,16 29 30,1,5,,320326,18,0,31 29 30,1,215,,320327,30,,,1,315,,320328,30,,,1,90,,320330,3,0,16 29 30,1,99,,320329,30,,,1,205,,320331,18,0,31 29 30,1
7101,'20261120',502,,320332,30,,,1,1101,,320333,3,0,16 29 30,1,5,,320334,18,0,31 29 30,1,215,,320335,30,,,1,315,,320336,30,,,1,90,,320338,3,0,16 29 30,1,99,,320337,30,,,1,205,,320339,18,0,31 29 30,1
7101,'20261121',631,,320340,30,,,1,87,,320341,3,0,16 29 30,1,5,,320342,18,0,31 29 30,1,95,,320343,3,0,16 29 30,1,5,,320344,30,,,1,95,,320345,3,0,34 14 36 9,1,5,,320346,3,0,16 29 30,1,30,,320347,3,0,16 29 30,1,60,,320348,3,0,34 14 36 9,1,5,,320349,3,0,16 29 30,1,35,,320350,3,0,16 29 30,1,60,,320351,3,0,34 14 36 9,1,5,,320352,3,0,16 29 30,1,30,,320353,3,0,16 29 30,1,65,,320354,3,0,34 14 36 9,1,5,,320355,30,,,1,30,,320356,3,0,16 29 30,1,65,,320357,3,0,34 14 36 9,1,5,,320358,3,0,16 29 30,1,30,,320359,3,0,16 29 30,1,65,,320360,3,0,34 14 36 9,1,5,,320361,30,,,1,195,,320362,3,0,34 14 36 9,1,5,,320363,30,,,1,200,,320364,3,0,16 29 30,1,5,,320365,30,,,1,200,,320366,30,,,1,197,,320367,30,,,1,112,,320368,18,0,31 29 30,1,200,,320369,18,0,31 29 30,1
7101,'20261122',631,,320370,30,,,1,87,,320371,3,0,16 29 30,1,5,,320372,18,0,31 29 30,1,95,,320373,3,0,16 29 30,1,5,,320374,30,,,1,95,,320375,3,0,34 14 36 9,1,5,,320376,3,0,16 29 30,1,30,,320377,3,0,16 29 30,1,60,,320378,3,0,34 14 36 9,1,5,,320379,3,0,16 29 30,1,35,,320380,3,0,16 29 30,1,60,,320381,3,0,34 14 36 9,1,5,,320382,3,0,16 29 30,1,30,,320383,3,0,16 29 30,1,65,,320384,3,0,34 14 36 9,1,5,,320385,30,,,1,30,,320386,3,0,16 29 30,1,65,,320387,3,0,34 14 36 9,1,5,,320388,3,0,16 29 30,1,30,,320389,3,0,16 29 30,1,65,,320390,3,0,34 14 36 9,1,5,,320391,30,,,1,195,,320392,3,0,34 14 36 9,1,5,,320393,30,,,1,200,,320394,3,0,16 29 30,1,5,,320395,30,,,1,200,,320396,30,,,1,197,,320397,30,,,1,112,,320398,18,0,31 29 30,1,200,,320399,18,0,31 29 30,1
7101,'20261123',502,,320400,30,,,1,1101,,320401,3,0,16 29 30,1,5,,320402,18,0,31 29 30,1,215,,320403,30,,,1,315,,320404,30,,,1,90,,320406,3,0,16 29 30,1,99,,320405,30,,,1,205,,320407,18,0,31 29 30,1
7101,'20261124',502,,320408,30,,,1,1101,,320409,3,0,16 29 30,1,5,,320410,18,0,31 29 30,1,215,,320411,30,,,1,315,,320412,30,,,1,90,,320414,3,0,16 29 30,1,99,,320413,30,,,1,205,,320415,18,0,31 29 30,1
7101,'20261125',502,,320416,30,,,1,1101,,320417,3,0,16 29 30,1,5,,320418,18,0,31 29 30,1,215,,320419,30,,,1,315,,320420,30,,,1,90,,320422,3,0,16 29 30,1,99,,320421,30,,,1,205,,320423,18,0,31 29 30,1
7101,'20261126',502,,320424,30,,,1,1101,,320425,3,0,16 29 30,1,5,,320426,18,0,31 29 30,1,215,,320427,30,,,1,315,,320428,30,,,1,90,,320430,3,0,16 29 30,1,99,,320429,30,,,1,205,,320431,18,0,31 29 30,1
7101,'20261127',502,,320432,30,,,1,1101,,320433,3,0,16 29 30,1,5,,320434,18,0,31 29 30,1,215,,320435,30,,,1,315,,320436,30,,,1,90,,320438,3,0,16 29 30,1,99,,320437,30,,,1,205,,320439,18,0,31 29 30,1
