7000,'20260917',1120,,316961,11,0,34 35,1,200,,316962,11,0,34 35,1,202,,316963,11,0,34 35,1,413,,316965,11,0,34 35,1,83,,316966,11,0,34 35,1
7000,'20260918',1120,,316969,11,0,34 35,1,200,,316970,11,0,34 35,1,202,,316971,11,0,34 35,1,413,,316973,11,0,34 35,1,83,,316974,11,0,34 35,1
7000,'20260921',1120,,316977,11,0,34 35,1,200,,316978,11,0,34 35,1,202,,316979,11,0,34 35,1,413,,316981,11,0,34 35,1,83,,316982,11,0,34 35,1
7000,'20260922',1120,,316985,11,0,34 35,1,200,,316986,11,0,34 35,1,202,,316987,11,0,34 35,1,413,,316989,11,0,34 35,1,83,,316990,11,0,34 35,1
7000,'20260923',1120,,316993,11,0,34 35,1,200,,316994,11,0,34 35,1,202,,316995,11,0,34 35,1,413,,316997,11,0,34 35,1,83,,316998,11,0,34 35,1
7000,'20260924',1120,,317001,11,0,34 35,1,200,,317002,11,0,34 35,1,202,,317003,11,0,34 35,1,413,,317005,11,0,34 35,1,83,,317006,11,0,34 35,1
7000,'20260925',1120,,317009,11,0,34 35,1,200,,317010,11,0,34 35,1,202,,317011,11,0,34 35,1,413,,317013,11,0,34 35,1,83,,317014,11,0,34 35,1
7000,'20260928',1120,,317017,11,0,34 35,1,200,,317018,11,0,34 35,1,202,,317019,11,0,34 35,1,413,,317021,11,0,34 35,1,83,,317022,11,0,34 35,1
7000,'20260929',1120,,317025,11,0,34 35,1,200,,317026,11,0,34 35,1,202,,317027,11,0,34 35,1,413,,317029,11,0,34 35,1,83,,317030,11,0,34 35,1
7000,'20260930',1120,,317033,11,0,34 35,1,200,,317034,11,0,34 35,1,202,,317035,11,0,34 35,1,413,,317037,11,0,34 35,1,83,,317038,11,0,34 35,1
7000,'20261001',1120,,317041,11,0,34 35,1,200,,317042,11,0,34 35,1,202,,317043,11,0,34 35,1,413,,317045,11,0,34 35,1,83,,317046,11,0,34 35,1
7000,'20261002',1120,,317049,11,0,34 35,1,200,,317050,11,0,34 35,1,202,,317051,11,0,34 35,1,413,,317053,11,0,34 35,1,83,,317054,11,0,34 35,1
7000,'20261005',1120,,317057,11,0,34 35,1,200,,317058,11,0,34 35,1,202,,317059,11,0,34 35,1,413,,317061,11,0,34 35,1,83,,317062,11,0,34 35,1
7000,'20261006',1120,,317065,11,0,34 35,1,200,,317066,11,0,34 35,1,202,,317067,11,0,34 35,1,413,,317069,11,0,34 35,1,83,,317070,11,0,34 35,1
7000,'20261007',1120,,317073,11,0,34 35,1,200,,317074,11,0,34 35,1,202,,317075,11,0,34 35,1,413,,317077,11,0,34 35,1,83,,317078,11,0,34 35,1
7000,'20261008',1120,,317081,11,0,34 35,1,200,,317082,11,0,34 35,1,202,,317083,11,0,34 35,1,413,,317085,11,0,34 35,1,83,,317086,11,0,34 35,1
7000,'20261009',1120,,317089,11,0,34 35,1,200,,317090,11,0,34 35,1,202,,317091,11,0,34 35,1,413,,317093,11,0,34 35,1,83,,317094,11,0,34 35,1
7000,'20261013',1120,,317097,11,0,34 35,1,200,,317098,11,0,34 35,1,202,,317099,11,0,34 35,1,413,,317101,11,0,34 35,1,83,,317102,11,0,34 35,1
7000,'20261014',1120,,317105,11,0,34 35,1,200,,317106,11,0,34 35,1,202,,317107,11,0,34 35,1,413,,317109,11,0,34 35,1,83,,317110,11,0,34 35,1
7000,'20261015',1120,,317113,11,0,34 35,1,200,,317114,11,0,34 35,1,202,,317115,11,0,34 35,1,413,,317117,11,0,34 35,1,83,,317118,11,0,34 35,1
7000,'20261016',1120,,317121,11,0,34 35,1,200,,317122,11,0,34 35,1,202,,317123,11,0,34 35,1,413,,317125,11,0,34 35,1,83,,317126,11,0,34 35,1
7000,'20261019',1120,,317129,11,0,34 35,1,200,,317130,11,0,34 35,1,202,,317131,11,0,34 35,1,413,,317133,11,0,34 35,1,83,,317134,11,0,34 35,1
7000,'20261020',1120,,317137,11,0,34 35,1,200,,317138,11,0,34 35,1,202,,317139,11,0,34 35,1,413,,317141,11,0,34 35,1,83,,317142,11,0,34 35,1
7000,'20261021',1120,,317145,11,0,34 35,1,200,,317146,11,0,34 35,1,202,,317147,11,0,34 35,1,413,,317149,11,0,34 35,1,83,,317150,11,0,34 35,1
7000,'20261022',1120,,317153,11,0,34 35,1,200,,317154,11,0,34 35,1,202,,317155,11,0,34 35,1,413,,317157,11,0,34 35,1,83,,317158,11,0,34 35,1
7000,'20261023',1120,,317161,11,0,34 35,1,200,,317162,11,0,34 35,1,202,,317163,11,0,34 35,1,413,,317165,11,0,34 35,1,83,,317166,11,0,34 35,1
7000,'20261026',1120,,317169,11,0,34 35,1,200,,317170,11,0,34 35,1,202,,317171,11,0,34 35,1,413,,317173,11,0,34 35,1,83,,317174,11,0,34 35,1
7000,'20261027',1120,,317177,11,0,34 35,1,200,,317178,11,0,34 35,1,202,,317179,11,0,34 35,1,413,,317181,11,0,34 35,1,83,,317182,11,0,34 35,1
7000,'20261028',1120,,317185,11,0,34 35,1,200,,317186,11,0,34 35,1,202,,317187,11,0,34 35,1,413,,317189,11,0,34 35,1,83,,317190,11,0,34 35,1
7000,'20261029',1120,,317193,11,0,34 35,1,200,,317194,11,0,34 35,1,202,,317195,11,0,34 35,1,413,,317197,11,0,34 35,1,83,,317198,11,0,34 35,1
7000,'20261030',1120,,317201,11,0,34 35,1,200,,317202,11,0,34 35,1,202,,317203,11,0,34 35,1,413,,317205,11,0,34 35,1,83,,317206,11,0,34 35,1
7000,'20261102',1120,,317209,11,0,34 35,1,200,,317210,11,0,34 35,1,202,,317211,11,0,34 35,1,413,,317213,11,0,34 35,1,83,,317214,11,0,34 35,1
7000,'20261103',1120,,317217,11,0,34 35,1,200,,317218,11,0,34 35,1,202,,317219,11,0,34 35,1,413,,317221,11,0,34 35,1,83,,317222,11,0,34 35,1
7000,'20261104',1120,,317225,11,0,34 35,1,200,,317226,11,0,34 35,1,202,,317227,11,0,34 35,1,413,,317229,11,0,34 35,1,83,,317230,11,0,34 35,1
7000,'20261105',1120,,317233,11,0,34 35,1,200,,317234,11,0,34 35,1,202,,317235,11,0,34 35,1,413,,317237,11,0,34 35,1,83,,317238,11,0,34 35,1
7000,'20261106',1120,,317241,11,0,34 35,1,200,,317242,11,0,34 35,1,202,,317243,11,0,34 35,1,413,,317245,11,0,34 35,1,83,,317246,11,0,34 35,1
7000,'20261109',1120,,317249,11,0,34 35,1,200,,317250,11,0,34 35,1,202,,317251,11,0,34 35,1,413,,317253,11,0,34 35,1,83,,317254,11,0,34 35,1
7000,'20261110',1120,,317257,11,0,34 35,1,200,,317258,11,0,34 35,1,202,,317259,11,0,34 35,1,413,,317261,11,0,34 35,1,83,,317262,11,0,34 35,1
7000,'20261111',1120,,317265,11,0,34 35,1,200,,317266,11,0,34 35,1,202,,317267,11,0,34 35,1,413,,317269,11,0,34 35,1,83,,317270,11,0,34 35,1
7000,'20261112',1120,,317273,11,0,34 35,1,200,,317274,11,0,34 35,1,202,,317275,11,0,34 35,1,413,,317277,11,0,34 35,1,83,,317278,11,0,34 35,1
7000,'20261113',1120,,317281,11,0,34 35,1,200,,317282,11,0,34 35,1,202,,317283,11,0,34 35,1,413,,317285,11,0,34 35,1,83,,317286,11,0,34 35,1
7000,'20261116',1120,,317289,11,0,34 35,1,200,,317290,11,0,34 35,1,202,,317291,11,0,34 35,1,413,,317293,11,0,34 35,1,83,,317294,11,0,34 35,1
7000,'20261117',1120,,317297,11,0,34 35,1,200,,317298,11,0,34 35,1,202,,317299,11,0,34 35,1,413,,317301,11,0,34 35,1,83,,317302,11,0,34 35,1
7000,'20261118',1120,,317305,11,0,34 35,1,200,,317306,11,0,34 35,1,202,,317307,11,0,34 35,1,413,,317309,11,0,34 35,1,83,,317310,11,0,34 35,1
7000,'20261119',1120,,317313,11,0,34 35,1,200,,317314,11,0,34 35,1,202,,317315,11,0,34 35,1,413,,317317,11,0,34 35,1,83,,317318,11,0,34 35,1
7000,'20261120',1120,,317321,11,0,34 35,1,200,,317322,11,0,34 35,1,202,,317323,11,0,34 35,1,413,,317325,11,0,34 35,1,83,,317326,11,0,34 35,1
7000,'20261123',1120,,317329,11,0,34 35,1,200,,317330,11,0,34 35,1,202,,317331,11,0,34 35,1,413,,317333,11,0,34 35,1,83,,317334,11,0,34 35,1
7000,'20261124',1120,,317337,11,0,34 35,1,200,,317338,11,0,34 35,1,202,,317339,11,0,34 35,1,413,,317341,11,0,34 35,1,83,,317342,11,0,34 35,1
7000,'20261125',1120,,317345,11,0,34 35,1,200,,317346,11,0,34 35,1,202,,317347,11,0,34 35,1,413,,317349,11,0,34 35,1,83,,317350,11,0,34 35,1
7000,'20261126',1120,,317353,11,0,34 35,1,200,,317354,11,0,34 35,1,202,,317355,11,0,34 35,1,413,,317357,11,0,34 35,1,83,,317358,11,0,34 35,1
7000,'20261127',1120,,317361,11,0,34 35,1,200,,317362,11,0,34 35,1,202,,317363,11,0,34 35,1,413,,317365,11,0,34 35,1,83,,317366,11,0,34 35,1
7100,'20260917',751,,317978,24,,,1,159,,317979,24,,,1,1507,,317984,24,0,31 32 33 9,1,100,,317986,24,0,31 32 33 9,1,86,,317987,24,0,31 32 33 9,1,135,,317988,24,0,31 32 33 9,1
7100,'20260918',751,,317989,24,,,1,159,,317990,24,,,1,1507,,317995,24,0,31 32 33 9,1,100,,317997,24,0,31 32 33 9,1,86,,317998,24,0,31 32 33 9,1,135,,317999,24,0,31 32 33 9,1
7100,'20260919',848,,318000,24,,,1,161,,318002,24,,,1,200,,318006,24,,,1,205,,318011,24,,,1,200,,318017,24,,,1,200,,318021,24,,,1,200,,318024,24,,,1,198,,318027,24,,,1,200,,318030,24,,,1,109,,318032,24,0,31 32 33 9,1,92,,318033,24,0,31 32 33 9,1,125,,318034,24,0,31 32 33 9,1
7100,'20260920',848,,318035,24,,,1,161,,318037,24,,,1,200,,318041,24,,,1,205,,318046,24,,,1,200,,318052,24,,,1,200,,318056,24,,,1,200,,318059,24,,,1,198,,318062,24,,,1,200,,318065,24,,,1,109,,318067,24,0,31 32 33 9,1,92,,318068,24,0,31 32 33 9,1,125,,318069,24,0,31 32 33 9,1
7100,'20260921',751,,318070,24,,,1,159,,318071,24,,,1,1507,,318076,24,0,31 32 33 9,1,100,,318078,24,0,31 32 33 9,1,86,,318079,24,0,31 32 33 9,1,135,,318080,24,0,31 32 33 9,1
7100,'20260922',751,,318081,24,,,1,159,,318082,24,,,1,1507,,318087,24,0,31 32 33 9,1,100,,318089,24,0,31 32 33 9,1,86,,318090,24,0,31 32 33 9,1,135,,318091,24,0,31 32 33 9,1
7100,'20260923',751,,318092,24,,,1,159,,318093,24,,,1,1507,,318098,24,0,31 32 33 9,1,100,,318100,24,0,31 32 33 9,1,86,,318101,24,0,31 32 33 9,1,135,,318102,24,0,31 32 33 9,1
7100,'20260924',751,,318103,24,,,1,159,,318104,24,,,1,1507,,318109,24,0,31 32 33 9,1,100,,318111,24,0,31 32 33 9,1,86,,318112,24,0,31 32 33 9,1,135,,318113,24,0,31 32 33 9,1
7100,'20260925',751,,318114,24,,,1,159,,318115,24,,,1,1507,,318120,24,0,31 32 33 9,1,100,,318122,24,0,31 32 33 9,1,86,,318123,24,0,31 32 33 9,1,135,,318124,24,0,31 32 33 9,1
7100,'20260926',848,,318125,24,,,1,161,,318127,24,,,1,200,,318131,24,,,1,205,,318136,24,,,1,200,,318142,24,,,1,200,,318146,24,,,1,200,,318149,24,,,1,198,,318152,24,,,1,91,,332324,24,0,31 32 33 9,1,5,,332325,24,0,31 32 33 9,1,104,,318155,24,,,1,109,,318157,24,0,31 32 33 9,1,92,,318158,24,0,31 32 33 9,1,125,,318159,24,0,31 32 33 9,1
7100,'20260927',848,,318160,24,,,1,161,,318162,24,,,1,200,,318166,24,,,1,205,,318171,24,,,1,200,,318177,24,,,1,200,,318181,24,,,1,200,,318184,24,,,1,198,,318187,24,,,1,91,,332332,24,0,31 32 33 9,1,5,,332333,24,0,31 32 33 9,1,104,,318190,24,,,1,109,,318192,24,0,31 32 33 9,1,92,,318193,24,0,31 32 33 9,1,125,,318194,24,0,31 32 33 9,1
7100,'20260928',751,,318195,24,,,1,159,,318196,24,,,1,1507,,318201,24,0,31 32 33 9,1,100,,318203,24,0,31 32 33 9,1,86,,318204,24,0,31 32 33 9,1,135,,318205,24,0,31 32 33 9,1
7100,'20260929',751,,318206,24,,,1,159,,318207,24,,,1,1507,,318212,24,0,31 32 33 9,1,100,,318214,24,0,31 32 33 9,1,86,,318215,24,0,31 32 33 9,1,135,,318216,24,0,31 32 33 9,1
7100,'20260930',751,,318217,24,,,1,159,,318218,24,,,1,1507,,318223,24,0,31 32 33 9,1,100,,318225,24,0,31 32 33 9,1,86,,318226,24,0,31 32 33 9,1,135,,318227,24,0,31 32 33 9,1
7100,'20261001',751,,318228,24,,,1,159,,318229,24,,,1,1507,,318234,24,0,31 32 33 9,1,100,,318236,24,0,31 32 33 9,1,86,,318237,24,0,31 32 33 9,1,135,,318238,24,0,31 32 33 9,1
7100,'20261002',751,,318239,24,,,1,159,,318240,24,,,1,1507,,318245,24,0,31 32 33 9,1,100,,318247,24,0,31 32 33 9,1,86,,318248,24,0,31 32 33 9,1,135,,318249,24,0,31 32 33 9,1
7100,'20261003',848,,318250,24,,,1,161,,318252,24,,,1,200,,318256,24,,,1,205,,318261,24,,,1,200,,318267,24,,,1,200,,318271,24,,,1,200,,318274,24,,,1,198,,318277,24,,,1,200,,318280,24,,,1,109,,318282,24,0,31 32 33 9,1,92,,318283,24,0,31 32 33 9,1,125,,318284,24,0,31 32 33 9,1
7100,'20261004',848,,318285,24,,,1,161,,318287,24,,,1,200,,318291,24,,,1,205,,318296,24,,,1,200,,318302,24,,,1,200,,318306,24,,,1,200,,318309,24,,,1,198,,318312,24,,,1,200,,318315,24,,,1,109,,318317,24,0,31 32 33 9,1,92,,318318,24,0,31 32 33 9,1,125,,318319,24,0,31 32 33 9,1
7100,'20261005',751,,318320,24,,,1,159,,318321,24,,,1,1507,,318326,24,0,31 32 33 9,1,100,,318328,24,0,31 32 33 9,1,86,,318329,24,0,31 32 33 9,1,135,,318330,24,0,31 32 33 9,1
7100,'20261006',751,,318331,24,,,1,159,,318332,24,,,1,1507,,318337,24,0,31 32 33 9,1,100,,318339,24,0,31 32 33 9,1,86,,318340,24,0,31 32 33 9,1,135,,318341,24,0,31 32 33 9,1
7100,'20261007',751,,318342,24,,,1,159,,318343,24,,,1,1507,,318348,24,0,31 32 33 9,1,100,,318350,24,0,31 32 33 9,1,86,,318351,24,0,31 32 33 9,1,135,,318352,24,0,31 32 33 9,1
7100,'20261008',751,,318353,24,,,1,159,,318354,24,,,1,1507,,318359,24,0,31 32 33 9,1,100,,318361,24,0,31 32 33 9,1,86,,318362,24,0,31 32 33 9,1,135,,318363,24,0,31 32 33 9,1
7100,'20261009',751,,318364,24,,,1,159,,318365,24,,,1,1507,,318370,24,0,31 32 33 9,1,100,,318372,24,0,31 32 33 9,1,86,,318373,24,0,31 32 33 9,1,135,,318374,24,0,31 32 33 9,1
7100,'20261010',848,,318375,24,,,1,161,,318377,24,,,1,200,,318381,24,,,1,205,,318386,24,,,1,200,,318392,24,,,1,200,,318396,24,,,1,200,,318399,24,,,1,198,,318402,24,,,1,200,,318405,24,,,1,109,,318407,24,0,31 32 33 9,1,92,,318408,24,0,31 32 33 9,1,125,,318409,24,0,31 32 33 9,1
7100,'20261011',848,,318410,24,,,1,161,,318412,24,,,1,200,,318416,24,,,1,205,,318421,24,,,1,200,,318427,24,,,1,200,,318431,24,,,1,200,,318434,24,,,1,198,,318437,24,,,1,200,,318440,24,,,1,109,,318442,24,0,31 32 33 9,1,92,,318443,24,0,31 32 33 9,1,125,,318444,24,0,31 32 33 9,1
7100,'20261012',848,,318445,24,,,1,161,,318447,24,,,1,200,,318451,24,,,1,205,,318456,24,,,1,200,,318462,24,,,1,200,,318466,24,,,1,200,,318469,24,,,1,198,,318472,24,,,1,200,,318475,24,,,1,109,,318477,24,0,31 32 33 9,1,92,,318478,24,0,31 32 33 9,1,125,,318479,24,0,31 32 33 9,1
7100,'20261013',751,,318480,24,,,1,159,,318481,24,,,1,1507,,318486,24,0,31 32 33 9,1,100,,318488,24,0,31 32 33 9,1,86,,318489,24,0,31 32 33 9,1,135,,318490,24,0,31 32 33 9,1
7100,'20261014',751,,318491,24,,,1,159,,318492,24,,,1,1507,,318497,24,0,31 32 33 9,1,100,,318499,24,0,31 32 33 9,1,86,,318500,24,0,31 32 33 9,1,135,,318501,24,0,31 32 33 9,1
7100,'20261015',751,,318502,24,,,1,159,,318503,24,,,1,1507,,318508,24,0,31 32 33 9,1,100,,318510,24,0,31 32 33 9,1,86,,318511,24,0,31 32 33 9,1,135,,318512,24,0,31 32 33 9,1
7100,'20261016',751,,318513,24,,,1,159,,318514,24,,,1,1507,,318519,24,0,31 32 33 9,1,100,,318521,24,0,31 32 33 9,1,86,,318522,24,0,31 32 33 9,1,135,,318523,24,0,31 32 33 9,1
7100,'20261017',848,,318524,24,,,1,161,,318526,24,,,1,200,,318530,24,,,1,205,,318535,24,,,1,200,,318541,24,,,1,200,,318545,24,,,1,200,,318548,24,,,1,198,,318551,24,,,1,200,,318554,24,,,1,109,,318556,24,0,31 32 33 9,1,92,,318557,24,0,31 32 33 9,1,125,,318558,24,0,31 32 33 9,1
7100,'20261018',848,,318559,24,,,1,161,,318561,24,,,1,200,,318565,24,,,1,205,,318570,24,,,1,200,,318576,24,,,1,200,,318580,24,,,1,200,,318583,24,,,1,198,,318586,24,,,1,200,,318589,24,,,1,109,,318591,24,0,31 32 33 9,1,92,,318592,24,0,31 32 33 9,1,125,,318593,24,0,31 32 33 9,1
7100,'20261019',751,,318594,24,,,1,159,,318595,24,,,1,1507,,318600,24,0,31 32 33 9,1,100,,318602,24,0,31 32 33 9,1,86,,318603,24,0,31 32 33 9,1,135,,318604,24,0,31 32 33 9,1
7100,'20261020',751,,318605,24,,,1,159,,318606,24,,,1,1507,,318611,24,0,31 32 33 9,1,100,,318613,24,0,31 32 33 9,1,86,,318614,24,0,31 32 33 9,1,135,,318615,24,0,31 32 33 9,1
7100,'20261021',751,,318616,24,,,1,159,,318617,24,,,1,1507,,318622,24,0,31 32 33 9,1,100,,318624,24,0,31 32 33 9,1,86,,318625,24,0,31 32 33 9,1,135,,318626,24,0,31 32 33 9,1
7100,'20261022',751,,318627,24,,,1,159,,318628,24,,,1,1507,,318633,24,0,31 32 33 9,1,100,,318635,24,0,31 32 33 9,1,86,,318636,24,0,31 32 33 9,1,135,,318637,24,0,31 32 33 9,1
7100,'20261023',751,,318638,24,,,1,159,,318639,24,,,1,1507,,318644,24,0,31 32 33 9,1,100,,318646,24,0,31 32 33 9,1,86,,318647,24,0,31 32 33 9,1,135,,318648,24,0,31 32 33 9,1
7100,'20261024',848,,318649,24,,,1,161,,318651,24,,,1,200,,318655,24,,,1,205,,318660,24,,,1,200,,318666,24,,,1,200,,318670,24,,,1,200,,318673,24,,,1,198,,318676,24,,,1,200,,318679,24,,,1,109,,318681,24,0,31 32 33 9,1,92,,318682,24,0,31 32 33 9,1,125,,318683,24,0,31 32 33 9,1
7100,'20261025',848,,318684,24,,,1,161,,318686,24,,,1,200,,318690,24,,,1,205,,318695,24,,,1,200,,318701,24,,,1,200,,318705,24,,,1,200,,318708,24,,,1,198,,318711,24,,,1,200,,318714,24,,,1,109,,318716,24,0,31 32 33 9,1,92,,318717,24,0,31 32 33 9,1,125,,318718,24,0,31 32 33 9,1
7100,'20261026',751,,318719,24,,,1,159,,318720,24,,,1,1507,,318725,24,0,31 32 33 9,1,100,,318727,24,0,31 32 33 9,1,86,,318728,24,0,31 32 33 9,1,135,,318729,24,0,31 32 33 9,1
7100,'20261027',751,,318730,24,,,1,159,,318731,24,,,1,1507,,318736,24,0,31 32 33 9,1,100,,318738,24,0,31 32 33 9,1,86,,318739,24,0,31 32 33 9,1,135,,318740,24,0,31 32 33 9,1
7100,'20261028',751,,318741,24,,,1,159,,318742,24,,,1,1507,,318747,24,0,31 32 33 9,1,100,,318749,24,0,31 32 33 9,1,86,,318750,24,0,31 32 33 9,1,135,,318751,24,0,31 32 33 9,1
7100,'20261029',751,,318752,24,,,1,159,,318753,24,,,1,1507,,318758,24,0,31 32 33 9,1,100,,318760,24,0,31 32 33 9,1,86,,318761,24,0,31 32 33 9,1,135,,318762,24,0,31 32 33 9,1
7100,'20261030',751,,318763,24,,,1,159,,318764,24,,,1,1507,,318769,24,0,31 32 33 9,1,100,,318771,24,0,31 32 33 9,1,86,,318772,24,0,31 32 33 9,1,135,,318773,24,0,31 32 33 9,1
7100,'20261031',848,,318774,24,,,1,161,,318776,24,,,1,200,,318780,24,,,1,205,,318785,24,,,1,200,,318791,24,,,1,200,,318795,24,,,1,200,,318798,24,,,1,198,,318801,24,,,1,200,,318804,24,,,1,109,,318806,24,0,31 32 33 9,1,92,,318807,24,0,31 32 33 9,1,125,,318808,24,0,31 32 33 9,1
7100,'20261101',848,,318809,24,,,1,161,,318811,24,,,1,200,,318815,24,,,1,205,,318820,24,,,1,200,,318826,24,,,1,200,,318830,24,,,1,200,,318833,24,,,1,198,,318836,24,,,1,200,,318839,24,,,1,109,,318841,24,0,31 32 33 9,1,92,,318842,24,0,31 32 33 9,1,125,,318843,24,0,31 32 33 9,1
7100,'20261102',751,,318844,24,,,1,159,,318845,24,,,1,1507,,318850,24,0,31 32 33 9,1,100,,318852,24,0,31 32 33 9,1,86,,318853,24,0,31 32 33 9,1,135,,318854,24,0,31 32 33 9,1
7100,'20261103',751,,318855,24,,,1,159,,318856,24,,,1,1507,,318861,24,0,31 32 33 9,1,100,,318863,24,0,31 32 33 9,1,86,,318864,24,0,31 32 33 9,1,135,,318865,24,0,31 32 33 9,1
7100,'20261104',751,,318866,24,,,1,159,,318867,24,,,1,1507,,318872,24,0,31 32 33 9,1,100,,318874,24,0,31 32 33 9,1,86,,318875,24,0,31 32 33 9,1,135,,318876,24,0,31 32 33 9,1
7100,'20261105',751,,318877,24,,,1,159,,318878,24,,,1,1507,,318883,24,0,31 32 33 9,1,100,,318885,24,0,31 32 33 9,1,86,,318886,24,0,31 32 33 9,1,135,,318887,24,0,31 32 33 9,1
7100,'20261106',751,,318888,24,,,1,159,,318889,24,,,1,1507,,318894,24,0,31 32 33 9,1,100,,318896,24,0,31 32 33 9,1,86,,318897,24,0,31 32 33 9,1,135,,318898,24,0,31 32 33 9,1
7100,'20261107',848,,318899,24,,,1,161,,318901,24,,,1,200,,318905,24,,,1,205,,318910,24,,,1,200,,318916,24,,,1,200,,318920,24,,,1,200,,318923,24,,,1,198,,318926,24,,,1,200,,318929,24,,,1,109,,318931,24,0,31 32 33 9,1,92,,318932,24,0,31 32 33 9,1,125,,318933,24,0,31 32 33 9,1
7100,'20261108',848,,318934,24,,,1,161,,318936,24,,,1,200,,318940,24,,,1,205,,318945,24,,,1,200,,318951,24,,,1,200,,318955,24,,,1,200,,318958,24,,,1,198,,318961,24,,,1,200,,318964,24,,,1,109,,318966,24,0,31 32 33 9,1,92,,318967,24,0,31 32 33 9,1,125,,318968,24,0,31 32 33 9,1
7100,'20261109',751,,318969,24,,,1,159,,318970,24,,,1,1507,,318975,24,0,31 32 33 9,1,100,,318977,24,0,31 32 33 9,1,86,,318978,24,0,31 32 33 9,1,135,,318979,24,0,31 32 33 9,1
7100,'20261110',751,,318980,24,,,1,159,,318981,24,,,1,1507,,318986,24,0,31 32 33 9,1,100,,318988,24,0,31 32 33 9,1,86,,318989,24,0,31 32 33 9,1,135,,318990,24,0,31 32 33 9,1
7100,'20261111',751,,318991,24,,,1,159,,318992,24,,,1,1507,,318997,24,0,31 32 33 9,1,100,,318999,24,0,31 32 33 9,1,86,,319000,24,0,31 32 33 9,1,135,,319001,24,0,31 32 33 9,1
7100,'20261112',751,,319002,24,,,1,159,,319003,24,,,1,1507,,319008,24,0,31 32 33 9,1,100,,319010,24,0,31 32 33 9,1,86,,319011,24,0,31 32 33 9,1,135,,319012,24,0,31 32 33 9,1
7100,'20261113',751,,319013,24,,,1,159,,319014,24,,,1,1507,,319019,24,0,31 32 33 9,1,100,,319021,24,0,31 32 33 9,1,86,,319022,24,0,31 32 33 9,1,135,,319023,24,0,31 32 33 9,1
7100,'20261114',848,,319024,24,,,1,161,,319026,24,,,1,200,,319030,24,,,1,205,,319035,24,,,1,200,,319041,24,,,1,200,,319045,24,,,1,200,,319048,24,,,1,198,,319051,24,,,1,200,,319054,24,,,1,109,,319056,24,0,31 32 33 9,1,92,,319057,24,0,31 32 33 9,1,125,,319058,24,0,31 32 33 9,1
7100,'20261115',848,,319059,24,,,1,161,,319061,24,,,1,200,,319065,24,,,1,205,,319070,24,,,1,200,,319076,24,,,1,200,,319080,24,,,1,200,,319083,24,,,1,198,,319086,24,,,1,200,,319089,24,,,1,109,,319091,24,0,31 32 33 9,1,92,,319092,24,0,31 32 33 9,1,125,,319093,24,0,31 32 33 9,1
7100,'20261116',751,,319094,24,,,1,159,,319095,24,,,1,1507,,319100,24,0,31 32 33 9,1,100,,319102,24,0,31 32 33 9,1,86,,319103,24,0,31 32 33 9,1,135,,319104,24,0,31 32 33 9,1
7100,'20261117',751,,319105,24,,,1,159,,319106,24,,,1,1507,,319111,24,0,31 32 33 9,1,100,,319113,24,0,31 32 33 9,1,86,,319114,24,0,31 32 33 9,1,135,,319115,24,0,31 32 33 9,1
7100,'20261118',751,,319116,24,,,1,159,,319117,24,,,1,1507,,319122,24,0,31 32 33 9,1,100,,319124,24,0,31 32 33 9,1,86,,319125,24,0,31 32 33 9,1,135,,319126,24,0,31 32 33 9,1
7100,'20261119',751,,319127,24,,,1,159,,319128,24,,,1,1507,,319133,24,0,31 32 33 9,1,100,,319135,24,0,31 32 33 9,1,86,,319136,24,0,31 32 33 9,1,135,,319137,24,0,31 32 33 9,1
7100,'20261120',751,,319138,24,,,1,159,,319139,24,,,1,1507,,319144,24,0,31 32 33 9,1,100,,319146,24,0,31 32 33 9,1,86,,319147,24,0,31 32 33 9,1,135,,319148,24,0,31 32 33 9,1
7100,'20261121',848,,319149,24,,,1,161,,319151,24,,,1,200,,319155,24,,,1,205,,319160,24,,,1,200,,319166,24,,,1,200,,319170,24,,,1,200,,319173,24,,,1,198,,319176,24,,,1,200,,319179,24,,,1,109,,319181,24,0,31 32 33 9,1,92,,319182,24,0,31 32 33 9,1,125,,319183,24,0,31 32 33 9,1
7100,'20261122',848,,319184,24,,,1,161,,319186,24,,,1,200,,319190,24,,,1,205,,319195,24,,,1,200,,319201,24,,,1,200,,319205,24,,,1,200,,319208,24,,,1,198,,319211,24,,,1,200,,319214,24,,,1,109,,319216,24,0,31 32 33 9,1,92,,319217,24,0,31 32 33 9,1,125,,319218,24,0,31 32 33 9,1
7100,'20261123',751,,319219,24,,,1,159,,319220,24,,,1,1507,,319225,24,0,31 32 33 9,1,100,,319227,24,0,31 32 33 9,1,86,,319228,24,0,31 32 33 9,1,135,,319229,24,0,31 32 33 9,1
7100,'20261124',751,,319230,24,,,1,159,,319231,24,,,1,1507,,319236,24,0,31 32 33 9,1,100,,319238,24,0,31 32 33 9,1,86,,319239,24,0,31 32 33 9,1,135,,319240,24,0,31 32 33 9,1
7100,'20261125',751,,319241,24,,,1,159,,319242,24,,,1,1507,,319247,24,0,31 32 33 9,1,100,,319249,24,0,31 32 33 9,1,86,,319250,24,0,31 32 33 9,1,135,,319251,24,0,31 32 33 9,1
7100,'20261126',751,,319252,24,,,1,159,,319253,24,,,1,1507,,319258,24,0,31 32 33 9,1,100,,319260,24,0,31 32 33 9,1,86,,319261,24,0,31 32 33 9,1,135,,319262,24,0,31 32 33 9,1
7100,'20261127',751,,319263,24,,,1,159,,319264,24,,,1,1507,,319269,24,0,31 32 33 9,1,100,,319271,24,0,31 32 33 9,1,86,,319272,24,0,31 32 33 9,1,135,,319273,24,0,31 32 33 9,1
