8800,'20260917',1742,,320589,2,0,5 48 43,1,100,,320590,2,0,5 48 43,1
8800,'20260918',1742,,320604,2,0,5 48 43,1,100,,320605,2,0,5 48 43,1
8800,'20260921',1742,,320638,2,0,5 48 43,1,100,,320639,2,0,5 48 43,1
8800,'20260922',1742,,320650,2,0,5 48 43,1,100,,320651,2,0,5 48 43,1
8800,'20260923',1742,,320662,2,0,5 48 43,1,100,,320663,2,0,5 48 43,1
8800,'20260924',1742,,320674,2,0,5 48 43,1,100,,320675,2,0,5 48 43,1
8800,'20260925',1742,,320689,2,0,5 48 43,1,100,,320690,2,0,5 48 43,1
8800,'20260928',1742,,320723,2,0,5 48 43,1,100,,320724,2,0,5 48 43,1
8800,'20260929',1742,,320735,2,0,5 48 43,1,100,,320736,2,0,5 48 43,1
8800,'20260930',1742,,320747,2,0,5 48 43,1,100,,320748,2,0,5 48 43,1
8800,'20261001',1742,,320759,2,0,5 48 43,1,100,,320760,2,0,5 48 43,1
8800,'20261002',1742,,320774,2,0,5 48 43,1,100,,320775,2,0,5 48 43,1
8800,'20261005',1742,,320808,2,0,5 48 43,1,100,,320809,2,0,5 48 43,1
8800,'20261006',1742,,320820,2,0,5 48 43,1,100,,320821,2,0,5 48 43,1
8800,'20261007',1742,,320832,2,0,5 48 43,1,100,,320833,2,0,5 48 43,1
8800,'20261008',1742,,320844,2,0,5 48 43,1,100,,320845,2,0,5 48 43,1
8800,'20261009',1742,,320859,2,0,5 48 43,1,100,,320860,2,0,5 48 43,1
8800,'20261013',1742,,320904,2,0,5 48 43,1,100,,320905,2,0,5 48 43,1
8800,'20261014',1742,,320916,2,0,5 48 43,1,100,,320917,2,0,5 48 43,1
8800,'20261015',1742,,320928,2,0,5 48 43,1,100,,320929,2,0,5 48 43,1
8800,'20261016',1742,,320943,2,0,5 48 43,1,100,,320944,2,0,5 48 43,1
8800,'20261019',1742,,320977,2,0,5 48 43,1,100,,320978,2,0,5 48 43,1
8800,'20261020',1742,,320989,2,0,5 48 43,1,100,,320990,2,0,5 48 43,1
8800,'20261021',1742,,321001,2,0,5 48 43,1,100,,321002,2,0,5 48 43,1
8800,'20261022',1742,,321013,2,0,5 48 43,1,100,,321014,2,0,5 48 43,1
8800,'20261023',1742,,321028,2,0,5 48 43,1,100,,321029,2,0,5 48 43,1
8800,'20261026',1742,,321062,2,0,5 48 43,1,100,,321063,2,0,5 48 43,1
8800,'20261027',1742,,321074,2,0,5 48 43,1,100,,321075,2,0,5 48 43,1
8800,'20261028',1742,,321086,2,0,5 48 43,1,100,,321087,2,0,5 48 43,1
8800,'20261029',1742,,321098,2,0,5 48 43,1,100,,321099,2,0,5 48 43,1
8800,'20261030',1742,,321113,2,0,5 48 43,1,100,,321114,2,0,5 48 43,1
8800,'20261102',1742,,321147,2,0,5 48 43,1,100,,321148,2,0,5 48 43,1
8800,'20261103',1742,,321159,2,0,5 48 43,1,100,,321160,2,0,5 48 43,1
8800,'20261104',1742,,321171,2,0,5 48 43,1,100,,321172,2,0,5 48 43,1
8800,'20261105',1742,,321183,2,0,5 48 43,1,100,,321184,2,0,5 48 43,1
8800,'20261106',1742,,321198,2,0,5 48 43,1,100,,321199,2,0,5 48 43,1
8800,'20261109',1742,,321232,2,0,5 48 43,1,100,,321233,2,0,5 48 43,1
8800,'20261110',1742,,321244,2,0,5 48 43,1,100,,321245,2,0,5 48 43,1
8800,'20261111',1742,,321256,2,0,5 48 43,1,100,,321257,2,0,5 48 43,1
8800,'20261112',1742,,321268,2,0,5 48 43,1,100,,321269,2,0,5 48 43,1
8800,'20261113',1742,,321283,2,0,5 48 43,1,100,,321284,2,0,5 48 43,1
8800,'20261116',1742,,321317,2,0,5 48 43,1,100,,321318,2,0,5 48 43,1
8800,'20261117',1742,,321329,2,0,5 48 43,1,100,,321330,2,0,5 48 43,1
8800,'20261118',1742,,321341,2,0,5 48 43,1,100,,321342,2,0,5 48 43,1
8800,'20261119',1742,,321353,2,0,5 48 43,1,100,,321354,2,0,5 48 43,1
8800,'20261120',1742,,321368,2,0,5 48 43,1,100,,321369,2,0,5 48 43,1
8800,'20261123',1742,,321402,2,0,5 48 43,1,100,,321403,2,0,5 48 43,1
8800,'20261124',1742,,321414,2,0,5 48 43,1,100,,321415,2,0,5 48 43,1
8800,'20261125',1742,,321426,2,0,5 48 43,1,100,,321427,2,0,5 48 43,1
8800,'20261126',1742,,321438,2,0,5 48 43,1,100,,321439,2,0,5 48 43,1
8800,'20261127',1742,,321453,2,0,5 48 43,1,100,,321454,2,0,5 48 43,1
