2700,'20260910',537,,254534,30,0,7 6,1,20,,254535,30,0,7 6,1,65,,254536,30,0,57 6,1,22,,254537,30,0,57 6,1,56,,254538,30,0,57 6,1,27,,254539,30,0,57 6,1,25,,254540,30,0,57 6,1,73,,254541,30,0,57 6,1,80,,254542,30,0,7 6,1,95,,254543,30,0,7 6,1,100,,254544,30,0,7 6,1,103,,254545,8,0,5 6,1,100,,254546,8,0,5 6,1,100,,254547,8,0,5 6,1,105,,254548,8,0,34 6,1,20,,254549,30,0,57 6,1,30,,254550,30,0,57 6,1,70,,254551,30,0,57 6,1,21,,254552,8,0,34 6,1,55,,254553,30,0,57 6,1,15,,254554,8,0,34 6,1,20,,254555,30,0,57 6,1,78,,254556,30,0,57 6,1,86,,254557,30,0,7 6,1,105,,254558,8,0,5 6,1,100,,254559,8,0,5 6,1,200,,254560,8,0,5 6,1
2700,'20260911',537,,254561,30,0,7 6,1,20,,254562,30,0,7 6,1,65,,254563,30,0,57 6,1,22,,254564,30,0,57 6,1,56,,254565,30,0,57 6,1,27,,254566,30,0,57 6,1,25,,254567,30,0,57 6,1,73,,254568,30,0,57 6,1,80,,254569,30,0,7 6,1,95,,254570,30,0,7 6,1,100,,254571,30,0,7 6,1,103,,254572,8,0,5 6,1,100,,254573,8,0,5 6,1,100,,254574,8,0,5 6,1,105,,254575,8,0,34 6,1,20,,254576,30,0,57 6,1,30,,254577,30,0,57 6,1,70,,254578,30,0,57 6,1,21,,254579,8,0,34 6,1,55,,254580,30,0,57 6,1,15,,254581,8,0,34 6,1,20,,254582,30,0,57 6,1,78,,254583,30,0,57 6,1,86,,254584,30,0,7 6,1,105,,254585,8,0,5 6,1,100,,254586,8,0,5 6,1,200,,254587,8,0,5 6,1
2700,'20260912',603,,254588,30,0,7 6,1,105,,254589,8,0,5 6,1,100,,254590,8,0,5 6,1,100,,254591,8,0,5 6,1,100,,254592,8,0,5 6,1,100,,254593,8,0,5 6,1,100,,254594,8,0,5 6,1,100,,254595,8,0,5 6,1,100,,254596,8,0,5 6,1,100,,254597,8,0,5 6,1,100,,254598,8,0,5 6,1,100,,254599,8,0,5 6,1,100,,254600,8,0,5 6,1,100,,254601,8,0,5 6,1,100,,254602,8,0,5 6,1,100,,254603,8,0,5 6,1,200,,254604,8,0,5 6,1
2700,'20260913',603,,254605,30,0,7 6,1,105,,254606,8,0,5 6,1,100,,254607,8,0,5 6,1,100,,254608,8,0,5 6,1,100,,254609,8,0,5 6,1,100,,254610,8,0,5 6,1,100,,254611,8,0,5 6,1,100,,254612,8,0,5 6,1,100,,254613,8,0,5 6,1,100,,254614,8,0,5 6,1,100,,254615,8,0,5 6,1,100,,254616,8,0,5 6,1,100,,254617,8,0,5 6,1,100,,254618,8,0,5 6,1,100,,254619,8,0,5 6,1,100,,254620,8,0,5 6,1,200,,254621,8,0,5 6,1
2700,'20260914',537,,254622,30,0,7 6,1,20,,254623,30,0,7 6,1,65,,254624,30,0,57 6,1,22,,254625,30,0,57 6,1,56,,254626,30,0,57 6,1,27,,254627,30,0,57 6,1,25,,254628,30,0,57 6,1,73,,254629,30,0,57 6,1,80,,254630,30,0,7 6,1,95,,254631,30,0,7 6,1,100,,254632,30,0,7 6,1,103,,254633,8,0,5 6,1,100,,254634,8,0,5 6,1,100,,254635,8,0,5 6,1,105,,254636,8,0,34 6,1,20,,254637,30,0,57 6,1,30,,254638,30,0,57 6,1,70,,254639,30,0,57 6,1,21,,254640,8,0,34 6,1,55,,254641,30,0,57 6,1,15,,254642,8,0,34 6,1,20,,254643,30,0,57 6,1,78,,254644,30,0,57 6,1,86,,254645,30,0,7 6,1,105,,254646,8,0,5 6,1,100,,254647,8,0,5 6,1,200,,254648,8,0,5 6,1
2700,'20260915',537,,254649,30,0,7 6,1,20,,254650,30,0,7 6,1,65,,254651,30,0,57 6,1,22,,254652,30,0,57 6,1,56,,254653,30,0,57 6,1,27,,254654,30,0,57 6,1,25,,254655,30,0,57 6,1,73,,254656,30,0,57 6,1,80,,254657,30,0,7 6,1,95,,254658,30,0,7 6,1,100,,254659,30,0,7 6,1,103,,254660,8,0,5 6,1,100,,254661,8,0,5 6,1,100,,254662,8,0,5 6,1,105,,254663,8,0,34 6,1,20,,254664,30,0,57 6,1,30,,254665,30,0,57 6,1,70,,254666,30,0,57 6,1,21,,254667,8,0,34 6,1,55,,254668,30,0,57 6,1,15,,254669,8,0,34 6,1,20,,254670,30,0,57 6,1,78,,254671,30,0,57 6,1,86,,254672,30,0,7 6,1,105,,254673,8,0,5 6,1,100,,254674,8,0,5 6,1,200,,254675,8,0,5 6,1
2700,'20260916',537,,254676,30,0,7 6,1,20,,254677,30,0,7 6,1,65,,254678,30,0,57 6,1,22,,254679,30,0,57 6,1,56,,254680,30,0,57 6,1,27,,254681,30,0,57 6,1,25,,254682,30,0,57 6,1,73,,254683,30,0,57 6,1,80,,254684,30,0,7 6,1,95,,254685,30,0,7 6,1,100,,254686,30,0,7 6,1,103,,254687,8,0,5 6,1,100,,254688,8,0,5 6,1,100,,254689,8,0,5 6,1,105,,254690,8,0,34 6,1,20,,254691,30,0,57 6,1,30,,254692,30,0,57 6,1,70,,254693,30,0,57 6,1,21,,254694,8,0,34 6,1,55,,254695,30,0,57 6,1,15,,254696,8,0,34 6,1,20,,254697,30,0,57 6,1,78,,254698,30,0,57 6,1,86,,254699,30,0,7 6,1,105,,254700,8,0,5 6,1,100,,254701,8,0,5 6,1,200,,254702,8,0,5 6,1
2700,'20260917',537,,254703,30,0,7 6,1,20,,254704,30,0,7 6,1,65,,254705,30,0,57 6,1,22,,254706,30,0,57 6,1,56,,254707,30,0,57 6,1,27,,254708,30,0,57 6,1,25,,254709,30,0,57 6,1,73,,254710,30,0,57 6,1,80,,254711,30,0,7 6,1,95,,254712,30,0,7 6,1,100,,254713,30,0,7 6,1,103,,254714,8,0,5 6,1,100,,254715,8,0,5 6,1,100,,254716,8,0,5 6,1,105,,254717,8,0,34 6,1,20,,254718,30,0,57 6,1,30,,254719,30,0,57 6,1,70,,254720,30,0,57 6,1,21,,254721,8,0,34 6,1,55,,254722,30,0,57 6,1,15,,254723,8,0,34 6,1,20,,254724,30,0,57 6,1,78,,254725,30,0,57 6,1,86,,254726,30,0,7 6,1,105,,254727,8,0,5 6,1,100,,254728,8,0,5 6,1,200,,254729,8,0,5 6,1
2700,'20260918',537,,254730,30,0,7 6,1,20,,254731,30,0,7 6,1,65,,254732,30,0,57 6,1,22,,254733,30,0,57 6,1,56,,254734,30,0,57 6,1,27,,254735,30,0,57 6,1,25,,254736,30,0,57 6,1,73,,254737,30,0,57 6,1,80,,254738,30,0,7 6,1,95,,254739,30,0,7 6,1,100,,254740,30,0,7 6,1,103,,254741,8,0,5 6,1,100,,254742,8,0,5 6,1,100,,254743,8,0,5 6,1,105,,254744,8,0,34 6,1,20,,254745,30,0,57 6,1,30,,254746,30,0,57 6,1,70,,254747,30,0,57 6,1,21,,254748,8,0,34 6,1,55,,254749,30,0,57 6,1,15,,254750,8,0,34 6,1,20,,254751,30,0,57 6,1,78,,254752,30,0,57 6,1,86,,254753,30,0,7 6,1,105,,254754,8,0,5 6,1,100,,254755,8,0,5 6,1,200,,254756,8,0,5 6,1
2700,'20260919',603,,254757,30,0,7 6,1,105,,254758,8,0,5 6,1,100,,254759,8,0,5 6,1,100,,254760,8,0,5 6,1,100,,254761,8,0,5 6,1,100,,254762,8,0,5 6,1,100,,254763,8,0,5 6,1,100,,254764,8,0,5 6,1,100,,254765,8,0,5 6,1,100,,254766,8,0,5 6,1,100,,254767,8,0,5 6,1,100,,254768,8,0,5 6,1,100,,254769,8,0,5 6,1,100,,254770,8,0,5 6,1,100,,254771,8,0,5 6,1,100,,254772,8,0,5 6,1,200,,254773,8,0,5 6,1
2700,'20260920',603,,254774,30,0,7 6,1,105,,254775,8,0,5 6,1,100,,254776,8,0,5 6,1,100,,254777,8,0,5 6,1,100,,254778,8,0,5 6,1,100,,254779,8,0,5 6,1,100,,254780,8,0,5 6,1,100,,254781,8,0,5 6,1,100,,254782,8,0,5 6,1,100,,254783,8,0,5 6,1,100,,254784,8,0,5 6,1,100,,254785,8,0,5 6,1,100,,254786,8,0,5 6,1,100,,254787,8,0,5 6,1,100,,254788,8,0,5 6,1,100,,254789,8,0,5 6,1,200,,254790,8,0,5 6,1
2700,'20260921',537,,254791,30,0,7 6,1,20,,254792,30,0,7 6,1,65,,254793,30,0,57 6,1,22,,254794,30,0,57 6,1,56,,254795,30,0,57 6,1,27,,254796,30,0,57 6,1,25,,254797,30,0,57 6,1,73,,254798,30,0,57 6,1,80,,254799,30,0,7 6,1,95,,254800,30,0,7 6,1,100,,254801,30,0,7 6,1,103,,254802,8,0,5 6,1,100,,254803,8,0,5 6,1,100,,254804,8,0,5 6,1,105,,254805,8,0,34 6,1,20,,254806,30,0,57 6,1,30,,254807,30,0,57 6,1,70,,254808,30,0,57 6,1,21,,254809,8,0,34 6,1,55,,254810,30,0,57 6,1,15,,254811,8,0,34 6,1,20,,254812,30,0,57 6,1,78,,254813,30,0,57 6,1,86,,254814,30,0,7 6,1,105,,254815,8,0,5 6,1,100,,254816,8,0,5 6,1,200,,254817,8,0,5 6,1
2700,'20260922',537,,254818,30,0,7 6,1,20,,254819,30,0,7 6,1,65,,254820,30,0,57 6,1,22,,254821,30,0,57 6,1,56,,254822,30,0,57 6,1,27,,254823,30,0,57 6,1,25,,254824,30,0,57 6,1,73,,254825,30,0,57 6,1,80,,254826,30,0,7 6,1,95,,254827,30,0,7 6,1,100,,254828,30,0,7 6,1,103,,254829,8,0,5 6,1,100,,254830,8,0,5 6,1,100,,254831,8,0,5 6,1,105,,254832,8,0,34 6,1,20,,254833,30,0,57 6,1,30,,254834,30,0,57 6,1,70,,254835,30,0,57 6,1,21,,254836,8,0,34 6,1,55,,254837,30,0,57 6,1,15,,254838,8,0,34 6,1,20,,254839,30,0,57 6,1,78,,254840,30,0,57 6,1,86,,254841,30,0,7 6,1,105,,254842,8,0,5 6,1,100,,254843,8,0,5 6,1,200,,254844,8,0,5 6,1
2700,'20260923',537,,254845,30,0,7 6,1,20,,254846,30,0,7 6,1,65,,254847,30,0,57 6,1,22,,254848,30,0,57 6,1,56,,254849,30,0,57 6,1,27,,254850,30,0,57 6,1,25,,254851,30,0,57 6,1,73,,254852,30,0,57 6,1,80,,254853,30,0,7 6,1,95,,254854,30,0,7 6,1,100,,254855,30,0,7 6,1,103,,254856,8,0,5 6,1,100,,254857,8,0,5 6,1,100,,254858,8,0,5 6,1,105,,254859,8,0,34 6,1,20,,254860,30,0,57 6,1,30,,254861,30,0,57 6,1,70,,254862,30,0,57 6,1,21,,254863,8,0,34 6,1,55,,254864,30,0,57 6,1,15,,254865,8,0,34 6,1,20,,254866,30,0,57 6,1,78,,254867,30,0,57 6,1,86,,254868,30,0,7 6,1,105,,254869,8,0,5 6,1,100,,254870,8,0,5 6,1,200,,254871,8,0,5 6,1
2700,'20260924',537,,254872,30,0,7 6,1,20,,254873,30,0,7 6,1,65,,254874,30,0,57 6,1,22,,254875,30,0,57 6,1,56,,254876,30,0,57 6,1,27,,254877,30,0,57 6,1,25,,254878,30,0,57 6,1,73,,254879,30,0,57 6,1,80,,254880,30,0,7 6,1,95,,254881,30,0,7 6,1,100,,254882,30,0,7 6,1,103,,254883,8,0,5 6,1,100,,254884,8,0,5 6,1,100,,254885,8,0,5 6,1,105,,254886,8,0,34 6,1,20,,254887,30,0,57 6,1,30,,254888,30,0,57 6,1,70,,254889,30,0,57 6,1,21,,254890,8,0,34 6,1,55,,254891,30,0,57 6,1,15,,254892,8,0,34 6,1,20,,254893,30,0,57 6,1,78,,254894,30,0,57 6,1,86,,254895,30,0,7 6,1,105,,254896,8,0,5 6,1,100,,254897,8,0,5 6,1,200,,254898,8,0,5 6,1
2700,'20260925',537,,254899,30,0,7 6,1,20,,254900,30,0,7 6,1,65,,254901,30,0,57 6,1,22,,254902,30,0,57 6,1,56,,254903,30,0,57 6,1,27,,254904,30,0,57 6,1,25,,254905,30,0,57 6,1,73,,254906,30,0,57 6,1,80,,254907,30,0,7 6,1,95,,254908,30,0,7 6,1,100,,254909,30,0,7 6,1,103,,254910,8,0,5 6,1,100,,254911,8,0,5 6,1,100,,254912,8,0,5 6,1,105,,254913,8,0,34 6,1,20,,254914,30,0,57 6,1,30,,254915,30,0,57 6,1,70,,254916,30,0,57 6,1,21,,254917,8,0,34 6,1,55,,254918,30,0,57 6,1,15,,254919,8,0,34 6,1,20,,254920,30,0,57 6,1,78,,254921,30,0,57 6,1,86,,254922,30,0,7 6,1,105,,254923,8,0,5 6,1,100,,254924,8,0,5 6,1,200,,254925,8,0,5 6,1
2700,'20260926',603,,254926,30,0,7 6,1,105,,254927,8,0,5 6,1,100,,254928,8,0,5 6,1,100,,254929,8,0,5 6,1,100,,254930,8,0,5 6,1,100,,254931,8,0,5 6,1,100,,254932,8,0,5 6,1,100,,254933,8,0,5 6,1,100,,254934,8,0,5 6,1,100,,254935,8,0,5 6,1,100,,254936,8,0,5 6,1,100,,254937,8,0,5 6,1,100,,254938,8,0,5 6,1,100,,254939,8,0,5 6,1,100,,254940,8,0,5 6,1,100,,254941,8,0,5 6,1,200,,254942,8,0,5 6,1
2700,'20260927',603,,254943,30,0,7 6,1,105,,254944,8,0,5 6,1,100,,254945,8,0,5 6,1,100,,254946,8,0,5 6,1,100,,254947,8,0,5 6,1,100,,254948,8,0,5 6,1,100,,254949,8,0,5 6,1,100,,254950,8,0,5 6,1,100,,254951,8,0,5 6,1,100,,254952,8,0,5 6,1,100,,254953,8,0,5 6,1,100,,254954,8,0,5 6,1,100,,254955,8,0,5 6,1,100,,254956,8,0,5 6,1,100,,254957,8,0,5 6,1,100,,254958,8,0,5 6,1,200,,254959,8,0,5 6,1
2700,'20260928',537,,254960,30,0,7 6,1,20,,254961,30,0,7 6,1,65,,254962,30,0,57 6,1,22,,254963,30,0,57 6,1,56,,254964,30,0,57 6,1,27,,254965,30,0,57 6,1,25,,254966,30,0,57 6,1,73,,254967,30,0,57 6,1,80,,254968,30,0,7 6,1,95,,254969,30,0,7 6,1,100,,254970,30,0,7 6,1,103,,254971,8,0,5 6,1,100,,254972,8,0,5 6,1,100,,254973,8,0,5 6,1,105,,254974,8,0,34 6,1,20,,254975,30,0,57 6,1,30,,254976,30,0,57 6,1,70,,254977,30,0,57 6,1,21,,254978,8,0,34 6,1,55,,254979,30,0,57 6,1,15,,254980,8,0,34 6,1,20,,254981,30,0,57 6,1,78,,254982,30,0,57 6,1,86,,254983,30,0,7 6,1,105,,254984,8,0,5 6,1,100,,254985,8,0,5 6,1,200,,254986,8,0,5 6,1
2700,'20260929',537,,254987,30,0,7 6,1,20,,254988,30,0,7 6,1,65,,254989,30,0,57 6,1,22,,254990,30,0,57 6,1,56,,254991,30,0,57 6,1,27,,254992,30,0,57 6,1,25,,254993,30,0,57 6,1,73,,254994,30,0,57 6,1,80,,254995,30,0,7 6,1,95,,254996,30,0,7 6,1,100,,254997,30,0,7 6,1,103,,254998,8,0,5 6,1,100,,254999,8,0,5 6,1,100,,255000,8,0,5 6,1,105,,255001,8,0,34 6,1,20,,255002,30,0,57 6,1,30,,255003,30,0,57 6,1,70,,255004,30,0,57 6,1,21,,255005,8,0,34 6,1,55,,255006,30,0,57 6,1,15,,255007,8,0,34 6,1,20,,255008,30,0,57 6,1,78,,255009,30,0,57 6,1,86,,255010,30,0,7 6,1,105,,255011,8,0,5 6,1,100,,255012,8,0,5 6,1,200,,255013,8,0,5 6,1
2700,'20260930',537,,255014,30,0,7 6,1,20,,255015,30,0,7 6,1,65,,255016,30,0,57 6,1,22,,255017,30,0,57 6,1,56,,255018,30,0,57 6,1,27,,255019,30,0,57 6,1,25,,255020,30,0,57 6,1,73,,255021,30,0,57 6,1,80,,255022,30,0,7 6,1,95,,255023,30,0,7 6,1,100,,255024,30,0,7 6,1,103,,255025,8,0,5 6,1,100,,255026,8,0,5 6,1,100,,255027,8,0,5 6,1,105,,255028,8,0,34 6,1,20,,255029,30,0,57 6,1,30,,255030,30,0,57 6,1,70,,255031,30,0,57 6,1,21,,255032,8,0,34 6,1,55,,255033,30,0,57 6,1,15,,255034,8,0,34 6,1,20,,255035,30,0,57 6,1,78,,255036,30,0,57 6,1,86,,255037,30,0,7 6,1,105,,255038,8,0,5 6,1,100,,255039,8,0,5 6,1,200,,255040,8,0,5 6,1
2700,'20261001',537,,255041,30,0,7 6,1,20,,255042,30,0,7 6,1,65,,255043,30,0,57 6,1,22,,255044,30,0,57 6,1,56,,255045,30,0,57 6,1,27,,255046,30,0,57 6,1,25,,255047,30,0,57 6,1,73,,255048,30,0,57 6,1,80,,255049,30,0,7 6,1,95,,255050,30,0,7 6,1,100,,255051,30,0,7 6,1,103,,255052,8,0,5 6,1,100,,255053,8,0,5 6,1,100,,255054,8,0,5 6,1,105,,255055,8,0,34 6,1,20,,255056,30,0,57 6,1,30,,255057,30,0,57 6,1,70,,255058,30,0,57 6,1,21,,255059,8,0,34 6,1,55,,255060,30,0,57 6,1,15,,255061,8,0,34 6,1,20,,255062,30,0,57 6,1,78,,255063,30,0,57 6,1,86,,255064,30,0,7 6,1,105,,255065,8,0,5 6,1,100,,255066,8,0,5 6,1,200,,255067,8,0,5 6,1
2700,'20261002',537,,255068,30,0,7 6,1,20,,255069,30,0,7 6,1,65,,255070,30,0,57 6,1,22,,255071,30,0,57 6,1,56,,255072,30,0,57 6,1,27,,255073,30,0,57 6,1,25,,255074,30,0,57 6,1,73,,255075,30,0,57 6,1,80,,255076,30,0,7 6,1,95,,255077,30,0,7 6,1,100,,255078,30,0,7 6,1,103,,255079,8,0,5 6,1,100,,255080,8,0,5 6,1,100,,255081,8,0,5 6,1,105,,255082,8,0,34 6,1,20,,255083,30,0,57 6,1,30,,255084,30,0,57 6,1,70,,255085,30,0,57 6,1,21,,255086,8,0,34 6,1,55,,255087,30,0,57 6,1,15,,255088,8,0,34 6,1,20,,255089,30,0,57 6,1,78,,255090,30,0,57 6,1,86,,255091,30,0,7 6,1,105,,255092,8,0,5 6,1,100,,255093,8,0,5 6,1,200,,255094,8,0,5 6,1
2700,'20261003',603,,255095,30,0,7 6,1,105,,255096,8,0,5 6,1,100,,255097,8,0,5 6,1,100,,255098,8,0,5 6,1,100,,255099,8,0,5 6,1,100,,255100,8,0,5 6,1,100,,255101,8,0,5 6,1,100,,255102,8,0,5 6,1,100,,255103,8,0,5 6,1,100,,255104,8,0,5 6,1,100,,255105,8,0,5 6,1,100,,255106,8,0,5 6,1,100,,255107,8,0,5 6,1,100,,255108,8,0,5 6,1,100,,255109,8,0,5 6,1,100,,255110,8,0,5 6,1,200,,255111,8,0,5 6,1
2700,'20261004',603,,255112,30,0,7 6,1,105,,255113,8,0,5 6,1,100,,255114,8,0,5 6,1,100,,255115,8,0,5 6,1,100,,255116,8,0,5 6,1,100,,255117,8,0,5 6,1,100,,255118,8,0,5 6,1,100,,255119,8,0,5 6,1,100,,255120,8,0,5 6,1,100,,255121,8,0,5 6,1,100,,255122,8,0,5 6,1,100,,255123,8,0,5 6,1,100,,255124,8,0,5 6,1,100,,255125,8,0,5 6,1,100,,255126,8,0,5 6,1,100,,255127,8,0,5 6,1,200,,255128,8,0,5 6,1
2700,'20261005',537,,255129,30,0,7 6,1,20,,255130,30,0,7 6,1,65,,255131,30,0,57 6,1,22,,255132,30,0,57 6,1,56,,255133,30,0,57 6,1,27,,255134,30,0,57 6,1,25,,255135,30,0,57 6,1,73,,255136,30,0,57 6,1,80,,255137,30,0,7 6,1,95,,255138,30,0,7 6,1,100,,255139,30,0,7 6,1,103,,255140,8,0,5 6,1,100,,255141,8,0,5 6,1,100,,255142,8,0,5 6,1,105,,255143,8,0,34 6,1,20,,255144,30,0,57 6,1,30,,255145,30,0,57 6,1,70,,255146,30,0,57 6,1,21,,255147,8,0,34 6,1,55,,255148,30,0,57 6,1,15,,255149,8,0,34 6,1,20,,255150,30,0,57 6,1,78,,255151,30,0,57 6,1,86,,255152,30,0,7 6,1,105,,255153,8,0,5 6,1,100,,255154,8,0,5 6,1,200,,255155,8,0,5 6,1
2700,'20261006',537,,255156,30,0,7 6,1,20,,255157,30,0,7 6,1,65,,255158,30,0,57 6,1,22,,255159,30,0,57 6,1,56,,255160,30,0,57 6,1,27,,255161,30,0,57 6,1,25,,255162,30,0,57 6,1,73,,255163,30,0,57 6,1,80,,255164,30,0,7 6,1,95,,255165,30,0,7 6,1,100,,255166,30,0,7 6,1,103,,255167,8,0,5 6,1,100,,255168,8,0,5 6,1,100,,255169,8,0,5 6,1,105,,255170,8,0,34 6,1,20,,255171,30,0,57 6,1,30,,255172,30,0,57 6,1,70,,255173,30,0,57 6,1,21,,255174,8,0,34 6,1,55,,255175,30,0,57 6,1,15,,255176,8,0,34 6,1,20,,255177,30,0,57 6,1,78,,255178,30,0,57 6,1,86,,255179,30,0,7 6,1,105,,255180,8,0,5 6,1,100,,255181,8,0,5 6,1,200,,255182,8,0,5 6,1
2700,'20261007',537,,255183,30,0,7 6,1,20,,255184,30,0,7 6,1,65,,255185,30,0,57 6,1,22,,255186,30,0,57 6,1,56,,255187,30,0,57 6,1,27,,255188,30,0,57 6,1,25,,255189,30,0,57 6,1,73,,255190,30,0,57 6,1,80,,255191,30,0,7 6,1,95,,255192,30,0,7 6,1,100,,255193,30,0,7 6,1,103,,255194,8,0,5 6,1,100,,255195,8,0,5 6,1,100,,255196,8,0,5 6,1,105,,255197,8,0,34 6,1,20,,255198,30,0,57 6,1,30,,255199,30,0,57 6,1,70,,255200,30,0,57 6,1,21,,255201,8,0,34 6,1,55,,255202,30,0,57 6,1,15,,255203,8,0,34 6,1,20,,255204,30,0,57 6,1,78,,255205,30,0,57 6,1,86,,255206,30,0,7 6,1,105,,255207,8,0,5 6,1,100,,255208,8,0,5 6,1,200,,255209,8,0,5 6,1
2700,'20261008',537,,255210,30,0,7 6,1,20,,255211,30,0,7 6,1,65,,255212,30,0,57 6,1,22,,255213,30,0,57 6,1,56,,255214,30,0,57 6,1,27,,255215,30,0,57 6,1,25,,255216,30,0,57 6,1,73,,255217,30,0,57 6,1,80,,255218,30,0,7 6,1,95,,255219,30,0,7 6,1,100,,255220,30,0,7 6,1,103,,255221,8,0,5 6,1,100,,255222,8,0,5 6,1,100,,255223,8,0,5 6,1,105,,255224,8,0,34 6,1,20,,255225,30,0,57 6,1,30,,255226,30,0,57 6,1,70,,255227,30,0,57 6,1,21,,255228,8,0,34 6,1,55,,255229,30,0,57 6,1,15,,255230,8,0,34 6,1,20,,255231,30,0,57 6,1,78,,255232,30,0,57 6,1,86,,255233,30,0,7 6,1,105,,255234,8,0,5 6,1,100,,255235,8,0,5 6,1,200,,255236,8,0,5 6,1
2700,'20261009',537,,255237,30,0,7 6,1,20,,255238,30,0,7 6,1,65,,255239,30,0,57 6,1,22,,255240,30,0,57 6,1,56,,255241,30,0,57 6,1,27,,255242,30,0,57 6,1,25,,255243,30,0,57 6,1,73,,255244,30,0,57 6,1,80,,255245,30,0,7 6,1,95,,255246,30,0,7 6,1,100,,255247,30,0,7 6,1,103,,255248,8,0,5 6,1,100,,255249,8,0,5 6,1,100,,255250,8,0,5 6,1,105,,255251,8,0,34 6,1,20,,255252,30,0,57 6,1,30,,255253,30,0,57 6,1,70,,255254,30,0,57 6,1,21,,255255,8,0,34 6,1,55,,255256,30,0,57 6,1,15,,255257,8,0,34 6,1,20,,255258,30,0,57 6,1,78,,255259,30,0,57 6,1,86,,255260,30,0,7 6,1,105,,255261,8,0,5 6,1,100,,255262,8,0,5 6,1,200,,255263,8,0,5 6,1
2700,'20261010',603,,255264,30,0,7 6,1,105,,255265,8,0,5 6,1,100,,255266,8,0,5 6,1,100,,255267,8,0,5 6,1,100,,255268,8,0,5 6,1,100,,255269,8,0,5 6,1,100,,255270,8,0,5 6,1,100,,255271,8,0,5 6,1,100,,255272,8,0,5 6,1,100,,255273,8,0,5 6,1,100,,255274,8,0,5 6,1,100,,255275,8,0,5 6,1,100,,255276,8,0,5 6,1,100,,255277,8,0,5 6,1,100,,255278,8,0,5 6,1,100,,255279,8,0,5 6,1,200,,255280,8,0,5 6,1
2700,'20261011',603,,255281,30,0,7 6,1,105,,255282,8,0,5 6,1,100,,255283,8,0,5 6,1,100,,255284,8,0,5 6,1,100,,255285,8,0,5 6,1,100,,255286,8,0,5 6,1,100,,255287,8,0,5 6,1,100,,255288,8,0,5 6,1,100,,255289,8,0,5 6,1,100,,255290,8,0,5 6,1,100,,255291,8,0,5 6,1,100,,255292,8,0,5 6,1,100,,255293,8,0,5 6,1,100,,255294,8,0,5 6,1,100,,255295,8,0,5 6,1,100,,255296,8,0,5 6,1,200,,255297,8,0,5 6,1
2700,'20261012',603,,255298,30,0,7 6,1,105,,255299,8,0,5 6,1,100,,255300,8,0,5 6,1,100,,255301,8,0,5 6,1,100,,255302,8,0,5 6,1,100,,255303,8,0,5 6,1,100,,255304,8,0,5 6,1,100,,255305,8,0,5 6,1,100,,255306,8,0,5 6,1,100,,255307,8,0,5 6,1,100,,255308,8,0,5 6,1,100,,255309,8,0,5 6,1,100,,255310,8,0,5 6,1,100,,255311,8,0,5 6,1,100,,255312,8,0,5 6,1,100,,255313,8,0,5 6,1,200,,255314,8,0,5 6,1
2700,'20261013',537,,255315,30,0,7 6,1,20,,255316,30,0,7 6,1,65,,255317,30,0,57 6,1,22,,255318,30,0,57 6,1,56,,255319,30,0,57 6,1,27,,255320,30,0,57 6,1,25,,255321,30,0,57 6,1,73,,255322,30,0,57 6,1,80,,255323,30,0,7 6,1,95,,255324,30,0,7 6,1,100,,255325,30,0,7 6,1,103,,255326,8,0,5 6,1,100,,255327,8,0,5 6,1,100,,255328,8,0,5 6,1,105,,255329,8,0,34 6,1,20,,255330,30,0,57 6,1,30,,255331,30,0,57 6,1,70,,255332,30,0,57 6,1,21,,255333,8,0,34 6,1,55,,255334,30,0,57 6,1,15,,255335,8,0,34 6,1,20,,255336,30,0,57 6,1,78,,255337,30,0,57 6,1,86,,255338,30,0,7 6,1,105,,255339,8,0,5 6,1,100,,255340,8,0,5 6,1,200,,255341,8,0,5 6,1
2700,'20261014',537,,255342,30,0,7 6,1,20,,255343,30,0,7 6,1,65,,255344,30,0,57 6,1,22,,255345,30,0,57 6,1,56,,255346,30,0,57 6,1,27,,255347,30,0,57 6,1,25,,255348,30,0,57 6,1,73,,255349,30,0,57 6,1,80,,255350,30,0,7 6,1,95,,255351,30,0,7 6,1,100,,255352,30,0,7 6,1,103,,255353,8,0,5 6,1,100,,255354,8,0,5 6,1,100,,255355,8,0,5 6,1,105,,255356,8,0,34 6,1,20,,255357,30,0,57 6,1,30,,255358,30,0,57 6,1,70,,255359,30,0,57 6,1,21,,255360,8,0,34 6,1,55,,255361,30,0,57 6,1,15,,255362,8,0,34 6,1,20,,255363,30,0,57 6,1,78,,255364,30,0,57 6,1,86,,255365,30,0,7 6,1,105,,255366,8,0,5 6,1,100,,255367,8,0,5 6,1,200,,255368,8,0,5 6,1
2700,'20261015',537,,255369,30,0,7 6,1,20,,255370,30,0,7 6,1,65,,255371,30,0,57 6,1,22,,255372,30,0,57 6,1,56,,255373,30,0,57 6,1,27,,255374,30,0,57 6,1,25,,255375,30,0,57 6,1,73,,255376,30,0,57 6,1,80,,255377,30,0,7 6,1,95,,255378,30,0,7 6,1,100,,255379,30,0,7 6,1,103,,255380,8,0,5 6,1,100,,255381,8,0,5 6,1,100,,255382,8,0,5 6,1,105,,255383,8,0,34 6,1,20,,255384,30,0,57 6,1,30,,255385,30,0,57 6,1,70,,255386,30,0,57 6,1,21,,255387,8,0,34 6,1,55,,255388,30,0,57 6,1,15,,255389,8,0,34 6,1,20,,255390,30,0,57 6,1,78,,255391,30,0,57 6,1,86,,255392,30,0,7 6,1,105,,255393,8,0,5 6,1,100,,255394,8,0,5 6,1,200,,255395,8,0,5 6,1
2700,'20261016',537,,255396,30,0,7 6,1,20,,255397,30,0,7 6,1,65,,255398,30,0,57 6,1,22,,255399,30,0,57 6,1,56,,255400,30,0,57 6,1,27,,255401,30,0,57 6,1,25,,255402,30,0,57 6,1,73,,255403,30,0,57 6,1,80,,255404,30,0,7 6,1,95,,255405,30,0,7 6,1,100,,255406,30,0,7 6,1,103,,255407,8,0,5 6,1,100,,255408,8,0,5 6,1,100,,255409,8,0,5 6,1,105,,255410,8,0,34 6,1,20,,255411,30,0,57 6,1,30,,255412,30,0,57 6,1,70,,255413,30,0,57 6,1,21,,255414,8,0,34 6,1,55,,255415,30,0,57 6,1,15,,255416,8,0,34 6,1,20,,255417,30,0,57 6,1,78,,255418,30,0,57 6,1,86,,255419,30,0,7 6,1,105,,255420,8,0,5 6,1,100,,255421,8,0,5 6,1,200,,255422,8,0,5 6,1
2700,'20261017',603,,255423,30,0,7 6,1,105,,255424,8,0,5 6,1,100,,255425,8,0,5 6,1,100,,255426,8,0,5 6,1,100,,255427,8,0,5 6,1,100,,255428,8,0,5 6,1,100,,255429,8,0,5 6,1,100,,255430,8,0,5 6,1,100,,255431,8,0,5 6,1,100,,255432,8,0,5 6,1,100,,255433,8,0,5 6,1,100,,255434,8,0,5 6,1,100,,255435,8,0,5 6,1,100,,255436,8,0,5 6,1,100,,255437,8,0,5 6,1,100,,255438,8,0,5 6,1,200,,255439,8,0,5 6,1
2700,'20261018',603,,255440,30,0,7 6,1,105,,255441,8,0,5 6,1,100,,255442,8,0,5 6,1,100,,255443,8,0,5 6,1,100,,255444,8,0,5 6,1,100,,255445,8,0,5 6,1,100,,255446,8,0,5 6,1,100,,255447,8,0,5 6,1,100,,255448,8,0,5 6,1,100,,255449,8,0,5 6,1,100,,255450,8,0,5 6,1,100,,255451,8,0,5 6,1,100,,255452,8,0,5 6,1,100,,255453,8,0,5 6,1,100,,255454,8,0,5 6,1,100,,255455,8,0,5 6,1,200,,255456,8,0,5 6,1
2700,'20261019',537,,255457,30,0,7 6,1,20,,255458,30,0,7 6,1,65,,255459,30,0,57 6,1,22,,255460,30,0,57 6,1,56,,255461,30,0,57 6,1,27,,255462,30,0,57 6,1,25,,255463,30,0,57 6,1,73,,255464,30,0,57 6,1,80,,255465,30,0,7 6,1,95,,255466,30,0,7 6,1,100,,255467,30,0,7 6,1,103,,255468,8,0,5 6,1,100,,255469,8,0,5 6,1,100,,255470,8,0,5 6,1,105,,255471,8,0,34 6,1,20,,255472,30,0,57 6,1,30,,255473,30,0,57 6,1,70,,255474,30,0,57 6,1,21,,255475,8,0,34 6,1,55,,255476,30,0,57 6,1,15,,255477,8,0,34 6,1,20,,255478,30,0,57 6,1,78,,255479,30,0,57 6,1,86,,255480,30,0,7 6,1,105,,255481,8,0,5 6,1,100,,255482,8,0,5 6,1,200,,255483,8,0,5 6,1
2700,'20261020',537,,255484,30,0,7 6,1,20,,255485,30,0,7 6,1,65,,255486,30,0,57 6,1,22,,255487,30,0,57 6,1,56,,255488,30,0,57 6,1,27,,255489,30,0,57 6,1,25,,255490,30,0,57 6,1,73,,255491,30,0,57 6,1,80,,255492,30,0,7 6,1,95,,255493,30,0,7 6,1,100,,255494,30,0,7 6,1,103,,255495,8,0,5 6,1,100,,255496,8,0,5 6,1,100,,255497,8,0,5 6,1,105,,255498,8,0,34 6,1,20,,255499,30,0,57 6,1,30,,255500,30,0,57 6,1,70,,255501,30,0,57 6,1,21,,255502,8,0,34 6,1,55,,255503,30,0,57 6,1,15,,255504,8,0,34 6,1,20,,255505,30,0,57 6,1,78,,255506,30,0,57 6,1,86,,255507,30,0,7 6,1,105,,255508,8,0,5 6,1,100,,255509,8,0,5 6,1,200,,255510,8,0,5 6,1
2700,'20261021',537,,255511,30,0,7 6,1,20,,255512,30,0,7 6,1,65,,255513,30,0,57 6,1,22,,255514,30,0,57 6,1,56,,255515,30,0,57 6,1,27,,255516,30,0,57 6,1,25,,255517,30,0,57 6,1,73,,255518,30,0,57 6,1,80,,255519,30,0,7 6,1,95,,255520,30,0,7 6,1,100,,255521,30,0,7 6,1,103,,255522,8,0,5 6,1,100,,255523,8,0,5 6,1,100,,255524,8,0,5 6,1,105,,255525,8,0,34 6,1,20,,255526,30,0,57 6,1,30,,255527,30,0,57 6,1,70,,255528,30,0,57 6,1,21,,255529,8,0,34 6,1,55,,255530,30,0,57 6,1,15,,255531,8,0,34 6,1,20,,255532,30,0,57 6,1,78,,255533,30,0,57 6,1,86,,255534,30,0,7 6,1,105,,255535,8,0,5 6,1,100,,255536,8,0,5 6,1,200,,255537,8,0,5 6,1
2700,'20261022',537,,255538,30,0,7 6,1,20,,255539,30,0,7 6,1,65,,255540,30,0,57 6,1,22,,255541,30,0,57 6,1,56,,255542,30,0,57 6,1,27,,255543,30,0,57 6,1,25,,255544,30,0,57 6,1,73,,255545,30,0,57 6,1,80,,255546,30,0,7 6,1,95,,255547,30,0,7 6,1,100,,255548,30,0,7 6,1,103,,255549,8,0,5 6,1,100,,255550,8,0,5 6,1,100,,255551,8,0,5 6,1,105,,255552,8,0,34 6,1,20,,255553,30,0,57 6,1,30,,255554,30,0,57 6,1,70,,255555,30,0,57 6,1,21,,255556,8,0,34 6,1,55,,255557,30,0,57 6,1,15,,255558,8,0,34 6,1,20,,255559,30,0,57 6,1,78,,255560,30,0,57 6,1,86,,255561,30,0,7 6,1,105,,255562,8,0,5 6,1,100,,255563,8,0,5 6,1,200,,255564,8,0,5 6,1
2700,'20261023',537,,255565,30,0,7 6,1,20,,255566,30,0,7 6,1,65,,255567,30,0,57 6,1,22,,255568,30,0,57 6,1,56,,255569,30,0,57 6,1,27,,255570,30,0,57 6,1,25,,255571,30,0,57 6,1,73,,255572,30,0,57 6,1,80,,255573,30,0,7 6,1,95,,255574,30,0,7 6,1,100,,255575,30,0,7 6,1,103,,255576,8,0,5 6,1,100,,255577,8,0,5 6,1,100,,255578,8,0,5 6,1,105,,255579,8,0,34 6,1,20,,255580,30,0,57 6,1,30,,255581,30,0,57 6,1,70,,255582,30,0,57 6,1,21,,255583,8,0,34 6,1,55,,255584,30,0,57 6,1,15,,255585,8,0,34 6,1,20,,255586,30,0,57 6,1,78,,255587,30,0,57 6,1,86,,255588,30,0,7 6,1,105,,255589,8,0,5 6,1,100,,255590,8,0,5 6,1,200,,255591,8,0,5 6,1
2700,'20261024',603,,255592,30,0,7 6,1,105,,255593,8,0,5 6,1,100,,255594,8,0,5 6,1,100,,255595,8,0,5 6,1,100,,255596,8,0,5 6,1,100,,255597,8,0,5 6,1,100,,255598,8,0,5 6,1,100,,255599,8,0,5 6,1,100,,255600,8,0,5 6,1,100,,255601,8,0,5 6,1,100,,255602,8,0,5 6,1,100,,255603,8,0,5 6,1,100,,255604,8,0,5 6,1,100,,255605,8,0,5 6,1,100,,255606,8,0,5 6,1,100,,255607,8,0,5 6,1,200,,255608,8,0,5 6,1
2700,'20261025',603,,255609,30,0,7 6,1,105,,255610,8,0,5 6,1,100,,255611,8,0,5 6,1,100,,255612,8,0,5 6,1,100,,255613,8,0,5 6,1,100,,255614,8,0,5 6,1,100,,255615,8,0,5 6,1,100,,255616,8,0,5 6,1,100,,255617,8,0,5 6,1,100,,255618,8,0,5 6,1,100,,255619,8,0,5 6,1,100,,255620,8,0,5 6,1,100,,255621,8,0,5 6,1,100,,255622,8,0,5 6,1,100,,255623,8,0,5 6,1,100,,255624,8,0,5 6,1,200,,255625,8,0,5 6,1
2700,'20261026',537,,255626,30,0,7 6,1,20,,255627,30,0,7 6,1,65,,255628,30,0,57 6,1,22,,255629,30,0,57 6,1,56,,255630,30,0,57 6,1,27,,255631,30,0,57 6,1,25,,255632,30,0,57 6,1,73,,255633,30,0,57 6,1,80,,255634,30,0,7 6,1,95,,255635,30,0,7 6,1,100,,255636,30,0,7 6,1,103,,255637,8,0,5 6,1,100,,255638,8,0,5 6,1,100,,255639,8,0,5 6,1,105,,255640,8,0,34 6,1,20,,255641,30,0,57 6,1,30,,255642,30,0,57 6,1,70,,255643,30,0,57 6,1,21,,255644,8,0,34 6,1,55,,255645,30,0,57 6,1,15,,255646,8,0,34 6,1,20,,255647,30,0,57 6,1,78,,255648,30,0,57 6,1,86,,255649,30,0,7 6,1,105,,255650,8,0,5 6,1,100,,255651,8,0,5 6,1,200,,255652,8,0,5 6,1
2700,'20261027',537,,255653,30,0,7 6,1,20,,255654,30,0,7 6,1,65,,255655,30,0,57 6,1,22,,255656,30,0,57 6,1,56,,255657,30,0,57 6,1,27,,255658,30,0,57 6,1,25,,255659,30,0,57 6,1,73,,255660,30,0,57 6,1,80,,255661,30,0,7 6,1,95,,255662,30,0,7 6,1,100,,255663,30,0,7 6,1,103,,255664,8,0,5 6,1,100,,255665,8,0,5 6,1,100,,255666,8,0,5 6,1,105,,255667,8,0,34 6,1,20,,255668,30,0,57 6,1,30,,255669,30,0,57 6,1,70,,255670,30,0,57 6,1,21,,255671,8,0,34 6,1,55,,255672,30,0,57 6,1,15,,255673,8,0,34 6,1,20,,255674,30,0,57 6,1,78,,255675,30,0,57 6,1,86,,255676,30,0,7 6,1,105,,255677,8,0,5 6,1,100,,255678,8,0,5 6,1,200,,255679,8,0,5 6,1
2700,'20261028',537,,255680,30,0,7 6,1,20,,255681,30,0,7 6,1,65,,255682,30,0,57 6,1,22,,255683,30,0,57 6,1,56,,255684,30,0,57 6,1,27,,255685,30,0,57 6,1,25,,255686,30,0,57 6,1,73,,255687,30,0,57 6,1,80,,255688,30,0,7 6,1,95,,255689,30,0,7 6,1,100,,255690,30,0,7 6,1,103,,255691,8,0,5 6,1,100,,255692,8,0,5 6,1,100,,255693,8,0,5 6,1,105,,255694,8,0,34 6,1,20,,255695,30,0,57 6,1,30,,255696,30,0,57 6,1,70,,255697,30,0,57 6,1,21,,255698,8,0,34 6,1,55,,255699,30,0,57 6,1,15,,255700,8,0,34 6,1,20,,255701,30,0,57 6,1,78,,255702,30,0,57 6,1,86,,255703,30,0,7 6,1,105,,255704,8,0,5 6,1,100,,255705,8,0,5 6,1,200,,255706,8,0,5 6,1
2700,'20261029',537,,255707,30,0,7 6,1,20,,255708,30,0,7 6,1,65,,255709,30,0,57 6,1,22,,255710,30,0,57 6,1,56,,255711,30,0,57 6,1,27,,255712,30,0,57 6,1,25,,255713,30,0,57 6,1,73,,255714,30,0,57 6,1,80,,255715,30,0,7 6,1,95,,255716,30,0,7 6,1,100,,255717,30,0,7 6,1,103,,255718,8,0,5 6,1,100,,255719,8,0,5 6,1,100,,255720,8,0,5 6,1,105,,255721,8,0,34 6,1,20,,255722,30,0,57 6,1,30,,255723,30,0,57 6,1,70,,255724,30,0,57 6,1,21,,255725,8,0,34 6,1,55,,255726,30,0,57 6,1,15,,255727,8,0,34 6,1,20,,255728,30,0,57 6,1,78,,255729,30,0,57 6,1,86,,255730,30,0,7 6,1,105,,255731,8,0,5 6,1,100,,255732,8,0,5 6,1,200,,255733,8,0,5 6,1
2700,'20261030',537,,255734,30,0,7 6,1,20,,255735,30,0,7 6,1,65,,255736,30,0,57 6,1,22,,255737,30,0,57 6,1,56,,255738,30,0,57 6,1,27,,255739,30,0,57 6,1,25,,255740,30,0,57 6,1,73,,255741,30,0,57 6,1,80,,255742,30,0,7 6,1,95,,255743,30,0,7 6,1,100,,255744,30,0,7 6,1,103,,255745,8,0,5 6,1,100,,255746,8,0,5 6,1,100,,255747,8,0,5 6,1,105,,255748,8,0,34 6,1,20,,255749,30,0,57 6,1,30,,255750,30,0,57 6,1,70,,255751,30,0,57 6,1,21,,255752,8,0,34 6,1,55,,255753,30,0,57 6,1,15,,255754,8,0,34 6,1,20,,255755,30,0,57 6,1,78,,255756,30,0,57 6,1,86,,255757,30,0,7 6,1,105,,255758,8,0,5 6,1,100,,255759,8,0,5 6,1,200,,255760,8,0,5 6,1
2700,'20261031',603,,255761,30,0,7 6,1,105,,255762,8,0,5 6,1,100,,255763,8,0,5 6,1,100,,255764,8,0,5 6,1,100,,255765,8,0,5 6,1,100,,255766,8,0,5 6,1,100,,255767,8,0,5 6,1,100,,255768,8,0,5 6,1,100,,255769,8,0,5 6,1,100,,255770,8,0,5 6,1,100,,255771,8,0,5 6,1,100,,255772,8,0,5 6,1,100,,255773,8,0,5 6,1,100,,255774,8,0,5 6,1,100,,255775,8,0,5 6,1,100,,255776,8,0,5 6,1,200,,255777,8,0,5 6,1
2700,'20261101',603,,255778,30,0,7 6,1,105,,255779,8,0,5 6,1,100,,255780,8,0,5 6,1,100,,255781,8,0,5 6,1,100,,255782,8,0,5 6,1,100,,255783,8,0,5 6,1,100,,255784,8,0,5 6,1,100,,255785,8,0,5 6,1,100,,255786,8,0,5 6,1,100,,255787,8,0,5 6,1,100,,255788,8,0,5 6,1,100,,255789,8,0,5 6,1,100,,255790,8,0,5 6,1,100,,255791,8,0,5 6,1,100,,255792,8,0,5 6,1,100,,255793,8,0,5 6,1,200,,255794,8,0,5 6,1
2700,'20261102',537,,255795,30,0,7 6,1,20,,255796,30,0,7 6,1,65,,255797,30,0,57 6,1,22,,255798,30,0,57 6,1,56,,255799,30,0,57 6,1,27,,255800,30,0,57 6,1,25,,255801,30,0,57 6,1,73,,255802,30,0,57 6,1,80,,255803,30,0,7 6,1,95,,255804,30,0,7 6,1,100,,255805,30,0,7 6,1,103,,255806,8,0,5 6,1,100,,255807,8,0,5 6,1,100,,255808,8,0,5 6,1,105,,255809,8,0,34 6,1,20,,255810,30,0,57 6,1,30,,255811,30,0,57 6,1,70,,255812,30,0,57 6,1,21,,255813,8,0,34 6,1,55,,255814,30,0,57 6,1,15,,255815,8,0,34 6,1,20,,255816,30,0,57 6,1,78,,255817,30,0,57 6,1,86,,255818,30,0,7 6,1,105,,255819,8,0,5 6,1,100,,255820,8,0,5 6,1,200,,255821,8,0,5 6,1
2700,'20261103',537,,255822,30,0,7 6,1,20,,255823,30,0,7 6,1,65,,255824,30,0,57 6,1,22,,255825,30,0,57 6,1,56,,255826,30,0,57 6,1,27,,255827,30,0,57 6,1,25,,255828,30,0,57 6,1,73,,255829,30,0,57 6,1,80,,255830,30,0,7 6,1,95,,255831,30,0,7 6,1,100,,255832,30,0,7 6,1,103,,255833,8,0,5 6,1,100,,255834,8,0,5 6,1,100,,255835,8,0,5 6,1,105,,255836,8,0,34 6,1,20,,255837,30,0,57 6,1,30,,255838,30,0,57 6,1,70,,255839,30,0,57 6,1,21,,255840,8,0,34 6,1,55,,255841,30,0,57 6,1,15,,255842,8,0,34 6,1,20,,255843,30,0,57 6,1,78,,255844,30,0,57 6,1,86,,255845,30,0,7 6,1,105,,255846,8,0,5 6,1,100,,255847,8,0,5 6,1,200,,255848,8,0,5 6,1
2700,'20261104',537,,255849,30,0,7 6,1,20,,255850,30,0,7 6,1,65,,255851,30,0,57 6,1,22,,255852,30,0,57 6,1,56,,255853,30,0,57 6,1,27,,255854,30,0,57 6,1,25,,255855,30,0,57 6,1,73,,255856,30,0,57 6,1,80,,255857,30,0,7 6,1,95,,255858,30,0,7 6,1,100,,255859,30,0,7 6,1,103,,255860,8,0,5 6,1,100,,255861,8,0,5 6,1,100,,255862,8,0,5 6,1,105,,255863,8,0,34 6,1,20,,255864,30,0,57 6,1,30,,255865,30,0,57 6,1,70,,255866,30,0,57 6,1,21,,255867,8,0,34 6,1,55,,255868,30,0,57 6,1,15,,255869,8,0,34 6,1,20,,255870,30,0,57 6,1,78,,255871,30,0,57 6,1,86,,255872,30,0,7 6,1,105,,255873,8,0,5 6,1,100,,255874,8,0,5 6,1,200,,255875,8,0,5 6,1
2700,'20261105',537,,255876,30,0,7 6,1,20,,255877,30,0,7 6,1,65,,255878,30,0,57 6,1,22,,255879,30,0,57 6,1,56,,255880,30,0,57 6,1,27,,255881,30,0,57 6,1,25,,255882,30,0,57 6,1,73,,255883,30,0,57 6,1,80,,255884,30,0,7 6,1,95,,255885,30,0,7 6,1,100,,255886,30,0,7 6,1,103,,255887,8,0,5 6,1,100,,255888,8,0,5 6,1,100,,255889,8,0,5 6,1,105,,255890,8,0,34 6,1,20,,255891,30,0,57 6,1,30,,255892,30,0,57 6,1,70,,255893,30,0,57 6,1,21,,255894,8,0,34 6,1,55,,255895,30,0,57 6,1,15,,255896,8,0,34 6,1,20,,255897,30,0,57 6,1,78,,255898,30,0,57 6,1,86,,255899,30,0,7 6,1,105,,255900,8,0,5 6,1,100,,255901,8,0,5 6,1,200,,255902,8,0,5 6,1
2700,'20261106',537,,255903,30,0,7 6,1,20,,255904,30,0,7 6,1,65,,255905,30,0,57 6,1,22,,255906,30,0,57 6,1,56,,255907,30,0,57 6,1,27,,255908,30,0,57 6,1,25,,255909,30,0,57 6,1,73,,255910,30,0,57 6,1,80,,255911,30,0,7 6,1,95,,255912,30,0,7 6,1,100,,255913,30,0,7 6,1,103,,255914,8,0,5 6,1,100,,255915,8,0,5 6,1,100,,255916,8,0,5 6,1,105,,255917,8,0,34 6,1,20,,255918,30,0,57 6,1,30,,255919,30,0,57 6,1,70,,255920,30,0,57 6,1,21,,255921,8,0,34 6,1,55,,255922,30,0,57 6,1,15,,255923,8,0,34 6,1,20,,255924,30,0,57 6,1,78,,255925,30,0,57 6,1,86,,255926,30,0,7 6,1,105,,255927,8,0,5 6,1,100,,255928,8,0,5 6,1,200,,255929,8,0,5 6,1
2700,'20261107',603,,255930,30,0,7 6,1,105,,255931,8,0,5 6,1,100,,255932,8,0,5 6,1,100,,255933,8,0,5 6,1,100,,255934,8,0,5 6,1,100,,255935,8,0,5 6,1,100,,255936,8,0,5 6,1,100,,255937,8,0,5 6,1,100,,255938,8,0,5 6,1,100,,255939,8,0,5 6,1,100,,255940,8,0,5 6,1,100,,255941,8,0,5 6,1,100,,255942,8,0,5 6,1,100,,255943,8,0,5 6,1,100,,255944,8,0,5 6,1,100,,255945,8,0,5 6,1,200,,255946,8,0,5 6,1
2700,'20261108',603,,255947,30,0,7 6,1,105,,255948,8,0,5 6,1,100,,255949,8,0,5 6,1,100,,255950,8,0,5 6,1,100,,255951,8,0,5 6,1,100,,255952,8,0,5 6,1,100,,255953,8,0,5 6,1,100,,255954,8,0,5 6,1,100,,255955,8,0,5 6,1,100,,255956,8,0,5 6,1,100,,255957,8,0,5 6,1,100,,255958,8,0,5 6,1,100,,255959,8,0,5 6,1,100,,255960,8,0,5 6,1,100,,255961,8,0,5 6,1,100,,255962,8,0,5 6,1,200,,255963,8,0,5 6,1
2700,'20261109',537,,255964,30,0,7 6,1,20,,255965,30,0,7 6,1,65,,255966,30,0,57 6,1,22,,255967,30,0,57 6,1,56,,255968,30,0,57 6,1,27,,255969,30,0,57 6,1,25,,255970,30,0,57 6,1,73,,255971,30,0,57 6,1,80,,255972,30,0,7 6,1,95,,255973,30,0,7 6,1,100,,255974,30,0,7 6,1,103,,255975,8,0,5 6,1,100,,255976,8,0,5 6,1,100,,255977,8,0,5 6,1,105,,255978,8,0,34 6,1,20,,255979,30,0,57 6,1,30,,255980,30,0,57 6,1,70,,255981,30,0,57 6,1,21,,255982,8,0,34 6,1,55,,255983,30,0,57 6,1,15,,255984,8,0,34 6,1,20,,255985,30,0,57 6,1,78,,255986,30,0,57 6,1,86,,255987,30,0,7 6,1,105,,255988,8,0,5 6,1,100,,255989,8,0,5 6,1,200,,255990,8,0,5 6,1
2700,'20261110',537,,255991,30,0,7 6,1,20,,255992,30,0,7 6,1,65,,255993,30,0,57 6,1,22,,255994,30,0,57 6,1,56,,255995,30,0,57 6,1,27,,255996,30,0,57 6,1,25,,255997,30,0,57 6,1,73,,255998,30,0,57 6,1,80,,255999,30,0,7 6,1,95,,256000,30,0,7 6,1,100,,256001,30,0,7 6,1,103,,256002,8,0,5 6,1,100,,256003,8,0,5 6,1,100,,256004,8,0,5 6,1,105,,256005,8,0,34 6,1,20,,256006,30,0,57 6,1,30,,256007,30,0,57 6,1,70,,256008,30,0,57 6,1,21,,256009,8,0,34 6,1,55,,256010,30,0,57 6,1,15,,256011,8,0,34 6,1,20,,256012,30,0,57 6,1,78,,256013,30,0,57 6,1,86,,256014,30,0,7 6,1,105,,256015,8,0,5 6,1,100,,256016,8,0,5 6,1,200,,256017,8,0,5 6,1
2700,'20261111',537,,256018,30,0,7 6,1,20,,256019,30,0,7 6,1,65,,256020,30,0,57 6,1,22,,256021,30,0,57 6,1,56,,256022,30,0,57 6,1,27,,256023,30,0,57 6,1,25,,256024,30,0,57 6,1,73,,256025,30,0,57 6,1,80,,256026,30,0,7 6,1,95,,256027,30,0,7 6,1,100,,256028,30,0,7 6,1,103,,256029,8,0,5 6,1,100,,256030,8,0,5 6,1,100,,256031,8,0,5 6,1,105,,256032,8,0,34 6,1,20,,256033,30,0,57 6,1,30,,256034,30,0,57 6,1,70,,256035,30,0,57 6,1,21,,256036,8,0,34 6,1,55,,256037,30,0,57 6,1,15,,256038,8,0,34 6,1,20,,256039,30,0,57 6,1,78,,256040,30,0,57 6,1,86,,256041,30,0,7 6,1,105,,256042,8,0,5 6,1,100,,256043,8,0,5 6,1,200,,256044,8,0,5 6,1
2700,'20261112',537,,256045,30,0,7 6,1,20,,256046,30,0,7 6,1,65,,256047,30,0,57 6,1,22,,256048,30,0,57 6,1,56,,256049,30,0,57 6,1,27,,256050,30,0,57 6,1,25,,256051,30,0,57 6,1,73,,256052,30,0,57 6,1,80,,256053,30,0,7 6,1,95,,256054,30,0,7 6,1,100,,256055,30,0,7 6,1,103,,256056,8,0,5 6,1,100,,256057,8,0,5 6,1,100,,256058,8,0,5 6,1,105,,256059,8,0,34 6,1,20,,256060,30,0,57 6,1,30,,256061,30,0,57 6,1,70,,256062,30,0,57 6,1,21,,256063,8,0,34 6,1,55,,256064,30,0,57 6,1,15,,256065,8,0,34 6,1,20,,256066,30,0,57 6,1,78,,256067,30,0,57 6,1,86,,256068,30,0,7 6,1,105,,256069,8,0,5 6,1,100,,256070,8,0,5 6,1,200,,256071,8,0,5 6,1
2700,'20261113',537,,256072,30,0,7 6,1,20,,256073,30,0,7 6,1,65,,256074,30,0,57 6,1,22,,256075,30,0,57 6,1,56,,256076,30,0,57 6,1,27,,256077,30,0,57 6,1,25,,256078,30,0,57 6,1,73,,256079,30,0,57 6,1,80,,256080,30,0,7 6,1,95,,256081,30,0,7 6,1,100,,256082,30,0,7 6,1,103,,256083,8,0,5 6,1,100,,256084,8,0,5 6,1,100,,256085,8,0,5 6,1,105,,256086,8,0,34 6,1,20,,256087,30,0,57 6,1,30,,256088,30,0,57 6,1,70,,256089,30,0,57 6,1,21,,256090,8,0,34 6,1,55,,256091,30,0,57 6,1,15,,256092,8,0,34 6,1,20,,256093,30,0,57 6,1,78,,256094,30,0,57 6,1,86,,256095,30,0,7 6,1,105,,256096,8,0,5 6,1,100,,256097,8,0,5 6,1,200,,256098,8,0,5 6,1
2700,'20261114',603,,256099,30,0,7 6,1,105,,256100,8,0,5 6,1,100,,256101,8,0,5 6,1,100,,256102,8,0,5 6,1,100,,256103,8,0,5 6,1,100,,256104,8,0,5 6,1,100,,256105,8,0,5 6,1,100,,256106,8,0,5 6,1,100,,256107,8,0,5 6,1,100,,256108,8,0,5 6,1,100,,256109,8,0,5 6,1,100,,256110,8,0,5 6,1,100,,256111,8,0,5 6,1,100,,256112,8,0,5 6,1,100,,256113,8,0,5 6,1,100,,256114,8,0,5 6,1,200,,256115,8,0,5 6,1
2700,'20261115',603,,256116,30,0,7 6,1,105,,256117,8,0,5 6,1,100,,256118,8,0,5 6,1,100,,256119,8,0,5 6,1,100,,256120,8,0,5 6,1,100,,256121,8,0,5 6,1,100,,256122,8,0,5 6,1,100,,256123,8,0,5 6,1,100,,256124,8,0,5 6,1,100,,256125,8,0,5 6,1,100,,256126,8,0,5 6,1,100,,256127,8,0,5 6,1,100,,256128,8,0,5 6,1,100,,256129,8,0,5 6,1,100,,256130,8,0,5 6,1,100,,256131,8,0,5 6,1,200,,256132,8,0,5 6,1
2700,'20261116',537,,256133,30,0,7 6,1,20,,256134,30,0,7 6,1,65,,256135,30,0,57 6,1,22,,256136,30,0,57 6,1,56,,256137,30,0,57 6,1,27,,256138,30,0,57 6,1,25,,256139,30,0,57 6,1,73,,256140,30,0,57 6,1,80,,256141,30,0,7 6,1,95,,256142,30,0,7 6,1,100,,256143,30,0,7 6,1,103,,256144,8,0,5 6,1,100,,256145,8,0,5 6,1,100,,256146,8,0,5 6,1,105,,256147,8,0,34 6,1,20,,256148,30,0,57 6,1,30,,256149,30,0,57 6,1,70,,256150,30,0,57 6,1,21,,256151,8,0,34 6,1,55,,256152,30,0,57 6,1,15,,256153,8,0,34 6,1,20,,256154,30,0,57 6,1,78,,256155,30,0,57 6,1,86,,256156,30,0,7 6,1,105,,256157,8,0,5 6,1,100,,256158,8,0,5 6,1,200,,256159,8,0,5 6,1
2700,'20261117',537,,256160,30,0,7 6,1,20,,256161,30,0,7 6,1,65,,256162,30,0,57 6,1,22,,256163,30,0,57 6,1,56,,256164,30,0,57 6,1,27,,256165,30,0,57 6,1,25,,256166,30,0,57 6,1,73,,256167,30,0,57 6,1,80,,256168,30,0,7 6,1,95,,256169,30,0,7 6,1,100,,256170,30,0,7 6,1,103,,256171,8,0,5 6,1,100,,256172,8,0,5 6,1,100,,256173,8,0,5 6,1,105,,256174,8,0,34 6,1,20,,256175,30,0,57 6,1,30,,256176,30,0,57 6,1,70,,256177,30,0,57 6,1,21,,256178,8,0,34 6,1,55,,256179,30,0,57 6,1,15,,256180,8,0,34 6,1,20,,256181,30,0,57 6,1,78,,256182,30,0,57 6,1,86,,256183,30,0,7 6,1,105,,256184,8,0,5 6,1,100,,256185,8,0,5 6,1,200,,256186,8,0,5 6,1
2700,'20261118',537,,256187,30,0,7 6,1,20,,256188,30,0,7 6,1,65,,256189,30,0,57 6,1,22,,256190,30,0,57 6,1,56,,256191,30,0,57 6,1,27,,256192,30,0,57 6,1,25,,256193,30,0,57 6,1,73,,256194,30,0,57 6,1,80,,256195,30,0,7 6,1,95,,256196,30,0,7 6,1,100,,256197,30,0,7 6,1,103,,256198,8,0,5 6,1,100,,256199,8,0,5 6,1,100,,256200,8,0,5 6,1,105,,256201,8,0,34 6,1,20,,256202,30,0,57 6,1,30,,256203,30,0,57 6,1,70,,256204,30,0,57 6,1,21,,256205,8,0,34 6,1,55,,256206,30,0,57 6,1,15,,256207,8,0,34 6,1,20,,256208,30,0,57 6,1,78,,256209,30,0,57 6,1,86,,256210,30,0,7 6,1,105,,256211,8,0,5 6,1,100,,256212,8,0,5 6,1,200,,256213,8,0,5 6,1
2700,'20261119',537,,256214,30,0,7 6,1,20,,256215,30,0,7 6,1,65,,256216,30,0,57 6,1,22,,256217,30,0,57 6,1,56,,256218,30,0,57 6,1,27,,256219,30,0,57 6,1,25,,256220,30,0,57 6,1,73,,256221,30,0,57 6,1,80,,256222,30,0,7 6,1,95,,256223,30,0,7 6,1,100,,256224,30,0,7 6,1,103,,256225,8,0,5 6,1,100,,256226,8,0,5 6,1,100,,256227,8,0,5 6,1,105,,256228,8,0,34 6,1,20,,256229,30,0,57 6,1,30,,256230,30,0,57 6,1,70,,256231,30,0,57 6,1,21,,256232,8,0,34 6,1,55,,256233,30,0,57 6,1,15,,256234,8,0,34 6,1,20,,256235,30,0,57 6,1,78,,256236,30,0,57 6,1,86,,256237,30,0,7 6,1,105,,256238,8,0,5 6,1,100,,256239,8,0,5 6,1,200,,256240,8,0,5 6,1
2700,'20261120',537,,256241,30,0,7 6,1,20,,256242,30,0,7 6,1,65,,256243,30,0,57 6,1,22,,256244,30,0,57 6,1,56,,256245,30,0,57 6,1,27,,256246,30,0,57 6,1,25,,256247,30,0,57 6,1,73,,256248,30,0,57 6,1,80,,256249,30,0,7 6,1,95,,256250,30,0,7 6,1,100,,256251,30,0,7 6,1,103,,256252,8,0,5 6,1,100,,256253,8,0,5 6,1,100,,256254,8,0,5 6,1,105,,256255,8,0,34 6,1,20,,256256,30,0,57 6,1,30,,256257,30,0,57 6,1,70,,256258,30,0,57 6,1,21,,256259,8,0,34 6,1,55,,256260,30,0,57 6,1,15,,256261,8,0,34 6,1,20,,256262,30,0,57 6,1,78,,256263,30,0,57 6,1,86,,256264,30,0,7 6,1,105,,256265,8,0,5 6,1,100,,256266,8,0,5 6,1,200,,256267,8,0,5 6,1
2700,'20261121',603,,256268,30,0,7 6,1,105,,256269,8,0,5 6,1,100,,256270,8,0,5 6,1,100,,256271,8,0,5 6,1,100,,256272,8,0,5 6,1,100,,256273,8,0,5 6,1,100,,256274,8,0,5 6,1,100,,256275,8,0,5 6,1,100,,256276,8,0,5 6,1,100,,256277,8,0,5 6,1,100,,256278,8,0,5 6,1,100,,256279,8,0,5 6,1,100,,256280,8,0,5 6,1,100,,256281,8,0,5 6,1,100,,256282,8,0,5 6,1,100,,256283,8,0,5 6,1,200,,256284,8,0,5 6,1
2700,'20261122',603,,256285,30,0,7 6,1,105,,256286,8,0,5 6,1,100,,256287,8,0,5 6,1,100,,256288,8,0,5 6,1,100,,256289,8,0,5 6,1,100,,256290,8,0,5 6,1,100,,256291,8,0,5 6,1,100,,256292,8,0,5 6,1,100,,256293,8,0,5 6,1,100,,256294,8,0,5 6,1,100,,256295,8,0,5 6,1,100,,256296,8,0,5 6,1,100,,256297,8,0,5 6,1,100,,256298,8,0,5 6,1,100,,256299,8,0,5 6,1,100,,256300,8,0,5 6,1,200,,256301,8,0,5 6,1
2700,'20261123',537,,256302,30,0,7 6,1,20,,256303,30,0,7 6,1,65,,256304,30,0,57 6,1,22,,256305,30,0,57 6,1,56,,256306,30,0,57 6,1,27,,256307,30,0,57 6,1,25,,256308,30,0,57 6,1,73,,256309,30,0,57 6,1,80,,256310,30,0,7 6,1,95,,256311,30,0,7 6,1,100,,256312,30,0,7 6,1,103,,256313,8,0,5 6,1,100,,256314,8,0,5 6,1,100,,256315,8,0,5 6,1,105,,256316,8,0,34 6,1,20,,256317,30,0,57 6,1,30,,256318,30,0,57 6,1,70,,256319,30,0,57 6,1,21,,256320,8,0,34 6,1,55,,256321,30,0,57 6,1,15,,256322,8,0,34 6,1,20,,256323,30,0,57 6,1,78,,256324,30,0,57 6,1,86,,256325,30,0,7 6,1,105,,256326,8,0,5 6,1,100,,256327,8,0,5 6,1,200,,256328,8,0,5 6,1
2700,'20261124',537,,256329,30,0,7 6,1,20,,256330,30,0,7 6,1,65,,256331,30,0,57 6,1,22,,256332,30,0,57 6,1,56,,256333,30,0,57 6,1,27,,256334,30,0,57 6,1,25,,256335,30,0,57 6,1,73,,256336,30,0,57 6,1,80,,256337,30,0,7 6,1,95,,256338,30,0,7 6,1,100,,256339,30,0,7 6,1,103,,256340,8,0,5 6,1,100,,256341,8,0,5 6,1,100,,256342,8,0,5 6,1,105,,256343,8,0,34 6,1,20,,256344,30,0,57 6,1,30,,256345,30,0,57 6,1,70,,256346,30,0,57 6,1,21,,256347,8,0,34 6,1,55,,256348,30,0,57 6,1,15,,256349,8,0,34 6,1,20,,256350,30,0,57 6,1,78,,256351,30,0,57 6,1,86,,256352,30,0,7 6,1,105,,256353,8,0,5 6,1,100,,256354,8,0,5 6,1,200,,256355,8,0,5 6,1
2700,'20261125',537,,256356,30,0,7 6,1,20,,256357,30,0,7 6,1,65,,256358,30,0,57 6,1,22,,256359,30,0,57 6,1,56,,256360,30,0,57 6,1,27,,256361,30,0,57 6,1,25,,256362,30,0,57 6,1,73,,256363,30,0,57 6,1,80,,256364,30,0,7 6,1,95,,256365,30,0,7 6,1,100,,256366,30,0,7 6,1,103,,256367,8,0,5 6,1,100,,256368,8,0,5 6,1,100,,256369,8,0,5 6,1,105,,256370,8,0,34 6,1,20,,256371,30,0,57 6,1,30,,256372,30,0,57 6,1,70,,256373,30,0,57 6,1,21,,256374,8,0,34 6,1,55,,256375,30,0,57 6,1,15,,256376,8,0,34 6,1,20,,256377,30,0,57 6,1,78,,256378,30,0,57 6,1,86,,256379,30,0,7 6,1,105,,256380,8,0,5 6,1,100,,256381,8,0,5 6,1,200,,256382,8,0,5 6,1
2700,'20261126',537,,256383,30,0,7 6,1,20,,256384,30,0,7 6,1,65,,256385,30,0,57 6,1,22,,256386,30,0,57 6,1,56,,256387,30,0,57 6,1,27,,256388,30,0,57 6,1,25,,256389,30,0,57 6,1,73,,256390,30,0,57 6,1,80,,256391,30,0,7 6,1,95,,256392,30,0,7 6,1,100,,256393,30,0,7 6,1,103,,256394,8,0,5 6,1,100,,256395,8,0,5 6,1,100,,256396,8,0,5 6,1,105,,256397,8,0,34 6,1,20,,256398,30,0,57 6,1,30,,256399,30,0,57 6,1,70,,256400,30,0,57 6,1,21,,256401,8,0,34 6,1,55,,256402,30,0,57 6,1,15,,256403,8,0,34 6,1,20,,256404,30,0,57 6,1,78,,256405,30,0,57 6,1,86,,256406,30,0,7 6,1,105,,256407,8,0,5 6,1,100,,256408,8,0,5 6,1,200,,256409,8,0,5 6,1
2700,'20261127',537,,256410,30,0,7 6,1,20,,256411,30,0,7 6,1,65,,256412,30,0,57 6,1,22,,256413,30,0,57 6,1,56,,256414,30,0,57 6,1,27,,256415,30,0,57 6,1,25,,256416,30,0,57 6,1,73,,256417,30,0,57 6,1,80,,256418,30,0,7 6,1,95,,256419,30,0,7 6,1,100,,256420,30,0,7 6,1,103,,256421,8,0,5 6,1,100,,256422,8,0,5 6,1,100,,256423,8,0,5 6,1,105,,256424,8,0,34 6,1,20,,256425,30,0,57 6,1,30,,256426,30,0,57 6,1,70,,256427,30,0,57 6,1,21,,256428,8,0,34 6,1,55,,256429,30,0,57 6,1,15,,256430,8,0,34 6,1,20,,256431,30,0,57 6,1,78,,256432,30,0,57 6,1,86,,256433,30,0,7 6,1,105,,256434,8,0,5 6,1,100,,256435,8,0,5 6,1,200,,256436,8,0,5 6,1
3000,'20260910',524,,261884,8,,,1,196,,261885,8,,,1,99,,261886,8,,,1,92,,261887,8,,,1,110,,261888,8,,,1,28,,261889,8,,,1,74,,261890,8,,,1,100,,261891,8,,,1,100,,261892,8,,,1,100,,261895,8,,,1,26,,261897,8,,,1,69,,261899,8,,,1,122,,261901,5,0,53 20 39,1,5,,261902,5,0,53 20 39,1,75,,261903,5,0,53 20 39,1,20,,261904,5,0,77 18 9,1,10,,261906,8,,,1,70,,261908,8,,,1,89,,261910,5,0,53 20 39,1,10,,261911,5,0,77 18 9,1,5,,261912,8,,,1,30,,261913,8,,,1,70,,261915,8,,,1,28,,261916,5,0,53 20 39,1,72,,261917,8,,,1,26,,261918,5,0,53 20 39,1,70,,261919,5,0,53 20 39,1,30,,261920,8,,,1
3000,'20260911',524,,261921,8,,,1,196,,261922,8,,,1,99,,261923,8,,,1,92,,261924,8,,,1,110,,261925,8,,,1,28,,261926,8,,,1,74,,261927,8,,,1,100,,261929,8,,,1,100,,261931,8,,,1,100,,261935,8,,,1,26,,261937,8,,,1,69,,261939,8,,,1,122,,261941,5,0,53 20 39,1,5,,261942,5,0,53 20 39,1,75,,261944,5,0,53 20 39,1,20,,261945,5,0,77 18 9,1,10,,261947,8,,,1,60,,261948,8,,,1,10,,261950,8,,,1,89,,261952,5,0,53 20 39,1,10,,261953,5,0,77 18 9,1,5,,261954,8,,,1,30,,261955,8,,,1,70,,261957,8,,,1,28,,261958,5,0,53 20 39,1,72,,261959,8,,,1,26,,261960,5,0,53 20 39,1,70,,261961,5,0,53 20 39,1,30,,261962,8,,,1
3000,'20260912',729,,261964,8,,,1,195,,261967,8,,,1,100,,261970,8,,,1,100,,261973,8,,,1,100,,261976,8,,,1,100,,261979,8,,,1,100,,261982,8,,,1,99,,261985,8,,,1,226,,261989,8,,,1,100,,261991,8,,,1,75,,261992,8,,,1,100,,261994,8,,,1,125,,261996,8,,,1,75,,261997,8,,,1,102,,261998,8,,,1
3000,'20260913',729,,261999,8,,,1,195,,262002,8,,,1,100,,262004,8,,,1,100,,262006,8,,,1,100,,262008,8,,,1,100,,262010,8,,,1,100,,262012,8,,,1,99,,262014,8,,,1,226,,262017,8,,,1,100,,262019,8,,,1,75,,262020,8,,,1,100,,262022,8,,,1,125,,262024,8,,,1,75,,262025,8,,,1,102,,262026,8,,,1
3000,'20260914',524,,262027,8,,,1,196,,262028,8,,,1,99,,262029,8,,,1,92,,262030,8,,,1,110,,262031,8,,,1,28,,262032,8,,,1,74,,262033,8,,,1,100,,262034,8,,,1,100,,262035,8,,,1,100,,262036,8,,,1,26,,262037,8,,,1,69,,262038,8,,,1,127,,262040,5,0,53 20 39,1,105,,262042,8,,,1,70,,262044,8,,,1,89,,262045,5,0,53 20 39,1,15,,262046,8,,,1,100,,262048,8,,,1,100,,262049,8,,,1,126,,262050,8,,,1
3000,'20260915',524,,262051,8,,,1,196,,262052,8,,,1,99,,262053,8,,,1,92,,262054,8,,,1,110,,262055,8,,,1,28,,262056,8,,,1,74,,262057,8,,,1,100,,262058,8,,,1,100,,262059,8,,,1,100,,262060,8,,,1,26,,262061,8,,,1,69,,262062,8,,,1,127,,262064,5,0,53 20 39,1,105,,262066,8,,,1,70,,262068,8,,,1,89,,262069,5,0,53 20 39,1,15,,262070,8,,,1,100,,262072,8,,,1,100,,262073,8,,,1,126,,262074,8,,,1
3000,'20260916',524,,262075,8,,,1,196,,262076,8,,,1,99,,262077,8,,,1,92,,262078,8,,,1,110,,262079,8,,,1,28,,262080,8,,,1,74,,262081,8,,,1,100,,262082,8,,,1,100,,262083,8,,,1,100,,262084,8,,,1,26,,262085,8,,,1,69,,262086,8,,,1,127,,262088,5,0,53 20 39,1,105,,262090,8,,,1,70,,262092,8,,,1,89,,262093,5,0,53 20 39,1,15,,262094,8,,,1,100,,262096,8,,,1,100,,262097,8,,,1,126,,262098,8,,,1
3000,'20260917',524,,262099,8,,,1,196,,262100,8,,,1,99,,262101,8,,,1,92,,262102,8,,,1,110,,262103,8,,,1,28,,262104,8,,,1,74,,262105,8,,,1,100,,262106,8,,,1,100,,262107,8,,,1,100,,262110,8,,,1,26,,262112,8,,,1,69,,262114,8,,,1,122,,262116,5,0,53 20 39,1,5,,262117,5,0,53 20 39,1,75,,262118,5,0,53 20 39,1,20,,262119,5,0,77 18 9,1,10,,262121,8,,,1,70,,262123,8,,,1,89,,262125,5,0,53 20 39,1,10,,262126,5,0,77 18 9,1,5,,262127,8,,,1,30,,262128,8,,,1,70,,262130,8,,,1,28,,262131,5,0,53 20 39,1,72,,262132,8,,,1,26,,262133,5,0,53 20 39,1,70,,262134,5,0,53 20 39,1,30,,262135,8,,,1
3000,'20260918',524,,262136,8,,,1,196,,262137,8,,,1,99,,262138,8,,,1,92,,262139,8,,,1,110,,262140,8,,,1,28,,262141,8,,,1,74,,262142,8,,,1,100,,262144,8,,,1,100,,262146,8,,,1,100,,262150,8,,,1,26,,262152,8,,,1,69,,262154,8,,,1,122,,262156,5,0,53 20 39,1,5,,262157,5,0,53 20 39,1,75,,262159,5,0,53 20 39,1,20,,262160,5,0,77 18 9,1,10,,262162,8,,,1,60,,262163,8,,,1,10,,262165,8,,,1,89,,262167,5,0,53 20 39,1,10,,262168,5,0,77 18 9,1,5,,262169,8,,,1,30,,262170,8,,,1,70,,262172,8,,,1,28,,262173,5,0,53 20 39,1,72,,262174,8,,,1,26,,262175,5,0,53 20 39,1,70,,262176,5,0,53 20 39,1,30,,262177,8,,,1
3000,'20260919',729,,262179,8,,,1,195,,262182,8,,,1,100,,262185,8,,,1,100,,262188,8,,,1,100,,262191,8,,,1,100,,262194,8,,,1,100,,262197,8,,,1,99,,262200,8,,,1,226,,262204,8,,,1,100,,262206,8,,,1,75,,262207,8,,,1,100,,262209,8,,,1,125,,262211,8,,,1,75,,262212,8,,,1,102,,262213,8,,,1
3000,'20260920',729,,262214,8,,,1,195,,262217,8,,,1,100,,262219,8,,,1,100,,262221,8,,,1,100,,262223,8,,,1,100,,262225,8,,,1,100,,262227,8,,,1,99,,262229,8,,,1,226,,262232,8,,,1,100,,262234,8,,,1,75,,262235,8,,,1,100,,262237,8,,,1,125,,262239,8,,,1,75,,262240,8,,,1,102,,262241,8,,,1
3000,'20260921',524,,262242,8,,,1,196,,262243,8,,,1,99,,262244,8,,,1,92,,262245,8,,,1,110,,262246,8,,,1,28,,262247,8,,,1,74,,262248,8,,,1,100,,262249,8,,,1,100,,262250,8,,,1,100,,262251,8,,,1,26,,262252,8,,,1,69,,262253,8,,,1,127,,262255,5,0,53 20 39,1,105,,262257,8,,,1,70,,262259,8,,,1,89,,262260,5,0,53 20 39,1,15,,262261,8,,,1,100,,262263,8,,,1,100,,262264,8,,,1,126,,262265,8,,,1
3000,'20260922',524,,262266,8,,,1,196,,262267,8,,,1,99,,262268,8,,,1,92,,262269,8,,,1,110,,262270,8,,,1,28,,262271,8,,,1,74,,262272,8,,,1,100,,262273,8,,,1,100,,262274,8,,,1,100,,262275,8,,,1,26,,262276,8,,,1,69,,262277,8,,,1,127,,262279,5,0,53 20 39,1,105,,262281,8,,,1,70,,262283,8,,,1,89,,262284,5,0,53 20 39,1,15,,262285,8,,,1,100,,262287,8,,,1,100,,262288,8,,,1,126,,262289,8,,,1
3000,'20260923',524,,262290,8,,,1,196,,262291,8,,,1,99,,262292,8,,,1,92,,262293,8,,,1,110,,262294,8,,,1,28,,262295,8,,,1,74,,262296,8,,,1,100,,262297,8,,,1,100,,262298,8,,,1,100,,262299,8,,,1,26,,262300,8,,,1,69,,262301,8,,,1,127,,262303,5,0,53 20 39,1,105,,262305,8,,,1,70,,262307,8,,,1,89,,262308,5,0,53 20 39,1,15,,262309,8,,,1,100,,262311,8,,,1,100,,262312,8,,,1,126,,262313,8,,,1
3000,'20260924',524,,262314,8,,,1,196,,262315,8,,,1,99,,262316,8,,,1,92,,262317,8,,,1,110,,262318,8,,,1,28,,262319,8,,,1,74,,262320,8,,,1,100,,262321,8,,,1,100,,262322,8,,,1,100,,262325,8,,,1,26,,262327,8,,,1,69,,262329,8,,,1,122,,262331,5,0,53 20 39,1,5,,262332,5,0,53 20 39,1,75,,262333,5,0,53 20 39,1,20,,262334,5,0,77 18 9,1,10,,262336,8,,,1,70,,262338,8,,,1,89,,262340,5,0,53 20 39,1,10,,262341,5,0,77 18 9,1,5,,262342,8,,,1,30,,262343,8,,,1,70,,262345,8,,,1,28,,262346,5,0,53 20 39,1,72,,262347,8,,,1,26,,262348,5,0,53 20 39,1,70,,262349,5,0,53 20 39,1,30,,262350,8,,,1
3000,'20260925',524,,262351,8,,,1,196,,262352,8,,,1,99,,262353,8,,,1,92,,262354,8,,,1,110,,262355,8,,,1,28,,262356,8,,,1,74,,262357,8,,,1,100,,262359,8,,,1,100,,262361,8,,,1,100,,262365,8,,,1,26,,262367,8,,,1,69,,262369,8,,,1,122,,262371,5,0,53 20 39,1,5,,262372,5,0,53 20 39,1,75,,262374,5,0,53 20 39,1,20,,262375,5,0,77 18 9,1,10,,262377,8,,,1,60,,262378,8,,,1,10,,262380,8,,,1,89,,262382,5,0,53 20 39,1,10,,262383,5,0,77 18 9,1,5,,262384,8,,,1,30,,262385,8,,,1,70,,262387,8,,,1,28,,262388,5,0,53 20 39,1,72,,262389,8,,,1,26,,262390,5,0,53 20 39,1,70,,262391,5,0,53 20 39,1,30,,262392,8,,,1
3000,'20260926',729,,262394,8,,,1,195,,262396,8,,,1,100,,262399,8,,,1,100,,262402,8,,,1,100,,262405,8,,,1,100,,262408,8,,,1,100,,262411,8,,,1,99,,262414,8,,,1,226,,262417,8,,,1,100,,262419,8,,,1,75,,262420,8,,,1,100,,262421,8,,,1,125,,262423,8,,,1,75,,262424,8,,,1,102,,262425,8,,,1
3000,'20260927',729,,262426,8,,,1,195,,262428,8,,,1,100,,262430,8,,,1,100,,262432,8,,,1,100,,262434,8,,,1,100,,262436,8,,,1,100,,262438,8,,,1,99,,262440,8,,,1,226,,262442,8,,,1,100,,262444,8,,,1,75,,262445,8,,,1,100,,262446,8,,,1,125,,262448,8,,,1,75,,262449,8,,,1,102,,262450,8,,,1
3000,'20260928',524,,262451,8,,,1,196,,262452,8,,,1,99,,262453,8,,,1,92,,262454,8,,,1,110,,262455,8,,,1,28,,262456,8,,,1,74,,262457,8,,,1,100,,262458,8,,,1,100,,262459,8,,,1,100,,262460,8,,,1,26,,262461,8,,,1,69,,262462,8,,,1,127,,262464,5,0,53 20 39,1,105,,262466,8,,,1,70,,262468,8,,,1,89,,262469,5,0,53 20 39,1,15,,262470,8,,,1,100,,262472,8,,,1,100,,262473,8,,,1,126,,262474,8,,,1
3000,'20260929',524,,262475,8,,,1,196,,262476,8,,,1,99,,262477,8,,,1,92,,262478,8,,,1,110,,262479,8,,,1,28,,262480,8,,,1,74,,262481,8,,,1,100,,262482,8,,,1,100,,262483,8,,,1,100,,262484,8,,,1,26,,262485,8,,,1,69,,262486,8,,,1,127,,262488,5,0,53 20 39,1,105,,262490,8,,,1,70,,262492,8,,,1,89,,262493,5,0,53 20 39,1,15,,262494,8,,,1,100,,262496,8,,,1,100,,262497,8,,,1,126,,262498,8,,,1
3000,'20260930',524,,262499,8,,,1,196,,262500,8,,,1,99,,262501,8,,,1,92,,262502,8,,,1,110,,262503,8,,,1,28,,262504,8,,,1,74,,262505,8,,,1,100,,262506,8,,,1,100,,262507,8,,,1,100,,262508,8,,,1,26,,262509,8,,,1,69,,262510,8,,,1,127,,262512,5,0,53 20 39,1,105,,262514,8,,,1,70,,262516,8,,,1,89,,262517,5,0,53 20 39,1,15,,262518,8,,,1,100,,262520,8,,,1,100,,262521,8,,,1,126,,262522,8,,,1
3000,'20261001',524,,262523,8,,,1,196,,262524,8,,,1,99,,262525,8,,,1,92,,262526,8,,,1,110,,262527,8,,,1,28,,262528,8,,,1,74,,262529,8,,,1,100,,262530,8,,,1,100,,262531,8,,,1,100,,262534,8,,,1,26,,262536,8,,,1,69,,262538,8,,,1,122,,262540,5,0,53 20 39,1,5,,262541,5,0,53 20 39,1,75,,262542,5,0,53 20 39,1,20,,262543,5,0,77 18 9,1,10,,262545,8,,,1,70,,262547,8,,,1,89,,262549,5,0,53 20 39,1,10,,262550,5,0,77 18 9,1,5,,262551,8,,,1,30,,262552,8,,,1,70,,262554,8,,,1,28,,262555,5,0,53 20 39,1,72,,262556,8,,,1,26,,262557,5,0,53 20 39,1,70,,262558,5,0,53 20 39,1,30,,262559,8,,,1
3000,'20261002',524,,262560,8,,,1,196,,262561,8,,,1,99,,262562,8,,,1,92,,262563,8,,,1,110,,262564,8,,,1,28,,262565,8,,,1,74,,262566,8,,,1,100,,262568,8,,,1,100,,262570,8,,,1,100,,262574,8,,,1,26,,262576,8,,,1,69,,262578,8,,,1,122,,262580,5,0,53 20 39,1,5,,262581,5,0,53 20 39,1,75,,262583,5,0,53 20 39,1,20,,262584,5,0,77 18 9,1,10,,262586,8,,,1,60,,262587,8,,,1,10,,262589,8,,,1,89,,262591,5,0,53 20 39,1,10,,262592,5,0,77 18 9,1,5,,262593,8,,,1,30,,262594,8,,,1,70,,262596,8,,,1,28,,262597,5,0,53 20 39,1,72,,262598,8,,,1,26,,262599,5,0,53 20 39,1,70,,262600,5,0,53 20 39,1,30,,262601,8,,,1
3000,'20261003',729,,262603,8,,,1,195,,262605,8,,,1,100,,262608,8,,,1,100,,262611,8,,,1,100,,262614,8,,,1,100,,262617,8,,,1,100,,262620,8,,,1,99,,262623,8,,,1,226,,262626,8,,,1,100,,262628,8,,,1,75,,262629,8,,,1,100,,262630,8,,,1,125,,262632,8,,,1,75,,262633,8,,,1,102,,262634,8,,,1
3000,'20261004',729,,262635,8,,,1,195,,262637,8,,,1,100,,262639,8,,,1,100,,262641,8,,,1,100,,262643,8,,,1,100,,262645,8,,,1,100,,262647,8,,,1,99,,262649,8,,,1,226,,262651,8,,,1,100,,262653,8,,,1,75,,262654,8,,,1,100,,262655,8,,,1,125,,262657,8,,,1,75,,262658,8,,,1,102,,262659,8,,,1
3000,'20261005',524,,262660,8,,,1,196,,262661,8,,,1,99,,262662,8,,,1,92,,262663,8,,,1,110,,262664,8,,,1,28,,262665,8,,,1,74,,262666,8,,,1,100,,262667,8,,,1,100,,262668,8,,,1,100,,262669,8,,,1,26,,262670,8,,,1,69,,262671,8,,,1,127,,262673,5,0,53 20 39,1,105,,262675,8,,,1,70,,262677,8,,,1,89,,262678,5,0,53 20 39,1,15,,262679,8,,,1,100,,262681,8,,,1,100,,262682,8,,,1,126,,262683,8,,,1
3000,'20261006',524,,262684,8,,,1,196,,262685,8,,,1,99,,262686,8,,,1,92,,262687,8,,,1,110,,262688,8,,,1,28,,262689,8,,,1,74,,262690,8,,,1,100,,262691,8,,,1,100,,262692,8,,,1,100,,262693,8,,,1,26,,262694,8,,,1,69,,262695,8,,,1,127,,262697,5,0,53 20 39,1,105,,262699,8,,,1,70,,262701,8,,,1,89,,262702,5,0,53 20 39,1,15,,262703,8,,,1,100,,262705,8,,,1,100,,262706,8,,,1,126,,262707,8,,,1
3000,'20261007',524,,262708,8,,,1,196,,262709,8,,,1,99,,262710,8,,,1,92,,262711,8,,,1,110,,262712,8,,,1,28,,262713,8,,,1,74,,262714,8,,,1,100,,262715,8,,,1,100,,262716,8,,,1,100,,262717,8,,,1,26,,262718,8,,,1,69,,262719,8,,,1,127,,262721,5,0,53 20 39,1,105,,262723,8,,,1,70,,262725,8,,,1,89,,262726,5,0,53 20 39,1,15,,262727,8,,,1,100,,262729,8,,,1,100,,262730,8,,,1,126,,262731,8,,,1
3000,'20261008',524,,262732,8,,,1,196,,262733,8,,,1,99,,262734,8,,,1,92,,262735,8,,,1,110,,262736,8,,,1,28,,262737,8,,,1,74,,262738,8,,,1,100,,262739,8,,,1,100,,262740,8,,,1,100,,262743,8,,,1,26,,262745,8,,,1,69,,262747,8,,,1,122,,262749,5,0,53 20 39,1,5,,262750,5,0,53 20 39,1,75,,262751,5,0,53 20 39,1,20,,262752,5,0,77 18 9,1,10,,262754,8,,,1,70,,262756,8,,,1,89,,262758,5,0,53 20 39,1,10,,262759,5,0,77 18 9,1,5,,262760,8,,,1,30,,262761,8,,,1,70,,262763,8,,,1,28,,262764,5,0,53 20 39,1,72,,262765,8,,,1,26,,262766,5,0,53 20 39,1,70,,262767,5,0,53 20 39,1,30,,262768,8,,,1
3000,'20261009',524,,262769,8,,,1,196,,262770,8,,,1,99,,262771,8,,,1,92,,262772,8,,,1,110,,262773,8,,,1,28,,262774,8,,,1,74,,262775,8,,,1,100,,262777,8,,,1,100,,262779,8,,,1,100,,262783,8,,,1,26,,262785,8,,,1,69,,262787,8,,,1,122,,262789,5,0,53 20 39,1,5,,262790,5,0,53 20 39,1,75,,262792,5,0,53 20 39,1,20,,262793,5,0,77 18 9,1,10,,262795,8,,,1,60,,262796,8,,,1,10,,262798,8,,,1,89,,262800,5,0,53 20 39,1,10,,262801,5,0,77 18 9,1,5,,262802,8,,,1,30,,262803,8,,,1,70,,262805,8,,,1,28,,262806,5,0,53 20 39,1,72,,262807,8,,,1,26,,262808,5,0,53 20 39,1,70,,262809,5,0,53 20 39,1,30,,262810,8,,,1
3000,'20261010',729,,262812,8,,,1,195,,262814,8,,,1,100,,262817,8,,,1,100,,262820,8,,,1,100,,262823,8,,,1,100,,262826,8,,,1,100,,262829,8,,,1,99,,262832,8,,,1,226,,262835,8,,,1,100,,262837,8,,,1,75,,262838,8,,,1,100,,262839,8,,,1,125,,262841,8,,,1,75,,262842,8,,,1,102,,262843,8,,,1
3000,'20261011',729,,262844,8,,,1,195,,262846,8,,,1,100,,262848,8,,,1,100,,262850,8,,,1,100,,262852,8,,,1,100,,262854,8,,,1,100,,262856,8,,,1,99,,262858,8,,,1,226,,262860,8,,,1,100,,262862,8,,,1,75,,262863,8,,,1,100,,262864,8,,,1,125,,262866,8,,,1,75,,262867,8,,,1,102,,262868,8,,,1
3000,'20261012',729,,262870,8,,,1,195,,262872,8,,,1,100,,262875,8,,,1,100,,262878,8,,,1,100,,262881,8,,,1,100,,262884,8,,,1,100,,262887,8,,,1,99,,262890,8,,,1,226,,262893,8,,,1,100,,262895,8,,,1,75,,262896,8,,,1,100,,262897,8,,,1,125,,262899,8,,,1,75,,262900,8,,,1,102,,262901,8,,,1
3000,'20261013',524,,262902,8,,,1,196,,262903,8,,,1,99,,262904,8,,,1,92,,262905,8,,,1,110,,262906,8,,,1,28,,262907,8,,,1,74,,262908,8,,,1,100,,262909,8,,,1,100,,262910,8,,,1,100,,262911,8,,,1,26,,262912,8,,,1,69,,262913,8,,,1,127,,262915,5,0,53 20 39,1,105,,262917,8,,,1,70,,262919,8,,,1,89,,262920,5,0,53 20 39,1,15,,262921,8,,,1,100,,262923,8,,,1,100,,262924,8,,,1,126,,262925,8,,,1
3000,'20261014',524,,262926,8,,,1,196,,262927,8,,,1,99,,262928,8,,,1,92,,262929,8,,,1,110,,262930,8,,,1,28,,262931,8,,,1,74,,262932,8,,,1,100,,262933,8,,,1,100,,262934,8,,,1,100,,262935,8,,,1,26,,262936,8,,,1,69,,262937,8,,,1,127,,262939,5,0,53 20 39,1,105,,262941,8,,,1,70,,262943,8,,,1,89,,262944,5,0,53 20 39,1,15,,262945,8,,,1,100,,262947,8,,,1,100,,262948,8,,,1,126,,262949,8,,,1
3000,'20261015',524,,262950,8,,,1,196,,262951,8,,,1,99,,262952,8,,,1,92,,262953,8,,,1,110,,262954,8,,,1,28,,262955,8,,,1,74,,262956,8,,,1,100,,262957,8,,,1,100,,262958,8,,,1,100,,262961,8,,,1,26,,262963,8,,,1,69,,262965,8,,,1,122,,262967,5,0,53 20 39,1,5,,262968,5,0,53 20 39,1,75,,262969,5,0,53 20 39,1,20,,262970,5,0,77 18 9,1,10,,262972,8,,,1,70,,262974,8,,,1,89,,262976,5,0,53 20 39,1,10,,262977,5,0,77 18 9,1,5,,262978,8,,,1,30,,262979,8,,,1,70,,262981,8,,,1,28,,262982,5,0,53 20 39,1,72,,262983,8,,,1,26,,262984,5,0,53 20 39,1,70,,262985,5,0,53 20 39,1,30,,262986,8,,,1
3000,'20261016',524,,262987,8,,,1,196,,262988,8,,,1,99,,262989,8,,,1,92,,262990,8,,,1,110,,262991,8,,,1,28,,262992,8,,,1,74,,262993,8,,,1,100,,262995,8,,,1,100,,262997,8,,,1,100,,263001,8,,,1,26,,263003,8,,,1,69,,263005,8,,,1,122,,263007,5,0,53 20 39,1,5,,263008,5,0,53 20 39,1,75,,263010,5,0,53 20 39,1,20,,263011,5,0,77 18 9,1,10,,263013,8,,,1,60,,263014,8,,,1,10,,263016,8,,,1,89,,263018,5,0,53 20 39,1,10,,263019,5,0,77 18 9,1,5,,263020,8,,,1,30,,263021,8,,,1,70,,263023,8,,,1,28,,263024,5,0,53 20 39,1,72,,263025,8,,,1,26,,263026,5,0,53 20 39,1,70,,263027,5,0,53 20 39,1,30,,263028,8,,,1
3000,'20261017',729,,263030,8,,,1,195,,263032,8,,,1,100,,263035,8,,,1,100,,263038,8,,,1,100,,263041,8,,,1,100,,263044,8,,,1,100,,263047,8,,,1,99,,263050,8,,,1,226,,263053,8,,,1,100,,263055,8,,,1,75,,263056,8,,,1,100,,263057,8,,,1,125,,263059,8,,,1,75,,263060,8,,,1,102,,263061,8,,,1
3000,'20261018',729,,263062,8,,,1,195,,263064,8,,,1,100,,263066,8,,,1,100,,263068,8,,,1,100,,263070,8,,,1,100,,263072,8,,,1,100,,263074,8,,,1,99,,263076,8,,,1,226,,263078,8,,,1,100,,263080,8,,,1,75,,263081,8,,,1,100,,263082,8,,,1,125,,263084,8,,,1,75,,263085,8,,,1,102,,263086,8,,,1
3000,'20261019',524,,263087,8,,,1,196,,263088,8,,,1,99,,263089,8,,,1,92,,263090,8,,,1,110,,263091,8,,,1,28,,263092,8,,,1,74,,263093,8,,,1,100,,263094,8,,,1,100,,263095,8,,,1,100,,263096,8,,,1,26,,263097,8,,,1,69,,263098,8,,,1,127,,263100,5,0,53 20 39,1,105,,263102,8,,,1,70,,263104,8,,,1,89,,263105,5,0,53 20 39,1,15,,263106,8,,,1,100,,263108,8,,,1,100,,263109,8,,,1,126,,263110,8,,,1
3000,'20261020',524,,263111,8,,,1,196,,263112,8,,,1,99,,263113,8,,,1,92,,263114,8,,,1,110,,263115,8,,,1,28,,263116,8,,,1,74,,263117,8,,,1,100,,263118,8,,,1,100,,263119,8,,,1,100,,263120,8,,,1,26,,263121,8,,,1,69,,263122,8,,,1,127,,263124,5,0,53 20 39,1,105,,263126,8,,,1,70,,263128,8,,,1,89,,263129,5,0,53 20 39,1,15,,263130,8,,,1,100,,263132,8,,,1,100,,263133,8,,,1,126,,263134,8,,,1
3000,'20261021',524,,263135,8,,,1,196,,263136,8,,,1,99,,263137,8,,,1,92,,263138,8,,,1,110,,263139,8,,,1,28,,263140,8,,,1,74,,263141,8,,,1,100,,263142,8,,,1,100,,263143,8,,,1,100,,263144,8,,,1,26,,263145,8,,,1,69,,263146,8,,,1,127,,263148,5,0,53 20 39,1,105,,263150,8,,,1,70,,263152,8,,,1,89,,263153,5,0,53 20 39,1,15,,263154,8,,,1,100,,263156,8,,,1,100,,263157,8,,,1,126,,263158,8,,,1
3000,'20261022',524,,263159,8,,,1,196,,263160,8,,,1,99,,263161,8,,,1,92,,263162,8,,,1,110,,263163,8,,,1,28,,263164,8,,,1,74,,263165,8,,,1,100,,263166,8,,,1,100,,263167,8,,,1,100,,263170,8,,,1,26,,263172,8,,,1,69,,263174,8,,,1,122,,263176,5,0,53 20 39,1,5,,263177,5,0,53 20 39,1,75,,263178,5,0,53 20 39,1,20,,263179,5,0,77 18 9,1,10,,263181,8,,,1,70,,263183,8,,,1,89,,263185,5,0,53 20 39,1,10,,263186,5,0,77 18 9,1,5,,263187,8,,,1,30,,263188,8,,,1,70,,263190,8,,,1,28,,263191,5,0,53 20 39,1,72,,263192,8,,,1,26,,263193,5,0,53 20 39,1,70,,263194,5,0,53 20 39,1,30,,263195,8,,,1
3000,'20261023',524,,263196,8,,,1,196,,263197,8,,,1,99,,263198,8,,,1,92,,263199,8,,,1,110,,263200,8,,,1,28,,263201,8,,,1,74,,263202,8,,,1,100,,263204,8,,,1,100,,263206,8,,,1,100,,263210,8,,,1,26,,263212,8,,,1,69,,263214,8,,,1,122,,263216,5,0,53 20 39,1,5,,263217,5,0,53 20 39,1,75,,263219,5,0,53 20 39,1,20,,263220,5,0,77 18 9,1,10,,263222,8,,,1,60,,263223,8,,,1,10,,263225,8,,,1,89,,263227,5,0,53 20 39,1,10,,263228,5,0,77 18 9,1,5,,263229,8,,,1,30,,263230,8,,,1,70,,263232,8,,,1,28,,263233,5,0,53 20 39,1,72,,263234,8,,,1,26,,263235,5,0,53 20 39,1,70,,263236,5,0,53 20 39,1,30,,263237,8,,,1
3000,'20261024',729,,263239,8,,,1,195,,263241,8,,,1,100,,263244,8,,,1,100,,263247,8,,,1,100,,263250,8,,,1,100,,263253,8,,,1,100,,263256,8,,,1,99,,263259,8,,,1,226,,263262,8,,,1,100,,263264,8,,,1,75,,263265,8,,,1,100,,263266,8,,,1,125,,263268,8,,,1,75,,263269,8,,,1,102,,263270,8,,,1
3000,'20261025',729,,263271,8,,,1,195,,263273,8,,,1,100,,263275,8,,,1,100,,263277,8,,,1,100,,263279,8,,,1,100,,263281,8,,,1,100,,263283,8,,,1,99,,263285,8,,,1,226,,263287,8,,,1,100,,263289,8,,,1,75,,263290,8,,,1,100,,263291,8,,,1,125,,263293,8,,,1,75,,263294,8,,,1,102,,263295,8,,,1
3000,'20261026',524,,263296,8,,,1,196,,263297,8,,,1,99,,263298,8,,,1,92,,263299,8,,,1,110,,263300,8,,,1,28,,263301,8,,,1,74,,263302,8,,,1,100,,263303,8,,,1,100,,263304,8,,,1,100,,263305,8,,,1,26,,263306,8,,,1,69,,263307,8,,,1,127,,263309,5,0,53 20 39,1,105,,263311,8,,,1,70,,263313,8,,,1,89,,263314,5,0,53 20 39,1,15,,263315,8,,,1,100,,263317,8,,,1,100,,263318,8,,,1,126,,263319,8,,,1
3000,'20261027',524,,263320,8,,,1,196,,263321,8,,,1,99,,263322,8,,,1,92,,263323,8,,,1,110,,263324,8,,,1,28,,263325,8,,,1,74,,263326,8,,,1,100,,263327,8,,,1,100,,263328,8,,,1,100,,263329,8,,,1,26,,263330,8,,,1,69,,263331,8,,,1,127,,263333,5,0,53 20 39,1,105,,263335,8,,,1,70,,263337,8,,,1,89,,263338,5,0,53 20 39,1,15,,263339,8,,,1,100,,263341,8,,,1,100,,263342,8,,,1,126,,263343,8,,,1
3000,'20261028',524,,263344,8,,,1,196,,263345,8,,,1,99,,263346,8,,,1,92,,263347,8,,,1,110,,263348,8,,,1,28,,263349,8,,,1,74,,263350,8,,,1,100,,263351,8,,,1,100,,263352,8,,,1,100,,263353,8,,,1,26,,263354,8,,,1,69,,263355,8,,,1,127,,263357,5,0,53 20 39,1,105,,263359,8,,,1,70,,263361,8,,,1,89,,263362,5,0,53 20 39,1,15,,263363,8,,,1,100,,263365,8,,,1,100,,263366,8,,,1,126,,263367,8,,,1
3000,'20261029',524,,263368,8,,,1,196,,263369,8,,,1,99,,263370,8,,,1,92,,263371,8,,,1,110,,263372,8,,,1,28,,263373,8,,,1,74,,263374,8,,,1,100,,263375,8,,,1,100,,263376,8,,,1,100,,263379,8,,,1,26,,263381,8,,,1,69,,263383,8,,,1,122,,263385,5,0,53 20 39,1,5,,263386,5,0,53 20 39,1,75,,263387,5,0,53 20 39,1,20,,263388,5,0,77 18 9,1,10,,263390,8,,,1,70,,263392,8,,,1,89,,263394,5,0,53 20 39,1,10,,263395,5,0,77 18 9,1,5,,263396,8,,,1,30,,263397,8,,,1,70,,263399,8,,,1,28,,263400,5,0,53 20 39,1,72,,263401,8,,,1,26,,263402,5,0,53 20 39,1,70,,263403,5,0,53 20 39,1,30,,263404,8,,,1
3000,'20261030',524,,263405,8,,,1,196,,263406,8,,,1,99,,263407,8,,,1,92,,263408,8,,,1,110,,263409,8,,,1,28,,263410,8,,,1,74,,263411,8,,,1,100,,263413,8,,,1,100,,263415,8,,,1,100,,263419,8,,,1,26,,263421,8,,,1,69,,263423,8,,,1,122,,263425,5,0,53 20 39,1,5,,263426,5,0,53 20 39,1,75,,263428,5,0,53 20 39,1,20,,263429,5,0,77 18 9,1,10,,263431,8,,,1,60,,263432,8,,,1,10,,263434,8,,,1,89,,263436,5,0,53 20 39,1,10,,263437,5,0,77 18 9,1,5,,263438,8,,,1,30,,263439,8,,,1,70,,263441,8,,,1,28,,263442,5,0,53 20 39,1,72,,263443,8,,,1,26,,263444,5,0,53 20 39,1,70,,263445,5,0,53 20 39,1,30,,263446,8,,,1
3000,'20261031',729,,263448,8,,,1,195,,263450,8,,,1,100,,263453,8,,,1,100,,263456,8,,,1,100,,263459,8,,,1,100,,263462,8,,,1,100,,263465,8,,,1,99,,263468,8,,,1,226,,263471,8,,,1,100,,263473,8,,,1,75,,263474,8,,,1,100,,263475,8,,,1,125,,263477,8,,,1,75,,263478,8,,,1,102,,263479,8,,,1
3000,'20261101',729,,263480,8,,,1,195,,263482,8,,,1,100,,263484,8,,,1,100,,263486,8,,,1,100,,263488,8,,,1,100,,263490,8,,,1,100,,263492,8,,,1,99,,263494,8,,,1,226,,263496,8,,,1,100,,263498,8,,,1,75,,263499,8,,,1,100,,263500,8,,,1,125,,263502,8,,,1,75,,263503,8,,,1,102,,263504,8,,,1
3000,'20261102',524,,263505,8,,,1,196,,263506,8,,,1,99,,263507,8,,,1,92,,263508,8,,,1,110,,263509,8,,,1,28,,263510,8,,,1,74,,263511,8,,,1,100,,263512,8,,,1,100,,263513,8,,,1,100,,263514,8,,,1,26,,263515,8,,,1,69,,263516,8,,,1,127,,263518,5,0,53 20 39,1,105,,263520,8,,,1,70,,263522,8,,,1,89,,263523,5,0,53 20 39,1,15,,263524,8,,,1,100,,263526,8,,,1,100,,263527,8,,,1,126,,263528,8,,,1
3000,'20261103',524,,263529,8,,,1,196,,263530,8,,,1,99,,263531,8,,,1,92,,263532,8,,,1,110,,263533,8,,,1,28,,263534,8,,,1,74,,263535,8,,,1,100,,263536,8,,,1,100,,263537,8,,,1,100,,263538,8,,,1,26,,263539,8,,,1,69,,263540,8,,,1,127,,263542,5,0,53 20 39,1,105,,263544,8,,,1,70,,263546,8,,,1,89,,263547,5,0,53 20 39,1,15,,263548,8,,,1,100,,263550,8,,,1,100,,263551,8,,,1,126,,263552,8,,,1
3000,'20261104',524,,263553,8,,,1,196,,263554,8,,,1,99,,263555,8,,,1,92,,263556,8,,,1,110,,263557,8,,,1,28,,263558,8,,,1,74,,263559,8,,,1,100,,263560,8,,,1,100,,263561,8,,,1,100,,263562,8,,,1,26,,263563,8,,,1,69,,263564,8,,,1,127,,263566,5,0,53 20 39,1,105,,263568,8,,,1,70,,263570,8,,,1,89,,263571,5,0,53 20 39,1,15,,263572,8,,,1,100,,263574,8,,,1,100,,263575,8,,,1,126,,263576,8,,,1
3000,'20261105',524,,263577,8,,,1,196,,263578,8,,,1,99,,263579,8,,,1,92,,263580,8,,,1,110,,263581,8,,,1,28,,263582,8,,,1,74,,263583,8,,,1,100,,263584,8,,,1,100,,263585,8,,,1,100,,263588,8,,,1,26,,263590,8,,,1,69,,263592,8,,,1,122,,263594,5,0,53 20 39,1,5,,263595,5,0,53 20 39,1,75,,263596,5,0,53 20 39,1,20,,263597,5,0,77 18 9,1,10,,263599,8,,,1,70,,263601,8,,,1,89,,263603,5,0,53 20 39,1,10,,263604,5,0,77 18 9,1,5,,263605,8,,,1,30,,263606,8,,,1,70,,263608,8,,,1,28,,263609,5,0,53 20 39,1,72,,263610,8,,,1,26,,263611,5,0,53 20 39,1,70,,263612,5,0,53 20 39,1,30,,263613,8,,,1
3000,'20261106',524,,263614,8,,,1,196,,263615,8,,,1,99,,263616,8,,,1,92,,263617,8,,,1,110,,263618,8,,,1,28,,263619,8,,,1,74,,263620,8,,,1,100,,263622,8,,,1,100,,263624,8,,,1,100,,263628,8,,,1,26,,263630,8,,,1,69,,263632,8,,,1,122,,263634,5,0,53 20 39,1,5,,263635,5,0,53 20 39,1,75,,263637,5,0,53 20 39,1,20,,263638,5,0,77 18 9,1,10,,263640,8,,,1,60,,263641,8,,,1,10,,263643,8,,,1,89,,263645,5,0,53 20 39,1,10,,263646,5,0,77 18 9,1,5,,263647,8,,,1,30,,263648,8,,,1,70,,263650,8,,,1,28,,263651,5,0,53 20 39,1,72,,263652,8,,,1,26,,263653,5,0,53 20 39,1,70,,263654,5,0,53 20 39,1,30,,263655,8,,,1
3000,'20261107',729,,263657,8,,,1,195,,263659,8,,,1,100,,263662,8,,,1,100,,263665,8,,,1,100,,263668,8,,,1,100,,263671,8,,,1,100,,263674,8,,,1,99,,263677,8,,,1,226,,263680,8,,,1,100,,263682,8,,,1,75,,263683,8,,,1,100,,263684,8,,,1,125,,263686,8,,,1,75,,263687,8,,,1,102,,263688,8,,,1
3000,'20261108',729,,263689,8,,,1,195,,263691,8,,,1,100,,263693,8,,,1,100,,263695,8,,,1,100,,263697,8,,,1,100,,263699,8,,,1,100,,263701,8,,,1,99,,263703,8,,,1,226,,263705,8,,,1,100,,263707,8,,,1,75,,263708,8,,,1,100,,263709,8,,,1,125,,263711,8,,,1,75,,263712,8,,,1,102,,263713,8,,,1
3000,'20261109',524,,263714,8,,,1,196,,263715,8,,,1,99,,263716,8,,,1,92,,263717,8,,,1,110,,263718,8,,,1,28,,263719,8,,,1,74,,263720,8,,,1,100,,263721,8,,,1,100,,263722,8,,,1,100,,263723,8,,,1,26,,263724,8,,,1,69,,263725,8,,,1,127,,263727,5,0,53 20 39,1,105,,263729,8,,,1,70,,263731,8,,,1,89,,263732,5,0,53 20 39,1,15,,263733,8,,,1,100,,263735,8,,,1,100,,263736,8,,,1,126,,263737,8,,,1
3000,'20261110',524,,263738,8,,,1,196,,263739,8,,,1,99,,263740,8,,,1,92,,263741,8,,,1,110,,263742,8,,,1,28,,263743,8,,,1,74,,263744,8,,,1,100,,263745,8,,,1,100,,263746,8,,,1,100,,263747,8,,,1,26,,263748,8,,,1,69,,263749,8,,,1,127,,263751,5,0,53 20 39,1,105,,263753,8,,,1,70,,263755,8,,,1,89,,263756,5,0,53 20 39,1,15,,263757,8,,,1,100,,263759,8,,,1,100,,263760,8,,,1,126,,263761,8,,,1
3000,'20261111',524,,263762,8,,,1,196,,263763,8,,,1,99,,263764,8,,,1,92,,263765,8,,,1,110,,263766,8,,,1,28,,263767,8,,,1,74,,263768,8,,,1,100,,263769,8,,,1,100,,263770,8,,,1,100,,263771,8,,,1,26,,263772,8,,,1,69,,263773,8,,,1,127,,263775,5,0,53 20 39,1,105,,263777,8,,,1,70,,263779,8,,,1,89,,263780,5,0,53 20 39,1,15,,263781,8,,,1,100,,263783,8,,,1,100,,263784,8,,,1,126,,263785,8,,,1
3000,'20261112',524,,263786,8,,,1,196,,263787,8,,,1,99,,263788,8,,,1,92,,263789,8,,,1,110,,263790,8,,,1,28,,263791,8,,,1,74,,263792,8,,,1,100,,263793,8,,,1,100,,263794,8,,,1,100,,263797,8,,,1,26,,263799,8,,,1,69,,263801,8,,,1,122,,263803,5,0,53 20 39,1,5,,263804,5,0,53 20 39,1,75,,263805,5,0,53 20 39,1,20,,263806,5,0,77 18 9,1,10,,263808,8,,,1,70,,263810,8,,,1,89,,263812,5,0,53 20 39,1,10,,263813,5,0,77 18 9,1,5,,263814,8,,,1,30,,263815,8,,,1,70,,263817,8,,,1,28,,263818,5,0,53 20 39,1,72,,263819,8,,,1,26,,263820,5,0,53 20 39,1,70,,263821,5,0,53 20 39,1,30,,263822,8,,,1
3000,'20261113',524,,263823,8,,,1,196,,263824,8,,,1,99,,263825,8,,,1,92,,263826,8,,,1,110,,263827,8,,,1,28,,263828,8,,,1,74,,263829,8,,,1,100,,263831,8,,,1,100,,263833,8,,,1,100,,263837,8,,,1,26,,263839,8,,,1,69,,263841,8,,,1,122,,263843,5,0,53 20 39,1,5,,263844,5,0,53 20 39,1,75,,263846,5,0,53 20 39,1,20,,263847,5,0,77 18 9,1,10,,263849,8,,,1,60,,263850,8,,,1,10,,263852,8,,,1,89,,263854,5,0,53 20 39,1,10,,263855,5,0,77 18 9,1,5,,263856,8,,,1,30,,263857,8,,,1,70,,263859,8,,,1,28,,263860,5,0,53 20 39,1,72,,263861,8,,,1,26,,263862,5,0,53 20 39,1,70,,263863,5,0,53 20 39,1,30,,263864,8,,,1
3000,'20261114',729,,263866,8,,,1,195,,263868,8,,,1,100,,263871,8,,,1,100,,263874,8,,,1,100,,263877,8,,,1,100,,263880,8,,,1,100,,263883,8,,,1,99,,263886,8,,,1,226,,263889,8,,,1,100,,263891,8,,,1,75,,263892,8,,,1,100,,263893,8,,,1,125,,263895,8,,,1,75,,263896,8,,,1,102,,263897,8,,,1
3000,'20261115',729,,263898,8,,,1,195,,263900,8,,,1,100,,263902,8,,,1,100,,263904,8,,,1,100,,263906,8,,,1,100,,263908,8,,,1,100,,263910,8,,,1,99,,263912,8,,,1,226,,263914,8,,,1,100,,263916,8,,,1,75,,263917,8,,,1,100,,263918,8,,,1,125,,263920,8,,,1,75,,263921,8,,,1,102,,263922,8,,,1
3000,'20261116',524,,263923,8,,,1,196,,263924,8,,,1,99,,263925,8,,,1,92,,263926,8,,,1,110,,263927,8,,,1,28,,263928,8,,,1,74,,263929,8,,,1,100,,263930,8,,,1,100,,263931,8,,,1,100,,263932,8,,,1,26,,263933,8,,,1,69,,263934,8,,,1,127,,263936,5,0,53 20 39,1,105,,263938,8,,,1,70,,263940,8,,,1,89,,263941,5,0,53 20 39,1,15,,263942,8,,,1,100,,263944,8,,,1,100,,263945,8,,,1,126,,263946,8,,,1
3000,'20261117',524,,263947,8,,,1,196,,263948,8,,,1,99,,263949,8,,,1,92,,263950,8,,,1,110,,263951,8,,,1,28,,263952,8,,,1,74,,263953,8,,,1,100,,263954,8,,,1,100,,263955,8,,,1,100,,263956,8,,,1,26,,263957,8,,,1,69,,263958,8,,,1,127,,263960,5,0,53 20 39,1,105,,263962,8,,,1,70,,263964,8,,,1,89,,263965,5,0,53 20 39,1,15,,263966,8,,,1,100,,263968,8,,,1,100,,263969,8,,,1,126,,263970,8,,,1
3000,'20261118',524,,263971,8,,,1,196,,263972,8,,,1,99,,263973,8,,,1,92,,263974,8,,,1,110,,263975,8,,,1,28,,263976,8,,,1,74,,263977,8,,,1,100,,263978,8,,,1,100,,263979,8,,,1,100,,263980,8,,,1,26,,263981,8,,,1,69,,263982,8,,,1,127,,263984,5,0,53 20 39,1,105,,263986,8,,,1,70,,263988,8,,,1,89,,263989,5,0,53 20 39,1,15,,263990,8,,,1,100,,263992,8,,,1,100,,263993,8,,,1,126,,263994,8,,,1
3000,'20261119',524,,263995,8,,,1,196,,263996,8,,,1,99,,263997,8,,,1,92,,263998,8,,,1,110,,263999,8,,,1,28,,264000,8,,,1,74,,264001,8,,,1,100,,264002,8,,,1,100,,264003,8,,,1,100,,264006,8,,,1,26,,264008,8,,,1,69,,264010,8,,,1,122,,264012,5,0,53 20 39,1,5,,264013,5,0,53 20 39,1,75,,264014,5,0,53 20 39,1,20,,264015,5,0,77 18 9,1,10,,264017,8,,,1,70,,264019,8,,,1,89,,264021,5,0,53 20 39,1,10,,264022,5,0,77 18 9,1,5,,264023,8,,,1,30,,264024,8,,,1,70,,264026,8,,,1,28,,264027,5,0,53 20 39,1,72,,264028,8,,,1,26,,264029,5,0,53 20 39,1,70,,264030,5,0,53 20 39,1,30,,264031,8,,,1
3000,'20261120',524,,264032,8,,,1,196,,264033,8,,,1,99,,264034,8,,,1,92,,264035,8,,,1,110,,264036,8,,,1,28,,264037,8,,,1,74,,264038,8,,,1,100,,264040,8,,,1,100,,264042,8,,,1,100,,264046,8,,,1,26,,264048,8,,,1,69,,264050,8,,,1,122,,264052,5,0,53 20 39,1,5,,264053,5,0,53 20 39,1,75,,264055,5,0,53 20 39,1,20,,264056,5,0,77 18 9,1,10,,264058,8,,,1,60,,264059,8,,,1,10,,264061,8,,,1,89,,264063,5,0,53 20 39,1,10,,264064,5,0,77 18 9,1,5,,264065,8,,,1,30,,264066,8,,,1,70,,264068,8,,,1,28,,264069,5,0,53 20 39,1,72,,264070,8,,,1,26,,264071,5,0,53 20 39,1,70,,264072,5,0,53 20 39,1,30,,264073,8,,,1
3000,'20261121',729,,264075,8,,,1,195,,264077,8,,,1,100,,264080,8,,,1,100,,264083,8,,,1,100,,264086,8,,,1,100,,264089,8,,,1,100,,264092,8,,,1,99,,264095,8,,,1,226,,264098,8,,,1,100,,264100,8,,,1,75,,264101,8,,,1,100,,264102,8,,,1,125,,264104,8,,,1,75,,264105,8,,,1,102,,264106,8,,,1
3000,'20261122',729,,264107,8,,,1,195,,264109,8,,,1,100,,264111,8,,,1,100,,264113,8,,,1,100,,264115,8,,,1,100,,264117,8,,,1,100,,264119,8,,,1,99,,264121,8,,,1,226,,264123,8,,,1,100,,264125,8,,,1,75,,264126,8,,,1,100,,264127,8,,,1,125,,264129,8,,,1,75,,264130,8,,,1,102,,264131,8,,,1
3000,'20261123',524,,264132,8,,,1,196,,264133,8,,,1,99,,264134,8,,,1,92,,264135,8,,,1,110,,264136,8,,,1,28,,264137,8,,,1,74,,264138,8,,,1,100,,264139,8,,,1,100,,264140,8,,,1,100,,264141,8,,,1,26,,264142,8,,,1,69,,264143,8,,,1,127,,264145,5,0,53 20 39,1,105,,264147,8,,,1,70,,264149,8,,,1,89,,264150,5,0,53 20 39,1,15,,264151,8,,,1,100,,264153,8,,,1,100,,264154,8,,,1,126,,264155,8,,,1
3000,'20261124',524,,264156,8,,,1,196,,264157,8,,,1,99,,264158,8,,,1,92,,264159,8,,,1,110,,264160,8,,,1,28,,264161,8,,,1,74,,264162,8,,,1,100,,264163,8,,,1,100,,264164,8,,,1,100,,264165,8,,,1,26,,264166,8,,,1,69,,264167,8,,,1,127,,264169,5,0,53 20 39,1,105,,264171,8,,,1,70,,264173,8,,,1,89,,264174,5,0,53 20 39,1,15,,264175,8,,,1,100,,264177,8,,,1,100,,264178,8,,,1,126,,264179,8,,,1
3000,'20261125',524,,264180,8,,,1,196,,264181,8,,,1,99,,264182,8,,,1,92,,264183,8,,,1,110,,264184,8,,,1,28,,264185,8,,,1,74,,264186,8,,,1,100,,264187,8,,,1,100,,264188,8,,,1,100,,264189,8,,,1,26,,264190,8,,,1,69,,264191,8,,,1,127,,264193,5,0,53 20 39,1,105,,264195,8,,,1,70,,264197,8,,,1,89,,264198,5,0,53 20 39,1,15,,264199,8,,,1,100,,264201,8,,,1,100,,264202,8,,,1,126,,264203,8,,,1
3000,'20261126',524,,264204,8,,,1,196,,264205,8,,,1,99,,264206,8,,,1,92,,264207,8,,,1,110,,264208,8,,,1,28,,264209,8,,,1,74,,264210,8,,,1,100,,264211,8,,,1,100,,264212,8,,,1,100,,264215,8,,,1,26,,264217,8,,,1,69,,264219,8,,,1,122,,264221,5,0,53 20 39,1,5,,264222,5,0,53 20 39,1,75,,264223,5,0,53 20 39,1,20,,264224,5,0,77 18 9,1,10,,264226,8,,,1,70,,264228,8,,,1,89,,264230,5,0,53 20 39,1,10,,264231,5,0,77 18 9,1,5,,264232,8,,,1,30,,264233,8,,,1,70,,264235,8,,,1,28,,264236,5,0,53 20 39,1,72,,264237,8,,,1,26,,264238,5,0,53 20 39,1,70,,264239,5,0,53 20 39,1,30,,264240,8,,,1
3000,'20261127',524,,264241,8,,,1,196,,264242,8,,,1,99,,264243,8,,,1,92,,264244,8,,,1,110,,264245,8,,,1,28,,264246,8,,,1,74,,264247,8,,,1,100,,264249,8,,,1,100,,264251,8,,,1,100,,264255,8,,,1,26,,264257,8,,,1,69,,264259,8,,,1,122,,264261,5,0,53 20 39,1,5,,264262,5,0,53 20 39,1,75,,264264,5,0,53 20 39,1,20,,264265,5,0,77 18 9,1,10,,264267,8,,,1,60,,264268,8,,,1,10,,264270,8,,,1,89,,264272,5,0,53 20 39,1,10,,264273,5,0,77 18 9,1,5,,264274,8,,,1,30,,264275,8,,,1,70,,264277,8,,,1,28,,264278,5,0,53 20 39,1,72,,264279,8,,,1,26,,264280,5,0,53 20 39,1,70,,264281,5,0,53 20 39,1,30,,264282,8,,,1
