7001,'20260910',1057,,317406,22,0,34 14 36 9,1,200,,317407,22,0,34 14 36 9,1,200,,317408,22,0,34 14 36 9,1,180,,317409,22,,,1,220,,317410,22,0,34 14 36 9,1
7001,'20260911',1057,,317413,22,0,34 14 36 9,1,200,,317414,22,0,34 14 36 9,1,200,,317415,22,0,34 14 36 9,1,180,,317416,22,,,1,220,,317417,22,0,34 14 36 9,1
7001,'20260912',956,,317418,22,0,34 14 36 9,1
7001,'20260913',956,,317419,22,0,34 14 36 9,1
7001,'20260914',1057,,317422,22,0,34 14 36 9,1,200,,317423,22,0,34 14 36 9,1,200,,317424,22,0,34 14 36 9,1,180,,317425,22,,,1,220,,317426,22,0,34 14 36 9,1
7001,'20260915',1057,,317429,22,0,34 14 36 9,1,200,,317430,22,0,34 14 36 9,1,200,,317431,22,0,34 14 36 9,1,180,,317432,22,,,1,220,,317433,22,0,34 14 36 9,1
7001,'20260916',1057,,317436,22,0,34 14 36 9,1,200,,317437,22,0,34 14 36 9,1,200,,317438,22,0,34 14 36 9,1,180,,317439,22,,,1,220,,317440,22,0,34 14 36 9,1
7001,'20260917',1057,,317443,22,0,34 14 36 9,1,200,,317444,22,0,34 14 36 9,1,200,,317445,22,0,34 14 36 9,1,180,,317446,22,,,1,220,,317447,22,0,34 14 36 9,1
7001,'20260918',1057,,317450,22,0,34 14 36 9,1,200,,317451,22,0,34 14 36 9,1,200,,317452,22,0,34 14 36 9,1,180,,317453,22,,,1,220,,317454,22,0,34 14 36 9,1
7001,'20260919',956,,317455,22,0,34 14 36 9,1
7001,'20260920',956,,317456,22,0,34 14 36 9,1
7001,'20260921',1057,,317459,22,0,34 14 36 9,1,200,,317460,22,0,34 14 36 9,1,200,,317461,22,0,34 14 36 9,1,180,,317462,22,,,1,220,,317463,22,0,34 14 36 9,1
7001,'20260922',1057,,317466,22,0,34 14 36 9,1,200,,317467,22,0,34 14 36 9,1,200,,317468,22,0,34 14 36 9,1,180,,317469,22,,,1,220,,317470,22,0,34 14 36 9,1
7001,'20260923',1057,,317473,22,0,34 14 36 9,1,200,,317474,22,0,34 14 36 9,1,200,,317475,22,0,34 14 36 9,1,180,,317476,22,,,1,220,,317477,22,0,34 14 36 9,1
7001,'20260924',1057,,317480,22,0,34 14 36 9,1,200,,317481,22,0,34 14 36 9,1,200,,317482,22,0,34 14 36 9,1,180,,317483,22,,,1,220,,317484,22,0,34 14 36 9,1
7001,'20260925',1057,,317487,22,0,34 14 36 9,1,200,,317488,22,0,34 14 36 9,1,200,,317489,22,0,34 14 36 9,1,180,,317490,22,,,1,220,,317491,22,0,34 14 36 9,1
7001,'20260926',956,,317492,22,0,34 14 36 9,1
7001,'20260927',956,,317493,22,0,34 14 36 9,1
7001,'20260928',1057,,317496,22,0,34 14 36 9,1,200,,317497,22,0,34 14 36 9,1,200,,317498,22,0,34 14 36 9,1,180,,317499,22,,,1,220,,317500,22,0,34 14 36 9,1
7001,'20260929',1057,,317503,22,0,34 14 36 9,1,200,,317504,22,0,34 14 36 9,1,200,,317505,22,0,34 14 36 9,1,180,,317506,22,,,1,220,,317507,22,0,34 14 36 9,1
7001,'20260930',1057,,317510,22,0,34 14 36 9,1,200,,317511,22,0,34 14 36 9,1,200,,317512,22,0,34 14 36 9,1,180,,317513,22,,,1,220,,317514,22,0,34 14 36 9,1
7001,'20261001',1057,,317517,22,0,34 14 36 9,1,200,,317518,22,0,34 14 36 9,1,200,,317519,22,0,34 14 36 9,1,180,,317520,22,,,1,220,,317521,22,0,34 14 36 9,1
7001,'20261002',1057,,317524,22,0,34 14 36 9,1,200,,317525,22,0,34 14 36 9,1,200,,317526,22,0,34 14 36 9,1,180,,317527,22,,,1,220,,317528,22,0,34 14 36 9,1
7001,'20261003',956,,317529,22,0,34 14 36 9,1
7001,'20261004',956,,317530,22,0,34 14 36 9,1
7001,'20261005',1057,,317533,22,0,34 14 36 9,1,200,,317534,22,0,34 14 36 9,1,200,,317535,22,0,34 14 36 9,1,180,,317536,22,,,1,220,,317537,22,0,34 14 36 9,1
7001,'20261006',1057,,317540,22,0,34 14 36 9,1,200,,317541,22,0,34 14 36 9,1,200,,317542,22,0,34 14 36 9,1,180,,317543,22,,,1,220,,317544,22,0,34 14 36 9,1
7001,'20261007',1057,,317547,22,0,34 14 36 9,1,200,,317548,22,0,34 14 36 9,1,200,,317549,22,0,34 14 36 9,1,180,,317550,22,,,1,220,,317551,22,0,34 14 36 9,1
7001,'20261008',1057,,317554,22,0,34 14 36 9,1,200,,317555,22,0,34 14 36 9,1,200,,317556,22,0,34 14 36 9,1,180,,317557,22,,,1,220,,317558,22,0,34 14 36 9,1
7001,'20261009',1057,,317561,22,0,34 14 36 9,1,200,,317562,22,0,34 14 36 9,1,200,,317563,22,0,34 14 36 9,1,180,,317564,22,,,1,220,,317565,22,0,34 14 36 9,1
7001,'20261010',956,,317566,22,0,34 14 36 9,1
7001,'20261011',956,,317567,22,0,34 14 36 9,1
7001,'20261012',956,,317568,22,0,34 14 36 9,1
7001,'20261013',1057,,317571,22,0,34 14 36 9,1,200,,317572,22,0,34 14 36 9,1,200,,317573,22,0,34 14 36 9,1,180,,317574,22,,,1,220,,317575,22,0,34 14 36 9,1
7001,'20261014',1057,,317578,22,0,34 14 36 9,1,200,,317579,22,0,34 14 36 9,1,200,,317580,22,0,34 14 36 9,1,180,,317581,22,,,1,220,,317582,22,0,34 14 36 9,1
7001,'20261015',1057,,317585,22,0,34 14 36 9,1,200,,317586,22,0,34 14 36 9,1,200,,317587,22,0,34 14 36 9,1,180,,317588,22,,,1,220,,317589,22,0,34 14 36 9,1
7001,'20261016',1057,,317592,22,0,34 14 36 9,1,200,,317593,22,0,34 14 36 9,1,200,,317594,22,0,34 14 36 9,1,180,,317595,22,,,1,220,,317596,22,0,34 14 36 9,1
7001,'20261017',956,,317597,22,0,34 14 36 9,1
7001,'20261018',956,,317598,22,0,34 14 36 9,1
7001,'20261019',1057,,317601,22,0,34 14 36 9,1,200,,317602,22,0,34 14 36 9,1,200,,317603,22,0,34 14 36 9,1,180,,317604,22,,,1,220,,317605,22,0,34 14 36 9,1
7001,'20261020',1057,,317608,22,0,34 14 36 9,1,200,,317609,22,0,34 14 36 9,1,200,,317610,22,0,34 14 36 9,1,180,,317611,22,,,1,220,,317612,22,0,34 14 36 9,1
7001,'20261021',1057,,317615,22,0,34 14 36 9,1,200,,317616,22,0,34 14 36 9,1,200,,317617,22,0,34 14 36 9,1,180,,317618,22,,,1,220,,317619,22,0,34 14 36 9,1
7001,'20261022',1057,,317622,22,0,34 14 36 9,1,200,,317623,22,0,34 14 36 9,1,200,,317624,22,0,34 14 36 9,1,180,,317625,22,,,1,220,,317626,22,0,34 14 36 9,1
7001,'20261023',1057,,317629,22,0,34 14 36 9,1,200,,317630,22,0,34 14 36 9,1,200,,317631,22,0,34 14 36 9,1,180,,317632,22,,,1,220,,317633,22,0,34 14 36 9,1
7001,'20261024',956,,317634,22,0,34 14 36 9,1
7001,'20261025',956,,317635,22,0,34 14 36 9,1
7001,'20261026',1057,,317638,22,0,34 14 36 9,1,200,,317639,22,0,34 14 36 9,1,200,,317640,22,0,34 14 36 9,1,180,,317641,22,,,1,220,,317642,22,0,34 14 36 9,1
7001,'20261027',1057,,317645,22,0,34 14 36 9,1,200,,317646,22,0,34 14 36 9,1,200,,317647,22,0,34 14 36 9,1,180,,317648,22,,,1,220,,317649,22,0,34 14 36 9,1
7001,'20261028',1057,,317652,22,0,34 14 36 9,1,200,,317653,22,0,34 14 36 9,1,200,,317654,22,0,34 14 36 9,1,180,,317655,22,,,1,220,,317656,22,0,34 14 36 9,1
7001,'20261029',1057,,317659,22,0,34 14 36 9,1,200,,317660,22,0,34 14 36 9,1,200,,317661,22,0,34 14 36 9,1,180,,317662,22,,,1,220,,317663,22,0,34 14 36 9,1
7001,'20261030',1057,,317666,22,0,34 14 36 9,1,200,,317667,22,0,34 14 36 9,1,200,,317668,22,0,34 14 36 9,1,180,,317669,22,,,1,220,,317670,22,0,34 14 36 9,1
7001,'20261031',956,,317671,22,0,34 14 36 9,1
7001,'20261101',956,,317672,22,0,34 14 36 9,1
7001,'20261102',1057,,317675,22,0,34 14 36 9,1,200,,317676,22,0,34 14 36 9,1,200,,317677,22,0,34 14 36 9,1,180,,317678,22,,,1,220,,317679,22,0,34 14 36 9,1
7001,'20261103',1057,,317682,22,0,34 14 36 9,1,200,,317683,22,0,34 14 36 9,1,200,,317684,22,0,34 14 36 9,1,180,,317685,22,,,1,220,,317686,22,0,34 14 36 9,1
7001,'20261104',1057,,317689,22,0,34 14 36 9,1,200,,317690,22,0,34 14 36 9,1,200,,317691,22,0,34 14 36 9,1,180,,317692,22,,,1,220,,317693,22,0,34 14 36 9,1
7001,'20261105',1057,,317696,22,0,34 14 36 9,1,200,,317697,22,0,34 14 36 9,1,200,,317698,22,0,34 14 36 9,1,180,,317699,22,,,1,220,,317700,22,0,34 14 36 9,1
7001,'20261106',1057,,317703,22,0,34 14 36 9,1,200,,317704,22,0,34 14 36 9,1,200,,317705,22,0,34 14 36 9,1,180,,317706,22,,,1,220,,317707,22,0,34 14 36 9,1
7001,'20261107',956,,317708,22,0,34 14 36 9,1
7001,'20261108',956,,317709,22,0,34 14 36 9,1
7001,'20261109',1057,,317712,22,0,34 14 36 9,1,200,,317713,22,0,34 14 36 9,1,200,,317714,22,0,34 14 36 9,1,180,,317715,22,,,1,220,,317716,22,0,34 14 36 9,1
7001,'20261110',1057,,317719,22,0,34 14 36 9,1,200,,317720,22,0,34 14 36 9,1,200,,317721,22,0,34 14 36 9,1,180,,317722,22,,,1,220,,317723,22,0,34 14 36 9,1
7001,'20261111',1057,,317726,22,0,34 14 36 9,1,200,,317727,22,0,34 14 36 9,1,200,,317728,22,0,34 14 36 9,1,180,,317729,22,,,1,220,,317730,22,0,34 14 36 9,1
7001,'20261112',1057,,317733,22,0,34 14 36 9,1,200,,317734,22,0,34 14 36 9,1,200,,317735,22,0,34 14 36 9,1,180,,317736,22,,,1,220,,317737,22,0,34 14 36 9,1
7001,'20261113',1057,,317740,22,0,34 14 36 9,1,200,,317741,22,0,34 14 36 9,1,200,,317742,22,0,34 14 36 9,1,180,,317743,22,,,1,220,,317744,22,0,34 14 36 9,1
7001,'20261114',956,,317745,22,0,34 14 36 9,1
7001,'20261115',956,,317746,22,0,34 14 36 9,1
7001,'20261116',1057,,317749,22,0,34 14 36 9,1,200,,317750,22,0,34 14 36 9,1,200,,317751,22,0,34 14 36 9,1,180,,317752,22,,,1,220,,317753,22,0,34 14 36 9,1
7001,'20261117',1057,,317756,22,0,34 14 36 9,1,200,,317757,22,0,34 14 36 9,1,200,,317758,22,0,34 14 36 9,1,180,,317759,22,,,1,220,,317760,22,0,34 14 36 9,1
7001,'20261118',1057,,317763,22,0,34 14 36 9,1,200,,317764,22,0,34 14 36 9,1,200,,317765,22,0,34 14 36 9,1,180,,317766,22,,,1,220,,317767,22,0,34 14 36 9,1
7001,'20261119',1057,,317770,22,0,34 14 36 9,1,200,,317771,22,0,34 14 36 9,1,200,,317772,22,0,34 14 36 9,1,180,,317773,22,,,1,220,,317774,22,0,34 14 36 9,1
7001,'20261120',1057,,317777,22,0,34 14 36 9,1,200,,317778,22,0,34 14 36 9,1,200,,317779,22,0,34 14 36 9,1,180,,317780,22,,,1,220,,317781,22,0,34 14 36 9,1
7001,'20261121',956,,317782,22,0,34 14 36 9,1
7001,'20261122',956,,317783,22,0,34 14 36 9,1
7001,'20261123',1057,,317786,22,0,34 14 36 9,1,200,,317787,22,0,34 14 36 9,1,200,,317788,22,0,34 14 36 9,1,180,,317789,22,,,1,220,,317790,22,0,34 14 36 9,1
7001,'20261124',1057,,317793,22,0,34 14 36 9,1,200,,317794,22,0,34 14 36 9,1,200,,317795,22,0,34 14 36 9,1,180,,317796,22,,,1,220,,317797,22,0,34 14 36 9,1
7001,'20261125',1057,,317800,22,0,34 14 36 9,1,200,,317801,22,0,34 14 36 9,1,200,,317802,22,0,34 14 36 9,1,180,,317803,22,,,1,220,,317804,22,0,34 14 36 9,1
7001,'20261126',1057,,317807,22,0,34 14 36 9,1,200,,317808,22,0,34 14 36 9,1,200,,317809,22,0,34 14 36 9,1,180,,317810,22,,,1,220,,317811,22,0,34 14 36 9,1
7001,'20261127',1057,,317814,22,0,34 14 36 9,1,200,,317815,22,0,34 14 36 9,1,200,,317816,22,0,34 14 36 9,1,180,,317817,22,,,1,220,,317818,22,0,34 14 36 9,1
7101,'20260910',448,,319302,22,,,1,1101,,319304,10,0,31 29 30,1,255,,319305,22,,,1,319,,319306,22,,,1,190,,319307,22,,,1,205,,319309,10,0,31 29 30,1
7101,'20260911',448,,319310,22,,,1,1101,,319312,10,0,31 29 30,1,255,,319313,22,,,1,319,,319314,22,,,1,190,,319315,22,,,1,205,,319317,10,0,31 29 30,1
7101,'20260912',616,,319318,22,,,1,92,,319320,10,0,31 29 30,1,100,,319322,22,,,1,351,,319333,22,,,1,200,,319339,22,,,1,200,,319341,22,,,1,245,,319343,22,,,1,200,,319344,22,,,1,199,,319345,22,,,1,115,,319346,10,0,31 29 30,1,200,,319347,10,0,31 29 30,1
7101,'20260913',616,,319348,22,,,1,92,,319350,10,0,31 29 30,1,100,,319352,22,,,1,351,,319363,22,,,1,200,,319369,22,,,1,200,,319371,22,,,1,245,,319373,22,,,1,200,,319374,22,,,1,199,,319375,22,,,1,115,,319376,10,0,31 29 30,1,200,,319377,10,0,31 29 30,1
7101,'20260914',448,,319378,22,,,1,1101,,319380,10,0,31 29 30,1,255,,319381,22,,,1,319,,319382,22,,,1,190,,319383,22,,,1,205,,319385,10,0,31 29 30,1
7101,'20260915',448,,319386,22,,,1,1101,,319388,10,0,31 29 30,1,255,,319389,22,,,1,319,,319390,22,,,1,190,,319391,22,,,1,205,,319393,10,0,31 29 30,1
7101,'20260916',448,,319394,22,,,1,1101,,319396,10,0,31 29 30,1,255,,319397,22,,,1,319,,319398,22,,,1,190,,319399,22,,,1,205,,319401,10,0,31 29 30,1
7101,'20260917',448,,319402,22,,,1,1101,,319404,10,0,31 29 30,1,255,,319405,22,,,1,319,,319406,22,,,1,190,,319407,22,,,1,205,,319409,10,0,31 29 30,1
7101,'20260918',448,,319410,22,,,1,1101,,319412,10,0,31 29 30,1,255,,319413,22,,,1,319,,319414,22,,,1,190,,319415,22,,,1,205,,319417,10,0,31 29 30,1
7101,'20260919',616,,319418,22,,,1,92,,319420,10,0,31 29 30,1,100,,319422,22,,,1,351,,319433,22,,,1,200,,319439,22,,,1,200,,319441,22,,,1,245,,319443,22,,,1,200,,319444,22,,,1,199,,319445,22,,,1,115,,319446,10,0,31 29 30,1,200,,319447,10,0,31 29 30,1
7101,'20260920',616,,319448,22,,,1,92,,319450,10,0,31 29 30,1,100,,319452,22,,,1,351,,319463,22,,,1,200,,319469,22,,,1,200,,319471,22,,,1,245,,319473,22,,,1,200,,319474,22,,,1,199,,319475,22,,,1,115,,319476,10,0,31 29 30,1,200,,319477,10,0,31 29 30,1
7101,'20260921',448,,319478,22,,,1,1101,,319480,10,0,31 29 30,1,255,,319481,22,,,1,319,,319482,22,,,1,190,,319483,22,,,1,205,,319485,10,0,31 29 30,1
7101,'20260922',448,,319486,22,,,1,1101,,319488,10,0,31 29 30,1,255,,319489,22,,,1,319,,319490,22,,,1,190,,319491,22,,,1,205,,319493,10,0,31 29 30,1
7101,'20260923',448,,319494,22,,,1,1101,,319496,10,0,31 29 30,1,255,,319497,22,,,1,319,,319498,22,,,1,190,,319499,22,,,1,205,,319501,10,0,31 29 30,1
7101,'20260924',448,,319502,22,,,1,1101,,319504,10,0,31 29 30,1,255,,319505,22,,,1,319,,319506,22,,,1,190,,319507,22,,,1,205,,319509,10,0,31 29 30,1
7101,'20260925',448,,319510,22,,,1,1101,,319512,10,0,31 29 30,1,255,,319513,22,,,1,319,,319514,22,,,1,190,,319515,22,,,1,205,,319517,10,0,31 29 30,1
7101,'20260926',616,,319518,22,,,1,92,,319520,10,0,31 29 30,1,100,,319522,22,,,1,351,,319533,22,,,1,200,,319539,22,,,1,155,,332334,10,0,31 29 30,1,45,,319541,22,,,1,245,,319543,22,,,1,200,,319544,22,,,1,199,,319545,22,,,1,115,,319546,10,0,31 29 30,1,200,,319547,10,0,31 29 30,1
7101,'20260927',616,,319548,22,,,1,92,,319550,10,0,31 29 30,1,100,,319552,22,,,1,351,,319563,22,,,1,200,,319569,22,,,1,155,,332342,10,0,31 29 30,1,45,,319571,22,,,1,245,,319573,22,,,1,200,,319574,22,,,1,199,,319575,22,,,1,115,,319576,10,0,31 29 30,1,200,,319577,10,0,31 29 30,1
7101,'20260928',448,,319578,22,,,1,1101,,319580,10,0,31 29 30,1,255,,319581,22,,,1,319,,319582,22,,,1,190,,319583,22,,,1,205,,319585,10,0,31 29 30,1
7101,'20260929',448,,319586,22,,,1,1101,,319588,10,0,31 29 30,1,255,,319589,22,,,1,319,,319590,22,,,1,190,,319591,22,,,1,205,,319593,10,0,31 29 30,1
7101,'20260930',448,,319594,22,,,1,1101,,319596,10,0,31 29 30,1,255,,319597,22,,,1,319,,319598,22,,,1,190,,319599,22,,,1,205,,319601,10,0,31 29 30,1
7101,'20261001',448,,319602,22,,,1,1101,,319604,10,0,31 29 30,1,255,,319605,22,,,1,319,,319606,22,,,1,190,,319607,22,,,1,205,,319609,10,0,31 29 30,1
7101,'20261002',448,,319610,22,,,1,1101,,319612,10,0,31 29 30,1,255,,319613,22,,,1,319,,319614,22,,,1,190,,319615,22,,,1,205,,319617,10,0,31 29 30,1
7101,'20261003',616,,319618,22,,,1,92,,319620,10,0,31 29 30,1,100,,319622,22,,,1,351,,319633,22,,,1,200,,319639,22,,,1,200,,319641,22,,,1,245,,319643,22,,,1,200,,319644,22,,,1,199,,319645,22,,,1,115,,319646,10,0,31 29 30,1,200,,319647,10,0,31 29 30,1
7101,'20261004',616,,319648,22,,,1,92,,319650,10,0,31 29 30,1,100,,319652,22,,,1,351,,319663,22,,,1,200,,319669,22,,,1,200,,319671,22,,,1,245,,319673,22,,,1,200,,319674,22,,,1,199,,319675,22,,,1,115,,319676,10,0,31 29 30,1,200,,319677,10,0,31 29 30,1
7101,'20261005',448,,319678,22,,,1,1101,,319680,10,0,31 29 30,1,255,,319681,22,,,1,319,,319682,22,,,1,190,,319683,22,,,1,205,,319685,10,0,31 29 30,1
7101,'20261006',448,,319686,22,,,1,1101,,319688,10,0,31 29 30,1,255,,319689,22,,,1,319,,319690,22,,,1,190,,319691,22,,,1,205,,319693,10,0,31 29 30,1
7101,'20261007',448,,319694,22,,,1,1101,,319696,10,0,31 29 30,1,255,,319697,22,,,1,319,,319698,22,,,1,190,,319699,22,,,1,205,,319701,10,0,31 29 30,1
7101,'20261008',448,,319702,22,,,1,1101,,319704,10,0,31 29 30,1,255,,319705,22,,,1,319,,319706,22,,,1,190,,319707,22,,,1,205,,319709,10,0,31 29 30,1
7101,'20261009',448,,319710,22,,,1,1101,,319712,10,0,31 29 30,1,255,,319713,22,,,1,319,,319714,22,,,1,190,,319715,22,,,1,205,,319717,10,0,31 29 30,1
7101,'20261010',616,,319718,22,,,1,92,,319720,10,0,31 29 30,1,100,,319722,22,,,1,351,,319733,22,,,1,200,,319739,22,,,1,200,,319741,22,,,1,245,,319743,22,,,1,200,,319744,22,,,1,199,,319745,22,,,1,115,,319746,10,0,31 29 30,1,200,,319747,10,0,31 29 30,1
7101,'20261011',616,,319748,22,,,1,92,,319750,10,0,31 29 30,1,100,,319752,22,,,1,351,,319763,22,,,1,200,,319769,22,,,1,200,,319771,22,,,1,245,,319773,22,,,1,200,,319774,22,,,1,199,,319775,22,,,1,115,,319776,10,0,31 29 30,1,200,,319777,10,0,31 29 30,1
7101,'20261012',616,,319778,22,,,1,92,,319780,10,0,31 29 30,1,100,,319782,22,,,1,351,,319793,22,,,1,200,,319799,22,,,1,200,,319801,22,,,1,245,,319803,22,,,1,200,,319804,22,,,1,199,,319805,22,,,1,115,,319806,10,0,31 29 30,1,200,,319807,10,0,31 29 30,1
7101,'20261013',448,,319808,22,,,1,1101,,319810,10,0,31 29 30,1,255,,319811,22,,,1,319,,319812,22,,,1,190,,319813,22,,,1,205,,319815,10,0,31 29 30,1
7101,'20261014',448,,319816,22,,,1,1101,,319818,10,0,31 29 30,1,255,,319819,22,,,1,319,,319820,22,,,1,190,,319821,22,,,1,205,,319823,10,0,31 29 30,1
7101,'20261015',448,,319824,22,,,1,1101,,319826,10,0,31 29 30,1,255,,319827,22,,,1,319,,319828,22,,,1,190,,319829,22,,,1,205,,319831,10,0,31 29 30,1
7101,'20261016',448,,319832,22,,,1,1101,,319834,10,0,31 29 30,1,255,,319835,22,,,1,319,,319836,22,,,1,190,,319837,22,,,1,205,,319839,10,0,31 29 30,1
7101,'20261017',616,,319840,22,,,1,92,,319842,10,0,31 29 30,1,100,,319844,22,,,1,351,,319855,22,,,1,200,,319861,22,,,1,200,,319863,22,,,1,245,,319865,22,,,1,200,,319866,22,,,1,199,,319867,22,,,1,115,,319868,10,0,31 29 30,1,200,,319869,10,0,31 29 30,1
7101,'20261018',616,,319870,22,,,1,92,,319872,10,0,31 29 30,1,100,,319874,22,,,1,351,,319885,22,,,1,200,,319891,22,,,1,200,,319893,22,,,1,245,,319895,22,,,1,200,,319896,22,,,1,199,,319897,22,,,1,115,,319898,10,0,31 29 30,1,200,,319899,10,0,31 29 30,1
7101,'20261019',448,,319900,22,,,1,1101,,319902,10,0,31 29 30,1,255,,319903,22,,,1,319,,319904,22,,,1,190,,319905,22,,,1,205,,319907,10,0,31 29 30,1
7101,'20261020',448,,319908,22,,,1,1101,,319910,10,0,31 29 30,1,255,,319911,22,,,1,319,,319912,22,,,1,190,,319913,22,,,1,205,,319915,10,0,31 29 30,1
7101,'20261021',448,,319916,22,,,1,1101,,319918,10,0,31 29 30,1,255,,319919,22,,,1,319,,319920,22,,,1,190,,319921,22,,,1,205,,319923,10,0,31 29 30,1
7101,'20261022',448,,319924,22,,,1,1101,,319926,10,0,31 29 30,1,255,,319927,22,,,1,319,,319928,22,,,1,190,,319929,22,,,1,205,,319931,10,0,31 29 30,1
7101,'20261023',448,,319932,22,,,1,1101,,319934,10,0,31 29 30,1,255,,319935,22,,,1,319,,319936,22,,,1,190,,319937,22,,,1,205,,319939,10,0,31 29 30,1
7101,'20261024',616,,319940,22,,,1,92,,319942,10,0,31 29 30,1,100,,319944,22,,,1,351,,319955,22,,,1,200,,319961,22,,,1,200,,319963,22,,,1,245,,319965,22,,,1,200,,319966,22,,,1,199,,319967,22,,,1,115,,319968,10,0,31 29 30,1,200,,319969,10,0,31 29 30,1
7101,'20261025',616,,319970,22,,,1,92,,319972,10,0,31 29 30,1,100,,319974,22,,,1,351,,319985,22,,,1,200,,319991,22,,,1,200,,319993,22,,,1,245,,319995,22,,,1,200,,319996,22,,,1,199,,319997,22,,,1,115,,319998,10,0,31 29 30,1,200,,319999,10,0,31 29 30,1
7101,'20261026',448,,320000,22,,,1,1101,,320002,10,0,31 29 30,1,255,,320003,22,,,1,319,,320004,22,,,1,190,,320005,22,,,1,205,,320007,10,0,31 29 30,1
7101,'20261027',448,,320008,22,,,1,1101,,320010,10,0,31 29 30,1,255,,320011,22,,,1,319,,320012,22,,,1,190,,320013,22,,,1,205,,320015,10,0,31 29 30,1
7101,'20261028',448,,320016,22,,,1,1101,,320018,10,0,31 29 30,1,255,,320019,22,,,1,319,,320020,22,,,1,190,,320021,22,,,1,205,,320023,10,0,31 29 30,1
7101,'20261029',448,,320024,22,,,1,1101,,320026,10,0,31 29 30,1,255,,320027,22,,,1,319,,320028,22,,,1,190,,320029,22,,,1,205,,320031,10,0,31 29 30,1
7101,'20261030',448,,320032,22,,,1,1101,,320034,10,0,31 29 30,1,255,,320035,22,,,1,319,,320036,22,,,1,190,,320037,22,,,1,205,,320039,10,0,31 29 30,1
7101,'20261031',616,,320040,22,,,1,92,,320042,10,0,31 29 30,1,100,,320044,22,,,1,351,,320055,22,,,1,200,,320061,22,,,1,200,,320063,22,,,1,245,,320065,22,,,1,200,,320066,22,,,1,199,,320067,22,,,1,115,,320068,10,0,31 29 30,1,200,,320069,10,0,31 29 30,1
7101,'20261101',616,,320070,22,,,1,92,,320072,10,0,31 29 30,1,100,,320074,22,,,1,351,,320085,22,,,1,200,,320091,22,,,1,200,,320093,22,,,1,245,,320095,22,,,1,200,,320096,22,,,1,199,,320097,22,,,1,115,,320098,10,0,31 29 30,1,200,,320099,10,0,31 29 30,1
7101,'20261102',448,,320100,22,,,1,1101,,320102,10,0,31 29 30,1,255,,320103,22,,,1,319,,320104,22,,,1,190,,320105,22,,,1,205,,320107,10,0,31 29 30,1
7101,'20261103',448,,320108,22,,,1,1101,,320110,10,0,31 29 30,1,255,,320111,22,,,1,319,,320112,22,,,1,190,,320113,22,,,1,205,,320115,10,0,31 29 30,1
7101,'20261104',448,,320116,22,,,1,1101,,320118,10,0,31 29 30,1,255,,320119,22,,,1,319,,320120,22,,,1,190,,320121,22,,,1,205,,320123,10,0,31 29 30,1
7101,'20261105',448,,320124,22,,,1,1101,,320126,10,0,31 29 30,1,255,,320127,22,,,1,319,,320128,22,,,1,190,,320129,22,,,1,205,,320131,10,0,31 29 30,1
7101,'20261106',448,,320132,22,,,1,1101,,320134,10,0,31 29 30,1,255,,320135,22,,,1,319,,320136,22,,,1,190,,320137,22,,,1,205,,320139,10,0,31 29 30,1
7101,'20261107',616,,320140,22,,,1,92,,320142,10,0,31 29 30,1,100,,320144,22,,,1,351,,320155,22,,,1,200,,320161,22,,,1,200,,320163,22,,,1,245,,320165,22,,,1,200,,320166,22,,,1,199,,320167,22,,,1,115,,320168,10,0,31 29 30,1,200,,320169,10,0,31 29 30,1
7101,'20261108',616,,320170,22,,,1,92,,320172,10,0,31 29 30,1,100,,320174,22,,,1,351,,320185,22,,,1,200,,320191,22,,,1,200,,320193,22,,,1,245,,320195,22,,,1,200,,320196,22,,,1,199,,320197,22,,,1,115,,320198,10,0,31 29 30,1,200,,320199,10,0,31 29 30,1
7101,'20261109',448,,320200,22,,,1,1101,,320202,10,0,31 29 30,1,255,,320203,22,,,1,319,,320204,22,,,1,190,,320205,22,,,1,205,,320207,10,0,31 29 30,1
7101,'20261110',448,,320208,22,,,1,1101,,320210,10,0,31 29 30,1,255,,320211,22,,,1,319,,320212,22,,,1,190,,320213,22,,,1,205,,320215,10,0,31 29 30,1
7101,'20261111',448,,320216,22,,,1,1101,,320218,10,0,31 29 30,1,255,,320219,22,,,1,319,,320220,22,,,1,190,,320221,22,,,1,205,,320223,10,0,31 29 30,1
7101,'20261112',448,,320224,22,,,1,1101,,320226,10,0,31 29 30,1,255,,320227,22,,,1,319,,320228,22,,,1,190,,320229,22,,,1,205,,320231,10,0,31 29 30,1
7101,'20261113',448,,320232,22,,,1,1101,,320234,10,0,31 29 30,1,255,,320235,22,,,1,319,,320236,22,,,1,190,,320237,22,,,1,205,,320239,10,0,31 29 30,1
7101,'20261114',616,,320240,22,,,1,92,,320242,10,0,31 29 30,1,100,,320244,22,,,1,351,,320255,22,,,1,200,,320261,22,,,1,200,,320263,22,,,1,245,,320265,22,,,1,200,,320266,22,,,1,199,,320267,22,,,1,115,,320268,10,0,31 29 30,1,200,,320269,10,0,31 29 30,1
7101,'20261115',616,,320270,22,,,1,92,,320272,10,0,31 29 30,1,100,,320274,22,,,1,351,,320285,22,,,1,200,,320291,22,,,1,200,,320293,22,,,1,245,,320295,22,,,1,200,,320296,22,,,1,199,,320297,22,,,1,115,,320298,10,0,31 29 30,1,200,,320299,10,0,31 29 30,1
7101,'20261116',448,,320300,22,,,1,1101,,320302,10,0,31 29 30,1,255,,320303,22,,,1,319,,320304,22,,,1,190,,320305,22,,,1,205,,320307,10,0,31 29 30,1
7101,'20261117',448,,320308,22,,,1,1101,,320310,10,0,31 29 30,1,255,,320311,22,,,1,319,,320312,22,,,1,190,,320313,22,,,1,205,,320315,10,0,31 29 30,1
7101,'20261118',448,,320316,22,,,1,1101,,320318,10,0,31 29 30,1,255,,320319,22,,,1,319,,320320,22,,,1,190,,320321,22,,,1,205,,320323,10,0,31 29 30,1
7101,'20261119',448,,320324,22,,,1,1101,,320326,10,0,31 29 30,1,255,,320327,22,,,1,319,,320328,22,,,1,190,,320329,22,,,1,205,,320331,10,0,31 29 30,1
7101,'20261120',448,,320332,22,,,1,1101,,320334,10,0,31 29 30,1,255,,320335,22,,,1,319,,320336,22,,,1,190,,320337,22,,,1,205,,320339,10,0,31 29 30,1
7101,'20261121',616,,320340,22,,,1,92,,320342,10,0,31 29 30,1,100,,320344,22,,,1,351,,320355,22,,,1,200,,320361,22,,,1,200,,320363,22,,,1,245,,320365,22,,,1,200,,320366,22,,,1,199,,320367,22,,,1,115,,320368,10,0,31 29 30,1,200,,320369,10,0,31 29 30,1
7101,'20261122',616,,320370,22,,,1,92,,320372,10,0,31 29 30,1,100,,320374,22,,,1,351,,320385,22,,,1,200,,320391,22,,,1,200,,320393,22,,,1,245,,320395,22,,,1,200,,320396,22,,,1,199,,320397,22,,,1,115,,320398,10,0,31 29 30,1,200,,320399,10,0,31 29 30,1
7101,'20261123',448,,320400,22,,,1,1101,,320402,10,0,31 29 30,1,255,,320403,22,,,1,319,,320404,22,,,1,190,,320405,22,,,1,205,,320407,10,0,31 29 30,1
7101,'20261124',448,,320408,22,,,1,1101,,320410,10,0,31 29 30,1,255,,320411,22,,,1,319,,320412,22,,,1,190,,320413,22,,,1,205,,320415,10,0,31 29 30,1
7101,'20261125',448,,320416,22,,,1,1101,,320418,10,0,31 29 30,1,255,,320419,22,,,1,319,,320420,22,,,1,190,,320421,22,,,1,205,,320423,10,0,31 29 30,1
7101,'20261126',448,,320424,22,,,1,1101,,320426,10,0,31 29 30,1,255,,320427,22,,,1,319,,320428,22,,,1,190,,320429,22,,,1,205,,320431,10,0,31 29 30,1
7101,'20261127',448,,320432,22,,,1,1101,,320434,10,0,31 29 30,1,255,,320435,22,,,1,319,,320436,22,,,1,190,,320437,22,,,1,205,,320439,10,0,31 29 30,1
