3101,'20260831',656,,165879,23,0,37 43 44 47,1,60,,165880,23,0,37 43 44 47,1,21,,165881,33,0,43 44 47,1,64,,165882,23,0,37 43 44 47,1,35,,165883,31,0,5 43 44 47,1,100,,165884,31,0,5 43 44 47,1,1664,,165888,31,0,7 43 44 47,1
3101,'20260901',656,,165891,23,0,37 43 44 47,1,60,,165892,23,0,37 43 44 47,1,21,,165893,33,0,43 44 47,1,64,,165894,23,0,37 43 44 47,1,35,,165895,31,0,5 43 44 47,1,100,,165896,31,0,5 43 44 47,1,1664,,165900,31,0,7 43 44 47,1
3101,'20260902',656,,165903,23,0,37 43 44 47,1,60,,165904,23,0,37 43 44 47,1,21,,165905,33,0,43 44 47,1,64,,165906,23,0,37 43 44 47,1,35,,165907,31,0,5 43 44 47,1,100,,165908,31,0,5 43 44 47,1,1664,,165912,31,0,7 43 44 47,1
3101,'20260903',656,,165915,23,0,37 43 44 47,1,60,,165916,23,0,37 43 44 47,1,21,,165917,33,0,43 44 47,1,64,,165918,23,0,37 43 44 47,1,35,,165919,31,0,5 43 44 47,1,100,,165920,31,0,5 43 44 47,1,1664,,165924,31,0,7 43 44 47,1
3101,'20260904',656,,165927,23,0,37 43 44 47,1,60,,165928,23,0,37 43 44 47,1,21,,165929,33,0,43 44 47,1,64,,165930,23,0,37 43 44 47,1,35,,165931,31,0,5 43 44 47,1,100,,165932,31,0,5 43 44 47,1,1664,,165936,31,0,7 43 44 47,1
3101,'20260905',913,,267537,31,0,7 43 44 47,1
3101,'20260906',913,,267545,31,0,7 43 44 47,1
3101,'20260907',913,,267551,31,0,7 43 44 47,1
3101,'20260908',656,,267559,23,0,37 43 44 47,1,60,,267560,23,0,37 43 44 47,1,21,,267561,33,0,43 44 47,1,64,,267562,23,0,37 43 44 47,1,35,,267563,31,0,5 43 44 47,1,100,,267564,31,0,5 43 44 47,1,1664,,267568,31,0,7 43 44 47,1
3101,'20260909',656,,267571,23,0,37 43 44 47,1,60,,267572,23,0,37 43 44 47,1,21,,267573,33,0,43 44 47,1,64,,267574,23,0,37 43 44 47,1,35,,267575,31,0,5 43 44 47,1,100,,267576,31,0,5 43 44 47,1,1664,,267580,31,0,7 43 44 47,1
3101,'20260910',656,,267583,23,0,37 43 44 47,1,60,,267584,23,0,37 43 44 47,1,21,,267585,33,0,43 44 47,1,64,,267586,23,0,37 43 44 47,1,35,,267587,31,0,5 43 44 47,1,100,,267588,31,0,5 43 44 47,1,1664,,267592,31,0,7 43 44 47,1
3101,'20260911',656,,267595,23,0,37 43 44 47,1,60,,267596,23,0,37 43 44 47,1,21,,267597,33,0,43 44 47,1,64,,267598,23,0,37 43 44 47,1,35,,267599,31,0,5 43 44 47,1,100,,267600,31,0,5 43 44 47,1,1311,,267601,4,0,105 101 9,1,353,,267609,31,0,7 43 44 47,1
3101,'20260912',913,,267612,31,0,7 43 44 47,1,94,,267614,25,0,71 101 9,1,10,,267615,25,0,71 101 9,1,801,,267616,25,0,71 101 9,1,590,,267617,25,0,71 101 9,1
3101,'20260913',913,,267624,31,0,7 43 44 47,1,94,,267626,25,0,71 101 9,1,10,,267627,25,0,71 101 9,1,801,,267628,25,0,71 101 9,1,590,,267629,25,0,71 101 9,1
3101,'20260914',656,,267634,23,0,37 43 44 47,1,60,,267635,23,0,37 43 44 47,1,21,,267636,33,0,43 44 47,1,64,,267637,23,0,37 43 44 47,1,35,,267638,31,0,5 43 44 47,1,100,,267639,31,0,5 43 44 47,1,1664,,267643,31,0,7 43 44 47,1
3101,'20260915',656,,267646,23,0,37 43 44 47,1,60,,267647,23,0,37 43 44 47,1,21,,267648,33,0,43 44 47,1,64,,267649,23,0,37 43 44 47,1,35,,267650,31,0,5 43 44 47,1,100,,267651,31,0,5 43 44 47,1,1664,,267655,31,0,7 43 44 47,1
3101,'20260916',656,,267658,23,0,37 43 44 47,1,60,,267659,23,0,37 43 44 47,1,21,,267660,33,0,43 44 47,1,64,,267661,23,0,37 43 44 47,1,35,,267662,31,0,5 43 44 47,1,100,,267663,31,0,5 43 44 47,1,1664,,267667,31,0,7 43 44 47,1
3101,'20260917',656,,267670,23,0,37 43 44 47,1,60,,267671,23,0,37 43 44 47,1,21,,267672,33,0,43 44 47,1,64,,267673,23,0,37 43 44 47,1,35,,267674,31,0,5 43 44 47,1,100,,267675,31,0,5 43 44 47,1,1664,,267679,31,0,7 43 44 47,1
3101,'20260918',656,,267682,23,0,37 43 44 47,1,60,,267683,23,0,37 43 44 47,1,21,,267684,33,0,43 44 47,1,64,,267685,23,0,37 43 44 47,1,35,,267686,31,0,5 43 44 47,1,100,,267687,31,0,5 43 44 47,1,1311,,267688,4,0,105 101 9,1,353,,267696,31,0,7 43 44 47,1
3101,'20260919',913,,267699,31,0,7 43 44 47,1,94,,267701,25,0,71 101 9,1,10,,267702,25,0,71 101 9,1,801,,267703,25,0,71 101 9,1,590,,267704,25,0,71 101 9,1
3101,'20260920',913,,267711,31,0,7 43 44 47,1,94,,267713,25,0,71 101 9,1,10,,267714,25,0,71 101 9,1,801,,267715,25,0,71 101 9,1,590,,267716,25,0,71 101 9,1
3101,'20260921',656,,267721,23,0,37 43 44 47,1,60,,267722,23,0,37 43 44 47,1,21,,267723,33,0,43 44 47,1,64,,267724,23,0,37 43 44 47,1,35,,267725,31,0,5 43 44 47,1,100,,267726,31,0,5 43 44 47,1,1664,,267730,31,0,7 43 44 47,1
3101,'20260922',656,,267733,23,0,37 43 44 47,1,60,,267734,23,0,37 43 44 47,1,21,,267735,33,0,43 44 47,1,64,,267736,23,0,37 43 44 47,1,35,,267737,31,0,5 43 44 47,1,100,,267738,31,0,5 43 44 47,1,1664,,267742,31,0,7 43 44 47,1
3101,'20260923',656,,267745,23,0,37 43 44 47,1,60,,267746,23,0,37 43 44 47,1,21,,267747,33,0,43 44 47,1,64,,267748,23,0,37 43 44 47,1,35,,267749,31,0,5 43 44 47,1,100,,267750,31,0,5 43 44 47,1,1664,,267754,31,0,7 43 44 47,1
3101,'20260924',656,,267757,23,0,37 43 44 47,1,60,,267758,23,0,37 43 44 47,1,21,,267759,33,0,43 44 47,1,64,,267760,23,0,37 43 44 47,1,35,,267761,31,0,5 43 44 47,1,100,,267762,31,0,5 43 44 47,1,1664,,267766,31,0,7 43 44 47,1
3101,'20260925',656,,267769,23,0,37 43 44 47,1,60,,267770,23,0,37 43 44 47,1,21,,267771,33,0,43 44 47,1,64,,267772,23,0,37 43 44 47,1,35,,267773,31,0,5 43 44 47,1,100,,267774,31,0,5 43 44 47,1,1664,,267778,31,0,7 43 44 47,1
3101,'20260926',913,,267781,31,0,7 43 44 47,1
3101,'20260927',913,,267789,31,0,7 43 44 47,1
3101,'20260928',656,,267795,23,0,37 43 44 47,1,60,,267796,23,0,37 43 44 47,1,21,,267797,33,0,43 44 47,1,64,,267798,23,0,37 43 44 47,1,35,,267799,31,0,5 43 44 47,1,100,,267800,31,0,5 43 44 47,1,1664,,267804,31,0,7 43 44 47,1
3101,'20260929',656,,267807,23,0,37 43 44 47,1,60,,267808,23,0,37 43 44 47,1,21,,267809,33,0,43 44 47,1,64,,267810,23,0,37 43 44 47,1,35,,267811,31,0,5 43 44 47,1,100,,267812,31,0,5 43 44 47,1,1664,,267816,31,0,7 43 44 47,1
3101,'20260930',656,,267819,23,0,37 43 44 47,1,60,,267820,23,0,37 43 44 47,1,21,,267821,33,0,43 44 47,1,64,,267822,23,0,37 43 44 47,1,35,,267823,31,0,5 43 44 47,1,100,,267824,31,0,5 43 44 47,1,1664,,267828,31,0,7 43 44 47,1
3101,'20261001',656,,267831,23,0,37 43 44 47,1,60,,267832,23,0,37 43 44 47,1,21,,267833,33,0,43 44 47,1,64,,267834,23,0,37 43 44 47,1,35,,267835,31,0,5 43 44 47,1,100,,267836,31,0,5 43 44 47,1,1664,,267840,31,0,7 43 44 47,1
3101,'20261002',656,,267843,23,0,37 43 44 47,1,60,,267844,23,0,37 43 44 47,1,21,,267845,33,0,43 44 47,1,64,,267846,23,0,37 43 44 47,1,35,,267847,31,0,5 43 44 47,1,100,,267848,31,0,5 43 44 47,1,1664,,267852,31,0,7 43 44 47,1
3101,'20261003',913,,267855,31,0,7 43 44 47,1
3101,'20261004',913,,267863,31,0,7 43 44 47,1
3101,'20261005',656,,267869,23,0,37 43 44 47,1,60,,267870,23,0,37 43 44 47,1,21,,267871,33,0,43 44 47,1,64,,267872,23,0,37 43 44 47,1,35,,267873,31,0,5 43 44 47,1,100,,267874,31,0,5 43 44 47,1,1664,,267878,31,0,7 43 44 47,1
3101,'20261006',656,,267881,23,0,37 43 44 47,1,60,,267882,23,0,37 43 44 47,1,21,,267883,33,0,43 44 47,1,64,,267884,23,0,37 43 44 47,1,35,,267885,31,0,5 43 44 47,1,100,,267886,31,0,5 43 44 47,1,1664,,267890,31,0,7 43 44 47,1
3101,'20261007',656,,267893,23,0,37 43 44 47,1,60,,267894,23,0,37 43 44 47,1,21,,267895,33,0,43 44 47,1,64,,267896,23,0,37 43 44 47,1,35,,267897,31,0,5 43 44 47,1,100,,267898,31,0,5 43 44 47,1,1664,,267902,31,0,7 43 44 47,1
3101,'20261008',656,,267905,23,0,37 43 44 47,1,60,,267906,23,0,37 43 44 47,1,21,,267907,33,0,43 44 47,1,64,,267908,23,0,37 43 44 47,1,35,,267909,31,0,5 43 44 47,1,100,,267910,31,0,5 43 44 47,1,1664,,267914,31,0,7 43 44 47,1
3101,'20261009',656,,267917,23,0,37 43 44 47,1,60,,267918,23,0,37 43 44 47,1,21,,267919,33,0,43 44 47,1,64,,267920,23,0,37 43 44 47,1,35,,267921,31,0,5 43 44 47,1,100,,267922,31,0,5 43 44 47,1,1664,,267926,31,0,7 43 44 47,1
3101,'20261010',913,,267929,31,0,7 43 44 47,1
3101,'20261011',913,,267937,31,0,7 43 44 47,1
3101,'20261012',913,,267943,31,0,7 43 44 47,1
3101,'20261013',656,,267951,23,0,37 43 44 47,1,60,,267952,23,0,37 43 44 47,1,21,,267953,33,0,43 44 47,1,64,,267954,23,0,37 43 44 47,1,35,,267955,31,0,5 43 44 47,1,100,,267956,31,0,5 43 44 47,1,1664,,267960,31,0,7 43 44 47,1
3101,'20261014',656,,267963,23,0,37 43 44 47,1,60,,267964,23,0,37 43 44 47,1,21,,267965,33,0,43 44 47,1,64,,267966,23,0,37 43 44 47,1,35,,267967,31,0,5 43 44 47,1,100,,267968,31,0,5 43 44 47,1,1664,,267972,31,0,7 43 44 47,1
3101,'20261015',656,,267975,23,0,37 43 44 47,1,60,,267976,23,0,37 43 44 47,1,21,,267977,33,0,43 44 47,1,64,,267978,23,0,37 43 44 47,1,35,,267979,31,0,5 43 44 47,1,100,,267980,31,0,5 43 44 47,1,1664,,267984,31,0,7 43 44 47,1
3101,'20261016',656,,267987,23,0,37 43 44 47,1,60,,267988,23,0,37 43 44 47,1,21,,267989,33,0,43 44 47,1,64,,267990,23,0,37 43 44 47,1,35,,267991,31,0,5 43 44 47,1,100,,267992,31,0,5 43 44 47,1,1664,,267996,31,0,7 43 44 47,1
3101,'20261017',913,,267999,31,0,7 43 44 47,1
3101,'20261018',913,,268007,31,0,7 43 44 47,1
3101,'20261019',656,,268013,23,0,37 43 44 47,1,60,,268014,23,0,37 43 44 47,1,21,,268015,33,0,43 44 47,1,64,,268016,23,0,37 43 44 47,1,35,,268017,31,0,5 43 44 47,1,100,,268018,31,0,5 43 44 47,1,1664,,268022,31,0,7 43 44 47,1
3101,'20261020',656,,268025,23,0,37 43 44 47,1,60,,268026,23,0,37 43 44 47,1,21,,268027,33,0,43 44 47,1,64,,268028,23,0,37 43 44 47,1,35,,268029,31,0,5 43 44 47,1,100,,268030,31,0,5 43 44 47,1,1664,,268034,31,0,7 43 44 47,1
3101,'20261021',656,,268037,23,0,37 43 44 47,1,60,,268038,23,0,37 43 44 47,1,21,,268039,33,0,43 44 47,1,64,,268040,23,0,37 43 44 47,1,35,,268041,31,0,5 43 44 47,1,100,,268042,31,0,5 43 44 47,1,1664,,268046,31,0,7 43 44 47,1
3101,'20261022',656,,268049,23,0,37 43 44 47,1,60,,268050,23,0,37 43 44 47,1,21,,268051,33,0,43 44 47,1,64,,268052,23,0,37 43 44 47,1,35,,268053,31,0,5 43 44 47,1,100,,268054,31,0,5 43 44 47,1,1664,,268058,31,0,7 43 44 47,1
3101,'20261023',656,,268061,23,0,37 43 44 47,1,60,,268062,23,0,37 43 44 47,1,21,,268063,33,0,43 44 47,1,64,,268064,23,0,37 43 44 47,1,35,,268065,31,0,5 43 44 47,1,100,,268066,31,0,5 43 44 47,1,1664,,268070,31,0,7 43 44 47,1
3101,'20261024',913,,268073,31,0,7 43 44 47,1
3101,'20261025',913,,268081,31,0,7 43 44 47,1
3101,'20261026',656,,268087,23,0,37 43 44 47,1,60,,268088,23,0,37 43 44 47,1,21,,268089,33,0,43 44 47,1,64,,268090,23,0,37 43 44 47,1,35,,268091,31,0,5 43 44 47,1,100,,268092,31,0,5 43 44 47,1,1664,,268096,31,0,7 43 44 47,1
3101,'20261027',656,,268099,23,0,37 43 44 47,1,60,,268100,23,0,37 43 44 47,1,21,,268101,33,0,43 44 47,1,64,,268102,23,0,37 43 44 47,1,35,,268103,31,0,5 43 44 47,1,100,,268104,31,0,5 43 44 47,1,1664,,268108,31,0,7 43 44 47,1
3101,'20261028',656,,268111,23,0,37 43 44 47,1,60,,268112,23,0,37 43 44 47,1,21,,268113,33,0,43 44 47,1,64,,268114,23,0,37 43 44 47,1,35,,268115,31,0,5 43 44 47,1,100,,268116,31,0,5 43 44 47,1,1664,,268120,31,0,7 43 44 47,1
3101,'20261029',656,,268123,23,0,37 43 44 47,1,60,,268124,23,0,37 43 44 47,1,21,,268125,33,0,43 44 47,1,64,,268126,23,0,37 43 44 47,1,35,,268127,31,0,5 43 44 47,1,100,,268128,31,0,5 43 44 47,1,1664,,268132,31,0,7 43 44 47,1
3101,'20261030',656,,268135,23,0,37 43 44 47,1,60,,268136,23,0,37 43 44 47,1,21,,268137,33,0,43 44 47,1,64,,268138,23,0,37 43 44 47,1,35,,268139,31,0,5 43 44 47,1,100,,268140,31,0,5 43 44 47,1,1664,,268144,31,0,7 43 44 47,1
3101,'20261031',913,,268147,31,0,7 43 44 47,1
3101,'20261101',913,,268155,31,0,7 43 44 47,1
3101,'20261102',656,,268161,23,0,37 43 44 47,1,60,,268162,23,0,37 43 44 47,1,21,,268163,33,0,43 44 47,1,64,,268164,23,0,37 43 44 47,1,35,,268165,31,0,5 43 44 47,1,100,,268166,31,0,5 43 44 47,1,1664,,268170,31,0,7 43 44 47,1
3101,'20261103',656,,268173,23,0,37 43 44 47,1,60,,268174,23,0,37 43 44 47,1,21,,268175,33,0,43 44 47,1,64,,268176,23,0,37 43 44 47,1,35,,268177,31,0,5 43 44 47,1,100,,268178,31,0,5 43 44 47,1,1664,,268182,31,0,7 43 44 47,1
3101,'20261104',656,,268185,23,0,37 43 44 47,1,60,,268186,23,0,37 43 44 47,1,21,,268187,33,0,43 44 47,1,64,,268188,23,0,37 43 44 47,1,35,,268189,31,0,5 43 44 47,1,100,,268190,31,0,5 43 44 47,1,1664,,268194,31,0,7 43 44 47,1
3101,'20261105',656,,268197,23,0,37 43 44 47,1,60,,268198,23,0,37 43 44 47,1,21,,268199,33,0,43 44 47,1,64,,268200,23,0,37 43 44 47,1,35,,268201,31,0,5 43 44 47,1,100,,268202,31,0,5 43 44 47,1,1664,,268206,31,0,7 43 44 47,1
3101,'20261106',656,,268209,23,0,37 43 44 47,1,60,,268210,23,0,37 43 44 47,1,21,,268211,33,0,43 44 47,1,64,,268212,23,0,37 43 44 47,1,35,,268213,31,0,5 43 44 47,1,100,,268214,31,0,5 43 44 47,1,1664,,268218,31,0,7 43 44 47,1
3101,'20261107',913,,268221,31,0,7 43 44 47,1
3101,'20261108',913,,268229,31,0,7 43 44 47,1
3101,'20261109',656,,268235,23,0,37 43 44 47,1,60,,268236,23,0,37 43 44 47,1,21,,268237,33,0,43 44 47,1,64,,268238,23,0,37 43 44 47,1,35,,268239,31,0,5 43 44 47,1,100,,268240,31,0,5 43 44 47,1,1664,,268244,31,0,7 43 44 47,1
3101,'20261110',656,,268247,23,0,37 43 44 47,1,60,,268248,23,0,37 43 44 47,1,21,,268249,33,0,43 44 47,1,64,,268250,23,0,37 43 44 47,1,35,,268251,31,0,5 43 44 47,1,100,,268252,31,0,5 43 44 47,1,1664,,268256,31,0,7 43 44 47,1
3101,'20261111',656,,268259,23,0,37 43 44 47,1,60,,268260,23,0,37 43 44 47,1,21,,268261,33,0,43 44 47,1,64,,268262,23,0,37 43 44 47,1,35,,268263,31,0,5 43 44 47,1,100,,268264,31,0,5 43 44 47,1,1664,,268268,31,0,7 43 44 47,1
3101,'20261112',656,,268271,23,0,37 43 44 47,1,60,,268272,23,0,37 43 44 47,1,21,,268273,33,0,43 44 47,1,64,,268274,23,0,37 43 44 47,1,35,,268275,31,0,5 43 44 47,1,100,,268276,31,0,5 43 44 47,1,1664,,268280,31,0,7 43 44 47,1
3101,'20261113',656,,268283,23,0,37 43 44 47,1,60,,268284,23,0,37 43 44 47,1,21,,268285,33,0,43 44 47,1,64,,268286,23,0,37 43 44 47,1,35,,268287,31,0,5 43 44 47,1,100,,268288,31,0,5 43 44 47,1,1664,,268292,31,0,7 43 44 47,1
3101,'20261114',913,,268295,31,0,7 43 44 47,1
3101,'20261115',913,,268303,31,0,7 43 44 47,1
3101,'20261116',656,,268309,23,0,37 43 44 47,1,60,,268310,23,0,37 43 44 47,1,21,,268311,33,0,43 44 47,1,64,,268312,23,0,37 43 44 47,1,35,,268313,31,0,5 43 44 47,1,100,,268314,31,0,5 43 44 47,1,1664,,268318,31,0,7 43 44 47,1
3101,'20261117',656,,268321,23,0,37 43 44 47,1,60,,268322,23,0,37 43 44 47,1,21,,268323,33,0,43 44 47,1,64,,268324,23,0,37 43 44 47,1,35,,268325,31,0,5 43 44 47,1,100,,268326,31,0,5 43 44 47,1,1664,,268330,31,0,7 43 44 47,1
3101,'20261118',656,,268333,23,0,37 43 44 47,1,60,,268334,23,0,37 43 44 47,1,21,,268335,33,0,43 44 47,1,64,,268336,23,0,37 43 44 47,1,35,,268337,31,0,5 43 44 47,1,100,,268338,31,0,5 43 44 47,1,1664,,268342,31,0,7 43 44 47,1
3101,'20261119',656,,268345,23,0,37 43 44 47,1,60,,268346,23,0,37 43 44 47,1,21,,268347,33,0,43 44 47,1,64,,268348,23,0,37 43 44 47,1,35,,268349,31,0,5 43 44 47,1,100,,268350,31,0,5 43 44 47,1,1664,,268354,31,0,7 43 44 47,1
3101,'20261120',656,,268357,23,0,37 43 44 47,1,60,,268358,23,0,37 43 44 47,1,21,,268359,33,0,43 44 47,1,64,,268360,23,0,37 43 44 47,1,35,,268361,31,0,5 43 44 47,1,100,,268362,31,0,5 43 44 47,1,1664,,268366,31,0,7 43 44 47,1
3101,'20261121',913,,268369,31,0,7 43 44 47,1
3101,'20261122',913,,268377,31,0,7 43 44 47,1
3101,'20261123',656,,268383,23,0,37 43 44 47,1,60,,268384,23,0,37 43 44 47,1,21,,268385,33,0,43 44 47,1,64,,268386,23,0,37 43 44 47,1,35,,268387,31,0,5 43 44 47,1,100,,268388,31,0,5 43 44 47,1,1664,,268392,31,0,7 43 44 47,1
3101,'20261124',656,,268395,23,0,37 43 44 47,1,60,,268396,23,0,37 43 44 47,1,21,,268397,33,0,43 44 47,1,64,,268398,23,0,37 43 44 47,1,35,,268399,31,0,5 43 44 47,1,100,,268400,31,0,5 43 44 47,1,1664,,268404,31,0,7 43 44 47,1
3101,'20261125',656,,268407,23,0,37 43 44 47,1,60,,268408,23,0,37 43 44 47,1,21,,268409,33,0,43 44 47,1,64,,268410,23,0,37 43 44 47,1,35,,268411,31,0,5 43 44 47,1,100,,268412,31,0,5 43 44 47,1,1664,,268416,31,0,7 43 44 47,1
3101,'20261126',656,,268419,23,0,37 43 44 47,1,60,,268420,23,0,37 43 44 47,1,21,,268421,33,0,43 44 47,1,64,,268422,23,0,37 43 44 47,1,35,,268423,31,0,5 43 44 47,1,100,,268424,31,0,5 43 44 47,1,1664,,268428,31,0,7 43 44 47,1
3101,'20261127',656,,268431,23,0,37 43 44 47,1,60,,268432,23,0,37 43 44 47,1,21,,268433,33,0,43 44 47,1,64,,268434,23,0,37 43 44 47,1,35,,268435,31,0,5 43 44 47,1,100,,268436,31,0,5 43 44 47,1,1664,,268440,31,0,7 43 44 47,1
3301,'20260831',1014,,172585,35,,,1,100,,172586,35,,,1,100,,172587,35,,,1,102,,172588,35,,,1,108,,172589,35,,,1,105,,172590,35,,,1,100,,172592,35,,,1,112,,172595,35,,,1,93,,172597,35,,,1,191,,172604,35,,,1,185,,172608,35,,,1,149,,172612,35,,,1
3301,'20260901',1014,,172617,35,,,1,100,,172618,35,,,1,100,,172619,35,,,1,102,,172620,35,,,1,108,,172621,35,,,1,105,,172622,35,,,1,100,,172624,35,,,1,112,,172627,35,,,1,93,,172629,35,,,1,191,,172636,35,,,1,185,,172640,35,,,1,149,,172644,35,,,1
3301,'20260902',1014,,172649,35,,,1,100,,172650,35,,,1,100,,172651,35,,,1,102,,172652,35,,,1,108,,172653,35,,,1,105,,172654,35,,,1,100,,172656,35,,,1,112,,172659,35,,,1,93,,172661,35,,,1,191,,172668,35,,,1,185,,172672,35,,,1,149,,172676,35,,,1
3301,'20260903',1014,,172681,35,,,1,100,,172682,35,,,1,100,,172683,35,,,1,102,,172684,35,,,1,108,,172685,35,,,1,105,,172686,35,,,1,100,,172688,35,,,1,112,,172691,35,,,1,93,,172693,35,,,1,191,,172700,35,,,1,185,,172704,35,,,1,149,,172708,35,,,1
3301,'20260904',1014,,172713,35,,,1,100,,172714,35,,,1,100,,172715,35,,,1,102,,172716,35,,,1,108,,172717,35,,,1,105,,172718,35,,,1,100,,172720,35,,,1,112,,172723,35,,,1,93,,172725,35,,,1,191,,172732,35,,,1,185,,172736,35,,,1,149,,172740,35,,,1
3301,'20260905',1111,,273138,35,,,1,205,,273140,35,,,1,197,,273142,35,,,1,200,,273144,35,,,1,196,,273145,35,,,1,200,,273146,35,,,1,200,,273147,35,,,1,199,,273148,35,,,1
3301,'20260906',1111,,273150,35,,,1,205,,273152,35,,,1,197,,273154,35,,,1,200,,273156,35,,,1,196,,273157,35,,,1,200,,273158,35,,,1,200,,273159,35,,,1,199,,273160,35,,,1
3301,'20260907',1111,,273162,35,,,1,205,,273164,35,,,1,197,,273166,35,,,1,200,,273168,35,,,1,196,,273169,35,,,1,200,,273170,35,,,1,200,,273171,35,,,1,199,,273172,35,,,1
3301,'20260908',1014,,273175,35,,,1,100,,273176,35,,,1,100,,273177,35,,,1,102,,273178,35,,,1,108,,273179,35,,,1,105,,273180,35,,,1,100,,273182,35,,,1,112,,273185,35,,,1,93,,273187,35,,,1,191,,273194,35,,,1,185,,273198,35,,,1,149,,273202,35,,,1
3301,'20260909',1014,,273207,35,,,1,100,,273208,35,,,1,100,,273209,35,,,1,102,,273210,35,,,1,108,,273211,35,,,1,105,,273212,35,,,1,100,,273214,35,,,1,112,,273217,35,,,1,93,,273219,35,,,1,191,,273226,35,,,1,185,,273230,35,,,1,149,,273234,35,,,1
3301,'20260910',1014,,273239,35,,,1,100,,273240,35,,,1,100,,273241,35,,,1,102,,273242,35,,,1,108,,273243,35,,,1,105,,273244,35,,,1,100,,273246,35,,,1,112,,273249,35,,,1,93,,273251,35,,,1,191,,273258,35,,,1,185,,273262,35,,,1,149,,273266,35,,,1
3301,'20260911',1014,,273271,35,,,1,100,,273272,35,,,1,100,,273273,35,,,1,102,,273274,35,,,1,108,,273275,35,,,1,105,,273276,35,,,1,100,,273278,35,,,1,112,,273281,35,,,1,93,,273283,35,,,1,191,,273290,35,,,1,185,,273294,35,,,1,149,,273298,35,,,1
3301,'20260912',1111,,273302,35,,,1,205,,273304,35,,,1,197,,273306,35,,,1,200,,273308,35,,,1,196,,273309,35,,,1,200,,273310,35,,,1,200,,273311,35,,,1,199,,273312,35,,,1
3301,'20260913',1111,,273314,35,,,1,205,,273316,35,,,1,197,,273318,35,,,1,200,,273320,35,,,1,196,,273321,35,,,1,200,,273322,35,,,1,200,,273323,35,,,1,199,,273324,35,,,1
3301,'20260914',1014,,273327,35,,,1,100,,273328,35,,,1,100,,273329,35,,,1,102,,273330,35,,,1,108,,273331,35,,,1,105,,273332,35,,,1,100,,273334,35,,,1,112,,273337,35,,,1,93,,273339,35,,,1,191,,273346,35,,,1,185,,273350,35,,,1,149,,273354,35,,,1
3301,'20260915',1014,,273359,35,,,1,100,,273360,35,,,1,100,,273361,35,,,1,102,,273362,35,,,1,108,,273363,35,,,1,105,,273364,35,,,1,100,,273366,35,,,1,112,,273369,35,,,1,93,,273371,35,,,1,191,,273378,35,,,1,185,,273382,35,,,1,149,,273386,35,,,1
3301,'20260916',1014,,273391,35,,,1,100,,273392,35,,,1,100,,273393,35,,,1,102,,273394,35,,,1,108,,273395,35,,,1,105,,273396,35,,,1,100,,273398,35,,,1,112,,273401,35,,,1,93,,273403,35,,,1,191,,273410,35,,,1,185,,273414,35,,,1,149,,273418,35,,,1
3301,'20260917',1014,,273423,35,,,1,100,,273424,35,,,1,100,,273425,35,,,1,102,,273426,35,,,1,108,,273427,35,,,1,105,,273428,35,,,1,100,,273430,35,,,1,112,,273433,35,,,1,93,,273435,35,,,1,191,,273442,35,,,1,185,,273446,35,,,1,149,,273450,35,,,1
3301,'20260918',1014,,273455,35,,,1,100,,273456,35,,,1,100,,273457,35,,,1,102,,273458,35,,,1,108,,273459,35,,,1,105,,273460,35,,,1,100,,273462,35,,,1,112,,273465,35,,,1,93,,273467,35,,,1,191,,273474,35,,,1,185,,273478,35,,,1,149,,273482,35,,,1
3301,'20260919',1111,,273486,35,,,1,205,,273488,35,,,1,197,,273490,35,,,1,200,,273492,35,,,1,196,,273493,35,,,1,200,,273494,35,,,1,200,,273495,35,,,1,199,,273496,35,,,1
3301,'20260920',1111,,273498,35,,,1,205,,273500,35,,,1,197,,273502,35,,,1,200,,273504,35,,,1,196,,273505,35,,,1,200,,273506,35,,,1,200,,273507,35,,,1,199,,273508,35,,,1
3301,'20260921',1014,,273511,35,,,1,100,,273512,35,,,1,100,,273513,35,,,1,102,,273514,35,,,1,108,,273515,35,,,1,105,,273516,35,,,1,100,,273518,35,,,1,112,,273521,35,,,1,93,,273523,35,,,1,191,,273530,35,,,1,185,,273534,35,,,1,149,,273538,35,,,1
3301,'20260922',1014,,273543,35,,,1,100,,273544,35,,,1,100,,273545,35,,,1,102,,273546,35,,,1,108,,273547,35,,,1,105,,273548,35,,,1,100,,273550,35,,,1,112,,273553,35,,,1,93,,273555,35,,,1,191,,273562,35,,,1,185,,273566,35,,,1,149,,273570,35,,,1
3301,'20260923',1014,,273575,35,,,1,100,,273576,35,,,1,100,,273577,35,,,1,102,,273578,35,,,1,108,,273579,35,,,1,105,,273580,35,,,1,100,,273582,35,,,1,112,,273585,35,,,1,93,,273587,35,,,1,191,,273594,35,,,1,185,,273598,35,,,1,149,,273602,35,,,1
3301,'20260924',1014,,273607,35,,,1,100,,273608,35,,,1,100,,273609,35,,,1,102,,273610,35,,,1,108,,273611,35,,,1,105,,273612,35,,,1,100,,273614,35,,,1,112,,273617,35,,,1,93,,273619,35,,,1,191,,273626,35,,,1,185,,273630,35,,,1,149,,273634,35,,,1
3301,'20260925',1014,,273639,35,,,1,100,,273640,35,,,1,100,,273641,35,,,1,102,,273642,35,,,1,108,,273643,35,,,1,105,,273644,35,,,1,100,,273646,35,,,1,112,,273649,35,,,1,93,,273651,35,,,1,191,,273658,35,,,1,185,,273662,35,,,1,149,,273666,35,,,1
3301,'20260926',1111,,273670,35,,,1,205,,273672,35,,,1,197,,273674,35,,,1,200,,273676,35,,,1,196,,273677,35,,,1,200,,273678,35,,,1,200,,273679,35,,,1,199,,273680,35,,,1
3301,'20260927',1111,,273682,35,,,1,205,,273684,35,,,1,197,,273686,35,,,1,200,,273688,35,,,1,196,,273689,35,,,1,200,,273690,35,,,1,200,,273691,35,,,1,199,,273692,35,,,1
3301,'20260928',1014,,273695,35,,,1,100,,273696,35,,,1,100,,273697,35,,,1,102,,273698,35,,,1,108,,273699,35,,,1,105,,273700,35,,,1,100,,273702,35,,,1,112,,273705,35,,,1,93,,273707,35,,,1,191,,273714,35,,,1,185,,273718,35,,,1,149,,273722,35,,,1
3301,'20260929',1014,,273727,35,,,1,100,,273728,35,,,1,100,,273729,35,,,1,102,,273730,35,,,1,108,,273731,35,,,1,105,,273732,35,,,1,100,,273734,35,,,1,112,,273737,35,,,1,93,,273739,35,,,1,191,,273746,35,,,1,185,,273750,35,,,1,149,,273754,35,,,1
3301,'20260930',1014,,273759,35,,,1,100,,273760,35,,,1,100,,273761,35,,,1,102,,273762,35,,,1,108,,273763,35,,,1,105,,273764,35,,,1,100,,273766,35,,,1,112,,273769,35,,,1,93,,273771,35,,,1,191,,273778,35,,,1,185,,273782,35,,,1,149,,273786,35,,,1
3301,'20261001',1014,,273791,35,,,1,100,,273792,35,,,1,100,,273793,35,,,1,102,,273794,35,,,1,108,,273795,35,,,1,105,,273796,35,,,1,100,,273798,35,,,1,112,,273801,35,,,1,93,,273803,35,,,1,191,,273810,35,,,1,185,,273814,35,,,1,149,,273818,35,,,1
3301,'20261002',1014,,273823,35,,,1,100,,273824,35,,,1,100,,273825,35,,,1,102,,273826,35,,,1,108,,273827,35,,,1,105,,273828,35,,,1,100,,273830,35,,,1,112,,273833,35,,,1,93,,273835,35,,,1,191,,273842,35,,,1,185,,273846,35,,,1,149,,273850,35,,,1
3301,'20261003',1111,,273854,35,,,1,205,,273856,35,,,1,197,,273858,35,,,1,200,,273860,35,,,1,196,,273861,35,,,1,200,,273862,35,,,1,200,,273863,35,,,1,199,,273864,35,,,1
3301,'20261004',1111,,273866,35,,,1,205,,273868,35,,,1,197,,273870,35,,,1,200,,273872,35,,,1,196,,273873,35,,,1,200,,273874,35,,,1,200,,273875,35,,,1,199,,273876,35,,,1
3301,'20261005',1014,,273879,35,,,1,100,,273880,35,,,1,100,,273881,35,,,1,102,,273882,35,,,1,108,,273883,35,,,1,105,,273884,35,,,1,100,,273886,35,,,1,112,,273889,35,,,1,93,,273891,35,,,1,191,,273898,35,,,1,185,,273902,35,,,1,149,,273906,35,,,1
3301,'20261006',1014,,273911,35,,,1,100,,273912,35,,,1,100,,273913,35,,,1,102,,273914,35,,,1,108,,273915,35,,,1,105,,273916,35,,,1,100,,273918,35,,,1,112,,273921,35,,,1,93,,273923,35,,,1,191,,273930,35,,,1,185,,273934,35,,,1,149,,273938,35,,,1
3301,'20261007',1014,,273943,35,,,1,100,,273944,35,,,1,100,,273945,35,,,1,102,,273946,35,,,1,108,,273947,35,,,1,105,,273948,35,,,1,100,,273950,35,,,1,112,,273953,35,,,1,93,,273955,35,,,1,191,,273962,35,,,1,185,,273966,35,,,1,149,,273970,35,,,1
3301,'20261008',1014,,273975,35,,,1,100,,273976,35,,,1,100,,273977,35,,,1,102,,273978,35,,,1,108,,273979,35,,,1,105,,273980,35,,,1,100,,273982,35,,,1,112,,273985,35,,,1,93,,273987,35,,,1,191,,273994,35,,,1,185,,273998,35,,,1,149,,274002,35,,,1
3301,'20261009',1014,,274007,35,,,1,100,,274008,35,,,1,100,,274009,35,,,1,102,,274010,35,,,1,108,,274011,35,,,1,105,,274012,35,,,1,100,,274014,35,,,1,112,,274017,35,,,1,93,,274019,35,,,1,191,,274026,35,,,1,185,,274030,35,,,1,149,,274034,35,,,1
3301,'20261010',1111,,274038,35,,,1,205,,274040,35,,,1,197,,274042,35,,,1,200,,274044,35,,,1,196,,274045,35,,,1,200,,274046,35,,,1,200,,274047,35,,,1,199,,274048,35,,,1
3301,'20261011',1111,,274050,35,,,1,205,,274052,35,,,1,197,,274054,35,,,1,200,,274056,35,,,1,196,,274057,35,,,1,200,,274058,35,,,1,200,,274059,35,,,1,199,,274060,35,,,1
3301,'20261012',1111,,274062,35,,,1,205,,274064,35,,,1,197,,274066,35,,,1,200,,274068,35,,,1,196,,274069,35,,,1,200,,274070,35,,,1,200,,274071,35,,,1,199,,274072,35,,,1
3301,'20261013',1014,,274075,35,,,1,100,,274076,35,,,1,100,,274077,35,,,1,102,,274078,35,,,1,108,,274079,35,,,1,105,,274080,35,,,1,100,,274082,35,,,1,112,,274085,35,,,1,93,,274087,35,,,1,191,,274094,35,,,1,185,,274098,35,,,1,149,,274102,35,,,1
3301,'20261014',1014,,274107,35,,,1,100,,274108,35,,,1,100,,274109,35,,,1,102,,274110,35,,,1,108,,274111,35,,,1,105,,274112,35,,,1,100,,274114,35,,,1,112,,274117,35,,,1,93,,274119,35,,,1,191,,274126,35,,,1,185,,274130,35,,,1,149,,274134,35,,,1
3301,'20261015',1014,,274139,35,,,1,100,,274140,35,,,1,100,,274141,35,,,1,102,,274142,35,,,1,108,,274143,35,,,1,105,,274144,35,,,1,100,,274146,35,,,1,112,,274149,35,,,1,93,,274151,35,,,1,191,,274158,35,,,1,185,,274162,35,,,1,149,,274166,35,,,1
3301,'20261016',1014,,274171,35,,,1,100,,274172,35,,,1,100,,274173,35,,,1,102,,274174,35,,,1,108,,274175,35,,,1,105,,274176,35,,,1,100,,274178,35,,,1,112,,274181,35,,,1,93,,274183,35,,,1,191,,274190,35,,,1,185,,274194,35,,,1,149,,274198,35,,,1
3301,'20261017',1111,,274202,35,,,1,205,,274204,35,,,1,197,,274206,35,,,1,200,,274208,35,,,1,196,,274209,35,,,1,200,,274210,35,,,1,200,,274211,35,,,1,199,,274212,35,,,1
3301,'20261018',1111,,274214,35,,,1,205,,274216,35,,,1,197,,274218,35,,,1,200,,274220,35,,,1,196,,274221,35,,,1,200,,274222,35,,,1,200,,274223,35,,,1,199,,274224,35,,,1
3301,'20261019',1014,,274227,35,,,1,100,,274228,35,,,1,100,,274229,35,,,1,102,,274230,35,,,1,108,,274231,35,,,1,105,,274232,35,,,1,100,,274234,35,,,1,112,,274237,35,,,1,93,,274239,35,,,1,191,,274246,35,,,1,185,,274250,35,,,1,149,,274254,35,,,1
3301,'20261020',1014,,274259,35,,,1,100,,274260,35,,,1,100,,274261,35,,,1,102,,274262,35,,,1,108,,274263,35,,,1,105,,274264,35,,,1,100,,274266,35,,,1,112,,274269,35,,,1,93,,274271,35,,,1,191,,274278,35,,,1,185,,274282,35,,,1,149,,274286,35,,,1
3301,'20261021',1014,,274291,35,,,1,100,,274292,35,,,1,100,,274293,35,,,1,102,,274294,35,,,1,108,,274295,35,,,1,105,,274296,35,,,1,100,,274298,35,,,1,112,,274301,35,,,1,93,,274303,35,,,1,191,,274310,35,,,1,185,,274314,35,,,1,149,,274318,35,,,1
3301,'20261022',1014,,274323,35,,,1,100,,274324,35,,,1,100,,274325,35,,,1,102,,274326,35,,,1,108,,274327,35,,,1,105,,274328,35,,,1,100,,274330,35,,,1,112,,274333,35,,,1,93,,274335,35,,,1,191,,274342,35,,,1,185,,274346,35,,,1,149,,274350,35,,,1
3301,'20261023',1014,,274355,35,,,1,100,,274356,35,,,1,100,,274357,35,,,1,102,,274358,35,,,1,108,,274359,35,,,1,105,,274360,35,,,1,100,,274362,35,,,1,112,,274365,35,,,1,93,,274367,35,,,1,191,,274374,35,,,1,185,,274378,35,,,1,149,,274382,35,,,1
3301,'20261024',1111,,274386,35,,,1,205,,274388,35,,,1,197,,274390,35,,,1,200,,274392,35,,,1,196,,274393,35,,,1,200,,274394,35,,,1,200,,274395,35,,,1,199,,274396,35,,,1
3301,'20261025',1111,,274398,35,,,1,205,,274400,35,,,1,197,,274402,35,,,1,200,,274404,35,,,1,196,,274405,35,,,1,200,,274406,35,,,1,200,,274407,35,,,1,199,,274408,35,,,1
3301,'20261026',1014,,274411,35,,,1,100,,274412,35,,,1,100,,274413,35,,,1,102,,274414,35,,,1,108,,274415,35,,,1,105,,274416,35,,,1,100,,274418,35,,,1,112,,274421,35,,,1,93,,274423,35,,,1,191,,274430,35,,,1,185,,274434,35,,,1,149,,274438,35,,,1
3301,'20261027',1014,,274443,35,,,1,100,,274444,35,,,1,100,,274445,35,,,1,102,,274446,35,,,1,108,,274447,35,,,1,105,,274448,35,,,1,100,,274450,35,,,1,112,,274453,35,,,1,93,,274455,35,,,1,191,,274462,35,,,1,185,,274466,35,,,1,149,,274470,35,,,1
3301,'20261028',1014,,274475,35,,,1,100,,274476,35,,,1,100,,274477,35,,,1,102,,274478,35,,,1,108,,274479,35,,,1,105,,274480,35,,,1,100,,274482,35,,,1,112,,274485,35,,,1,93,,274487,35,,,1,191,,274494,35,,,1,185,,274498,35,,,1,149,,274502,35,,,1
3301,'20261029',1014,,274507,35,,,1,100,,274508,35,,,1,100,,274509,35,,,1,102,,274510,35,,,1,108,,274511,35,,,1,105,,274512,35,,,1,100,,274514,35,,,1,112,,274517,35,,,1,93,,274519,35,,,1,191,,274526,35,,,1,185,,274530,35,,,1,149,,274534,35,,,1
3301,'20261030',1014,,274539,35,,,1,100,,274540,35,,,1,100,,274541,35,,,1,102,,274542,35,,,1,108,,274543,35,,,1,105,,274544,35,,,1,100,,274546,35,,,1,112,,274549,35,,,1,93,,274551,35,,,1,191,,274558,35,,,1,185,,274562,35,,,1,149,,274566,35,,,1
3301,'20261031',1111,,274570,35,,,1,205,,274572,35,,,1,197,,274574,35,,,1,200,,274576,35,,,1,196,,274577,35,,,1,200,,274578,35,,,1,200,,274579,35,,,1,199,,274580,35,,,1
3301,'20261101',1111,,274582,35,,,1,205,,274584,35,,,1,197,,274586,35,,,1,200,,274588,35,,,1,196,,274589,35,,,1,200,,274590,35,,,1,200,,274591,35,,,1,199,,274592,35,,,1
3301,'20261102',1014,,274595,35,,,1,100,,274596,35,,,1,100,,274597,35,,,1,102,,274598,35,,,1,108,,274599,35,,,1,105,,274600,35,,,1,100,,274602,35,,,1,112,,274605,35,,,1,93,,274607,35,,,1,191,,274614,35,,,1,185,,274618,35,,,1,149,,274622,35,,,1
3301,'20261103',1014,,274627,35,,,1,100,,274628,35,,,1,100,,274629,35,,,1,102,,274630,35,,,1,108,,274631,35,,,1,105,,274632,35,,,1,100,,274634,35,,,1,112,,274637,35,,,1,93,,274639,35,,,1,191,,274646,35,,,1,185,,274650,35,,,1,149,,274654,35,,,1
3301,'20261104',1014,,274659,35,,,1,100,,274660,35,,,1,100,,274661,35,,,1,102,,274662,35,,,1,108,,274663,35,,,1,105,,274664,35,,,1,100,,274666,35,,,1,112,,274669,35,,,1,93,,274671,35,,,1,191,,274678,35,,,1,185,,274682,35,,,1,149,,274686,35,,,1
3301,'20261105',1014,,274691,35,,,1,100,,274692,35,,,1,100,,274693,35,,,1,102,,274694,35,,,1,108,,274695,35,,,1,105,,274696,35,,,1,100,,274698,35,,,1,112,,274701,35,,,1,93,,274703,35,,,1,191,,274710,35,,,1,185,,274714,35,,,1,149,,274718,35,,,1
3301,'20261106',1014,,274723,35,,,1,100,,274724,35,,,1,100,,274725,35,,,1,102,,274726,35,,,1,108,,274727,35,,,1,105,,274728,35,,,1,100,,274730,35,,,1,112,,274733,35,,,1,93,,274735,35,,,1,191,,274742,35,,,1,185,,274746,35,,,1,149,,274750,35,,,1
3301,'20261107',1111,,274754,35,,,1,205,,274756,35,,,1,197,,274758,35,,,1,200,,274760,35,,,1,196,,274761,35,,,1,200,,274762,35,,,1,200,,274763,35,,,1,199,,274764,35,,,1
3301,'20261108',1111,,274766,35,,,1,205,,274768,35,,,1,197,,274770,35,,,1,200,,274772,35,,,1,196,,274773,35,,,1,200,,274774,35,,,1,200,,274775,35,,,1,199,,274776,35,,,1
3301,'20261109',1014,,274779,35,,,1,100,,274780,35,,,1,100,,274781,35,,,1,102,,274782,35,,,1,108,,274783,35,,,1,105,,274784,35,,,1,100,,274786,35,,,1,112,,274789,35,,,1,93,,274791,35,,,1,191,,274798,35,,,1,185,,274802,35,,,1,149,,274806,35,,,1
3301,'20261110',1014,,274811,35,,,1,100,,274812,35,,,1,100,,274813,35,,,1,102,,274814,35,,,1,108,,274815,35,,,1,105,,274816,35,,,1,100,,274818,35,,,1,112,,274821,35,,,1,93,,274823,35,,,1,191,,274830,35,,,1,185,,274834,35,,,1,149,,274838,35,,,1
3301,'20261111',1014,,274843,35,,,1,100,,274844,35,,,1,100,,274845,35,,,1,102,,274846,35,,,1,108,,274847,35,,,1,105,,274848,35,,,1,100,,274850,35,,,1,112,,274853,35,,,1,93,,274855,35,,,1,191,,274862,35,,,1,185,,274866,35,,,1,149,,274870,35,,,1
3301,'20261112',1014,,274875,35,,,1,100,,274876,35,,,1,100,,274877,35,,,1,102,,274878,35,,,1,108,,274879,35,,,1,105,,274880,35,,,1,100,,274882,35,,,1,112,,274885,35,,,1,93,,274887,35,,,1,191,,274894,35,,,1,185,,274898,35,,,1,149,,274902,35,,,1
3301,'20261113',1014,,274907,35,,,1,100,,274908,35,,,1,100,,274909,35,,,1,102,,274910,35,,,1,108,,274911,35,,,1,105,,274912,35,,,1,100,,274914,35,,,1,112,,274917,35,,,1,93,,274919,35,,,1,191,,274926,35,,,1,185,,274930,35,,,1,149,,274934,35,,,1
3301,'20261114',1111,,274938,35,,,1,205,,274940,35,,,1,197,,274942,35,,,1,200,,274944,35,,,1,196,,274945,35,,,1,200,,274946,35,,,1,200,,274947,35,,,1,199,,274948,35,,,1
3301,'20261115',1111,,274950,35,,,1,205,,274952,35,,,1,197,,274954,35,,,1,200,,274956,35,,,1,196,,274957,35,,,1,200,,274958,35,,,1,200,,274959,35,,,1,199,,274960,35,,,1
3301,'20261116',1014,,274963,35,,,1,100,,274964,35,,,1,100,,274965,35,,,1,102,,274966,35,,,1,108,,274967,35,,,1,105,,274968,35,,,1,100,,274970,35,,,1,112,,274973,35,,,1,93,,274975,35,,,1,191,,274982,35,,,1,185,,274986,35,,,1,149,,274990,35,,,1
3301,'20261117',1014,,274995,35,,,1,100,,274996,35,,,1,100,,274997,35,,,1,102,,274998,35,,,1,108,,274999,35,,,1,105,,275000,35,,,1,100,,275002,35,,,1,112,,275005,35,,,1,93,,275007,35,,,1,191,,275014,35,,,1,185,,275018,35,,,1,149,,275022,35,,,1
3301,'20261118',1014,,275027,35,,,1,100,,275028,35,,,1,100,,275029,35,,,1,102,,275030,35,,,1,108,,275031,35,,,1,105,,275032,35,,,1,100,,275034,35,,,1,112,,275037,35,,,1,93,,275039,35,,,1,191,,275046,35,,,1,185,,275050,35,,,1,149,,275054,35,,,1
3301,'20261119',1014,,275059,35,,,1,100,,275060,35,,,1,100,,275061,35,,,1,102,,275062,35,,,1,108,,275063,35,,,1,105,,275064,35,,,1,100,,275066,35,,,1,112,,275069,35,,,1,93,,275071,35,,,1,191,,275078,35,,,1,185,,275082,35,,,1,149,,275086,35,,,1
3301,'20261120',1014,,275091,35,,,1,100,,275092,35,,,1,100,,275093,35,,,1,102,,275094,35,,,1,108,,275095,35,,,1,105,,275096,35,,,1,100,,275098,35,,,1,112,,275101,35,,,1,93,,275103,35,,,1,191,,275110,35,,,1,185,,275114,35,,,1,149,,275118,35,,,1
3301,'20261121',1111,,275122,35,,,1,205,,275124,35,,,1,197,,275126,35,,,1,200,,275128,35,,,1,196,,275129,35,,,1,200,,275130,35,,,1,200,,275131,35,,,1,199,,275132,35,,,1
3301,'20261122',1111,,275134,35,,,1,205,,275136,35,,,1,197,,275138,35,,,1,200,,275140,35,,,1,196,,275141,35,,,1,200,,275142,35,,,1,200,,275143,35,,,1,199,,275144,35,,,1
3301,'20261123',1014,,275147,35,,,1,100,,275148,35,,,1,100,,275149,35,,,1,102,,275150,35,,,1,108,,275151,35,,,1,105,,275152,35,,,1,100,,275154,35,,,1,112,,275157,35,,,1,93,,275159,35,,,1,191,,275166,35,,,1,185,,275170,35,,,1,149,,275174,35,,,1
3301,'20261124',1014,,275179,35,,,1,100,,275180,35,,,1,100,,275181,35,,,1,102,,275182,35,,,1,108,,275183,35,,,1,105,,275184,35,,,1,100,,275186,35,,,1,112,,275189,35,,,1,93,,275191,35,,,1,191,,275198,35,,,1,185,,275202,35,,,1,149,,275206,35,,,1
3301,'20261125',1014,,275211,35,,,1,100,,275212,35,,,1,100,,275213,35,,,1,102,,275214,35,,,1,108,,275215,35,,,1,105,,275216,35,,,1,100,,275218,35,,,1,112,,275221,35,,,1,93,,275223,35,,,1,191,,275230,35,,,1,185,,275234,35,,,1,149,,275238,35,,,1
3301,'20261126',1014,,275243,35,,,1,100,,275244,35,,,1,100,,275245,35,,,1,102,,275246,35,,,1,108,,275247,35,,,1,105,,275248,35,,,1,100,,275250,35,,,1,112,,275253,35,,,1,93,,275255,35,,,1,191,,275262,35,,,1,185,,275266,35,,,1,149,,275270,35,,,1
3301,'20261127',1014,,275275,35,,,1,100,,275276,35,,,1,100,,275277,35,,,1,102,,275278,35,,,1,108,,275279,35,,,1,105,,275280,35,,,1,100,,275282,35,,,1,112,,275285,35,,,1,93,,275287,35,,,1,191,,275294,35,,,1,185,,275298,35,,,1,149,,275302,35,,,1
