7000,'20260831',1104,,206243,1,0,34 35,1,200,,206244,1,0,34 35,1,200,,206245,1,0,34 35,1,415,,206247,1,0,34 35,1,85,,206248,1,0,34 35,1,100,,206249,1,0,34 35,1,204,,206250,1,0,34 35,1
7000,'20260901',1104,,206251,1,0,34 35,1,200,,206252,1,0,34 35,1,200,,206253,1,0,34 35,1,415,,206255,1,0,34 35,1,85,,206256,1,0,34 35,1,100,,206257,1,0,34 35,1,204,,206258,1,0,34 35,1
7000,'20260902',1104,,206259,1,0,34 35,1,200,,206260,1,0,34 35,1,200,,206261,1,0,34 35,1,415,,206263,1,0,34 35,1,85,,206264,1,0,34 35,1,100,,206265,1,0,34 35,1,204,,206266,1,0,34 35,1
7000,'20260903',1104,,206267,1,0,34 35,1,200,,206268,1,0,34 35,1,200,,206269,1,0,34 35,1,415,,206271,1,0,34 35,1,85,,206272,1,0,34 35,1,100,,206273,1,0,34 35,1,204,,206274,1,0,34 35,1
7000,'20260904',1104,,206275,1,0,34 35,1,200,,206276,1,0,34 35,1,200,,206277,1,0,34 35,1,415,,206279,1,0,34 35,1,85,,206280,1,0,34 35,1,100,,206281,1,0,34 35,1,204,,206282,1,0,34 35,1
7000,'20260905',1003,,316881,1,0,34 35,1,200,,316882,1,0,34 35,1,200,,316883,1,0,34 35,1,200,,316884,1,0,34 35,1,200,,316885,1,0,34 35,1,200,,316886,1,0,34 35,1
7000,'20260906',1003,,316889,1,0,34 35,1,200,,316890,1,0,34 35,1,200,,316891,1,0,34 35,1,200,,316892,1,0,34 35,1,200,,316893,1,0,34 35,1,200,,316894,1,0,34 35,1
7000,'20260907',1003,,316897,1,0,34 35,1,200,,316898,1,0,34 35,1,200,,316899,1,0,34 35,1,200,,316900,1,0,34 35,1,200,,316901,1,0,34 35,1,200,,316902,1,0,34 35,1
7000,'20260908',1104,,316905,1,0,34 35,1,200,,316906,1,0,34 35,1,200,,316907,1,0,34 35,1,415,,316909,1,0,34 35,1,85,,316910,1,0,34 35,1
7000,'20260909',1104,,316913,1,0,34 35,1,200,,316914,1,0,34 35,1,200,,316915,1,0,34 35,1,415,,316917,1,0,34 35,1,85,,316918,1,0,34 35,1
7000,'20260910',1104,,316921,1,0,34 35,1,200,,316922,1,0,34 35,1,200,,316923,1,0,34 35,1,415,,316925,1,0,34 35,1,85,,316926,1,0,34 35,1
7000,'20260911',1104,,316929,1,0,34 35,1,200,,316930,1,0,34 35,1,200,,316931,1,0,34 35,1,415,,316933,1,0,34 35,1,85,,316934,1,0,34 35,1
7000,'20260914',1104,,316937,1,0,34 35,1,200,,316938,1,0,34 35,1,200,,316939,1,0,34 35,1,415,,316941,1,0,34 35,1,85,,316942,1,0,34 35,1
7000,'20260915',1104,,316945,1,0,34 35,1,200,,316946,1,0,34 35,1,200,,316947,1,0,34 35,1,415,,316949,1,0,34 35,1,85,,316950,1,0,34 35,1
7000,'20260916',1104,,316953,1,0,34 35,1,200,,316954,1,0,34 35,1,200,,316955,1,0,34 35,1,415,,316957,1,0,34 35,1,85,,316958,1,0,34 35,1
7000,'20260917',1104,,316961,1,0,34 35,1,200,,316962,1,0,34 35,1,200,,316963,1,0,34 35,1,415,,316965,1,0,34 35,1,85,,316966,1,0,34 35,1
7000,'20260918',1104,,316969,1,0,34 35,1,200,,316970,1,0,34 35,1,200,,316971,1,0,34 35,1,415,,316973,1,0,34 35,1,85,,316974,1,0,34 35,1
7000,'20260921',1104,,316977,1,0,34 35,1,200,,316978,1,0,34 35,1,200,,316979,1,0,34 35,1,415,,316981,1,0,34 35,1,85,,316982,1,0,34 35,1
7000,'20260922',1104,,316985,1,0,34 35,1,200,,316986,1,0,34 35,1,200,,316987,1,0,34 35,1,415,,316989,1,0,34 35,1,85,,316990,1,0,34 35,1
7000,'20260923',1104,,316993,1,0,34 35,1,200,,316994,1,0,34 35,1,200,,316995,1,0,34 35,1,415,,316997,1,0,34 35,1,85,,316998,1,0,34 35,1
7000,'20260924',1104,,317001,1,0,34 35,1,200,,317002,1,0,34 35,1,200,,317003,1,0,34 35,1,415,,317005,1,0,34 35,1,85,,317006,1,0,34 35,1
7000,'20260925',1104,,317009,1,0,34 35,1,200,,317010,1,0,34 35,1,200,,317011,1,0,34 35,1,415,,317013,1,0,34 35,1,85,,317014,1,0,34 35,1
7000,'20260928',1104,,317017,1,0,34 35,1,200,,317018,1,0,34 35,1,200,,317019,1,0,34 35,1,415,,317021,1,0,34 35,1,85,,317022,1,0,34 35,1
7000,'20260929',1104,,317025,1,0,34 35,1,200,,317026,1,0,34 35,1,200,,317027,1,0,34 35,1,415,,317029,1,0,34 35,1,85,,317030,1,0,34 35,1
7000,'20260930',1104,,317033,1,0,34 35,1,200,,317034,1,0,34 35,1,200,,317035,1,0,34 35,1,415,,317037,1,0,34 35,1,85,,317038,1,0,34 35,1
7000,'20261001',1104,,317041,1,0,34 35,1,200,,317042,1,0,34 35,1,200,,317043,1,0,34 35,1,415,,317045,1,0,34 35,1,85,,317046,1,0,34 35,1
7000,'20261002',1104,,317049,1,0,34 35,1,200,,317050,1,0,34 35,1,200,,317051,1,0,34 35,1,415,,317053,1,0,34 35,1,85,,317054,1,0,34 35,1
7000,'20261005',1104,,317057,1,0,34 35,1,200,,317058,1,0,34 35,1,200,,317059,1,0,34 35,1,415,,317061,1,0,34 35,1,85,,317062,1,0,34 35,1
7000,'20261006',1104,,317065,1,0,34 35,1,200,,317066,1,0,34 35,1,200,,317067,1,0,34 35,1,415,,317069,1,0,34 35,1,85,,317070,1,0,34 35,1
7000,'20261007',1104,,317073,1,0,34 35,1,200,,317074,1,0,34 35,1,200,,317075,1,0,34 35,1,415,,317077,1,0,34 35,1,85,,317078,1,0,34 35,1
7000,'20261008',1104,,317081,1,0,34 35,1,200,,317082,1,0,34 35,1,200,,317083,1,0,34 35,1,415,,317085,1,0,34 35,1,85,,317086,1,0,34 35,1
7000,'20261009',1104,,317089,1,0,34 35,1,200,,317090,1,0,34 35,1,200,,317091,1,0,34 35,1,415,,317093,1,0,34 35,1,85,,317094,1,0,34 35,1
7000,'20261013',1104,,317097,1,0,34 35,1,200,,317098,1,0,34 35,1,200,,317099,1,0,34 35,1,415,,317101,1,0,34 35,1,85,,317102,1,0,34 35,1
7000,'20261014',1104,,317105,1,0,34 35,1,200,,317106,1,0,34 35,1,200,,317107,1,0,34 35,1,415,,317109,1,0,34 35,1,85,,317110,1,0,34 35,1
7000,'20261015',1104,,317113,1,0,34 35,1,200,,317114,1,0,34 35,1,200,,317115,1,0,34 35,1,415,,317117,1,0,34 35,1,85,,317118,1,0,34 35,1
7000,'20261016',1104,,317121,1,0,34 35,1,200,,317122,1,0,34 35,1,200,,317123,1,0,34 35,1,415,,317125,1,0,34 35,1,85,,317126,1,0,34 35,1
7000,'20261019',1104,,317129,1,0,34 35,1,200,,317130,1,0,34 35,1,200,,317131,1,0,34 35,1,415,,317133,1,0,34 35,1,85,,317134,1,0,34 35,1
7000,'20261020',1104,,317137,1,0,34 35,1,200,,317138,1,0,34 35,1,200,,317139,1,0,34 35,1,415,,317141,1,0,34 35,1,85,,317142,1,0,34 35,1
7000,'20261021',1104,,317145,1,0,34 35,1,200,,317146,1,0,34 35,1,200,,317147,1,0,34 35,1,415,,317149,1,0,34 35,1,85,,317150,1,0,34 35,1
7000,'20261022',1104,,317153,1,0,34 35,1,200,,317154,1,0,34 35,1,200,,317155,1,0,34 35,1,415,,317157,1,0,34 35,1,85,,317158,1,0,34 35,1
7000,'20261023',1104,,317161,1,0,34 35,1,200,,317162,1,0,34 35,1,200,,317163,1,0,34 35,1,415,,317165,1,0,34 35,1,85,,317166,1,0,34 35,1
7000,'20261026',1104,,317169,1,0,34 35,1,200,,317170,1,0,34 35,1,200,,317171,1,0,34 35,1,415,,317173,1,0,34 35,1,85,,317174,1,0,34 35,1
7000,'20261027',1104,,317177,1,0,34 35,1,200,,317178,1,0,34 35,1,200,,317179,1,0,34 35,1,415,,317181,1,0,34 35,1,85,,317182,1,0,34 35,1
7000,'20261028',1104,,317185,1,0,34 35,1,200,,317186,1,0,34 35,1,200,,317187,1,0,34 35,1,415,,317189,1,0,34 35,1,85,,317190,1,0,34 35,1
7000,'20261029',1104,,317193,1,0,34 35,1,200,,317194,1,0,34 35,1,200,,317195,1,0,34 35,1,415,,317197,1,0,34 35,1,85,,317198,1,0,34 35,1
7000,'20261030',1104,,317201,1,0,34 35,1,200,,317202,1,0,34 35,1,200,,317203,1,0,34 35,1,415,,317205,1,0,34 35,1,85,,317206,1,0,34 35,1
7000,'20261102',1104,,317209,1,0,34 35,1,200,,317210,1,0,34 35,1,200,,317211,1,0,34 35,1,415,,317213,1,0,34 35,1,85,,317214,1,0,34 35,1
7000,'20261103',1104,,317217,1,0,34 35,1,200,,317218,1,0,34 35,1,200,,317219,1,0,34 35,1,415,,317221,1,0,34 35,1,85,,317222,1,0,34 35,1
7000,'20261104',1104,,317225,1,0,34 35,1,200,,317226,1,0,34 35,1,200,,317227,1,0,34 35,1,415,,317229,1,0,34 35,1,85,,317230,1,0,34 35,1
7000,'20261105',1104,,317233,1,0,34 35,1,200,,317234,1,0,34 35,1,200,,317235,1,0,34 35,1,415,,317237,1,0,34 35,1,85,,317238,1,0,34 35,1
7000,'20261106',1104,,317241,1,0,34 35,1,200,,317242,1,0,34 35,1,200,,317243,1,0,34 35,1,415,,317245,1,0,34 35,1,85,,317246,1,0,34 35,1
7000,'20261109',1104,,317249,1,0,34 35,1,200,,317250,1,0,34 35,1,200,,317251,1,0,34 35,1,415,,317253,1,0,34 35,1,85,,317254,1,0,34 35,1
7000,'20261110',1104,,317257,1,0,34 35,1,200,,317258,1,0,34 35,1,200,,317259,1,0,34 35,1,415,,317261,1,0,34 35,1,85,,317262,1,0,34 35,1
7000,'20261111',1104,,317265,1,0,34 35,1,200,,317266,1,0,34 35,1,200,,317267,1,0,34 35,1,415,,317269,1,0,34 35,1,85,,317270,1,0,34 35,1
7000,'20261112',1104,,317273,1,0,34 35,1,200,,317274,1,0,34 35,1,200,,317275,1,0,34 35,1,415,,317277,1,0,34 35,1,85,,317278,1,0,34 35,1
7000,'20261113',1104,,317281,1,0,34 35,1,200,,317282,1,0,34 35,1,200,,317283,1,0,34 35,1,415,,317285,1,0,34 35,1,85,,317286,1,0,34 35,1
7000,'20261116',1104,,317289,1,0,34 35,1,200,,317290,1,0,34 35,1,200,,317291,1,0,34 35,1,415,,317293,1,0,34 35,1,85,,317294,1,0,34 35,1
7000,'20261117',1104,,317297,1,0,34 35,1,200,,317298,1,0,34 35,1,200,,317299,1,0,34 35,1,415,,317301,1,0,34 35,1,85,,317302,1,0,34 35,1
7000,'20261118',1104,,317305,1,0,34 35,1,200,,317306,1,0,34 35,1,200,,317307,1,0,34 35,1,415,,317309,1,0,34 35,1,85,,317310,1,0,34 35,1
7000,'20261119',1104,,317313,1,0,34 35,1,200,,317314,1,0,34 35,1,200,,317315,1,0,34 35,1,415,,317317,1,0,34 35,1,85,,317318,1,0,34 35,1
7000,'20261120',1104,,317321,1,0,34 35,1,200,,317322,1,0,34 35,1,200,,317323,1,0,34 35,1,415,,317325,1,0,34 35,1,85,,317326,1,0,34 35,1
7000,'20261123',1104,,317329,1,0,34 35,1,200,,317330,1,0,34 35,1,200,,317331,1,0,34 35,1,415,,317333,1,0,34 35,1,85,,317334,1,0,34 35,1
7000,'20261124',1104,,317337,1,0,34 35,1,200,,317338,1,0,34 35,1,200,,317339,1,0,34 35,1,415,,317341,1,0,34 35,1,85,,317342,1,0,34 35,1
7000,'20261125',1104,,317345,1,0,34 35,1,200,,317346,1,0,34 35,1,200,,317347,1,0,34 35,1,415,,317349,1,0,34 35,1,85,,317350,1,0,34 35,1
7000,'20261126',1104,,317353,1,0,34 35,1,200,,317354,1,0,34 35,1,200,,317355,1,0,34 35,1,415,,317357,1,0,34 35,1,85,,317358,1,0,34 35,1
7000,'20261127',1104,,317361,1,0,34 35,1,200,,317362,1,0,34 35,1,200,,317363,1,0,34 35,1,415,,317365,1,0,34 35,1,85,,317366,1,0,34 35,1
7001,'20260831',1111,,206891,28,4,,1,200,,206892,28,4,,1,200,,206893,28,4,,1,144,,206894,28,,,1,256,,206895,28,4,,1,200,,206896,28,4,,1
7001,'20260901',1111,,206899,28,4,,1,200,,206900,28,4,,1,200,,206901,28,4,,1,144,,206902,28,,,1,256,,206903,28,4,,1,200,,206904,28,4,,1
7001,'20260902',1111,,206907,28,4,,1,200,,206908,28,4,,1,200,,206909,28,4,,1,144,,206910,28,,,1,256,,206911,28,4,,1,200,,206912,28,4,,1
7001,'20260903',1111,,206915,28,4,,1,200,,206916,28,4,,1,200,,206917,28,4,,1,144,,206918,28,,,1,256,,206919,28,4,,1,200,,206920,28,4,,1
7001,'20260904',1111,,206923,28,4,,1,200,,206924,28,4,,1,200,,206925,28,4,,1,144,,206926,28,,,1,256,,206927,28,4,,1,200,,206928,28,4,,1
7001,'20260905',1011,,317370,28,4,,1,200,,317371,28,4,,1,200,,317372,28,4,,1,200,,317373,28,4,,1,200,,317374,28,4,,1,200,,317375,28,4,,1
7001,'20260906',1011,,317377,28,4,,1,200,,317378,28,4,,1,200,,317379,28,4,,1,200,,317380,28,4,,1,200,,317381,28,4,,1,200,,317382,28,4,,1
7001,'20260907',1011,,317384,28,4,,1,200,,317385,28,4,,1,200,,317386,28,4,,1,200,,317387,28,4,,1,200,,317388,28,4,,1,200,,317389,28,4,,1
7001,'20260908',1111,,317392,28,4,,1,200,,317393,28,4,,1,200,,317394,28,4,,1,144,,317395,28,,,1,256,,317396,28,4,,1
7001,'20260909',1111,,317399,28,4,,1,200,,317400,28,4,,1,200,,317401,28,4,,1,144,,317402,28,,,1,256,,317403,28,4,,1
7001,'20260910',1111,,317406,28,4,,1,200,,317407,28,4,,1,200,,317408,28,4,,1,144,,317409,28,,,1,256,,317410,28,4,,1
7001,'20260911',1111,,317413,28,4,,1,200,,317414,28,4,,1,200,,317415,28,4,,1,144,,317416,28,,,1,256,,317417,28,4,,1
7001,'20260912',1010,,317418,28,4,,1
7001,'20260913',1010,,317419,28,4,,1
7001,'20260914',1111,,317422,28,4,,1,200,,317423,28,4,,1,200,,317424,28,4,,1,144,,317425,28,,,1,256,,317426,28,4,,1
7001,'20260915',1111,,317429,28,4,,1,200,,317430,28,4,,1,200,,317431,28,4,,1,144,,317432,28,,,1,256,,317433,28,4,,1
7001,'20260916',1111,,317436,28,4,,1,200,,317437,28,4,,1,200,,317438,28,4,,1,144,,317439,28,,,1,256,,317440,28,4,,1
7001,'20260917',1111,,317443,28,4,,1,200,,317444,28,4,,1,200,,317445,28,4,,1,144,,317446,28,,,1,256,,317447,28,4,,1
7001,'20260918',1111,,317450,28,4,,1,200,,317451,28,4,,1,200,,317452,28,4,,1,144,,317453,28,,,1,256,,317454,28,4,,1
7001,'20260919',1010,,317455,28,4,,1
7001,'20260920',1010,,317456,28,4,,1
7001,'20260921',1111,,317459,28,4,,1,200,,317460,28,4,,1,200,,317461,28,4,,1,144,,317462,28,,,1,256,,317463,28,4,,1
7001,'20260922',1111,,317466,28,4,,1,200,,317467,28,4,,1,200,,317468,28,4,,1,144,,317469,28,,,1,256,,317470,28,4,,1
7001,'20260923',1111,,317473,28,4,,1,200,,317474,28,4,,1,200,,317475,28,4,,1,144,,317476,28,,,1,256,,317477,28,4,,1
7001,'20260924',1111,,317480,28,4,,1,200,,317481,28,4,,1,200,,317482,28,4,,1,144,,317483,28,,,1,256,,317484,28,4,,1
7001,'20260925',1111,,317487,28,4,,1,200,,317488,28,4,,1,200,,317489,28,4,,1,144,,317490,28,,,1,256,,317491,28,4,,1
7001,'20260926',1010,,317492,28,4,,1
7001,'20260927',1010,,317493,28,4,,1
7001,'20260928',1111,,317496,28,4,,1,200,,317497,28,4,,1,200,,317498,28,4,,1,144,,317499,28,,,1,256,,317500,28,4,,1
7001,'20260929',1111,,317503,28,4,,1,200,,317504,28,4,,1,200,,317505,28,4,,1,144,,317506,28,,,1,256,,317507,28,4,,1
7001,'20260930',1111,,317510,28,4,,1,200,,317511,28,4,,1,200,,317512,28,4,,1,144,,317513,28,,,1,256,,317514,28,4,,1
7001,'20261001',1111,,317517,28,4,,1,200,,317518,28,4,,1,200,,317519,28,4,,1,144,,317520,28,,,1,256,,317521,28,4,,1
7001,'20261002',1111,,317524,28,4,,1,200,,317525,28,4,,1,200,,317526,28,4,,1,144,,317527,28,,,1,256,,317528,28,4,,1
7001,'20261003',1010,,317529,28,4,,1
7001,'20261004',1010,,317530,28,4,,1
7001,'20261005',1111,,317533,28,4,,1,200,,317534,28,4,,1,200,,317535,28,4,,1,144,,317536,28,,,1,256,,317537,28,4,,1
7001,'20261006',1111,,317540,28,4,,1,200,,317541,28,4,,1,200,,317542,28,4,,1,144,,317543,28,,,1,256,,317544,28,4,,1
7001,'20261007',1111,,317547,28,4,,1,200,,317548,28,4,,1,200,,317549,28,4,,1,144,,317550,28,,,1,256,,317551,28,4,,1
7001,'20261008',1111,,317554,28,4,,1,200,,317555,28,4,,1,200,,317556,28,4,,1,144,,317557,28,,,1,256,,317558,28,4,,1
7001,'20261009',1111,,317561,28,4,,1,200,,317562,28,4,,1,200,,317563,28,4,,1,144,,317564,28,,,1,256,,317565,28,4,,1
7001,'20261010',1010,,317566,28,4,,1
7001,'20261011',1010,,317567,28,4,,1
7001,'20261012',1010,,317568,28,4,,1
7001,'20261013',1111,,317571,28,4,,1,200,,317572,28,4,,1,200,,317573,28,4,,1,144,,317574,28,,,1,256,,317575,28,4,,1
7001,'20261014',1111,,317578,28,4,,1,200,,317579,28,4,,1,200,,317580,28,4,,1,144,,317581,28,,,1,256,,317582,28,4,,1
7001,'20261015',1111,,317585,28,4,,1,200,,317586,28,4,,1,200,,317587,28,4,,1,144,,317588,28,,,1,256,,317589,28,4,,1
7001,'20261016',1111,,317592,28,4,,1,200,,317593,28,4,,1,200,,317594,28,4,,1,144,,317595,28,,,1,256,,317596,28,4,,1
7001,'20261017',1010,,317597,28,4,,1
7001,'20261018',1010,,317598,28,4,,1
7001,'20261019',1111,,317601,28,4,,1,200,,317602,28,4,,1,200,,317603,28,4,,1,144,,317604,28,,,1,256,,317605,28,4,,1
7001,'20261020',1111,,317608,28,4,,1,200,,317609,28,4,,1,200,,317610,28,4,,1,144,,317611,28,,,1,256,,317612,28,4,,1
7001,'20261021',1111,,317615,28,4,,1,200,,317616,28,4,,1,200,,317617,28,4,,1,144,,317618,28,,,1,256,,317619,28,4,,1
7001,'20261022',1111,,317622,28,4,,1,200,,317623,28,4,,1,200,,317624,28,4,,1,144,,317625,28,,,1,256,,317626,28,4,,1
7001,'20261023',1111,,317629,28,4,,1,200,,317630,28,4,,1,200,,317631,28,4,,1,144,,317632,28,,,1,256,,317633,28,4,,1
7001,'20261024',1010,,317634,28,4,,1
7001,'20261025',1010,,317635,28,4,,1
7001,'20261026',1111,,317638,28,4,,1,200,,317639,28,4,,1,200,,317640,28,4,,1,144,,317641,28,,,1,256,,317642,28,4,,1
7001,'20261027',1111,,317645,28,4,,1,200,,317646,28,4,,1,200,,317647,28,4,,1,144,,317648,28,,,1,256,,317649,28,4,,1
7001,'20261028',1111,,317652,28,4,,1,200,,317653,28,4,,1,200,,317654,28,4,,1,144,,317655,28,,,1,256,,317656,28,4,,1
7001,'20261029',1111,,317659,28,4,,1,200,,317660,28,4,,1,200,,317661,28,4,,1,144,,317662,28,,,1,256,,317663,28,4,,1
7001,'20261030',1111,,317666,28,4,,1,200,,317667,28,4,,1,200,,317668,28,4,,1,144,,317669,28,,,1,256,,317670,28,4,,1
7001,'20261031',1010,,317671,28,4,,1
7001,'20261101',1010,,317672,28,4,,1
7001,'20261102',1111,,317675,28,4,,1,200,,317676,28,4,,1,200,,317677,28,4,,1,144,,317678,28,,,1,256,,317679,28,4,,1
7001,'20261103',1111,,317682,28,4,,1,200,,317683,28,4,,1,200,,317684,28,4,,1,144,,317685,28,,,1,256,,317686,28,4,,1
7001,'20261104',1111,,317689,28,4,,1,200,,317690,28,4,,1,200,,317691,28,4,,1,144,,317692,28,,,1,256,,317693,28,4,,1
7001,'20261105',1111,,317696,28,4,,1,200,,317697,28,4,,1,200,,317698,28,4,,1,144,,317699,28,,,1,256,,317700,28,4,,1
7001,'20261106',1111,,317703,28,4,,1,200,,317704,28,4,,1,200,,317705,28,4,,1,144,,317706,28,,,1,256,,317707,28,4,,1
7001,'20261107',1010,,317708,28,4,,1
7001,'20261108',1010,,317709,28,4,,1
7001,'20261109',1111,,317712,28,4,,1,200,,317713,28,4,,1,200,,317714,28,4,,1,144,,317715,28,,,1,256,,317716,28,4,,1
7001,'20261110',1111,,317719,28,4,,1,200,,317720,28,4,,1,200,,317721,28,4,,1,144,,317722,28,,,1,256,,317723,28,4,,1
7001,'20261111',1111,,317726,28,4,,1,200,,317727,28,4,,1,200,,317728,28,4,,1,144,,317729,28,,,1,256,,317730,28,4,,1
7001,'20261112',1111,,317733,28,4,,1,200,,317734,28,4,,1,200,,317735,28,4,,1,144,,317736,28,,,1,256,,317737,28,4,,1
7001,'20261113',1111,,317740,28,4,,1,200,,317741,28,4,,1,200,,317742,28,4,,1,144,,317743,28,,,1,256,,317744,28,4,,1
7001,'20261114',1010,,317745,28,4,,1
7001,'20261115',1010,,317746,28,4,,1
7001,'20261116',1111,,317749,28,4,,1,200,,317750,28,4,,1,200,,317751,28,4,,1,144,,317752,28,,,1,256,,317753,28,4,,1
7001,'20261117',1111,,317756,28,4,,1,200,,317757,28,4,,1,200,,317758,28,4,,1,144,,317759,28,,,1,256,,317760,28,4,,1
7001,'20261118',1111,,317763,28,4,,1,200,,317764,28,4,,1,200,,317765,28,4,,1,144,,317766,28,,,1,256,,317767,28,4,,1
7001,'20261119',1111,,317770,28,4,,1,200,,317771,28,4,,1,200,,317772,28,4,,1,144,,317773,28,,,1,256,,317774,28,4,,1
7001,'20261120',1111,,317777,28,4,,1,200,,317778,28,4,,1,200,,317779,28,4,,1,144,,317780,28,,,1,256,,317781,28,4,,1
7001,'20261121',1010,,317782,28,4,,1
7001,'20261122',1010,,317783,28,4,,1
7001,'20261123',1111,,317786,28,4,,1,200,,317787,28,4,,1,200,,317788,28,4,,1,144,,317789,28,,,1,256,,317790,28,4,,1
7001,'20261124',1111,,317793,28,4,,1,200,,317794,28,4,,1,200,,317795,28,4,,1,144,,317796,28,,,1,256,,317797,28,4,,1
7001,'20261125',1111,,317800,28,4,,1,200,,317801,28,4,,1,200,,317802,28,4,,1,144,,317803,28,,,1,256,,317804,28,4,,1
7001,'20261126',1111,,317807,28,4,,1,200,,317808,28,4,,1,200,,317809,28,4,,1,144,,317810,28,,,1,256,,317811,28,4,,1
7001,'20261127',1111,,317814,28,4,,1,200,,317815,28,4,,1,200,,317816,28,4,,1,144,,317817,28,,,1,256,,317818,28,4,,1
7100,'20260831',733,,207245,14,,,1,117,,207246,14,,,1,1700,,207247,14,0,31 32 33 9,1,175,,207248,14,0,31 32 33 9,1
7100,'20260901',733,,207249,14,,,1,117,,207250,14,,,1,1700,,207251,14,0,31 32 33 9,1,175,,207252,14,0,31 32 33 9,1
7100,'20260902',733,,207253,14,,,1,117,,207254,14,,,1,1700,,207255,14,0,31 32 33 9,1,175,,207256,14,0,31 32 33 9,1
7100,'20260903',733,,207257,14,,,1,117,,207258,14,,,1,1700,,207259,14,0,31 32 33 9,1,175,,207260,14,0,31 32 33 9,1
7100,'20260904',733,,207261,14,,,1,117,,207262,14,,,1,1700,,207263,14,0,31 32 33 9,1,175,,207264,14,0,31 32 33 9,1
7100,'20260905',828,,317819,14,,,1,1678,,317820,14,0,31 32 33 9,1,94,,317821,14,0,31 32 33 9,1,125,,317822,14,0,31 32 33 9,1
7100,'20260906',828,,317823,14,,,1,1678,,317824,14,0,31 32 33 9,1,94,,317825,14,0,31 32 33 9,1,125,,317826,14,0,31 32 33 9,1
7100,'20260907',828,,317827,14,,,1,1678,,317828,14,0,31 32 33 9,1,94,,317829,14,0,31 32 33 9,1,125,,317830,14,0,31 32 33 9,1
7100,'20260908',733,,317831,14,,,1,117,,317832,14,,,1,1298,,317833,5,4,,1,60,,317835,14,4,,1,140,,317836,5,4,,1,55,,317837,14,0,31 32 33 9,1,45,,317838,5,4,,1,55,,317839,14,0,31 32 33 9,1,47,,317840,14,0,31 32 33 9,1,175,,317841,14,0,31 32 33 9,1
7100,'20260909',733,,317842,14,,,1,117,,317843,14,,,1,1298,,317844,5,4,,1,60,,317846,14,4,,1,140,,317847,5,4,,1,55,,317848,14,0,31 32 33 9,1,45,,317849,5,4,,1,55,,317850,14,0,31 32 33 9,1,47,,317851,14,0,31 32 33 9,1,175,,317852,14,0,31 32 33 9,1
7100,'20260910',733,,317853,14,,,1,117,,317854,14,,,1,1298,,317855,5,4,,1,60,,317857,14,4,,1,140,,317858,5,4,,1,55,,317859,14,0,31 32 33 9,1,45,,317860,5,4,,1,55,,317861,14,0,31 32 33 9,1,47,,317862,14,0,31 32 33 9,1,175,,317863,14,0,31 32 33 9,1
7100,'20260911',733,,317864,14,,,1,117,,317865,14,,,1,1298,,317866,5,4,,1,60,,317868,14,4,,1,140,,317869,5,4,,1,55,,317870,14,0,31 32 33 9,1,45,,317871,5,4,,1,55,,317872,14,0,31 32 33 9,1,47,,317873,14,0,31 32 33 9,1,175,,317874,14,0,31 32 33 9,1
7100,'20260912',830,,317875,14,,,1,118,,317876,14,4,,1,5,,317877,14,,,1,95,,317878,14,4,,1,5,,317879,14,4,,1,95,,317880,14,4,,1,5,,317881,14,,,1,90,,317882,5,4,,1,15,,317883,14,4,,1,70,,317884,14,4,,1,15,,317885,5,4,,1,15,,317886,14,,,1,70,,317887,14,4,,1,15,,317888,5,4,,1,15,,317889,14,4,,1,70,,317890,14,4,,1,15,,317891,5,4,,1,15,,317892,14,,,1,70,,317893,14,4,,1,100,,317894,14,4,,1,15,,317895,5,4,,1,15,,317896,14,,,1,170,,317897,14,4,,1,15,,317898,5,4,,1,15,,317899,14,,,1,165,,317900,14,4,,1,20,,317901,5,4,,1,15,,317902,14,,,1,165,,317903,14,4,,1,30,,317904,14,4,,1,5,,317905,14,,,1,60,,317906,14,4,,1,88,,317907,14,0,31 32 33 9,1,94,,317908,14,0,31 32 33 9,1,125,,317909,14,0,31 32 33 9,1
7100,'20260913',830,,317910,14,,,1,118,,317911,14,4,,1,5,,317912,14,,,1,95,,317913,14,4,,1,5,,317914,14,4,,1,95,,317915,14,4,,1,5,,317916,14,,,1,90,,317917,5,4,,1,15,,317918,14,4,,1,70,,317919,14,4,,1,15,,317920,5,4,,1,15,,317921,14,,,1,70,,317922,14,4,,1,15,,317923,5,4,,1,15,,317924,14,4,,1,70,,317925,14,4,,1,15,,317926,5,4,,1,15,,317927,14,,,1,70,,317928,14,4,,1,100,,317929,14,4,,1,15,,317930,5,4,,1,15,,317931,14,,,1,170,,317932,14,4,,1,15,,317933,5,4,,1,15,,317934,14,,,1,165,,317935,14,4,,1,20,,317936,5,4,,1,15,,317937,14,,,1,165,,317938,14,4,,1,30,,317939,14,4,,1,5,,317940,14,,,1,60,,317941,14,4,,1,88,,317942,14,0,31 32 33 9,1,94,,317943,14,0,31 32 33 9,1,125,,317944,14,0,31 32 33 9,1
7100,'20260914',733,,317945,14,,,1,117,,317946,14,,,1,1298,,317947,5,4,,1,60,,317949,14,4,,1,140,,317950,5,4,,1,55,,317951,14,0,31 32 33 9,1,45,,317952,5,4,,1,55,,317953,14,0,31 32 33 9,1,47,,317954,14,0,31 32 33 9,1,175,,317955,14,0,31 32 33 9,1
7100,'20260915',733,,317956,14,,,1,117,,317957,14,,,1,1298,,317958,5,4,,1,60,,317960,14,4,,1,140,,317961,5,4,,1,55,,317962,14,0,31 32 33 9,1,45,,317963,5,4,,1,55,,317964,14,0,31 32 33 9,1,47,,317965,14,0,31 32 33 9,1,175,,317966,14,0,31 32 33 9,1
7100,'20260916',733,,317967,14,,,1,117,,317968,14,,,1,1298,,317969,5,4,,1,60,,317971,14,4,,1,140,,317972,5,4,,1,55,,317973,14,0,31 32 33 9,1,45,,317974,5,4,,1,55,,317975,14,0,31 32 33 9,1,47,,317976,14,0,31 32 33 9,1,175,,317977,14,0,31 32 33 9,1
7100,'20260917',733,,317978,14,,,1,117,,317979,14,,,1,1298,,317980,5,4,,1,60,,317982,14,4,,1,140,,317983,5,4,,1,55,,317984,14,0,31 32 33 9,1,45,,317985,5,4,,1,55,,317986,14,0,31 32 33 9,1,47,,317987,14,0,31 32 33 9,1,175,,317988,14,0,31 32 33 9,1
7100,'20260918',733,,317989,14,,,1,117,,317990,14,,,1,1298,,317991,5,4,,1,60,,317993,14,4,,1,140,,317994,5,4,,1,55,,317995,14,0,31 32 33 9,1,45,,317996,5,4,,1,55,,317997,14,0,31 32 33 9,1,47,,317998,14,0,31 32 33 9,1,175,,317999,14,0,31 32 33 9,1
7100,'20260919',830,,318000,14,,,1,118,,318001,14,4,,1,5,,318002,14,,,1,95,,318003,14,4,,1,5,,318004,14,4,,1,95,,318005,14,4,,1,5,,318006,14,,,1,90,,318007,5,4,,1,15,,318008,14,4,,1,70,,318009,14,4,,1,15,,318010,5,4,,1,15,,318011,14,,,1,70,,318012,14,4,,1,15,,318013,5,4,,1,15,,318014,14,4,,1,70,,318015,14,4,,1,15,,318016,5,4,,1,15,,318017,14,,,1,70,,318018,14,4,,1,100,,318019,14,4,,1,15,,318020,5,4,,1,15,,318021,14,,,1,170,,318022,14,4,,1,15,,318023,5,4,,1,15,,318024,14,,,1,165,,318025,14,4,,1,20,,318026,5,4,,1,15,,318027,14,,,1,165,,318028,14,4,,1,30,,318029,14,4,,1,5,,318030,14,,,1,60,,318031,14,4,,1,88,,318032,14,0,31 32 33 9,1,94,,318033,14,0,31 32 33 9,1,125,,318034,14,0,31 32 33 9,1
7100,'20260920',830,,318035,14,,,1,118,,318036,14,4,,1,5,,318037,14,,,1,95,,318038,14,4,,1,5,,318039,14,4,,1,95,,318040,14,4,,1,5,,318041,14,,,1,90,,318042,5,4,,1,15,,318043,14,4,,1,70,,318044,14,4,,1,15,,318045,5,4,,1,15,,318046,14,,,1,70,,318047,14,4,,1,15,,318048,5,4,,1,15,,318049,14,4,,1,70,,318050,14,4,,1,15,,318051,5,4,,1,15,,318052,14,,,1,70,,318053,14,4,,1,100,,318054,14,4,,1,15,,318055,5,4,,1,15,,318056,14,,,1,170,,318057,14,4,,1,15,,318058,5,4,,1,15,,318059,14,,,1,165,,318060,14,4,,1,20,,318061,5,4,,1,15,,318062,14,,,1,165,,318063,14,4,,1,30,,318064,14,4,,1,5,,318065,14,,,1,60,,318066,14,4,,1,88,,318067,14,0,31 32 33 9,1,94,,318068,14,0,31 32 33 9,1,125,,318069,14,0,31 32 33 9,1
7100,'20260921',733,,318070,14,,,1,117,,318071,14,,,1,1298,,318072,5,4,,1,60,,318074,14,4,,1,140,,318075,5,4,,1,55,,318076,14,0,31 32 33 9,1,45,,318077,5,4,,1,55,,318078,14,0,31 32 33 9,1,47,,318079,14,0,31 32 33 9,1,175,,318080,14,0,31 32 33 9,1
7100,'20260922',733,,318081,14,,,1,117,,318082,14,,,1,1298,,318083,5,4,,1,60,,318085,14,4,,1,140,,318086,5,4,,1,55,,318087,14,0,31 32 33 9,1,45,,318088,5,4,,1,55,,318089,14,0,31 32 33 9,1,47,,318090,14,0,31 32 33 9,1,175,,318091,14,0,31 32 33 9,1
7100,'20260923',733,,318092,14,,,1,117,,318093,14,,,1,1298,,318094,5,4,,1,60,,318096,14,4,,1,140,,318097,5,4,,1,55,,318098,14,0,31 32 33 9,1,45,,318099,5,4,,1,55,,318100,14,0,31 32 33 9,1,47,,318101,14,0,31 32 33 9,1,175,,318102,14,0,31 32 33 9,1
7100,'20260924',733,,318103,14,,,1,117,,318104,14,,,1,1298,,318105,5,4,,1,60,,318107,14,4,,1,140,,318108,5,4,,1,55,,318109,14,0,31 32 33 9,1,45,,318110,5,4,,1,55,,318111,14,0,31 32 33 9,1,47,,318112,14,0,31 32 33 9,1,175,,318113,14,0,31 32 33 9,1
7100,'20260925',733,,318114,14,,,1,117,,318115,14,,,1,1298,,318116,5,4,,1,60,,318118,14,4,,1,140,,318119,5,4,,1,55,,318120,14,0,31 32 33 9,1,45,,318121,5,4,,1,55,,318122,14,0,31 32 33 9,1,47,,318123,14,0,31 32 33 9,1,175,,318124,14,0,31 32 33 9,1
7100,'20260926',830,,318125,14,,,1,118,,318126,14,4,,1,5,,318127,14,,,1,95,,318128,14,4,,1,5,,318129,14,4,,1,95,,318130,14,4,,1,5,,318131,14,,,1,90,,318132,5,4,,1,15,,318133,14,4,,1,70,,318134,14,4,,1,15,,318135,5,4,,1,15,,318136,14,,,1,70,,318137,14,4,,1,15,,318138,5,4,,1,15,,318139,14,4,,1,70,,318140,14,4,,1,15,,318141,5,4,,1,15,,318142,14,,,1,70,,318143,14,4,,1,100,,318144,14,4,,1,15,,318145,5,4,,1,15,,318146,14,,,1,170,,318147,14,4,,1,15,,318148,5,4,,1,15,,318149,14,,,1,165,,318150,14,4,,1,20,,318151,5,4,,1,15,,318152,14,,,1,165,,318153,14,4,,1,30,,318154,14,4,,1,5,,318155,14,,,1,60,,318156,14,4,,1,88,,318157,14,0,31 32 33 9,1,94,,318158,14,0,31 32 33 9,1,125,,318159,14,0,31 32 33 9,1
7100,'20260927',830,,318160,14,,,1,118,,318161,14,4,,1,5,,318162,14,,,1,95,,318163,14,4,,1,5,,318164,14,4,,1,95,,318165,14,4,,1,5,,318166,14,,,1,90,,318167,5,4,,1,15,,318168,14,4,,1,70,,318169,14,4,,1,15,,318170,5,4,,1,15,,318171,14,,,1,70,,318172,14,4,,1,15,,318173,5,4,,1,15,,318174,14,4,,1,70,,318175,14,4,,1,15,,318176,5,4,,1,15,,318177,14,,,1,70,,318178,14,4,,1,100,,318179,14,4,,1,15,,318180,5,4,,1,15,,318181,14,,,1,170,,318182,14,4,,1,15,,318183,5,4,,1,15,,318184,14,,,1,165,,318185,14,4,,1,20,,318186,5,4,,1,15,,318187,14,,,1,165,,318188,14,4,,1,30,,318189,14,4,,1,5,,318190,14,,,1,60,,318191,14,4,,1,88,,318192,14,0,31 32 33 9,1,94,,318193,14,0,31 32 33 9,1,125,,318194,14,0,31 32 33 9,1
7100,'20260928',733,,318195,14,,,1,117,,318196,14,,,1,1298,,318197,5,4,,1,60,,318199,14,4,,1,140,,318200,5,4,,1,55,,318201,14,0,31 32 33 9,1,45,,318202,5,4,,1,55,,318203,14,0,31 32 33 9,1,47,,318204,14,0,31 32 33 9,1,175,,318205,14,0,31 32 33 9,1
7100,'20260929',733,,318206,14,,,1,117,,318207,14,,,1,1298,,318208,5,4,,1,60,,318210,14,4,,1,140,,318211,5,4,,1,55,,318212,14,0,31 32 33 9,1,45,,318213,5,4,,1,55,,318214,14,0,31 32 33 9,1,47,,318215,14,0,31 32 33 9,1,175,,318216,14,0,31 32 33 9,1
7100,'20260930',733,,318217,14,,,1,117,,318218,14,,,1,1298,,318219,5,4,,1,60,,318221,14,4,,1,140,,318222,5,4,,1,55,,318223,14,0,31 32 33 9,1,45,,318224,5,4,,1,55,,318225,14,0,31 32 33 9,1,47,,318226,14,0,31 32 33 9,1,175,,318227,14,0,31 32 33 9,1
7100,'20261001',733,,318228,14,,,1,117,,318229,14,,,1,1298,,318230,5,4,,1,60,,318232,14,4,,1,140,,318233,5,4,,1,55,,318234,14,0,31 32 33 9,1,45,,318235,5,4,,1,55,,318236,14,0,31 32 33 9,1,47,,318237,14,0,31 32 33 9,1,175,,318238,14,0,31 32 33 9,1
7100,'20261002',733,,318239,14,,,1,117,,318240,14,,,1,1298,,318241,5,4,,1,60,,318243,14,4,,1,140,,318244,5,4,,1,55,,318245,14,0,31 32 33 9,1,45,,318246,5,4,,1,55,,318247,14,0,31 32 33 9,1,47,,318248,14,0,31 32 33 9,1,175,,318249,14,0,31 32 33 9,1
7100,'20261003',830,,318250,14,,,1,118,,318251,14,4,,1,5,,318252,14,,,1,95,,318253,14,4,,1,5,,318254,14,4,,1,95,,318255,14,4,,1,5,,318256,14,,,1,90,,318257,5,4,,1,15,,318258,14,4,,1,70,,318259,14,4,,1,15,,318260,5,4,,1,15,,318261,14,,,1,70,,318262,14,4,,1,15,,318263,5,4,,1,15,,318264,14,4,,1,70,,318265,14,4,,1,15,,318266,5,4,,1,15,,318267,14,,,1,70,,318268,14,4,,1,100,,318269,14,4,,1,15,,318270,5,4,,1,15,,318271,14,,,1,170,,318272,14,4,,1,15,,318273,5,4,,1,15,,318274,14,,,1,165,,318275,14,4,,1,20,,318276,5,4,,1,15,,318277,14,,,1,165,,318278,14,4,,1,30,,318279,14,4,,1,5,,318280,14,,,1,60,,318281,14,4,,1,88,,318282,14,0,31 32 33 9,1,94,,318283,14,0,31 32 33 9,1,125,,318284,14,0,31 32 33 9,1
7100,'20261004',830,,318285,14,,,1,118,,318286,14,4,,1,5,,318287,14,,,1,95,,318288,14,4,,1,5,,318289,14,4,,1,95,,318290,14,4,,1,5,,318291,14,,,1,90,,318292,5,4,,1,15,,318293,14,4,,1,70,,318294,14,4,,1,15,,318295,5,4,,1,15,,318296,14,,,1,70,,318297,14,4,,1,15,,318298,5,4,,1,15,,318299,14,4,,1,70,,318300,14,4,,1,15,,318301,5,4,,1,15,,318302,14,,,1,70,,318303,14,4,,1,100,,318304,14,4,,1,15,,318305,5,4,,1,15,,318306,14,,,1,170,,318307,14,4,,1,15,,318308,5,4,,1,15,,318309,14,,,1,165,,318310,14,4,,1,20,,318311,5,4,,1,15,,318312,14,,,1,165,,318313,14,4,,1,30,,318314,14,4,,1,5,,318315,14,,,1,60,,318316,14,4,,1,88,,318317,14,0,31 32 33 9,1,94,,318318,14,0,31 32 33 9,1,125,,318319,14,0,31 32 33 9,1
7100,'20261005',733,,318320,14,,,1,117,,318321,14,,,1,1298,,318322,5,4,,1,60,,318324,14,4,,1,140,,318325,5,4,,1,55,,318326,14,0,31 32 33 9,1,45,,318327,5,4,,1,55,,318328,14,0,31 32 33 9,1,47,,318329,14,0,31 32 33 9,1,175,,318330,14,0,31 32 33 9,1
7100,'20261006',733,,318331,14,,,1,117,,318332,14,,,1,1298,,318333,5,4,,1,60,,318335,14,4,,1,140,,318336,5,4,,1,55,,318337,14,0,31 32 33 9,1,45,,318338,5,4,,1,55,,318339,14,0,31 32 33 9,1,47,,318340,14,0,31 32 33 9,1,175,,318341,14,0,31 32 33 9,1
7100,'20261007',733,,318342,14,,,1,117,,318343,14,,,1,1298,,318344,5,4,,1,60,,318346,14,4,,1,140,,318347,5,4,,1,55,,318348,14,0,31 32 33 9,1,45,,318349,5,4,,1,55,,318350,14,0,31 32 33 9,1,47,,318351,14,0,31 32 33 9,1,175,,318352,14,0,31 32 33 9,1
7100,'20261008',733,,318353,14,,,1,117,,318354,14,,,1,1298,,318355,5,4,,1,60,,318357,14,4,,1,140,,318358,5,4,,1,55,,318359,14,0,31 32 33 9,1,45,,318360,5,4,,1,55,,318361,14,0,31 32 33 9,1,47,,318362,14,0,31 32 33 9,1,175,,318363,14,0,31 32 33 9,1
7100,'20261009',733,,318364,14,,,1,117,,318365,14,,,1,1298,,318366,5,4,,1,60,,318368,14,4,,1,140,,318369,5,4,,1,55,,318370,14,0,31 32 33 9,1,45,,318371,5,4,,1,55,,318372,14,0,31 32 33 9,1,47,,318373,14,0,31 32 33 9,1,175,,318374,14,0,31 32 33 9,1
7100,'20261010',830,,318375,14,,,1,118,,318376,14,4,,1,5,,318377,14,,,1,95,,318378,14,4,,1,5,,318379,14,4,,1,95,,318380,14,4,,1,5,,318381,14,,,1,90,,318382,5,4,,1,15,,318383,14,4,,1,70,,318384,14,4,,1,15,,318385,5,4,,1,15,,318386,14,,,1,70,,318387,14,4,,1,15,,318388,5,4,,1,15,,318389,14,4,,1,70,,318390,14,4,,1,15,,318391,5,4,,1,15,,318392,14,,,1,70,,318393,14,4,,1,100,,318394,14,4,,1,15,,318395,5,4,,1,15,,318396,14,,,1,170,,318397,14,4,,1,15,,318398,5,4,,1,15,,318399,14,,,1,165,,318400,14,4,,1,20,,318401,5,4,,1,15,,318402,14,,,1,165,,318403,14,4,,1,30,,318404,14,4,,1,5,,318405,14,,,1,60,,318406,14,4,,1,88,,318407,14,0,31 32 33 9,1,94,,318408,14,0,31 32 33 9,1,125,,318409,14,0,31 32 33 9,1
7100,'20261011',830,,318410,14,,,1,118,,318411,14,4,,1,5,,318412,14,,,1,95,,318413,14,4,,1,5,,318414,14,4,,1,95,,318415,14,4,,1,5,,318416,14,,,1,90,,318417,5,4,,1,15,,318418,14,4,,1,70,,318419,14,4,,1,15,,318420,5,4,,1,15,,318421,14,,,1,70,,318422,14,4,,1,15,,318423,5,4,,1,15,,318424,14,4,,1,70,,318425,14,4,,1,15,,318426,5,4,,1,15,,318427,14,,,1,70,,318428,14,4,,1,100,,318429,14,4,,1,15,,318430,5,4,,1,15,,318431,14,,,1,170,,318432,14,4,,1,15,,318433,5,4,,1,15,,318434,14,,,1,165,,318435,14,4,,1,20,,318436,5,4,,1,15,,318437,14,,,1,165,,318438,14,4,,1,30,,318439,14,4,,1,5,,318440,14,,,1,60,,318441,14,4,,1,88,,318442,14,0,31 32 33 9,1,94,,318443,14,0,31 32 33 9,1,125,,318444,14,0,31 32 33 9,1
7100,'20261012',830,,318445,14,,,1,118,,318446,14,4,,1,5,,318447,14,,,1,95,,318448,14,4,,1,5,,318449,14,4,,1,95,,318450,14,4,,1,5,,318451,14,,,1,90,,318452,5,4,,1,15,,318453,14,4,,1,70,,318454,14,4,,1,15,,318455,5,4,,1,15,,318456,14,,,1,70,,318457,14,4,,1,15,,318458,5,4,,1,15,,318459,14,4,,1,70,,318460,14,4,,1,15,,318461,5,4,,1,15,,318462,14,,,1,70,,318463,14,4,,1,100,,318464,14,4,,1,15,,318465,5,4,,1,15,,318466,14,,,1,170,,318467,14,4,,1,15,,318468,5,4,,1,15,,318469,14,,,1,165,,318470,14,4,,1,20,,318471,5,4,,1,15,,318472,14,,,1,165,,318473,14,4,,1,30,,318474,14,4,,1,5,,318475,14,,,1,60,,318476,14,4,,1,88,,318477,14,0,31 32 33 9,1,94,,318478,14,0,31 32 33 9,1,125,,318479,14,0,31 32 33 9,1
7100,'20261013',733,,318480,14,,,1,117,,318481,14,,,1,1298,,318482,5,4,,1,60,,318484,14,4,,1,140,,318485,5,4,,1,55,,318486,14,0,31 32 33 9,1,45,,318487,5,4,,1,55,,318488,14,0,31 32 33 9,1,47,,318489,14,0,31 32 33 9,1,175,,318490,14,0,31 32 33 9,1
7100,'20261014',733,,318491,14,,,1,117,,318492,14,,,1,1298,,318493,5,4,,1,60,,318495,14,4,,1,140,,318496,5,4,,1,55,,318497,14,0,31 32 33 9,1,45,,318498,5,4,,1,55,,318499,14,0,31 32 33 9,1,47,,318500,14,0,31 32 33 9,1,175,,318501,14,0,31 32 33 9,1
7100,'20261015',733,,318502,14,,,1,117,,318503,14,,,1,1298,,318504,5,4,,1,60,,318506,14,4,,1,140,,318507,5,4,,1,55,,318508,14,0,31 32 33 9,1,45,,318509,5,4,,1,55,,318510,14,0,31 32 33 9,1,47,,318511,14,0,31 32 33 9,1,175,,318512,14,0,31 32 33 9,1
7100,'20261016',733,,318513,14,,,1,117,,318514,14,,,1,1298,,318515,5,4,,1,60,,318517,14,4,,1,140,,318518,5,4,,1,55,,318519,14,0,31 32 33 9,1,45,,318520,5,4,,1,55,,318521,14,0,31 32 33 9,1,47,,318522,14,0,31 32 33 9,1,175,,318523,14,0,31 32 33 9,1
7100,'20261017',830,,318524,14,,,1,118,,318525,14,4,,1,5,,318526,14,,,1,95,,318527,14,4,,1,5,,318528,14,4,,1,95,,318529,14,4,,1,5,,318530,14,,,1,90,,318531,5,4,,1,15,,318532,14,4,,1,70,,318533,14,4,,1,15,,318534,5,4,,1,15,,318535,14,,,1,70,,318536,14,4,,1,15,,318537,5,4,,1,15,,318538,14,4,,1,70,,318539,14,4,,1,15,,318540,5,4,,1,15,,318541,14,,,1,70,,318542,14,4,,1,100,,318543,14,4,,1,15,,318544,5,4,,1,15,,318545,14,,,1,170,,318546,14,4,,1,15,,318547,5,4,,1,15,,318548,14,,,1,165,,318549,14,4,,1,20,,318550,5,4,,1,15,,318551,14,,,1,165,,318552,14,4,,1,30,,318553,14,4,,1,5,,318554,14,,,1,60,,318555,14,4,,1,88,,318556,14,0,31 32 33 9,1,94,,318557,14,0,31 32 33 9,1,125,,318558,14,0,31 32 33 9,1
7100,'20261018',830,,318559,14,,,1,118,,318560,14,4,,1,5,,318561,14,,,1,95,,318562,14,4,,1,5,,318563,14,4,,1,95,,318564,14,4,,1,5,,318565,14,,,1,90,,318566,5,4,,1,15,,318567,14,4,,1,70,,318568,14,4,,1,15,,318569,5,4,,1,15,,318570,14,,,1,70,,318571,14,4,,1,15,,318572,5,4,,1,15,,318573,14,4,,1,70,,318574,14,4,,1,15,,318575,5,4,,1,15,,318576,14,,,1,70,,318577,14,4,,1,100,,318578,14,4,,1,15,,318579,5,4,,1,15,,318580,14,,,1,170,,318581,14,4,,1,15,,318582,5,4,,1,15,,318583,14,,,1,165,,318584,14,4,,1,20,,318585,5,4,,1,15,,318586,14,,,1,165,,318587,14,4,,1,30,,318588,14,4,,1,5,,318589,14,,,1,60,,318590,14,4,,1,88,,318591,14,0,31 32 33 9,1,94,,318592,14,0,31 32 33 9,1,125,,318593,14,0,31 32 33 9,1
7100,'20261019',733,,318594,14,,,1,117,,318595,14,,,1,1298,,318596,5,4,,1,60,,318598,14,4,,1,140,,318599,5,4,,1,55,,318600,14,0,31 32 33 9,1,45,,318601,5,4,,1,55,,318602,14,0,31 32 33 9,1,47,,318603,14,0,31 32 33 9,1,175,,318604,14,0,31 32 33 9,1
7100,'20261020',733,,318605,14,,,1,117,,318606,14,,,1,1298,,318607,5,4,,1,60,,318609,14,4,,1,140,,318610,5,4,,1,55,,318611,14,0,31 32 33 9,1,45,,318612,5,4,,1,55,,318613,14,0,31 32 33 9,1,47,,318614,14,0,31 32 33 9,1,175,,318615,14,0,31 32 33 9,1
7100,'20261021',733,,318616,14,,,1,117,,318617,14,,,1,1298,,318618,5,4,,1,60,,318620,14,4,,1,140,,318621,5,4,,1,55,,318622,14,0,31 32 33 9,1,45,,318623,5,4,,1,55,,318624,14,0,31 32 33 9,1,47,,318625,14,0,31 32 33 9,1,175,,318626,14,0,31 32 33 9,1
7100,'20261022',733,,318627,14,,,1,117,,318628,14,,,1,1298,,318629,5,4,,1,60,,318631,14,4,,1,140,,318632,5,4,,1,55,,318633,14,0,31 32 33 9,1,45,,318634,5,4,,1,55,,318635,14,0,31 32 33 9,1,47,,318636,14,0,31 32 33 9,1,175,,318637,14,0,31 32 33 9,1
7100,'20261023',733,,318638,14,,,1,117,,318639,14,,,1,1298,,318640,5,4,,1,60,,318642,14,4,,1,140,,318643,5,4,,1,55,,318644,14,0,31 32 33 9,1,45,,318645,5,4,,1,55,,318646,14,0,31 32 33 9,1,47,,318647,14,0,31 32 33 9,1,175,,318648,14,0,31 32 33 9,1
7100,'20261024',830,,318649,14,,,1,118,,318650,14,4,,1,5,,318651,14,,,1,95,,318652,14,4,,1,5,,318653,14,4,,1,95,,318654,14,4,,1,5,,318655,14,,,1,90,,318656,5,4,,1,15,,318657,14,4,,1,70,,318658,14,4,,1,15,,318659,5,4,,1,15,,318660,14,,,1,70,,318661,14,4,,1,15,,318662,5,4,,1,15,,318663,14,4,,1,70,,318664,14,4,,1,15,,318665,5,4,,1,15,,318666,14,,,1,70,,318667,14,4,,1,100,,318668,14,4,,1,15,,318669,5,4,,1,15,,318670,14,,,1,170,,318671,14,4,,1,15,,318672,5,4,,1,15,,318673,14,,,1,165,,318674,14,4,,1,20,,318675,5,4,,1,15,,318676,14,,,1,165,,318677,14,4,,1,30,,318678,14,4,,1,5,,318679,14,,,1,60,,318680,14,4,,1,88,,318681,14,0,31 32 33 9,1,94,,318682,14,0,31 32 33 9,1,125,,318683,14,0,31 32 33 9,1
7100,'20261025',830,,318684,14,,,1,118,,318685,14,4,,1,5,,318686,14,,,1,95,,318687,14,4,,1,5,,318688,14,4,,1,95,,318689,14,4,,1,5,,318690,14,,,1,90,,318691,5,4,,1,15,,318692,14,4,,1,70,,318693,14,4,,1,15,,318694,5,4,,1,15,,318695,14,,,1,70,,318696,14,4,,1,15,,318697,5,4,,1,15,,318698,14,4,,1,70,,318699,14,4,,1,15,,318700,5,4,,1,15,,318701,14,,,1,70,,318702,14,4,,1,100,,318703,14,4,,1,15,,318704,5,4,,1,15,,318705,14,,,1,170,,318706,14,4,,1,15,,318707,5,4,,1,15,,318708,14,,,1,165,,318709,14,4,,1,20,,318710,5,4,,1,15,,318711,14,,,1,165,,318712,14,4,,1,30,,318713,14,4,,1,5,,318714,14,,,1,60,,318715,14,4,,1,88,,318716,14,0,31 32 33 9,1,94,,318717,14,0,31 32 33 9,1,125,,318718,14,0,31 32 33 9,1
7100,'20261026',733,,318719,14,,,1,117,,318720,14,,,1,1298,,318721,5,4,,1,60,,318723,14,4,,1,140,,318724,5,4,,1,55,,318725,14,0,31 32 33 9,1,45,,318726,5,4,,1,55,,318727,14,0,31 32 33 9,1,47,,318728,14,0,31 32 33 9,1,175,,318729,14,0,31 32 33 9,1
7100,'20261027',733,,318730,14,,,1,117,,318731,14,,,1,1298,,318732,5,4,,1,60,,318734,14,4,,1,140,,318735,5,4,,1,55,,318736,14,0,31 32 33 9,1,45,,318737,5,4,,1,55,,318738,14,0,31 32 33 9,1,47,,318739,14,0,31 32 33 9,1,175,,318740,14,0,31 32 33 9,1
7100,'20261028',733,,318741,14,,,1,117,,318742,14,,,1,1298,,318743,5,4,,1,60,,318745,14,4,,1,140,,318746,5,4,,1,55,,318747,14,0,31 32 33 9,1,45,,318748,5,4,,1,55,,318749,14,0,31 32 33 9,1,47,,318750,14,0,31 32 33 9,1,175,,318751,14,0,31 32 33 9,1
7100,'20261029',733,,318752,14,,,1,117,,318753,14,,,1,1298,,318754,5,4,,1,60,,318756,14,4,,1,140,,318757,5,4,,1,55,,318758,14,0,31 32 33 9,1,45,,318759,5,4,,1,55,,318760,14,0,31 32 33 9,1,47,,318761,14,0,31 32 33 9,1,175,,318762,14,0,31 32 33 9,1
7100,'20261030',733,,318763,14,,,1,117,,318764,14,,,1,1298,,318765,5,4,,1,60,,318767,14,4,,1,140,,318768,5,4,,1,55,,318769,14,0,31 32 33 9,1,45,,318770,5,4,,1,55,,318771,14,0,31 32 33 9,1,47,,318772,14,0,31 32 33 9,1,175,,318773,14,0,31 32 33 9,1
7100,'20261031',830,,318774,14,,,1,118,,318775,14,4,,1,5,,318776,14,,,1,95,,318777,14,4,,1,5,,318778,14,4,,1,95,,318779,14,4,,1,5,,318780,14,,,1,90,,318781,5,4,,1,15,,318782,14,4,,1,70,,318783,14,4,,1,15,,318784,5,4,,1,15,,318785,14,,,1,70,,318786,14,4,,1,15,,318787,5,4,,1,15,,318788,14,4,,1,70,,318789,14,4,,1,15,,318790,5,4,,1,15,,318791,14,,,1,70,,318792,14,4,,1,100,,318793,14,4,,1,15,,318794,5,4,,1,15,,318795,14,,,1,170,,318796,14,4,,1,15,,318797,5,4,,1,15,,318798,14,,,1,165,,318799,14,4,,1,20,,318800,5,4,,1,15,,318801,14,,,1,165,,318802,14,4,,1,30,,318803,14,4,,1,5,,318804,14,,,1,60,,318805,14,4,,1,88,,318806,14,0,31 32 33 9,1,94,,318807,14,0,31 32 33 9,1,125,,318808,14,0,31 32 33 9,1
7100,'20261101',830,,318809,14,,,1,118,,318810,14,4,,1,5,,318811,14,,,1,95,,318812,14,4,,1,5,,318813,14,4,,1,95,,318814,14,4,,1,5,,318815,14,,,1,90,,318816,5,4,,1,15,,318817,14,4,,1,70,,318818,14,4,,1,15,,318819,5,4,,1,15,,318820,14,,,1,70,,318821,14,4,,1,15,,318822,5,4,,1,15,,318823,14,4,,1,70,,318824,14,4,,1,15,,318825,5,4,,1,15,,318826,14,,,1,70,,318827,14,4,,1,100,,318828,14,4,,1,15,,318829,5,4,,1,15,,318830,14,,,1,170,,318831,14,4,,1,15,,318832,5,4,,1,15,,318833,14,,,1,165,,318834,14,4,,1,20,,318835,5,4,,1,15,,318836,14,,,1,165,,318837,14,4,,1,30,,318838,14,4,,1,5,,318839,14,,,1,60,,318840,14,4,,1,88,,318841,14,0,31 32 33 9,1,94,,318842,14,0,31 32 33 9,1,125,,318843,14,0,31 32 33 9,1
7100,'20261102',733,,318844,14,,,1,117,,318845,14,,,1,1298,,318846,5,4,,1,60,,318848,14,4,,1,140,,318849,5,4,,1,55,,318850,14,0,31 32 33 9,1,45,,318851,5,4,,1,55,,318852,14,0,31 32 33 9,1,47,,318853,14,0,31 32 33 9,1,175,,318854,14,0,31 32 33 9,1
7100,'20261103',733,,318855,14,,,1,117,,318856,14,,,1,1298,,318857,5,4,,1,60,,318859,14,4,,1,140,,318860,5,4,,1,55,,318861,14,0,31 32 33 9,1,45,,318862,5,4,,1,55,,318863,14,0,31 32 33 9,1,47,,318864,14,0,31 32 33 9,1,175,,318865,14,0,31 32 33 9,1
7100,'20261104',733,,318866,14,,,1,117,,318867,14,,,1,1298,,318868,5,4,,1,60,,318870,14,4,,1,140,,318871,5,4,,1,55,,318872,14,0,31 32 33 9,1,45,,318873,5,4,,1,55,,318874,14,0,31 32 33 9,1,47,,318875,14,0,31 32 33 9,1,175,,318876,14,0,31 32 33 9,1
7100,'20261105',733,,318877,14,,,1,117,,318878,14,,,1,1298,,318879,5,4,,1,60,,318881,14,4,,1,140,,318882,5,4,,1,55,,318883,14,0,31 32 33 9,1,45,,318884,5,4,,1,55,,318885,14,0,31 32 33 9,1,47,,318886,14,0,31 32 33 9,1,175,,318887,14,0,31 32 33 9,1
7100,'20261106',733,,318888,14,,,1,117,,318889,14,,,1,1298,,318890,5,4,,1,60,,318892,14,4,,1,140,,318893,5,4,,1,55,,318894,14,0,31 32 33 9,1,45,,318895,5,4,,1,55,,318896,14,0,31 32 33 9,1,47,,318897,14,0,31 32 33 9,1,175,,318898,14,0,31 32 33 9,1
7100,'20261107',830,,318899,14,,,1,118,,318900,14,4,,1,5,,318901,14,,,1,95,,318902,14,4,,1,5,,318903,14,4,,1,95,,318904,14,4,,1,5,,318905,14,,,1,90,,318906,5,4,,1,15,,318907,14,4,,1,70,,318908,14,4,,1,15,,318909,5,4,,1,15,,318910,14,,,1,70,,318911,14,4,,1,15,,318912,5,4,,1,15,,318913,14,4,,1,70,,318914,14,4,,1,15,,318915,5,4,,1,15,,318916,14,,,1,70,,318917,14,4,,1,100,,318918,14,4,,1,15,,318919,5,4,,1,15,,318920,14,,,1,170,,318921,14,4,,1,15,,318922,5,4,,1,15,,318923,14,,,1,165,,318924,14,4,,1,20,,318925,5,4,,1,15,,318926,14,,,1,165,,318927,14,4,,1,30,,318928,14,4,,1,5,,318929,14,,,1,60,,318930,14,4,,1,88,,318931,14,0,31 32 33 9,1,94,,318932,14,0,31 32 33 9,1,125,,318933,14,0,31 32 33 9,1
7100,'20261108',830,,318934,14,,,1,118,,318935,14,4,,1,5,,318936,14,,,1,95,,318937,14,4,,1,5,,318938,14,4,,1,95,,318939,14,4,,1,5,,318940,14,,,1,90,,318941,5,4,,1,15,,318942,14,4,,1,70,,318943,14,4,,1,15,,318944,5,4,,1,15,,318945,14,,,1,70,,318946,14,4,,1,15,,318947,5,4,,1,15,,318948,14,4,,1,70,,318949,14,4,,1,15,,318950,5,4,,1,15,,318951,14,,,1,70,,318952,14,4,,1,100,,318953,14,4,,1,15,,318954,5,4,,1,15,,318955,14,,,1,170,,318956,14,4,,1,15,,318957,5,4,,1,15,,318958,14,,,1,165,,318959,14,4,,1,20,,318960,5,4,,1,15,,318961,14,,,1,165,,318962,14,4,,1,30,,318963,14,4,,1,5,,318964,14,,,1,60,,318965,14,4,,1,88,,318966,14,0,31 32 33 9,1,94,,318967,14,0,31 32 33 9,1,125,,318968,14,0,31 32 33 9,1
7100,'20261109',733,,318969,14,,,1,117,,318970,14,,,1,1298,,318971,5,4,,1,60,,318973,14,4,,1,140,,318974,5,4,,1,55,,318975,14,0,31 32 33 9,1,45,,318976,5,4,,1,55,,318977,14,0,31 32 33 9,1,47,,318978,14,0,31 32 33 9,1,175,,318979,14,0,31 32 33 9,1
7100,'20261110',733,,318980,14,,,1,117,,318981,14,,,1,1298,,318982,5,4,,1,60,,318984,14,4,,1,140,,318985,5,4,,1,55,,318986,14,0,31 32 33 9,1,45,,318987,5,4,,1,55,,318988,14,0,31 32 33 9,1,47,,318989,14,0,31 32 33 9,1,175,,318990,14,0,31 32 33 9,1
7100,'20261111',733,,318991,14,,,1,117,,318992,14,,,1,1298,,318993,5,4,,1,60,,318995,14,4,,1,140,,318996,5,4,,1,55,,318997,14,0,31 32 33 9,1,45,,318998,5,4,,1,55,,318999,14,0,31 32 33 9,1,47,,319000,14,0,31 32 33 9,1,175,,319001,14,0,31 32 33 9,1
7100,'20261112',733,,319002,14,,,1,117,,319003,14,,,1,1298,,319004,5,4,,1,60,,319006,14,4,,1,140,,319007,5,4,,1,55,,319008,14,0,31 32 33 9,1,45,,319009,5,4,,1,55,,319010,14,0,31 32 33 9,1,47,,319011,14,0,31 32 33 9,1,175,,319012,14,0,31 32 33 9,1
7100,'20261113',733,,319013,14,,,1,117,,319014,14,,,1,1298,,319015,5,4,,1,60,,319017,14,4,,1,140,,319018,5,4,,1,55,,319019,14,0,31 32 33 9,1,45,,319020,5,4,,1,55,,319021,14,0,31 32 33 9,1,47,,319022,14,0,31 32 33 9,1,175,,319023,14,0,31 32 33 9,1
7100,'20261114',830,,319024,14,,,1,118,,319025,14,4,,1,5,,319026,14,,,1,95,,319027,14,4,,1,5,,319028,14,4,,1,95,,319029,14,4,,1,5,,319030,14,,,1,90,,319031,5,4,,1,15,,319032,14,4,,1,70,,319033,14,4,,1,15,,319034,5,4,,1,15,,319035,14,,,1,70,,319036,14,4,,1,15,,319037,5,4,,1,15,,319038,14,4,,1,70,,319039,14,4,,1,15,,319040,5,4,,1,15,,319041,14,,,1,70,,319042,14,4,,1,100,,319043,14,4,,1,15,,319044,5,4,,1,15,,319045,14,,,1,170,,319046,14,4,,1,15,,319047,5,4,,1,15,,319048,14,,,1,165,,319049,14,4,,1,20,,319050,5,4,,1,15,,319051,14,,,1,165,,319052,14,4,,1,30,,319053,14,4,,1,5,,319054,14,,,1,60,,319055,14,4,,1,88,,319056,14,0,31 32 33 9,1,94,,319057,14,0,31 32 33 9,1,125,,319058,14,0,31 32 33 9,1
7100,'20261115',830,,319059,14,,,1,118,,319060,14,4,,1,5,,319061,14,,,1,95,,319062,14,4,,1,5,,319063,14,4,,1,95,,319064,14,4,,1,5,,319065,14,,,1,90,,319066,5,4,,1,15,,319067,14,4,,1,70,,319068,14,4,,1,15,,319069,5,4,,1,15,,319070,14,,,1,70,,319071,14,4,,1,15,,319072,5,4,,1,15,,319073,14,4,,1,70,,319074,14,4,,1,15,,319075,5,4,,1,15,,319076,14,,,1,70,,319077,14,4,,1,100,,319078,14,4,,1,15,,319079,5,4,,1,15,,319080,14,,,1,170,,319081,14,4,,1,15,,319082,5,4,,1,15,,319083,14,,,1,165,,319084,14,4,,1,20,,319085,5,4,,1,15,,319086,14,,,1,165,,319087,14,4,,1,30,,319088,14,4,,1,5,,319089,14,,,1,60,,319090,14,4,,1,88,,319091,14,0,31 32 33 9,1,94,,319092,14,0,31 32 33 9,1,125,,319093,14,0,31 32 33 9,1
7100,'20261116',733,,319094,14,,,1,117,,319095,14,,,1,1298,,319096,5,4,,1,60,,319098,14,4,,1,140,,319099,5,4,,1,55,,319100,14,0,31 32 33 9,1,45,,319101,5,4,,1,55,,319102,14,0,31 32 33 9,1,47,,319103,14,0,31 32 33 9,1,175,,319104,14,0,31 32 33 9,1
7100,'20261117',733,,319105,14,,,1,117,,319106,14,,,1,1298,,319107,5,4,,1,60,,319109,14,4,,1,140,,319110,5,4,,1,55,,319111,14,0,31 32 33 9,1,45,,319112,5,4,,1,55,,319113,14,0,31 32 33 9,1,47,,319114,14,0,31 32 33 9,1,175,,319115,14,0,31 32 33 9,1
7100,'20261118',733,,319116,14,,,1,117,,319117,14,,,1,1298,,319118,5,4,,1,60,,319120,14,4,,1,140,,319121,5,4,,1,55,,319122,14,0,31 32 33 9,1,45,,319123,5,4,,1,55,,319124,14,0,31 32 33 9,1,47,,319125,14,0,31 32 33 9,1,175,,319126,14,0,31 32 33 9,1
7100,'20261119',733,,319127,14,,,1,117,,319128,14,,,1,1298,,319129,5,4,,1,60,,319131,14,4,,1,140,,319132,5,4,,1,55,,319133,14,0,31 32 33 9,1,45,,319134,5,4,,1,55,,319135,14,0,31 32 33 9,1,47,,319136,14,0,31 32 33 9,1,175,,319137,14,0,31 32 33 9,1
7100,'20261120',733,,319138,14,,,1,117,,319139,14,,,1,1298,,319140,5,4,,1,60,,319142,14,4,,1,140,,319143,5,4,,1,55,,319144,14,0,31 32 33 9,1,45,,319145,5,4,,1,55,,319146,14,0,31 32 33 9,1,47,,319147,14,0,31 32 33 9,1,175,,319148,14,0,31 32 33 9,1
7100,'20261121',830,,319149,14,,,1,118,,319150,14,4,,1,5,,319151,14,,,1,95,,319152,14,4,,1,5,,319153,14,4,,1,95,,319154,14,4,,1,5,,319155,14,,,1,90,,319156,5,4,,1,15,,319157,14,4,,1,70,,319158,14,4,,1,15,,319159,5,4,,1,15,,319160,14,,,1,70,,319161,14,4,,1,15,,319162,5,4,,1,15,,319163,14,4,,1,70,,319164,14,4,,1,15,,319165,5,4,,1,15,,319166,14,,,1,70,,319167,14,4,,1,100,,319168,14,4,,1,15,,319169,5,4,,1,15,,319170,14,,,1,170,,319171,14,4,,1,15,,319172,5,4,,1,15,,319173,14,,,1,165,,319174,14,4,,1,20,,319175,5,4,,1,15,,319176,14,,,1,165,,319177,14,4,,1,30,,319178,14,4,,1,5,,319179,14,,,1,60,,319180,14,4,,1,88,,319181,14,0,31 32 33 9,1,94,,319182,14,0,31 32 33 9,1,125,,319183,14,0,31 32 33 9,1
7100,'20261122',830,,319184,14,,,1,118,,319185,14,4,,1,5,,319186,14,,,1,95,,319187,14,4,,1,5,,319188,14,4,,1,95,,319189,14,4,,1,5,,319190,14,,,1,90,,319191,5,4,,1,15,,319192,14,4,,1,70,,319193,14,4,,1,15,,319194,5,4,,1,15,,319195,14,,,1,70,,319196,14,4,,1,15,,319197,5,4,,1,15,,319198,14,4,,1,70,,319199,14,4,,1,15,,319200,5,4,,1,15,,319201,14,,,1,70,,319202,14,4,,1,100,,319203,14,4,,1,15,,319204,5,4,,1,15,,319205,14,,,1,170,,319206,14,4,,1,15,,319207,5,4,,1,15,,319208,14,,,1,165,,319209,14,4,,1,20,,319210,5,4,,1,15,,319211,14,,,1,165,,319212,14,4,,1,30,,319213,14,4,,1,5,,319214,14,,,1,60,,319215,14,4,,1,88,,319216,14,0,31 32 33 9,1,94,,319217,14,0,31 32 33 9,1,125,,319218,14,0,31 32 33 9,1
7100,'20261123',733,,319219,14,,,1,117,,319220,14,,,1,1298,,319221,5,4,,1,60,,319223,14,4,,1,140,,319224,5,4,,1,55,,319225,14,0,31 32 33 9,1,45,,319226,5,4,,1,55,,319227,14,0,31 32 33 9,1,47,,319228,14,0,31 32 33 9,1,175,,319229,14,0,31 32 33 9,1
7100,'20261124',733,,319230,14,,,1,117,,319231,14,,,1,1298,,319232,5,4,,1,60,,319234,14,4,,1,140,,319235,5,4,,1,55,,319236,14,0,31 32 33 9,1,45,,319237,5,4,,1,55,,319238,14,0,31 32 33 9,1,47,,319239,14,0,31 32 33 9,1,175,,319240,14,0,31 32 33 9,1
7100,'20261125',733,,319241,14,,,1,117,,319242,14,,,1,1298,,319243,5,4,,1,60,,319245,14,4,,1,140,,319246,5,4,,1,55,,319247,14,0,31 32 33 9,1,45,,319248,5,4,,1,55,,319249,14,0,31 32 33 9,1,47,,319250,14,0,31 32 33 9,1,175,,319251,14,0,31 32 33 9,1
7100,'20261126',733,,319252,14,,,1,117,,319253,14,,,1,1298,,319254,5,4,,1,60,,319256,14,4,,1,140,,319257,5,4,,1,55,,319258,14,0,31 32 33 9,1,45,,319259,5,4,,1,55,,319260,14,0,31 32 33 9,1,47,,319261,14,0,31 32 33 9,1,175,,319262,14,0,31 32 33 9,1
7100,'20261127',733,,319263,14,,,1,117,,319264,14,,,1,1298,,319265,5,4,,1,60,,319267,14,4,,1,140,,319268,5,4,,1,55,,319269,14,0,31 32 33 9,1,45,,319270,5,4,,1,55,,319271,14,0,31 32 33 9,1,47,,319272,14,0,31 32 33 9,1,175,,319273,14,0,31 32 33 9,1
7101,'20260831',500,,207687,28,,,1,1100,,207688,1,0,16 29 30,1,5,,207689,16,0,31 29 30,1,225,,207690,28,,,1,495,,207691,28,,,1,205,,207692,16,0,31 29 30,1
7101,'20260901',500,,207693,28,,,1,1100,,207694,1,0,16 29 30,1,5,,207695,16,0,31 29 30,1,225,,207696,28,,,1,495,,207697,28,,,1,205,,207698,16,0,31 29 30,1
7101,'20260902',500,,207699,28,,,1,1100,,207700,1,0,16 29 30,1,5,,207701,16,0,31 29 30,1,225,,207702,28,,,1,495,,207703,28,,,1,205,,207704,16,0,31 29 30,1
7101,'20260903',500,,207705,28,,,1,1100,,207706,1,0,16 29 30,1,5,,207707,16,0,31 29 30,1,225,,207708,28,,,1,495,,207709,28,,,1,205,,207710,16,0,31 29 30,1
7101,'20260904',500,,207711,28,,,1,1100,,207712,1,0,16 29 30,1,5,,207713,16,0,31 29 30,1,225,,207714,28,,,1,495,,207715,28,,,1,205,,207716,16,0,31 29 30,1
7101,'20260905',629,,319274,28,,,1,1589,,319275,28,,,1,112,,319276,16,0,31 29 30,1,200,,319277,16,0,31 29 30,1
7101,'20260906',629,,319278,28,,,1,1589,,319279,28,,,1,112,,319280,16,0,31 29 30,1,200,,319281,16,0,31 29 30,1
7101,'20260907',629,,319282,28,,,1,1589,,319283,28,,,1,112,,319284,16,0,31 29 30,1,200,,319285,16,0,31 29 30,1
7101,'20260908',500,,319286,28,,,1,1100,,319287,1,0,16 29 30,1,5,,319288,16,0,31 29 30,1,215,,319289,28,,,1,315,,319290,28,,,1,90,,319292,1,0,16 29 30,1,100,,319291,28,,,1,205,,319293,16,0,31 29 30,1
7101,'20260909',500,,319294,28,,,1,1100,,319295,1,0,16 29 30,1,5,,319296,16,0,31 29 30,1,215,,319297,28,,,1,315,,319298,28,,,1,90,,319300,1,0,16 29 30,1,100,,319299,28,,,1,205,,319301,16,0,31 29 30,1
7101,'20260910',500,,319302,28,,,1,1100,,319303,1,0,16 29 30,1,5,,319304,16,0,31 29 30,1,215,,319305,28,,,1,315,,319306,28,,,1,90,,319308,1,0,16 29 30,1,100,,319307,28,,,1,205,,319309,16,0,31 29 30,1
7101,'20260911',500,,319310,28,,,1,1100,,319311,1,0,16 29 30,1,5,,319312,16,0,31 29 30,1,215,,319313,28,,,1,315,,319314,28,,,1,90,,319316,1,0,16 29 30,1,100,,319315,28,,,1,205,,319317,16,0,31 29 30,1
7101,'20260912',629,,319318,28,,,1,86,,319319,1,0,16 29 30,1,5,,319320,16,0,31 29 30,1,95,,319321,1,0,16 29 30,1,5,,319322,28,,,1,95,,319323,1,0,34 14 36 9,1,5,,319324,1,0,16 29 30,1,30,,319325,1,0,16 29 30,1,60,,319326,1,0,34 14 36 9,1,5,,319327,1,0,16 29 30,1,35,,319328,1,0,16 29 30,1,60,,319329,1,0,34 14 36 9,1,5,,319330,1,0,16 29 30,1,30,,319331,1,0,16 29 30,1,65,,319332,1,0,34 14 36 9,1,5,,319333,28,,,1,30,,319334,1,0,16 29 30,1,65,,319335,1,0,34 14 36 9,1,5,,319336,1,0,16 29 30,1,30,,319337,1,0,16 29 30,1,65,,319338,1,0,34 14 36 9,1,5,,319339,28,,,1,195,,319340,1,0,34 14 36 9,1,5,,319341,28,,,1,200,,319342,1,0,16 29 30,1,5,,319343,28,,,1,200,,319344,28,,,1,198,,319345,28,,,1,112,,319346,16,0,31 29 30,1,200,,319347,16,0,31 29 30,1
7101,'20260913',629,,319348,28,,,1,86,,319349,1,0,16 29 30,1,5,,319350,16,0,31 29 30,1,95,,319351,1,0,16 29 30,1,5,,319352,28,,,1,95,,319353,1,0,34 14 36 9,1,5,,319354,1,0,16 29 30,1,30,,319355,1,0,16 29 30,1,60,,319356,1,0,34 14 36 9,1,5,,319357,1,0,16 29 30,1,35,,319358,1,0,16 29 30,1,60,,319359,1,0,34 14 36 9,1,5,,319360,1,0,16 29 30,1,30,,319361,1,0,16 29 30,1,65,,319362,1,0,34 14 36 9,1,5,,319363,28,,,1,30,,319364,1,0,16 29 30,1,65,,319365,1,0,34 14 36 9,1,5,,319366,1,0,16 29 30,1,30,,319367,1,0,16 29 30,1,65,,319368,1,0,34 14 36 9,1,5,,319369,28,,,1,195,,319370,1,0,34 14 36 9,1,5,,319371,28,,,1,200,,319372,1,0,16 29 30,1,5,,319373,28,,,1,200,,319374,28,,,1,198,,319375,28,,,1,112,,319376,16,0,31 29 30,1,200,,319377,16,0,31 29 30,1
7101,'20260914',500,,319378,28,,,1,1100,,319379,1,0,16 29 30,1,5,,319380,16,0,31 29 30,1,215,,319381,28,,,1,315,,319382,28,,,1,90,,319384,1,0,16 29 30,1,100,,319383,28,,,1,205,,319385,16,0,31 29 30,1
7101,'20260915',500,,319386,28,,,1,1100,,319387,1,0,16 29 30,1,5,,319388,16,0,31 29 30,1,215,,319389,28,,,1,315,,319390,28,,,1,90,,319392,1,0,16 29 30,1,100,,319391,28,,,1,205,,319393,16,0,31 29 30,1
7101,'20260916',500,,319394,28,,,1,1100,,319395,1,0,16 29 30,1,5,,319396,16,0,31 29 30,1,215,,319397,28,,,1,315,,319398,28,,,1,90,,319400,1,0,16 29 30,1,100,,319399,28,,,1,205,,319401,16,0,31 29 30,1
7101,'20260917',500,,319402,28,,,1,1100,,319403,1,0,16 29 30,1,5,,319404,16,0,31 29 30,1,215,,319405,28,,,1,315,,319406,28,,,1,90,,319408,1,0,16 29 30,1,100,,319407,28,,,1,205,,319409,16,0,31 29 30,1
7101,'20260918',500,,319410,28,,,1,1100,,319411,1,0,16 29 30,1,5,,319412,16,0,31 29 30,1,215,,319413,28,,,1,315,,319414,28,,,1,90,,319416,1,0,16 29 30,1,100,,319415,28,,,1,205,,319417,16,0,31 29 30,1
7101,'20260919',629,,319418,28,,,1,86,,319419,1,0,16 29 30,1,5,,319420,16,0,31 29 30,1,95,,319421,1,0,16 29 30,1,5,,319422,28,,,1,95,,319423,1,0,34 14 36 9,1,5,,319424,1,0,16 29 30,1,30,,319425,1,0,16 29 30,1,60,,319426,1,0,34 14 36 9,1,5,,319427,1,0,16 29 30,1,35,,319428,1,0,16 29 30,1,60,,319429,1,0,34 14 36 9,1,5,,319430,1,0,16 29 30,1,30,,319431,1,0,16 29 30,1,65,,319432,1,0,34 14 36 9,1,5,,319433,28,,,1,30,,319434,1,0,16 29 30,1,65,,319435,1,0,34 14 36 9,1,5,,319436,1,0,16 29 30,1,30,,319437,1,0,16 29 30,1,65,,319438,1,0,34 14 36 9,1,5,,319439,28,,,1,195,,319440,1,0,34 14 36 9,1,5,,319441,28,,,1,200,,319442,1,0,16 29 30,1,5,,319443,28,,,1,200,,319444,28,,,1,198,,319445,28,,,1,112,,319446,16,0,31 29 30,1,200,,319447,16,0,31 29 30,1
7101,'20260920',629,,319448,28,,,1,86,,319449,1,0,16 29 30,1,5,,319450,16,0,31 29 30,1,95,,319451,1,0,16 29 30,1,5,,319452,28,,,1,95,,319453,1,0,34 14 36 9,1,5,,319454,1,0,16 29 30,1,30,,319455,1,0,16 29 30,1,60,,319456,1,0,34 14 36 9,1,5,,319457,1,0,16 29 30,1,35,,319458,1,0,16 29 30,1,60,,319459,1,0,34 14 36 9,1,5,,319460,1,0,16 29 30,1,30,,319461,1,0,16 29 30,1,65,,319462,1,0,34 14 36 9,1,5,,319463,28,,,1,30,,319464,1,0,16 29 30,1,65,,319465,1,0,34 14 36 9,1,5,,319466,1,0,16 29 30,1,30,,319467,1,0,16 29 30,1,65,,319468,1,0,34 14 36 9,1,5,,319469,28,,,1,195,,319470,1,0,34 14 36 9,1,5,,319471,28,,,1,200,,319472,1,0,16 29 30,1,5,,319473,28,,,1,200,,319474,28,,,1,198,,319475,28,,,1,112,,319476,16,0,31 29 30,1,200,,319477,16,0,31 29 30,1
7101,'20260921',500,,319478,28,,,1,1100,,319479,1,0,16 29 30,1,5,,319480,16,0,31 29 30,1,215,,319481,28,,,1,315,,319482,28,,,1,90,,319484,1,0,16 29 30,1,100,,319483,28,,,1,205,,319485,16,0,31 29 30,1
7101,'20260922',500,,319486,28,,,1,1100,,319487,1,0,16 29 30,1,5,,319488,16,0,31 29 30,1,215,,319489,28,,,1,315,,319490,28,,,1,90,,319492,1,0,16 29 30,1,100,,319491,28,,,1,205,,319493,16,0,31 29 30,1
7101,'20260923',500,,319494,28,,,1,1100,,319495,1,0,16 29 30,1,5,,319496,16,0,31 29 30,1,215,,319497,28,,,1,315,,319498,28,,,1,90,,319500,1,0,16 29 30,1,100,,319499,28,,,1,205,,319501,16,0,31 29 30,1
7101,'20260924',500,,319502,28,,,1,1100,,319503,1,0,16 29 30,1,5,,319504,16,0,31 29 30,1,215,,319505,28,,,1,315,,319506,28,,,1,90,,319508,1,0,16 29 30,1,100,,319507,28,,,1,205,,319509,16,0,31 29 30,1
7101,'20260925',500,,319510,28,,,1,1100,,319511,1,0,16 29 30,1,5,,319512,16,0,31 29 30,1,215,,319513,28,,,1,315,,319514,28,,,1,90,,319516,1,0,16 29 30,1,100,,319515,28,,,1,205,,319517,16,0,31 29 30,1
7101,'20260926',629,,319518,28,,,1,86,,319519,1,0,16 29 30,1,5,,319520,16,0,31 29 30,1,95,,319521,1,0,16 29 30,1,5,,319522,28,,,1,95,,319523,1,0,34 14 36 9,1,5,,319524,1,0,16 29 30,1,30,,319525,1,0,16 29 30,1,60,,319526,1,0,34 14 36 9,1,5,,319527,1,0,16 29 30,1,35,,319528,1,0,16 29 30,1,60,,319529,1,0,34 14 36 9,1,5,,319530,1,0,16 29 30,1,30,,319531,1,0,16 29 30,1,65,,319532,1,0,34 14 36 9,1,5,,319533,28,,,1,30,,319534,1,0,16 29 30,1,65,,319535,1,0,34 14 36 9,1,5,,319536,1,0,16 29 30,1,30,,319537,1,0,16 29 30,1,65,,319538,1,0,34 14 36 9,1,5,,319539,28,,,1,195,,319540,1,0,34 14 36 9,1,5,,319541,28,,,1,200,,319542,1,0,16 29 30,1,5,,319543,28,,,1,200,,319544,28,,,1,198,,319545,28,,,1,112,,319546,16,0,31 29 30,1,200,,319547,16,0,31 29 30,1
7101,'20260927',629,,319548,28,,,1,86,,319549,1,0,16 29 30,1,5,,319550,16,0,31 29 30,1,95,,319551,1,0,16 29 30,1,5,,319552,28,,,1,95,,319553,1,0,34 14 36 9,1,5,,319554,1,0,16 29 30,1,30,,319555,1,0,16 29 30,1,60,,319556,1,0,34 14 36 9,1,5,,319557,1,0,16 29 30,1,35,,319558,1,0,16 29 30,1,60,,319559,1,0,34 14 36 9,1,5,,319560,1,0,16 29 30,1,30,,319561,1,0,16 29 30,1,65,,319562,1,0,34 14 36 9,1,5,,319563,28,,,1,30,,319564,1,0,16 29 30,1,65,,319565,1,0,34 14 36 9,1,5,,319566,1,0,16 29 30,1,30,,319567,1,0,16 29 30,1,65,,319568,1,0,34 14 36 9,1,5,,319569,28,,,1,195,,319570,1,0,34 14 36 9,1,5,,319571,28,,,1,200,,319572,1,0,16 29 30,1,5,,319573,28,,,1,200,,319574,28,,,1,198,,319575,28,,,1,112,,319576,16,0,31 29 30,1,200,,319577,16,0,31 29 30,1
7101,'20260928',500,,319578,28,,,1,1100,,319579,1,0,16 29 30,1,5,,319580,16,0,31 29 30,1,215,,319581,28,,,1,315,,319582,28,,,1,90,,319584,1,0,16 29 30,1,100,,319583,28,,,1,205,,319585,16,0,31 29 30,1
7101,'20260929',500,,319586,28,,,1,1100,,319587,1,0,16 29 30,1,5,,319588,16,0,31 29 30,1,215,,319589,28,,,1,315,,319590,28,,,1,90,,319592,1,0,16 29 30,1,100,,319591,28,,,1,205,,319593,16,0,31 29 30,1
7101,'20260930',500,,319594,28,,,1,1100,,319595,1,0,16 29 30,1,5,,319596,16,0,31 29 30,1,215,,319597,28,,,1,315,,319598,28,,,1,90,,319600,1,0,16 29 30,1,100,,319599,28,,,1,205,,319601,16,0,31 29 30,1
7101,'20261001',500,,319602,28,,,1,1100,,319603,1,0,16 29 30,1,5,,319604,16,0,31 29 30,1,215,,319605,28,,,1,315,,319606,28,,,1,90,,319608,1,0,16 29 30,1,100,,319607,28,,,1,205,,319609,16,0,31 29 30,1
7101,'20261002',500,,319610,28,,,1,1100,,319611,1,0,16 29 30,1,5,,319612,16,0,31 29 30,1,215,,319613,28,,,1,315,,319614,28,,,1,90,,319616,1,0,16 29 30,1,100,,319615,28,,,1,205,,319617,16,0,31 29 30,1
7101,'20261003',629,,319618,28,,,1,86,,319619,1,0,16 29 30,1,5,,319620,16,0,31 29 30,1,95,,319621,1,0,16 29 30,1,5,,319622,28,,,1,95,,319623,1,0,34 14 36 9,1,5,,319624,1,0,16 29 30,1,30,,319625,1,0,16 29 30,1,60,,319626,1,0,34 14 36 9,1,5,,319627,1,0,16 29 30,1,35,,319628,1,0,16 29 30,1,60,,319629,1,0,34 14 36 9,1,5,,319630,1,0,16 29 30,1,30,,319631,1,0,16 29 30,1,65,,319632,1,0,34 14 36 9,1,5,,319633,28,,,1,30,,319634,1,0,16 29 30,1,65,,319635,1,0,34 14 36 9,1,5,,319636,1,0,16 29 30,1,30,,319637,1,0,16 29 30,1,65,,319638,1,0,34 14 36 9,1,5,,319639,28,,,1,195,,319640,1,0,34 14 36 9,1,5,,319641,28,,,1,200,,319642,1,0,16 29 30,1,5,,319643,28,,,1,200,,319644,28,,,1,198,,319645,28,,,1,112,,319646,16,0,31 29 30,1,200,,319647,16,0,31 29 30,1
7101,'20261004',629,,319648,28,,,1,86,,319649,1,0,16 29 30,1,5,,319650,16,0,31 29 30,1,95,,319651,1,0,16 29 30,1,5,,319652,28,,,1,95,,319653,1,0,34 14 36 9,1,5,,319654,1,0,16 29 30,1,30,,319655,1,0,16 29 30,1,60,,319656,1,0,34 14 36 9,1,5,,319657,1,0,16 29 30,1,35,,319658,1,0,16 29 30,1,60,,319659,1,0,34 14 36 9,1,5,,319660,1,0,16 29 30,1,30,,319661,1,0,16 29 30,1,65,,319662,1,0,34 14 36 9,1,5,,319663,28,,,1,30,,319664,1,0,16 29 30,1,65,,319665,1,0,34 14 36 9,1,5,,319666,1,0,16 29 30,1,30,,319667,1,0,16 29 30,1,65,,319668,1,0,34 14 36 9,1,5,,319669,28,,,1,195,,319670,1,0,34 14 36 9,1,5,,319671,28,,,1,200,,319672,1,0,16 29 30,1,5,,319673,28,,,1,200,,319674,28,,,1,198,,319675,28,,,1,112,,319676,16,0,31 29 30,1,200,,319677,16,0,31 29 30,1
7101,'20261005',500,,319678,28,,,1,1100,,319679,1,0,16 29 30,1,5,,319680,16,0,31 29 30,1,215,,319681,28,,,1,315,,319682,28,,,1,90,,319684,1,0,16 29 30,1,100,,319683,28,,,1,205,,319685,16,0,31 29 30,1
7101,'20261006',500,,319686,28,,,1,1100,,319687,1,0,16 29 30,1,5,,319688,16,0,31 29 30,1,215,,319689,28,,,1,315,,319690,28,,,1,90,,319692,1,0,16 29 30,1,100,,319691,28,,,1,205,,319693,16,0,31 29 30,1
7101,'20261007',500,,319694,28,,,1,1100,,319695,1,0,16 29 30,1,5,,319696,16,0,31 29 30,1,215,,319697,28,,,1,315,,319698,28,,,1,90,,319700,1,0,16 29 30,1,100,,319699,28,,,1,205,,319701,16,0,31 29 30,1
7101,'20261008',500,,319702,28,,,1,1100,,319703,1,0,16 29 30,1,5,,319704,16,0,31 29 30,1,215,,319705,28,,,1,315,,319706,28,,,1,90,,319708,1,0,16 29 30,1,100,,319707,28,,,1,205,,319709,16,0,31 29 30,1
7101,'20261009',500,,319710,28,,,1,1100,,319711,1,0,16 29 30,1,5,,319712,16,0,31 29 30,1,215,,319713,28,,,1,315,,319714,28,,,1,90,,319716,1,0,16 29 30,1,100,,319715,28,,,1,205,,319717,16,0,31 29 30,1
7101,'20261010',629,,319718,28,,,1,86,,319719,1,0,16 29 30,1,5,,319720,16,0,31 29 30,1,95,,319721,1,0,16 29 30,1,5,,319722,28,,,1,95,,319723,1,0,34 14 36 9,1,5,,319724,1,0,16 29 30,1,30,,319725,1,0,16 29 30,1,60,,319726,1,0,34 14 36 9,1,5,,319727,1,0,16 29 30,1,35,,319728,1,0,16 29 30,1,60,,319729,1,0,34 14 36 9,1,5,,319730,1,0,16 29 30,1,30,,319731,1,0,16 29 30,1,65,,319732,1,0,34 14 36 9,1,5,,319733,28,,,1,30,,319734,1,0,16 29 30,1,65,,319735,1,0,34 14 36 9,1,5,,319736,1,0,16 29 30,1,30,,319737,1,0,16 29 30,1,65,,319738,1,0,34 14 36 9,1,5,,319739,28,,,1,195,,319740,1,0,34 14 36 9,1,5,,319741,28,,,1,200,,319742,1,0,16 29 30,1,5,,319743,28,,,1,200,,319744,28,,,1,198,,319745,28,,,1,112,,319746,16,0,31 29 30,1,200,,319747,16,0,31 29 30,1
7101,'20261011',629,,319748,28,,,1,86,,319749,1,0,16 29 30,1,5,,319750,16,0,31 29 30,1,95,,319751,1,0,16 29 30,1,5,,319752,28,,,1,95,,319753,1,0,34 14 36 9,1,5,,319754,1,0,16 29 30,1,30,,319755,1,0,16 29 30,1,60,,319756,1,0,34 14 36 9,1,5,,319757,1,0,16 29 30,1,35,,319758,1,0,16 29 30,1,60,,319759,1,0,34 14 36 9,1,5,,319760,1,0,16 29 30,1,30,,319761,1,0,16 29 30,1,65,,319762,1,0,34 14 36 9,1,5,,319763,28,,,1,30,,319764,1,0,16 29 30,1,65,,319765,1,0,34 14 36 9,1,5,,319766,1,0,16 29 30,1,30,,319767,1,0,16 29 30,1,65,,319768,1,0,34 14 36 9,1,5,,319769,28,,,1,195,,319770,1,0,34 14 36 9,1,5,,319771,28,,,1,200,,319772,1,0,16 29 30,1,5,,319773,28,,,1,200,,319774,28,,,1,198,,319775,28,,,1,112,,319776,16,0,31 29 30,1,200,,319777,16,0,31 29 30,1
7101,'20261012',629,,319778,28,,,1,86,,319779,1,0,16 29 30,1,5,,319780,16,0,31 29 30,1,95,,319781,1,0,16 29 30,1,5,,319782,28,,,1,95,,319783,1,0,34 14 36 9,1,5,,319784,1,0,16 29 30,1,30,,319785,1,0,16 29 30,1,60,,319786,1,0,34 14 36 9,1,5,,319787,1,0,16 29 30,1,35,,319788,1,0,16 29 30,1,60,,319789,1,0,34 14 36 9,1,5,,319790,1,0,16 29 30,1,30,,319791,1,0,16 29 30,1,65,,319792,1,0,34 14 36 9,1,5,,319793,28,,,1,30,,319794,1,0,16 29 30,1,65,,319795,1,0,34 14 36 9,1,5,,319796,1,0,16 29 30,1,30,,319797,1,0,16 29 30,1,65,,319798,1,0,34 14 36 9,1,5,,319799,28,,,1,195,,319800,1,0,34 14 36 9,1,5,,319801,28,,,1,200,,319802,1,0,16 29 30,1,5,,319803,28,,,1,200,,319804,28,,,1,198,,319805,28,,,1,112,,319806,16,0,31 29 30,1,200,,319807,16,0,31 29 30,1
7101,'20261013',500,,319808,28,,,1,1100,,319809,1,0,16 29 30,1,5,,319810,16,0,31 29 30,1,215,,319811,28,,,1,315,,319812,28,,,1,90,,319814,1,0,16 29 30,1,100,,319813,28,,,1,205,,319815,16,0,31 29 30,1
7101,'20261014',500,,319816,28,,,1,1100,,319817,1,0,16 29 30,1,5,,319818,16,0,31 29 30,1,215,,319819,28,,,1,315,,319820,28,,,1,90,,319822,1,0,16 29 30,1,100,,319821,28,,,1,205,,319823,16,0,31 29 30,1
7101,'20261015',500,,319824,28,,,1,1100,,319825,1,0,16 29 30,1,5,,319826,16,0,31 29 30,1,215,,319827,28,,,1,315,,319828,28,,,1,90,,319830,1,0,16 29 30,1,100,,319829,28,,,1,205,,319831,16,0,31 29 30,1
7101,'20261016',500,,319832,28,,,1,1100,,319833,1,0,16 29 30,1,5,,319834,16,0,31 29 30,1,215,,319835,28,,,1,315,,319836,28,,,1,90,,319838,1,0,16 29 30,1,100,,319837,28,,,1,205,,319839,16,0,31 29 30,1
7101,'20261017',629,,319840,28,,,1,86,,319841,1,0,16 29 30,1,5,,319842,16,0,31 29 30,1,95,,319843,1,0,16 29 30,1,5,,319844,28,,,1,95,,319845,1,0,34 14 36 9,1,5,,319846,1,0,16 29 30,1,30,,319847,1,0,16 29 30,1,60,,319848,1,0,34 14 36 9,1,5,,319849,1,0,16 29 30,1,35,,319850,1,0,16 29 30,1,60,,319851,1,0,34 14 36 9,1,5,,319852,1,0,16 29 30,1,30,,319853,1,0,16 29 30,1,65,,319854,1,0,34 14 36 9,1,5,,319855,28,,,1,30,,319856,1,0,16 29 30,1,65,,319857,1,0,34 14 36 9,1,5,,319858,1,0,16 29 30,1,30,,319859,1,0,16 29 30,1,65,,319860,1,0,34 14 36 9,1,5,,319861,28,,,1,195,,319862,1,0,34 14 36 9,1,5,,319863,28,,,1,200,,319864,1,0,16 29 30,1,5,,319865,28,,,1,200,,319866,28,,,1,198,,319867,28,,,1,112,,319868,16,0,31 29 30,1,200,,319869,16,0,31 29 30,1
7101,'20261018',629,,319870,28,,,1,86,,319871,1,0,16 29 30,1,5,,319872,16,0,31 29 30,1,95,,319873,1,0,16 29 30,1,5,,319874,28,,,1,95,,319875,1,0,34 14 36 9,1,5,,319876,1,0,16 29 30,1,30,,319877,1,0,16 29 30,1,60,,319878,1,0,34 14 36 9,1,5,,319879,1,0,16 29 30,1,35,,319880,1,0,16 29 30,1,60,,319881,1,0,34 14 36 9,1,5,,319882,1,0,16 29 30,1,30,,319883,1,0,16 29 30,1,65,,319884,1,0,34 14 36 9,1,5,,319885,28,,,1,30,,319886,1,0,16 29 30,1,65,,319887,1,0,34 14 36 9,1,5,,319888,1,0,16 29 30,1,30,,319889,1,0,16 29 30,1,65,,319890,1,0,34 14 36 9,1,5,,319891,28,,,1,195,,319892,1,0,34 14 36 9,1,5,,319893,28,,,1,200,,319894,1,0,16 29 30,1,5,,319895,28,,,1,200,,319896,28,,,1,198,,319897,28,,,1,112,,319898,16,0,31 29 30,1,200,,319899,16,0,31 29 30,1
7101,'20261019',500,,319900,28,,,1,1100,,319901,1,0,16 29 30,1,5,,319902,16,0,31 29 30,1,215,,319903,28,,,1,315,,319904,28,,,1,90,,319906,1,0,16 29 30,1,100,,319905,28,,,1,205,,319907,16,0,31 29 30,1
7101,'20261020',500,,319908,28,,,1,1100,,319909,1,0,16 29 30,1,5,,319910,16,0,31 29 30,1,215,,319911,28,,,1,315,,319912,28,,,1,90,,319914,1,0,16 29 30,1,100,,319913,28,,,1,205,,319915,16,0,31 29 30,1
7101,'20261021',500,,319916,28,,,1,1100,,319917,1,0,16 29 30,1,5,,319918,16,0,31 29 30,1,215,,319919,28,,,1,315,,319920,28,,,1,90,,319922,1,0,16 29 30,1,100,,319921,28,,,1,205,,319923,16,0,31 29 30,1
7101,'20261022',500,,319924,28,,,1,1100,,319925,1,0,16 29 30,1,5,,319926,16,0,31 29 30,1,215,,319927,28,,,1,315,,319928,28,,,1,90,,319930,1,0,16 29 30,1,100,,319929,28,,,1,205,,319931,16,0,31 29 30,1
7101,'20261023',500,,319932,28,,,1,1100,,319933,1,0,16 29 30,1,5,,319934,16,0,31 29 30,1,215,,319935,28,,,1,315,,319936,28,,,1,90,,319938,1,0,16 29 30,1,100,,319937,28,,,1,205,,319939,16,0,31 29 30,1
7101,'20261024',629,,319940,28,,,1,86,,319941,1,0,16 29 30,1,5,,319942,16,0,31 29 30,1,95,,319943,1,0,16 29 30,1,5,,319944,28,,,1,95,,319945,1,0,34 14 36 9,1,5,,319946,1,0,16 29 30,1,30,,319947,1,0,16 29 30,1,60,,319948,1,0,34 14 36 9,1,5,,319949,1,0,16 29 30,1,35,,319950,1,0,16 29 30,1,60,,319951,1,0,34 14 36 9,1,5,,319952,1,0,16 29 30,1,30,,319953,1,0,16 29 30,1,65,,319954,1,0,34 14 36 9,1,5,,319955,28,,,1,30,,319956,1,0,16 29 30,1,65,,319957,1,0,34 14 36 9,1,5,,319958,1,0,16 29 30,1,30,,319959,1,0,16 29 30,1,65,,319960,1,0,34 14 36 9,1,5,,319961,28,,,1,195,,319962,1,0,34 14 36 9,1,5,,319963,28,,,1,200,,319964,1,0,16 29 30,1,5,,319965,28,,,1,200,,319966,28,,,1,198,,319967,28,,,1,112,,319968,16,0,31 29 30,1,200,,319969,16,0,31 29 30,1
7101,'20261025',629,,319970,28,,,1,86,,319971,1,0,16 29 30,1,5,,319972,16,0,31 29 30,1,95,,319973,1,0,16 29 30,1,5,,319974,28,,,1,95,,319975,1,0,34 14 36 9,1,5,,319976,1,0,16 29 30,1,30,,319977,1,0,16 29 30,1,60,,319978,1,0,34 14 36 9,1,5,,319979,1,0,16 29 30,1,35,,319980,1,0,16 29 30,1,60,,319981,1,0,34 14 36 9,1,5,,319982,1,0,16 29 30,1,30,,319983,1,0,16 29 30,1,65,,319984,1,0,34 14 36 9,1,5,,319985,28,,,1,30,,319986,1,0,16 29 30,1,65,,319987,1,0,34 14 36 9,1,5,,319988,1,0,16 29 30,1,30,,319989,1,0,16 29 30,1,65,,319990,1,0,34 14 36 9,1,5,,319991,28,,,1,195,,319992,1,0,34 14 36 9,1,5,,319993,28,,,1,200,,319994,1,0,16 29 30,1,5,,319995,28,,,1,200,,319996,28,,,1,198,,319997,28,,,1,112,,319998,16,0,31 29 30,1,200,,319999,16,0,31 29 30,1
7101,'20261026',500,,320000,28,,,1,1100,,320001,1,0,16 29 30,1,5,,320002,16,0,31 29 30,1,215,,320003,28,,,1,315,,320004,28,,,1,90,,320006,1,0,16 29 30,1,100,,320005,28,,,1,205,,320007,16,0,31 29 30,1
7101,'20261027',500,,320008,28,,,1,1100,,320009,1,0,16 29 30,1,5,,320010,16,0,31 29 30,1,215,,320011,28,,,1,315,,320012,28,,,1,90,,320014,1,0,16 29 30,1,100,,320013,28,,,1,205,,320015,16,0,31 29 30,1
7101,'20261028',500,,320016,28,,,1,1100,,320017,1,0,16 29 30,1,5,,320018,16,0,31 29 30,1,215,,320019,28,,,1,315,,320020,28,,,1,90,,320022,1,0,16 29 30,1,100,,320021,28,,,1,205,,320023,16,0,31 29 30,1
7101,'20261029',500,,320024,28,,,1,1100,,320025,1,0,16 29 30,1,5,,320026,16,0,31 29 30,1,215,,320027,28,,,1,315,,320028,28,,,1,90,,320030,1,0,16 29 30,1,100,,320029,28,,,1,205,,320031,16,0,31 29 30,1
7101,'20261030',500,,320032,28,,,1,1100,,320033,1,0,16 29 30,1,5,,320034,16,0,31 29 30,1,215,,320035,28,,,1,315,,320036,28,,,1,90,,320038,1,0,16 29 30,1,100,,320037,28,,,1,205,,320039,16,0,31 29 30,1
7101,'20261031',629,,320040,28,,,1,86,,320041,1,0,16 29 30,1,5,,320042,16,0,31 29 30,1,95,,320043,1,0,16 29 30,1,5,,320044,28,,,1,95,,320045,1,0,34 14 36 9,1,5,,320046,1,0,16 29 30,1,30,,320047,1,0,16 29 30,1,60,,320048,1,0,34 14 36 9,1,5,,320049,1,0,16 29 30,1,35,,320050,1,0,16 29 30,1,60,,320051,1,0,34 14 36 9,1,5,,320052,1,0,16 29 30,1,30,,320053,1,0,16 29 30,1,65,,320054,1,0,34 14 36 9,1,5,,320055,28,,,1,30,,320056,1,0,16 29 30,1,65,,320057,1,0,34 14 36 9,1,5,,320058,1,0,16 29 30,1,30,,320059,1,0,16 29 30,1,65,,320060,1,0,34 14 36 9,1,5,,320061,28,,,1,195,,320062,1,0,34 14 36 9,1,5,,320063,28,,,1,200,,320064,1,0,16 29 30,1,5,,320065,28,,,1,200,,320066,28,,,1,198,,320067,28,,,1,112,,320068,16,0,31 29 30,1,200,,320069,16,0,31 29 30,1
7101,'20261101',629,,320070,28,,,1,86,,320071,1,0,16 29 30,1,5,,320072,16,0,31 29 30,1,95,,320073,1,0,16 29 30,1,5,,320074,28,,,1,95,,320075,1,0,34 14 36 9,1,5,,320076,1,0,16 29 30,1,30,,320077,1,0,16 29 30,1,60,,320078,1,0,34 14 36 9,1,5,,320079,1,0,16 29 30,1,35,,320080,1,0,16 29 30,1,60,,320081,1,0,34 14 36 9,1,5,,320082,1,0,16 29 30,1,30,,320083,1,0,16 29 30,1,65,,320084,1,0,34 14 36 9,1,5,,320085,28,,,1,30,,320086,1,0,16 29 30,1,65,,320087,1,0,34 14 36 9,1,5,,320088,1,0,16 29 30,1,30,,320089,1,0,16 29 30,1,65,,320090,1,0,34 14 36 9,1,5,,320091,28,,,1,195,,320092,1,0,34 14 36 9,1,5,,320093,28,,,1,200,,320094,1,0,16 29 30,1,5,,320095,28,,,1,200,,320096,28,,,1,198,,320097,28,,,1,112,,320098,16,0,31 29 30,1,200,,320099,16,0,31 29 30,1
7101,'20261102',500,,320100,28,,,1,1100,,320101,1,0,16 29 30,1,5,,320102,16,0,31 29 30,1,215,,320103,28,,,1,315,,320104,28,,,1,90,,320106,1,0,16 29 30,1,100,,320105,28,,,1,205,,320107,16,0,31 29 30,1
7101,'20261103',500,,320108,28,,,1,1100,,320109,1,0,16 29 30,1,5,,320110,16,0,31 29 30,1,215,,320111,28,,,1,315,,320112,28,,,1,90,,320114,1,0,16 29 30,1,100,,320113,28,,,1,205,,320115,16,0,31 29 30,1
7101,'20261104',500,,320116,28,,,1,1100,,320117,1,0,16 29 30,1,5,,320118,16,0,31 29 30,1,215,,320119,28,,,1,315,,320120,28,,,1,90,,320122,1,0,16 29 30,1,100,,320121,28,,,1,205,,320123,16,0,31 29 30,1
7101,'20261105',500,,320124,28,,,1,1100,,320125,1,0,16 29 30,1,5,,320126,16,0,31 29 30,1,215,,320127,28,,,1,315,,320128,28,,,1,90,,320130,1,0,16 29 30,1,100,,320129,28,,,1,205,,320131,16,0,31 29 30,1
7101,'20261106',500,,320132,28,,,1,1100,,320133,1,0,16 29 30,1,5,,320134,16,0,31 29 30,1,215,,320135,28,,,1,315,,320136,28,,,1,90,,320138,1,0,16 29 30,1,100,,320137,28,,,1,205,,320139,16,0,31 29 30,1
7101,'20261107',629,,320140,28,,,1,86,,320141,1,0,16 29 30,1,5,,320142,16,0,31 29 30,1,95,,320143,1,0,16 29 30,1,5,,320144,28,,,1,95,,320145,1,0,34 14 36 9,1,5,,320146,1,0,16 29 30,1,30,,320147,1,0,16 29 30,1,60,,320148,1,0,34 14 36 9,1,5,,320149,1,0,16 29 30,1,35,,320150,1,0,16 29 30,1,60,,320151,1,0,34 14 36 9,1,5,,320152,1,0,16 29 30,1,30,,320153,1,0,16 29 30,1,65,,320154,1,0,34 14 36 9,1,5,,320155,28,,,1,30,,320156,1,0,16 29 30,1,65,,320157,1,0,34 14 36 9,1,5,,320158,1,0,16 29 30,1,30,,320159,1,0,16 29 30,1,65,,320160,1,0,34 14 36 9,1,5,,320161,28,,,1,195,,320162,1,0,34 14 36 9,1,5,,320163,28,,,1,200,,320164,1,0,16 29 30,1,5,,320165,28,,,1,200,,320166,28,,,1,198,,320167,28,,,1,112,,320168,16,0,31 29 30,1,200,,320169,16,0,31 29 30,1
7101,'20261108',629,,320170,28,,,1,86,,320171,1,0,16 29 30,1,5,,320172,16,0,31 29 30,1,95,,320173,1,0,16 29 30,1,5,,320174,28,,,1,95,,320175,1,0,34 14 36 9,1,5,,320176,1,0,16 29 30,1,30,,320177,1,0,16 29 30,1,60,,320178,1,0,34 14 36 9,1,5,,320179,1,0,16 29 30,1,35,,320180,1,0,16 29 30,1,60,,320181,1,0,34 14 36 9,1,5,,320182,1,0,16 29 30,1,30,,320183,1,0,16 29 30,1,65,,320184,1,0,34 14 36 9,1,5,,320185,28,,,1,30,,320186,1,0,16 29 30,1,65,,320187,1,0,34 14 36 9,1,5,,320188,1,0,16 29 30,1,30,,320189,1,0,16 29 30,1,65,,320190,1,0,34 14 36 9,1,5,,320191,28,,,1,195,,320192,1,0,34 14 36 9,1,5,,320193,28,,,1,200,,320194,1,0,16 29 30,1,5,,320195,28,,,1,200,,320196,28,,,1,198,,320197,28,,,1,112,,320198,16,0,31 29 30,1,200,,320199,16,0,31 29 30,1
7101,'20261109',500,,320200,28,,,1,1100,,320201,1,0,16 29 30,1,5,,320202,16,0,31 29 30,1,215,,320203,28,,,1,315,,320204,28,,,1,90,,320206,1,0,16 29 30,1,100,,320205,28,,,1,205,,320207,16,0,31 29 30,1
7101,'20261110',500,,320208,28,,,1,1100,,320209,1,0,16 29 30,1,5,,320210,16,0,31 29 30,1,215,,320211,28,,,1,315,,320212,28,,,1,90,,320214,1,0,16 29 30,1,100,,320213,28,,,1,205,,320215,16,0,31 29 30,1
7101,'20261111',500,,320216,28,,,1,1100,,320217,1,0,16 29 30,1,5,,320218,16,0,31 29 30,1,215,,320219,28,,,1,315,,320220,28,,,1,90,,320222,1,0,16 29 30,1,100,,320221,28,,,1,205,,320223,16,0,31 29 30,1
7101,'20261112',500,,320224,28,,,1,1100,,320225,1,0,16 29 30,1,5,,320226,16,0,31 29 30,1,215,,320227,28,,,1,315,,320228,28,,,1,90,,320230,1,0,16 29 30,1,100,,320229,28,,,1,205,,320231,16,0,31 29 30,1
7101,'20261113',500,,320232,28,,,1,1100,,320233,1,0,16 29 30,1,5,,320234,16,0,31 29 30,1,215,,320235,28,,,1,315,,320236,28,,,1,90,,320238,1,0,16 29 30,1,100,,320237,28,,,1,205,,320239,16,0,31 29 30,1
7101,'20261114',629,,320240,28,,,1,86,,320241,1,0,16 29 30,1,5,,320242,16,0,31 29 30,1,95,,320243,1,0,16 29 30,1,5,,320244,28,,,1,95,,320245,1,0,34 14 36 9,1,5,,320246,1,0,16 29 30,1,30,,320247,1,0,16 29 30,1,60,,320248,1,0,34 14 36 9,1,5,,320249,1,0,16 29 30,1,35,,320250,1,0,16 29 30,1,60,,320251,1,0,34 14 36 9,1,5,,320252,1,0,16 29 30,1,30,,320253,1,0,16 29 30,1,65,,320254,1,0,34 14 36 9,1,5,,320255,28,,,1,30,,320256,1,0,16 29 30,1,65,,320257,1,0,34 14 36 9,1,5,,320258,1,0,16 29 30,1,30,,320259,1,0,16 29 30,1,65,,320260,1,0,34 14 36 9,1,5,,320261,28,,,1,195,,320262,1,0,34 14 36 9,1,5,,320263,28,,,1,200,,320264,1,0,16 29 30,1,5,,320265,28,,,1,200,,320266,28,,,1,198,,320267,28,,,1,112,,320268,16,0,31 29 30,1,200,,320269,16,0,31 29 30,1
7101,'20261115',629,,320270,28,,,1,86,,320271,1,0,16 29 30,1,5,,320272,16,0,31 29 30,1,95,,320273,1,0,16 29 30,1,5,,320274,28,,,1,95,,320275,1,0,34 14 36 9,1,5,,320276,1,0,16 29 30,1,30,,320277,1,0,16 29 30,1,60,,320278,1,0,34 14 36 9,1,5,,320279,1,0,16 29 30,1,35,,320280,1,0,16 29 30,1,60,,320281,1,0,34 14 36 9,1,5,,320282,1,0,16 29 30,1,30,,320283,1,0,16 29 30,1,65,,320284,1,0,34 14 36 9,1,5,,320285,28,,,1,30,,320286,1,0,16 29 30,1,65,,320287,1,0,34 14 36 9,1,5,,320288,1,0,16 29 30,1,30,,320289,1,0,16 29 30,1,65,,320290,1,0,34 14 36 9,1,5,,320291,28,,,1,195,,320292,1,0,34 14 36 9,1,5,,320293,28,,,1,200,,320294,1,0,16 29 30,1,5,,320295,28,,,1,200,,320296,28,,,1,198,,320297,28,,,1,112,,320298,16,0,31 29 30,1,200,,320299,16,0,31 29 30,1
7101,'20261116',500,,320300,28,,,1,1100,,320301,1,0,16 29 30,1,5,,320302,16,0,31 29 30,1,215,,320303,28,,,1,315,,320304,28,,,1,90,,320306,1,0,16 29 30,1,100,,320305,28,,,1,205,,320307,16,0,31 29 30,1
7101,'20261117',500,,320308,28,,,1,1100,,320309,1,0,16 29 30,1,5,,320310,16,0,31 29 30,1,215,,320311,28,,,1,315,,320312,28,,,1,90,,320314,1,0,16 29 30,1,100,,320313,28,,,1,205,,320315,16,0,31 29 30,1
7101,'20261118',500,,320316,28,,,1,1100,,320317,1,0,16 29 30,1,5,,320318,16,0,31 29 30,1,215,,320319,28,,,1,315,,320320,28,,,1,90,,320322,1,0,16 29 30,1,100,,320321,28,,,1,205,,320323,16,0,31 29 30,1
7101,'20261119',500,,320324,28,,,1,1100,,320325,1,0,16 29 30,1,5,,320326,16,0,31 29 30,1,215,,320327,28,,,1,315,,320328,28,,,1,90,,320330,1,0,16 29 30,1,100,,320329,28,,,1,205,,320331,16,0,31 29 30,1
7101,'20261120',500,,320332,28,,,1,1100,,320333,1,0,16 29 30,1,5,,320334,16,0,31 29 30,1,215,,320335,28,,,1,315,,320336,28,,,1,90,,320338,1,0,16 29 30,1,100,,320337,28,,,1,205,,320339,16,0,31 29 30,1
7101,'20261121',629,,320340,28,,,1,86,,320341,1,0,16 29 30,1,5,,320342,16,0,31 29 30,1,95,,320343,1,0,16 29 30,1,5,,320344,28,,,1,95,,320345,1,0,34 14 36 9,1,5,,320346,1,0,16 29 30,1,30,,320347,1,0,16 29 30,1,60,,320348,1,0,34 14 36 9,1,5,,320349,1,0,16 29 30,1,35,,320350,1,0,16 29 30,1,60,,320351,1,0,34 14 36 9,1,5,,320352,1,0,16 29 30,1,30,,320353,1,0,16 29 30,1,65,,320354,1,0,34 14 36 9,1,5,,320355,28,,,1,30,,320356,1,0,16 29 30,1,65,,320357,1,0,34 14 36 9,1,5,,320358,1,0,16 29 30,1,30,,320359,1,0,16 29 30,1,65,,320360,1,0,34 14 36 9,1,5,,320361,28,,,1,195,,320362,1,0,34 14 36 9,1,5,,320363,28,,,1,200,,320364,1,0,16 29 30,1,5,,320365,28,,,1,200,,320366,28,,,1,198,,320367,28,,,1,112,,320368,16,0,31 29 30,1,200,,320369,16,0,31 29 30,1
7101,'20261122',629,,320370,28,,,1,86,,320371,1,0,16 29 30,1,5,,320372,16,0,31 29 30,1,95,,320373,1,0,16 29 30,1,5,,320374,28,,,1,95,,320375,1,0,34 14 36 9,1,5,,320376,1,0,16 29 30,1,30,,320377,1,0,16 29 30,1,60,,320378,1,0,34 14 36 9,1,5,,320379,1,0,16 29 30,1,35,,320380,1,0,16 29 30,1,60,,320381,1,0,34 14 36 9,1,5,,320382,1,0,16 29 30,1,30,,320383,1,0,16 29 30,1,65,,320384,1,0,34 14 36 9,1,5,,320385,28,,,1,30,,320386,1,0,16 29 30,1,65,,320387,1,0,34 14 36 9,1,5,,320388,1,0,16 29 30,1,30,,320389,1,0,16 29 30,1,65,,320390,1,0,34 14 36 9,1,5,,320391,28,,,1,195,,320392,1,0,34 14 36 9,1,5,,320393,28,,,1,200,,320394,1,0,16 29 30,1,5,,320395,28,,,1,200,,320396,28,,,1,198,,320397,28,,,1,112,,320398,16,0,31 29 30,1,200,,320399,16,0,31 29 30,1
7101,'20261123',500,,320400,28,,,1,1100,,320401,1,0,16 29 30,1,5,,320402,16,0,31 29 30,1,215,,320403,28,,,1,315,,320404,28,,,1,90,,320406,1,0,16 29 30,1,100,,320405,28,,,1,205,,320407,16,0,31 29 30,1
7101,'20261124',500,,320408,28,,,1,1100,,320409,1,0,16 29 30,1,5,,320410,16,0,31 29 30,1,215,,320411,28,,,1,315,,320412,28,,,1,90,,320414,1,0,16 29 30,1,100,,320413,28,,,1,205,,320415,16,0,31 29 30,1
7101,'20261125',500,,320416,28,,,1,1100,,320417,1,0,16 29 30,1,5,,320418,16,0,31 29 30,1,215,,320419,28,,,1,315,,320420,28,,,1,90,,320422,1,0,16 29 30,1,100,,320421,28,,,1,205,,320423,16,0,31 29 30,1
7101,'20261126',500,,320424,28,,,1,1100,,320425,1,0,16 29 30,1,5,,320426,16,0,31 29 30,1,215,,320427,28,,,1,315,,320428,28,,,1,90,,320430,1,0,16 29 30,1,100,,320429,28,,,1,205,,320431,16,0,31 29 30,1
7101,'20261127',500,,320432,28,,,1,1100,,320433,1,0,16 29 30,1,5,,320434,16,0,31 29 30,1,215,,320435,28,,,1,315,,320436,28,,,1,90,,320438,1,0,16 29 30,1,100,,320437,28,,,1,205,,320439,16,0,31 29 30,1
