9201,'20260917',447,,325049,23,,,1,67,,325050,23,,,1,41,,325052,12,0,7 23,1,56,,325051,23,,,1,31,,325053,12,0,7 23,1,64,,325054,23,,,1,42,,325056,12,0,7 23,1,61,,325055,23,,,1,100,,325057,23,,,1,100,,325058,23,,,1,100,,325059,23,,,1,100,,325060,23,,,1,105,,325061,23,,,1,100,,325062,23,,,1,100,,325063,23,,,1,100,,325064,23,,,1,100,,325065,23,,,1,100,,325066,23,,,1,105,,325067,23,,,1,200,,325068,23,,,1,198,,325069,23,,,1,205,,325070,23,,,1
9201,'20260918',447,,325071,23,,,1,67,,325072,23,,,1,41,,325074,12,0,7 23,1,56,,325073,23,,,1,31,,325075,12,0,7 23,1,64,,325076,23,,,1,42,,325078,12,0,7 23,1,61,,325077,23,,,1,100,,325079,23,,,1,100,,325080,23,,,1,100,,325081,23,,,1,100,,325082,23,,,1,105,,325083,23,,,1,100,,325084,23,,,1,100,,325085,23,,,1,100,,325086,23,,,1,100,,325087,23,,,1,100,,325088,23,,,1,105,,325089,23,,,1,200,,325090,23,,,1,198,,325091,23,,,1,205,,325092,23,,,1
9201,'20260919',602,,325093,23,,,1,102,,325094,23,,,1,102,,325095,23,,,1,95,,325096,23,,,1,99,,325097,23,,,1,55,,325098,23,,,1,96,,325099,23,,,1,100,,325100,23,,,1,100,,325101,23,,,1,100,,325102,23,,,1,105,,325103,23,,,1,145,,325104,23,,,1,99,,325105,23,,,1,100,,325106,23,,,1,108,,325107,23,,,1,205,,325108,23,,,1,190,,325109,23,,,1
9201,'20260920',602,,325110,23,,,1,102,,325111,23,,,1,102,,325112,23,,,1,95,,325113,23,,,1,99,,325114,23,,,1,55,,325115,23,,,1,96,,325116,23,,,1,100,,325117,23,,,1,100,,325118,23,,,1,100,,325119,23,,,1,105,,325120,23,,,1,145,,325121,23,,,1,99,,325122,23,,,1,100,,325123,23,,,1,108,,325124,23,,,1,205,,325125,23,,,1,190,,325126,23,,,1
9201,'20260921',447,,325127,23,,,1,67,,325128,23,,,1,41,,325130,12,0,7 23,1,56,,325129,23,,,1,31,,325131,12,0,7 23,1,64,,325132,23,,,1,42,,325134,12,0,7 23,1,61,,325133,23,,,1,100,,325135,23,,,1,100,,325136,23,,,1,100,,325137,23,,,1,100,,325138,23,,,1,105,,325139,23,,,1,100,,325140,23,,,1,100,,325141,23,,,1,100,,325142,23,,,1,100,,325143,23,,,1,100,,325144,23,,,1,105,,325145,23,,,1,200,,325146,23,,,1,198,,325147,23,,,1,205,,325148,23,,,1
9201,'20260922',447,,325149,23,,,1,67,,325150,23,,,1,41,,325152,12,0,7 23,1,56,,325151,23,,,1,31,,325153,12,0,7 23,1,64,,325154,23,,,1,42,,325156,12,0,7 23,1,61,,325155,23,,,1,100,,325157,23,,,1,100,,325158,23,,,1,100,,325159,23,,,1,100,,325160,23,,,1,105,,325161,23,,,1,100,,325162,23,,,1,100,,325163,23,,,1,100,,325164,23,,,1,100,,325165,23,,,1,100,,325166,23,,,1,105,,325167,23,,,1,200,,325168,23,,,1,198,,325169,23,,,1,205,,325170,23,,,1
9201,'20260923',447,,325171,23,,,1,67,,325172,23,,,1,41,,325174,12,0,7 23,1,56,,325173,23,,,1,31,,325175,12,0,7 23,1,64,,325176,23,,,1,42,,325178,12,0,7 23,1,61,,325177,23,,,1,100,,325179,23,,,1,100,,325180,23,,,1,100,,325181,23,,,1,100,,325182,23,,,1,105,,325183,23,,,1,100,,325184,23,,,1,100,,325185,23,,,1,100,,325186,23,,,1,100,,325187,23,,,1,100,,325188,23,,,1,105,,325189,23,,,1,200,,325190,23,,,1,198,,325191,23,,,1,205,,325192,23,,,1
9201,'20260924',447,,325193,23,,,1,67,,325194,23,,,1,41,,325196,12,0,7 23,1,56,,325195,23,,,1,31,,325197,12,0,7 23,1,64,,325198,23,,,1,42,,325200,12,0,7 23,1,61,,325199,23,,,1,100,,325201,23,,,1,100,,325202,23,,,1,100,,325203,23,,,1,100,,325204,23,,,1,105,,325205,23,,,1,100,,325206,23,,,1,100,,325207,23,,,1,100,,325208,23,,,1,100,,325209,23,,,1,100,,325210,23,,,1,105,,325211,23,,,1,200,,325212,23,,,1,198,,325213,23,,,1,205,,325214,23,,,1
9201,'20260925',447,,325215,23,,,1,67,,325216,23,,,1,41,,325218,12,0,7 23,1,56,,325217,23,,,1,31,,325219,12,0,7 23,1,64,,325220,23,,,1,42,,325222,12,0,7 23,1,61,,325221,23,,,1,100,,325223,23,,,1,100,,325224,23,,,1,100,,325225,23,,,1,100,,325226,23,,,1,105,,325227,23,,,1,100,,325228,23,,,1,100,,325229,23,,,1,100,,325230,23,,,1,100,,325231,23,,,1,100,,325232,23,,,1,105,,325233,23,,,1,200,,325234,23,,,1,198,,325235,23,,,1,205,,325236,23,,,1
9201,'20260926',602,,325237,23,,,1,102,,325238,23,,,1,102,,325239,23,,,1,95,,325240,23,,,1,99,,325241,23,,,1,55,,325242,23,,,1,96,,325243,23,,,1,100,,325244,23,,,1,100,,325245,23,,,1,100,,325246,23,,,1,105,,325247,23,,,1,145,,325248,23,,,1,99,,325249,23,,,1,100,,325250,23,,,1,108,,325251,23,,,1,205,,325252,23,,,1,190,,325253,23,,,1
9201,'20260927',602,,325254,23,,,1,102,,325255,23,,,1,102,,325256,23,,,1,95,,325257,23,,,1,99,,325258,23,,,1,55,,325259,23,,,1,96,,325260,23,,,1,100,,325261,23,,,1,100,,325262,23,,,1,100,,325263,23,,,1,105,,325264,23,,,1,145,,325265,23,,,1,99,,325266,23,,,1,100,,325267,23,,,1,108,,325268,23,,,1,205,,325269,23,,,1,190,,325270,23,,,1
9201,'20260928',447,,325271,23,,,1,67,,325272,23,,,1,41,,325274,12,0,7 23,1,56,,325273,23,,,1,31,,325275,12,0,7 23,1,64,,325276,23,,,1,42,,325278,12,0,7 23,1,61,,325277,23,,,1,100,,325279,23,,,1,100,,325280,23,,,1,100,,325281,23,,,1,100,,325282,23,,,1,105,,325283,23,,,1,100,,325284,23,,,1,100,,325285,23,,,1,100,,325286,23,,,1,100,,325287,23,,,1,100,,325288,23,,,1,105,,325289,23,,,1,200,,325290,23,,,1,198,,325291,23,,,1,205,,325292,23,,,1
9201,'20260929',447,,325293,23,,,1,67,,325294,23,,,1,41,,325296,12,0,7 23,1,56,,325295,23,,,1,31,,325297,12,0,7 23,1,64,,325298,23,,,1,42,,325300,12,0,7 23,1,61,,325299,23,,,1,100,,325301,23,,,1,100,,325302,23,,,1,100,,325303,23,,,1,100,,325304,23,,,1,105,,325305,23,,,1,100,,325306,23,,,1,100,,325307,23,,,1,100,,325308,23,,,1,100,,325309,23,,,1,100,,325310,23,,,1,105,,325311,23,,,1,200,,325312,23,,,1,198,,325313,23,,,1,205,,325314,23,,,1
9201,'20260930',447,,325315,23,,,1,67,,325316,23,,,1,41,,325318,12,0,7 23,1,56,,325317,23,,,1,31,,325319,12,0,7 23,1,64,,325320,23,,,1,42,,325322,12,0,7 23,1,61,,325321,23,,,1,100,,325323,23,,,1,100,,325324,23,,,1,100,,325325,23,,,1,100,,325326,23,,,1,105,,325327,23,,,1,100,,325328,23,,,1,100,,325329,23,,,1,100,,325330,23,,,1,100,,325331,23,,,1,100,,325332,23,,,1,105,,325333,23,,,1,200,,325334,23,,,1,198,,325335,23,,,1,205,,325336,23,,,1
9201,'20261001',447,,325337,23,,,1,67,,325338,23,,,1,41,,325340,12,0,7 23,1,56,,325339,23,,,1,31,,325341,12,0,7 23,1,64,,325342,23,,,1,42,,325344,12,0,7 23,1,61,,325343,23,,,1,100,,325345,23,,,1,100,,325346,23,,,1,100,,325347,23,,,1,100,,325348,23,,,1,105,,325349,23,,,1,100,,325350,23,,,1,100,,325351,23,,,1,100,,325352,23,,,1,100,,325353,23,,,1,100,,325354,23,,,1,105,,325355,23,,,1,200,,325356,23,,,1,198,,325357,23,,,1,205,,325358,23,,,1
9201,'20261002',447,,325359,23,,,1,67,,325360,23,,,1,41,,325362,12,0,7 23,1,56,,325361,23,,,1,31,,325363,12,0,7 23,1,64,,325364,23,,,1,42,,325366,12,0,7 23,1,61,,325365,23,,,1,100,,325367,23,,,1,100,,325368,23,,,1,100,,325369,23,,,1,100,,325370,23,,,1,105,,325371,23,,,1,100,,325372,23,,,1,100,,325373,23,,,1,100,,325374,23,,,1,100,,325375,23,,,1,100,,325376,23,,,1,105,,325377,23,,,1,200,,325378,23,,,1,198,,325379,23,,,1,205,,325380,23,,,1
9201,'20261003',602,,325381,23,,,1,102,,325382,23,,,1,102,,325383,23,,,1,95,,325384,23,,,1,99,,325385,23,,,1,55,,325386,23,,,1,96,,325387,23,,,1,100,,325388,23,,,1,100,,325389,23,,,1,100,,325390,23,,,1,105,,325391,23,,,1,145,,325392,23,,,1,99,,325393,23,,,1,100,,325394,23,,,1,108,,325395,23,,,1,205,,325396,23,,,1,190,,325397,23,,,1
9201,'20261004',602,,325398,23,,,1,102,,325399,23,,,1,102,,325400,23,,,1,95,,325401,23,,,1,99,,325402,23,,,1,55,,325403,23,,,1,96,,325404,23,,,1,100,,325405,23,,,1,100,,325406,23,,,1,100,,325407,23,,,1,105,,325408,23,,,1,145,,325409,23,,,1,99,,325410,23,,,1,100,,325411,23,,,1,108,,325412,23,,,1,205,,325413,23,,,1,190,,325414,23,,,1
9201,'20261005',447,,325415,23,,,1,67,,325416,23,,,1,41,,325418,12,0,7 23,1,56,,325417,23,,,1,31,,325419,12,0,7 23,1,64,,325420,23,,,1,42,,325422,12,0,7 23,1,61,,325421,23,,,1,100,,325423,23,,,1,100,,325424,23,,,1,100,,325425,23,,,1,100,,325426,23,,,1,105,,325427,23,,,1,100,,325428,23,,,1,100,,325429,23,,,1,100,,325430,23,,,1,100,,325431,23,,,1,100,,325432,23,,,1,105,,325433,23,,,1,200,,325434,23,,,1,198,,325435,23,,,1,205,,325436,23,,,1
9201,'20261006',447,,325437,23,,,1,67,,325438,23,,,1,41,,325440,12,0,7 23,1,56,,325439,23,,,1,31,,325441,12,0,7 23,1,64,,325442,23,,,1,42,,325444,12,0,7 23,1,61,,325443,23,,,1,100,,325445,23,,,1,100,,325446,23,,,1,100,,325447,23,,,1,100,,325448,23,,,1,105,,325449,23,,,1,100,,325450,23,,,1,100,,325451,23,,,1,100,,325452,23,,,1,100,,325453,23,,,1,100,,325454,23,,,1,105,,325455,23,,,1,200,,325456,23,,,1,198,,325457,23,,,1,205,,325458,23,,,1
9201,'20261007',447,,325459,23,,,1,67,,325460,23,,,1,41,,325462,12,0,7 23,1,56,,325461,23,,,1,31,,325463,12,0,7 23,1,64,,325464,23,,,1,42,,325466,12,0,7 23,1,61,,325465,23,,,1,100,,325467,23,,,1,100,,325468,23,,,1,100,,325469,23,,,1,100,,325470,23,,,1,105,,325471,23,,,1,100,,325472,23,,,1,100,,325473,23,,,1,100,,325474,23,,,1,100,,325475,23,,,1,100,,325476,23,,,1,105,,325477,23,,,1,200,,325478,23,,,1,198,,325479,23,,,1,205,,325480,23,,,1
9201,'20261008',447,,325481,23,,,1,67,,325482,23,,,1,41,,325484,12,0,7 23,1,56,,325483,23,,,1,31,,325485,12,0,7 23,1,64,,325486,23,,,1,42,,325488,12,0,7 23,1,61,,325487,23,,,1,100,,325489,23,,,1,100,,325490,23,,,1,100,,325491,23,,,1,100,,325492,23,,,1,105,,325493,23,,,1,100,,325494,23,,,1,100,,325495,23,,,1,100,,325496,23,,,1,100,,325497,23,,,1,100,,325498,23,,,1,105,,325499,23,,,1,200,,325500,23,,,1,198,,325501,23,,,1,205,,325502,23,,,1
9201,'20261009',447,,325503,23,,,1,67,,325504,23,,,1,41,,325506,12,0,7 23,1,56,,325505,23,,,1,31,,325507,12,0,7 23,1,64,,325508,23,,,1,42,,325510,12,0,7 23,1,61,,325509,23,,,1,100,,325511,23,,,1,100,,325512,23,,,1,100,,325513,23,,,1,100,,325514,23,,,1,105,,325515,23,,,1,100,,325516,23,,,1,100,,325517,23,,,1,100,,325518,23,,,1,100,,325519,23,,,1,100,,325520,23,,,1,105,,325521,23,,,1,200,,325522,23,,,1,198,,325523,23,,,1,205,,325524,23,,,1
9201,'20261010',602,,325525,23,,,1,102,,325526,23,,,1,102,,325527,23,,,1,95,,325528,23,,,1,99,,325529,23,,,1,55,,325530,23,,,1,96,,325531,23,,,1,100,,325532,23,,,1,100,,325533,23,,,1,100,,325534,23,,,1,105,,325535,23,,,1,145,,325536,23,,,1,99,,325537,23,,,1,100,,325538,23,,,1,108,,325539,23,,,1,205,,325540,23,,,1,190,,325541,23,,,1
9201,'20261011',602,,325542,23,,,1,102,,325543,23,,,1,102,,325544,23,,,1,95,,325545,23,,,1,99,,325546,23,,,1,55,,325547,23,,,1,96,,325548,23,,,1,100,,325549,23,,,1,100,,325550,23,,,1,100,,325551,23,,,1,105,,325552,23,,,1,145,,325553,23,,,1,99,,325554,23,,,1,100,,325555,23,,,1,108,,325556,23,,,1,205,,325557,23,,,1,190,,325558,23,,,1
9201,'20261012',602,,325559,23,,,1,102,,325560,23,,,1,102,,325561,23,,,1,95,,325562,23,,,1,99,,325563,23,,,1,55,,325564,23,,,1,96,,325565,23,,,1,100,,325566,23,,,1,100,,325567,23,,,1,100,,325568,23,,,1,105,,325569,23,,,1,145,,325570,23,,,1,99,,325571,23,,,1,100,,325572,23,,,1,108,,325573,23,,,1,205,,325574,23,,,1,190,,325575,23,,,1
9201,'20261013',447,,325576,23,,,1,67,,325577,23,,,1,41,,325579,12,0,7 23,1,56,,325578,23,,,1,31,,325580,12,0,7 23,1,64,,325581,23,,,1,42,,325583,12,0,7 23,1,61,,325582,23,,,1,100,,325584,23,,,1,100,,325585,23,,,1,100,,325586,23,,,1,100,,325587,23,,,1,105,,325588,23,,,1,100,,325589,23,,,1,100,,325590,23,,,1,100,,325591,23,,,1,100,,325592,23,,,1,100,,325593,23,,,1,105,,325594,23,,,1,200,,325595,23,,,1,198,,325596,23,,,1,205,,325597,23,,,1
9201,'20261014',447,,325598,23,,,1,67,,325599,23,,,1,41,,325601,12,0,7 23,1,56,,325600,23,,,1,31,,325602,12,0,7 23,1,64,,325603,23,,,1,42,,325605,12,0,7 23,1,61,,325604,23,,,1,100,,325606,23,,,1,100,,325607,23,,,1,100,,325608,23,,,1,100,,325609,23,,,1,105,,325610,23,,,1,100,,325611,23,,,1,100,,325612,23,,,1,100,,325613,23,,,1,100,,325614,23,,,1,100,,325615,23,,,1,105,,325616,23,,,1,200,,325617,23,,,1,198,,325618,23,,,1,205,,325619,23,,,1
9201,'20261015',447,,325620,23,,,1,67,,325621,23,,,1,41,,325623,12,0,7 23,1,56,,325622,23,,,1,31,,325624,12,0,7 23,1,64,,325625,23,,,1,42,,325627,12,0,7 23,1,61,,325626,23,,,1,100,,325628,23,,,1,100,,325629,23,,,1,100,,325630,23,,,1,100,,325631,23,,,1,105,,325632,23,,,1,100,,325633,23,,,1,100,,325634,23,,,1,100,,325635,23,,,1,100,,325636,23,,,1,100,,325637,23,,,1,105,,325638,23,,,1,200,,325639,23,,,1,198,,325640,23,,,1,205,,325641,23,,,1
9201,'20261016',447,,325642,23,,,1,67,,325643,23,,,1,41,,325645,12,0,7 23,1,56,,325644,23,,,1,31,,325646,12,0,7 23,1,64,,325647,23,,,1,42,,325649,12,0,7 23,1,61,,325648,23,,,1,100,,325650,23,,,1,100,,325651,23,,,1,100,,325652,23,,,1,100,,325653,23,,,1,105,,325654,23,,,1,100,,325655,23,,,1,100,,325656,23,,,1,100,,325657,23,,,1,100,,325658,23,,,1,100,,325659,23,,,1,105,,325660,23,,,1,200,,325661,23,,,1,198,,325662,23,,,1,205,,325663,23,,,1
9201,'20261017',602,,325664,23,,,1,102,,325665,23,,,1,102,,325666,23,,,1,95,,325667,23,,,1,99,,325668,23,,,1,55,,325669,23,,,1,96,,325670,23,,,1,100,,325671,23,,,1,100,,325672,23,,,1,100,,325673,23,,,1,105,,325674,23,,,1,145,,325675,23,,,1,99,,325676,23,,,1,100,,325677,23,,,1,108,,325678,23,,,1,205,,325679,23,,,1,190,,325680,23,,,1
9201,'20261018',602,,325681,23,,,1,102,,325682,23,,,1,102,,325683,23,,,1,95,,325684,23,,,1,99,,325685,23,,,1,55,,325686,23,,,1,96,,325687,23,,,1,100,,325688,23,,,1,100,,325689,23,,,1,100,,325690,23,,,1,105,,325691,23,,,1,145,,325692,23,,,1,99,,325693,23,,,1,100,,325694,23,,,1,108,,325695,23,,,1,205,,325696,23,,,1,190,,325697,23,,,1
9201,'20261019',447,,325698,23,,,1,67,,325699,23,,,1,41,,325701,12,0,7 23,1,56,,325700,23,,,1,31,,325702,12,0,7 23,1,64,,325703,23,,,1,42,,325705,12,0,7 23,1,61,,325704,23,,,1,100,,325706,23,,,1,100,,325707,23,,,1,100,,325708,23,,,1,100,,325709,23,,,1,105,,325710,23,,,1,100,,325711,23,,,1,100,,325712,23,,,1,100,,325713,23,,,1,100,,325714,23,,,1,100,,325715,23,,,1,105,,325716,23,,,1,200,,325717,23,,,1,198,,325718,23,,,1,205,,325719,23,,,1
9201,'20261020',447,,325720,23,,,1,67,,325721,23,,,1,41,,325723,12,0,7 23,1,56,,325722,23,,,1,31,,325724,12,0,7 23,1,64,,325725,23,,,1,42,,325727,12,0,7 23,1,61,,325726,23,,,1,100,,325728,23,,,1,100,,325729,23,,,1,100,,325730,23,,,1,100,,325731,23,,,1,105,,325732,23,,,1,100,,325733,23,,,1,100,,325734,23,,,1,100,,325735,23,,,1,100,,325736,23,,,1,100,,325737,23,,,1,105,,325738,23,,,1,200,,325739,23,,,1,198,,325740,23,,,1,205,,325741,23,,,1
9201,'20261021',447,,325742,23,,,1,67,,325743,23,,,1,41,,325745,12,0,7 23,1,56,,325744,23,,,1,31,,325746,12,0,7 23,1,64,,325747,23,,,1,42,,325749,12,0,7 23,1,61,,325748,23,,,1,100,,325750,23,,,1,100,,325751,23,,,1,100,,325752,23,,,1,100,,325753,23,,,1,105,,325754,23,,,1,100,,325755,23,,,1,100,,325756,23,,,1,100,,325757,23,,,1,100,,325758,23,,,1,100,,325759,23,,,1,105,,325760,23,,,1,200,,325761,23,,,1,198,,325762,23,,,1,205,,325763,23,,,1
9201,'20261022',447,,325764,23,,,1,67,,325765,23,,,1,41,,325767,12,0,7 23,1,56,,325766,23,,,1,31,,325768,12,0,7 23,1,64,,325769,23,,,1,42,,325771,12,0,7 23,1,61,,325770,23,,,1,100,,325772,23,,,1,100,,325773,23,,,1,100,,325774,23,,,1,100,,325775,23,,,1,105,,325776,23,,,1,100,,325777,23,,,1,100,,325778,23,,,1,100,,325779,23,,,1,100,,325780,23,,,1,100,,325781,23,,,1,105,,325782,23,,,1,200,,325783,23,,,1,198,,325784,23,,,1,205,,325785,23,,,1
9201,'20261023',447,,325786,23,,,1,67,,325787,23,,,1,41,,325789,12,0,7 23,1,56,,325788,23,,,1,31,,325790,12,0,7 23,1,64,,325791,23,,,1,42,,325793,12,0,7 23,1,61,,325792,23,,,1,100,,325794,23,,,1,100,,325795,23,,,1,100,,325796,23,,,1,100,,325797,23,,,1,105,,325798,23,,,1,100,,325799,23,,,1,100,,325800,23,,,1,100,,325801,23,,,1,100,,325802,23,,,1,100,,325803,23,,,1,105,,325804,23,,,1,200,,325805,23,,,1,198,,325806,23,,,1,205,,325807,23,,,1
9201,'20261024',602,,325808,23,,,1,102,,325809,23,,,1,102,,325810,23,,,1,95,,325811,23,,,1,99,,325812,23,,,1,55,,325813,23,,,1,96,,325814,23,,,1,100,,325815,23,,,1,100,,325816,23,,,1,100,,325817,23,,,1,105,,325818,23,,,1,145,,325819,23,,,1,99,,325820,23,,,1,100,,325821,23,,,1,108,,325822,23,,,1,205,,325823,23,,,1,190,,325824,23,,,1
9201,'20261025',602,,325825,23,,,1,102,,325826,23,,,1,102,,325827,23,,,1,95,,325828,23,,,1,99,,325829,23,,,1,55,,325830,23,,,1,96,,325831,23,,,1,100,,325832,23,,,1,100,,325833,23,,,1,100,,325834,23,,,1,105,,325835,23,,,1,145,,325836,23,,,1,99,,325837,23,,,1,100,,325838,23,,,1,108,,325839,23,,,1,205,,325840,23,,,1,190,,325841,23,,,1
9201,'20261026',447,,325842,23,,,1,67,,325843,23,,,1,41,,325845,12,0,7 23,1,56,,325844,23,,,1,31,,325846,12,0,7 23,1,64,,325847,23,,,1,42,,325849,12,0,7 23,1,61,,325848,23,,,1,100,,325850,23,,,1,100,,325851,23,,,1,100,,325852,23,,,1,100,,325853,23,,,1,105,,325854,23,,,1,100,,325855,23,,,1,100,,325856,23,,,1,100,,325857,23,,,1,100,,325858,23,,,1,100,,325859,23,,,1,105,,325860,23,,,1,200,,325861,23,,,1,198,,325862,23,,,1,205,,325863,23,,,1
9201,'20261027',447,,325864,23,,,1,67,,325865,23,,,1,41,,325867,12,0,7 23,1,56,,325866,23,,,1,31,,325868,12,0,7 23,1,64,,325869,23,,,1,42,,325871,12,0,7 23,1,61,,325870,23,,,1,100,,325872,23,,,1,100,,325873,23,,,1,100,,325874,23,,,1,100,,325875,23,,,1,105,,325876,23,,,1,100,,325877,23,,,1,100,,325878,23,,,1,100,,325879,23,,,1,100,,325880,23,,,1,100,,325881,23,,,1,105,,325882,23,,,1,200,,325883,23,,,1,198,,325884,23,,,1,205,,325885,23,,,1
9201,'20261028',447,,325886,23,,,1,67,,325887,23,,,1,41,,325889,12,0,7 23,1,56,,325888,23,,,1,31,,325890,12,0,7 23,1,64,,325891,23,,,1,42,,325893,12,0,7 23,1,61,,325892,23,,,1,100,,325894,23,,,1,100,,325895,23,,,1,100,,325896,23,,,1,100,,325897,23,,,1,105,,325898,23,,,1,100,,325899,23,,,1,100,,325900,23,,,1,100,,325901,23,,,1,100,,325902,23,,,1,100,,325903,23,,,1,105,,325904,23,,,1,200,,325905,23,,,1,198,,325906,23,,,1,205,,325907,23,,,1
9201,'20261029',447,,325908,23,,,1,67,,325909,23,,,1,41,,325911,12,0,7 23,1,56,,325910,23,,,1,31,,325912,12,0,7 23,1,64,,325913,23,,,1,42,,325915,12,0,7 23,1,61,,325914,23,,,1,100,,325916,23,,,1,100,,325917,23,,,1,100,,325918,23,,,1,100,,325919,23,,,1,105,,325920,23,,,1,100,,325921,23,,,1,100,,325922,23,,,1,100,,325923,23,,,1,100,,325924,23,,,1,100,,325925,23,,,1,105,,325926,23,,,1,200,,325927,23,,,1,198,,325928,23,,,1,205,,325929,23,,,1
9201,'20261030',447,,325930,23,,,1,67,,325931,23,,,1,41,,325933,12,0,7 23,1,56,,325932,23,,,1,31,,325934,12,0,7 23,1,64,,325935,23,,,1,42,,325937,12,0,7 23,1,61,,325936,23,,,1,100,,325938,23,,,1,100,,325939,23,,,1,100,,325940,23,,,1,100,,325941,23,,,1,105,,325942,23,,,1,100,,325943,23,,,1,100,,325944,23,,,1,100,,325945,23,,,1,100,,325946,23,,,1,100,,325947,23,,,1,105,,325948,23,,,1,200,,325949,23,,,1,198,,325950,23,,,1,205,,325951,23,,,1
9201,'20261031',602,,325952,23,,,1,102,,325953,23,,,1,102,,325954,23,,,1,95,,325955,23,,,1,99,,325956,23,,,1,55,,325957,23,,,1,96,,325958,23,,,1,100,,325959,23,,,1,100,,325960,23,,,1,100,,325961,23,,,1,105,,325962,23,,,1,145,,325963,23,,,1,99,,325964,23,,,1,100,,325965,23,,,1,108,,325966,23,,,1,205,,325967,23,,,1,190,,325968,23,,,1
9201,'20261101',602,,325969,23,,,1,102,,325970,23,,,1,102,,325971,23,,,1,95,,325972,23,,,1,99,,325973,23,,,1,55,,325974,23,,,1,96,,325975,23,,,1,100,,325976,23,,,1,100,,325977,23,,,1,100,,325978,23,,,1,105,,325979,23,,,1,145,,325980,23,,,1,99,,325981,23,,,1,100,,325982,23,,,1,108,,325983,23,,,1,205,,325984,23,,,1,190,,325985,23,,,1
9201,'20261102',447,,325986,23,,,1,67,,325987,23,,,1,41,,325989,12,0,7 23,1,56,,325988,23,,,1,31,,325990,12,0,7 23,1,64,,325991,23,,,1,42,,325993,12,0,7 23,1,61,,325992,23,,,1,100,,325994,23,,,1,100,,325995,23,,,1,100,,325996,23,,,1,100,,325997,23,,,1,105,,325998,23,,,1,100,,325999,23,,,1,100,,326000,23,,,1,100,,326001,23,,,1,100,,326002,23,,,1,100,,326003,23,,,1,105,,326004,23,,,1,200,,326005,23,,,1,198,,326006,23,,,1,205,,326007,23,,,1
9201,'20261103',447,,326008,23,,,1,67,,326009,23,,,1,41,,326011,12,0,7 23,1,56,,326010,23,,,1,31,,326012,12,0,7 23,1,64,,326013,23,,,1,42,,326015,12,0,7 23,1,61,,326014,23,,,1,100,,326016,23,,,1,100,,326017,23,,,1,100,,326018,23,,,1,100,,326019,23,,,1,105,,326020,23,,,1,100,,326021,23,,,1,100,,326022,23,,,1,100,,326023,23,,,1,100,,326024,23,,,1,100,,326025,23,,,1,105,,326026,23,,,1,200,,326027,23,,,1,198,,326028,23,,,1,205,,326029,23,,,1
9201,'20261104',447,,326030,23,,,1,67,,326031,23,,,1,41,,326033,12,0,7 23,1,56,,326032,23,,,1,31,,326034,12,0,7 23,1,64,,326035,23,,,1,42,,326037,12,0,7 23,1,61,,326036,23,,,1,100,,326038,23,,,1,100,,326039,23,,,1,100,,326040,23,,,1,100,,326041,23,,,1,105,,326042,23,,,1,100,,326043,23,,,1,100,,326044,23,,,1,100,,326045,23,,,1,100,,326046,23,,,1,100,,326047,23,,,1,105,,326048,23,,,1,200,,326049,23,,,1,198,,326050,23,,,1,205,,326051,23,,,1
9201,'20261105',447,,326052,23,,,1,67,,326053,23,,,1,41,,326055,12,0,7 23,1,56,,326054,23,,,1,31,,326056,12,0,7 23,1,64,,326057,23,,,1,42,,326059,12,0,7 23,1,61,,326058,23,,,1,100,,326060,23,,,1,100,,326061,23,,,1,100,,326062,23,,,1,100,,326063,23,,,1,105,,326064,23,,,1,100,,326065,23,,,1,100,,326066,23,,,1,100,,326067,23,,,1,100,,326068,23,,,1,100,,326069,23,,,1,105,,326070,23,,,1,200,,326071,23,,,1,198,,326072,23,,,1,205,,326073,23,,,1
9201,'20261106',447,,326074,23,,,1,67,,326075,23,,,1,41,,326077,12,0,7 23,1,56,,326076,23,,,1,31,,326078,12,0,7 23,1,64,,326079,23,,,1,42,,326081,12,0,7 23,1,61,,326080,23,,,1,100,,326082,23,,,1,100,,326083,23,,,1,100,,326084,23,,,1,100,,326085,23,,,1,105,,326086,23,,,1,100,,326087,23,,,1,100,,326088,23,,,1,100,,326089,23,,,1,100,,326090,23,,,1,100,,326091,23,,,1,105,,326092,23,,,1,200,,326093,23,,,1,198,,326094,23,,,1,205,,326095,23,,,1
9201,'20261107',602,,326096,23,,,1,102,,326097,23,,,1,102,,326098,23,,,1,95,,326099,23,,,1,99,,326100,23,,,1,55,,326101,23,,,1,96,,326102,23,,,1,100,,326103,23,,,1,100,,326104,23,,,1,100,,326105,23,,,1,105,,326106,23,,,1,145,,326107,23,,,1,99,,326108,23,,,1,100,,326109,23,,,1,108,,326110,23,,,1,205,,326111,23,,,1,190,,326112,23,,,1
9201,'20261108',602,,326113,23,,,1,102,,326114,23,,,1,102,,326115,23,,,1,95,,326116,23,,,1,99,,326117,23,,,1,55,,326118,23,,,1,96,,326119,23,,,1,100,,326120,23,,,1,100,,326121,23,,,1,100,,326122,23,,,1,105,,326123,23,,,1,145,,326124,23,,,1,99,,326125,23,,,1,100,,326126,23,,,1,108,,326127,23,,,1,205,,326128,23,,,1,190,,326129,23,,,1
9201,'20261109',447,,326130,23,,,1,67,,326131,23,,,1,41,,326133,12,0,7 23,1,56,,326132,23,,,1,31,,326134,12,0,7 23,1,64,,326135,23,,,1,42,,326137,12,0,7 23,1,61,,326136,23,,,1,100,,326138,23,,,1,100,,326139,23,,,1,100,,326140,23,,,1,100,,326141,23,,,1,105,,326142,23,,,1,100,,326143,23,,,1,100,,326144,23,,,1,100,,326145,23,,,1,100,,326146,23,,,1,100,,326147,23,,,1,105,,326148,23,,,1,200,,326149,23,,,1,198,,326150,23,,,1,205,,326151,23,,,1
9201,'20261110',447,,326152,23,,,1,67,,326153,23,,,1,41,,326155,12,0,7 23,1,56,,326154,23,,,1,31,,326156,12,0,7 23,1,64,,326157,23,,,1,42,,326159,12,0,7 23,1,61,,326158,23,,,1,100,,326160,23,,,1,100,,326161,23,,,1,100,,326162,23,,,1,100,,326163,23,,,1,105,,326164,23,,,1,100,,326165,23,,,1,100,,326166,23,,,1,100,,326167,23,,,1,100,,326168,23,,,1,100,,326169,23,,,1,105,,326170,23,,,1,200,,326171,23,,,1,198,,326172,23,,,1,205,,326173,23,,,1
9201,'20261111',447,,326174,23,,,1,67,,326175,23,,,1,41,,326177,12,0,7 23,1,56,,326176,23,,,1,31,,326178,12,0,7 23,1,64,,326179,23,,,1,42,,326181,12,0,7 23,1,61,,326180,23,,,1,100,,326182,23,,,1,100,,326183,23,,,1,100,,326184,23,,,1,100,,326185,23,,,1,105,,326186,23,,,1,100,,326187,23,,,1,100,,326188,23,,,1,100,,326189,23,,,1,100,,326190,23,,,1,100,,326191,23,,,1,105,,326192,23,,,1,200,,326193,23,,,1,198,,326194,23,,,1,205,,326195,23,,,1
9201,'20261112',447,,326196,23,,,1,67,,326197,23,,,1,41,,326199,12,0,7 23,1,56,,326198,23,,,1,31,,326200,12,0,7 23,1,64,,326201,23,,,1,42,,326203,12,0,7 23,1,61,,326202,23,,,1,100,,326204,23,,,1,100,,326205,23,,,1,100,,326206,23,,,1,100,,326207,23,,,1,105,,326208,23,,,1,100,,326209,23,,,1,100,,326210,23,,,1,100,,326211,23,,,1,100,,326212,23,,,1,100,,326213,23,,,1,105,,326214,23,,,1,200,,326215,23,,,1,198,,326216,23,,,1,205,,326217,23,,,1
9201,'20261113',447,,326218,23,,,1,67,,326219,23,,,1,41,,326221,12,0,7 23,1,56,,326220,23,,,1,31,,326222,12,0,7 23,1,64,,326223,23,,,1,42,,326225,12,0,7 23,1,61,,326224,23,,,1,100,,326226,23,,,1,100,,326227,23,,,1,100,,326228,23,,,1,100,,326229,23,,,1,105,,326230,23,,,1,100,,326231,23,,,1,100,,326232,23,,,1,100,,326233,23,,,1,100,,326234,23,,,1,100,,326235,23,,,1,105,,326236,23,,,1,200,,326237,23,,,1,198,,326238,23,,,1,205,,326239,23,,,1
9201,'20261114',602,,326240,23,,,1,102,,326241,23,,,1,102,,326242,23,,,1,95,,326243,23,,,1,99,,326244,23,,,1,55,,326245,23,,,1,96,,326246,23,,,1,100,,326247,23,,,1,100,,326248,23,,,1,100,,326249,23,,,1,105,,326250,23,,,1,145,,326251,23,,,1,99,,326252,23,,,1,100,,326253,23,,,1,108,,326254,23,,,1,205,,326255,23,,,1,190,,326256,23,,,1
9201,'20261115',602,,326257,23,,,1,102,,326258,23,,,1,102,,326259,23,,,1,95,,326260,23,,,1,99,,326261,23,,,1,55,,326262,23,,,1,96,,326263,23,,,1,100,,326264,23,,,1,100,,326265,23,,,1,100,,326266,23,,,1,105,,326267,23,,,1,145,,326268,23,,,1,99,,326269,23,,,1,100,,326270,23,,,1,108,,326271,23,,,1,205,,326272,23,,,1,190,,326273,23,,,1
9201,'20261116',447,,326274,23,,,1,67,,326275,23,,,1,41,,326277,12,0,7 23,1,56,,326276,23,,,1,31,,326278,12,0,7 23,1,64,,326279,23,,,1,42,,326281,12,0,7 23,1,61,,326280,23,,,1,100,,326282,23,,,1,100,,326283,23,,,1,100,,326284,23,,,1,100,,326285,23,,,1,105,,326286,23,,,1,100,,326287,23,,,1,100,,326288,23,,,1,100,,326289,23,,,1,100,,326290,23,,,1,100,,326291,23,,,1,105,,326292,23,,,1,200,,326293,23,,,1,198,,326294,23,,,1,205,,326295,23,,,1
9201,'20261117',447,,326296,23,,,1,67,,326297,23,,,1,41,,326299,12,0,7 23,1,56,,326298,23,,,1,31,,326300,12,0,7 23,1,64,,326301,23,,,1,42,,326303,12,0,7 23,1,61,,326302,23,,,1,100,,326304,23,,,1,100,,326305,23,,,1,100,,326306,23,,,1,100,,326307,23,,,1,105,,326308,23,,,1,100,,326309,23,,,1,100,,326310,23,,,1,100,,326311,23,,,1,100,,326312,23,,,1,100,,326313,23,,,1,105,,326314,23,,,1,200,,326315,23,,,1,198,,326316,23,,,1,205,,326317,23,,,1
9201,'20261118',447,,326318,23,,,1,67,,326319,23,,,1,41,,326321,12,0,7 23,1,56,,326320,23,,,1,31,,326322,12,0,7 23,1,64,,326323,23,,,1,42,,326325,12,0,7 23,1,61,,326324,23,,,1,100,,326326,23,,,1,100,,326327,23,,,1,100,,326328,23,,,1,100,,326329,23,,,1,105,,326330,23,,,1,100,,326331,23,,,1,100,,326332,23,,,1,100,,326333,23,,,1,100,,326334,23,,,1,100,,326335,23,,,1,105,,326336,23,,,1,200,,326337,23,,,1,198,,326338,23,,,1,205,,326339,23,,,1
9201,'20261119',447,,326340,23,,,1,67,,326341,23,,,1,41,,326343,12,0,7 23,1,56,,326342,23,,,1,31,,326344,12,0,7 23,1,64,,326345,23,,,1,42,,326347,12,0,7 23,1,61,,326346,23,,,1,100,,326348,23,,,1,100,,326349,23,,,1,100,,326350,23,,,1,100,,326351,23,,,1,105,,326352,23,,,1,100,,326353,23,,,1,100,,326354,23,,,1,100,,326355,23,,,1,100,,326356,23,,,1,100,,326357,23,,,1,105,,326358,23,,,1,200,,326359,23,,,1,198,,326360,23,,,1,205,,326361,23,,,1
9201,'20261120',447,,326362,23,,,1,67,,326363,23,,,1,41,,326365,12,0,7 23,1,56,,326364,23,,,1,31,,326366,12,0,7 23,1,64,,326367,23,,,1,42,,326369,12,0,7 23,1,61,,326368,23,,,1,100,,326370,23,,,1,100,,326371,23,,,1,100,,326372,23,,,1,100,,326373,23,,,1,105,,326374,23,,,1,100,,326375,23,,,1,100,,326376,23,,,1,100,,326377,23,,,1,100,,326378,23,,,1,100,,326379,23,,,1,105,,326380,23,,,1,200,,326381,23,,,1,198,,326382,23,,,1,205,,326383,23,,,1
9201,'20261121',602,,326384,23,,,1,102,,326385,23,,,1,102,,326386,23,,,1,95,,326387,23,,,1,99,,326388,23,,,1,55,,326389,23,,,1,96,,326390,23,,,1,100,,326391,23,,,1,100,,326392,23,,,1,100,,326393,23,,,1,105,,326394,23,,,1,145,,326395,23,,,1,99,,326396,23,,,1,100,,326397,23,,,1,108,,326398,23,,,1,205,,326399,23,,,1,190,,326400,23,,,1
9201,'20261122',602,,326401,23,,,1,102,,326402,23,,,1,102,,326403,23,,,1,95,,326404,23,,,1,99,,326405,23,,,1,55,,326406,23,,,1,96,,326407,23,,,1,100,,326408,23,,,1,100,,326409,23,,,1,100,,326410,23,,,1,105,,326411,23,,,1,145,,326412,23,,,1,99,,326413,23,,,1,100,,326414,23,,,1,108,,326415,23,,,1,205,,326416,23,,,1,190,,326417,23,,,1
9201,'20261123',447,,326418,23,,,1,67,,326419,23,,,1,41,,326421,12,0,7 23,1,56,,326420,23,,,1,31,,326422,12,0,7 23,1,64,,326423,23,,,1,42,,326425,12,0,7 23,1,61,,326424,23,,,1,100,,326426,23,,,1,100,,326427,23,,,1,100,,326428,23,,,1,100,,326429,23,,,1,105,,326430,23,,,1,100,,326431,23,,,1,100,,326432,23,,,1,100,,326433,23,,,1,100,,326434,23,,,1,100,,326435,23,,,1,105,,326436,23,,,1,200,,326437,23,,,1,198,,326438,23,,,1,205,,326439,23,,,1
9201,'20261124',447,,326440,23,,,1,67,,326441,23,,,1,41,,326443,12,0,7 23,1,56,,326442,23,,,1,31,,326444,12,0,7 23,1,64,,326445,23,,,1,42,,326447,12,0,7 23,1,61,,326446,23,,,1,100,,326448,23,,,1,100,,326449,23,,,1,100,,326450,23,,,1,100,,326451,23,,,1,105,,326452,23,,,1,100,,326453,23,,,1,100,,326454,23,,,1,100,,326455,23,,,1,100,,326456,23,,,1,100,,326457,23,,,1,105,,326458,23,,,1,200,,326459,23,,,1,198,,326460,23,,,1,205,,326461,23,,,1
9201,'20261125',447,,326462,23,,,1,67,,326463,23,,,1,41,,326465,12,0,7 23,1,56,,326464,23,,,1,31,,326466,12,0,7 23,1,64,,326467,23,,,1,42,,326469,12,0,7 23,1,61,,326468,23,,,1,100,,326470,23,,,1,100,,326471,23,,,1,100,,326472,23,,,1,100,,326473,23,,,1,105,,326474,23,,,1,100,,326475,23,,,1,100,,326476,23,,,1,100,,326477,23,,,1,100,,326478,23,,,1,100,,326479,23,,,1,105,,326480,23,,,1,200,,326481,23,,,1,198,,326482,23,,,1,205,,326483,23,,,1
9201,'20261126',447,,326484,23,,,1,67,,326485,23,,,1,41,,326487,12,0,7 23,1,56,,326486,23,,,1,31,,326488,12,0,7 23,1,64,,326489,23,,,1,42,,326491,12,0,7 23,1,61,,326490,23,,,1,100,,326492,23,,,1,100,,326493,23,,,1,100,,326494,23,,,1,100,,326495,23,,,1,105,,326496,23,,,1,100,,326497,23,,,1,100,,326498,23,,,1,100,,326499,23,,,1,100,,326500,23,,,1,100,,326501,23,,,1,105,,326502,23,,,1,200,,326503,23,,,1,198,,326504,23,,,1,205,,326505,23,,,1
9201,'20261127',447,,326506,23,,,1,67,,326507,23,,,1,41,,326509,12,0,7 23,1,56,,326508,23,,,1,31,,326510,12,0,7 23,1,64,,326511,23,,,1,42,,326513,12,0,7 23,1,61,,326512,23,,,1,100,,326514,23,,,1,100,,326515,23,,,1,100,,326516,23,,,1,100,,326517,23,,,1,105,,326518,23,,,1,100,,326519,23,,,1,100,,326520,23,,,1,100,,326521,23,,,1,100,,326522,23,,,1,100,,326523,23,,,1,105,,326524,23,,,1,200,,326525,23,,,1,198,,326526,23,,,1,205,,326527,23,,,1
