3800,'20260910',1709,,279689,17,,,1,223,,279690,17,,,1
3800,'20260911',1709,,279691,17,,,1,223,,279692,17,,,1
3800,'20260914',1709,,279693,17,,,1,223,,279694,17,,,1
3800,'20260915',1709,,279695,17,,,1,223,,279696,17,,,1
3800,'20260916',1709,,279697,17,,,1,223,,279698,17,,,1
3800,'20260917',1709,,279699,17,,,1,223,,279700,17,,,1
3800,'20260918',1709,,279701,17,,,1,223,,279702,17,,,1
3800,'20260921',1709,,279703,17,,,1,223,,279704,17,,,1
3800,'20260922',1709,,279705,17,,,1,223,,279706,17,,,1
3800,'20260923',1709,,279707,17,,,1,223,,279708,17,,,1
3800,'20260924',1709,,279709,17,,,1,223,,279710,17,,,1
3800,'20260925',1709,,279711,17,,,1,223,,279712,17,,,1
3800,'20260928',1709,,279713,17,,,1,223,,279714,17,,,1
3800,'20260929',1709,,279715,17,,,1,223,,279716,17,,,1
3800,'20260930',1709,,279717,17,,,1,223,,279718,17,,,1
3800,'20261001',1709,,279719,17,,,1,223,,279720,17,,,1
3800,'20261002',1709,,279721,17,,,1,223,,279722,17,,,1
3800,'20261005',1709,,279723,17,,,1,223,,279724,17,,,1
3800,'20261006',1709,,279725,17,,,1,223,,279726,17,,,1
3800,'20261007',1709,,279727,17,,,1,223,,279728,17,,,1
3800,'20261008',1709,,279729,17,,,1,223,,279730,17,,,1
3800,'20261009',1709,,279731,17,,,1,223,,279732,17,,,1
3800,'20261013',1709,,279733,17,,,1,223,,279734,17,,,1
3800,'20261014',1709,,279735,17,,,1,223,,279736,17,,,1
3800,'20261015',1709,,279737,17,,,1,223,,279738,17,,,1
3800,'20261016',1709,,279739,17,,,1,223,,279740,17,,,1
3800,'20261019',1709,,279741,17,,,1,223,,279742,17,,,1
3800,'20261020',1709,,279743,17,,,1,223,,279744,17,,,1
3800,'20261021',1709,,279745,17,,,1,223,,279746,17,,,1
3800,'20261022',1709,,279747,17,,,1,223,,279748,17,,,1
3800,'20261023',1709,,279749,17,,,1,223,,279750,17,,,1
3800,'20261026',1709,,279751,17,,,1,223,,279752,17,,,1
3800,'20261027',1709,,279753,17,,,1,223,,279754,17,,,1
3800,'20261028',1709,,279755,17,,,1,223,,279756,17,,,1
3800,'20261029',1709,,279757,17,,,1,223,,279758,17,,,1
3800,'20261030',1709,,279759,17,,,1,223,,279760,17,,,1
3800,'20261102',1709,,279761,17,,,1,223,,279762,17,,,1
3800,'20261103',1709,,279763,17,,,1,223,,279764,17,,,1
3800,'20261104',1709,,279765,17,,,1,223,,279766,17,,,1
3800,'20261105',1709,,279767,17,,,1,223,,279768,17,,,1
3800,'20261106',1709,,279769,17,,,1,223,,279770,17,,,1
3800,'20261109',1709,,279771,17,,,1,223,,279772,17,,,1
3800,'20261110',1709,,279773,17,,,1,223,,279774,17,,,1
3800,'20261111',1709,,279775,17,,,1,223,,279776,17,,,1
3800,'20261112',1709,,279777,17,,,1,223,,279778,17,,,1
3800,'20261113',1709,,279779,17,,,1,223,,279780,17,,,1
3800,'20261116',1709,,279781,17,,,1,223,,279782,17,,,1
3800,'20261117',1709,,279783,17,,,1,223,,279784,17,,,1
3800,'20261118',1709,,279785,17,,,1,223,,279786,17,,,1
3800,'20261119',1709,,279787,17,,,1,223,,279788,17,,,1
3800,'20261120',1709,,279789,17,,,1,223,,279790,17,,,1
3800,'20261123',1709,,279791,17,,,1,223,,279792,17,,,1
3800,'20261124',1709,,279793,17,,,1,223,,279794,17,,,1
3800,'20261125',1709,,279795,17,,,1,223,,279796,17,,,1
3800,'20261126',1709,,279797,17,,,1,223,,279798,17,,,1
3800,'20261127',1709,,279799,17,,,1,223,,279800,17,,,1
