3101,'20260917',642,,267670,16,0,37 43 44 47,1,60,,267671,16,0,37 43 44 47,1,21,,267672,26,0,43 44 47,1,24,,267673,16,0,37 43 44 47,1,75,,267674,24,0,5 43 44 47,1,100,,267675,24,0,5 43 44 47,1,1630,,267679,24,0,7 43 44 47,1,99,,267680,26,0,16 17 9,1,95,,267681,26,0,16 17 9,1
3101,'20260918',642,,267682,16,0,37 43 44 47,1,60,,267683,16,0,37 43 44 47,1,21,,267684,26,0,43 44 47,1,24,,267685,16,0,37 43 44 47,1,75,,267686,24,0,5 43 44 47,1,100,,267687,24,0,5 43 44 47,1,1630,,267696,24,0,7 43 44 47,1,99,,267697,26,0,16 17 9,1,95,,267698,26,0,16 17 9,1
3101,'20260919',903,,267699,24,0,7 43 44 47,1,49,,267701,18,0,71 101 9,1,50,,267702,18,0,71 101 9,1,801,,267703,18,0,71 101 9,1,550,,267704,18,0,71 101 9,1,270,,267707,26,0,16 17 9,1,95,,267709,26,0,16 17 9,1,30,,267710,26,0,16 17 9,1
3101,'20260920',903,,267711,24,0,7 43 44 47,1,49,,267713,18,0,71 101 9,1,50,,267714,18,0,71 101 9,1,801,,267715,18,0,71 101 9,1,550,,267716,18,0,71 101 9,1,395,,267720,26,0,16 17 9,1
3101,'20260921',642,,267721,16,0,37 43 44 47,1,60,,267722,16,0,37 43 44 47,1,21,,267723,26,0,43 44 47,1,24,,267724,16,0,37 43 44 47,1,75,,267725,24,0,5 43 44 47,1,100,,267726,24,0,5 43 44 47,1,1630,,267730,24,0,7 43 44 47,1,99,,267731,26,0,16 17 9,1,95,,267732,26,0,16 17 9,1
3101,'20260922',642,,267733,16,0,37 43 44 47,1,60,,267734,16,0,37 43 44 47,1,21,,267735,26,0,43 44 47,1,24,,267736,16,0,37 43 44 47,1,75,,267737,24,0,5 43 44 47,1,100,,267738,24,0,5 43 44 47,1,1630,,267742,24,0,7 43 44 47,1,99,,267743,26,0,16 17 9,1,95,,267744,26,0,16 17 9,1
3101,'20260923',642,,267745,16,0,37 43 44 47,1,60,,267746,16,0,37 43 44 47,1,21,,267747,26,0,43 44 47,1,24,,267748,16,0,37 43 44 47,1,75,,267749,24,0,5 43 44 47,1,100,,267750,24,0,5 43 44 47,1,1630,,267754,24,0,7 43 44 47,1,99,,267755,26,0,16 17 9,1,95,,267756,26,0,16 17 9,1
3101,'20260924',642,,267757,16,0,37 43 44 47,1,60,,267758,16,0,37 43 44 47,1,21,,267759,26,0,43 44 47,1,24,,267760,16,0,37 43 44 47,1,75,,267761,24,0,5 43 44 47,1,100,,267762,24,0,5 43 44 47,1,1630,,267766,24,0,7 43 44 47,1,99,,267767,26,0,16 17 9,1,95,,267768,26,0,16 17 9,1
3101,'20260925',642,,267769,16,0,37 43 44 47,1,60,,267770,16,0,37 43 44 47,1,21,,267771,26,0,43 44 47,1,24,,267772,16,0,37 43 44 47,1,75,,267773,24,0,5 43 44 47,1,100,,267774,24,0,5 43 44 47,1,1630,,267778,24,0,7 43 44 47,1,99,,267779,26,0,16 17 9,1,95,,267780,26,0,16 17 9,1
3101,'20260926',903,,267781,24,0,7 43 44 47,1,1720,,267785,26,0,16 17 9,1,95,,267787,26,0,16 17 9,1,30,,267788,26,0,16 17 9,1
3101,'20260927',903,,267789,24,0,7 43 44 47,1,1845,,267794,26,0,16 17 9,1
3101,'20260928',642,,267795,16,0,37 43 44 47,1,60,,267796,16,0,37 43 44 47,1,21,,267797,26,0,43 44 47,1,24,,267798,16,0,37 43 44 47,1,75,,267799,24,0,5 43 44 47,1,100,,267800,24,0,5 43 44 47,1,1630,,267804,24,0,7 43 44 47,1,99,,267805,26,0,16 17 9,1,95,,267806,26,0,16 17 9,1
3101,'20260929',642,,267807,16,0,37 43 44 47,1,60,,267808,16,0,37 43 44 47,1,21,,267809,26,0,43 44 47,1,24,,267810,16,0,37 43 44 47,1,75,,267811,24,0,5 43 44 47,1,100,,267812,24,0,5 43 44 47,1,1630,,267816,24,0,7 43 44 47,1,99,,267817,26,0,16 17 9,1,95,,267818,26,0,16 17 9,1
3101,'20260930',642,,267819,16,0,37 43 44 47,1,60,,267820,16,0,37 43 44 47,1,21,,267821,26,0,43 44 47,1,24,,267822,16,0,37 43 44 47,1,75,,267823,24,0,5 43 44 47,1,100,,267824,24,0,5 43 44 47,1,1630,,267828,24,0,7 43 44 47,1,99,,267829,26,0,16 17 9,1,95,,267830,26,0,16 17 9,1
3101,'20261001',642,,267831,16,0,37 43 44 47,1,60,,267832,16,0,37 43 44 47,1,21,,267833,26,0,43 44 47,1,24,,267834,16,0,37 43 44 47,1,75,,267835,24,0,5 43 44 47,1,100,,267836,24,0,5 43 44 47,1,1630,,267840,24,0,7 43 44 47,1,99,,267841,26,0,16 17 9,1,95,,267842,26,0,16 17 9,1
3101,'20261002',642,,267843,16,0,37 43 44 47,1,60,,267844,16,0,37 43 44 47,1,21,,267845,26,0,43 44 47,1,24,,267846,16,0,37 43 44 47,1,75,,267847,24,0,5 43 44 47,1,100,,267848,24,0,5 43 44 47,1,1630,,267852,24,0,7 43 44 47,1,99,,267853,26,0,16 17 9,1,95,,267854,26,0,16 17 9,1
3101,'20261003',903,,267855,24,0,7 43 44 47,1,54,,332723,18,0,71 101 9,1,50,,332724,18,0,71 101 9,1,801,,332725,18,0,71 101 9,1,550,,332726,18,0,71 101 9,1,265,,267859,26,0,16 17 9,1,95,,267861,26,0,16 17 9,1,30,,267862,26,0,16 17 9,1
3101,'20261004',903,,267863,24,0,7 43 44 47,1,54,,332727,18,0,71 101 9,1,50,,332728,18,0,71 101 9,1,801,,332729,18,0,71 101 9,1,550,,332730,18,0,71 101 9,1,390,,267868,26,0,16 17 9,1
3101,'20261005',642,,267869,16,0,37 43 44 47,1,60,,267870,16,0,37 43 44 47,1,21,,267871,26,0,43 44 47,1,24,,267872,16,0,37 43 44 47,1,75,,267873,24,0,5 43 44 47,1,100,,267874,24,0,5 43 44 47,1,1630,,267878,24,0,7 43 44 47,1,99,,267879,26,0,16 17 9,1,95,,267880,26,0,16 17 9,1
3101,'20261006',642,,267881,16,0,37 43 44 47,1,60,,267882,16,0,37 43 44 47,1,21,,267883,26,0,43 44 47,1,24,,267884,16,0,37 43 44 47,1,75,,267885,24,0,5 43 44 47,1,100,,267886,24,0,5 43 44 47,1,1630,,267890,24,0,7 43 44 47,1,99,,267891,26,0,16 17 9,1,95,,267892,26,0,16 17 9,1
3101,'20261007',642,,267893,16,0,37 43 44 47,1,60,,267894,16,0,37 43 44 47,1,21,,267895,26,0,43 44 47,1,24,,267896,16,0,37 43 44 47,1,75,,267897,24,0,5 43 44 47,1,100,,267898,24,0,5 43 44 47,1,1630,,267902,24,0,7 43 44 47,1,99,,267903,26,0,16 17 9,1,95,,267904,26,0,16 17 9,1
3101,'20261008',642,,267905,16,0,37 43 44 47,1,60,,267906,16,0,37 43 44 47,1,21,,267907,26,0,43 44 47,1,24,,267908,16,0,37 43 44 47,1,75,,267909,24,0,5 43 44 47,1,100,,267910,24,0,5 43 44 47,1,1630,,267914,24,0,7 43 44 47,1,99,,267915,26,0,16 17 9,1,95,,267916,26,0,16 17 9,1
3101,'20261009',642,,267917,16,0,37 43 44 47,1,60,,267918,16,0,37 43 44 47,1,21,,267919,26,0,43 44 47,1,24,,267920,16,0,37 43 44 47,1,75,,267921,24,0,5 43 44 47,1,100,,267922,24,0,5 43 44 47,1,1630,,267926,24,0,7 43 44 47,1,99,,267927,26,0,16 17 9,1,95,,267928,26,0,16 17 9,1
3101,'20261010',903,,267929,24,0,7 43 44 47,1,1720,,267933,26,0,16 17 9,1,95,,267935,26,0,16 17 9,1,30,,267936,26,0,16 17 9,1
3101,'20261011',903,,267937,24,0,7 43 44 47,1,1845,,267942,26,0,16 17 9,1
3101,'20261012',903,,267943,24,0,7 43 44 47,1,1720,,267947,26,0,16 17 9,1,95,,267949,26,0,16 17 9,1,30,,267950,26,0,16 17 9,1
3101,'20261013',642,,267951,16,0,37 43 44 47,1,60,,267952,16,0,37 43 44 47,1,21,,267953,26,0,43 44 47,1,24,,267954,16,0,37 43 44 47,1,75,,267955,24,0,5 43 44 47,1,100,,267956,24,0,5 43 44 47,1,1630,,267960,24,0,7 43 44 47,1,99,,267961,26,0,16 17 9,1,95,,267962,26,0,16 17 9,1
3101,'20261014',642,,267963,16,0,37 43 44 47,1,60,,267964,16,0,37 43 44 47,1,21,,267965,26,0,43 44 47,1,24,,267966,16,0,37 43 44 47,1,75,,267967,24,0,5 43 44 47,1,100,,267968,24,0,5 43 44 47,1,1630,,267972,24,0,7 43 44 47,1,99,,267973,26,0,16 17 9,1,95,,267974,26,0,16 17 9,1
3101,'20261015',642,,267975,16,0,37 43 44 47,1,60,,267976,16,0,37 43 44 47,1,21,,267977,26,0,43 44 47,1,24,,267978,16,0,37 43 44 47,1,75,,267979,24,0,5 43 44 47,1,100,,267980,24,0,5 43 44 47,1,1630,,267984,24,0,7 43 44 47,1,99,,267985,26,0,16 17 9,1,95,,267986,26,0,16 17 9,1
3101,'20261016',642,,267987,16,0,37 43 44 47,1,60,,267988,16,0,37 43 44 47,1,21,,267989,26,0,43 44 47,1,24,,267990,16,0,37 43 44 47,1,75,,267991,24,0,5 43 44 47,1,100,,267992,24,0,5 43 44 47,1,1630,,267996,24,0,7 43 44 47,1,99,,267997,26,0,16 17 9,1,95,,267998,26,0,16 17 9,1
3101,'20261017',903,,267999,24,0,7 43 44 47,1,1720,,268003,26,0,16 17 9,1,95,,268005,26,0,16 17 9,1,30,,268006,26,0,16 17 9,1
3101,'20261018',903,,268007,24,0,7 43 44 47,1,1845,,268012,26,0,16 17 9,1
3101,'20261019',642,,268013,16,0,37 43 44 47,1,60,,268014,16,0,37 43 44 47,1,21,,268015,26,0,43 44 47,1,24,,268016,16,0,37 43 44 47,1,75,,268017,24,0,5 43 44 47,1,100,,268018,24,0,5 43 44 47,1,1630,,268022,24,0,7 43 44 47,1,99,,268023,26,0,16 17 9,1,95,,268024,26,0,16 17 9,1
3101,'20261020',642,,268025,16,0,37 43 44 47,1,60,,268026,16,0,37 43 44 47,1,21,,268027,26,0,43 44 47,1,24,,268028,16,0,37 43 44 47,1,75,,268029,24,0,5 43 44 47,1,100,,268030,24,0,5 43 44 47,1,1630,,268034,24,0,7 43 44 47,1,99,,268035,26,0,16 17 9,1,95,,268036,26,0,16 17 9,1
3101,'20261021',642,,268037,16,0,37 43 44 47,1,60,,268038,16,0,37 43 44 47,1,21,,268039,26,0,43 44 47,1,24,,268040,16,0,37 43 44 47,1,75,,268041,24,0,5 43 44 47,1,100,,268042,24,0,5 43 44 47,1,1630,,268046,24,0,7 43 44 47,1,99,,268047,26,0,16 17 9,1,95,,268048,26,0,16 17 9,1
3101,'20261022',642,,268049,16,0,37 43 44 47,1,60,,268050,16,0,37 43 44 47,1,21,,268051,26,0,43 44 47,1,24,,268052,16,0,37 43 44 47,1,75,,268053,24,0,5 43 44 47,1,100,,268054,24,0,5 43 44 47,1,1630,,268058,24,0,7 43 44 47,1,99,,268059,26,0,16 17 9,1,95,,268060,26,0,16 17 9,1
3101,'20261023',642,,268061,16,0,37 43 44 47,1,60,,268062,16,0,37 43 44 47,1,21,,268063,26,0,43 44 47,1,24,,268064,16,0,37 43 44 47,1,75,,268065,24,0,5 43 44 47,1,100,,268066,24,0,5 43 44 47,1,1630,,268070,24,0,7 43 44 47,1,99,,268071,26,0,16 17 9,1,95,,268072,26,0,16 17 9,1
3101,'20261024',903,,268073,24,0,7 43 44 47,1,1720,,268077,26,0,16 17 9,1,95,,268079,26,0,16 17 9,1,30,,268080,26,0,16 17 9,1
3101,'20261025',903,,268081,24,0,7 43 44 47,1,1845,,268086,26,0,16 17 9,1
3101,'20261026',642,,268087,16,0,37 43 44 47,1,60,,268088,16,0,37 43 44 47,1,21,,268089,26,0,43 44 47,1,24,,268090,16,0,37 43 44 47,1,75,,268091,24,0,5 43 44 47,1,100,,268092,24,0,5 43 44 47,1,1630,,268096,24,0,7 43 44 47,1,99,,268097,26,0,16 17 9,1,95,,268098,26,0,16 17 9,1
3101,'20261027',642,,268099,16,0,37 43 44 47,1,60,,268100,16,0,37 43 44 47,1,21,,268101,26,0,43 44 47,1,24,,268102,16,0,37 43 44 47,1,75,,268103,24,0,5 43 44 47,1,100,,268104,24,0,5 43 44 47,1,1630,,268108,24,0,7 43 44 47,1,99,,268109,26,0,16 17 9,1,95,,268110,26,0,16 17 9,1
3101,'20261028',642,,268111,16,0,37 43 44 47,1,60,,268112,16,0,37 43 44 47,1,21,,268113,26,0,43 44 47,1,24,,268114,16,0,37 43 44 47,1,75,,268115,24,0,5 43 44 47,1,100,,268116,24,0,5 43 44 47,1,1630,,268120,24,0,7 43 44 47,1,99,,268121,26,0,16 17 9,1,95,,268122,26,0,16 17 9,1
3101,'20261029',642,,268123,16,0,37 43 44 47,1,60,,268124,16,0,37 43 44 47,1,21,,268125,26,0,43 44 47,1,24,,268126,16,0,37 43 44 47,1,75,,268127,24,0,5 43 44 47,1,100,,268128,24,0,5 43 44 47,1,1630,,268132,24,0,7 43 44 47,1,99,,268133,26,0,16 17 9,1,95,,268134,26,0,16 17 9,1
3101,'20261030',642,,268135,16,0,37 43 44 47,1,60,,268136,16,0,37 43 44 47,1,21,,268137,26,0,43 44 47,1,24,,268138,16,0,37 43 44 47,1,75,,268139,24,0,5 43 44 47,1,100,,268140,24,0,5 43 44 47,1,1630,,268144,24,0,7 43 44 47,1,99,,268145,26,0,16 17 9,1,95,,268146,26,0,16 17 9,1
3101,'20261031',903,,268147,24,0,7 43 44 47,1,1720,,268151,26,0,16 17 9,1,95,,268153,26,0,16 17 9,1,30,,268154,26,0,16 17 9,1
3101,'20261101',903,,268155,24,0,7 43 44 47,1,1845,,268160,26,0,16 17 9,1
3101,'20261102',642,,268161,16,0,37 43 44 47,1,60,,268162,16,0,37 43 44 47,1,21,,268163,26,0,43 44 47,1,24,,268164,16,0,37 43 44 47,1,75,,268165,24,0,5 43 44 47,1,100,,268166,24,0,5 43 44 47,1,1630,,268170,24,0,7 43 44 47,1,99,,268171,26,0,16 17 9,1,95,,268172,26,0,16 17 9,1
3101,'20261103',642,,268173,16,0,37 43 44 47,1,60,,268174,16,0,37 43 44 47,1,21,,268175,26,0,43 44 47,1,24,,268176,16,0,37 43 44 47,1,75,,268177,24,0,5 43 44 47,1,100,,268178,24,0,5 43 44 47,1,1630,,268182,24,0,7 43 44 47,1,99,,268183,26,0,16 17 9,1,95,,268184,26,0,16 17 9,1
3101,'20261104',642,,268185,16,0,37 43 44 47,1,60,,268186,16,0,37 43 44 47,1,21,,268187,26,0,43 44 47,1,24,,268188,16,0,37 43 44 47,1,75,,268189,24,0,5 43 44 47,1,100,,268190,24,0,5 43 44 47,1,1630,,268194,24,0,7 43 44 47,1,99,,268195,26,0,16 17 9,1,95,,268196,26,0,16 17 9,1
3101,'20261105',642,,268197,16,0,37 43 44 47,1,60,,268198,16,0,37 43 44 47,1,21,,268199,26,0,43 44 47,1,24,,268200,16,0,37 43 44 47,1,75,,268201,24,0,5 43 44 47,1,100,,268202,24,0,5 43 44 47,1,1630,,268206,24,0,7 43 44 47,1,99,,268207,26,0,16 17 9,1,95,,268208,26,0,16 17 9,1
3101,'20261106',642,,268209,16,0,37 43 44 47,1,60,,268210,16,0,37 43 44 47,1,21,,268211,26,0,43 44 47,1,24,,268212,16,0,37 43 44 47,1,75,,268213,24,0,5 43 44 47,1,100,,268214,24,0,5 43 44 47,1,1630,,268218,24,0,7 43 44 47,1,99,,268219,26,0,16 17 9,1,95,,268220,26,0,16 17 9,1
3101,'20261107',903,,268221,24,0,7 43 44 47,1,1720,,268225,26,0,16 17 9,1,95,,268227,26,0,16 17 9,1,30,,268228,26,0,16 17 9,1
3101,'20261108',903,,268229,24,0,7 43 44 47,1,1845,,268234,26,0,16 17 9,1
3101,'20261109',642,,268235,16,0,37 43 44 47,1,60,,268236,16,0,37 43 44 47,1,21,,268237,26,0,43 44 47,1,24,,268238,16,0,37 43 44 47,1,75,,268239,24,0,5 43 44 47,1,100,,268240,24,0,5 43 44 47,1,1630,,268244,24,0,7 43 44 47,1,99,,268245,26,0,16 17 9,1,95,,268246,26,0,16 17 9,1
3101,'20261110',642,,268247,16,0,37 43 44 47,1,60,,268248,16,0,37 43 44 47,1,21,,268249,26,0,43 44 47,1,24,,268250,16,0,37 43 44 47,1,75,,268251,24,0,5 43 44 47,1,100,,268252,24,0,5 43 44 47,1,1630,,268256,24,0,7 43 44 47,1,99,,268257,26,0,16 17 9,1,95,,268258,26,0,16 17 9,1
3101,'20261111',642,,268259,16,0,37 43 44 47,1,60,,268260,16,0,37 43 44 47,1,21,,268261,26,0,43 44 47,1,24,,268262,16,0,37 43 44 47,1,75,,268263,24,0,5 43 44 47,1,100,,268264,24,0,5 43 44 47,1,1630,,268268,24,0,7 43 44 47,1,99,,268269,26,0,16 17 9,1,95,,268270,26,0,16 17 9,1
3101,'20261112',642,,268271,16,0,37 43 44 47,1,60,,268272,16,0,37 43 44 47,1,21,,268273,26,0,43 44 47,1,24,,268274,16,0,37 43 44 47,1,75,,268275,24,0,5 43 44 47,1,100,,268276,24,0,5 43 44 47,1,1630,,268280,24,0,7 43 44 47,1,99,,268281,26,0,16 17 9,1,95,,268282,26,0,16 17 9,1
3101,'20261113',642,,268283,16,0,37 43 44 47,1,60,,268284,16,0,37 43 44 47,1,21,,268285,26,0,43 44 47,1,24,,268286,16,0,37 43 44 47,1,75,,268287,24,0,5 43 44 47,1,100,,268288,24,0,5 43 44 47,1,1630,,268292,24,0,7 43 44 47,1,99,,268293,26,0,16 17 9,1,95,,268294,26,0,16 17 9,1
3101,'20261114',903,,268295,24,0,7 43 44 47,1,1720,,268299,26,0,16 17 9,1,95,,268301,26,0,16 17 9,1,30,,268302,26,0,16 17 9,1
3101,'20261115',903,,268303,24,0,7 43 44 47,1,1845,,268308,26,0,16 17 9,1
3101,'20261116',642,,268309,16,0,37 43 44 47,1,60,,268310,16,0,37 43 44 47,1,21,,268311,26,0,43 44 47,1,24,,268312,16,0,37 43 44 47,1,75,,268313,24,0,5 43 44 47,1,100,,268314,24,0,5 43 44 47,1,1630,,268318,24,0,7 43 44 47,1,99,,268319,26,0,16 17 9,1,95,,268320,26,0,16 17 9,1
3101,'20261117',642,,268321,16,0,37 43 44 47,1,60,,268322,16,0,37 43 44 47,1,21,,268323,26,0,43 44 47,1,24,,268324,16,0,37 43 44 47,1,75,,268325,24,0,5 43 44 47,1,100,,268326,24,0,5 43 44 47,1,1630,,268330,24,0,7 43 44 47,1,99,,268331,26,0,16 17 9,1,95,,268332,26,0,16 17 9,1
3101,'20261118',642,,268333,16,0,37 43 44 47,1,60,,268334,16,0,37 43 44 47,1,21,,268335,26,0,43 44 47,1,24,,268336,16,0,37 43 44 47,1,75,,268337,24,0,5 43 44 47,1,100,,268338,24,0,5 43 44 47,1,1630,,268342,24,0,7 43 44 47,1,99,,268343,26,0,16 17 9,1,95,,268344,26,0,16 17 9,1
3101,'20261119',642,,268345,16,0,37 43 44 47,1,60,,268346,16,0,37 43 44 47,1,21,,268347,26,0,43 44 47,1,24,,268348,16,0,37 43 44 47,1,75,,268349,24,0,5 43 44 47,1,100,,268350,24,0,5 43 44 47,1,1630,,268354,24,0,7 43 44 47,1,99,,268355,26,0,16 17 9,1,95,,268356,26,0,16 17 9,1
3101,'20261120',642,,268357,16,0,37 43 44 47,1,60,,268358,16,0,37 43 44 47,1,21,,268359,26,0,43 44 47,1,24,,268360,16,0,37 43 44 47,1,75,,268361,24,0,5 43 44 47,1,100,,268362,24,0,5 43 44 47,1,1630,,268366,24,0,7 43 44 47,1,99,,268367,26,0,16 17 9,1,95,,268368,26,0,16 17 9,1
3101,'20261121',903,,268369,24,0,7 43 44 47,1,1720,,268373,26,0,16 17 9,1,95,,268375,26,0,16 17 9,1,30,,268376,26,0,16 17 9,1
3101,'20261122',903,,268377,24,0,7 43 44 47,1,1845,,268382,26,0,16 17 9,1
3101,'20261123',642,,268383,16,0,37 43 44 47,1,60,,268384,16,0,37 43 44 47,1,21,,268385,26,0,43 44 47,1,24,,268386,16,0,37 43 44 47,1,75,,268387,24,0,5 43 44 47,1,100,,268388,24,0,5 43 44 47,1,1630,,268392,24,0,7 43 44 47,1,99,,268393,26,0,16 17 9,1,95,,268394,26,0,16 17 9,1
3101,'20261124',642,,268395,16,0,37 43 44 47,1,60,,268396,16,0,37 43 44 47,1,21,,268397,26,0,43 44 47,1,24,,268398,16,0,37 43 44 47,1,75,,268399,24,0,5 43 44 47,1,100,,268400,24,0,5 43 44 47,1,1630,,268404,24,0,7 43 44 47,1,99,,268405,26,0,16 17 9,1,95,,268406,26,0,16 17 9,1
3101,'20261125',642,,268407,16,0,37 43 44 47,1,60,,268408,16,0,37 43 44 47,1,21,,268409,26,0,43 44 47,1,24,,268410,16,0,37 43 44 47,1,75,,268411,24,0,5 43 44 47,1,100,,268412,24,0,5 43 44 47,1,1630,,268416,24,0,7 43 44 47,1,99,,268417,26,0,16 17 9,1,95,,268418,26,0,16 17 9,1
3101,'20261126',642,,268419,16,0,37 43 44 47,1,60,,268420,16,0,37 43 44 47,1,21,,268421,26,0,43 44 47,1,24,,268422,16,0,37 43 44 47,1,75,,268423,24,0,5 43 44 47,1,100,,268424,24,0,5 43 44 47,1,1630,,268428,24,0,7 43 44 47,1,99,,268429,26,0,16 17 9,1,95,,268430,26,0,16 17 9,1
3101,'20261127',642,,268431,16,0,37 43 44 47,1,60,,268432,16,0,37 43 44 47,1,21,,268433,26,0,43 44 47,1,24,,268434,16,0,37 43 44 47,1,75,,268435,24,0,5 43 44 47,1,100,,268436,24,0,5 43 44 47,1,1630,,268440,24,0,7 43 44 47,1,99,,268441,26,0,16 17 9,1,95,,268442,26,0,16 17 9,1
3301,'20260917',1002,,273423,28,,,1,100,,273424,28,,,1,100,,273425,28,,,1,102,,273426,28,,,1,106,,273427,28,,,1,103,,273428,28,,,1,103,,273430,28,,,1,95,,273432,28,0,16 17 9,1,17,,273433,28,,,1,92,,273435,28,,,1,34,,273437,28,0,16 17 9,1,67,,273439,28,0,16 17 9,1,92,,273442,28,,,1,93,,273444,28,0,16 17 9,1,52,,273446,28,,,1,99,,273448,28,0,16 17 9,1,92,,273450,28,,,1,100,,273451,28,0,16 17 9,1
3301,'20260918',1002,,273455,28,,,1,100,,273456,28,,,1,100,,273457,28,,,1,102,,273458,28,,,1,106,,273459,28,,,1,103,,273460,28,,,1,103,,273462,28,,,1,95,,273464,28,0,16 17 9,1,17,,273465,28,,,1,92,,273467,28,,,1,34,,273469,28,0,16 17 9,1,67,,273471,28,0,16 17 9,1,92,,273474,28,,,1,93,,273476,28,0,16 17 9,1,52,,273478,28,,,1,99,,273480,28,0,16 17 9,1,92,,273482,28,,,1,100,,273483,28,0,16 17 9,1
3301,'20260919',957,,273485,9,0,53 17 9,1,143,,273486,28,,,1,100,,273487,9,0,53 17 9,1,103,,273488,28,,,1,97,,273489,9,0,53 17 9,1,100,,273490,28,,,1,100,,273491,9,0,53 17 9,1,100,,273492,28,,,1,158,,273493,28,,,1,200,,273494,28,,,1,199,,273495,28,,,1,202,,273496,28,,,1
3301,'20260920',957,,273497,9,0,53 17 9,1,143,,273498,28,,,1,100,,273499,9,0,53 17 9,1,103,,273500,28,,,1,97,,273501,9,0,53 17 9,1,100,,273502,28,,,1,100,,273503,9,0,53 17 9,1,100,,273504,28,,,1,158,,273505,28,,,1,200,,273506,28,,,1,199,,273507,28,,,1,202,,273508,28,,,1
3301,'20260921',1002,,273511,28,,,1,100,,273512,28,,,1,100,,273513,28,,,1,102,,273514,28,,,1,106,,273515,28,,,1,103,,273516,28,,,1,103,,273518,28,,,1,95,,273520,28,0,16 17 9,1,17,,273521,28,,,1,92,,273523,28,,,1,34,,273525,28,0,16 17 9,1,67,,273527,28,0,16 17 9,1,92,,273530,28,,,1,93,,273532,28,0,16 17 9,1,52,,273534,28,,,1,99,,273536,28,0,16 17 9,1,92,,273538,28,,,1,100,,273539,28,0,16 17 9,1
3301,'20260922',1002,,273543,28,,,1,100,,273544,28,,,1,100,,273545,28,,,1,102,,273546,28,,,1,106,,273547,28,,,1,103,,273548,28,,,1,103,,273550,28,,,1,95,,273552,28,0,16 17 9,1,17,,273553,28,,,1,92,,273555,28,,,1,34,,273557,28,0,16 17 9,1,67,,273559,28,0,16 17 9,1,92,,273562,28,,,1,93,,273564,28,0,16 17 9,1,52,,273566,28,,,1,99,,273568,28,0,16 17 9,1,92,,273570,28,,,1,100,,273571,28,0,16 17 9,1
3301,'20260923',1002,,273575,28,,,1,100,,273576,28,,,1,100,,273577,28,,,1,102,,273578,28,,,1,106,,273579,28,,,1,103,,273580,28,,,1,103,,273582,28,,,1,95,,273584,28,0,16 17 9,1,17,,273585,28,,,1,92,,273587,28,,,1,34,,273589,28,0,16 17 9,1,67,,273591,28,0,16 17 9,1,92,,273594,28,,,1,93,,273596,28,0,16 17 9,1,52,,273598,28,,,1,99,,273600,28,0,16 17 9,1,92,,273602,28,,,1,100,,273603,28,0,16 17 9,1
3301,'20260924',1002,,273607,28,,,1,100,,273608,28,,,1,100,,273609,28,,,1,102,,273610,28,,,1,106,,273611,28,,,1,103,,273612,28,,,1,103,,273614,28,,,1,95,,273616,28,0,16 17 9,1,17,,273617,28,,,1,92,,273619,28,,,1,34,,273621,28,0,16 17 9,1,67,,273623,28,0,16 17 9,1,92,,273626,28,,,1,93,,273628,28,0,16 17 9,1,52,,273630,28,,,1,99,,273632,28,0,16 17 9,1,92,,273634,28,,,1,100,,273635,28,0,16 17 9,1
3301,'20260925',1002,,273639,28,,,1,100,,273640,28,,,1,100,,273641,28,,,1,102,,273642,28,,,1,106,,273643,28,,,1,103,,273644,28,,,1,103,,273646,28,,,1,95,,273648,28,0,16 17 9,1,17,,273649,28,,,1,92,,273651,28,,,1,34,,273653,28,0,16 17 9,1,67,,273655,28,0,16 17 9,1,92,,273658,28,,,1,93,,273660,28,0,16 17 9,1,52,,273662,28,,,1,99,,273664,28,0,16 17 9,1,92,,273666,28,,,1,100,,273667,28,0,16 17 9,1
3301,'20260926',957,,273669,9,0,53 17 9,1,143,,273670,28,,,1,100,,273671,9,0,53 17 9,1,103,,273672,28,,,1,97,,273673,9,0,53 17 9,1,100,,273674,28,,,1,100,,273675,9,0,53 17 9,1,100,,273676,28,,,1,158,,273677,28,,,1,200,,273678,28,,,1,199,,273679,28,,,1,202,,273680,28,,,1
3301,'20260927',957,,273681,9,0,53 17 9,1,143,,273682,28,,,1,100,,273683,9,0,53 17 9,1,103,,273684,28,,,1,97,,273685,9,0,53 17 9,1,100,,273686,28,,,1,100,,273687,9,0,53 17 9,1,100,,273688,28,,,1,158,,273689,28,,,1,200,,273690,28,,,1,199,,273691,28,,,1,202,,273692,28,,,1
3301,'20260928',1002,,273695,28,,,1,100,,273696,28,,,1,100,,273697,28,,,1,102,,273698,28,,,1,106,,273699,28,,,1,103,,273700,28,,,1,103,,273702,28,,,1,95,,273704,28,0,16 17 9,1,17,,273705,28,,,1,92,,273707,28,,,1,34,,273709,28,0,16 17 9,1,67,,273711,28,0,16 17 9,1,92,,273714,28,,,1,93,,273716,28,0,16 17 9,1,52,,273718,28,,,1,99,,273720,28,0,16 17 9,1,92,,273722,28,,,1,100,,273723,28,0,16 17 9,1
3301,'20260929',1002,,273727,28,,,1,100,,273728,28,,,1,100,,273729,28,,,1,102,,273730,28,,,1,106,,273731,28,,,1,103,,273732,28,,,1,103,,273734,28,,,1,95,,273736,28,0,16 17 9,1,17,,273737,28,,,1,92,,273739,28,,,1,34,,273741,28,0,16 17 9,1,67,,273743,28,0,16 17 9,1,92,,273746,28,,,1,93,,273748,28,0,16 17 9,1,52,,273750,28,,,1,99,,273752,28,0,16 17 9,1,92,,273754,28,,,1,100,,273755,28,0,16 17 9,1
3301,'20260930',1002,,273759,28,,,1,100,,273760,28,,,1,100,,273761,28,,,1,102,,273762,28,,,1,106,,273763,28,,,1,103,,273764,28,,,1,103,,273766,28,,,1,95,,273768,28,0,16 17 9,1,17,,273769,28,,,1,92,,273771,28,,,1,34,,273773,28,0,16 17 9,1,67,,273775,28,0,16 17 9,1,92,,273778,28,,,1,93,,273780,28,0,16 17 9,1,52,,273782,28,,,1,99,,273784,28,0,16 17 9,1,92,,273786,28,,,1,100,,273787,28,0,16 17 9,1
3301,'20261001',1002,,273791,28,,,1,100,,273792,28,,,1,100,,273793,28,,,1,102,,273794,28,,,1,106,,273795,28,,,1,103,,273796,28,,,1,103,,273798,28,,,1,95,,273800,28,0,16 17 9,1,17,,273801,28,,,1,92,,273803,28,,,1,34,,273805,28,0,16 17 9,1,67,,273807,28,0,16 17 9,1,92,,273810,28,,,1,93,,273812,28,0,16 17 9,1,52,,273814,28,,,1,99,,273816,28,0,16 17 9,1,92,,273818,28,,,1,100,,273819,28,0,16 17 9,1
3301,'20261002',1002,,273823,28,,,1,100,,273824,28,,,1,100,,273825,28,,,1,102,,273826,28,,,1,106,,273827,28,,,1,103,,273828,28,,,1,103,,273830,28,,,1,95,,273832,28,0,16 17 9,1,17,,273833,28,,,1,92,,273835,28,,,1,34,,273837,28,0,16 17 9,1,67,,273839,28,0,16 17 9,1,92,,273842,28,,,1,93,,273844,28,0,16 17 9,1,52,,273846,28,,,1,99,,273848,28,0,16 17 9,1,92,,273850,28,,,1,100,,273851,28,0,16 17 9,1
3301,'20261003',957,,273853,9,0,53 17 9,1,143,,273854,28,,,1,100,,273855,9,0,53 17 9,1,103,,273856,28,,,1,97,,273857,9,0,53 17 9,1,100,,273858,28,,,1,100,,273859,9,0,53 17 9,1,100,,273860,28,,,1,158,,273861,28,,,1,200,,273862,28,,,1,199,,273863,28,,,1,202,,273864,28,,,1
3301,'20261004',957,,273865,9,0,53 17 9,1,143,,273866,28,,,1,100,,273867,9,0,53 17 9,1,103,,273868,28,,,1,97,,273869,9,0,53 17 9,1,100,,273870,28,,,1,100,,273871,9,0,53 17 9,1,100,,273872,28,,,1,158,,273873,28,,,1,200,,273874,28,,,1,199,,273875,28,,,1,202,,273876,28,,,1
3301,'20261005',1002,,273879,28,,,1,100,,273880,28,,,1,100,,273881,28,,,1,102,,273882,28,,,1,106,,273883,28,,,1,103,,273884,28,,,1,103,,273886,28,,,1,95,,273888,28,0,16 17 9,1,17,,273889,28,,,1,92,,273891,28,,,1,34,,273893,28,0,16 17 9,1,67,,273895,28,0,16 17 9,1,92,,273898,28,,,1,93,,273900,28,0,16 17 9,1,52,,273902,28,,,1,99,,273904,28,0,16 17 9,1,92,,273906,28,,,1,100,,273907,28,0,16 17 9,1
3301,'20261006',1002,,273911,28,,,1,100,,273912,28,,,1,100,,273913,28,,,1,102,,273914,28,,,1,106,,273915,28,,,1,103,,273916,28,,,1,103,,273918,28,,,1,95,,273920,28,0,16 17 9,1,17,,273921,28,,,1,92,,273923,28,,,1,34,,273925,28,0,16 17 9,1,67,,273927,28,0,16 17 9,1,92,,273930,28,,,1,93,,273932,28,0,16 17 9,1,52,,273934,28,,,1,99,,273936,28,0,16 17 9,1,92,,273938,28,,,1,100,,273939,28,0,16 17 9,1
3301,'20261007',1002,,273943,28,,,1,100,,273944,28,,,1,100,,273945,28,,,1,102,,273946,28,,,1,106,,273947,28,,,1,103,,273948,28,,,1,103,,273950,28,,,1,95,,273952,28,0,16 17 9,1,17,,273953,28,,,1,92,,273955,28,,,1,34,,273957,28,0,16 17 9,1,67,,273959,28,0,16 17 9,1,92,,273962,28,,,1,93,,273964,28,0,16 17 9,1,52,,273966,28,,,1,99,,273968,28,0,16 17 9,1,92,,273970,28,,,1,100,,273971,28,0,16 17 9,1
3301,'20261008',1002,,273975,28,,,1,100,,273976,28,,,1,100,,273977,28,,,1,102,,273978,28,,,1,106,,273979,28,,,1,103,,273980,28,,,1,103,,273982,28,,,1,95,,273984,28,0,16 17 9,1,17,,273985,28,,,1,92,,273987,28,,,1,34,,273989,28,0,16 17 9,1,67,,273991,28,0,16 17 9,1,92,,273994,28,,,1,93,,273996,28,0,16 17 9,1,52,,273998,28,,,1,99,,274000,28,0,16 17 9,1,92,,274002,28,,,1,100,,274003,28,0,16 17 9,1
3301,'20261009',1002,,274007,28,,,1,100,,274008,28,,,1,100,,274009,28,,,1,102,,274010,28,,,1,106,,274011,28,,,1,103,,274012,28,,,1,103,,274014,28,,,1,95,,274016,28,0,16 17 9,1,17,,274017,28,,,1,92,,274019,28,,,1,34,,274021,28,0,16 17 9,1,67,,274023,28,0,16 17 9,1,92,,274026,28,,,1,93,,274028,28,0,16 17 9,1,52,,274030,28,,,1,99,,274032,28,0,16 17 9,1,92,,274034,28,,,1,100,,274035,28,0,16 17 9,1
3301,'20261010',957,,274037,9,0,53 17 9,1,143,,274038,28,,,1,100,,274039,9,0,53 17 9,1,103,,274040,28,,,1,97,,274041,9,0,53 17 9,1,100,,274042,28,,,1,100,,274043,9,0,53 17 9,1,100,,274044,28,,,1,158,,274045,28,,,1,200,,274046,28,,,1,199,,274047,28,,,1,202,,274048,28,,,1
3301,'20261011',957,,274049,9,0,53 17 9,1,143,,274050,28,,,1,100,,274051,9,0,53 17 9,1,103,,274052,28,,,1,97,,274053,9,0,53 17 9,1,100,,274054,28,,,1,100,,274055,9,0,53 17 9,1,100,,274056,28,,,1,158,,274057,28,,,1,200,,274058,28,,,1,199,,274059,28,,,1,202,,274060,28,,,1
3301,'20261012',957,,274061,9,0,53 17 9,1,143,,274062,28,,,1,100,,274063,9,0,53 17 9,1,103,,274064,28,,,1,97,,274065,9,0,53 17 9,1,100,,274066,28,,,1,100,,274067,9,0,53 17 9,1,100,,274068,28,,,1,158,,274069,28,,,1,200,,274070,28,,,1,199,,274071,28,,,1,202,,274072,28,,,1
3301,'20261013',1002,,274075,28,,,1,100,,274076,28,,,1,100,,274077,28,,,1,102,,274078,28,,,1,106,,274079,28,,,1,103,,274080,28,,,1,103,,274082,28,,,1,95,,274084,28,0,16 17 9,1,17,,274085,28,,,1,92,,274087,28,,,1,34,,274089,28,0,16 17 9,1,67,,274091,28,0,16 17 9,1,92,,274094,28,,,1,93,,274096,28,0,16 17 9,1,52,,274098,28,,,1,99,,274100,28,0,16 17 9,1,92,,274102,28,,,1,100,,274103,28,0,16 17 9,1
3301,'20261014',1002,,274107,28,,,1,100,,274108,28,,,1,100,,274109,28,,,1,102,,274110,28,,,1,106,,274111,28,,,1,103,,274112,28,,,1,103,,274114,28,,,1,95,,274116,28,0,16 17 9,1,17,,274117,28,,,1,92,,274119,28,,,1,34,,274121,28,0,16 17 9,1,67,,274123,28,0,16 17 9,1,92,,274126,28,,,1,93,,274128,28,0,16 17 9,1,52,,274130,28,,,1,99,,274132,28,0,16 17 9,1,92,,274134,28,,,1,100,,274135,28,0,16 17 9,1
3301,'20261015',1002,,274139,28,,,1,100,,274140,28,,,1,100,,274141,28,,,1,102,,274142,28,,,1,106,,274143,28,,,1,103,,274144,28,,,1,103,,274146,28,,,1,95,,274148,28,0,16 17 9,1,17,,274149,28,,,1,92,,274151,28,,,1,34,,274153,28,0,16 17 9,1,67,,274155,28,0,16 17 9,1,92,,274158,28,,,1,93,,274160,28,0,16 17 9,1,52,,274162,28,,,1,99,,274164,28,0,16 17 9,1,92,,274166,28,,,1,100,,274167,28,0,16 17 9,1
3301,'20261016',1002,,274171,28,,,1,100,,274172,28,,,1,100,,274173,28,,,1,102,,274174,28,,,1,106,,274175,28,,,1,103,,274176,28,,,1,103,,274178,28,,,1,95,,274180,28,0,16 17 9,1,17,,274181,28,,,1,92,,274183,28,,,1,34,,274185,28,0,16 17 9,1,67,,274187,28,0,16 17 9,1,92,,274190,28,,,1,93,,274192,28,0,16 17 9,1,52,,274194,28,,,1,99,,274196,28,0,16 17 9,1,92,,274198,28,,,1,100,,274199,28,0,16 17 9,1
3301,'20261017',957,,274201,9,0,53 17 9,1,143,,274202,28,,,1,100,,274203,9,0,53 17 9,1,103,,274204,28,,,1,97,,274205,9,0,53 17 9,1,100,,274206,28,,,1,100,,274207,9,0,53 17 9,1,100,,274208,28,,,1,158,,274209,28,,,1,200,,274210,28,,,1,199,,274211,28,,,1,202,,274212,28,,,1
3301,'20261018',957,,274213,9,0,53 17 9,1,143,,274214,28,,,1,100,,274215,9,0,53 17 9,1,103,,274216,28,,,1,97,,274217,9,0,53 17 9,1,100,,274218,28,,,1,100,,274219,9,0,53 17 9,1,100,,274220,28,,,1,158,,274221,28,,,1,200,,274222,28,,,1,199,,274223,28,,,1,202,,274224,28,,,1
3301,'20261019',1002,,274227,28,,,1,100,,274228,28,,,1,100,,274229,28,,,1,102,,274230,28,,,1,106,,274231,28,,,1,103,,274232,28,,,1,103,,274234,28,,,1,95,,274236,28,0,16 17 9,1,17,,274237,28,,,1,92,,274239,28,,,1,34,,274241,28,0,16 17 9,1,67,,274243,28,0,16 17 9,1,92,,274246,28,,,1,93,,274248,28,0,16 17 9,1,52,,274250,28,,,1,99,,274252,28,0,16 17 9,1,92,,274254,28,,,1,100,,274255,28,0,16 17 9,1
3301,'20261020',1002,,274259,28,,,1,100,,274260,28,,,1,100,,274261,28,,,1,102,,274262,28,,,1,106,,274263,28,,,1,103,,274264,28,,,1,103,,274266,28,,,1,95,,274268,28,0,16 17 9,1,17,,274269,28,,,1,92,,274271,28,,,1,34,,274273,28,0,16 17 9,1,67,,274275,28,0,16 17 9,1,92,,274278,28,,,1,93,,274280,28,0,16 17 9,1,52,,274282,28,,,1,99,,274284,28,0,16 17 9,1,92,,274286,28,,,1,100,,274287,28,0,16 17 9,1
3301,'20261021',1002,,274291,28,,,1,100,,274292,28,,,1,100,,274293,28,,,1,102,,274294,28,,,1,106,,274295,28,,,1,103,,274296,28,,,1,103,,274298,28,,,1,95,,274300,28,0,16 17 9,1,17,,274301,28,,,1,92,,274303,28,,,1,34,,274305,28,0,16 17 9,1,67,,274307,28,0,16 17 9,1,92,,274310,28,,,1,93,,274312,28,0,16 17 9,1,52,,274314,28,,,1,99,,274316,28,0,16 17 9,1,92,,274318,28,,,1,100,,274319,28,0,16 17 9,1
3301,'20261022',1002,,274323,28,,,1,100,,274324,28,,,1,100,,274325,28,,,1,102,,274326,28,,,1,106,,274327,28,,,1,103,,274328,28,,,1,103,,274330,28,,,1,95,,274332,28,0,16 17 9,1,17,,274333,28,,,1,92,,274335,28,,,1,34,,274337,28,0,16 17 9,1,67,,274339,28,0,16 17 9,1,92,,274342,28,,,1,93,,274344,28,0,16 17 9,1,52,,274346,28,,,1,99,,274348,28,0,16 17 9,1,92,,274350,28,,,1,100,,274351,28,0,16 17 9,1
3301,'20261023',1002,,274355,28,,,1,100,,274356,28,,,1,100,,274357,28,,,1,102,,274358,28,,,1,106,,274359,28,,,1,103,,274360,28,,,1,103,,274362,28,,,1,95,,274364,28,0,16 17 9,1,17,,274365,28,,,1,92,,274367,28,,,1,34,,274369,28,0,16 17 9,1,67,,274371,28,0,16 17 9,1,92,,274374,28,,,1,93,,274376,28,0,16 17 9,1,52,,274378,28,,,1,99,,274380,28,0,16 17 9,1,92,,274382,28,,,1,100,,274383,28,0,16 17 9,1
3301,'20261024',957,,274385,9,0,53 17 9,1,143,,274386,28,,,1,100,,274387,9,0,53 17 9,1,103,,274388,28,,,1,97,,274389,9,0,53 17 9,1,100,,274390,28,,,1,100,,274391,9,0,53 17 9,1,100,,274392,28,,,1,158,,274393,28,,,1,200,,274394,28,,,1,199,,274395,28,,,1,202,,274396,28,,,1
3301,'20261025',957,,274397,9,0,53 17 9,1,143,,274398,28,,,1,100,,274399,9,0,53 17 9,1,103,,274400,28,,,1,97,,274401,9,0,53 17 9,1,100,,274402,28,,,1,100,,274403,9,0,53 17 9,1,100,,274404,28,,,1,158,,274405,28,,,1,200,,274406,28,,,1,199,,274407,28,,,1,202,,274408,28,,,1
3301,'20261026',1002,,274411,28,,,1,100,,274412,28,,,1,100,,274413,28,,,1,102,,274414,28,,,1,106,,274415,28,,,1,103,,274416,28,,,1,103,,274418,28,,,1,95,,274420,28,0,16 17 9,1,17,,274421,28,,,1,92,,274423,28,,,1,34,,274425,28,0,16 17 9,1,67,,274427,28,0,16 17 9,1,92,,274430,28,,,1,93,,274432,28,0,16 17 9,1,52,,274434,28,,,1,99,,274436,28,0,16 17 9,1,92,,274438,28,,,1,100,,274439,28,0,16 17 9,1
3301,'20261027',1002,,274443,28,,,1,100,,274444,28,,,1,100,,274445,28,,,1,102,,274446,28,,,1,106,,274447,28,,,1,103,,274448,28,,,1,103,,274450,28,,,1,95,,274452,28,0,16 17 9,1,17,,274453,28,,,1,92,,274455,28,,,1,34,,274457,28,0,16 17 9,1,67,,274459,28,0,16 17 9,1,92,,274462,28,,,1,93,,274464,28,0,16 17 9,1,52,,274466,28,,,1,99,,274468,28,0,16 17 9,1,92,,274470,28,,,1,100,,274471,28,0,16 17 9,1
3301,'20261028',1002,,274475,28,,,1,100,,274476,28,,,1,100,,274477,28,,,1,102,,274478,28,,,1,106,,274479,28,,,1,103,,274480,28,,,1,103,,274482,28,,,1,95,,274484,28,0,16 17 9,1,17,,274485,28,,,1,92,,274487,28,,,1,34,,274489,28,0,16 17 9,1,67,,274491,28,0,16 17 9,1,92,,274494,28,,,1,93,,274496,28,0,16 17 9,1,52,,274498,28,,,1,99,,274500,28,0,16 17 9,1,92,,274502,28,,,1,100,,274503,28,0,16 17 9,1
3301,'20261029',1002,,274507,28,,,1,100,,274508,28,,,1,100,,274509,28,,,1,102,,274510,28,,,1,106,,274511,28,,,1,103,,274512,28,,,1,103,,274514,28,,,1,95,,274516,28,0,16 17 9,1,17,,274517,28,,,1,92,,274519,28,,,1,34,,274521,28,0,16 17 9,1,67,,274523,28,0,16 17 9,1,92,,274526,28,,,1,93,,274528,28,0,16 17 9,1,52,,274530,28,,,1,99,,274532,28,0,16 17 9,1,92,,274534,28,,,1,100,,274535,28,0,16 17 9,1
3301,'20261030',1002,,274539,28,,,1,100,,274540,28,,,1,100,,274541,28,,,1,102,,274542,28,,,1,106,,274543,28,,,1,103,,274544,28,,,1,103,,274546,28,,,1,95,,274548,28,0,16 17 9,1,17,,274549,28,,,1,92,,274551,28,,,1,34,,274553,28,0,16 17 9,1,67,,274555,28,0,16 17 9,1,92,,274558,28,,,1,93,,274560,28,0,16 17 9,1,52,,274562,28,,,1,99,,274564,28,0,16 17 9,1,92,,274566,28,,,1,100,,274567,28,0,16 17 9,1
3301,'20261031',957,,274569,9,0,53 17 9,1,143,,274570,28,,,1,100,,274571,9,0,53 17 9,1,103,,274572,28,,,1,97,,274573,9,0,53 17 9,1,100,,274574,28,,,1,100,,274575,9,0,53 17 9,1,100,,274576,28,,,1,158,,274577,28,,,1,200,,274578,28,,,1,199,,274579,28,,,1,202,,274580,28,,,1
3301,'20261101',957,,274581,9,0,53 17 9,1,143,,274582,28,,,1,100,,274583,9,0,53 17 9,1,103,,274584,28,,,1,97,,274585,9,0,53 17 9,1,100,,274586,28,,,1,100,,274587,9,0,53 17 9,1,100,,274588,28,,,1,158,,274589,28,,,1,200,,274590,28,,,1,199,,274591,28,,,1,202,,274592,28,,,1
3301,'20261102',1002,,274595,28,,,1,100,,274596,28,,,1,100,,274597,28,,,1,102,,274598,28,,,1,106,,274599,28,,,1,103,,274600,28,,,1,103,,274602,28,,,1,95,,274604,28,0,16 17 9,1,17,,274605,28,,,1,92,,274607,28,,,1,34,,274609,28,0,16 17 9,1,67,,274611,28,0,16 17 9,1,92,,274614,28,,,1,93,,274616,28,0,16 17 9,1,52,,274618,28,,,1,99,,274620,28,0,16 17 9,1,92,,274622,28,,,1,100,,274623,28,0,16 17 9,1
3301,'20261103',1002,,274627,28,,,1,100,,274628,28,,,1,100,,274629,28,,,1,102,,274630,28,,,1,106,,274631,28,,,1,103,,274632,28,,,1,103,,274634,28,,,1,95,,274636,28,0,16 17 9,1,17,,274637,28,,,1,92,,274639,28,,,1,34,,274641,28,0,16 17 9,1,67,,274643,28,0,16 17 9,1,92,,274646,28,,,1,93,,274648,28,0,16 17 9,1,52,,274650,28,,,1,99,,274652,28,0,16 17 9,1,92,,274654,28,,,1,100,,274655,28,0,16 17 9,1
3301,'20261104',1002,,274659,28,,,1,100,,274660,28,,,1,100,,274661,28,,,1,102,,274662,28,,,1,106,,274663,28,,,1,103,,274664,28,,,1,103,,274666,28,,,1,95,,274668,28,0,16 17 9,1,17,,274669,28,,,1,92,,274671,28,,,1,34,,274673,28,0,16 17 9,1,67,,274675,28,0,16 17 9,1,92,,274678,28,,,1,93,,274680,28,0,16 17 9,1,52,,274682,28,,,1,99,,274684,28,0,16 17 9,1,92,,274686,28,,,1,100,,274687,28,0,16 17 9,1
3301,'20261105',1002,,274691,28,,,1,100,,274692,28,,,1,100,,274693,28,,,1,102,,274694,28,,,1,106,,274695,28,,,1,103,,274696,28,,,1,103,,274698,28,,,1,95,,274700,28,0,16 17 9,1,17,,274701,28,,,1,92,,274703,28,,,1,34,,274705,28,0,16 17 9,1,67,,274707,28,0,16 17 9,1,92,,274710,28,,,1,93,,274712,28,0,16 17 9,1,52,,274714,28,,,1,99,,274716,28,0,16 17 9,1,92,,274718,28,,,1,100,,274719,28,0,16 17 9,1
3301,'20261106',1002,,274723,28,,,1,100,,274724,28,,,1,100,,274725,28,,,1,102,,274726,28,,,1,106,,274727,28,,,1,103,,274728,28,,,1,103,,274730,28,,,1,95,,274732,28,0,16 17 9,1,17,,274733,28,,,1,92,,274735,28,,,1,34,,274737,28,0,16 17 9,1,67,,274739,28,0,16 17 9,1,92,,274742,28,,,1,93,,274744,28,0,16 17 9,1,52,,274746,28,,,1,99,,274748,28,0,16 17 9,1,92,,274750,28,,,1,100,,274751,28,0,16 17 9,1
3301,'20261107',957,,274753,9,0,53 17 9,1,143,,274754,28,,,1,100,,274755,9,0,53 17 9,1,103,,274756,28,,,1,97,,274757,9,0,53 17 9,1,100,,274758,28,,,1,100,,274759,9,0,53 17 9,1,100,,274760,28,,,1,158,,274761,28,,,1,200,,274762,28,,,1,199,,274763,28,,,1,202,,274764,28,,,1
3301,'20261108',957,,274765,9,0,53 17 9,1,143,,274766,28,,,1,100,,274767,9,0,53 17 9,1,103,,274768,28,,,1,97,,274769,9,0,53 17 9,1,100,,274770,28,,,1,100,,274771,9,0,53 17 9,1,100,,274772,28,,,1,158,,274773,28,,,1,200,,274774,28,,,1,199,,274775,28,,,1,202,,274776,28,,,1
3301,'20261109',1002,,274779,28,,,1,100,,274780,28,,,1,100,,274781,28,,,1,102,,274782,28,,,1,106,,274783,28,,,1,103,,274784,28,,,1,103,,274786,28,,,1,95,,274788,28,0,16 17 9,1,17,,274789,28,,,1,92,,274791,28,,,1,34,,274793,28,0,16 17 9,1,67,,274795,28,0,16 17 9,1,92,,274798,28,,,1,93,,274800,28,0,16 17 9,1,52,,274802,28,,,1,99,,274804,28,0,16 17 9,1,92,,274806,28,,,1,100,,274807,28,0,16 17 9,1
3301,'20261110',1002,,274811,28,,,1,100,,274812,28,,,1,100,,274813,28,,,1,102,,274814,28,,,1,106,,274815,28,,,1,103,,274816,28,,,1,103,,274818,28,,,1,95,,274820,28,0,16 17 9,1,17,,274821,28,,,1,92,,274823,28,,,1,34,,274825,28,0,16 17 9,1,67,,274827,28,0,16 17 9,1,92,,274830,28,,,1,93,,274832,28,0,16 17 9,1,52,,274834,28,,,1,99,,274836,28,0,16 17 9,1,92,,274838,28,,,1,100,,274839,28,0,16 17 9,1
3301,'20261111',1002,,274843,28,,,1,100,,274844,28,,,1,100,,274845,28,,,1,102,,274846,28,,,1,106,,274847,28,,,1,103,,274848,28,,,1,103,,274850,28,,,1,95,,274852,28,0,16 17 9,1,17,,274853,28,,,1,92,,274855,28,,,1,34,,274857,28,0,16 17 9,1,67,,274859,28,0,16 17 9,1,92,,274862,28,,,1,93,,274864,28,0,16 17 9,1,52,,274866,28,,,1,99,,274868,28,0,16 17 9,1,92,,274870,28,,,1,100,,274871,28,0,16 17 9,1
3301,'20261112',1002,,274875,28,,,1,100,,274876,28,,,1,100,,274877,28,,,1,102,,274878,28,,,1,106,,274879,28,,,1,103,,274880,28,,,1,103,,274882,28,,,1,95,,274884,28,0,16 17 9,1,17,,274885,28,,,1,92,,274887,28,,,1,34,,274889,28,0,16 17 9,1,67,,274891,28,0,16 17 9,1,92,,274894,28,,,1,93,,274896,28,0,16 17 9,1,52,,274898,28,,,1,99,,274900,28,0,16 17 9,1,92,,274902,28,,,1,100,,274903,28,0,16 17 9,1
3301,'20261113',1002,,274907,28,,,1,100,,274908,28,,,1,100,,274909,28,,,1,102,,274910,28,,,1,106,,274911,28,,,1,103,,274912,28,,,1,103,,274914,28,,,1,95,,274916,28,0,16 17 9,1,17,,274917,28,,,1,92,,274919,28,,,1,34,,274921,28,0,16 17 9,1,67,,274923,28,0,16 17 9,1,92,,274926,28,,,1,93,,274928,28,0,16 17 9,1,52,,274930,28,,,1,99,,274932,28,0,16 17 9,1,92,,274934,28,,,1,100,,274935,28,0,16 17 9,1
3301,'20261114',957,,274937,9,0,53 17 9,1,143,,274938,28,,,1,100,,274939,9,0,53 17 9,1,103,,274940,28,,,1,97,,274941,9,0,53 17 9,1,100,,274942,28,,,1,100,,274943,9,0,53 17 9,1,100,,274944,28,,,1,158,,274945,28,,,1,200,,274946,28,,,1,199,,274947,28,,,1,202,,274948,28,,,1
3301,'20261115',957,,274949,9,0,53 17 9,1,143,,274950,28,,,1,100,,274951,9,0,53 17 9,1,103,,274952,28,,,1,97,,274953,9,0,53 17 9,1,100,,274954,28,,,1,100,,274955,9,0,53 17 9,1,100,,274956,28,,,1,158,,274957,28,,,1,200,,274958,28,,,1,199,,274959,28,,,1,202,,274960,28,,,1
3301,'20261116',1002,,274963,28,,,1,100,,274964,28,,,1,100,,274965,28,,,1,102,,274966,28,,,1,106,,274967,28,,,1,103,,274968,28,,,1,103,,274970,28,,,1,95,,274972,28,0,16 17 9,1,17,,274973,28,,,1,92,,274975,28,,,1,34,,274977,28,0,16 17 9,1,67,,274979,28,0,16 17 9,1,92,,274982,28,,,1,93,,274984,28,0,16 17 9,1,52,,274986,28,,,1,99,,274988,28,0,16 17 9,1,92,,274990,28,,,1,100,,274991,28,0,16 17 9,1
3301,'20261117',1002,,274995,28,,,1,100,,274996,28,,,1,100,,274997,28,,,1,102,,274998,28,,,1,106,,274999,28,,,1,103,,275000,28,,,1,103,,275002,28,,,1,95,,275004,28,0,16 17 9,1,17,,275005,28,,,1,92,,275007,28,,,1,34,,275009,28,0,16 17 9,1,67,,275011,28,0,16 17 9,1,92,,275014,28,,,1,93,,275016,28,0,16 17 9,1,52,,275018,28,,,1,99,,275020,28,0,16 17 9,1,92,,275022,28,,,1,100,,275023,28,0,16 17 9,1
3301,'20261118',1002,,275027,28,,,1,100,,275028,28,,,1,100,,275029,28,,,1,102,,275030,28,,,1,106,,275031,28,,,1,103,,275032,28,,,1,103,,275034,28,,,1,95,,275036,28,0,16 17 9,1,17,,275037,28,,,1,92,,275039,28,,,1,34,,275041,28,0,16 17 9,1,67,,275043,28,0,16 17 9,1,92,,275046,28,,,1,93,,275048,28,0,16 17 9,1,52,,275050,28,,,1,99,,275052,28,0,16 17 9,1,92,,275054,28,,,1,100,,275055,28,0,16 17 9,1
3301,'20261119',1002,,275059,28,,,1,100,,275060,28,,,1,100,,275061,28,,,1,102,,275062,28,,,1,106,,275063,28,,,1,103,,275064,28,,,1,103,,275066,28,,,1,95,,275068,28,0,16 17 9,1,17,,275069,28,,,1,92,,275071,28,,,1,34,,275073,28,0,16 17 9,1,67,,275075,28,0,16 17 9,1,92,,275078,28,,,1,93,,275080,28,0,16 17 9,1,52,,275082,28,,,1,99,,275084,28,0,16 17 9,1,92,,275086,28,,,1,100,,275087,28,0,16 17 9,1
3301,'20261120',1002,,275091,28,,,1,100,,275092,28,,,1,100,,275093,28,,,1,102,,275094,28,,,1,106,,275095,28,,,1,103,,275096,28,,,1,103,,275098,28,,,1,95,,275100,28,0,16 17 9,1,17,,275101,28,,,1,92,,275103,28,,,1,34,,275105,28,0,16 17 9,1,67,,275107,28,0,16 17 9,1,92,,275110,28,,,1,93,,275112,28,0,16 17 9,1,52,,275114,28,,,1,99,,275116,28,0,16 17 9,1,92,,275118,28,,,1,100,,275119,28,0,16 17 9,1
3301,'20261121',957,,275121,9,0,53 17 9,1,143,,275122,28,,,1,100,,275123,9,0,53 17 9,1,103,,275124,28,,,1,97,,275125,9,0,53 17 9,1,100,,275126,28,,,1,100,,275127,9,0,53 17 9,1,100,,275128,28,,,1,158,,275129,28,,,1,200,,275130,28,,,1,199,,275131,28,,,1,202,,275132,28,,,1
3301,'20261122',957,,275133,9,0,53 17 9,1,143,,275134,28,,,1,100,,275135,9,0,53 17 9,1,103,,275136,28,,,1,97,,275137,9,0,53 17 9,1,100,,275138,28,,,1,100,,275139,9,0,53 17 9,1,100,,275140,28,,,1,158,,275141,28,,,1,200,,275142,28,,,1,199,,275143,28,,,1,202,,275144,28,,,1
3301,'20261123',1002,,275147,28,,,1,100,,275148,28,,,1,100,,275149,28,,,1,102,,275150,28,,,1,106,,275151,28,,,1,103,,275152,28,,,1,103,,275154,28,,,1,95,,275156,28,0,16 17 9,1,17,,275157,28,,,1,92,,275159,28,,,1,34,,275161,28,0,16 17 9,1,67,,275163,28,0,16 17 9,1,92,,275166,28,,,1,93,,275168,28,0,16 17 9,1,52,,275170,28,,,1,99,,275172,28,0,16 17 9,1,92,,275174,28,,,1,100,,275175,28,0,16 17 9,1
3301,'20261124',1002,,275179,28,,,1,100,,275180,28,,,1,100,,275181,28,,,1,102,,275182,28,,,1,106,,275183,28,,,1,103,,275184,28,,,1,103,,275186,28,,,1,95,,275188,28,0,16 17 9,1,17,,275189,28,,,1,92,,275191,28,,,1,34,,275193,28,0,16 17 9,1,67,,275195,28,0,16 17 9,1,92,,275198,28,,,1,93,,275200,28,0,16 17 9,1,52,,275202,28,,,1,99,,275204,28,0,16 17 9,1,92,,275206,28,,,1,100,,275207,28,0,16 17 9,1
3301,'20261125',1002,,275211,28,,,1,100,,275212,28,,,1,100,,275213,28,,,1,102,,275214,28,,,1,106,,275215,28,,,1,103,,275216,28,,,1,103,,275218,28,,,1,95,,275220,28,0,16 17 9,1,17,,275221,28,,,1,92,,275223,28,,,1,34,,275225,28,0,16 17 9,1,67,,275227,28,0,16 17 9,1,92,,275230,28,,,1,93,,275232,28,0,16 17 9,1,52,,275234,28,,,1,99,,275236,28,0,16 17 9,1,92,,275238,28,,,1,100,,275239,28,0,16 17 9,1
3301,'20261126',1002,,275243,28,,,1,100,,275244,28,,,1,100,,275245,28,,,1,102,,275246,28,,,1,106,,275247,28,,,1,103,,275248,28,,,1,103,,275250,28,,,1,95,,275252,28,0,16 17 9,1,17,,275253,28,,,1,92,,275255,28,,,1,34,,275257,28,0,16 17 9,1,67,,275259,28,0,16 17 9,1,92,,275262,28,,,1,93,,275264,28,0,16 17 9,1,52,,275266,28,,,1,99,,275268,28,0,16 17 9,1,92,,275270,28,,,1,100,,275271,28,0,16 17 9,1
3301,'20261127',1002,,275275,28,,,1,100,,275276,28,,,1,100,,275277,28,,,1,102,,275278,28,,,1,106,,275279,28,,,1,103,,275280,28,,,1,103,,275282,28,,,1,95,,275284,28,0,16 17 9,1,17,,275285,28,,,1,92,,275287,28,,,1,34,,275289,28,0,16 17 9,1,67,,275291,28,0,16 17 9,1,92,,275294,28,,,1,93,,275296,28,0,16 17 9,1,52,,275298,28,,,1,99,,275300,28,0,16 17 9,1,92,,275302,28,,,1,100,,275303,28,0,16 17 9,1
