1100,'20260831',901,,120393,1,,,1,100,,120394,1,,,1,200,,120395,1,,,1,201,,120396,1,,,1,151,,120397,1,,,1,102,,120398,1,,,1,145,,120399,1,,,1,205,,120400,1,,,1
1100,'20260901',901,,120401,1,,,1,100,,120402,1,,,1,200,,120403,1,,,1,201,,120404,1,,,1,151,,120405,1,,,1,102,,120406,1,,,1,145,,120407,1,,,1,205,,120408,1,,,1
1100,'20260902',901,,120409,1,,,1,100,,120410,1,,,1,200,,120411,1,,,1,201,,120412,1,,,1,151,,120413,1,,,1,102,,120414,1,,,1,145,,120415,1,,,1,205,,120416,1,,,1
1100,'20260903',901,,120417,1,,,1,100,,120418,1,,,1,200,,120419,1,,,1,201,,120420,1,,,1,151,,120421,1,,,1,102,,120422,1,,,1,145,,120423,1,,,1,205,,120424,1,,,1
1100,'20260904',901,,120425,1,,,1,100,,120426,1,,,1,200,,120427,1,,,1,201,,120428,1,,,1,151,,120429,1,,,1,102,,120430,1,,,1,145,,120431,1,,,1,205,,120432,1,,,1
1100,'20260908',901,,220571,1,,,1,100,,220572,1,,,1,200,,220573,1,,,1,201,,220574,1,,,1,151,,220575,1,,,1,102,,220576,1,,,1,145,,220577,1,,,1,205,,220578,1,,,1
1100,'20260909',901,,220579,1,,,1,100,,220580,1,,,1,200,,220581,1,,,1,201,,220582,1,,,1,151,,220583,1,,,1,102,,220584,1,,,1,145,,220585,1,,,1,205,,220586,1,,,1
1100,'20260910',901,,220587,1,,,1,100,,220588,1,,,1,200,,220589,1,,,1,201,,220590,1,,,1,151,,220591,1,,,1,102,,220592,1,,,1,145,,220593,1,,,1,205,,220594,1,,,1
1100,'20260911',901,,220595,1,,,1,100,,220596,1,,,1,200,,220597,1,,,1,201,,220598,1,,,1,151,,220599,1,,,1,102,,220600,1,,,1,145,,220601,1,,,1,205,,220602,1,,,1
1100,'20260914',901,,220603,1,,,1,100,,220604,1,,,1,200,,220605,1,,,1,201,,220606,1,,,1,151,,220607,1,,,1,102,,220608,1,,,1,145,,220609,1,,,1,205,,220610,1,,,1
1100,'20260915',901,,220611,1,,,1,100,,220612,1,,,1,200,,220613,1,,,1,201,,220614,1,,,1,151,,220615,1,,,1,102,,220616,1,,,1,145,,220617,1,,,1,205,,220618,1,,,1
1100,'20260916',901,,220619,1,,,1,100,,220620,1,,,1,200,,220621,1,,,1,201,,220622,1,,,1,151,,220623,1,,,1,102,,220624,1,,,1,145,,220625,1,,,1,205,,220626,1,,,1
1100,'20260917',901,,220627,1,,,1,100,,220628,1,,,1,200,,220629,1,,,1,201,,220630,1,,,1,151,,220631,1,,,1,102,,220632,1,,,1,145,,220633,1,,,1,205,,220634,1,,,1
1100,'20260918',901,,220635,1,,,1,100,,220636,1,,,1,200,,220637,1,,,1,201,,220638,1,,,1,151,,220639,1,,,1,102,,220640,1,,,1,145,,220641,1,,,1,205,,220642,1,,,1
1100,'20260921',901,,220643,1,,,1,100,,220644,1,,,1,200,,220645,1,,,1,201,,220646,1,,,1,151,,220647,1,,,1,102,,220648,1,,,1,145,,220649,1,,,1,205,,220650,1,,,1
1100,'20260922',901,,220651,1,,,1,100,,220652,1,,,1,200,,220653,1,,,1,201,,220654,1,,,1,151,,220655,1,,,1,102,,220656,1,,,1,145,,220657,1,,,1,205,,220658,1,,,1
1100,'20260923',901,,220659,1,,,1,100,,220660,1,,,1,200,,220661,1,,,1,201,,220662,1,,,1,151,,220663,1,,,1,102,,220664,1,,,1,145,,220665,1,,,1,205,,220666,1,,,1
1100,'20260924',901,,220667,1,,,1,100,,220668,1,,,1,200,,220669,1,,,1,201,,220670,1,,,1,151,,220671,1,,,1,102,,220672,1,,,1,145,,220673,1,,,1,205,,220674,1,,,1
1100,'20260925',901,,220675,1,,,1,100,,220676,1,,,1,200,,220677,1,,,1,201,,220678,1,,,1,151,,220679,1,,,1,102,,220680,1,,,1,145,,220681,1,,,1,205,,220682,1,,,1
1100,'20260928',901,,220683,1,,,1,100,,220684,1,,,1,200,,220685,1,,,1,201,,220686,1,,,1,151,,220687,1,,,1,102,,220688,1,,,1,145,,220689,1,,,1,205,,220690,1,,,1
1100,'20260929',901,,220691,1,,,1,100,,220692,1,,,1,200,,220693,1,,,1,201,,220694,1,,,1,151,,220695,1,,,1,102,,220696,1,,,1,145,,220697,1,,,1,205,,220698,1,,,1
1100,'20260930',901,,220699,1,,,1,100,,220700,1,,,1,200,,220701,1,,,1,201,,220702,1,,,1,151,,220703,1,,,1,102,,220704,1,,,1,145,,220705,1,,,1,205,,220706,1,,,1
1100,'20261001',901,,220707,1,,,1,100,,220708,1,,,1,200,,220709,1,,,1,201,,220710,1,,,1,151,,220711,1,,,1,102,,220712,1,,,1,145,,220713,1,,,1,205,,220714,1,,,1
1100,'20261002',901,,220715,1,,,1,100,,220716,1,,,1,200,,220717,1,,,1,201,,220718,1,,,1,151,,220719,1,,,1,102,,220720,1,,,1,145,,220721,1,,,1,205,,220722,1,,,1
1100,'20261005',901,,220723,1,,,1,100,,220724,1,,,1,200,,220725,1,,,1,201,,220726,1,,,1,151,,220727,1,,,1,102,,220728,1,,,1,145,,220729,1,,,1,205,,220730,1,,,1
1100,'20261006',901,,220731,1,,,1,100,,220732,1,,,1,200,,220733,1,,,1,201,,220734,1,,,1,151,,220735,1,,,1,102,,220736,1,,,1,145,,220737,1,,,1,205,,220738,1,,,1
1100,'20261007',901,,220739,1,,,1,100,,220740,1,,,1,200,,220741,1,,,1,201,,220742,1,,,1,151,,220743,1,,,1,102,,220744,1,,,1,145,,220745,1,,,1,205,,220746,1,,,1
1100,'20261008',901,,220747,1,,,1,100,,220748,1,,,1,200,,220749,1,,,1,201,,220750,1,,,1,151,,220751,1,,,1,102,,220752,1,,,1,145,,220753,1,,,1,205,,220754,1,,,1
1100,'20261009',901,,220755,1,,,1,100,,220756,1,,,1,200,,220757,1,,,1,201,,220758,1,,,1,151,,220759,1,,,1,102,,220760,1,,,1,145,,220761,1,,,1,205,,220762,1,,,1
1100,'20261013',901,,220763,1,,,1,100,,220764,1,,,1,200,,220765,1,,,1,201,,220766,1,,,1,151,,220767,1,,,1,102,,220768,1,,,1,145,,220769,1,,,1,205,,220770,1,,,1
1100,'20261014',901,,220771,1,,,1,100,,220772,1,,,1,200,,220773,1,,,1,201,,220774,1,,,1,151,,220775,1,,,1,102,,220776,1,,,1,145,,220777,1,,,1,205,,220778,1,,,1
1100,'20261015',901,,220779,1,,,1,100,,220780,1,,,1,200,,220781,1,,,1,201,,220782,1,,,1,151,,220783,1,,,1,102,,220784,1,,,1,145,,220785,1,,,1,205,,220786,1,,,1
1100,'20261016',901,,220787,1,,,1,100,,220788,1,,,1,200,,220789,1,,,1,201,,220790,1,,,1,151,,220791,1,,,1,102,,220792,1,,,1,145,,220793,1,,,1,205,,220794,1,,,1
1100,'20261019',901,,220795,1,,,1,100,,220796,1,,,1,200,,220797,1,,,1,201,,220798,1,,,1,151,,220799,1,,,1,102,,220800,1,,,1,145,,220801,1,,,1,205,,220802,1,,,1
1100,'20261020',901,,220803,1,,,1,100,,220804,1,,,1,200,,220805,1,,,1,201,,220806,1,,,1,151,,220807,1,,,1,102,,220808,1,,,1,145,,220809,1,,,1,205,,220810,1,,,1
1100,'20261021',901,,220811,1,,,1,100,,220812,1,,,1,200,,220813,1,,,1,201,,220814,1,,,1,151,,220815,1,,,1,102,,220816,1,,,1,145,,220817,1,,,1,205,,220818,1,,,1
1100,'20261022',901,,220819,1,,,1,100,,220820,1,,,1,200,,220821,1,,,1,201,,220822,1,,,1,151,,220823,1,,,1,102,,220824,1,,,1,145,,220825,1,,,1,205,,220826,1,,,1
1100,'20261023',901,,220827,1,,,1,100,,220828,1,,,1,200,,220829,1,,,1,201,,220830,1,,,1,151,,220831,1,,,1,102,,220832,1,,,1,145,,220833,1,,,1,205,,220834,1,,,1
1100,'20261026',901,,220835,1,,,1,100,,220836,1,,,1,200,,220837,1,,,1,201,,220838,1,,,1,151,,220839,1,,,1,102,,220840,1,,,1,145,,220841,1,,,1,205,,220842,1,,,1
1100,'20261027',901,,220843,1,,,1,100,,220844,1,,,1,200,,220845,1,,,1,201,,220846,1,,,1,151,,220847,1,,,1,102,,220848,1,,,1,145,,220849,1,,,1,205,,220850,1,,,1
1100,'20261028',901,,220851,1,,,1,100,,220852,1,,,1,200,,220853,1,,,1,201,,220854,1,,,1,151,,220855,1,,,1,102,,220856,1,,,1,145,,220857,1,,,1,205,,220858,1,,,1
1100,'20261029',901,,220859,1,,,1,100,,220860,1,,,1,200,,220861,1,,,1,201,,220862,1,,,1,151,,220863,1,,,1,102,,220864,1,,,1,145,,220865,1,,,1,205,,220866,1,,,1
1100,'20261030',901,,220867,1,,,1,100,,220868,1,,,1,200,,220869,1,,,1,201,,220870,1,,,1,151,,220871,1,,,1,102,,220872,1,,,1,145,,220873,1,,,1,205,,220874,1,,,1
1100,'20261102',901,,220875,1,,,1,100,,220876,1,,,1,200,,220877,1,,,1,201,,220878,1,,,1,151,,220879,1,,,1,102,,220880,1,,,1,145,,220881,1,,,1,205,,220882,1,,,1
1100,'20261103',901,,220883,1,,,1,100,,220884,1,,,1,200,,220885,1,,,1,201,,220886,1,,,1,151,,220887,1,,,1,102,,220888,1,,,1,145,,220889,1,,,1,205,,220890,1,,,1
1100,'20261104',901,,220891,1,,,1,100,,220892,1,,,1,200,,220893,1,,,1,201,,220894,1,,,1,151,,220895,1,,,1,102,,220896,1,,,1,145,,220897,1,,,1,205,,220898,1,,,1
1100,'20261105',901,,220899,1,,,1,100,,220900,1,,,1,200,,220901,1,,,1,201,,220902,1,,,1,151,,220903,1,,,1,102,,220904,1,,,1,145,,220905,1,,,1,205,,220906,1,,,1
1100,'20261106',901,,220907,1,,,1,100,,220908,1,,,1,200,,220909,1,,,1,201,,220910,1,,,1,151,,220911,1,,,1,102,,220912,1,,,1,145,,220913,1,,,1,205,,220914,1,,,1
1100,'20261109',901,,220915,1,,,1,100,,220916,1,,,1,200,,220917,1,,,1,201,,220918,1,,,1,151,,220919,1,,,1,102,,220920,1,,,1,145,,220921,1,,,1,205,,220922,1,,,1
1100,'20261110',901,,220923,1,,,1,100,,220924,1,,,1,200,,220925,1,,,1,201,,220926,1,,,1,151,,220927,1,,,1,102,,220928,1,,,1,145,,220929,1,,,1,205,,220930,1,,,1
1100,'20261111',901,,220931,1,,,1,100,,220932,1,,,1,200,,220933,1,,,1,201,,220934,1,,,1,151,,220935,1,,,1,102,,220936,1,,,1,145,,220937,1,,,1,205,,220938,1,,,1
1100,'20261112',901,,220939,1,,,1,100,,220940,1,,,1,200,,220941,1,,,1,201,,220942,1,,,1,151,,220943,1,,,1,102,,220944,1,,,1,145,,220945,1,,,1,205,,220946,1,,,1
1100,'20261113',901,,220947,1,,,1,100,,220948,1,,,1,200,,220949,1,,,1,201,,220950,1,,,1,151,,220951,1,,,1,102,,220952,1,,,1,145,,220953,1,,,1,205,,220954,1,,,1
1100,'20261116',901,,220955,1,,,1,100,,220956,1,,,1,200,,220957,1,,,1,201,,220958,1,,,1,151,,220959,1,,,1,102,,220960,1,,,1,145,,220961,1,,,1,205,,220962,1,,,1
1100,'20261117',901,,220963,1,,,1,100,,220964,1,,,1,200,,220965,1,,,1,201,,220966,1,,,1,151,,220967,1,,,1,102,,220968,1,,,1,145,,220969,1,,,1,205,,220970,1,,,1
1100,'20261118',901,,220971,1,,,1,100,,220972,1,,,1,200,,220973,1,,,1,201,,220974,1,,,1,151,,220975,1,,,1,102,,220976,1,,,1,145,,220977,1,,,1,205,,220978,1,,,1
1100,'20261119',901,,220979,1,,,1,100,,220980,1,,,1,200,,220981,1,,,1,201,,220982,1,,,1,151,,220983,1,,,1,102,,220984,1,,,1,145,,220985,1,,,1,205,,220986,1,,,1
1100,'20261120',901,,220987,1,,,1,100,,220988,1,,,1,200,,220989,1,,,1,201,,220990,1,,,1,151,,220991,1,,,1,102,,220992,1,,,1,145,,220993,1,,,1,205,,220994,1,,,1
1100,'20261123',901,,220995,1,,,1,100,,220996,1,,,1,200,,220997,1,,,1,201,,220998,1,,,1,151,,220999,1,,,1,102,,221000,1,,,1,145,,221001,1,,,1,205,,221002,1,,,1
1100,'20261124',901,,221003,1,,,1,100,,221004,1,,,1,200,,221005,1,,,1,201,,221006,1,,,1,151,,221007,1,,,1,102,,221008,1,,,1,145,,221009,1,,,1,205,,221010,1,,,1
1100,'20261125',901,,221011,1,,,1,100,,221012,1,,,1,200,,221013,1,,,1,201,,221014,1,,,1,151,,221015,1,,,1,102,,221016,1,,,1,145,,221017,1,,,1,205,,221018,1,,,1
1100,'20261126',901,,221019,1,,,1,100,,221020,1,,,1,200,,221021,1,,,1,201,,221022,1,,,1,151,,221023,1,,,1,102,,221024,1,,,1,145,,221025,1,,,1,205,,221026,1,,,1
1100,'20261127',901,,221027,1,,,1,100,,221028,1,,,1,200,,221029,1,,,1,201,,221030,1,,,1,151,,221031,1,,,1,102,,221032,1,,,1,145,,221033,1,,,1,205,,221034,1,,,1
1101,'20260831',757,,120857,16,4,,1,159,,120858,16,4,,1,208,,120859,16,4,,1,203,,120860,16,4,,1,195,,120861,16,4,,1,105,,120862,16,4,,1,105,,120863,16,4,,1,204,,120864,16,4,,1
1101,'20260901',757,,120865,16,4,,1,159,,120866,16,4,,1,208,,120867,16,4,,1,203,,120868,16,4,,1,195,,120869,16,4,,1,105,,120870,16,4,,1,105,,120871,16,4,,1,204,,120872,16,4,,1
1101,'20260902',757,,120873,16,4,,1,159,,120874,16,4,,1,208,,120875,16,4,,1,203,,120876,16,4,,1,195,,120877,16,4,,1,105,,120878,16,4,,1,105,,120879,16,4,,1,204,,120880,16,4,,1
1101,'20260903',757,,120881,16,4,,1,159,,120882,16,4,,1,208,,120883,16,4,,1,203,,120884,16,4,,1,195,,120885,16,4,,1,105,,120886,16,4,,1,105,,120887,16,4,,1,204,,120888,16,4,,1
1101,'20260904',757,,120889,16,4,,1,159,,120890,16,4,,1,208,,120891,16,4,,1,203,,120892,16,4,,1,195,,120893,16,4,,1,105,,120894,16,4,,1,105,,120895,16,4,,1,204,,120896,16,4,,1
1101,'20260908',757,,221035,16,4,,1,159,,221036,16,4,,1,208,,221037,16,4,,1,200,,221038,16,4,,1,195,,221039,16,4,,1,105,,221040,16,4,,1,105,,221041,16,4,,1,204,,221042,16,4,,1
1101,'20260909',757,,221043,16,4,,1,159,,221044,16,4,,1,208,,221045,16,4,,1,200,,221046,16,4,,1,195,,221047,16,4,,1,105,,221048,16,4,,1,105,,221049,16,4,,1,204,,221050,16,4,,1
1101,'20260910',757,,221051,16,4,,1,159,,221052,16,4,,1,208,,221053,16,4,,1,200,,221054,16,4,,1,195,,221055,16,4,,1,105,,221056,16,4,,1,105,,221057,16,4,,1,204,,221058,16,4,,1
1101,'20260911',757,,221059,16,4,,1,159,,221060,16,4,,1,208,,221061,16,4,,1,200,,221062,16,4,,1,195,,221063,16,4,,1,105,,221064,16,4,,1,105,,221065,16,4,,1,204,,221066,16,4,,1
1101,'20260914',757,,221067,16,4,,1,159,,221068,16,4,,1,208,,221069,16,4,,1,200,,221070,16,4,,1,195,,221071,16,4,,1,105,,221072,16,4,,1,105,,221073,16,4,,1,204,,221074,16,4,,1
1101,'20260915',757,,221075,16,4,,1,159,,221076,16,4,,1,208,,221077,16,4,,1,200,,221078,16,4,,1,195,,221079,16,4,,1,105,,221080,16,4,,1,105,,221081,16,4,,1,204,,221082,16,4,,1
1101,'20260916',757,,221083,16,4,,1,159,,221084,16,4,,1,208,,221085,16,4,,1,200,,221086,16,4,,1,195,,221087,16,4,,1,105,,221088,16,4,,1,105,,221089,16,4,,1,204,,221090,16,4,,1
1101,'20260917',757,,221091,16,4,,1,159,,221092,16,4,,1,208,,221093,16,4,,1,200,,221094,16,4,,1,195,,221095,16,4,,1,105,,221096,16,4,,1,105,,221097,16,4,,1,204,,221098,16,4,,1
1101,'20260918',757,,221099,16,4,,1,159,,221100,16,4,,1,208,,221101,16,4,,1,200,,221102,16,4,,1,195,,221103,16,4,,1,105,,221104,16,4,,1,105,,221105,16,4,,1,204,,221106,16,4,,1
1101,'20260921',757,,221107,16,4,,1,159,,221108,16,4,,1,208,,221109,16,4,,1,200,,221110,16,4,,1,195,,221111,16,4,,1,105,,221112,16,4,,1,105,,221113,16,4,,1,204,,221114,16,4,,1
1101,'20260922',757,,221115,16,4,,1,159,,221116,16,4,,1,208,,221117,16,4,,1,200,,221118,16,4,,1,195,,221119,16,4,,1,105,,221120,16,4,,1,105,,221121,16,4,,1,204,,221122,16,4,,1
1101,'20260923',757,,221123,16,4,,1,159,,221124,16,4,,1,208,,221125,16,4,,1,200,,221126,16,4,,1,195,,221127,16,4,,1,105,,221128,16,4,,1,105,,221129,16,4,,1,204,,221130,16,4,,1
1101,'20260924',757,,221131,16,4,,1,159,,221132,16,4,,1,208,,221133,16,4,,1,200,,221134,16,4,,1,195,,221135,16,4,,1,105,,221136,16,4,,1,105,,221137,16,4,,1,204,,221138,16,4,,1
1101,'20260925',757,,221139,16,4,,1,159,,221140,16,4,,1,208,,221141,16,4,,1,200,,221142,16,4,,1,195,,221143,16,4,,1,105,,221144,16,4,,1,105,,221145,16,4,,1,204,,221146,16,4,,1
1101,'20260928',757,,221147,16,4,,1,159,,221148,16,4,,1,208,,221149,16,4,,1,200,,221150,16,4,,1,195,,221151,16,4,,1,105,,221152,16,4,,1,105,,221153,16,4,,1,204,,221154,16,4,,1
1101,'20260929',757,,221155,16,4,,1,159,,221156,16,4,,1,208,,221157,16,4,,1,200,,221158,16,4,,1,195,,221159,16,4,,1,105,,221160,16,4,,1,105,,221161,16,4,,1,204,,221162,16,4,,1
1101,'20260930',757,,221163,16,4,,1,159,,221164,16,4,,1,208,,221165,16,4,,1,200,,221166,16,4,,1,195,,221167,16,4,,1,105,,221168,16,4,,1,105,,221169,16,4,,1,204,,221170,16,4,,1
1101,'20261001',757,,221171,16,4,,1,159,,221172,16,4,,1,208,,221173,16,4,,1,200,,221174,16,4,,1,195,,221175,16,4,,1,105,,221176,16,4,,1,105,,221177,16,4,,1,204,,221178,16,4,,1
1101,'20261002',757,,221179,16,4,,1,159,,221180,16,4,,1,208,,221181,16,4,,1,200,,221182,16,4,,1,195,,221183,16,4,,1,105,,221184,16,4,,1,105,,221185,16,4,,1,204,,221186,16,4,,1
1101,'20261005',757,,221187,16,4,,1,159,,221188,16,4,,1,208,,221189,16,4,,1,200,,221190,16,4,,1,195,,221191,16,4,,1,105,,221192,16,4,,1,105,,221193,16,4,,1,204,,221194,16,4,,1
1101,'20261006',757,,221195,16,4,,1,159,,221196,16,4,,1,208,,221197,16,4,,1,200,,221198,16,4,,1,195,,221199,16,4,,1,105,,221200,16,4,,1,105,,221201,16,4,,1,204,,221202,16,4,,1
1101,'20261007',757,,221203,16,4,,1,159,,221204,16,4,,1,208,,221205,16,4,,1,200,,221206,16,4,,1,195,,221207,16,4,,1,105,,221208,16,4,,1,105,,221209,16,4,,1,204,,221210,16,4,,1
1101,'20261008',757,,221211,16,4,,1,159,,221212,16,4,,1,208,,221213,16,4,,1,200,,221214,16,4,,1,195,,221215,16,4,,1,105,,221216,16,4,,1,105,,221217,16,4,,1,204,,221218,16,4,,1
1101,'20261009',757,,221219,16,4,,1,159,,221220,16,4,,1,208,,221221,16,4,,1,200,,221222,16,4,,1,195,,221223,16,4,,1,105,,221224,16,4,,1,105,,221225,16,4,,1,204,,221226,16,4,,1
1101,'20261013',757,,221227,16,4,,1,159,,221228,16,4,,1,208,,221229,16,4,,1,200,,221230,16,4,,1,195,,221231,16,4,,1,105,,221232,16,4,,1,105,,221233,16,4,,1,204,,221234,16,4,,1
1101,'20261014',757,,221235,16,4,,1,159,,221236,16,4,,1,208,,221237,16,4,,1,200,,221238,16,4,,1,195,,221239,16,4,,1,105,,221240,16,4,,1,105,,221241,16,4,,1,204,,221242,16,4,,1
1101,'20261015',757,,221243,16,4,,1,159,,221244,16,4,,1,208,,221245,16,4,,1,200,,221246,16,4,,1,195,,221247,16,4,,1,105,,221248,16,4,,1,105,,221249,16,4,,1,204,,221250,16,4,,1
1101,'20261016',757,,221251,16,4,,1,159,,221252,16,4,,1,208,,221253,16,4,,1,200,,221254,16,4,,1,195,,221255,16,4,,1,105,,221256,16,4,,1,105,,221257,16,4,,1,204,,221258,16,4,,1
1101,'20261019',757,,221259,16,4,,1,159,,221260,16,4,,1,208,,221261,16,4,,1,200,,221262,16,4,,1,195,,221263,16,4,,1,105,,221264,16,4,,1,105,,221265,16,4,,1,204,,221266,16,4,,1
1101,'20261020',757,,221267,16,4,,1,159,,221268,16,4,,1,208,,221269,16,4,,1,200,,221270,16,4,,1,195,,221271,16,4,,1,105,,221272,16,4,,1,105,,221273,16,4,,1,204,,221274,16,4,,1
1101,'20261021',757,,221275,16,4,,1,159,,221276,16,4,,1,208,,221277,16,4,,1,200,,221278,16,4,,1,195,,221279,16,4,,1,105,,221280,16,4,,1,105,,221281,16,4,,1,204,,221282,16,4,,1
1101,'20261022',757,,221283,16,4,,1,159,,221284,16,4,,1,208,,221285,16,4,,1,200,,221286,16,4,,1,195,,221287,16,4,,1,105,,221288,16,4,,1,105,,221289,16,4,,1,204,,221290,16,4,,1
1101,'20261023',757,,221291,16,4,,1,159,,221292,16,4,,1,208,,221293,16,4,,1,200,,221294,16,4,,1,195,,221295,16,4,,1,105,,221296,16,4,,1,105,,221297,16,4,,1,204,,221298,16,4,,1
1101,'20261026',757,,221299,16,4,,1,159,,221300,16,4,,1,208,,221301,16,4,,1,200,,221302,16,4,,1,195,,221303,16,4,,1,105,,221304,16,4,,1,105,,221305,16,4,,1,204,,221306,16,4,,1
1101,'20261027',757,,221307,16,4,,1,159,,221308,16,4,,1,208,,221309,16,4,,1,200,,221310,16,4,,1,195,,221311,16,4,,1,105,,221312,16,4,,1,105,,221313,16,4,,1,204,,221314,16,4,,1
1101,'20261028',757,,221315,16,4,,1,159,,221316,16,4,,1,208,,221317,16,4,,1,200,,221318,16,4,,1,195,,221319,16,4,,1,105,,221320,16,4,,1,105,,221321,16,4,,1,204,,221322,16,4,,1
1101,'20261029',757,,221323,16,4,,1,159,,221324,16,4,,1,208,,221325,16,4,,1,200,,221326,16,4,,1,195,,221327,16,4,,1,105,,221328,16,4,,1,105,,221329,16,4,,1,204,,221330,16,4,,1
1101,'20261030',757,,221331,16,4,,1,159,,221332,16,4,,1,208,,221333,16,4,,1,200,,221334,16,4,,1,195,,221335,16,4,,1,105,,221336,16,4,,1,105,,221337,16,4,,1,204,,221338,16,4,,1
1101,'20261102',757,,221339,16,4,,1,159,,221340,16,4,,1,208,,221341,16,4,,1,200,,221342,16,4,,1,195,,221343,16,4,,1,105,,221344,16,4,,1,105,,221345,16,4,,1,204,,221346,16,4,,1
1101,'20261103',757,,221347,16,4,,1,159,,221348,16,4,,1,208,,221349,16,4,,1,200,,221350,16,4,,1,195,,221351,16,4,,1,105,,221352,16,4,,1,105,,221353,16,4,,1,204,,221354,16,4,,1
1101,'20261104',757,,221355,16,4,,1,159,,221356,16,4,,1,208,,221357,16,4,,1,200,,221358,16,4,,1,195,,221359,16,4,,1,105,,221360,16,4,,1,105,,221361,16,4,,1,204,,221362,16,4,,1
1101,'20261105',757,,221363,16,4,,1,159,,221364,16,4,,1,208,,221365,16,4,,1,200,,221366,16,4,,1,195,,221367,16,4,,1,105,,221368,16,4,,1,105,,221369,16,4,,1,204,,221370,16,4,,1
1101,'20261106',757,,221371,16,4,,1,159,,221372,16,4,,1,208,,221373,16,4,,1,200,,221374,16,4,,1,195,,221375,16,4,,1,105,,221376,16,4,,1,105,,221377,16,4,,1,204,,221378,16,4,,1
1101,'20261109',757,,221379,16,4,,1,159,,221380,16,4,,1,208,,221381,16,4,,1,200,,221382,16,4,,1,195,,221383,16,4,,1,105,,221384,16,4,,1,105,,221385,16,4,,1,204,,221386,16,4,,1
1101,'20261110',757,,221387,16,4,,1,159,,221388,16,4,,1,208,,221389,16,4,,1,200,,221390,16,4,,1,195,,221391,16,4,,1,105,,221392,16,4,,1,105,,221393,16,4,,1,204,,221394,16,4,,1
1101,'20261111',757,,221395,16,4,,1,159,,221396,16,4,,1,208,,221397,16,4,,1,200,,221398,16,4,,1,195,,221399,16,4,,1,105,,221400,16,4,,1,105,,221401,16,4,,1,204,,221402,16,4,,1
1101,'20261112',757,,221403,16,4,,1,159,,221404,16,4,,1,208,,221405,16,4,,1,200,,221406,16,4,,1,195,,221407,16,4,,1,105,,221408,16,4,,1,105,,221409,16,4,,1,204,,221410,16,4,,1
1101,'20261113',757,,221411,16,4,,1,159,,221412,16,4,,1,208,,221413,16,4,,1,200,,221414,16,4,,1,195,,221415,16,4,,1,105,,221416,16,4,,1,105,,221417,16,4,,1,204,,221418,16,4,,1
1101,'20261116',757,,221419,16,4,,1,159,,221420,16,4,,1,208,,221421,16,4,,1,200,,221422,16,4,,1,195,,221423,16,4,,1,105,,221424,16,4,,1,105,,221425,16,4,,1,204,,221426,16,4,,1
1101,'20261117',757,,221427,16,4,,1,159,,221428,16,4,,1,208,,221429,16,4,,1,200,,221430,16,4,,1,195,,221431,16,4,,1,105,,221432,16,4,,1,105,,221433,16,4,,1,204,,221434,16,4,,1
1101,'20261118',757,,221435,16,4,,1,159,,221436,16,4,,1,208,,221437,16,4,,1,200,,221438,16,4,,1,195,,221439,16,4,,1,105,,221440,16,4,,1,105,,221441,16,4,,1,204,,221442,16,4,,1
1101,'20261119',757,,221443,16,4,,1,159,,221444,16,4,,1,208,,221445,16,4,,1,200,,221446,16,4,,1,195,,221447,16,4,,1,105,,221448,16,4,,1,105,,221449,16,4,,1,204,,221450,16,4,,1
1101,'20261120',757,,221451,16,4,,1,159,,221452,16,4,,1,208,,221453,16,4,,1,200,,221454,16,4,,1,195,,221455,16,4,,1,105,,221456,16,4,,1,105,,221457,16,4,,1,204,,221458,16,4,,1
1101,'20261123',757,,221459,16,4,,1,159,,221460,16,4,,1,208,,221461,16,4,,1,200,,221462,16,4,,1,195,,221463,16,4,,1,105,,221464,16,4,,1,105,,221465,16,4,,1,204,,221466,16,4,,1
1101,'20261124',757,,221467,16,4,,1,159,,221468,16,4,,1,208,,221469,16,4,,1,200,,221470,16,4,,1,195,,221471,16,4,,1,105,,221472,16,4,,1,105,,221473,16,4,,1,204,,221474,16,4,,1
1101,'20261125',757,,221475,16,4,,1,159,,221476,16,4,,1,208,,221477,16,4,,1,200,,221478,16,4,,1,195,,221479,16,4,,1,105,,221480,16,4,,1,105,,221481,16,4,,1,204,,221482,16,4,,1
1101,'20261126',757,,221483,16,4,,1,159,,221484,16,4,,1,208,,221485,16,4,,1,200,,221486,16,4,,1,195,,221487,16,4,,1,105,,221488,16,4,,1,105,,221489,16,4,,1,204,,221490,16,4,,1
1101,'20261127',757,,221491,16,4,,1,159,,221492,16,4,,1,208,,221493,16,4,,1,200,,221494,16,4,,1,195,,221495,16,4,,1,105,,221496,16,4,,1,105,,221497,16,4,,1,204,,221498,16,4,,1
