4101,'20260831',502,,191565,2,,,1,55,,191567,2,,,1,65,,191568,2,,,1,35,,191569,2,,,1,70,,191570,2,,,1,30,,191571,2,,,1,70,,191572,2,,,1,75,,191573,2,,,1,35,,191574,2,,,1,75,,191575,2,,,1,35,,191576,2,,,1,70,,191578,2,,,1,5,,191577,2,0,7 40 41,1,25,,191580,2,,,1,5,,191579,2,0,7 40 41,1,65,,191581,2,0,7 40 41,1,20,,191584,2,,,1,5,,191583,2,0,7 40 41,1,15,,191585,2,,,1,65,,191586,2,0,7 40 41,1,30,,191589,2,,,1,50,,191588,2,0,7 40 41,1,30,,191591,2,0,7 40 41,1,25,,191595,2,,,1,45,,191594,2,0,7 40 41,1,25,,191598,2,,,1,10,,191596,2,0,7 40 41,1,65,,191602,2,,,1,5,,191601,2,0,7 40 41,1,30,,191606,2,,,1,5,,191605,2,0,7 40 41,1,65,,191609,2,,,1,5,,191608,2,0,7 40 41,1,25,,191611,2,,,1,5,,191610,2,0,7 40 41,1,75,,191613,2,,,1,5,,191612,2,0,7 40 41,1,35,,191615,2,,,1,45,,191614,2,0,7 40 41,1,20,,191616,2,,,1,30,,191617,2,,,1,70,,191618,2,,,1,100,,191619,2,,,1,90,,191620,2,,,1
4101,'20260901',502,,191621,2,,,1,55,,191623,2,,,1,65,,191624,2,,,1,35,,191625,2,,,1,70,,191626,2,,,1,30,,191627,2,,,1,70,,191628,2,,,1,75,,191629,2,,,1,35,,191630,2,,,1,75,,191631,2,,,1,35,,191632,2,,,1,70,,191634,2,,,1,5,,191633,2,0,7 40 41,1,25,,191636,2,,,1,5,,191635,2,0,7 40 41,1,65,,191637,2,0,7 40 41,1,20,,191640,2,,,1,5,,191639,2,0,7 40 41,1,15,,191641,2,,,1,65,,191642,2,0,7 40 41,1,30,,191645,2,,,1,50,,191644,2,0,7 40 41,1,30,,191647,2,0,7 40 41,1,25,,191651,2,,,1,45,,191650,2,0,7 40 41,1,25,,191654,2,,,1,10,,191652,2,0,7 40 41,1,65,,191658,2,,,1,5,,191657,2,0,7 40 41,1,30,,191662,2,,,1,5,,191661,2,0,7 40 41,1,65,,191665,2,,,1,5,,191664,2,0,7 40 41,1,25,,191667,2,,,1,5,,191666,2,0,7 40 41,1,75,,191669,2,,,1,5,,191668,2,0,7 40 41,1,35,,191671,2,,,1,45,,191670,2,0,7 40 41,1,20,,191672,2,,,1,30,,191673,2,,,1,70,,191674,2,,,1,100,,191675,2,,,1,90,,191676,2,,,1
4101,'20260902',502,,191677,2,,,1,55,,191679,2,,,1,65,,191680,2,,,1,35,,191681,2,,,1,70,,191682,2,,,1,30,,191683,2,,,1,70,,191684,2,,,1,75,,191685,2,,,1,35,,191686,2,,,1,75,,191687,2,,,1,35,,191688,2,,,1,70,,191690,2,,,1,5,,191689,2,0,7 40 41,1,25,,191692,2,,,1,5,,191691,2,0,7 40 41,1,65,,191693,2,0,7 40 41,1,20,,191696,2,,,1,5,,191695,2,0,7 40 41,1,15,,191697,2,,,1,65,,191698,2,0,7 40 41,1,30,,191701,2,,,1,50,,191700,2,0,7 40 41,1,30,,191703,2,0,7 40 41,1,25,,191707,2,,,1,45,,191706,2,0,7 40 41,1,25,,191710,2,,,1,10,,191708,2,0,7 40 41,1,65,,191714,2,,,1,5,,191713,2,0,7 40 41,1,30,,191718,2,,,1,5,,191717,2,0,7 40 41,1,65,,191721,2,,,1,5,,191720,2,0,7 40 41,1,25,,191723,2,,,1,5,,191722,2,0,7 40 41,1,75,,191725,2,,,1,5,,191724,2,0,7 40 41,1,35,,191727,2,,,1,45,,191726,2,0,7 40 41,1,20,,191728,2,,,1,30,,191729,2,,,1,70,,191730,2,,,1,100,,191731,2,,,1,90,,191732,2,,,1
4101,'20260903',502,,191733,2,,,1,55,,191735,2,,,1,65,,191736,2,,,1,35,,191737,2,,,1,70,,191738,2,,,1,30,,191739,2,,,1,70,,191740,2,,,1,75,,191741,2,,,1,35,,191742,2,,,1,75,,191743,2,,,1,35,,191744,2,,,1,70,,191746,2,,,1,5,,191745,2,0,7 40 41,1,25,,191748,2,,,1,5,,191747,2,0,7 40 41,1,65,,191749,2,0,7 40 41,1,20,,191752,2,,,1,5,,191751,2,0,7 40 41,1,15,,191753,2,,,1,65,,191754,2,0,7 40 41,1,30,,191757,2,,,1,50,,191756,2,0,7 40 41,1,30,,191759,2,0,7 40 41,1,25,,191763,2,,,1,45,,191762,2,0,7 40 41,1,25,,191766,2,,,1,10,,191764,2,0,7 40 41,1,65,,191770,2,,,1,5,,191769,2,0,7 40 41,1,30,,191774,2,,,1,5,,191773,2,0,7 40 41,1,65,,191777,2,,,1,5,,191776,2,0,7 40 41,1,25,,191779,2,,,1,5,,191778,2,0,7 40 41,1,75,,191781,2,,,1,5,,191780,2,0,7 40 41,1,35,,191783,2,,,1,45,,191782,2,0,7 40 41,1,20,,191784,2,,,1,30,,191785,2,,,1,70,,191786,2,,,1,100,,191787,2,,,1,90,,191788,2,,,1
4101,'20260904',502,,191789,2,,,1,55,,191791,2,,,1,65,,191792,2,,,1,35,,191793,2,,,1,70,,191794,2,,,1,30,,191795,2,,,1,70,,191796,2,,,1,75,,191797,2,,,1,35,,191798,2,,,1,75,,191799,2,,,1,35,,191800,2,,,1,70,,191802,2,,,1,5,,191801,2,0,7 40 41,1,25,,191804,2,,,1,5,,191803,2,0,7 40 41,1,65,,191805,2,0,7 40 41,1,20,,191808,2,,,1,5,,191807,2,0,7 40 41,1,15,,191809,2,,,1,65,,191810,2,0,7 40 41,1,30,,191813,2,,,1,50,,191812,2,0,7 40 41,1,30,,191815,2,0,7 40 41,1,25,,191819,2,,,1,45,,191818,2,0,7 40 41,1,25,,191822,2,,,1,10,,191820,2,0,7 40 41,1,65,,191826,2,,,1,5,,191825,2,0,7 40 41,1,30,,191830,2,,,1,5,,191829,2,0,7 40 41,1,65,,191833,2,,,1,5,,191832,2,0,7 40 41,1,25,,191835,2,,,1,5,,191834,2,0,7 40 41,1,75,,191837,2,,,1,5,,191836,2,0,7 40 41,1,35,,191839,2,,,1,45,,191838,2,0,7 40 41,1,20,,191840,2,,,1,30,,191841,2,,,1,70,,191842,2,,,1,100,,191843,2,,,1,90,,191844,2,,,1
4101,'20260908',502,,292385,2,,,1,55,,292387,2,,,1,65,,292388,2,,,1,35,,292390,2,,,1,70,,292391,2,,,1,30,,292392,2,,,1,70,,292393,2,,,1,75,,292394,2,,,1,35,,292395,2,,,1,75,,292396,2,,,1,35,,292397,2,,,1,70,,292399,2,,,1,5,,292398,2,0,7 40 41,1,25,,292401,2,,,1,5,,292400,2,0,7 40 41,1,65,,292402,2,0,7 40 41,1,20,,292405,2,,,1,5,,292404,2,0,7 40 41,1,15,,292407,2,,,1,50,,292406,2,0,7 40 41,1,25,,292408,2,0,7 40 41,1,15,,292411,2,,,1,55,,292410,2,0,7 40 41,1,25,,292413,2,0,7 40 41,1,25,,292415,2,0,7 40 41,1,5,,292417,2,,,1,70,,292420,2,,,1,15,,292418,2,0,7 40 41,1,65,,292425,2,,,1,10,,292424,2,0,7 40 41,1,20,,292429,2,,,1,10,,292428,2,0,7 40 41,1,60,,292432,2,,,1,10,,292431,2,0,7 40 41,1,25,,292435,2,,,1,5,,292434,2,0,7 40 41,1,75,,292438,2,,,1,10,,292437,2,0,7 40 41,1,70,,292439,2,0,7 40 41,1,5,,292440,2,,,1,15,,292441,2,0,7 40 41,1,10,,292442,2,,,1,25,,292444,2,,,1,45,,292443,2,0,7 40 41,1,20,,292446,2,,,1,10,,292445,2,0,7 40 41,1,75,,292447,2,0,7 40 41,1,15,,292448,2,,,1,90,,292449,2,,,1
4101,'20260909',502,,292450,2,,,1,55,,292452,2,,,1,65,,292453,2,,,1,35,,292455,2,,,1,70,,292456,2,,,1,30,,292457,2,,,1,70,,292458,2,,,1,75,,292459,2,,,1,35,,292460,2,,,1,75,,292461,2,,,1,35,,292462,2,,,1,70,,292464,2,,,1,5,,292463,2,0,7 40 41,1,25,,292466,2,,,1,5,,292465,2,0,7 40 41,1,65,,292467,2,0,7 40 41,1,20,,292470,2,,,1,5,,292469,2,0,7 40 41,1,15,,292472,2,,,1,50,,292471,2,0,7 40 41,1,25,,292473,2,0,7 40 41,1,15,,292476,2,,,1,55,,292475,2,0,7 40 41,1,25,,292478,2,0,7 40 41,1,25,,292480,2,0,7 40 41,1,5,,292482,2,,,1,70,,292485,2,,,1,15,,292483,2,0,7 40 41,1,65,,292490,2,,,1,10,,292489,2,0,7 40 41,1,20,,292494,2,,,1,10,,292493,2,0,7 40 41,1,60,,292497,2,,,1,10,,292496,2,0,7 40 41,1,25,,292500,2,,,1,5,,292499,2,0,7 40 41,1,75,,292503,2,,,1,10,,292502,2,0,7 40 41,1,70,,292504,2,0,7 40 41,1,5,,292505,2,,,1,15,,292506,2,0,7 40 41,1,10,,292507,2,,,1,25,,292509,2,,,1,45,,292508,2,0,7 40 41,1,20,,292511,2,,,1,10,,292510,2,0,7 40 41,1,75,,292512,2,0,7 40 41,1,15,,292513,2,,,1,90,,292514,2,,,1
4101,'20260910',502,,292515,2,,,1,55,,292517,2,,,1,65,,292518,2,,,1,35,,292520,2,,,1,70,,292521,2,,,1,30,,292522,2,,,1,70,,292523,2,,,1,75,,292524,2,,,1,35,,292525,2,,,1,75,,292526,2,,,1,35,,292527,2,,,1,70,,292529,2,,,1,5,,292528,2,0,7 40 41,1,25,,292531,2,,,1,5,,292530,2,0,7 40 41,1,65,,292532,2,0,7 40 41,1,20,,292535,2,,,1,5,,292534,2,0,7 40 41,1,15,,292537,2,,,1,50,,292536,2,0,7 40 41,1,25,,292538,2,0,7 40 41,1,15,,292541,2,,,1,55,,292540,2,0,7 40 41,1,25,,292543,2,0,7 40 41,1,25,,292545,2,0,7 40 41,1,5,,292547,2,,,1,70,,292550,2,,,1,15,,292548,2,0,7 40 41,1,65,,292555,2,,,1,10,,292554,2,0,7 40 41,1,20,,292559,2,,,1,10,,292558,2,0,7 40 41,1,60,,292562,2,,,1,10,,292561,2,0,7 40 41,1,25,,292565,2,,,1,5,,292564,2,0,7 40 41,1,75,,292568,2,,,1,10,,292567,2,0,7 40 41,1,70,,292569,2,0,7 40 41,1,5,,292570,2,,,1,15,,292571,2,0,7 40 41,1,10,,292572,2,,,1,25,,292574,2,,,1,45,,292573,2,0,7 40 41,1,20,,292576,2,,,1,10,,292575,2,0,7 40 41,1,75,,292577,2,0,7 40 41,1,15,,292578,2,,,1,90,,292579,2,,,1
4101,'20260911',502,,292580,2,,,1,55,,292582,2,,,1,65,,292583,2,,,1,35,,292585,2,,,1,70,,292586,2,,,1,30,,292587,2,,,1,70,,292588,2,,,1,75,,292589,2,,,1,35,,292590,2,,,1,75,,292591,2,,,1,35,,292592,2,,,1,70,,292594,2,,,1,5,,292593,2,0,7 40 41,1,25,,292596,2,,,1,5,,292595,2,0,7 40 41,1,65,,292597,2,0,7 40 41,1,20,,292600,2,,,1,5,,292599,2,0,7 40 41,1,15,,292602,2,,,1,50,,292601,2,0,7 40 41,1,25,,292603,2,0,7 40 41,1,15,,292606,2,,,1,55,,292605,2,0,7 40 41,1,25,,292608,2,0,7 40 41,1,25,,292610,2,0,7 40 41,1,5,,292612,2,,,1,70,,292615,2,,,1,15,,292613,2,0,7 40 41,1,65,,292620,2,,,1,10,,292619,2,0,7 40 41,1,20,,292624,2,,,1,10,,292623,2,0,7 40 41,1,60,,292627,2,,,1,10,,292626,2,0,7 40 41,1,25,,292630,2,,,1,5,,292629,2,0,7 40 41,1,75,,292633,2,,,1,10,,292632,2,0,7 40 41,1,70,,292634,2,0,7 40 41,1,5,,292635,2,,,1,15,,292636,2,0,7 40 41,1,10,,292637,2,,,1,25,,292639,2,,,1,45,,292638,2,0,7 40 41,1,20,,292641,2,,,1,10,,292640,2,0,7 40 41,1,75,,292642,2,0,7 40 41,1,15,,292643,2,,,1,90,,292644,2,,,1
4101,'20260914',502,,292645,2,,,1,55,,292647,2,,,1,65,,292648,2,,,1,35,,292650,2,,,1,70,,292651,2,,,1,30,,292652,2,,,1,70,,292653,2,,,1,75,,292654,2,,,1,35,,292655,2,,,1,75,,292656,2,,,1,35,,292657,2,,,1,70,,292659,2,,,1,5,,292658,2,0,7 40 41,1,25,,292661,2,,,1,5,,292660,2,0,7 40 41,1,65,,292662,2,0,7 40 41,1,20,,292665,2,,,1,5,,292664,2,0,7 40 41,1,15,,292667,2,,,1,50,,292666,2,0,7 40 41,1,25,,292668,2,0,7 40 41,1,15,,292671,2,,,1,55,,292670,2,0,7 40 41,1,25,,292673,2,0,7 40 41,1,25,,292675,2,0,7 40 41,1,5,,292677,2,,,1,70,,292680,2,,,1,15,,292678,2,0,7 40 41,1,65,,292685,2,,,1,10,,292684,2,0,7 40 41,1,20,,292689,2,,,1,10,,292688,2,0,7 40 41,1,60,,292692,2,,,1,10,,292691,2,0,7 40 41,1,25,,292695,2,,,1,5,,292694,2,0,7 40 41,1,75,,292698,2,,,1,10,,292697,2,0,7 40 41,1,70,,292699,2,0,7 40 41,1,5,,292700,2,,,1,15,,292701,2,0,7 40 41,1,10,,292702,2,,,1,25,,292704,2,,,1,45,,292703,2,0,7 40 41,1,20,,292706,2,,,1,10,,292705,2,0,7 40 41,1,75,,292707,2,0,7 40 41,1,15,,292708,2,,,1,90,,292709,2,,,1
4101,'20260915',502,,292710,2,,,1,55,,292712,2,,,1,65,,292713,2,,,1,35,,292715,2,,,1,70,,292716,2,,,1,30,,292717,2,,,1,70,,292718,2,,,1,75,,292719,2,,,1,35,,292720,2,,,1,75,,292721,2,,,1,35,,292722,2,,,1,70,,292724,2,,,1,5,,292723,2,0,7 40 41,1,25,,292726,2,,,1,5,,292725,2,0,7 40 41,1,65,,292727,2,0,7 40 41,1,20,,292730,2,,,1,5,,292729,2,0,7 40 41,1,15,,292732,2,,,1,50,,292731,2,0,7 40 41,1,25,,292733,2,0,7 40 41,1,15,,292736,2,,,1,55,,292735,2,0,7 40 41,1,25,,292738,2,0,7 40 41,1,25,,292740,2,0,7 40 41,1,5,,292742,2,,,1,70,,292745,2,,,1,15,,292743,2,0,7 40 41,1,65,,292750,2,,,1,10,,292749,2,0,7 40 41,1,20,,292754,2,,,1,10,,292753,2,0,7 40 41,1,60,,292757,2,,,1,10,,292756,2,0,7 40 41,1,25,,292760,2,,,1,5,,292759,2,0,7 40 41,1,75,,292763,2,,,1,10,,292762,2,0,7 40 41,1,70,,292764,2,0,7 40 41,1,5,,292765,2,,,1,15,,292766,2,0,7 40 41,1,10,,292767,2,,,1,25,,292769,2,,,1,45,,292768,2,0,7 40 41,1,20,,292771,2,,,1,10,,292770,2,0,7 40 41,1,75,,292772,2,0,7 40 41,1,15,,292773,2,,,1,90,,292774,2,,,1
4101,'20260916',502,,292775,2,,,1,55,,292777,2,,,1,65,,292778,2,,,1,35,,292780,2,,,1,70,,292781,2,,,1,30,,292782,2,,,1,70,,292783,2,,,1,75,,292784,2,,,1,35,,292785,2,,,1,75,,292786,2,,,1,35,,292787,2,,,1,70,,292789,2,,,1,5,,292788,2,0,7 40 41,1,25,,292791,2,,,1,5,,292790,2,0,7 40 41,1,65,,292792,2,0,7 40 41,1,20,,292795,2,,,1,5,,292794,2,0,7 40 41,1,15,,292797,2,,,1,50,,292796,2,0,7 40 41,1,25,,292798,2,0,7 40 41,1,15,,292801,2,,,1,55,,292800,2,0,7 40 41,1,25,,292803,2,0,7 40 41,1,25,,292805,2,0,7 40 41,1,5,,292807,2,,,1,70,,292810,2,,,1,15,,292808,2,0,7 40 41,1,65,,292815,2,,,1,10,,292814,2,0,7 40 41,1,20,,292819,2,,,1,10,,292818,2,0,7 40 41,1,60,,292822,2,,,1,10,,292821,2,0,7 40 41,1,25,,292825,2,,,1,5,,292824,2,0,7 40 41,1,75,,292828,2,,,1,10,,292827,2,0,7 40 41,1,70,,292829,2,0,7 40 41,1,5,,292830,2,,,1,15,,292831,2,0,7 40 41,1,10,,292832,2,,,1,25,,292834,2,,,1,45,,292833,2,0,7 40 41,1,20,,292836,2,,,1,10,,292835,2,0,7 40 41,1,75,,292837,2,0,7 40 41,1,15,,292838,2,,,1,90,,292839,2,,,1
4101,'20260917',502,,292840,2,,,1,55,,292842,2,,,1,65,,292843,2,,,1,35,,292845,2,,,1,70,,292846,2,,,1,30,,292847,2,,,1,70,,292848,2,,,1,75,,292849,2,,,1,35,,292850,2,,,1,75,,292851,2,,,1,35,,292852,2,,,1,70,,292854,2,,,1,5,,292853,2,0,7 40 41,1,25,,292856,2,,,1,5,,292855,2,0,7 40 41,1,65,,292857,2,0,7 40 41,1,20,,292860,2,,,1,5,,292859,2,0,7 40 41,1,15,,292862,2,,,1,50,,292861,2,0,7 40 41,1,25,,292863,2,0,7 40 41,1,15,,292866,2,,,1,55,,292865,2,0,7 40 41,1,25,,292868,2,0,7 40 41,1,25,,292870,2,0,7 40 41,1,5,,292872,2,,,1,70,,292875,2,,,1,15,,292873,2,0,7 40 41,1,65,,292880,2,,,1,10,,292879,2,0,7 40 41,1,20,,292884,2,,,1,10,,292883,2,0,7 40 41,1,60,,292887,2,,,1,10,,292886,2,0,7 40 41,1,25,,292890,2,,,1,5,,292889,2,0,7 40 41,1,75,,292893,2,,,1,10,,292892,2,0,7 40 41,1,70,,292894,2,0,7 40 41,1,5,,292895,2,,,1,15,,292896,2,0,7 40 41,1,10,,292897,2,,,1,25,,292899,2,,,1,45,,292898,2,0,7 40 41,1,20,,292901,2,,,1,10,,292900,2,0,7 40 41,1,75,,292902,2,0,7 40 41,1,15,,292903,2,,,1,90,,292904,2,,,1
4101,'20260918',502,,292905,2,,,1,55,,292907,2,,,1,65,,292908,2,,,1,35,,292910,2,,,1,70,,292911,2,,,1,30,,292912,2,,,1,70,,292913,2,,,1,75,,292914,2,,,1,35,,292915,2,,,1,75,,292916,2,,,1,35,,292917,2,,,1,70,,292919,2,,,1,5,,292918,2,0,7 40 41,1,25,,292921,2,,,1,5,,292920,2,0,7 40 41,1,65,,292922,2,0,7 40 41,1,20,,292925,2,,,1,5,,292924,2,0,7 40 41,1,15,,292927,2,,,1,50,,292926,2,0,7 40 41,1,25,,292928,2,0,7 40 41,1,15,,292931,2,,,1,55,,292930,2,0,7 40 41,1,25,,292933,2,0,7 40 41,1,25,,292935,2,0,7 40 41,1,5,,292937,2,,,1,70,,292940,2,,,1,15,,292938,2,0,7 40 41,1,65,,292945,2,,,1,10,,292944,2,0,7 40 41,1,20,,292949,2,,,1,10,,292948,2,0,7 40 41,1,60,,292952,2,,,1,10,,292951,2,0,7 40 41,1,25,,292955,2,,,1,5,,292954,2,0,7 40 41,1,75,,292958,2,,,1,10,,292957,2,0,7 40 41,1,70,,292959,2,0,7 40 41,1,5,,292960,2,,,1,15,,292961,2,0,7 40 41,1,10,,292962,2,,,1,25,,292964,2,,,1,45,,292963,2,0,7 40 41,1,20,,292966,2,,,1,10,,292965,2,0,7 40 41,1,75,,292967,2,0,7 40 41,1,15,,292968,2,,,1,90,,292969,2,,,1
4101,'20260921',502,,292970,2,,,1,55,,292972,2,,,1,65,,292973,2,,,1,35,,292975,2,,,1,70,,292976,2,,,1,30,,292977,2,,,1,70,,292978,2,,,1,75,,292979,2,,,1,35,,292980,2,,,1,75,,292981,2,,,1,35,,292982,2,,,1,70,,292984,2,,,1,5,,292983,2,0,7 40 41,1,25,,292986,2,,,1,5,,292985,2,0,7 40 41,1,65,,292987,2,0,7 40 41,1,20,,292990,2,,,1,5,,292989,2,0,7 40 41,1,15,,292992,2,,,1,50,,292991,2,0,7 40 41,1,25,,292993,2,0,7 40 41,1,15,,292996,2,,,1,55,,292995,2,0,7 40 41,1,25,,292998,2,0,7 40 41,1,25,,293000,2,0,7 40 41,1,5,,293002,2,,,1,70,,293005,2,,,1,15,,293003,2,0,7 40 41,1,65,,293010,2,,,1,10,,293009,2,0,7 40 41,1,20,,293014,2,,,1,10,,293013,2,0,7 40 41,1,60,,293017,2,,,1,10,,293016,2,0,7 40 41,1,25,,293020,2,,,1,5,,293019,2,0,7 40 41,1,75,,293023,2,,,1,10,,293022,2,0,7 40 41,1,70,,293024,2,0,7 40 41,1,5,,293025,2,,,1,15,,293026,2,0,7 40 41,1,10,,293027,2,,,1,25,,293029,2,,,1,45,,293028,2,0,7 40 41,1,20,,293031,2,,,1,10,,293030,2,0,7 40 41,1,75,,293032,2,0,7 40 41,1,15,,293033,2,,,1,90,,293034,2,,,1
4101,'20260922',502,,293035,2,,,1,55,,293037,2,,,1,65,,293038,2,,,1,35,,293040,2,,,1,70,,293041,2,,,1,30,,293042,2,,,1,70,,293043,2,,,1,75,,293044,2,,,1,35,,293045,2,,,1,75,,293046,2,,,1,35,,293047,2,,,1,70,,293049,2,,,1,5,,293048,2,0,7 40 41,1,25,,293051,2,,,1,5,,293050,2,0,7 40 41,1,65,,293052,2,0,7 40 41,1,20,,293055,2,,,1,5,,293054,2,0,7 40 41,1,15,,293057,2,,,1,50,,293056,2,0,7 40 41,1,25,,293058,2,0,7 40 41,1,15,,293061,2,,,1,55,,293060,2,0,7 40 41,1,25,,293063,2,0,7 40 41,1,25,,293065,2,0,7 40 41,1,5,,293067,2,,,1,70,,293070,2,,,1,15,,293068,2,0,7 40 41,1,65,,293075,2,,,1,10,,293074,2,0,7 40 41,1,20,,293079,2,,,1,10,,293078,2,0,7 40 41,1,60,,293082,2,,,1,10,,293081,2,0,7 40 41,1,25,,293085,2,,,1,5,,293084,2,0,7 40 41,1,75,,293088,2,,,1,10,,293087,2,0,7 40 41,1,70,,293089,2,0,7 40 41,1,5,,293090,2,,,1,15,,293091,2,0,7 40 41,1,10,,293092,2,,,1,25,,293094,2,,,1,45,,293093,2,0,7 40 41,1,20,,293096,2,,,1,10,,293095,2,0,7 40 41,1,75,,293097,2,0,7 40 41,1,15,,293098,2,,,1,90,,293099,2,,,1
4101,'20260923',502,,293100,2,,,1,55,,293102,2,,,1,65,,293103,2,,,1,35,,293105,2,,,1,70,,293106,2,,,1,30,,293107,2,,,1,70,,293108,2,,,1,75,,293109,2,,,1,35,,293110,2,,,1,75,,293111,2,,,1,35,,293112,2,,,1,70,,293114,2,,,1,5,,293113,2,0,7 40 41,1,25,,293116,2,,,1,5,,293115,2,0,7 40 41,1,65,,293117,2,0,7 40 41,1,20,,293120,2,,,1,5,,293119,2,0,7 40 41,1,15,,293122,2,,,1,50,,293121,2,0,7 40 41,1,25,,293123,2,0,7 40 41,1,15,,293126,2,,,1,55,,293125,2,0,7 40 41,1,25,,293128,2,0,7 40 41,1,25,,293130,2,0,7 40 41,1,5,,293132,2,,,1,70,,293135,2,,,1,15,,293133,2,0,7 40 41,1,65,,293140,2,,,1,10,,293139,2,0,7 40 41,1,20,,293144,2,,,1,10,,293143,2,0,7 40 41,1,60,,293147,2,,,1,10,,293146,2,0,7 40 41,1,25,,293150,2,,,1,5,,293149,2,0,7 40 41,1,75,,293153,2,,,1,10,,293152,2,0,7 40 41,1,70,,293154,2,0,7 40 41,1,5,,293155,2,,,1,15,,293156,2,0,7 40 41,1,10,,293157,2,,,1,25,,293159,2,,,1,45,,293158,2,0,7 40 41,1,20,,293161,2,,,1,10,,293160,2,0,7 40 41,1,75,,293162,2,0,7 40 41,1,15,,293163,2,,,1,90,,293164,2,,,1
4101,'20260924',502,,293165,2,,,1,55,,293167,2,,,1,65,,293168,2,,,1,35,,293170,2,,,1,70,,293171,2,,,1,30,,293172,2,,,1,70,,293173,2,,,1,75,,293174,2,,,1,35,,293175,2,,,1,75,,293176,2,,,1,35,,293177,2,,,1,70,,293179,2,,,1,5,,293178,2,0,7 40 41,1,25,,293181,2,,,1,5,,293180,2,0,7 40 41,1,65,,293182,2,0,7 40 41,1,20,,293185,2,,,1,5,,293184,2,0,7 40 41,1,15,,293187,2,,,1,50,,293186,2,0,7 40 41,1,25,,293188,2,0,7 40 41,1,15,,293191,2,,,1,55,,293190,2,0,7 40 41,1,25,,293193,2,0,7 40 41,1,25,,293195,2,0,7 40 41,1,5,,293197,2,,,1,70,,293200,2,,,1,15,,293198,2,0,7 40 41,1,65,,293205,2,,,1,10,,293204,2,0,7 40 41,1,20,,293209,2,,,1,10,,293208,2,0,7 40 41,1,60,,293212,2,,,1,10,,293211,2,0,7 40 41,1,25,,293215,2,,,1,5,,293214,2,0,7 40 41,1,75,,293218,2,,,1,10,,293217,2,0,7 40 41,1,70,,293219,2,0,7 40 41,1,5,,293220,2,,,1,15,,293221,2,0,7 40 41,1,10,,293222,2,,,1,25,,293224,2,,,1,45,,293223,2,0,7 40 41,1,20,,293226,2,,,1,10,,293225,2,0,7 40 41,1,75,,293227,2,0,7 40 41,1,15,,293228,2,,,1,90,,293229,2,,,1
4101,'20260925',502,,293230,2,,,1,55,,293232,2,,,1,65,,293233,2,,,1,35,,293235,2,,,1,70,,293236,2,,,1,30,,293237,2,,,1,70,,293238,2,,,1,75,,293239,2,,,1,35,,293240,2,,,1,75,,293241,2,,,1,35,,293242,2,,,1,70,,293244,2,,,1,5,,293243,2,0,7 40 41,1,25,,293246,2,,,1,5,,293245,2,0,7 40 41,1,65,,293247,2,0,7 40 41,1,20,,293250,2,,,1,5,,293249,2,0,7 40 41,1,15,,293252,2,,,1,50,,293251,2,0,7 40 41,1,25,,293253,2,0,7 40 41,1,15,,293256,2,,,1,55,,293255,2,0,7 40 41,1,25,,293258,2,0,7 40 41,1,25,,293260,2,0,7 40 41,1,5,,293262,2,,,1,70,,293265,2,,,1,15,,293263,2,0,7 40 41,1,65,,293270,2,,,1,10,,293269,2,0,7 40 41,1,20,,293274,2,,,1,10,,293273,2,0,7 40 41,1,60,,293277,2,,,1,10,,293276,2,0,7 40 41,1,25,,293280,2,,,1,5,,293279,2,0,7 40 41,1,75,,293283,2,,,1,10,,293282,2,0,7 40 41,1,70,,293284,2,0,7 40 41,1,5,,293285,2,,,1,15,,293286,2,0,7 40 41,1,10,,293287,2,,,1,25,,293289,2,,,1,45,,293288,2,0,7 40 41,1,20,,293291,2,,,1,10,,293290,2,0,7 40 41,1,75,,293292,2,0,7 40 41,1,15,,293293,2,,,1,90,,293294,2,,,1
4101,'20260928',502,,293295,2,,,1,55,,293297,2,,,1,65,,293298,2,,,1,35,,293300,2,,,1,70,,293301,2,,,1,30,,293302,2,,,1,70,,293303,2,,,1,75,,293304,2,,,1,35,,293305,2,,,1,75,,293306,2,,,1,35,,293307,2,,,1,70,,293309,2,,,1,5,,293308,2,0,7 40 41,1,25,,293311,2,,,1,5,,293310,2,0,7 40 41,1,65,,293312,2,0,7 40 41,1,20,,293315,2,,,1,5,,293314,2,0,7 40 41,1,15,,293317,2,,,1,50,,293316,2,0,7 40 41,1,25,,293318,2,0,7 40 41,1,15,,293321,2,,,1,55,,293320,2,0,7 40 41,1,25,,293323,2,0,7 40 41,1,25,,293325,2,0,7 40 41,1,5,,293327,2,,,1,70,,293330,2,,,1,15,,293328,2,0,7 40 41,1,65,,293335,2,,,1,10,,293334,2,0,7 40 41,1,20,,293339,2,,,1,10,,293338,2,0,7 40 41,1,60,,293342,2,,,1,10,,293341,2,0,7 40 41,1,25,,293345,2,,,1,5,,293344,2,0,7 40 41,1,75,,293348,2,,,1,10,,293347,2,0,7 40 41,1,70,,293349,2,0,7 40 41,1,5,,293350,2,,,1,15,,293351,2,0,7 40 41,1,10,,293352,2,,,1,25,,293354,2,,,1,45,,293353,2,0,7 40 41,1,20,,293356,2,,,1,10,,293355,2,0,7 40 41,1,75,,293357,2,0,7 40 41,1,15,,293358,2,,,1,90,,293359,2,,,1
4101,'20260929',502,,293360,2,,,1,55,,293362,2,,,1,65,,293363,2,,,1,35,,293365,2,,,1,70,,293366,2,,,1,30,,293367,2,,,1,70,,293368,2,,,1,75,,293369,2,,,1,35,,293370,2,,,1,75,,293371,2,,,1,35,,293372,2,,,1,70,,293374,2,,,1,5,,293373,2,0,7 40 41,1,25,,293376,2,,,1,5,,293375,2,0,7 40 41,1,65,,293377,2,0,7 40 41,1,20,,293380,2,,,1,5,,293379,2,0,7 40 41,1,15,,293382,2,,,1,50,,293381,2,0,7 40 41,1,25,,293383,2,0,7 40 41,1,15,,293386,2,,,1,55,,293385,2,0,7 40 41,1,25,,293388,2,0,7 40 41,1,25,,293390,2,0,7 40 41,1,5,,293392,2,,,1,70,,293395,2,,,1,15,,293393,2,0,7 40 41,1,65,,293400,2,,,1,10,,293399,2,0,7 40 41,1,20,,293404,2,,,1,10,,293403,2,0,7 40 41,1,60,,293407,2,,,1,10,,293406,2,0,7 40 41,1,25,,293410,2,,,1,5,,293409,2,0,7 40 41,1,75,,293413,2,,,1,10,,293412,2,0,7 40 41,1,70,,293414,2,0,7 40 41,1,5,,293415,2,,,1,15,,293416,2,0,7 40 41,1,10,,293417,2,,,1,25,,293419,2,,,1,45,,293418,2,0,7 40 41,1,20,,293421,2,,,1,10,,293420,2,0,7 40 41,1,75,,293422,2,0,7 40 41,1,15,,293423,2,,,1,90,,293424,2,,,1
4101,'20260930',502,,293425,2,,,1,55,,293427,2,,,1,65,,293428,2,,,1,35,,293430,2,,,1,70,,293431,2,,,1,30,,293432,2,,,1,70,,293433,2,,,1,75,,293434,2,,,1,35,,293435,2,,,1,75,,293436,2,,,1,35,,293437,2,,,1,70,,293439,2,,,1,5,,293438,2,0,7 40 41,1,25,,293441,2,,,1,5,,293440,2,0,7 40 41,1,65,,293442,2,0,7 40 41,1,20,,293445,2,,,1,5,,293444,2,0,7 40 41,1,15,,293447,2,,,1,50,,293446,2,0,7 40 41,1,25,,293448,2,0,7 40 41,1,15,,293451,2,,,1,55,,293450,2,0,7 40 41,1,25,,293453,2,0,7 40 41,1,25,,293455,2,0,7 40 41,1,5,,293457,2,,,1,70,,293460,2,,,1,15,,293458,2,0,7 40 41,1,65,,293465,2,,,1,10,,293464,2,0,7 40 41,1,20,,293469,2,,,1,10,,293468,2,0,7 40 41,1,60,,293472,2,,,1,10,,293471,2,0,7 40 41,1,25,,293475,2,,,1,5,,293474,2,0,7 40 41,1,75,,293478,2,,,1,10,,293477,2,0,7 40 41,1,70,,293479,2,0,7 40 41,1,5,,293480,2,,,1,15,,293481,2,0,7 40 41,1,10,,293482,2,,,1,25,,293484,2,,,1,45,,293483,2,0,7 40 41,1,20,,293486,2,,,1,10,,293485,2,0,7 40 41,1,75,,293487,2,0,7 40 41,1,15,,293488,2,,,1,90,,293489,2,,,1
4101,'20261001',502,,293490,2,,,1,55,,293492,2,,,1,65,,293493,2,,,1,35,,293495,2,,,1,70,,293496,2,,,1,30,,293497,2,,,1,70,,293498,2,,,1,75,,293499,2,,,1,35,,293500,2,,,1,75,,293501,2,,,1,35,,293502,2,,,1,70,,293504,2,,,1,5,,293503,2,0,7 40 41,1,25,,293506,2,,,1,5,,293505,2,0,7 40 41,1,65,,293507,2,0,7 40 41,1,20,,293510,2,,,1,5,,293509,2,0,7 40 41,1,15,,293512,2,,,1,50,,293511,2,0,7 40 41,1,25,,293513,2,0,7 40 41,1,15,,293516,2,,,1,55,,293515,2,0,7 40 41,1,25,,293518,2,0,7 40 41,1,25,,293520,2,0,7 40 41,1,5,,293522,2,,,1,70,,293525,2,,,1,15,,293523,2,0,7 40 41,1,65,,293530,2,,,1,10,,293529,2,0,7 40 41,1,20,,293534,2,,,1,10,,293533,2,0,7 40 41,1,60,,293537,2,,,1,10,,293536,2,0,7 40 41,1,25,,293540,2,,,1,5,,293539,2,0,7 40 41,1,75,,293543,2,,,1,10,,293542,2,0,7 40 41,1,70,,293544,2,0,7 40 41,1,5,,293545,2,,,1,15,,293546,2,0,7 40 41,1,10,,293547,2,,,1,25,,293549,2,,,1,45,,293548,2,0,7 40 41,1,20,,293551,2,,,1,10,,293550,2,0,7 40 41,1,75,,293552,2,0,7 40 41,1,15,,293553,2,,,1,90,,293554,2,,,1
4101,'20261002',502,,293555,2,,,1,55,,293557,2,,,1,65,,293558,2,,,1,35,,293560,2,,,1,70,,293561,2,,,1,30,,293562,2,,,1,70,,293563,2,,,1,75,,293564,2,,,1,35,,293565,2,,,1,75,,293566,2,,,1,35,,293567,2,,,1,70,,293569,2,,,1,5,,293568,2,0,7 40 41,1,25,,293571,2,,,1,5,,293570,2,0,7 40 41,1,65,,293572,2,0,7 40 41,1,20,,293575,2,,,1,5,,293574,2,0,7 40 41,1,15,,293577,2,,,1,50,,293576,2,0,7 40 41,1,25,,293578,2,0,7 40 41,1,15,,293581,2,,,1,55,,293580,2,0,7 40 41,1,25,,293583,2,0,7 40 41,1,25,,293585,2,0,7 40 41,1,5,,293587,2,,,1,70,,293590,2,,,1,15,,293588,2,0,7 40 41,1,65,,293595,2,,,1,10,,293594,2,0,7 40 41,1,20,,293599,2,,,1,10,,293598,2,0,7 40 41,1,60,,293602,2,,,1,10,,293601,2,0,7 40 41,1,25,,293605,2,,,1,5,,293604,2,0,7 40 41,1,75,,293608,2,,,1,10,,293607,2,0,7 40 41,1,70,,293609,2,0,7 40 41,1,5,,293610,2,,,1,15,,293611,2,0,7 40 41,1,10,,293612,2,,,1,25,,293614,2,,,1,45,,293613,2,0,7 40 41,1,20,,293616,2,,,1,10,,293615,2,0,7 40 41,1,75,,293617,2,0,7 40 41,1,15,,293618,2,,,1,90,,293619,2,,,1
4101,'20261005',502,,293620,2,,,1,55,,293622,2,,,1,65,,293623,2,,,1,35,,293625,2,,,1,70,,293626,2,,,1,30,,293627,2,,,1,70,,293628,2,,,1,75,,293629,2,,,1,35,,293630,2,,,1,75,,293631,2,,,1,35,,293632,2,,,1,70,,293634,2,,,1,5,,293633,2,0,7 40 41,1,25,,293636,2,,,1,5,,293635,2,0,7 40 41,1,65,,293637,2,0,7 40 41,1,20,,293640,2,,,1,5,,293639,2,0,7 40 41,1,15,,293642,2,,,1,50,,293641,2,0,7 40 41,1,25,,293643,2,0,7 40 41,1,15,,293646,2,,,1,55,,293645,2,0,7 40 41,1,25,,293648,2,0,7 40 41,1,25,,293650,2,0,7 40 41,1,5,,293652,2,,,1,70,,293655,2,,,1,15,,293653,2,0,7 40 41,1,65,,293660,2,,,1,10,,293659,2,0,7 40 41,1,20,,293664,2,,,1,10,,293663,2,0,7 40 41,1,60,,293667,2,,,1,10,,293666,2,0,7 40 41,1,25,,293670,2,,,1,5,,293669,2,0,7 40 41,1,75,,293673,2,,,1,10,,293672,2,0,7 40 41,1,70,,293674,2,0,7 40 41,1,5,,293675,2,,,1,15,,293676,2,0,7 40 41,1,10,,293677,2,,,1,25,,293679,2,,,1,45,,293678,2,0,7 40 41,1,20,,293681,2,,,1,10,,293680,2,0,7 40 41,1,75,,293682,2,0,7 40 41,1,15,,293683,2,,,1,90,,293684,2,,,1
4101,'20261006',502,,293685,2,,,1,55,,293687,2,,,1,65,,293688,2,,,1,35,,293690,2,,,1,70,,293691,2,,,1,30,,293692,2,,,1,70,,293693,2,,,1,75,,293694,2,,,1,35,,293695,2,,,1,75,,293696,2,,,1,35,,293697,2,,,1,70,,293699,2,,,1,5,,293698,2,0,7 40 41,1,25,,293701,2,,,1,5,,293700,2,0,7 40 41,1,65,,293702,2,0,7 40 41,1,20,,293705,2,,,1,5,,293704,2,0,7 40 41,1,15,,293707,2,,,1,50,,293706,2,0,7 40 41,1,25,,293708,2,0,7 40 41,1,15,,293711,2,,,1,55,,293710,2,0,7 40 41,1,25,,293713,2,0,7 40 41,1,25,,293715,2,0,7 40 41,1,5,,293717,2,,,1,70,,293720,2,,,1,15,,293718,2,0,7 40 41,1,65,,293725,2,,,1,10,,293724,2,0,7 40 41,1,20,,293729,2,,,1,10,,293728,2,0,7 40 41,1,60,,293732,2,,,1,10,,293731,2,0,7 40 41,1,25,,293735,2,,,1,5,,293734,2,0,7 40 41,1,75,,293738,2,,,1,10,,293737,2,0,7 40 41,1,70,,293739,2,0,7 40 41,1,5,,293740,2,,,1,15,,293741,2,0,7 40 41,1,10,,293742,2,,,1,25,,293744,2,,,1,45,,293743,2,0,7 40 41,1,20,,293746,2,,,1,10,,293745,2,0,7 40 41,1,75,,293747,2,0,7 40 41,1,15,,293748,2,,,1,90,,293749,2,,,1
4101,'20261007',502,,293750,2,,,1,55,,293752,2,,,1,65,,293753,2,,,1,35,,293755,2,,,1,70,,293756,2,,,1,30,,293757,2,,,1,70,,293758,2,,,1,75,,293759,2,,,1,35,,293760,2,,,1,75,,293761,2,,,1,35,,293762,2,,,1,70,,293764,2,,,1,5,,293763,2,0,7 40 41,1,25,,293766,2,,,1,5,,293765,2,0,7 40 41,1,65,,293767,2,0,7 40 41,1,20,,293770,2,,,1,5,,293769,2,0,7 40 41,1,15,,293772,2,,,1,50,,293771,2,0,7 40 41,1,25,,293773,2,0,7 40 41,1,15,,293776,2,,,1,55,,293775,2,0,7 40 41,1,25,,293778,2,0,7 40 41,1,25,,293780,2,0,7 40 41,1,5,,293782,2,,,1,70,,293785,2,,,1,15,,293783,2,0,7 40 41,1,65,,293790,2,,,1,10,,293789,2,0,7 40 41,1,20,,293794,2,,,1,10,,293793,2,0,7 40 41,1,60,,293797,2,,,1,10,,293796,2,0,7 40 41,1,25,,293800,2,,,1,5,,293799,2,0,7 40 41,1,75,,293803,2,,,1,10,,293802,2,0,7 40 41,1,70,,293804,2,0,7 40 41,1,5,,293805,2,,,1,15,,293806,2,0,7 40 41,1,10,,293807,2,,,1,25,,293809,2,,,1,45,,293808,2,0,7 40 41,1,20,,293811,2,,,1,10,,293810,2,0,7 40 41,1,75,,293812,2,0,7 40 41,1,15,,293813,2,,,1,90,,293814,2,,,1
4101,'20261008',502,,293815,2,,,1,55,,293817,2,,,1,65,,293818,2,,,1,35,,293820,2,,,1,70,,293821,2,,,1,30,,293822,2,,,1,70,,293823,2,,,1,75,,293824,2,,,1,35,,293825,2,,,1,75,,293826,2,,,1,35,,293827,2,,,1,70,,293829,2,,,1,5,,293828,2,0,7 40 41,1,25,,293831,2,,,1,5,,293830,2,0,7 40 41,1,65,,293832,2,0,7 40 41,1,20,,293835,2,,,1,5,,293834,2,0,7 40 41,1,15,,293837,2,,,1,50,,293836,2,0,7 40 41,1,25,,293838,2,0,7 40 41,1,15,,293841,2,,,1,55,,293840,2,0,7 40 41,1,25,,293843,2,0,7 40 41,1,25,,293845,2,0,7 40 41,1,5,,293847,2,,,1,70,,293850,2,,,1,15,,293848,2,0,7 40 41,1,65,,293855,2,,,1,10,,293854,2,0,7 40 41,1,20,,293859,2,,,1,10,,293858,2,0,7 40 41,1,60,,293862,2,,,1,10,,293861,2,0,7 40 41,1,25,,293865,2,,,1,5,,293864,2,0,7 40 41,1,75,,293868,2,,,1,10,,293867,2,0,7 40 41,1,70,,293869,2,0,7 40 41,1,5,,293870,2,,,1,15,,293871,2,0,7 40 41,1,10,,293872,2,,,1,25,,293874,2,,,1,45,,293873,2,0,7 40 41,1,20,,293876,2,,,1,10,,293875,2,0,7 40 41,1,75,,293877,2,0,7 40 41,1,15,,293878,2,,,1,90,,293879,2,,,1
4101,'20261009',502,,293880,2,,,1,55,,293882,2,,,1,65,,293883,2,,,1,35,,293885,2,,,1,70,,293886,2,,,1,30,,293887,2,,,1,70,,293888,2,,,1,75,,293889,2,,,1,35,,293890,2,,,1,75,,293891,2,,,1,35,,293892,2,,,1,70,,293894,2,,,1,5,,293893,2,0,7 40 41,1,25,,293896,2,,,1,5,,293895,2,0,7 40 41,1,65,,293897,2,0,7 40 41,1,20,,293900,2,,,1,5,,293899,2,0,7 40 41,1,15,,293902,2,,,1,50,,293901,2,0,7 40 41,1,25,,293903,2,0,7 40 41,1,15,,293906,2,,,1,55,,293905,2,0,7 40 41,1,25,,293908,2,0,7 40 41,1,25,,293910,2,0,7 40 41,1,5,,293912,2,,,1,70,,293915,2,,,1,15,,293913,2,0,7 40 41,1,65,,293920,2,,,1,10,,293919,2,0,7 40 41,1,20,,293924,2,,,1,10,,293923,2,0,7 40 41,1,60,,293927,2,,,1,10,,293926,2,0,7 40 41,1,25,,293930,2,,,1,5,,293929,2,0,7 40 41,1,75,,293933,2,,,1,10,,293932,2,0,7 40 41,1,70,,293934,2,0,7 40 41,1,5,,293935,2,,,1,15,,293936,2,0,7 40 41,1,10,,293937,2,,,1,25,,293939,2,,,1,45,,293938,2,0,7 40 41,1,20,,293941,2,,,1,10,,293940,2,0,7 40 41,1,75,,293942,2,0,7 40 41,1,15,,293943,2,,,1,90,,293944,2,,,1
4101,'20261013',502,,293945,2,,,1,55,,293947,2,,,1,65,,293948,2,,,1,35,,293950,2,,,1,70,,293951,2,,,1,30,,293952,2,,,1,70,,293953,2,,,1,75,,293954,2,,,1,35,,293955,2,,,1,75,,293956,2,,,1,35,,293957,2,,,1,70,,293959,2,,,1,5,,293958,2,0,7 40 41,1,25,,293961,2,,,1,5,,293960,2,0,7 40 41,1,65,,293962,2,0,7 40 41,1,20,,293965,2,,,1,5,,293964,2,0,7 40 41,1,15,,293967,2,,,1,50,,293966,2,0,7 40 41,1,25,,293968,2,0,7 40 41,1,15,,293971,2,,,1,55,,293970,2,0,7 40 41,1,25,,293973,2,0,7 40 41,1,25,,293975,2,0,7 40 41,1,5,,293977,2,,,1,70,,293980,2,,,1,15,,293978,2,0,7 40 41,1,65,,293985,2,,,1,10,,293984,2,0,7 40 41,1,20,,293989,2,,,1,10,,293988,2,0,7 40 41,1,60,,293992,2,,,1,10,,293991,2,0,7 40 41,1,25,,293995,2,,,1,5,,293994,2,0,7 40 41,1,75,,293998,2,,,1,10,,293997,2,0,7 40 41,1,70,,293999,2,0,7 40 41,1,5,,294000,2,,,1,15,,294001,2,0,7 40 41,1,10,,294002,2,,,1,25,,294004,2,,,1,45,,294003,2,0,7 40 41,1,20,,294006,2,,,1,10,,294005,2,0,7 40 41,1,75,,294007,2,0,7 40 41,1,15,,294008,2,,,1,90,,294009,2,,,1
4101,'20261014',502,,294010,2,,,1,55,,294012,2,,,1,65,,294013,2,,,1,35,,294015,2,,,1,70,,294016,2,,,1,30,,294017,2,,,1,70,,294018,2,,,1,75,,294019,2,,,1,35,,294020,2,,,1,75,,294021,2,,,1,35,,294022,2,,,1,70,,294024,2,,,1,5,,294023,2,0,7 40 41,1,25,,294026,2,,,1,5,,294025,2,0,7 40 41,1,65,,294027,2,0,7 40 41,1,20,,294030,2,,,1,5,,294029,2,0,7 40 41,1,15,,294032,2,,,1,50,,294031,2,0,7 40 41,1,25,,294033,2,0,7 40 41,1,15,,294036,2,,,1,55,,294035,2,0,7 40 41,1,25,,294038,2,0,7 40 41,1,25,,294040,2,0,7 40 41,1,5,,294042,2,,,1,70,,294045,2,,,1,15,,294043,2,0,7 40 41,1,65,,294050,2,,,1,10,,294049,2,0,7 40 41,1,20,,294054,2,,,1,10,,294053,2,0,7 40 41,1,60,,294057,2,,,1,10,,294056,2,0,7 40 41,1,25,,294060,2,,,1,5,,294059,2,0,7 40 41,1,75,,294063,2,,,1,10,,294062,2,0,7 40 41,1,70,,294064,2,0,7 40 41,1,5,,294065,2,,,1,15,,294066,2,0,7 40 41,1,10,,294067,2,,,1,25,,294069,2,,,1,45,,294068,2,0,7 40 41,1,20,,294071,2,,,1,10,,294070,2,0,7 40 41,1,75,,294072,2,0,7 40 41,1,15,,294073,2,,,1,90,,294074,2,,,1
4101,'20261015',502,,294075,2,,,1,55,,294077,2,,,1,65,,294078,2,,,1,35,,294080,2,,,1,70,,294081,2,,,1,30,,294082,2,,,1,70,,294083,2,,,1,75,,294084,2,,,1,35,,294085,2,,,1,75,,294086,2,,,1,35,,294087,2,,,1,70,,294089,2,,,1,5,,294088,2,0,7 40 41,1,25,,294091,2,,,1,5,,294090,2,0,7 40 41,1,65,,294092,2,0,7 40 41,1,20,,294095,2,,,1,5,,294094,2,0,7 40 41,1,15,,294097,2,,,1,50,,294096,2,0,7 40 41,1,25,,294098,2,0,7 40 41,1,15,,294101,2,,,1,55,,294100,2,0,7 40 41,1,25,,294103,2,0,7 40 41,1,25,,294105,2,0,7 40 41,1,5,,294107,2,,,1,70,,294110,2,,,1,15,,294108,2,0,7 40 41,1,65,,294115,2,,,1,10,,294114,2,0,7 40 41,1,20,,294119,2,,,1,10,,294118,2,0,7 40 41,1,60,,294122,2,,,1,10,,294121,2,0,7 40 41,1,25,,294125,2,,,1,5,,294124,2,0,7 40 41,1,75,,294128,2,,,1,10,,294127,2,0,7 40 41,1,70,,294129,2,0,7 40 41,1,5,,294130,2,,,1,15,,294131,2,0,7 40 41,1,10,,294132,2,,,1,25,,294134,2,,,1,45,,294133,2,0,7 40 41,1,20,,294136,2,,,1,10,,294135,2,0,7 40 41,1,75,,294137,2,0,7 40 41,1,15,,294138,2,,,1,90,,294139,2,,,1
4101,'20261016',502,,294140,2,,,1,55,,294142,2,,,1,65,,294143,2,,,1,35,,294145,2,,,1,70,,294146,2,,,1,30,,294147,2,,,1,70,,294148,2,,,1,75,,294149,2,,,1,35,,294150,2,,,1,75,,294151,2,,,1,35,,294152,2,,,1,70,,294154,2,,,1,5,,294153,2,0,7 40 41,1,25,,294156,2,,,1,5,,294155,2,0,7 40 41,1,65,,294157,2,0,7 40 41,1,20,,294160,2,,,1,5,,294159,2,0,7 40 41,1,15,,294162,2,,,1,50,,294161,2,0,7 40 41,1,25,,294163,2,0,7 40 41,1,15,,294166,2,,,1,55,,294165,2,0,7 40 41,1,25,,294168,2,0,7 40 41,1,25,,294170,2,0,7 40 41,1,5,,294172,2,,,1,70,,294175,2,,,1,15,,294173,2,0,7 40 41,1,65,,294180,2,,,1,10,,294179,2,0,7 40 41,1,20,,294184,2,,,1,10,,294183,2,0,7 40 41,1,60,,294187,2,,,1,10,,294186,2,0,7 40 41,1,25,,294190,2,,,1,5,,294189,2,0,7 40 41,1,75,,294193,2,,,1,10,,294192,2,0,7 40 41,1,70,,294194,2,0,7 40 41,1,5,,294195,2,,,1,15,,294196,2,0,7 40 41,1,10,,294197,2,,,1,25,,294199,2,,,1,45,,294198,2,0,7 40 41,1,20,,294201,2,,,1,10,,294200,2,0,7 40 41,1,75,,294202,2,0,7 40 41,1,15,,294203,2,,,1,90,,294204,2,,,1
4101,'20261019',502,,294205,2,,,1,55,,294207,2,,,1,65,,294208,2,,,1,35,,294210,2,,,1,70,,294211,2,,,1,30,,294212,2,,,1,70,,294213,2,,,1,75,,294214,2,,,1,35,,294215,2,,,1,75,,294216,2,,,1,35,,294217,2,,,1,70,,294219,2,,,1,5,,294218,2,0,7 40 41,1,25,,294221,2,,,1,5,,294220,2,0,7 40 41,1,65,,294222,2,0,7 40 41,1,20,,294225,2,,,1,5,,294224,2,0,7 40 41,1,15,,294227,2,,,1,50,,294226,2,0,7 40 41,1,25,,294228,2,0,7 40 41,1,15,,294231,2,,,1,55,,294230,2,0,7 40 41,1,25,,294233,2,0,7 40 41,1,25,,294235,2,0,7 40 41,1,5,,294237,2,,,1,70,,294240,2,,,1,15,,294238,2,0,7 40 41,1,65,,294245,2,,,1,10,,294244,2,0,7 40 41,1,20,,294249,2,,,1,10,,294248,2,0,7 40 41,1,60,,294252,2,,,1,10,,294251,2,0,7 40 41,1,25,,294255,2,,,1,5,,294254,2,0,7 40 41,1,75,,294258,2,,,1,10,,294257,2,0,7 40 41,1,70,,294259,2,0,7 40 41,1,5,,294260,2,,,1,15,,294261,2,0,7 40 41,1,10,,294262,2,,,1,25,,294264,2,,,1,45,,294263,2,0,7 40 41,1,20,,294266,2,,,1,10,,294265,2,0,7 40 41,1,75,,294267,2,0,7 40 41,1,15,,294268,2,,,1,90,,294269,2,,,1
4101,'20261020',502,,294270,2,,,1,55,,294272,2,,,1,65,,294273,2,,,1,35,,294275,2,,,1,70,,294276,2,,,1,30,,294277,2,,,1,70,,294278,2,,,1,75,,294279,2,,,1,35,,294280,2,,,1,75,,294281,2,,,1,35,,294282,2,,,1,70,,294284,2,,,1,5,,294283,2,0,7 40 41,1,25,,294286,2,,,1,5,,294285,2,0,7 40 41,1,65,,294287,2,0,7 40 41,1,20,,294290,2,,,1,5,,294289,2,0,7 40 41,1,15,,294292,2,,,1,50,,294291,2,0,7 40 41,1,25,,294293,2,0,7 40 41,1,15,,294296,2,,,1,55,,294295,2,0,7 40 41,1,25,,294298,2,0,7 40 41,1,25,,294300,2,0,7 40 41,1,5,,294302,2,,,1,70,,294305,2,,,1,15,,294303,2,0,7 40 41,1,65,,294310,2,,,1,10,,294309,2,0,7 40 41,1,20,,294314,2,,,1,10,,294313,2,0,7 40 41,1,60,,294317,2,,,1,10,,294316,2,0,7 40 41,1,25,,294320,2,,,1,5,,294319,2,0,7 40 41,1,75,,294323,2,,,1,10,,294322,2,0,7 40 41,1,70,,294324,2,0,7 40 41,1,5,,294325,2,,,1,15,,294326,2,0,7 40 41,1,10,,294327,2,,,1,25,,294329,2,,,1,45,,294328,2,0,7 40 41,1,20,,294331,2,,,1,10,,294330,2,0,7 40 41,1,75,,294332,2,0,7 40 41,1,15,,294333,2,,,1,90,,294334,2,,,1
4101,'20261021',502,,294335,2,,,1,55,,294337,2,,,1,65,,294338,2,,,1,35,,294340,2,,,1,70,,294341,2,,,1,30,,294342,2,,,1,70,,294343,2,,,1,75,,294344,2,,,1,35,,294345,2,,,1,75,,294346,2,,,1,35,,294347,2,,,1,70,,294349,2,,,1,5,,294348,2,0,7 40 41,1,25,,294351,2,,,1,5,,294350,2,0,7 40 41,1,65,,294352,2,0,7 40 41,1,20,,294355,2,,,1,5,,294354,2,0,7 40 41,1,15,,294357,2,,,1,50,,294356,2,0,7 40 41,1,25,,294358,2,0,7 40 41,1,15,,294361,2,,,1,55,,294360,2,0,7 40 41,1,25,,294363,2,0,7 40 41,1,25,,294365,2,0,7 40 41,1,5,,294367,2,,,1,70,,294370,2,,,1,15,,294368,2,0,7 40 41,1,65,,294375,2,,,1,10,,294374,2,0,7 40 41,1,20,,294379,2,,,1,10,,294378,2,0,7 40 41,1,60,,294382,2,,,1,10,,294381,2,0,7 40 41,1,25,,294385,2,,,1,5,,294384,2,0,7 40 41,1,75,,294388,2,,,1,10,,294387,2,0,7 40 41,1,70,,294389,2,0,7 40 41,1,5,,294390,2,,,1,15,,294391,2,0,7 40 41,1,10,,294392,2,,,1,25,,294394,2,,,1,45,,294393,2,0,7 40 41,1,20,,294396,2,,,1,10,,294395,2,0,7 40 41,1,75,,294397,2,0,7 40 41,1,15,,294398,2,,,1,90,,294399,2,,,1
4101,'20261022',502,,294400,2,,,1,55,,294402,2,,,1,65,,294403,2,,,1,35,,294405,2,,,1,70,,294406,2,,,1,30,,294407,2,,,1,70,,294408,2,,,1,75,,294409,2,,,1,35,,294410,2,,,1,75,,294411,2,,,1,35,,294412,2,,,1,70,,294414,2,,,1,5,,294413,2,0,7 40 41,1,25,,294416,2,,,1,5,,294415,2,0,7 40 41,1,65,,294417,2,0,7 40 41,1,20,,294420,2,,,1,5,,294419,2,0,7 40 41,1,15,,294422,2,,,1,50,,294421,2,0,7 40 41,1,25,,294423,2,0,7 40 41,1,15,,294426,2,,,1,55,,294425,2,0,7 40 41,1,25,,294428,2,0,7 40 41,1,25,,294430,2,0,7 40 41,1,5,,294432,2,,,1,70,,294435,2,,,1,15,,294433,2,0,7 40 41,1,65,,294440,2,,,1,10,,294439,2,0,7 40 41,1,20,,294444,2,,,1,10,,294443,2,0,7 40 41,1,60,,294447,2,,,1,10,,294446,2,0,7 40 41,1,25,,294450,2,,,1,5,,294449,2,0,7 40 41,1,75,,294453,2,,,1,10,,294452,2,0,7 40 41,1,70,,294454,2,0,7 40 41,1,5,,294455,2,,,1,15,,294456,2,0,7 40 41,1,10,,294457,2,,,1,25,,294459,2,,,1,45,,294458,2,0,7 40 41,1,20,,294461,2,,,1,10,,294460,2,0,7 40 41,1,75,,294462,2,0,7 40 41,1,15,,294463,2,,,1,90,,294464,2,,,1
4101,'20261023',502,,294465,2,,,1,55,,294467,2,,,1,65,,294468,2,,,1,35,,294470,2,,,1,70,,294471,2,,,1,30,,294472,2,,,1,70,,294473,2,,,1,75,,294474,2,,,1,35,,294475,2,,,1,75,,294476,2,,,1,35,,294477,2,,,1,70,,294479,2,,,1,5,,294478,2,0,7 40 41,1,25,,294481,2,,,1,5,,294480,2,0,7 40 41,1,65,,294482,2,0,7 40 41,1,20,,294485,2,,,1,5,,294484,2,0,7 40 41,1,15,,294487,2,,,1,50,,294486,2,0,7 40 41,1,25,,294488,2,0,7 40 41,1,15,,294491,2,,,1,55,,294490,2,0,7 40 41,1,25,,294493,2,0,7 40 41,1,25,,294495,2,0,7 40 41,1,5,,294497,2,,,1,70,,294500,2,,,1,15,,294498,2,0,7 40 41,1,65,,294505,2,,,1,10,,294504,2,0,7 40 41,1,20,,294509,2,,,1,10,,294508,2,0,7 40 41,1,60,,294512,2,,,1,10,,294511,2,0,7 40 41,1,25,,294515,2,,,1,5,,294514,2,0,7 40 41,1,75,,294518,2,,,1,10,,294517,2,0,7 40 41,1,70,,294519,2,0,7 40 41,1,5,,294520,2,,,1,15,,294521,2,0,7 40 41,1,10,,294522,2,,,1,25,,294524,2,,,1,45,,294523,2,0,7 40 41,1,20,,294526,2,,,1,10,,294525,2,0,7 40 41,1,75,,294527,2,0,7 40 41,1,15,,294528,2,,,1,90,,294529,2,,,1
4101,'20261026',502,,294530,2,,,1,55,,294532,2,,,1,65,,294533,2,,,1,35,,294535,2,,,1,70,,294536,2,,,1,30,,294537,2,,,1,70,,294538,2,,,1,75,,294539,2,,,1,35,,294540,2,,,1,75,,294541,2,,,1,35,,294542,2,,,1,70,,294544,2,,,1,5,,294543,2,0,7 40 41,1,25,,294546,2,,,1,5,,294545,2,0,7 40 41,1,65,,294547,2,0,7 40 41,1,20,,294550,2,,,1,5,,294549,2,0,7 40 41,1,15,,294552,2,,,1,50,,294551,2,0,7 40 41,1,25,,294553,2,0,7 40 41,1,15,,294556,2,,,1,55,,294555,2,0,7 40 41,1,25,,294558,2,0,7 40 41,1,25,,294560,2,0,7 40 41,1,5,,294562,2,,,1,70,,294565,2,,,1,15,,294563,2,0,7 40 41,1,65,,294570,2,,,1,10,,294569,2,0,7 40 41,1,20,,294574,2,,,1,10,,294573,2,0,7 40 41,1,60,,294577,2,,,1,10,,294576,2,0,7 40 41,1,25,,294580,2,,,1,5,,294579,2,0,7 40 41,1,75,,294583,2,,,1,10,,294582,2,0,7 40 41,1,70,,294584,2,0,7 40 41,1,5,,294585,2,,,1,15,,294586,2,0,7 40 41,1,10,,294587,2,,,1,25,,294589,2,,,1,45,,294588,2,0,7 40 41,1,20,,294591,2,,,1,10,,294590,2,0,7 40 41,1,75,,294592,2,0,7 40 41,1,15,,294593,2,,,1,90,,294594,2,,,1
4101,'20261027',502,,294595,2,,,1,55,,294597,2,,,1,65,,294598,2,,,1,35,,294600,2,,,1,70,,294601,2,,,1,30,,294602,2,,,1,70,,294603,2,,,1,75,,294604,2,,,1,35,,294605,2,,,1,75,,294606,2,,,1,35,,294607,2,,,1,70,,294609,2,,,1,5,,294608,2,0,7 40 41,1,25,,294611,2,,,1,5,,294610,2,0,7 40 41,1,65,,294612,2,0,7 40 41,1,20,,294615,2,,,1,5,,294614,2,0,7 40 41,1,15,,294617,2,,,1,50,,294616,2,0,7 40 41,1,25,,294618,2,0,7 40 41,1,15,,294621,2,,,1,55,,294620,2,0,7 40 41,1,25,,294623,2,0,7 40 41,1,25,,294625,2,0,7 40 41,1,5,,294627,2,,,1,70,,294630,2,,,1,15,,294628,2,0,7 40 41,1,65,,294635,2,,,1,10,,294634,2,0,7 40 41,1,20,,294639,2,,,1,10,,294638,2,0,7 40 41,1,60,,294642,2,,,1,10,,294641,2,0,7 40 41,1,25,,294645,2,,,1,5,,294644,2,0,7 40 41,1,75,,294648,2,,,1,10,,294647,2,0,7 40 41,1,70,,294649,2,0,7 40 41,1,5,,294650,2,,,1,15,,294651,2,0,7 40 41,1,10,,294652,2,,,1,25,,294654,2,,,1,45,,294653,2,0,7 40 41,1,20,,294656,2,,,1,10,,294655,2,0,7 40 41,1,75,,294657,2,0,7 40 41,1,15,,294658,2,,,1,90,,294659,2,,,1
4101,'20261028',502,,294660,2,,,1,55,,294662,2,,,1,65,,294663,2,,,1,35,,294665,2,,,1,70,,294666,2,,,1,30,,294667,2,,,1,70,,294668,2,,,1,75,,294669,2,,,1,35,,294670,2,,,1,75,,294671,2,,,1,35,,294672,2,,,1,70,,294674,2,,,1,5,,294673,2,0,7 40 41,1,25,,294676,2,,,1,5,,294675,2,0,7 40 41,1,65,,294677,2,0,7 40 41,1,20,,294680,2,,,1,5,,294679,2,0,7 40 41,1,15,,294682,2,,,1,50,,294681,2,0,7 40 41,1,25,,294683,2,0,7 40 41,1,15,,294686,2,,,1,55,,294685,2,0,7 40 41,1,25,,294688,2,0,7 40 41,1,25,,294690,2,0,7 40 41,1,5,,294692,2,,,1,70,,294695,2,,,1,15,,294693,2,0,7 40 41,1,65,,294700,2,,,1,10,,294699,2,0,7 40 41,1,20,,294704,2,,,1,10,,294703,2,0,7 40 41,1,60,,294707,2,,,1,10,,294706,2,0,7 40 41,1,25,,294710,2,,,1,5,,294709,2,0,7 40 41,1,75,,294713,2,,,1,10,,294712,2,0,7 40 41,1,70,,294714,2,0,7 40 41,1,5,,294715,2,,,1,15,,294716,2,0,7 40 41,1,10,,294717,2,,,1,25,,294719,2,,,1,45,,294718,2,0,7 40 41,1,20,,294721,2,,,1,10,,294720,2,0,7 40 41,1,75,,294722,2,0,7 40 41,1,15,,294723,2,,,1,90,,294724,2,,,1
4101,'20261029',502,,294725,2,,,1,55,,294727,2,,,1,65,,294728,2,,,1,35,,294730,2,,,1,70,,294731,2,,,1,30,,294732,2,,,1,70,,294733,2,,,1,75,,294734,2,,,1,35,,294735,2,,,1,75,,294736,2,,,1,35,,294737,2,,,1,70,,294739,2,,,1,5,,294738,2,0,7 40 41,1,25,,294741,2,,,1,5,,294740,2,0,7 40 41,1,65,,294742,2,0,7 40 41,1,20,,294745,2,,,1,5,,294744,2,0,7 40 41,1,15,,294747,2,,,1,50,,294746,2,0,7 40 41,1,25,,294748,2,0,7 40 41,1,15,,294751,2,,,1,55,,294750,2,0,7 40 41,1,25,,294753,2,0,7 40 41,1,25,,294755,2,0,7 40 41,1,5,,294757,2,,,1,70,,294760,2,,,1,15,,294758,2,0,7 40 41,1,65,,294765,2,,,1,10,,294764,2,0,7 40 41,1,20,,294769,2,,,1,10,,294768,2,0,7 40 41,1,60,,294772,2,,,1,10,,294771,2,0,7 40 41,1,25,,294775,2,,,1,5,,294774,2,0,7 40 41,1,75,,294778,2,,,1,10,,294777,2,0,7 40 41,1,70,,294779,2,0,7 40 41,1,5,,294780,2,,,1,15,,294781,2,0,7 40 41,1,10,,294782,2,,,1,25,,294784,2,,,1,45,,294783,2,0,7 40 41,1,20,,294786,2,,,1,10,,294785,2,0,7 40 41,1,75,,294787,2,0,7 40 41,1,15,,294788,2,,,1,90,,294789,2,,,1
4101,'20261030',502,,294790,2,,,1,55,,294792,2,,,1,65,,294793,2,,,1,35,,294795,2,,,1,70,,294796,2,,,1,30,,294797,2,,,1,70,,294798,2,,,1,75,,294799,2,,,1,35,,294800,2,,,1,75,,294801,2,,,1,35,,294802,2,,,1,70,,294804,2,,,1,5,,294803,2,0,7 40 41,1,25,,294806,2,,,1,5,,294805,2,0,7 40 41,1,65,,294807,2,0,7 40 41,1,20,,294810,2,,,1,5,,294809,2,0,7 40 41,1,15,,294812,2,,,1,50,,294811,2,0,7 40 41,1,25,,294813,2,0,7 40 41,1,15,,294816,2,,,1,55,,294815,2,0,7 40 41,1,25,,294818,2,0,7 40 41,1,25,,294820,2,0,7 40 41,1,5,,294822,2,,,1,70,,294825,2,,,1,15,,294823,2,0,7 40 41,1,65,,294830,2,,,1,10,,294829,2,0,7 40 41,1,20,,294834,2,,,1,10,,294833,2,0,7 40 41,1,60,,294837,2,,,1,10,,294836,2,0,7 40 41,1,25,,294840,2,,,1,5,,294839,2,0,7 40 41,1,75,,294843,2,,,1,10,,294842,2,0,7 40 41,1,70,,294844,2,0,7 40 41,1,5,,294845,2,,,1,15,,294846,2,0,7 40 41,1,10,,294847,2,,,1,25,,294849,2,,,1,45,,294848,2,0,7 40 41,1,20,,294851,2,,,1,10,,294850,2,0,7 40 41,1,75,,294852,2,0,7 40 41,1,15,,294853,2,,,1,90,,294854,2,,,1
4101,'20261102',502,,294855,2,,,1,55,,294857,2,,,1,65,,294858,2,,,1,35,,294860,2,,,1,70,,294861,2,,,1,30,,294862,2,,,1,70,,294863,2,,,1,75,,294864,2,,,1,35,,294865,2,,,1,75,,294866,2,,,1,35,,294867,2,,,1,70,,294869,2,,,1,5,,294868,2,0,7 40 41,1,25,,294871,2,,,1,5,,294870,2,0,7 40 41,1,65,,294872,2,0,7 40 41,1,20,,294875,2,,,1,5,,294874,2,0,7 40 41,1,15,,294877,2,,,1,50,,294876,2,0,7 40 41,1,25,,294878,2,0,7 40 41,1,15,,294881,2,,,1,55,,294880,2,0,7 40 41,1,25,,294883,2,0,7 40 41,1,25,,294885,2,0,7 40 41,1,5,,294887,2,,,1,70,,294890,2,,,1,15,,294888,2,0,7 40 41,1,65,,294895,2,,,1,10,,294894,2,0,7 40 41,1,20,,294899,2,,,1,10,,294898,2,0,7 40 41,1,60,,294902,2,,,1,10,,294901,2,0,7 40 41,1,25,,294905,2,,,1,5,,294904,2,0,7 40 41,1,75,,294908,2,,,1,10,,294907,2,0,7 40 41,1,70,,294909,2,0,7 40 41,1,5,,294910,2,,,1,15,,294911,2,0,7 40 41,1,10,,294912,2,,,1,25,,294914,2,,,1,45,,294913,2,0,7 40 41,1,20,,294916,2,,,1,10,,294915,2,0,7 40 41,1,75,,294917,2,0,7 40 41,1,15,,294918,2,,,1,90,,294919,2,,,1
4101,'20261103',502,,294920,2,,,1,55,,294922,2,,,1,65,,294923,2,,,1,35,,294925,2,,,1,70,,294926,2,,,1,30,,294927,2,,,1,70,,294928,2,,,1,75,,294929,2,,,1,35,,294930,2,,,1,75,,294931,2,,,1,35,,294932,2,,,1,70,,294934,2,,,1,5,,294933,2,0,7 40 41,1,25,,294936,2,,,1,5,,294935,2,0,7 40 41,1,65,,294937,2,0,7 40 41,1,20,,294940,2,,,1,5,,294939,2,0,7 40 41,1,15,,294942,2,,,1,50,,294941,2,0,7 40 41,1,25,,294943,2,0,7 40 41,1,15,,294946,2,,,1,55,,294945,2,0,7 40 41,1,25,,294948,2,0,7 40 41,1,25,,294950,2,0,7 40 41,1,5,,294952,2,,,1,70,,294955,2,,,1,15,,294953,2,0,7 40 41,1,65,,294960,2,,,1,10,,294959,2,0,7 40 41,1,20,,294964,2,,,1,10,,294963,2,0,7 40 41,1,60,,294967,2,,,1,10,,294966,2,0,7 40 41,1,25,,294970,2,,,1,5,,294969,2,0,7 40 41,1,75,,294973,2,,,1,10,,294972,2,0,7 40 41,1,70,,294974,2,0,7 40 41,1,5,,294975,2,,,1,15,,294976,2,0,7 40 41,1,10,,294977,2,,,1,25,,294979,2,,,1,45,,294978,2,0,7 40 41,1,20,,294981,2,,,1,10,,294980,2,0,7 40 41,1,75,,294982,2,0,7 40 41,1,15,,294983,2,,,1,90,,294984,2,,,1
4101,'20261104',502,,294985,2,,,1,55,,294987,2,,,1,65,,294988,2,,,1,35,,294990,2,,,1,70,,294991,2,,,1,30,,294992,2,,,1,70,,294993,2,,,1,75,,294994,2,,,1,35,,294995,2,,,1,75,,294996,2,,,1,35,,294997,2,,,1,70,,294999,2,,,1,5,,294998,2,0,7 40 41,1,25,,295001,2,,,1,5,,295000,2,0,7 40 41,1,65,,295002,2,0,7 40 41,1,20,,295005,2,,,1,5,,295004,2,0,7 40 41,1,15,,295007,2,,,1,50,,295006,2,0,7 40 41,1,25,,295008,2,0,7 40 41,1,15,,295011,2,,,1,55,,295010,2,0,7 40 41,1,25,,295013,2,0,7 40 41,1,25,,295015,2,0,7 40 41,1,5,,295017,2,,,1,70,,295020,2,,,1,15,,295018,2,0,7 40 41,1,65,,295025,2,,,1,10,,295024,2,0,7 40 41,1,20,,295029,2,,,1,10,,295028,2,0,7 40 41,1,60,,295032,2,,,1,10,,295031,2,0,7 40 41,1,25,,295035,2,,,1,5,,295034,2,0,7 40 41,1,75,,295038,2,,,1,10,,295037,2,0,7 40 41,1,70,,295039,2,0,7 40 41,1,5,,295040,2,,,1,15,,295041,2,0,7 40 41,1,10,,295042,2,,,1,25,,295044,2,,,1,45,,295043,2,0,7 40 41,1,20,,295046,2,,,1,10,,295045,2,0,7 40 41,1,75,,295047,2,0,7 40 41,1,15,,295048,2,,,1,90,,295049,2,,,1
4101,'20261105',502,,295050,2,,,1,55,,295052,2,,,1,65,,295053,2,,,1,35,,295055,2,,,1,70,,295056,2,,,1,30,,295057,2,,,1,70,,295058,2,,,1,75,,295059,2,,,1,35,,295060,2,,,1,75,,295061,2,,,1,35,,295062,2,,,1,70,,295064,2,,,1,5,,295063,2,0,7 40 41,1,25,,295066,2,,,1,5,,295065,2,0,7 40 41,1,65,,295067,2,0,7 40 41,1,20,,295070,2,,,1,5,,295069,2,0,7 40 41,1,15,,295072,2,,,1,50,,295071,2,0,7 40 41,1,25,,295073,2,0,7 40 41,1,15,,295076,2,,,1,55,,295075,2,0,7 40 41,1,25,,295078,2,0,7 40 41,1,25,,295080,2,0,7 40 41,1,5,,295082,2,,,1,70,,295085,2,,,1,15,,295083,2,0,7 40 41,1,65,,295090,2,,,1,10,,295089,2,0,7 40 41,1,20,,295094,2,,,1,10,,295093,2,0,7 40 41,1,60,,295097,2,,,1,10,,295096,2,0,7 40 41,1,25,,295100,2,,,1,5,,295099,2,0,7 40 41,1,75,,295103,2,,,1,10,,295102,2,0,7 40 41,1,70,,295104,2,0,7 40 41,1,5,,295105,2,,,1,15,,295106,2,0,7 40 41,1,10,,295107,2,,,1,25,,295109,2,,,1,45,,295108,2,0,7 40 41,1,20,,295111,2,,,1,10,,295110,2,0,7 40 41,1,75,,295112,2,0,7 40 41,1,15,,295113,2,,,1,90,,295114,2,,,1
4101,'20261106',502,,295115,2,,,1,55,,295117,2,,,1,65,,295118,2,,,1,35,,295120,2,,,1,70,,295121,2,,,1,30,,295122,2,,,1,70,,295123,2,,,1,75,,295124,2,,,1,35,,295125,2,,,1,75,,295126,2,,,1,35,,295127,2,,,1,70,,295129,2,,,1,5,,295128,2,0,7 40 41,1,25,,295131,2,,,1,5,,295130,2,0,7 40 41,1,65,,295132,2,0,7 40 41,1,20,,295135,2,,,1,5,,295134,2,0,7 40 41,1,15,,295137,2,,,1,50,,295136,2,0,7 40 41,1,25,,295138,2,0,7 40 41,1,15,,295141,2,,,1,55,,295140,2,0,7 40 41,1,25,,295143,2,0,7 40 41,1,25,,295145,2,0,7 40 41,1,5,,295147,2,,,1,70,,295150,2,,,1,15,,295148,2,0,7 40 41,1,65,,295155,2,,,1,10,,295154,2,0,7 40 41,1,20,,295159,2,,,1,10,,295158,2,0,7 40 41,1,60,,295162,2,,,1,10,,295161,2,0,7 40 41,1,25,,295165,2,,,1,5,,295164,2,0,7 40 41,1,75,,295168,2,,,1,10,,295167,2,0,7 40 41,1,70,,295169,2,0,7 40 41,1,5,,295170,2,,,1,15,,295171,2,0,7 40 41,1,10,,295172,2,,,1,25,,295174,2,,,1,45,,295173,2,0,7 40 41,1,20,,295176,2,,,1,10,,295175,2,0,7 40 41,1,75,,295177,2,0,7 40 41,1,15,,295178,2,,,1,90,,295179,2,,,1
4101,'20261109',502,,295180,2,,,1,55,,295182,2,,,1,65,,295183,2,,,1,35,,295185,2,,,1,70,,295186,2,,,1,30,,295187,2,,,1,70,,295188,2,,,1,75,,295189,2,,,1,35,,295190,2,,,1,75,,295191,2,,,1,35,,295192,2,,,1,70,,295194,2,,,1,5,,295193,2,0,7 40 41,1,25,,295196,2,,,1,5,,295195,2,0,7 40 41,1,65,,295197,2,0,7 40 41,1,20,,295200,2,,,1,5,,295199,2,0,7 40 41,1,15,,295202,2,,,1,50,,295201,2,0,7 40 41,1,25,,295203,2,0,7 40 41,1,15,,295206,2,,,1,55,,295205,2,0,7 40 41,1,25,,295208,2,0,7 40 41,1,25,,295210,2,0,7 40 41,1,5,,295212,2,,,1,70,,295215,2,,,1,15,,295213,2,0,7 40 41,1,65,,295220,2,,,1,10,,295219,2,0,7 40 41,1,20,,295224,2,,,1,10,,295223,2,0,7 40 41,1,60,,295227,2,,,1,10,,295226,2,0,7 40 41,1,25,,295230,2,,,1,5,,295229,2,0,7 40 41,1,75,,295233,2,,,1,10,,295232,2,0,7 40 41,1,70,,295234,2,0,7 40 41,1,5,,295235,2,,,1,15,,295236,2,0,7 40 41,1,10,,295237,2,,,1,25,,295239,2,,,1,45,,295238,2,0,7 40 41,1,20,,295241,2,,,1,10,,295240,2,0,7 40 41,1,75,,295242,2,0,7 40 41,1,15,,295243,2,,,1,90,,295244,2,,,1
4101,'20261110',502,,295245,2,,,1,55,,295247,2,,,1,65,,295248,2,,,1,35,,295250,2,,,1,70,,295251,2,,,1,30,,295252,2,,,1,70,,295253,2,,,1,75,,295254,2,,,1,35,,295255,2,,,1,75,,295256,2,,,1,35,,295257,2,,,1,70,,295259,2,,,1,5,,295258,2,0,7 40 41,1,25,,295261,2,,,1,5,,295260,2,0,7 40 41,1,65,,295262,2,0,7 40 41,1,20,,295265,2,,,1,5,,295264,2,0,7 40 41,1,15,,295267,2,,,1,50,,295266,2,0,7 40 41,1,25,,295268,2,0,7 40 41,1,15,,295271,2,,,1,55,,295270,2,0,7 40 41,1,25,,295273,2,0,7 40 41,1,25,,295275,2,0,7 40 41,1,5,,295277,2,,,1,70,,295280,2,,,1,15,,295278,2,0,7 40 41,1,65,,295285,2,,,1,10,,295284,2,0,7 40 41,1,20,,295289,2,,,1,10,,295288,2,0,7 40 41,1,60,,295292,2,,,1,10,,295291,2,0,7 40 41,1,25,,295295,2,,,1,5,,295294,2,0,7 40 41,1,75,,295298,2,,,1,10,,295297,2,0,7 40 41,1,70,,295299,2,0,7 40 41,1,5,,295300,2,,,1,15,,295301,2,0,7 40 41,1,10,,295302,2,,,1,25,,295304,2,,,1,45,,295303,2,0,7 40 41,1,20,,295306,2,,,1,10,,295305,2,0,7 40 41,1,75,,295307,2,0,7 40 41,1,15,,295308,2,,,1,90,,295309,2,,,1
4101,'20261111',502,,295310,2,,,1,55,,295312,2,,,1,65,,295313,2,,,1,35,,295315,2,,,1,70,,295316,2,,,1,30,,295317,2,,,1,70,,295318,2,,,1,75,,295319,2,,,1,35,,295320,2,,,1,75,,295321,2,,,1,35,,295322,2,,,1,70,,295324,2,,,1,5,,295323,2,0,7 40 41,1,25,,295326,2,,,1,5,,295325,2,0,7 40 41,1,65,,295327,2,0,7 40 41,1,20,,295330,2,,,1,5,,295329,2,0,7 40 41,1,15,,295332,2,,,1,50,,295331,2,0,7 40 41,1,25,,295333,2,0,7 40 41,1,15,,295336,2,,,1,55,,295335,2,0,7 40 41,1,25,,295338,2,0,7 40 41,1,25,,295340,2,0,7 40 41,1,5,,295342,2,,,1,70,,295345,2,,,1,15,,295343,2,0,7 40 41,1,65,,295350,2,,,1,10,,295349,2,0,7 40 41,1,20,,295354,2,,,1,10,,295353,2,0,7 40 41,1,60,,295357,2,,,1,10,,295356,2,0,7 40 41,1,25,,295360,2,,,1,5,,295359,2,0,7 40 41,1,75,,295363,2,,,1,10,,295362,2,0,7 40 41,1,70,,295364,2,0,7 40 41,1,5,,295365,2,,,1,15,,295366,2,0,7 40 41,1,10,,295367,2,,,1,25,,295369,2,,,1,45,,295368,2,0,7 40 41,1,20,,295371,2,,,1,10,,295370,2,0,7 40 41,1,75,,295372,2,0,7 40 41,1,15,,295373,2,,,1,90,,295374,2,,,1
4101,'20261112',502,,295375,2,,,1,55,,295377,2,,,1,65,,295378,2,,,1,35,,295380,2,,,1,70,,295381,2,,,1,30,,295382,2,,,1,70,,295383,2,,,1,75,,295384,2,,,1,35,,295385,2,,,1,75,,295386,2,,,1,35,,295387,2,,,1,70,,295389,2,,,1,5,,295388,2,0,7 40 41,1,25,,295391,2,,,1,5,,295390,2,0,7 40 41,1,65,,295392,2,0,7 40 41,1,20,,295395,2,,,1,5,,295394,2,0,7 40 41,1,15,,295397,2,,,1,50,,295396,2,0,7 40 41,1,25,,295398,2,0,7 40 41,1,15,,295401,2,,,1,55,,295400,2,0,7 40 41,1,25,,295403,2,0,7 40 41,1,25,,295405,2,0,7 40 41,1,5,,295407,2,,,1,70,,295410,2,,,1,15,,295408,2,0,7 40 41,1,65,,295415,2,,,1,10,,295414,2,0,7 40 41,1,20,,295419,2,,,1,10,,295418,2,0,7 40 41,1,60,,295422,2,,,1,10,,295421,2,0,7 40 41,1,25,,295425,2,,,1,5,,295424,2,0,7 40 41,1,75,,295428,2,,,1,10,,295427,2,0,7 40 41,1,70,,295429,2,0,7 40 41,1,5,,295430,2,,,1,15,,295431,2,0,7 40 41,1,10,,295432,2,,,1,25,,295434,2,,,1,45,,295433,2,0,7 40 41,1,20,,295436,2,,,1,10,,295435,2,0,7 40 41,1,75,,295437,2,0,7 40 41,1,15,,295438,2,,,1,90,,295439,2,,,1
4101,'20261113',502,,295440,2,,,1,55,,295442,2,,,1,65,,295443,2,,,1,35,,295445,2,,,1,70,,295446,2,,,1,30,,295447,2,,,1,70,,295448,2,,,1,75,,295449,2,,,1,35,,295450,2,,,1,75,,295451,2,,,1,35,,295452,2,,,1,70,,295454,2,,,1,5,,295453,2,0,7 40 41,1,25,,295456,2,,,1,5,,295455,2,0,7 40 41,1,65,,295457,2,0,7 40 41,1,20,,295460,2,,,1,5,,295459,2,0,7 40 41,1,15,,295462,2,,,1,50,,295461,2,0,7 40 41,1,25,,295463,2,0,7 40 41,1,15,,295466,2,,,1,55,,295465,2,0,7 40 41,1,25,,295468,2,0,7 40 41,1,25,,295470,2,0,7 40 41,1,5,,295472,2,,,1,70,,295475,2,,,1,15,,295473,2,0,7 40 41,1,65,,295480,2,,,1,10,,295479,2,0,7 40 41,1,20,,295484,2,,,1,10,,295483,2,0,7 40 41,1,60,,295487,2,,,1,10,,295486,2,0,7 40 41,1,25,,295490,2,,,1,5,,295489,2,0,7 40 41,1,75,,295493,2,,,1,10,,295492,2,0,7 40 41,1,70,,295494,2,0,7 40 41,1,5,,295495,2,,,1,15,,295496,2,0,7 40 41,1,10,,295497,2,,,1,25,,295499,2,,,1,45,,295498,2,0,7 40 41,1,20,,295501,2,,,1,10,,295500,2,0,7 40 41,1,75,,295502,2,0,7 40 41,1,15,,295503,2,,,1,90,,295504,2,,,1
4101,'20261116',502,,295505,2,,,1,55,,295507,2,,,1,65,,295508,2,,,1,35,,295510,2,,,1,70,,295511,2,,,1,30,,295512,2,,,1,70,,295513,2,,,1,75,,295514,2,,,1,35,,295515,2,,,1,75,,295516,2,,,1,35,,295517,2,,,1,70,,295519,2,,,1,5,,295518,2,0,7 40 41,1,25,,295521,2,,,1,5,,295520,2,0,7 40 41,1,65,,295522,2,0,7 40 41,1,20,,295525,2,,,1,5,,295524,2,0,7 40 41,1,15,,295527,2,,,1,50,,295526,2,0,7 40 41,1,25,,295528,2,0,7 40 41,1,15,,295531,2,,,1,55,,295530,2,0,7 40 41,1,25,,295533,2,0,7 40 41,1,25,,295535,2,0,7 40 41,1,5,,295537,2,,,1,70,,295540,2,,,1,15,,295538,2,0,7 40 41,1,65,,295545,2,,,1,10,,295544,2,0,7 40 41,1,20,,295549,2,,,1,10,,295548,2,0,7 40 41,1,60,,295552,2,,,1,10,,295551,2,0,7 40 41,1,25,,295555,2,,,1,5,,295554,2,0,7 40 41,1,75,,295558,2,,,1,10,,295557,2,0,7 40 41,1,70,,295559,2,0,7 40 41,1,5,,295560,2,,,1,15,,295561,2,0,7 40 41,1,10,,295562,2,,,1,25,,295564,2,,,1,45,,295563,2,0,7 40 41,1,20,,295566,2,,,1,10,,295565,2,0,7 40 41,1,75,,295567,2,0,7 40 41,1,15,,295568,2,,,1,90,,295569,2,,,1
4101,'20261117',502,,295570,2,,,1,55,,295572,2,,,1,65,,295573,2,,,1,35,,295575,2,,,1,70,,295576,2,,,1,30,,295577,2,,,1,70,,295578,2,,,1,75,,295579,2,,,1,35,,295580,2,,,1,75,,295581,2,,,1,35,,295582,2,,,1,70,,295584,2,,,1,5,,295583,2,0,7 40 41,1,25,,295586,2,,,1,5,,295585,2,0,7 40 41,1,65,,295587,2,0,7 40 41,1,20,,295590,2,,,1,5,,295589,2,0,7 40 41,1,15,,295592,2,,,1,50,,295591,2,0,7 40 41,1,25,,295593,2,0,7 40 41,1,15,,295596,2,,,1,55,,295595,2,0,7 40 41,1,25,,295598,2,0,7 40 41,1,25,,295600,2,0,7 40 41,1,5,,295602,2,,,1,70,,295605,2,,,1,15,,295603,2,0,7 40 41,1,65,,295610,2,,,1,10,,295609,2,0,7 40 41,1,20,,295614,2,,,1,10,,295613,2,0,7 40 41,1,60,,295617,2,,,1,10,,295616,2,0,7 40 41,1,25,,295620,2,,,1,5,,295619,2,0,7 40 41,1,75,,295623,2,,,1,10,,295622,2,0,7 40 41,1,70,,295624,2,0,7 40 41,1,5,,295625,2,,,1,15,,295626,2,0,7 40 41,1,10,,295627,2,,,1,25,,295629,2,,,1,45,,295628,2,0,7 40 41,1,20,,295631,2,,,1,10,,295630,2,0,7 40 41,1,75,,295632,2,0,7 40 41,1,15,,295633,2,,,1,90,,295634,2,,,1
4101,'20261118',502,,295635,2,,,1,55,,295637,2,,,1,65,,295638,2,,,1,35,,295640,2,,,1,70,,295641,2,,,1,30,,295642,2,,,1,70,,295643,2,,,1,75,,295644,2,,,1,35,,295645,2,,,1,75,,295646,2,,,1,35,,295647,2,,,1,70,,295649,2,,,1,5,,295648,2,0,7 40 41,1,25,,295651,2,,,1,5,,295650,2,0,7 40 41,1,65,,295652,2,0,7 40 41,1,20,,295655,2,,,1,5,,295654,2,0,7 40 41,1,15,,295657,2,,,1,50,,295656,2,0,7 40 41,1,25,,295658,2,0,7 40 41,1,15,,295661,2,,,1,55,,295660,2,0,7 40 41,1,25,,295663,2,0,7 40 41,1,25,,295665,2,0,7 40 41,1,5,,295667,2,,,1,70,,295670,2,,,1,15,,295668,2,0,7 40 41,1,65,,295675,2,,,1,10,,295674,2,0,7 40 41,1,20,,295679,2,,,1,10,,295678,2,0,7 40 41,1,60,,295682,2,,,1,10,,295681,2,0,7 40 41,1,25,,295685,2,,,1,5,,295684,2,0,7 40 41,1,75,,295688,2,,,1,10,,295687,2,0,7 40 41,1,70,,295689,2,0,7 40 41,1,5,,295690,2,,,1,15,,295691,2,0,7 40 41,1,10,,295692,2,,,1,25,,295694,2,,,1,45,,295693,2,0,7 40 41,1,20,,295696,2,,,1,10,,295695,2,0,7 40 41,1,75,,295697,2,0,7 40 41,1,15,,295698,2,,,1,90,,295699,2,,,1
4101,'20261119',502,,295700,2,,,1,55,,295702,2,,,1,65,,295703,2,,,1,35,,295705,2,,,1,70,,295706,2,,,1,30,,295707,2,,,1,70,,295708,2,,,1,75,,295709,2,,,1,35,,295710,2,,,1,75,,295711,2,,,1,35,,295712,2,,,1,70,,295714,2,,,1,5,,295713,2,0,7 40 41,1,25,,295716,2,,,1,5,,295715,2,0,7 40 41,1,65,,295717,2,0,7 40 41,1,20,,295720,2,,,1,5,,295719,2,0,7 40 41,1,15,,295722,2,,,1,50,,295721,2,0,7 40 41,1,25,,295723,2,0,7 40 41,1,15,,295726,2,,,1,55,,295725,2,0,7 40 41,1,25,,295728,2,0,7 40 41,1,25,,295730,2,0,7 40 41,1,5,,295732,2,,,1,70,,295735,2,,,1,15,,295733,2,0,7 40 41,1,65,,295740,2,,,1,10,,295739,2,0,7 40 41,1,20,,295744,2,,,1,10,,295743,2,0,7 40 41,1,60,,295747,2,,,1,10,,295746,2,0,7 40 41,1,25,,295750,2,,,1,5,,295749,2,0,7 40 41,1,75,,295753,2,,,1,10,,295752,2,0,7 40 41,1,70,,295754,2,0,7 40 41,1,5,,295755,2,,,1,15,,295756,2,0,7 40 41,1,10,,295757,2,,,1,25,,295759,2,,,1,45,,295758,2,0,7 40 41,1,20,,295761,2,,,1,10,,295760,2,0,7 40 41,1,75,,295762,2,0,7 40 41,1,15,,295763,2,,,1,90,,295764,2,,,1
4101,'20261120',502,,295765,2,,,1,55,,295767,2,,,1,65,,295768,2,,,1,35,,295770,2,,,1,70,,295771,2,,,1,30,,295772,2,,,1,70,,295773,2,,,1,75,,295774,2,,,1,35,,295775,2,,,1,75,,295776,2,,,1,35,,295777,2,,,1,70,,295779,2,,,1,5,,295778,2,0,7 40 41,1,25,,295781,2,,,1,5,,295780,2,0,7 40 41,1,65,,295782,2,0,7 40 41,1,20,,295785,2,,,1,5,,295784,2,0,7 40 41,1,15,,295787,2,,,1,50,,295786,2,0,7 40 41,1,25,,295788,2,0,7 40 41,1,15,,295791,2,,,1,55,,295790,2,0,7 40 41,1,25,,295793,2,0,7 40 41,1,25,,295795,2,0,7 40 41,1,5,,295797,2,,,1,70,,295800,2,,,1,15,,295798,2,0,7 40 41,1,65,,295805,2,,,1,10,,295804,2,0,7 40 41,1,20,,295809,2,,,1,10,,295808,2,0,7 40 41,1,60,,295812,2,,,1,10,,295811,2,0,7 40 41,1,25,,295815,2,,,1,5,,295814,2,0,7 40 41,1,75,,295818,2,,,1,10,,295817,2,0,7 40 41,1,70,,295819,2,0,7 40 41,1,5,,295820,2,,,1,15,,295821,2,0,7 40 41,1,10,,295822,2,,,1,25,,295824,2,,,1,45,,295823,2,0,7 40 41,1,20,,295826,2,,,1,10,,295825,2,0,7 40 41,1,75,,295827,2,0,7 40 41,1,15,,295828,2,,,1,90,,295829,2,,,1
4101,'20261123',502,,295830,2,,,1,55,,295832,2,,,1,65,,295833,2,,,1,35,,295835,2,,,1,70,,295836,2,,,1,30,,295837,2,,,1,70,,295838,2,,,1,75,,295839,2,,,1,35,,295840,2,,,1,75,,295841,2,,,1,35,,295842,2,,,1,70,,295844,2,,,1,5,,295843,2,0,7 40 41,1,25,,295846,2,,,1,5,,295845,2,0,7 40 41,1,65,,295847,2,0,7 40 41,1,20,,295850,2,,,1,5,,295849,2,0,7 40 41,1,15,,295852,2,,,1,50,,295851,2,0,7 40 41,1,25,,295853,2,0,7 40 41,1,15,,295856,2,,,1,55,,295855,2,0,7 40 41,1,25,,295858,2,0,7 40 41,1,25,,295860,2,0,7 40 41,1,5,,295862,2,,,1,70,,295865,2,,,1,15,,295863,2,0,7 40 41,1,65,,295870,2,,,1,10,,295869,2,0,7 40 41,1,20,,295874,2,,,1,10,,295873,2,0,7 40 41,1,60,,295877,2,,,1,10,,295876,2,0,7 40 41,1,25,,295880,2,,,1,5,,295879,2,0,7 40 41,1,75,,295883,2,,,1,10,,295882,2,0,7 40 41,1,70,,295884,2,0,7 40 41,1,5,,295885,2,,,1,15,,295886,2,0,7 40 41,1,10,,295887,2,,,1,25,,295889,2,,,1,45,,295888,2,0,7 40 41,1,20,,295891,2,,,1,10,,295890,2,0,7 40 41,1,75,,295892,2,0,7 40 41,1,15,,295893,2,,,1,90,,295894,2,,,1
4101,'20261124',502,,295895,2,,,1,55,,295897,2,,,1,65,,295898,2,,,1,35,,295900,2,,,1,70,,295901,2,,,1,30,,295902,2,,,1,70,,295903,2,,,1,75,,295904,2,,,1,35,,295905,2,,,1,75,,295906,2,,,1,35,,295907,2,,,1,70,,295909,2,,,1,5,,295908,2,0,7 40 41,1,25,,295911,2,,,1,5,,295910,2,0,7 40 41,1,65,,295912,2,0,7 40 41,1,20,,295915,2,,,1,5,,295914,2,0,7 40 41,1,15,,295917,2,,,1,50,,295916,2,0,7 40 41,1,25,,295918,2,0,7 40 41,1,15,,295921,2,,,1,55,,295920,2,0,7 40 41,1,25,,295923,2,0,7 40 41,1,25,,295925,2,0,7 40 41,1,5,,295927,2,,,1,70,,295930,2,,,1,15,,295928,2,0,7 40 41,1,65,,295935,2,,,1,10,,295934,2,0,7 40 41,1,20,,295939,2,,,1,10,,295938,2,0,7 40 41,1,60,,295942,2,,,1,10,,295941,2,0,7 40 41,1,25,,295945,2,,,1,5,,295944,2,0,7 40 41,1,75,,295948,2,,,1,10,,295947,2,0,7 40 41,1,70,,295949,2,0,7 40 41,1,5,,295950,2,,,1,15,,295951,2,0,7 40 41,1,10,,295952,2,,,1,25,,295954,2,,,1,45,,295953,2,0,7 40 41,1,20,,295956,2,,,1,10,,295955,2,0,7 40 41,1,75,,295957,2,0,7 40 41,1,15,,295958,2,,,1,90,,295959,2,,,1
4101,'20261125',502,,295960,2,,,1,55,,295962,2,,,1,65,,295963,2,,,1,35,,295965,2,,,1,70,,295966,2,,,1,30,,295967,2,,,1,70,,295968,2,,,1,75,,295969,2,,,1,35,,295970,2,,,1,75,,295971,2,,,1,35,,295972,2,,,1,70,,295974,2,,,1,5,,295973,2,0,7 40 41,1,25,,295976,2,,,1,5,,295975,2,0,7 40 41,1,65,,295977,2,0,7 40 41,1,20,,295980,2,,,1,5,,295979,2,0,7 40 41,1,15,,295982,2,,,1,50,,295981,2,0,7 40 41,1,25,,295983,2,0,7 40 41,1,15,,295986,2,,,1,55,,295985,2,0,7 40 41,1,25,,295988,2,0,7 40 41,1,25,,295990,2,0,7 40 41,1,5,,295992,2,,,1,70,,295995,2,,,1,15,,295993,2,0,7 40 41,1,65,,296000,2,,,1,10,,295999,2,0,7 40 41,1,20,,296004,2,,,1,10,,296003,2,0,7 40 41,1,60,,296007,2,,,1,10,,296006,2,0,7 40 41,1,25,,296010,2,,,1,5,,296009,2,0,7 40 41,1,75,,296013,2,,,1,10,,296012,2,0,7 40 41,1,70,,296014,2,0,7 40 41,1,5,,296015,2,,,1,15,,296016,2,0,7 40 41,1,10,,296017,2,,,1,25,,296019,2,,,1,45,,296018,2,0,7 40 41,1,20,,296021,2,,,1,10,,296020,2,0,7 40 41,1,75,,296022,2,0,7 40 41,1,15,,296023,2,,,1,90,,296024,2,,,1
4101,'20261126',502,,296025,2,,,1,55,,296027,2,,,1,65,,296028,2,,,1,35,,296030,2,,,1,70,,296031,2,,,1,30,,296032,2,,,1,70,,296033,2,,,1,75,,296034,2,,,1,35,,296035,2,,,1,75,,296036,2,,,1,35,,296037,2,,,1,70,,296039,2,,,1,5,,296038,2,0,7 40 41,1,25,,296041,2,,,1,5,,296040,2,0,7 40 41,1,65,,296042,2,0,7 40 41,1,20,,296045,2,,,1,5,,296044,2,0,7 40 41,1,15,,296047,2,,,1,50,,296046,2,0,7 40 41,1,25,,296048,2,0,7 40 41,1,15,,296051,2,,,1,55,,296050,2,0,7 40 41,1,25,,296053,2,0,7 40 41,1,25,,296055,2,0,7 40 41,1,5,,296057,2,,,1,70,,296060,2,,,1,15,,296058,2,0,7 40 41,1,65,,296065,2,,,1,10,,296064,2,0,7 40 41,1,20,,296069,2,,,1,10,,296068,2,0,7 40 41,1,60,,296072,2,,,1,10,,296071,2,0,7 40 41,1,25,,296075,2,,,1,5,,296074,2,0,7 40 41,1,75,,296078,2,,,1,10,,296077,2,0,7 40 41,1,70,,296079,2,0,7 40 41,1,5,,296080,2,,,1,15,,296081,2,0,7 40 41,1,10,,296082,2,,,1,25,,296084,2,,,1,45,,296083,2,0,7 40 41,1,20,,296086,2,,,1,10,,296085,2,0,7 40 41,1,75,,296087,2,0,7 40 41,1,15,,296088,2,,,1,90,,296089,2,,,1
4101,'20261127',502,,296090,2,,,1,55,,296092,2,,,1,65,,296093,2,,,1,35,,296095,2,,,1,70,,296096,2,,,1,30,,296097,2,,,1,70,,296098,2,,,1,75,,296099,2,,,1,35,,296100,2,,,1,75,,296101,2,,,1,35,,296102,2,,,1,70,,296104,2,,,1,5,,296103,2,0,7 40 41,1,25,,296106,2,,,1,5,,296105,2,0,7 40 41,1,65,,296107,2,0,7 40 41,1,20,,296110,2,,,1,5,,296109,2,0,7 40 41,1,15,,296112,2,,,1,50,,296111,2,0,7 40 41,1,25,,296113,2,0,7 40 41,1,15,,296116,2,,,1,55,,296115,2,0,7 40 41,1,25,,296118,2,0,7 40 41,1,25,,296120,2,0,7 40 41,1,5,,296122,2,,,1,70,,296125,2,,,1,15,,296123,2,0,7 40 41,1,65,,296130,2,,,1,10,,296129,2,0,7 40 41,1,20,,296134,2,,,1,10,,296133,2,0,7 40 41,1,60,,296137,2,,,1,10,,296136,2,0,7 40 41,1,25,,296140,2,,,1,5,,296139,2,0,7 40 41,1,75,,296143,2,,,1,10,,296142,2,0,7 40 41,1,70,,296144,2,0,7 40 41,1,5,,296145,2,,,1,15,,296146,2,0,7 40 41,1,10,,296147,2,,,1,25,,296149,2,,,1,45,,296148,2,0,7 40 41,1,20,,296151,2,,,1,10,,296150,2,0,7 40 41,1,75,,296152,2,0,7 40 41,1,15,,296153,2,,,1,90,,296154,2,,,1
9401,'20260831',432,,217125,2,,,1,100,,217126,2,,,1,80,,217127,2,,,1,25,,217128,2,,,1,95,,217129,2,,,1,105,,217130,2,,,1,100,,217131,2,,,1,100,,217132,2,,,1,100,,217133,2,,,1,100,,217134,2,,,1,100,,217135,2,,,1,100,,217136,2,,,1,100,,217137,2,,,1,100,,217138,2,,,1,100,,217139,2,,,1,100,,217140,2,,,1,100,,217141,2,,,1,100,,217142,2,,,1,100,,217143,2,,,1,100,,217144,2,,,1,195,,217145,2,,,1,200,,217146,2,,,1
9401,'20260901',432,,217147,2,,,1,100,,217148,2,,,1,80,,217149,2,,,1,25,,217150,2,,,1,95,,217151,2,,,1,105,,217152,2,,,1,100,,217153,2,,,1,100,,217154,2,,,1,100,,217155,2,,,1,100,,217156,2,,,1,100,,217157,2,,,1,100,,217158,2,,,1,100,,217159,2,,,1,100,,217160,2,,,1,100,,217161,2,,,1,100,,217162,2,,,1,100,,217163,2,,,1,100,,217164,2,,,1,100,,217165,2,,,1,100,,217166,2,,,1,195,,217167,2,,,1,200,,217168,2,,,1
9401,'20260902',432,,217169,2,,,1,100,,217170,2,,,1,80,,217171,2,,,1,25,,217172,2,,,1,95,,217173,2,,,1,105,,217174,2,,,1,100,,217175,2,,,1,100,,217176,2,,,1,100,,217177,2,,,1,100,,217178,2,,,1,100,,217179,2,,,1,100,,217180,2,,,1,100,,217181,2,,,1,100,,217182,2,,,1,100,,217183,2,,,1,100,,217184,2,,,1,100,,217185,2,,,1,100,,217186,2,,,1,100,,217187,2,,,1,100,,217188,2,,,1,195,,217189,2,,,1,200,,217190,2,,,1
9401,'20260903',432,,217191,2,,,1,100,,217192,2,,,1,80,,217193,2,,,1,25,,217194,2,,,1,95,,217195,2,,,1,105,,217196,2,,,1,100,,217197,2,,,1,100,,217198,2,,,1,100,,217199,2,,,1,100,,217200,2,,,1,100,,217201,2,,,1,100,,217202,2,,,1,100,,217203,2,,,1,100,,217204,2,,,1,100,,217205,2,,,1,100,,217206,2,,,1,100,,217207,2,,,1,100,,217208,2,,,1,100,,217209,2,,,1,100,,217210,2,,,1,195,,217211,2,,,1,200,,217212,2,,,1
9401,'20260904',432,,217213,2,,,1,100,,217214,2,,,1,80,,217215,2,,,1,25,,217216,2,,,1,95,,217217,2,,,1,105,,217218,2,,,1,100,,217219,2,,,1,100,,217220,2,,,1,100,,217221,2,,,1,100,,217222,2,,,1,100,,217223,2,,,1,100,,217224,2,,,1,100,,217225,2,,,1,100,,217226,2,,,1,100,,217227,2,,,1,100,,217228,2,,,1,100,,217229,2,,,1,100,,217230,2,,,1,100,,217231,2,,,1,100,,217232,2,,,1,195,,217233,2,,,1,200,,217234,2,,,1
9401,'20260905',427,,328234,2,,,1,100,,328235,2,,,1,110,,328236,2,,,1,100,,328237,2,,,1,100,,328238,2,,,1,100,,328239,2,,,1,100,,328240,2,,,1,100,,328241,2,,,1,100,,328242,2,,,1,100,,328243,2,,,1,100,,328244,2,,,1,100,,328245,2,,,1,100,,328246,2,,,1,100,,328247,2,,,1,100,,328248,2,,,1,100,,328249,2,,,1,100,,328250,2,,,1,200,,328251,2,,,1,190,,328252,2,,,1,200,,328253,2,,,1
9401,'20260906',427,,328254,2,,,1,100,,328255,2,,,1,110,,328256,2,,,1,100,,328257,2,,,1,100,,328258,2,,,1,100,,328259,2,,,1,100,,328260,2,,,1,100,,328261,2,,,1,100,,328262,2,,,1,100,,328263,2,,,1,100,,328264,2,,,1,100,,328265,2,,,1,100,,328266,2,,,1,100,,328267,2,,,1,100,,328268,2,,,1,100,,328269,2,,,1,100,,328270,2,,,1,200,,328271,2,,,1,190,,328272,2,,,1,200,,328273,2,,,1
9401,'20260907',427,,328274,2,,,1,100,,328275,2,,,1,110,,328276,2,,,1,100,,328277,2,,,1,100,,328278,2,,,1,100,,328279,2,,,1,100,,328280,2,,,1,100,,328281,2,,,1,100,,328282,2,,,1,100,,328283,2,,,1,100,,328284,2,,,1,100,,328285,2,,,1,100,,328286,2,,,1,100,,328287,2,,,1,100,,328288,2,,,1,100,,328289,2,,,1,100,,328290,2,,,1,200,,328291,2,,,1,190,,328292,2,,,1,200,,328293,2,,,1
9401,'20260908',432,,328294,2,,,1,100,,328295,2,,,1,75,,328296,2,,,1,30,,328297,2,,,1,95,,328298,2,,,1,105,,328299,2,,,1,100,,328300,2,,,1,100,,328301,2,,,1,100,,328302,2,,,1,100,,328303,2,,,1,100,,328304,2,,,1,100,,328305,2,,,1,100,,328306,2,,,1,100,,328307,2,,,1,100,,328308,2,,,1,100,,328309,2,,,1,105,,328310,2,,,1,95,,328311,2,,,1,100,,328312,2,,,1,100,,328313,2,,,1,195,,328314,2,,,1,200,,328315,2,,,1
9401,'20260909',432,,328316,2,,,1,100,,328317,2,,,1,75,,328318,2,,,1,30,,328319,2,,,1,95,,328320,2,,,1,105,,328321,2,,,1,100,,328322,2,,,1,100,,328323,2,,,1,100,,328324,2,,,1,100,,328325,2,,,1,100,,328326,2,,,1,100,,328327,2,,,1,100,,328328,2,,,1,100,,328329,2,,,1,100,,328330,2,,,1,100,,328331,2,,,1,105,,328332,2,,,1,95,,328333,2,,,1,100,,328334,2,,,1,100,,328335,2,,,1,195,,328336,2,,,1,200,,328337,2,,,1
9401,'20260910',432,,328338,2,,,1,100,,328339,2,,,1,75,,328340,2,,,1,30,,328341,2,,,1,95,,328342,2,,,1,105,,328343,2,,,1,100,,328344,2,,,1,100,,328345,2,,,1,100,,328346,2,,,1,100,,328347,2,,,1,100,,328348,2,,,1,100,,328349,2,,,1,100,,328350,2,,,1,100,,328351,2,,,1,100,,328352,2,,,1,100,,328353,2,,,1,105,,328354,2,,,1,95,,328355,2,,,1,100,,328356,2,,,1,100,,328357,2,,,1,195,,328358,2,,,1,200,,328359,2,,,1
9401,'20260911',432,,328360,2,,,1,100,,328361,2,,,1,75,,328362,2,,,1,30,,328363,2,,,1,95,,328364,2,,,1,105,,328365,2,,,1,100,,328366,2,,,1,100,,328367,2,,,1,100,,328368,2,,,1,100,,328369,2,,,1,100,,328370,2,,,1,100,,328371,2,,,1,100,,328372,2,,,1,100,,328373,2,,,1,100,,328374,2,,,1,100,,328375,2,,,1,105,,328376,2,,,1,95,,328377,2,,,1,100,,328378,2,,,1,100,,328379,2,,,1,195,,328380,2,,,1,200,,328381,2,,,1
9401,'20260912',427,,328382,2,,,1,100,,328383,2,,,1,110,,328384,2,,,1,100,,328385,2,,,1,100,,328386,2,,,1,100,,328387,2,,,1,100,,328388,2,,,1,100,,328389,2,,,1,100,,328390,2,,,1,100,,328391,2,,,1,100,,328392,2,,,1,100,,328393,2,,,1,100,,328394,2,,,1,100,,328395,2,,,1,100,,328396,2,,,1,100,,328397,2,,,1,100,,328398,2,,,1,200,,328399,2,,,1,190,,328400,2,,,1,200,,328401,2,,,1
9401,'20260913',427,,328402,2,,,1,100,,328403,2,,,1,110,,328404,2,,,1,100,,328405,2,,,1,100,,328406,2,,,1,100,,328407,2,,,1,100,,328408,2,,,1,100,,328409,2,,,1,100,,328410,2,,,1,100,,328411,2,,,1,100,,328412,2,,,1,100,,328413,2,,,1,100,,328414,2,,,1,100,,328415,2,,,1,100,,328416,2,,,1,100,,328417,2,,,1,100,,328418,2,,,1,200,,328419,2,,,1,190,,328420,2,,,1,200,,328421,2,,,1
9401,'20260914',432,,328422,2,,,1,100,,328423,2,,,1,75,,328424,2,,,1,30,,328425,2,,,1,95,,328426,2,,,1,105,,328427,2,,,1,100,,328428,2,,,1,100,,328429,2,,,1,100,,328430,2,,,1,100,,328431,2,,,1,100,,328432,2,,,1,100,,328433,2,,,1,100,,328434,2,,,1,100,,328435,2,,,1,100,,328436,2,,,1,100,,328437,2,,,1,105,,328438,2,,,1,95,,328439,2,,,1,100,,328440,2,,,1,100,,328441,2,,,1,195,,328442,2,,,1,200,,328443,2,,,1
9401,'20260915',432,,328444,2,,,1,100,,328445,2,,,1,75,,328446,2,,,1,30,,328447,2,,,1,95,,328448,2,,,1,105,,328449,2,,,1,100,,328450,2,,,1,100,,328451,2,,,1,100,,328452,2,,,1,100,,328453,2,,,1,100,,328454,2,,,1,100,,328455,2,,,1,100,,328456,2,,,1,100,,328457,2,,,1,100,,328458,2,,,1,100,,328459,2,,,1,105,,328460,2,,,1,95,,328461,2,,,1,100,,328462,2,,,1,100,,328463,2,,,1,195,,328464,2,,,1,200,,328465,2,,,1
9401,'20260916',432,,328466,2,,,1,100,,328467,2,,,1,75,,328468,2,,,1,30,,328469,2,,,1,95,,328470,2,,,1,105,,328471,2,,,1,100,,328472,2,,,1,100,,328473,2,,,1,100,,328474,2,,,1,100,,328475,2,,,1,100,,328476,2,,,1,100,,328477,2,,,1,100,,328478,2,,,1,100,,328479,2,,,1,100,,328480,2,,,1,100,,328481,2,,,1,105,,328482,2,,,1,95,,328483,2,,,1,100,,328484,2,,,1,100,,328485,2,,,1,195,,328486,2,,,1,200,,328487,2,,,1
9401,'20260917',432,,328488,2,,,1,100,,328489,2,,,1,75,,328490,2,,,1,30,,328491,2,,,1,95,,328492,2,,,1,105,,328493,2,,,1,100,,328494,2,,,1,100,,328495,2,,,1,100,,328496,2,,,1,100,,328497,2,,,1,100,,328498,2,,,1,100,,328499,2,,,1,100,,328500,2,,,1,100,,328501,2,,,1,100,,328502,2,,,1,100,,328503,2,,,1,105,,328504,2,,,1,95,,328505,2,,,1,100,,328506,2,,,1,100,,328507,2,,,1,195,,328508,2,,,1,200,,328509,2,,,1
9401,'20260918',432,,328510,2,,,1,100,,328511,2,,,1,75,,328512,2,,,1,30,,328513,2,,,1,95,,328514,2,,,1,105,,328515,2,,,1,100,,328516,2,,,1,100,,328517,2,,,1,100,,328518,2,,,1,100,,328519,2,,,1,100,,328520,2,,,1,100,,328521,2,,,1,100,,328522,2,,,1,100,,328523,2,,,1,100,,328524,2,,,1,100,,328525,2,,,1,105,,328526,2,,,1,95,,328527,2,,,1,100,,328528,2,,,1,100,,328529,2,,,1,195,,328530,2,,,1,200,,328531,2,,,1
9401,'20260919',427,,328532,2,,,1,100,,328533,2,,,1,110,,328534,2,,,1,100,,328535,2,,,1,100,,328536,2,,,1,100,,328537,2,,,1,100,,328538,2,,,1,100,,328539,2,,,1,100,,328540,2,,,1,100,,328541,2,,,1,100,,328542,2,,,1,100,,328543,2,,,1,100,,328544,2,,,1,100,,328545,2,,,1,100,,328546,2,,,1,100,,328547,2,,,1,100,,328548,2,,,1,200,,328549,2,,,1,190,,328550,2,,,1,200,,328551,2,,,1
9401,'20260920',427,,328552,2,,,1,100,,328553,2,,,1,110,,328554,2,,,1,100,,328555,2,,,1,100,,328556,2,,,1,100,,328557,2,,,1,100,,328558,2,,,1,100,,328559,2,,,1,100,,328560,2,,,1,100,,328561,2,,,1,100,,328562,2,,,1,100,,328563,2,,,1,100,,328564,2,,,1,100,,328565,2,,,1,100,,328566,2,,,1,100,,328567,2,,,1,100,,328568,2,,,1,200,,328569,2,,,1,190,,328570,2,,,1,200,,328571,2,,,1
9401,'20260921',432,,328572,2,,,1,100,,328573,2,,,1,75,,328574,2,,,1,30,,328575,2,,,1,95,,328576,2,,,1,105,,328577,2,,,1,100,,328578,2,,,1,100,,328579,2,,,1,100,,328580,2,,,1,100,,328581,2,,,1,100,,328582,2,,,1,100,,328583,2,,,1,100,,328584,2,,,1,100,,328585,2,,,1,100,,328586,2,,,1,100,,328587,2,,,1,105,,328588,2,,,1,95,,328589,2,,,1,100,,328590,2,,,1,100,,328591,2,,,1,195,,328592,2,,,1,200,,328593,2,,,1
9401,'20260922',432,,328594,2,,,1,100,,328595,2,,,1,75,,328596,2,,,1,30,,328597,2,,,1,95,,328598,2,,,1,105,,328599,2,,,1,100,,328600,2,,,1,100,,328601,2,,,1,100,,328602,2,,,1,100,,328603,2,,,1,100,,328604,2,,,1,100,,328605,2,,,1,100,,328606,2,,,1,100,,328607,2,,,1,100,,328608,2,,,1,100,,328609,2,,,1,105,,328610,2,,,1,95,,328611,2,,,1,100,,328612,2,,,1,100,,328613,2,,,1,195,,328614,2,,,1,200,,328615,2,,,1
9401,'20260923',432,,328616,2,,,1,100,,328617,2,,,1,75,,328618,2,,,1,30,,328619,2,,,1,95,,328620,2,,,1,105,,328621,2,,,1,100,,328622,2,,,1,100,,328623,2,,,1,100,,328624,2,,,1,100,,328625,2,,,1,100,,328626,2,,,1,100,,328627,2,,,1,100,,328628,2,,,1,100,,328629,2,,,1,100,,328630,2,,,1,100,,328631,2,,,1,105,,328632,2,,,1,95,,328633,2,,,1,100,,328634,2,,,1,100,,328635,2,,,1,195,,328636,2,,,1,200,,328637,2,,,1
9401,'20260924',432,,328638,2,,,1,100,,328639,2,,,1,75,,328640,2,,,1,30,,328641,2,,,1,95,,328642,2,,,1,105,,328643,2,,,1,100,,328644,2,,,1,100,,328645,2,,,1,100,,328646,2,,,1,100,,328647,2,,,1,100,,328648,2,,,1,100,,328649,2,,,1,100,,328650,2,,,1,100,,328651,2,,,1,100,,328652,2,,,1,100,,328653,2,,,1,105,,328654,2,,,1,95,,328655,2,,,1,100,,328656,2,,,1,100,,328657,2,,,1,195,,328658,2,,,1,200,,328659,2,,,1
9401,'20260925',432,,328660,2,,,1,100,,328661,2,,,1,75,,328662,2,,,1,30,,328663,2,,,1,95,,328664,2,,,1,105,,328665,2,,,1,100,,328666,2,,,1,100,,328667,2,,,1,100,,328668,2,,,1,100,,328669,2,,,1,100,,328670,2,,,1,100,,328671,2,,,1,100,,328672,2,,,1,100,,328673,2,,,1,100,,328674,2,,,1,100,,328675,2,,,1,105,,328676,2,,,1,95,,328677,2,,,1,100,,328678,2,,,1,100,,328679,2,,,1,195,,328680,2,,,1,200,,328681,2,,,1
9401,'20260926',427,,328682,2,,,1,100,,328683,2,,,1,110,,328684,2,,,1,100,,328685,2,,,1,100,,328686,2,,,1,100,,328687,2,,,1,100,,328688,2,,,1,100,,328689,2,,,1,100,,328690,2,,,1,100,,328691,2,,,1,100,,328692,2,,,1,100,,328693,2,,,1,100,,328694,2,,,1,100,,328695,2,,,1,100,,328696,2,,,1,100,,328697,2,,,1,100,,328698,2,,,1,200,,328699,2,,,1,190,,328700,2,,,1,200,,328701,2,,,1
9401,'20260927',427,,328702,2,,,1,100,,328703,2,,,1,110,,328704,2,,,1,100,,328705,2,,,1,100,,328706,2,,,1,100,,328707,2,,,1,100,,328708,2,,,1,100,,328709,2,,,1,100,,328710,2,,,1,100,,328711,2,,,1,100,,328712,2,,,1,100,,328713,2,,,1,100,,328714,2,,,1,100,,328715,2,,,1,100,,328716,2,,,1,100,,328717,2,,,1,100,,328718,2,,,1,200,,328719,2,,,1,190,,328720,2,,,1,200,,328721,2,,,1
9401,'20260928',432,,328722,2,,,1,100,,328723,2,,,1,75,,328724,2,,,1,30,,328725,2,,,1,95,,328726,2,,,1,105,,328727,2,,,1,100,,328728,2,,,1,100,,328729,2,,,1,100,,328730,2,,,1,100,,328731,2,,,1,100,,328732,2,,,1,100,,328733,2,,,1,100,,328734,2,,,1,100,,328735,2,,,1,100,,328736,2,,,1,100,,328737,2,,,1,105,,328738,2,,,1,95,,328739,2,,,1,100,,328740,2,,,1,100,,328741,2,,,1,195,,328742,2,,,1,200,,328743,2,,,1
9401,'20260929',432,,328744,2,,,1,100,,328745,2,,,1,75,,328746,2,,,1,30,,328747,2,,,1,95,,328748,2,,,1,105,,328749,2,,,1,100,,328750,2,,,1,100,,328751,2,,,1,100,,328752,2,,,1,100,,328753,2,,,1,100,,328754,2,,,1,100,,328755,2,,,1,100,,328756,2,,,1,100,,328757,2,,,1,100,,328758,2,,,1,100,,328759,2,,,1,105,,328760,2,,,1,95,,328761,2,,,1,100,,328762,2,,,1,100,,328763,2,,,1,195,,328764,2,,,1,200,,328765,2,,,1
9401,'20260930',432,,328766,2,,,1,100,,328767,2,,,1,75,,328768,2,,,1,30,,328769,2,,,1,95,,328770,2,,,1,105,,328771,2,,,1,100,,328772,2,,,1,100,,328773,2,,,1,100,,328774,2,,,1,100,,328775,2,,,1,100,,328776,2,,,1,100,,328777,2,,,1,100,,328778,2,,,1,100,,328779,2,,,1,100,,328780,2,,,1,100,,328781,2,,,1,105,,328782,2,,,1,95,,328783,2,,,1,100,,328784,2,,,1,100,,328785,2,,,1,195,,328786,2,,,1,200,,328787,2,,,1
9401,'20261001',432,,328788,2,,,1,100,,328789,2,,,1,75,,328790,2,,,1,30,,328791,2,,,1,95,,328792,2,,,1,105,,328793,2,,,1,100,,328794,2,,,1,100,,328795,2,,,1,100,,328796,2,,,1,100,,328797,2,,,1,100,,328798,2,,,1,100,,328799,2,,,1,100,,328800,2,,,1,100,,328801,2,,,1,100,,328802,2,,,1,100,,328803,2,,,1,105,,328804,2,,,1,95,,328805,2,,,1,100,,328806,2,,,1,100,,328807,2,,,1,195,,328808,2,,,1,200,,328809,2,,,1
9401,'20261002',432,,328810,2,,,1,100,,328811,2,,,1,75,,328812,2,,,1,30,,328813,2,,,1,95,,328814,2,,,1,105,,328815,2,,,1,100,,328816,2,,,1,100,,328817,2,,,1,100,,328818,2,,,1,100,,328819,2,,,1,100,,328820,2,,,1,100,,328821,2,,,1,100,,328822,2,,,1,100,,328823,2,,,1,100,,328824,2,,,1,100,,328825,2,,,1,105,,328826,2,,,1,95,,328827,2,,,1,100,,328828,2,,,1,100,,328829,2,,,1,195,,328830,2,,,1,200,,328831,2,,,1
9401,'20261003',427,,328832,2,,,1,100,,328833,2,,,1,110,,328834,2,,,1,100,,328835,2,,,1,100,,328836,2,,,1,100,,328837,2,,,1,100,,328838,2,,,1,100,,328839,2,,,1,100,,328840,2,,,1,100,,328841,2,,,1,100,,328842,2,,,1,100,,328843,2,,,1,100,,328844,2,,,1,100,,328845,2,,,1,100,,328846,2,,,1,100,,328847,2,,,1,100,,328848,2,,,1,200,,328849,2,,,1,190,,328850,2,,,1,200,,328851,2,,,1
9401,'20261004',427,,328852,2,,,1,100,,328853,2,,,1,110,,328854,2,,,1,100,,328855,2,,,1,100,,328856,2,,,1,100,,328857,2,,,1,100,,328858,2,,,1,100,,328859,2,,,1,100,,328860,2,,,1,100,,328861,2,,,1,100,,328862,2,,,1,100,,328863,2,,,1,100,,328864,2,,,1,100,,328865,2,,,1,100,,328866,2,,,1,100,,328867,2,,,1,100,,328868,2,,,1,200,,328869,2,,,1,190,,328870,2,,,1,200,,328871,2,,,1
9401,'20261005',432,,328872,2,,,1,100,,328873,2,,,1,75,,328874,2,,,1,30,,328875,2,,,1,95,,328876,2,,,1,105,,328877,2,,,1,100,,328878,2,,,1,100,,328879,2,,,1,100,,328880,2,,,1,100,,328881,2,,,1,100,,328882,2,,,1,100,,328883,2,,,1,100,,328884,2,,,1,100,,328885,2,,,1,100,,328886,2,,,1,100,,328887,2,,,1,105,,328888,2,,,1,95,,328889,2,,,1,100,,328890,2,,,1,100,,328891,2,,,1,195,,328892,2,,,1,200,,328893,2,,,1
9401,'20261006',432,,328894,2,,,1,100,,328895,2,,,1,75,,328896,2,,,1,30,,328897,2,,,1,95,,328898,2,,,1,105,,328899,2,,,1,100,,328900,2,,,1,100,,328901,2,,,1,100,,328902,2,,,1,100,,328903,2,,,1,100,,328904,2,,,1,100,,328905,2,,,1,100,,328906,2,,,1,100,,328907,2,,,1,100,,328908,2,,,1,100,,328909,2,,,1,105,,328910,2,,,1,95,,328911,2,,,1,100,,328912,2,,,1,100,,328913,2,,,1,195,,328914,2,,,1,200,,328915,2,,,1
9401,'20261007',432,,328916,2,,,1,100,,328917,2,,,1,75,,328918,2,,,1,30,,328919,2,,,1,95,,328920,2,,,1,105,,328921,2,,,1,100,,328922,2,,,1,100,,328923,2,,,1,100,,328924,2,,,1,100,,328925,2,,,1,100,,328926,2,,,1,100,,328927,2,,,1,100,,328928,2,,,1,100,,328929,2,,,1,100,,328930,2,,,1,100,,328931,2,,,1,105,,328932,2,,,1,95,,328933,2,,,1,100,,328934,2,,,1,100,,328935,2,,,1,195,,328936,2,,,1,200,,328937,2,,,1
9401,'20261008',432,,328938,2,,,1,100,,328939,2,,,1,75,,328940,2,,,1,30,,328941,2,,,1,95,,328942,2,,,1,105,,328943,2,,,1,100,,328944,2,,,1,100,,328945,2,,,1,100,,328946,2,,,1,100,,328947,2,,,1,100,,328948,2,,,1,100,,328949,2,,,1,100,,328950,2,,,1,100,,328951,2,,,1,100,,328952,2,,,1,100,,328953,2,,,1,105,,328954,2,,,1,95,,328955,2,,,1,100,,328956,2,,,1,100,,328957,2,,,1,195,,328958,2,,,1,200,,328959,2,,,1
9401,'20261009',432,,328960,2,,,1,100,,328961,2,,,1,75,,328962,2,,,1,30,,328963,2,,,1,95,,328964,2,,,1,105,,328965,2,,,1,100,,328966,2,,,1,100,,328967,2,,,1,100,,328968,2,,,1,100,,328969,2,,,1,100,,328970,2,,,1,100,,328971,2,,,1,100,,328972,2,,,1,100,,328973,2,,,1,100,,328974,2,,,1,100,,328975,2,,,1,105,,328976,2,,,1,95,,328977,2,,,1,100,,328978,2,,,1,100,,328979,2,,,1,195,,328980,2,,,1,200,,328981,2,,,1
9401,'20261010',427,,328982,2,,,1,100,,328983,2,,,1,110,,328984,2,,,1,100,,328985,2,,,1,100,,328986,2,,,1,100,,328987,2,,,1,100,,328988,2,,,1,100,,328989,2,,,1,100,,328990,2,,,1,100,,328991,2,,,1,100,,328992,2,,,1,100,,328993,2,,,1,100,,328994,2,,,1,100,,328995,2,,,1,100,,328996,2,,,1,100,,328997,2,,,1,100,,328998,2,,,1,200,,328999,2,,,1,190,,329000,2,,,1,200,,329001,2,,,1
9401,'20261011',427,,329002,2,,,1,100,,329003,2,,,1,110,,329004,2,,,1,100,,329005,2,,,1,100,,329006,2,,,1,100,,329007,2,,,1,100,,329008,2,,,1,100,,329009,2,,,1,100,,329010,2,,,1,100,,329011,2,,,1,100,,329012,2,,,1,100,,329013,2,,,1,100,,329014,2,,,1,100,,329015,2,,,1,100,,329016,2,,,1,100,,329017,2,,,1,100,,329018,2,,,1,200,,329019,2,,,1,190,,329020,2,,,1,200,,329021,2,,,1
9401,'20261012',427,,329022,2,,,1,100,,329023,2,,,1,110,,329024,2,,,1,100,,329025,2,,,1,100,,329026,2,,,1,100,,329027,2,,,1,100,,329028,2,,,1,100,,329029,2,,,1,100,,329030,2,,,1,100,,329031,2,,,1,100,,329032,2,,,1,100,,329033,2,,,1,100,,329034,2,,,1,100,,329035,2,,,1,100,,329036,2,,,1,100,,329037,2,,,1,100,,329038,2,,,1,200,,329039,2,,,1,190,,329040,2,,,1,200,,329041,2,,,1
9401,'20261013',432,,329042,2,,,1,100,,329043,2,,,1,75,,329044,2,,,1,30,,329045,2,,,1,95,,329046,2,,,1,105,,329047,2,,,1,100,,329048,2,,,1,100,,329049,2,,,1,100,,329050,2,,,1,100,,329051,2,,,1,100,,329052,2,,,1,100,,329053,2,,,1,100,,329054,2,,,1,100,,329055,2,,,1,100,,329056,2,,,1,100,,329057,2,,,1,105,,329058,2,,,1,95,,329059,2,,,1,100,,329060,2,,,1,100,,329061,2,,,1,195,,329062,2,,,1,200,,329063,2,,,1
9401,'20261014',432,,329064,2,,,1,100,,329065,2,,,1,75,,329066,2,,,1,30,,329067,2,,,1,95,,329068,2,,,1,105,,329069,2,,,1,100,,329070,2,,,1,100,,329071,2,,,1,100,,329072,2,,,1,100,,329073,2,,,1,100,,329074,2,,,1,100,,329075,2,,,1,100,,329076,2,,,1,100,,329077,2,,,1,100,,329078,2,,,1,100,,329079,2,,,1,105,,329080,2,,,1,95,,329081,2,,,1,100,,329082,2,,,1,100,,329083,2,,,1,195,,329084,2,,,1,200,,329085,2,,,1
9401,'20261015',432,,329086,2,,,1,100,,329087,2,,,1,75,,329088,2,,,1,30,,329089,2,,,1,95,,329090,2,,,1,105,,329091,2,,,1,100,,329092,2,,,1,100,,329093,2,,,1,100,,329094,2,,,1,100,,329095,2,,,1,100,,329096,2,,,1,100,,329097,2,,,1,100,,329098,2,,,1,100,,329099,2,,,1,100,,329100,2,,,1,100,,329101,2,,,1,105,,329102,2,,,1,95,,329103,2,,,1,100,,329104,2,,,1,100,,329105,2,,,1,195,,329106,2,,,1,200,,329107,2,,,1
9401,'20261016',432,,329108,2,,,1,100,,329109,2,,,1,75,,329110,2,,,1,30,,329111,2,,,1,95,,329112,2,,,1,105,,329113,2,,,1,100,,329114,2,,,1,100,,329115,2,,,1,100,,329116,2,,,1,100,,329117,2,,,1,100,,329118,2,,,1,100,,329119,2,,,1,100,,329120,2,,,1,100,,329121,2,,,1,100,,329122,2,,,1,100,,329123,2,,,1,105,,329124,2,,,1,95,,329125,2,,,1,100,,329126,2,,,1,100,,329127,2,,,1,195,,329128,2,,,1,200,,329129,2,,,1
9401,'20261017',427,,329130,2,,,1,100,,329131,2,,,1,110,,329132,2,,,1,100,,329133,2,,,1,100,,329134,2,,,1,100,,329135,2,,,1,100,,329136,2,,,1,100,,329137,2,,,1,100,,329138,2,,,1,100,,329139,2,,,1,100,,329140,2,,,1,100,,329141,2,,,1,100,,329142,2,,,1,100,,329143,2,,,1,100,,329144,2,,,1,100,,329145,2,,,1,100,,329146,2,,,1,200,,329147,2,,,1,190,,329148,2,,,1,200,,329149,2,,,1
9401,'20261018',427,,329150,2,,,1,100,,329151,2,,,1,110,,329152,2,,,1,100,,329153,2,,,1,100,,329154,2,,,1,100,,329155,2,,,1,100,,329156,2,,,1,100,,329157,2,,,1,100,,329158,2,,,1,100,,329159,2,,,1,100,,329160,2,,,1,100,,329161,2,,,1,100,,329162,2,,,1,100,,329163,2,,,1,100,,329164,2,,,1,100,,329165,2,,,1,100,,329166,2,,,1,200,,329167,2,,,1,190,,329168,2,,,1,200,,329169,2,,,1
9401,'20261019',432,,329170,2,,,1,100,,329171,2,,,1,75,,329172,2,,,1,30,,329173,2,,,1,95,,329174,2,,,1,105,,329175,2,,,1,100,,329176,2,,,1,100,,329177,2,,,1,100,,329178,2,,,1,100,,329179,2,,,1,100,,329180,2,,,1,100,,329181,2,,,1,100,,329182,2,,,1,100,,329183,2,,,1,100,,329184,2,,,1,100,,329185,2,,,1,105,,329186,2,,,1,95,,329187,2,,,1,100,,329188,2,,,1,100,,329189,2,,,1,195,,329190,2,,,1,200,,329191,2,,,1
9401,'20261020',432,,329192,2,,,1,100,,329193,2,,,1,75,,329194,2,,,1,30,,329195,2,,,1,95,,329196,2,,,1,105,,329197,2,,,1,100,,329198,2,,,1,100,,329199,2,,,1,100,,329200,2,,,1,100,,329201,2,,,1,100,,329202,2,,,1,100,,329203,2,,,1,100,,329204,2,,,1,100,,329205,2,,,1,100,,329206,2,,,1,100,,329207,2,,,1,105,,329208,2,,,1,95,,329209,2,,,1,100,,329210,2,,,1,100,,329211,2,,,1,195,,329212,2,,,1,200,,329213,2,,,1
9401,'20261021',432,,329214,2,,,1,100,,329215,2,,,1,75,,329216,2,,,1,30,,329217,2,,,1,95,,329218,2,,,1,105,,329219,2,,,1,100,,329220,2,,,1,100,,329221,2,,,1,100,,329222,2,,,1,100,,329223,2,,,1,100,,329224,2,,,1,100,,329225,2,,,1,100,,329226,2,,,1,100,,329227,2,,,1,100,,329228,2,,,1,100,,329229,2,,,1,105,,329230,2,,,1,95,,329231,2,,,1,100,,329232,2,,,1,100,,329233,2,,,1,195,,329234,2,,,1,200,,329235,2,,,1
9401,'20261022',432,,329236,2,,,1,100,,329237,2,,,1,75,,329238,2,,,1,30,,329239,2,,,1,95,,329240,2,,,1,105,,329241,2,,,1,100,,329242,2,,,1,100,,329243,2,,,1,100,,329244,2,,,1,100,,329245,2,,,1,100,,329246,2,,,1,100,,329247,2,,,1,100,,329248,2,,,1,100,,329249,2,,,1,100,,329250,2,,,1,100,,329251,2,,,1,105,,329252,2,,,1,95,,329253,2,,,1,100,,329254,2,,,1,100,,329255,2,,,1,195,,329256,2,,,1,200,,329257,2,,,1
9401,'20261023',432,,329258,2,,,1,100,,329259,2,,,1,75,,329260,2,,,1,30,,329261,2,,,1,95,,329262,2,,,1,105,,329263,2,,,1,100,,329264,2,,,1,100,,329265,2,,,1,100,,329266,2,,,1,100,,329267,2,,,1,100,,329268,2,,,1,100,,329269,2,,,1,100,,329270,2,,,1,100,,329271,2,,,1,100,,329272,2,,,1,100,,329273,2,,,1,105,,329274,2,,,1,95,,329275,2,,,1,100,,329276,2,,,1,100,,329277,2,,,1,195,,329278,2,,,1,200,,329279,2,,,1
9401,'20261024',427,,329280,2,,,1,100,,329281,2,,,1,110,,329282,2,,,1,100,,329283,2,,,1,100,,329284,2,,,1,100,,329285,2,,,1,100,,329286,2,,,1,100,,329287,2,,,1,100,,329288,2,,,1,100,,329289,2,,,1,100,,329290,2,,,1,100,,329291,2,,,1,100,,329292,2,,,1,100,,329293,2,,,1,100,,329294,2,,,1,100,,329295,2,,,1,100,,329296,2,,,1,200,,329297,2,,,1,190,,329298,2,,,1,200,,329299,2,,,1
9401,'20261025',427,,329300,2,,,1,100,,329301,2,,,1,110,,329302,2,,,1,100,,329303,2,,,1,100,,329304,2,,,1,100,,329305,2,,,1,100,,329306,2,,,1,100,,329307,2,,,1,100,,329308,2,,,1,100,,329309,2,,,1,100,,329310,2,,,1,100,,329311,2,,,1,100,,329312,2,,,1,100,,329313,2,,,1,100,,329314,2,,,1,100,,329315,2,,,1,100,,329316,2,,,1,200,,329317,2,,,1,190,,329318,2,,,1,200,,329319,2,,,1
9401,'20261026',432,,329320,2,,,1,100,,329321,2,,,1,75,,329322,2,,,1,30,,329323,2,,,1,95,,329324,2,,,1,105,,329325,2,,,1,100,,329326,2,,,1,100,,329327,2,,,1,100,,329328,2,,,1,100,,329329,2,,,1,100,,329330,2,,,1,100,,329331,2,,,1,100,,329332,2,,,1,100,,329333,2,,,1,100,,329334,2,,,1,100,,329335,2,,,1,105,,329336,2,,,1,95,,329337,2,,,1,100,,329338,2,,,1,100,,329339,2,,,1,195,,329340,2,,,1,200,,329341,2,,,1
9401,'20261027',432,,329342,2,,,1,100,,329343,2,,,1,75,,329344,2,,,1,30,,329345,2,,,1,95,,329346,2,,,1,105,,329347,2,,,1,100,,329348,2,,,1,100,,329349,2,,,1,100,,329350,2,,,1,100,,329351,2,,,1,100,,329352,2,,,1,100,,329353,2,,,1,100,,329354,2,,,1,100,,329355,2,,,1,100,,329356,2,,,1,100,,329357,2,,,1,105,,329358,2,,,1,95,,329359,2,,,1,100,,329360,2,,,1,100,,329361,2,,,1,195,,329362,2,,,1,200,,329363,2,,,1
9401,'20261028',432,,329364,2,,,1,100,,329365,2,,,1,75,,329366,2,,,1,30,,329367,2,,,1,95,,329368,2,,,1,105,,329369,2,,,1,100,,329370,2,,,1,100,,329371,2,,,1,100,,329372,2,,,1,100,,329373,2,,,1,100,,329374,2,,,1,100,,329375,2,,,1,100,,329376,2,,,1,100,,329377,2,,,1,100,,329378,2,,,1,100,,329379,2,,,1,105,,329380,2,,,1,95,,329381,2,,,1,100,,329382,2,,,1,100,,329383,2,,,1,195,,329384,2,,,1,200,,329385,2,,,1
9401,'20261029',432,,329386,2,,,1,100,,329387,2,,,1,75,,329388,2,,,1,30,,329389,2,,,1,95,,329390,2,,,1,105,,329391,2,,,1,100,,329392,2,,,1,100,,329393,2,,,1,100,,329394,2,,,1,100,,329395,2,,,1,100,,329396,2,,,1,100,,329397,2,,,1,100,,329398,2,,,1,100,,329399,2,,,1,100,,329400,2,,,1,100,,329401,2,,,1,105,,329402,2,,,1,95,,329403,2,,,1,100,,329404,2,,,1,100,,329405,2,,,1,195,,329406,2,,,1,200,,329407,2,,,1
9401,'20261030',432,,329408,2,,,1,100,,329409,2,,,1,75,,329410,2,,,1,30,,329411,2,,,1,95,,329412,2,,,1,105,,329413,2,,,1,100,,329414,2,,,1,100,,329415,2,,,1,100,,329416,2,,,1,100,,329417,2,,,1,100,,329418,2,,,1,100,,329419,2,,,1,100,,329420,2,,,1,100,,329421,2,,,1,100,,329422,2,,,1,100,,329423,2,,,1,105,,329424,2,,,1,95,,329425,2,,,1,100,,329426,2,,,1,100,,329427,2,,,1,195,,329428,2,,,1,200,,329429,2,,,1
9401,'20261031',427,,329430,2,,,1,100,,329431,2,,,1,110,,329432,2,,,1,100,,329433,2,,,1,100,,329434,2,,,1,100,,329435,2,,,1,100,,329436,2,,,1,100,,329437,2,,,1,100,,329438,2,,,1,100,,329439,2,,,1,100,,329440,2,,,1,100,,329441,2,,,1,100,,329442,2,,,1,100,,329443,2,,,1,100,,329444,2,,,1,100,,329445,2,,,1,100,,329446,2,,,1,200,,329447,2,,,1,190,,329448,2,,,1,200,,329449,2,,,1
9401,'20261101',427,,329450,2,,,1,100,,329451,2,,,1,110,,329452,2,,,1,100,,329453,2,,,1,100,,329454,2,,,1,100,,329455,2,,,1,100,,329456,2,,,1,100,,329457,2,,,1,100,,329458,2,,,1,100,,329459,2,,,1,100,,329460,2,,,1,100,,329461,2,,,1,100,,329462,2,,,1,100,,329463,2,,,1,100,,329464,2,,,1,100,,329465,2,,,1,100,,329466,2,,,1,200,,329467,2,,,1,190,,329468,2,,,1,200,,329469,2,,,1
9401,'20261102',432,,329470,2,,,1,100,,329471,2,,,1,75,,329472,2,,,1,30,,329473,2,,,1,95,,329474,2,,,1,105,,329475,2,,,1,100,,329476,2,,,1,100,,329477,2,,,1,100,,329478,2,,,1,100,,329479,2,,,1,100,,329480,2,,,1,100,,329481,2,,,1,100,,329482,2,,,1,100,,329483,2,,,1,100,,329484,2,,,1,100,,329485,2,,,1,105,,329486,2,,,1,95,,329487,2,,,1,100,,329488,2,,,1,100,,329489,2,,,1,195,,329490,2,,,1,200,,329491,2,,,1
9401,'20261103',432,,329492,2,,,1,100,,329493,2,,,1,75,,329494,2,,,1,30,,329495,2,,,1,95,,329496,2,,,1,105,,329497,2,,,1,100,,329498,2,,,1,100,,329499,2,,,1,100,,329500,2,,,1,100,,329501,2,,,1,100,,329502,2,,,1,100,,329503,2,,,1,100,,329504,2,,,1,100,,329505,2,,,1,100,,329506,2,,,1,100,,329507,2,,,1,105,,329508,2,,,1,95,,329509,2,,,1,100,,329510,2,,,1,100,,329511,2,,,1,195,,329512,2,,,1,200,,329513,2,,,1
9401,'20261104',432,,329514,2,,,1,100,,329515,2,,,1,75,,329516,2,,,1,30,,329517,2,,,1,95,,329518,2,,,1,105,,329519,2,,,1,100,,329520,2,,,1,100,,329521,2,,,1,100,,329522,2,,,1,100,,329523,2,,,1,100,,329524,2,,,1,100,,329525,2,,,1,100,,329526,2,,,1,100,,329527,2,,,1,100,,329528,2,,,1,100,,329529,2,,,1,105,,329530,2,,,1,95,,329531,2,,,1,100,,329532,2,,,1,100,,329533,2,,,1,195,,329534,2,,,1,200,,329535,2,,,1
9401,'20261105',432,,329536,2,,,1,100,,329537,2,,,1,75,,329538,2,,,1,30,,329539,2,,,1,95,,329540,2,,,1,105,,329541,2,,,1,100,,329542,2,,,1,100,,329543,2,,,1,100,,329544,2,,,1,100,,329545,2,,,1,100,,329546,2,,,1,100,,329547,2,,,1,100,,329548,2,,,1,100,,329549,2,,,1,100,,329550,2,,,1,100,,329551,2,,,1,105,,329552,2,,,1,95,,329553,2,,,1,100,,329554,2,,,1,100,,329555,2,,,1,195,,329556,2,,,1,200,,329557,2,,,1
9401,'20261106',432,,329558,2,,,1,100,,329559,2,,,1,75,,329560,2,,,1,30,,329561,2,,,1,95,,329562,2,,,1,105,,329563,2,,,1,100,,329564,2,,,1,100,,329565,2,,,1,100,,329566,2,,,1,100,,329567,2,,,1,100,,329568,2,,,1,100,,329569,2,,,1,100,,329570,2,,,1,100,,329571,2,,,1,100,,329572,2,,,1,100,,329573,2,,,1,105,,329574,2,,,1,95,,329575,2,,,1,100,,329576,2,,,1,100,,329577,2,,,1,195,,329578,2,,,1,200,,329579,2,,,1
9401,'20261107',427,,329580,2,,,1,100,,329581,2,,,1,110,,329582,2,,,1,100,,329583,2,,,1,100,,329584,2,,,1,100,,329585,2,,,1,100,,329586,2,,,1,100,,329587,2,,,1,100,,329588,2,,,1,100,,329589,2,,,1,100,,329590,2,,,1,100,,329591,2,,,1,100,,329592,2,,,1,100,,329593,2,,,1,100,,329594,2,,,1,100,,329595,2,,,1,100,,329596,2,,,1,200,,329597,2,,,1,190,,329598,2,,,1,200,,329599,2,,,1
9401,'20261108',427,,329600,2,,,1,100,,329601,2,,,1,110,,329602,2,,,1,100,,329603,2,,,1,100,,329604,2,,,1,100,,329605,2,,,1,100,,329606,2,,,1,100,,329607,2,,,1,100,,329608,2,,,1,100,,329609,2,,,1,100,,329610,2,,,1,100,,329611,2,,,1,100,,329612,2,,,1,100,,329613,2,,,1,100,,329614,2,,,1,100,,329615,2,,,1,100,,329616,2,,,1,200,,329617,2,,,1,190,,329618,2,,,1,200,,329619,2,,,1
9401,'20261109',432,,329620,2,,,1,100,,329621,2,,,1,75,,329622,2,,,1,30,,329623,2,,,1,95,,329624,2,,,1,105,,329625,2,,,1,100,,329626,2,,,1,100,,329627,2,,,1,100,,329628,2,,,1,100,,329629,2,,,1,100,,329630,2,,,1,100,,329631,2,,,1,100,,329632,2,,,1,100,,329633,2,,,1,100,,329634,2,,,1,100,,329635,2,,,1,105,,329636,2,,,1,95,,329637,2,,,1,100,,329638,2,,,1,100,,329639,2,,,1,195,,329640,2,,,1,200,,329641,2,,,1
9401,'20261110',432,,329642,2,,,1,100,,329643,2,,,1,75,,329644,2,,,1,30,,329645,2,,,1,95,,329646,2,,,1,105,,329647,2,,,1,100,,329648,2,,,1,100,,329649,2,,,1,100,,329650,2,,,1,100,,329651,2,,,1,100,,329652,2,,,1,100,,329653,2,,,1,100,,329654,2,,,1,100,,329655,2,,,1,100,,329656,2,,,1,100,,329657,2,,,1,105,,329658,2,,,1,95,,329659,2,,,1,100,,329660,2,,,1,100,,329661,2,,,1,195,,329662,2,,,1,200,,329663,2,,,1
9401,'20261111',432,,329664,2,,,1,100,,329665,2,,,1,75,,329666,2,,,1,30,,329667,2,,,1,95,,329668,2,,,1,105,,329669,2,,,1,100,,329670,2,,,1,100,,329671,2,,,1,100,,329672,2,,,1,100,,329673,2,,,1,100,,329674,2,,,1,100,,329675,2,,,1,100,,329676,2,,,1,100,,329677,2,,,1,100,,329678,2,,,1,100,,329679,2,,,1,105,,329680,2,,,1,95,,329681,2,,,1,100,,329682,2,,,1,100,,329683,2,,,1,195,,329684,2,,,1,200,,329685,2,,,1
9401,'20261112',432,,329686,2,,,1,100,,329687,2,,,1,75,,329688,2,,,1,30,,329689,2,,,1,95,,329690,2,,,1,105,,329691,2,,,1,100,,329692,2,,,1,100,,329693,2,,,1,100,,329694,2,,,1,100,,329695,2,,,1,100,,329696,2,,,1,100,,329697,2,,,1,100,,329698,2,,,1,100,,329699,2,,,1,100,,329700,2,,,1,100,,329701,2,,,1,105,,329702,2,,,1,95,,329703,2,,,1,100,,329704,2,,,1,100,,329705,2,,,1,195,,329706,2,,,1,200,,329707,2,,,1
9401,'20261113',432,,329708,2,,,1,100,,329709,2,,,1,75,,329710,2,,,1,30,,329711,2,,,1,95,,329712,2,,,1,105,,329713,2,,,1,100,,329714,2,,,1,100,,329715,2,,,1,100,,329716,2,,,1,100,,329717,2,,,1,100,,329718,2,,,1,100,,329719,2,,,1,100,,329720,2,,,1,100,,329721,2,,,1,100,,329722,2,,,1,100,,329723,2,,,1,105,,329724,2,,,1,95,,329725,2,,,1,100,,329726,2,,,1,100,,329727,2,,,1,195,,329728,2,,,1,200,,329729,2,,,1
9401,'20261114',427,,329730,2,,,1,100,,329731,2,,,1,110,,329732,2,,,1,100,,329733,2,,,1,100,,329734,2,,,1,100,,329735,2,,,1,100,,329736,2,,,1,100,,329737,2,,,1,100,,329738,2,,,1,100,,329739,2,,,1,100,,329740,2,,,1,100,,329741,2,,,1,100,,329742,2,,,1,100,,329743,2,,,1,100,,329744,2,,,1,100,,329745,2,,,1,100,,329746,2,,,1,200,,329747,2,,,1,190,,329748,2,,,1,200,,329749,2,,,1
9401,'20261115',427,,329750,2,,,1,100,,329751,2,,,1,110,,329752,2,,,1,100,,329753,2,,,1,100,,329754,2,,,1,100,,329755,2,,,1,100,,329756,2,,,1,100,,329757,2,,,1,100,,329758,2,,,1,100,,329759,2,,,1,100,,329760,2,,,1,100,,329761,2,,,1,100,,329762,2,,,1,100,,329763,2,,,1,100,,329764,2,,,1,100,,329765,2,,,1,100,,329766,2,,,1,200,,329767,2,,,1,190,,329768,2,,,1,200,,329769,2,,,1
9401,'20261116',432,,329770,2,,,1,100,,329771,2,,,1,75,,329772,2,,,1,30,,329773,2,,,1,95,,329774,2,,,1,105,,329775,2,,,1,100,,329776,2,,,1,100,,329777,2,,,1,100,,329778,2,,,1,100,,329779,2,,,1,100,,329780,2,,,1,100,,329781,2,,,1,100,,329782,2,,,1,100,,329783,2,,,1,100,,329784,2,,,1,100,,329785,2,,,1,105,,329786,2,,,1,95,,329787,2,,,1,100,,329788,2,,,1,100,,329789,2,,,1,195,,329790,2,,,1,200,,329791,2,,,1
9401,'20261117',432,,329792,2,,,1,100,,329793,2,,,1,75,,329794,2,,,1,30,,329795,2,,,1,95,,329796,2,,,1,105,,329797,2,,,1,100,,329798,2,,,1,100,,329799,2,,,1,100,,329800,2,,,1,100,,329801,2,,,1,100,,329802,2,,,1,100,,329803,2,,,1,100,,329804,2,,,1,100,,329805,2,,,1,100,,329806,2,,,1,100,,329807,2,,,1,105,,329808,2,,,1,95,,329809,2,,,1,100,,329810,2,,,1,100,,329811,2,,,1,195,,329812,2,,,1,200,,329813,2,,,1
9401,'20261118',432,,329814,2,,,1,100,,329815,2,,,1,75,,329816,2,,,1,30,,329817,2,,,1,95,,329818,2,,,1,105,,329819,2,,,1,100,,329820,2,,,1,100,,329821,2,,,1,100,,329822,2,,,1,100,,329823,2,,,1,100,,329824,2,,,1,100,,329825,2,,,1,100,,329826,2,,,1,100,,329827,2,,,1,100,,329828,2,,,1,100,,329829,2,,,1,105,,329830,2,,,1,95,,329831,2,,,1,100,,329832,2,,,1,100,,329833,2,,,1,195,,329834,2,,,1,200,,329835,2,,,1
9401,'20261119',432,,329836,2,,,1,100,,329837,2,,,1,75,,329838,2,,,1,30,,329839,2,,,1,95,,329840,2,,,1,105,,329841,2,,,1,100,,329842,2,,,1,100,,329843,2,,,1,100,,329844,2,,,1,100,,329845,2,,,1,100,,329846,2,,,1,100,,329847,2,,,1,100,,329848,2,,,1,100,,329849,2,,,1,100,,329850,2,,,1,100,,329851,2,,,1,105,,329852,2,,,1,95,,329853,2,,,1,100,,329854,2,,,1,100,,329855,2,,,1,195,,329856,2,,,1,200,,329857,2,,,1
9401,'20261120',432,,329858,2,,,1,100,,329859,2,,,1,75,,329860,2,,,1,30,,329861,2,,,1,95,,329862,2,,,1,105,,329863,2,,,1,100,,329864,2,,,1,100,,329865,2,,,1,100,,329866,2,,,1,100,,329867,2,,,1,100,,329868,2,,,1,100,,329869,2,,,1,100,,329870,2,,,1,100,,329871,2,,,1,100,,329872,2,,,1,100,,329873,2,,,1,105,,329874,2,,,1,95,,329875,2,,,1,100,,329876,2,,,1,100,,329877,2,,,1,195,,329878,2,,,1,200,,329879,2,,,1
9401,'20261121',427,,329880,2,,,1,100,,329881,2,,,1,110,,329882,2,,,1,100,,329883,2,,,1,100,,329884,2,,,1,100,,329885,2,,,1,100,,329886,2,,,1,100,,329887,2,,,1,100,,329888,2,,,1,100,,329889,2,,,1,100,,329890,2,,,1,100,,329891,2,,,1,100,,329892,2,,,1,100,,329893,2,,,1,100,,329894,2,,,1,100,,329895,2,,,1,100,,329896,2,,,1,200,,329897,2,,,1,190,,329898,2,,,1,200,,329899,2,,,1
9401,'20261122',427,,329900,2,,,1,100,,329901,2,,,1,110,,329902,2,,,1,100,,329903,2,,,1,100,,329904,2,,,1,100,,329905,2,,,1,100,,329906,2,,,1,100,,329907,2,,,1,100,,329908,2,,,1,100,,329909,2,,,1,100,,329910,2,,,1,100,,329911,2,,,1,100,,329912,2,,,1,100,,329913,2,,,1,100,,329914,2,,,1,100,,329915,2,,,1,100,,329916,2,,,1,200,,329917,2,,,1,190,,329918,2,,,1,200,,329919,2,,,1
9401,'20261123',432,,329920,2,,,1,100,,329921,2,,,1,75,,329922,2,,,1,30,,329923,2,,,1,95,,329924,2,,,1,105,,329925,2,,,1,100,,329926,2,,,1,100,,329927,2,,,1,100,,329928,2,,,1,100,,329929,2,,,1,100,,329930,2,,,1,100,,329931,2,,,1,100,,329932,2,,,1,100,,329933,2,,,1,100,,329934,2,,,1,100,,329935,2,,,1,105,,329936,2,,,1,95,,329937,2,,,1,100,,329938,2,,,1,100,,329939,2,,,1,195,,329940,2,,,1,200,,329941,2,,,1
9401,'20261124',432,,329942,2,,,1,100,,329943,2,,,1,75,,329944,2,,,1,30,,329945,2,,,1,95,,329946,2,,,1,105,,329947,2,,,1,100,,329948,2,,,1,100,,329949,2,,,1,100,,329950,2,,,1,100,,329951,2,,,1,100,,329952,2,,,1,100,,329953,2,,,1,100,,329954,2,,,1,100,,329955,2,,,1,100,,329956,2,,,1,100,,329957,2,,,1,105,,329958,2,,,1,95,,329959,2,,,1,100,,329960,2,,,1,100,,329961,2,,,1,195,,329962,2,,,1,200,,329963,2,,,1
9401,'20261125',432,,329964,2,,,1,100,,329965,2,,,1,75,,329966,2,,,1,30,,329967,2,,,1,95,,329968,2,,,1,105,,329969,2,,,1,100,,329970,2,,,1,100,,329971,2,,,1,100,,329972,2,,,1,100,,329973,2,,,1,100,,329974,2,,,1,100,,329975,2,,,1,100,,329976,2,,,1,100,,329977,2,,,1,100,,329978,2,,,1,100,,329979,2,,,1,105,,329980,2,,,1,95,,329981,2,,,1,100,,329982,2,,,1,100,,329983,2,,,1,195,,329984,2,,,1,200,,329985,2,,,1
9401,'20261126',432,,329986,2,,,1,100,,329987,2,,,1,75,,329988,2,,,1,30,,329989,2,,,1,95,,329990,2,,,1,105,,329991,2,,,1,100,,329992,2,,,1,100,,329993,2,,,1,100,,329994,2,,,1,100,,329995,2,,,1,100,,329996,2,,,1,100,,329997,2,,,1,100,,329998,2,,,1,100,,329999,2,,,1,100,,330000,2,,,1,100,,330001,2,,,1,105,,330002,2,,,1,95,,330003,2,,,1,100,,330004,2,,,1,100,,330005,2,,,1,195,,330006,2,,,1,200,,330007,2,,,1
9401,'20261127',432,,330008,2,,,1,100,,330009,2,,,1,75,,330010,2,,,1,30,,330011,2,,,1,95,,330012,2,,,1,105,,330013,2,,,1,100,,330014,2,,,1,100,,330015,2,,,1,100,,330016,2,,,1,100,,330017,2,,,1,100,,330018,2,,,1,100,,330019,2,,,1,100,,330020,2,,,1,100,,330021,2,,,1,100,,330022,2,,,1,100,,330023,2,,,1,105,,330024,2,,,1,95,,330025,2,,,1,100,,330026,2,,,1,100,,330027,2,,,1,195,,330028,2,,,1,200,,330029,2,,,1
