6101,'20260917',524,,312501,10,,,1,412,,312502,10,,,1,103,,312503,10,,,1,100,,312504,10,,,1,100,,312505,10,,,1,100,,312506,10,,,1
6101,'20260918',524,,312507,10,,,1,412,,312508,10,,,1,103,,312509,10,,,1,100,,312510,10,,,1,100,,312511,10,,,1,100,,312512,10,,,1
6101,'20260921',524,,312513,10,,,1,412,,312514,10,,,1,103,,312515,10,,,1,100,,312516,10,,,1,100,,312517,10,,,1,100,,312518,10,,,1
6101,'20260922',524,,312519,10,,,1,412,,312520,10,,,1,103,,312521,10,,,1,100,,312522,10,,,1,100,,312523,10,,,1,100,,312524,10,,,1
6101,'20260923',524,,312525,10,,,1,412,,312526,10,,,1,103,,312527,10,,,1,100,,312528,10,,,1,100,,312529,10,,,1,100,,312530,10,,,1
6101,'20260924',524,,312531,10,,,1,412,,312532,10,,,1,103,,312533,10,,,1,100,,312534,10,,,1,100,,312535,10,,,1,100,,312536,10,,,1
6101,'20260925',524,,312537,10,,,1,412,,312538,10,,,1,103,,312539,10,,,1,100,,312540,10,,,1,100,,312541,10,,,1,100,,312542,10,,,1
6101,'20260928',524,,312543,10,,,1,412,,312544,10,,,1,103,,312545,10,,,1,100,,312546,10,,,1,100,,312547,10,,,1,100,,312548,10,,,1
6101,'20260929',524,,312549,10,,,1,412,,312550,10,,,1,103,,312551,10,,,1,100,,312552,10,,,1,100,,312553,10,,,1,100,,312554,10,,,1
6101,'20260930',524,,312555,10,,,1,412,,312556,10,,,1,103,,312557,10,,,1,100,,312558,10,,,1,100,,312559,10,,,1,100,,312560,10,,,1
6101,'20261001',524,,312561,10,,,1,412,,312562,10,,,1,103,,312563,10,,,1,100,,312564,10,,,1,100,,312565,10,,,1,100,,312566,10,,,1
6101,'20261002',524,,312567,10,,,1,412,,312568,10,,,1,103,,312569,10,,,1,100,,312570,10,,,1,100,,312571,10,,,1,100,,312572,10,,,1
6101,'20261005',524,,312573,10,,,1,412,,312574,10,,,1,103,,312575,10,,,1,100,,312576,10,,,1,100,,312577,10,,,1,100,,312578,10,,,1
6101,'20261006',524,,312579,10,,,1,412,,312580,10,,,1,103,,312581,10,,,1,100,,312582,10,,,1,100,,312583,10,,,1,100,,312584,10,,,1
6101,'20261007',524,,312585,10,,,1,412,,312586,10,,,1,103,,312587,10,,,1,100,,312588,10,,,1,100,,312589,10,,,1,100,,312590,10,,,1
6101,'20261008',524,,312591,10,,,1,412,,312592,10,,,1,103,,312593,10,,,1,100,,312594,10,,,1,100,,312595,10,,,1,100,,312596,10,,,1
6101,'20261009',524,,312597,10,,,1,412,,312598,10,,,1,103,,312599,10,,,1,100,,312600,10,,,1,100,,312601,10,,,1,100,,312602,10,,,1
6101,'20261013',524,,312603,10,,,1,412,,312604,10,,,1,103,,312605,10,,,1,100,,312606,10,,,1,100,,312607,10,,,1,100,,312608,10,,,1
6101,'20261014',524,,312609,10,,,1,412,,312610,10,,,1,103,,312611,10,,,1,100,,312612,10,,,1,100,,312613,10,,,1,100,,312614,10,,,1
6101,'20261015',524,,312615,10,,,1,412,,312616,10,,,1,103,,312617,10,,,1,100,,312618,10,,,1,100,,312619,10,,,1,100,,312620,10,,,1
6101,'20261016',524,,312621,10,,,1,412,,312622,10,,,1,103,,312623,10,,,1,100,,312624,10,,,1,100,,312625,10,,,1,100,,312626,10,,,1
6101,'20261019',524,,312627,10,,,1,412,,312628,10,,,1,103,,312629,10,,,1,100,,312630,10,,,1,100,,312631,10,,,1,100,,312632,10,,,1
6101,'20261020',524,,312633,10,,,1,412,,312634,10,,,1,103,,312635,10,,,1,100,,312636,10,,,1,100,,312637,10,,,1,100,,312638,10,,,1
6101,'20261021',524,,312639,10,,,1,412,,312640,10,,,1,103,,312641,10,,,1,100,,312642,10,,,1,100,,312643,10,,,1,100,,312644,10,,,1
6101,'20261022',524,,312645,10,,,1,412,,312646,10,,,1,103,,312647,10,,,1,100,,312648,10,,,1,100,,312649,10,,,1,100,,312650,10,,,1
6101,'20261023',524,,312651,10,,,1,412,,312652,10,,,1,103,,312653,10,,,1,100,,312654,10,,,1,100,,312655,10,,,1,100,,312656,10,,,1
6101,'20261026',524,,312657,10,,,1,412,,312658,10,,,1,103,,312659,10,,,1,100,,312660,10,,,1,100,,312661,10,,,1,100,,312662,10,,,1
6101,'20261027',524,,312663,10,,,1,412,,312664,10,,,1,103,,312665,10,,,1,100,,312666,10,,,1,100,,312667,10,,,1,100,,312668,10,,,1
6101,'20261028',524,,312669,10,,,1,412,,312670,10,,,1,103,,312671,10,,,1,100,,312672,10,,,1,100,,312673,10,,,1,100,,312674,10,,,1
6101,'20261029',524,,312675,10,,,1,412,,312676,10,,,1,103,,312677,10,,,1,100,,312678,10,,,1,100,,312679,10,,,1,100,,312680,10,,,1
6101,'20261030',524,,312681,10,,,1,412,,312682,10,,,1,103,,312683,10,,,1,100,,312684,10,,,1,100,,312685,10,,,1,100,,312686,10,,,1
6101,'20261102',524,,312687,10,,,1,412,,312688,10,,,1,103,,312689,10,,,1,100,,312690,10,,,1,100,,312691,10,,,1,100,,312692,10,,,1
6101,'20261103',524,,312693,10,,,1,412,,312694,10,,,1,103,,312695,10,,,1,100,,312696,10,,,1,100,,312697,10,,,1,100,,312698,10,,,1
6101,'20261104',524,,312699,10,,,1,412,,312700,10,,,1,103,,312701,10,,,1,100,,312702,10,,,1,100,,312703,10,,,1,100,,312704,10,,,1
6101,'20261105',524,,312705,10,,,1,412,,312706,10,,,1,103,,312707,10,,,1,100,,312708,10,,,1,100,,312709,10,,,1,100,,312710,10,,,1
6101,'20261106',524,,312711,10,,,1,412,,312712,10,,,1,103,,312713,10,,,1,100,,312714,10,,,1,100,,312715,10,,,1,100,,312716,10,,,1
6101,'20261109',524,,312717,10,,,1,412,,312718,10,,,1,103,,312719,10,,,1,100,,312720,10,,,1,100,,312721,10,,,1,100,,312722,10,,,1
6101,'20261110',524,,312723,10,,,1,412,,312724,10,,,1,103,,312725,10,,,1,100,,312726,10,,,1,100,,312727,10,,,1,100,,312728,10,,,1
6101,'20261111',524,,312729,10,,,1,412,,312730,10,,,1,103,,312731,10,,,1,100,,312732,10,,,1,100,,312733,10,,,1,100,,312734,10,,,1
6101,'20261112',524,,312735,10,,,1,412,,312736,10,,,1,103,,312737,10,,,1,100,,312738,10,,,1,100,,312739,10,,,1,100,,312740,10,,,1
6101,'20261113',524,,312741,10,,,1,412,,312742,10,,,1,103,,312743,10,,,1,100,,312744,10,,,1,100,,312745,10,,,1,100,,312746,10,,,1
6101,'20261116',524,,312747,10,,,1,412,,312748,10,,,1,103,,312749,10,,,1,100,,312750,10,,,1,100,,312751,10,,,1,100,,312752,10,,,1
6101,'20261117',524,,312753,10,,,1,412,,312754,10,,,1,103,,312755,10,,,1,100,,312756,10,,,1,100,,312757,10,,,1,100,,312758,10,,,1
6101,'20261118',524,,312759,10,,,1,412,,312760,10,,,1,103,,312761,10,,,1,100,,312762,10,,,1,100,,312763,10,,,1,100,,312764,10,,,1
6101,'20261119',524,,312765,10,,,1,412,,312766,10,,,1,103,,312767,10,,,1,100,,312768,10,,,1,100,,312769,10,,,1,100,,312770,10,,,1
6101,'20261120',524,,312771,10,,,1,412,,312772,10,,,1,103,,312773,10,,,1,100,,312774,10,,,1,100,,312775,10,,,1,100,,312776,10,,,1
6101,'20261123',524,,312777,10,,,1,412,,312778,10,,,1,103,,312779,10,,,1,100,,312780,10,,,1,100,,312781,10,,,1,100,,312782,10,,,1
6101,'20261124',524,,312783,10,,,1,412,,312784,10,,,1,103,,312785,10,,,1,100,,312786,10,,,1,100,,312787,10,,,1,100,,312788,10,,,1
6101,'20261125',524,,312789,10,,,1,412,,312790,10,,,1,103,,312791,10,,,1,100,,312792,10,,,1,100,,312793,10,,,1,100,,312794,10,,,1
6101,'20261126',524,,312795,10,,,1,412,,312796,10,,,1,103,,312797,10,,,1,100,,312798,10,,,1,100,,312799,10,,,1,100,,312800,10,,,1
6101,'20261127',524,,312801,10,,,1,412,,312802,10,,,1,103,,312803,10,,,1,100,,312804,10,,,1,100,,312805,10,,,1,100,,312806,10,,,1
