2100,'20260917',425,,241058,34,,,1,79,,241059,34,,,1,25,,241060,34,,,1,391,,241064,10,0,5 29 30,1,100,,241070,10,0,5 29 30,1,100,,241076,10,0,16 29 30,1,95,,241080,10,0,16 29 30,1,85,,241084,10,0,16 29 30,1,110,,241087,10,0,16 29 30,1,98,,241089,10,0,16 29 30,1,95,,241092,10,0,16 29 30,1,104,,241094,34,,,1,105,,241095,34,,,1,93,,241096,34,,,1,100,,241097,34,,,1,99,,241098,34,,,1,100,,241099,34,,,1,97,,241100,34,,,1,100,,241101,34,,,1,104,,241102,34,,,1
2100,'20260918',425,,241103,34,,,1,79,,241104,34,,,1,25,,241105,34,,,1,391,,241109,10,0,5 29 30,1,100,,241115,10,0,5 29 30,1,100,,241121,10,0,16 29 30,1,95,,241125,10,0,16 29 30,1,85,,241129,10,0,16 29 30,1,110,,241132,10,0,16 29 30,1,98,,241134,10,0,16 29 30,1,95,,241137,10,0,16 29 30,1,104,,241139,34,,,1,105,,241140,34,,,1,93,,241141,34,,,1,100,,241142,34,,,1,99,,241143,34,,,1,100,,241144,34,,,1,97,,241145,34,,,1,100,,241146,34,,,1,104,,241147,34,,,1
2100,'20260919',526,,241148,34,0,57 29 30,1,100,,241149,34,0,57 29 30,1,77,,241150,34,0,57 29 30,1,110,,241153,12,0,34 29 30,1,100,,241157,12,0,34 29 30,1,100,,241161,12,0,34 29 30,1,100,,241165,12,0,34 29 30,1,100,,241168,12,0,34 29 30,1,100,,241171,12,0,34 29 30,1,100,,241174,12,0,34 29 30,1,100,,241177,12,0,34 29 30,1,100,,241180,12,0,34 29 30,1,100,,241183,12,0,34 29 30,1,100,,241186,12,0,34 29 30,1,100,,241188,12,0,34 29 30,1,93,,241190,34,0,57 29 30,1,95,,241191,34,0,57 29 30,1,100,,241192,34,0,57 29 30,1,55,,241193,34,0,57 29 30,1,102,,241194,34,0,57 29 30,1,100,,241195,34,0,57 29 30,1
2100,'20260920',526,,241196,34,0,57 29 30,1,100,,241197,34,0,57 29 30,1,77,,241198,34,0,57 29 30,1,110,,241200,12,0,34 29 30,1,100,,241203,12,0,34 29 30,1,100,,241206,12,0,34 29 30,1,100,,241209,12,0,34 29 30,1,100,,241212,12,0,34 29 30,1,100,,241215,12,0,34 29 30,1,100,,241218,12,0,34 29 30,1,100,,241221,12,0,34 29 30,1,100,,241224,12,0,34 29 30,1,100,,241227,12,0,34 29 30,1,100,,241230,12,0,34 29 30,1,100,,241232,12,0,34 29 30,1,93,,241233,34,0,57 29 30,1,95,,241234,34,0,57 29 30,1,100,,241235,34,0,57 29 30,1,55,,241236,34,0,57 29 30,1,102,,241237,34,0,57 29 30,1,100,,241238,34,0,57 29 30,1
2100,'20260921',425,,241239,34,,,1,79,,241240,34,,,1,25,,241241,34,,,1,391,,241245,10,0,5 29 30,1,100,,241251,10,0,5 29 30,1,100,,241257,10,0,16 29 30,1,95,,241261,10,0,16 29 30,1,85,,241265,10,0,16 29 30,1,110,,241268,10,0,16 29 30,1,98,,241270,10,0,16 29 30,1,95,,241273,10,0,16 29 30,1,104,,241275,34,,,1,105,,241276,34,,,1,93,,241277,34,,,1,100,,241278,34,,,1,99,,241279,34,,,1,100,,241280,34,,,1,97,,241281,34,,,1,100,,241282,34,,,1,104,,241283,34,,,1
2100,'20260922',425,,241284,34,,,1,79,,241285,34,,,1,25,,241286,34,,,1,391,,241290,10,0,5 29 30,1,100,,241296,10,0,5 29 30,1,100,,241302,10,0,16 29 30,1,95,,241306,10,0,16 29 30,1,85,,241310,10,0,16 29 30,1,110,,241313,10,0,16 29 30,1,98,,241315,10,0,16 29 30,1,95,,241318,10,0,16 29 30,1,104,,241320,34,,,1,105,,241321,34,,,1,93,,241322,34,,,1,100,,241323,34,,,1,99,,241324,34,,,1,100,,241325,34,,,1,97,,241326,34,,,1,100,,241327,34,,,1,104,,241328,34,,,1
2100,'20260923',425,,241329,34,,,1,79,,241330,34,,,1,25,,241331,34,,,1,391,,241335,10,0,5 29 30,1,100,,241341,10,0,5 29 30,1,100,,241347,10,0,16 29 30,1,95,,241351,10,0,16 29 30,1,85,,241355,10,0,16 29 30,1,110,,241358,10,0,16 29 30,1,98,,241360,10,0,16 29 30,1,95,,241363,10,0,16 29 30,1,104,,241365,34,,,1,105,,241366,34,,,1,93,,241367,34,,,1,100,,241368,34,,,1,99,,241369,34,,,1,100,,241370,34,,,1,97,,241371,34,,,1,100,,241372,34,,,1,104,,241373,34,,,1
2100,'20260924',425,,241374,34,,,1,79,,241375,34,,,1,25,,241376,34,,,1,391,,241380,10,0,5 29 30,1,100,,241386,10,0,5 29 30,1,100,,241392,10,0,16 29 30,1,95,,241396,10,0,16 29 30,1,85,,241400,10,0,16 29 30,1,110,,241403,10,0,16 29 30,1,98,,241405,10,0,16 29 30,1,95,,241408,10,0,16 29 30,1,104,,241410,34,,,1,105,,241411,34,,,1,93,,241412,34,,,1,100,,241413,34,,,1,99,,241414,34,,,1,100,,241415,34,,,1,97,,241416,34,,,1,100,,241417,34,,,1,104,,241418,34,,,1
2100,'20260925',425,,241419,34,,,1,79,,241420,34,,,1,25,,241421,34,,,1,391,,241425,10,0,5 29 30,1,100,,241431,10,0,5 29 30,1,100,,241437,10,0,16 29 30,1,95,,241441,10,0,16 29 30,1,85,,241445,10,0,16 29 30,1,110,,241448,10,0,16 29 30,1,98,,241450,10,0,16 29 30,1,95,,241453,10,0,16 29 30,1,104,,241455,34,,,1,105,,241456,34,,,1,93,,241457,34,,,1,100,,241458,34,,,1,99,,241459,34,,,1,100,,241460,34,,,1,97,,241461,34,,,1,100,,241462,34,,,1,104,,241463,34,,,1
2100,'20260926',526,,241464,34,0,57 29 30,1,100,,241465,34,0,57 29 30,1,77,,241466,34,0,57 29 30,1,110,,241469,12,0,34 29 30,1,100,,241473,12,0,34 29 30,1,100,,241477,12,0,34 29 30,1,100,,241481,12,0,34 29 30,1,100,,241484,12,0,34 29 30,1,100,,241487,12,0,34 29 30,1,100,,241490,12,0,34 29 30,1,100,,241493,12,0,34 29 30,1,100,,241496,12,0,34 29 30,1,100,,241499,12,0,34 29 30,1,100,,241502,12,0,34 29 30,1,100,,241504,12,0,34 29 30,1,93,,241506,34,0,57 29 30,1,95,,241507,34,0,57 29 30,1,100,,241508,34,0,57 29 30,1,55,,241509,34,0,57 29 30,1,102,,241510,34,0,57 29 30,1,100,,241511,34,0,57 29 30,1
2100,'20260927',526,,241512,34,0,57 29 30,1,100,,241513,34,0,57 29 30,1,77,,241514,34,0,57 29 30,1,110,,241516,12,0,34 29 30,1,100,,241519,12,0,34 29 30,1,100,,241522,12,0,34 29 30,1,100,,241525,12,0,34 29 30,1,100,,241528,12,0,34 29 30,1,100,,241531,12,0,34 29 30,1,100,,241534,12,0,34 29 30,1,100,,241537,12,0,34 29 30,1,100,,241540,12,0,34 29 30,1,100,,241543,12,0,34 29 30,1,100,,241546,12,0,34 29 30,1,100,,241548,12,0,34 29 30,1,93,,241549,34,0,57 29 30,1,95,,241550,34,0,57 29 30,1,100,,241551,34,0,57 29 30,1,55,,241552,34,0,57 29 30,1,102,,241553,34,0,57 29 30,1,100,,241554,34,0,57 29 30,1
2100,'20260928',425,,241555,34,,,1,79,,241556,34,,,1,25,,241557,34,,,1,391,,241561,10,0,5 29 30,1,100,,241567,10,0,5 29 30,1,100,,241573,10,0,16 29 30,1,95,,241577,10,0,16 29 30,1,85,,241581,10,0,16 29 30,1,110,,241584,10,0,16 29 30,1,98,,241586,10,0,16 29 30,1,95,,241589,10,0,16 29 30,1,104,,241591,34,,,1,105,,241592,34,,,1,93,,241593,34,,,1,100,,241594,34,,,1,99,,241595,34,,,1,100,,241596,34,,,1,97,,241597,34,,,1,100,,241598,34,,,1,104,,241599,34,,,1
2100,'20260929',425,,241600,34,,,1,79,,241601,34,,,1,25,,241602,34,,,1,391,,241606,10,0,5 29 30,1,100,,241612,10,0,5 29 30,1,100,,241618,10,0,16 29 30,1,95,,241622,10,0,16 29 30,1,85,,241626,10,0,16 29 30,1,110,,241629,10,0,16 29 30,1,98,,241631,10,0,16 29 30,1,95,,241634,10,0,16 29 30,1,104,,241636,34,,,1,105,,241637,34,,,1,93,,241638,34,,,1,100,,241639,34,,,1,99,,241640,34,,,1,100,,241641,34,,,1,97,,241642,34,,,1,100,,241643,34,,,1,104,,241644,34,,,1
2100,'20260930',425,,241645,34,,,1,79,,241646,34,,,1,25,,241647,34,,,1,391,,241651,10,0,5 29 30,1,100,,241657,10,0,5 29 30,1,100,,241663,10,0,16 29 30,1,95,,241667,10,0,16 29 30,1,85,,241671,10,0,16 29 30,1,110,,241674,10,0,16 29 30,1,98,,241676,10,0,16 29 30,1,95,,241679,10,0,16 29 30,1,104,,241681,34,,,1,105,,241682,34,,,1,93,,241683,34,,,1,100,,241684,34,,,1,99,,241685,34,,,1,100,,241686,34,,,1,97,,241687,34,,,1,100,,241688,34,,,1,104,,241689,34,,,1
2100,'20261001',425,,241690,34,,,1,79,,241691,34,,,1,25,,241692,34,,,1,391,,241696,10,0,5 29 30,1,100,,241702,10,0,5 29 30,1,100,,241708,10,0,16 29 30,1,95,,241712,10,0,16 29 30,1,85,,241716,10,0,16 29 30,1,110,,241719,10,0,16 29 30,1,98,,241721,10,0,16 29 30,1,95,,241724,10,0,16 29 30,1,104,,241726,34,,,1,105,,241727,34,,,1,93,,241728,34,,,1,100,,241729,34,,,1,99,,241730,34,,,1,100,,241731,34,,,1,97,,241732,34,,,1,100,,241733,34,,,1,104,,241734,34,,,1
2100,'20261002',425,,241735,34,,,1,79,,241736,34,,,1,25,,241737,34,,,1,391,,241741,10,0,5 29 30,1,100,,241747,10,0,5 29 30,1,100,,241753,10,0,16 29 30,1,95,,241757,10,0,16 29 30,1,85,,241761,10,0,16 29 30,1,110,,241764,10,0,16 29 30,1,98,,241766,10,0,16 29 30,1,95,,241769,10,0,16 29 30,1,104,,241771,34,,,1,105,,241772,34,,,1,93,,241773,34,,,1,100,,241774,34,,,1,99,,241775,34,,,1,100,,241776,34,,,1,97,,241777,34,,,1,100,,241778,34,,,1,104,,241779,34,,,1
2100,'20261003',526,,241780,34,0,57 29 30,1,100,,241781,34,0,57 29 30,1,77,,241782,34,0,57 29 30,1,110,,241785,12,0,34 29 30,1,100,,241789,12,0,34 29 30,1,100,,241793,12,0,34 29 30,1,100,,241797,12,0,34 29 30,1,100,,241800,12,0,34 29 30,1,100,,241803,12,0,34 29 30,1,100,,241806,12,0,34 29 30,1,100,,241809,12,0,34 29 30,1,100,,241812,12,0,34 29 30,1,100,,241815,12,0,34 29 30,1,100,,241818,12,0,34 29 30,1,100,,241820,12,0,34 29 30,1,93,,241822,34,0,57 29 30,1,95,,241823,34,0,57 29 30,1,100,,241824,34,0,57 29 30,1,55,,241825,34,0,57 29 30,1,102,,241826,34,0,57 29 30,1,100,,241827,34,0,57 29 30,1
2100,'20261004',526,,241828,34,0,57 29 30,1,100,,241829,34,0,57 29 30,1,77,,241830,34,0,57 29 30,1,110,,241832,12,0,34 29 30,1,100,,241835,12,0,34 29 30,1,100,,241838,12,0,34 29 30,1,100,,241841,12,0,34 29 30,1,100,,241844,12,0,34 29 30,1,100,,241847,12,0,34 29 30,1,100,,241850,12,0,34 29 30,1,100,,241853,12,0,34 29 30,1,100,,241856,12,0,34 29 30,1,100,,241859,12,0,34 29 30,1,100,,241862,12,0,34 29 30,1,100,,241864,12,0,34 29 30,1,93,,241865,34,0,57 29 30,1,95,,241866,34,0,57 29 30,1,100,,241867,34,0,57 29 30,1,55,,241868,34,0,57 29 30,1,102,,241869,34,0,57 29 30,1,100,,241870,34,0,57 29 30,1
2100,'20261005',425,,241871,34,,,1,79,,241872,34,,,1,25,,241873,34,,,1,391,,241877,10,0,5 29 30,1,100,,241883,10,0,5 29 30,1,100,,241889,10,0,16 29 30,1,95,,241893,10,0,16 29 30,1,85,,241897,10,0,16 29 30,1,110,,241900,10,0,16 29 30,1,98,,241902,10,0,16 29 30,1,95,,241905,10,0,16 29 30,1,104,,241907,34,,,1,105,,241908,34,,,1,93,,241909,34,,,1,100,,241910,34,,,1,99,,241911,34,,,1,100,,241912,34,,,1,97,,241913,34,,,1,100,,241914,34,,,1,104,,241915,34,,,1
2100,'20261006',425,,241916,34,,,1,79,,241917,34,,,1,25,,241918,34,,,1,391,,241922,10,0,5 29 30,1,100,,241928,10,0,5 29 30,1,100,,241934,10,0,16 29 30,1,95,,241938,10,0,16 29 30,1,85,,241942,10,0,16 29 30,1,110,,241945,10,0,16 29 30,1,98,,241947,10,0,16 29 30,1,95,,241950,10,0,16 29 30,1,104,,241952,34,,,1,105,,241953,34,,,1,93,,241954,34,,,1,100,,241955,34,,,1,99,,241956,34,,,1,100,,241957,34,,,1,97,,241958,34,,,1,100,,241959,34,,,1,104,,241960,34,,,1
2100,'20261007',425,,241961,34,,,1,79,,241962,34,,,1,25,,241963,34,,,1,391,,241967,10,0,5 29 30,1,100,,241973,10,0,5 29 30,1,100,,241979,10,0,16 29 30,1,95,,241983,10,0,16 29 30,1,85,,241987,10,0,16 29 30,1,110,,241990,10,0,16 29 30,1,98,,241992,10,0,16 29 30,1,95,,241995,10,0,16 29 30,1,104,,241997,34,,,1,105,,241998,34,,,1,93,,241999,34,,,1,100,,242000,34,,,1,99,,242001,34,,,1,100,,242002,34,,,1,97,,242003,34,,,1,100,,242004,34,,,1,104,,242005,34,,,1
2100,'20261008',425,,242006,34,,,1,79,,242007,34,,,1,25,,242008,34,,,1,391,,242012,10,0,5 29 30,1,100,,242018,10,0,5 29 30,1,100,,242024,10,0,16 29 30,1,95,,242028,10,0,16 29 30,1,85,,242032,10,0,16 29 30,1,110,,242035,10,0,16 29 30,1,98,,242037,10,0,16 29 30,1,95,,242040,10,0,16 29 30,1,104,,242042,34,,,1,105,,242043,34,,,1,93,,242044,34,,,1,100,,242045,34,,,1,99,,242046,34,,,1,100,,242047,34,,,1,97,,242048,34,,,1,100,,242049,34,,,1,104,,242050,34,,,1
2100,'20261009',425,,242051,34,,,1,79,,242052,34,,,1,25,,242053,34,,,1,391,,242057,10,0,5 29 30,1,100,,242063,10,0,5 29 30,1,100,,242069,10,0,16 29 30,1,95,,242073,10,0,16 29 30,1,85,,242077,10,0,16 29 30,1,110,,242080,10,0,16 29 30,1,98,,242082,10,0,16 29 30,1,95,,242085,10,0,16 29 30,1,104,,242087,34,,,1,105,,242088,34,,,1,93,,242089,34,,,1,100,,242090,34,,,1,99,,242091,34,,,1,100,,242092,34,,,1,97,,242093,34,,,1,100,,242094,34,,,1,104,,242095,34,,,1
2100,'20261010',526,,242096,34,0,57 29 30,1,100,,242097,34,0,57 29 30,1,77,,242098,34,0,57 29 30,1,110,,242101,12,0,34 29 30,1,100,,242105,12,0,34 29 30,1,100,,242109,12,0,34 29 30,1,100,,242113,12,0,34 29 30,1,100,,242116,12,0,34 29 30,1,100,,242119,12,0,34 29 30,1,100,,242122,12,0,34 29 30,1,100,,242125,12,0,34 29 30,1,100,,242128,12,0,34 29 30,1,100,,242131,12,0,34 29 30,1,100,,242134,12,0,34 29 30,1,100,,242136,12,0,34 29 30,1,93,,242138,34,0,57 29 30,1,95,,242139,34,0,57 29 30,1,100,,242140,34,0,57 29 30,1,55,,242141,34,0,57 29 30,1,102,,242142,34,0,57 29 30,1,100,,242143,34,0,57 29 30,1
2100,'20261011',526,,242144,34,0,57 29 30,1,100,,242145,34,0,57 29 30,1,77,,242146,34,0,57 29 30,1,110,,242148,12,0,34 29 30,1,100,,242151,12,0,34 29 30,1,100,,242154,12,0,34 29 30,1,100,,242157,12,0,34 29 30,1,100,,242160,12,0,34 29 30,1,100,,242163,12,0,34 29 30,1,100,,242166,12,0,34 29 30,1,100,,242169,12,0,34 29 30,1,100,,242172,12,0,34 29 30,1,100,,242175,12,0,34 29 30,1,100,,242178,12,0,34 29 30,1,100,,242180,12,0,34 29 30,1,93,,242181,34,0,57 29 30,1,95,,242182,34,0,57 29 30,1,100,,242183,34,0,57 29 30,1,55,,242184,34,0,57 29 30,1,102,,242185,34,0,57 29 30,1,100,,242186,34,0,57 29 30,1
2100,'20261012',526,,242187,34,0,57 29 30,1,100,,242188,34,0,57 29 30,1,77,,242189,34,0,57 29 30,1,110,,242192,12,0,34 29 30,1,100,,242196,12,0,34 29 30,1,100,,242200,12,0,34 29 30,1,100,,242204,12,0,34 29 30,1,100,,242207,12,0,34 29 30,1,100,,242210,12,0,34 29 30,1,100,,242213,12,0,34 29 30,1,100,,242216,12,0,34 29 30,1,100,,242219,12,0,34 29 30,1,100,,242222,12,0,34 29 30,1,100,,242225,12,0,34 29 30,1,100,,242227,12,0,34 29 30,1,93,,242229,34,0,57 29 30,1,95,,242230,34,0,57 29 30,1,100,,242231,34,0,57 29 30,1,55,,242232,34,0,57 29 30,1,102,,242233,34,0,57 29 30,1,100,,242234,34,0,57 29 30,1
2100,'20261013',425,,242235,34,,,1,79,,242236,34,,,1,25,,242237,34,,,1,391,,242241,10,0,5 29 30,1,100,,242247,10,0,5 29 30,1,100,,242253,10,0,16 29 30,1,95,,242257,10,0,16 29 30,1,85,,242261,10,0,16 29 30,1,110,,242264,10,0,16 29 30,1,98,,242266,10,0,16 29 30,1,95,,242269,10,0,16 29 30,1,104,,242271,34,,,1,105,,242272,34,,,1,93,,242273,34,,,1,100,,242274,34,,,1,99,,242275,34,,,1,100,,242276,34,,,1,97,,242277,34,,,1,100,,242278,34,,,1,104,,242279,34,,,1
2100,'20261014',425,,242280,34,,,1,79,,242281,34,,,1,25,,242282,34,,,1,391,,242286,10,0,5 29 30,1,100,,242292,10,0,5 29 30,1,100,,242298,10,0,16 29 30,1,95,,242302,10,0,16 29 30,1,85,,242306,10,0,16 29 30,1,110,,242309,10,0,16 29 30,1,98,,242311,10,0,16 29 30,1,95,,242314,10,0,16 29 30,1,104,,242316,34,,,1,105,,242317,34,,,1,93,,242318,34,,,1,100,,242319,34,,,1,99,,242320,34,,,1,100,,242321,34,,,1,97,,242322,34,,,1,100,,242323,34,,,1,104,,242324,34,,,1
2100,'20261015',425,,242325,34,,,1,79,,242326,34,,,1,25,,242327,34,,,1,391,,242331,10,0,5 29 30,1,100,,242337,10,0,5 29 30,1,100,,242343,10,0,16 29 30,1,95,,242347,10,0,16 29 30,1,85,,242351,10,0,16 29 30,1,110,,242354,10,0,16 29 30,1,98,,242356,10,0,16 29 30,1,95,,242359,10,0,16 29 30,1,104,,242361,34,,,1,105,,242362,34,,,1,93,,242363,34,,,1,100,,242364,34,,,1,99,,242365,34,,,1,100,,242366,34,,,1,97,,242367,34,,,1,100,,242368,34,,,1,104,,242369,34,,,1
2100,'20261016',425,,242370,34,,,1,79,,242371,34,,,1,25,,242372,34,,,1,391,,242376,10,0,5 29 30,1,100,,242382,10,0,5 29 30,1,100,,242388,10,0,16 29 30,1,95,,242392,10,0,16 29 30,1,85,,242396,10,0,16 29 30,1,110,,242399,10,0,16 29 30,1,98,,242401,10,0,16 29 30,1,95,,242404,10,0,16 29 30,1,104,,242406,34,,,1,105,,242407,34,,,1,93,,242408,34,,,1,100,,242409,34,,,1,99,,242410,34,,,1,100,,242411,34,,,1,97,,242412,34,,,1,100,,242413,34,,,1,104,,242414,34,,,1
2100,'20261017',526,,242415,34,0,57 29 30,1,100,,242416,34,0,57 29 30,1,77,,242417,34,0,57 29 30,1,110,,242420,12,0,34 29 30,1,100,,242424,12,0,34 29 30,1,100,,242428,12,0,34 29 30,1,100,,242432,12,0,34 29 30,1,100,,242435,12,0,34 29 30,1,100,,242438,12,0,34 29 30,1,100,,242441,12,0,34 29 30,1,100,,242444,12,0,34 29 30,1,100,,242447,12,0,34 29 30,1,100,,242450,12,0,34 29 30,1,100,,242453,12,0,34 29 30,1,100,,242455,12,0,34 29 30,1,93,,242457,34,0,57 29 30,1,95,,242458,34,0,57 29 30,1,100,,242459,34,0,57 29 30,1,55,,242460,34,0,57 29 30,1,102,,242461,34,0,57 29 30,1,100,,242462,34,0,57 29 30,1
2100,'20261018',526,,242463,34,0,57 29 30,1,100,,242464,34,0,57 29 30,1,77,,242465,34,0,57 29 30,1,110,,242467,12,0,34 29 30,1,100,,242470,12,0,34 29 30,1,100,,242473,12,0,34 29 30,1,100,,242476,12,0,34 29 30,1,100,,242479,12,0,34 29 30,1,100,,242482,12,0,34 29 30,1,100,,242485,12,0,34 29 30,1,100,,242488,12,0,34 29 30,1,100,,242491,12,0,34 29 30,1,100,,242494,12,0,34 29 30,1,100,,242497,12,0,34 29 30,1,100,,242499,12,0,34 29 30,1,93,,242500,34,0,57 29 30,1,95,,242501,34,0,57 29 30,1,100,,242502,34,0,57 29 30,1,55,,242503,34,0,57 29 30,1,102,,242504,34,0,57 29 30,1,100,,242505,34,0,57 29 30,1
2100,'20261019',425,,242506,34,,,1,79,,242507,34,,,1,25,,242508,34,,,1,391,,242512,10,0,5 29 30,1,100,,242518,10,0,5 29 30,1,100,,242524,10,0,16 29 30,1,95,,242528,10,0,16 29 30,1,85,,242532,10,0,16 29 30,1,110,,242535,10,0,16 29 30,1,98,,242537,10,0,16 29 30,1,95,,242540,10,0,16 29 30,1,104,,242542,34,,,1,105,,242543,34,,,1,93,,242544,34,,,1,100,,242545,34,,,1,99,,242546,34,,,1,100,,242547,34,,,1,97,,242548,34,,,1,100,,242549,34,,,1,104,,242550,34,,,1
2100,'20261020',425,,242551,34,,,1,79,,242552,34,,,1,25,,242553,34,,,1,391,,242557,10,0,5 29 30,1,100,,242563,10,0,5 29 30,1,100,,242569,10,0,16 29 30,1,95,,242573,10,0,16 29 30,1,85,,242577,10,0,16 29 30,1,110,,242580,10,0,16 29 30,1,98,,242582,10,0,16 29 30,1,95,,242585,10,0,16 29 30,1,104,,242587,34,,,1,105,,242588,34,,,1,93,,242589,34,,,1,100,,242590,34,,,1,99,,242591,34,,,1,100,,242592,34,,,1,97,,242593,34,,,1,100,,242594,34,,,1,104,,242595,34,,,1
2100,'20261021',425,,242596,34,,,1,79,,242597,34,,,1,25,,242598,34,,,1,391,,242602,10,0,5 29 30,1,100,,242608,10,0,5 29 30,1,100,,242614,10,0,16 29 30,1,95,,242618,10,0,16 29 30,1,85,,242622,10,0,16 29 30,1,110,,242625,10,0,16 29 30,1,98,,242627,10,0,16 29 30,1,95,,242630,10,0,16 29 30,1,104,,242632,34,,,1,105,,242633,34,,,1,93,,242634,34,,,1,100,,242635,34,,,1,99,,242636,34,,,1,100,,242637,34,,,1,97,,242638,34,,,1,100,,242639,34,,,1,104,,242640,34,,,1
2100,'20261022',425,,242641,34,,,1,79,,242642,34,,,1,25,,242643,34,,,1,391,,242647,10,0,5 29 30,1,100,,242653,10,0,5 29 30,1,100,,242659,10,0,16 29 30,1,95,,242663,10,0,16 29 30,1,85,,242667,10,0,16 29 30,1,110,,242670,10,0,16 29 30,1,98,,242672,10,0,16 29 30,1,95,,242675,10,0,16 29 30,1,104,,242677,34,,,1,105,,242678,34,,,1,93,,242679,34,,,1,100,,242680,34,,,1,99,,242681,34,,,1,100,,242682,34,,,1,97,,242683,34,,,1,100,,242684,34,,,1,104,,242685,34,,,1
2100,'20261023',425,,242686,34,,,1,79,,242687,34,,,1,25,,242688,34,,,1,391,,242692,10,0,5 29 30,1,100,,242698,10,0,5 29 30,1,100,,242704,10,0,16 29 30,1,95,,242708,10,0,16 29 30,1,85,,242712,10,0,16 29 30,1,110,,242715,10,0,16 29 30,1,98,,242717,10,0,16 29 30,1,95,,242720,10,0,16 29 30,1,104,,242722,34,,,1,105,,242723,34,,,1,93,,242724,34,,,1,100,,242725,34,,,1,99,,242726,34,,,1,100,,242727,34,,,1,97,,242728,34,,,1,100,,242729,34,,,1,104,,242730,34,,,1
2100,'20261024',526,,242731,34,0,57 29 30,1,100,,242732,34,0,57 29 30,1,77,,242733,34,0,57 29 30,1,110,,242736,12,0,34 29 30,1,100,,242740,12,0,34 29 30,1,100,,242744,12,0,34 29 30,1,100,,242748,12,0,34 29 30,1,100,,242751,12,0,34 29 30,1,100,,242754,12,0,34 29 30,1,100,,242757,12,0,34 29 30,1,100,,242760,12,0,34 29 30,1,100,,242763,12,0,34 29 30,1,100,,242766,12,0,34 29 30,1,100,,242769,12,0,34 29 30,1,100,,242771,12,0,34 29 30,1,93,,242773,34,0,57 29 30,1,95,,242774,34,0,57 29 30,1,100,,242775,34,0,57 29 30,1,55,,242776,34,0,57 29 30,1,102,,242777,34,0,57 29 30,1,100,,242778,34,0,57 29 30,1
2100,'20261025',526,,242779,34,0,57 29 30,1,100,,242780,34,0,57 29 30,1,77,,242781,34,0,57 29 30,1,110,,242783,12,0,34 29 30,1,100,,242786,12,0,34 29 30,1,100,,242789,12,0,34 29 30,1,100,,242792,12,0,34 29 30,1,100,,242795,12,0,34 29 30,1,100,,242798,12,0,34 29 30,1,100,,242801,12,0,34 29 30,1,100,,242804,12,0,34 29 30,1,100,,242807,12,0,34 29 30,1,100,,242810,12,0,34 29 30,1,100,,242813,12,0,34 29 30,1,100,,242815,12,0,34 29 30,1,93,,242816,34,0,57 29 30,1,95,,242817,34,0,57 29 30,1,100,,242818,34,0,57 29 30,1,55,,242819,34,0,57 29 30,1,102,,242820,34,0,57 29 30,1,100,,242821,34,0,57 29 30,1
2100,'20261026',425,,242822,34,,,1,79,,242823,34,,,1,25,,242824,34,,,1,391,,242828,10,0,5 29 30,1,100,,242834,10,0,5 29 30,1,100,,242840,10,0,16 29 30,1,95,,242844,10,0,16 29 30,1,85,,242848,10,0,16 29 30,1,110,,242851,10,0,16 29 30,1,98,,242853,10,0,16 29 30,1,95,,242856,10,0,16 29 30,1,104,,242858,34,,,1,105,,242859,34,,,1,93,,242860,34,,,1,100,,242861,34,,,1,99,,242862,34,,,1,100,,242863,34,,,1,97,,242864,34,,,1,100,,242865,34,,,1,104,,242866,34,,,1
2100,'20261027',425,,242867,34,,,1,79,,242868,34,,,1,25,,242869,34,,,1,391,,242873,10,0,5 29 30,1,100,,242879,10,0,5 29 30,1,100,,242885,10,0,16 29 30,1,95,,242889,10,0,16 29 30,1,85,,242893,10,0,16 29 30,1,110,,242896,10,0,16 29 30,1,98,,242898,10,0,16 29 30,1,95,,242901,10,0,16 29 30,1,104,,242903,34,,,1,105,,242904,34,,,1,93,,242905,34,,,1,100,,242906,34,,,1,99,,242907,34,,,1,100,,242908,34,,,1,97,,242909,34,,,1,100,,242910,34,,,1,104,,242911,34,,,1
2100,'20261028',425,,242912,34,,,1,79,,242913,34,,,1,25,,242914,34,,,1,391,,242918,10,0,5 29 30,1,100,,242924,10,0,5 29 30,1,100,,242930,10,0,16 29 30,1,95,,242934,10,0,16 29 30,1,85,,242938,10,0,16 29 30,1,110,,242941,10,0,16 29 30,1,98,,242943,10,0,16 29 30,1,95,,242946,10,0,16 29 30,1,104,,242948,34,,,1,105,,242949,34,,,1,93,,242950,34,,,1,100,,242951,34,,,1,99,,242952,34,,,1,100,,242953,34,,,1,97,,242954,34,,,1,100,,242955,34,,,1,104,,242956,34,,,1
2100,'20261029',425,,242957,34,,,1,79,,242958,34,,,1,25,,242959,34,,,1,391,,242963,10,0,5 29 30,1,100,,242969,10,0,5 29 30,1,100,,242975,10,0,16 29 30,1,95,,242979,10,0,16 29 30,1,85,,242983,10,0,16 29 30,1,110,,242986,10,0,16 29 30,1,98,,242988,10,0,16 29 30,1,95,,242991,10,0,16 29 30,1,104,,242993,34,,,1,105,,242994,34,,,1,93,,242995,34,,,1,100,,242996,34,,,1,99,,242997,34,,,1,100,,242998,34,,,1,97,,242999,34,,,1,100,,243000,34,,,1,104,,243001,34,,,1
2100,'20261030',425,,243002,34,,,1,79,,243003,34,,,1,25,,243004,34,,,1,391,,243008,10,0,5 29 30,1,100,,243014,10,0,5 29 30,1,100,,243020,10,0,16 29 30,1,95,,243024,10,0,16 29 30,1,85,,243028,10,0,16 29 30,1,110,,243031,10,0,16 29 30,1,98,,243033,10,0,16 29 30,1,95,,243036,10,0,16 29 30,1,104,,243038,34,,,1,105,,243039,34,,,1,93,,243040,34,,,1,100,,243041,34,,,1,99,,243042,34,,,1,100,,243043,34,,,1,97,,243044,34,,,1,100,,243045,34,,,1,104,,243046,34,,,1
2100,'20261031',526,,243047,34,0,57 29 30,1,100,,243048,34,0,57 29 30,1,77,,243049,34,0,57 29 30,1,110,,243052,12,0,34 29 30,1,100,,243056,12,0,34 29 30,1,100,,243060,12,0,34 29 30,1,100,,243064,12,0,34 29 30,1,100,,243067,12,0,34 29 30,1,100,,243070,12,0,34 29 30,1,100,,243073,12,0,34 29 30,1,100,,243076,12,0,34 29 30,1,100,,243079,12,0,34 29 30,1,100,,243082,12,0,34 29 30,1,100,,243085,12,0,34 29 30,1,100,,243087,12,0,34 29 30,1,93,,243089,34,0,57 29 30,1,95,,243090,34,0,57 29 30,1,100,,243091,34,0,57 29 30,1,55,,243092,34,0,57 29 30,1,102,,243093,34,0,57 29 30,1,100,,243094,34,0,57 29 30,1
2100,'20261101',526,,243095,34,0,57 29 30,1,100,,243096,34,0,57 29 30,1,77,,243097,34,0,57 29 30,1,110,,243099,12,0,34 29 30,1,100,,243102,12,0,34 29 30,1,100,,243105,12,0,34 29 30,1,100,,243108,12,0,34 29 30,1,100,,243111,12,0,34 29 30,1,100,,243114,12,0,34 29 30,1,100,,243117,12,0,34 29 30,1,100,,243120,12,0,34 29 30,1,100,,243123,12,0,34 29 30,1,100,,243126,12,0,34 29 30,1,100,,243129,12,0,34 29 30,1,100,,243131,12,0,34 29 30,1,93,,243132,34,0,57 29 30,1,95,,243133,34,0,57 29 30,1,100,,243134,34,0,57 29 30,1,55,,243135,34,0,57 29 30,1,102,,243136,34,0,57 29 30,1,100,,243137,34,0,57 29 30,1
2100,'20261102',425,,243138,34,,,1,79,,243139,34,,,1,25,,243140,34,,,1,391,,243144,10,0,5 29 30,1,100,,243150,10,0,5 29 30,1,100,,243156,10,0,16 29 30,1,95,,243160,10,0,16 29 30,1,85,,243164,10,0,16 29 30,1,110,,243167,10,0,16 29 30,1,98,,243169,10,0,16 29 30,1,95,,243172,10,0,16 29 30,1,104,,243174,34,,,1,105,,243175,34,,,1,93,,243176,34,,,1,100,,243177,34,,,1,99,,243178,34,,,1,100,,243179,34,,,1,97,,243180,34,,,1,100,,243181,34,,,1,104,,243182,34,,,1
2100,'20261103',425,,243183,34,,,1,79,,243184,34,,,1,25,,243185,34,,,1,391,,243189,10,0,5 29 30,1,100,,243195,10,0,5 29 30,1,100,,243201,10,0,16 29 30,1,95,,243205,10,0,16 29 30,1,85,,243209,10,0,16 29 30,1,110,,243212,10,0,16 29 30,1,98,,243214,10,0,16 29 30,1,95,,243217,10,0,16 29 30,1,104,,243219,34,,,1,105,,243220,34,,,1,93,,243221,34,,,1,100,,243222,34,,,1,99,,243223,34,,,1,100,,243224,34,,,1,97,,243225,34,,,1,100,,243226,34,,,1,104,,243227,34,,,1
2100,'20261104',425,,243228,34,,,1,79,,243229,34,,,1,25,,243230,34,,,1,391,,243234,10,0,5 29 30,1,100,,243240,10,0,5 29 30,1,100,,243246,10,0,16 29 30,1,95,,243250,10,0,16 29 30,1,85,,243254,10,0,16 29 30,1,110,,243257,10,0,16 29 30,1,98,,243259,10,0,16 29 30,1,95,,243262,10,0,16 29 30,1,104,,243264,34,,,1,105,,243265,34,,,1,93,,243266,34,,,1,100,,243267,34,,,1,99,,243268,34,,,1,100,,243269,34,,,1,97,,243270,34,,,1,100,,243271,34,,,1,104,,243272,34,,,1
2100,'20261105',425,,243273,34,,,1,79,,243274,34,,,1,25,,243275,34,,,1,391,,243279,10,0,5 29 30,1,100,,243285,10,0,5 29 30,1,100,,243291,10,0,16 29 30,1,95,,243295,10,0,16 29 30,1,85,,243299,10,0,16 29 30,1,110,,243302,10,0,16 29 30,1,98,,243304,10,0,16 29 30,1,95,,243307,10,0,16 29 30,1,104,,243309,34,,,1,105,,243310,34,,,1,93,,243311,34,,,1,100,,243312,34,,,1,99,,243313,34,,,1,100,,243314,34,,,1,97,,243315,34,,,1,100,,243316,34,,,1,104,,243317,34,,,1
2100,'20261106',425,,243318,34,,,1,79,,243319,34,,,1,25,,243320,34,,,1,391,,243324,10,0,5 29 30,1,100,,243330,10,0,5 29 30,1,100,,243336,10,0,16 29 30,1,95,,243340,10,0,16 29 30,1,85,,243344,10,0,16 29 30,1,110,,243347,10,0,16 29 30,1,98,,243349,10,0,16 29 30,1,95,,243352,10,0,16 29 30,1,104,,243354,34,,,1,105,,243355,34,,,1,93,,243356,34,,,1,100,,243357,34,,,1,99,,243358,34,,,1,100,,243359,34,,,1,97,,243360,34,,,1,100,,243361,34,,,1,104,,243362,34,,,1
2100,'20261107',526,,243363,34,0,57 29 30,1,100,,243364,34,0,57 29 30,1,77,,243365,34,0,57 29 30,1,110,,243368,12,0,34 29 30,1,100,,243372,12,0,34 29 30,1,100,,243376,12,0,34 29 30,1,100,,243380,12,0,34 29 30,1,100,,243383,12,0,34 29 30,1,100,,243386,12,0,34 29 30,1,100,,243389,12,0,34 29 30,1,100,,243392,12,0,34 29 30,1,100,,243395,12,0,34 29 30,1,100,,243398,12,0,34 29 30,1,100,,243401,12,0,34 29 30,1,100,,243403,12,0,34 29 30,1,93,,243405,34,0,57 29 30,1,95,,243406,34,0,57 29 30,1,100,,243407,34,0,57 29 30,1,55,,243408,34,0,57 29 30,1,102,,243409,34,0,57 29 30,1,100,,243410,34,0,57 29 30,1
2100,'20261108',526,,243411,34,0,57 29 30,1,100,,243412,34,0,57 29 30,1,77,,243413,34,0,57 29 30,1,110,,243415,12,0,34 29 30,1,100,,243418,12,0,34 29 30,1,100,,243421,12,0,34 29 30,1,100,,243424,12,0,34 29 30,1,100,,243427,12,0,34 29 30,1,100,,243430,12,0,34 29 30,1,100,,243433,12,0,34 29 30,1,100,,243436,12,0,34 29 30,1,100,,243439,12,0,34 29 30,1,100,,243442,12,0,34 29 30,1,100,,243445,12,0,34 29 30,1,100,,243447,12,0,34 29 30,1,93,,243448,34,0,57 29 30,1,95,,243449,34,0,57 29 30,1,100,,243450,34,0,57 29 30,1,55,,243451,34,0,57 29 30,1,102,,243452,34,0,57 29 30,1,100,,243453,34,0,57 29 30,1
2100,'20261109',425,,243454,34,,,1,79,,243455,34,,,1,25,,243456,34,,,1,391,,243460,10,0,5 29 30,1,100,,243466,10,0,5 29 30,1,100,,243472,10,0,16 29 30,1,95,,243476,10,0,16 29 30,1,85,,243480,10,0,16 29 30,1,110,,243483,10,0,16 29 30,1,98,,243485,10,0,16 29 30,1,95,,243488,10,0,16 29 30,1,104,,243490,34,,,1,105,,243491,34,,,1,93,,243492,34,,,1,100,,243493,34,,,1,99,,243494,34,,,1,100,,243495,34,,,1,97,,243496,34,,,1,100,,243497,34,,,1,104,,243498,34,,,1
2100,'20261110',425,,243499,34,,,1,79,,243500,34,,,1,25,,243501,34,,,1,391,,243505,10,0,5 29 30,1,100,,243511,10,0,5 29 30,1,100,,243517,10,0,16 29 30,1,95,,243521,10,0,16 29 30,1,85,,243525,10,0,16 29 30,1,110,,243528,10,0,16 29 30,1,98,,243530,10,0,16 29 30,1,95,,243533,10,0,16 29 30,1,104,,243535,34,,,1,105,,243536,34,,,1,93,,243537,34,,,1,100,,243538,34,,,1,99,,243539,34,,,1,100,,243540,34,,,1,97,,243541,34,,,1,100,,243542,34,,,1,104,,243543,34,,,1
2100,'20261111',425,,243544,34,,,1,79,,243545,34,,,1,25,,243546,34,,,1,391,,243550,10,0,5 29 30,1,100,,243556,10,0,5 29 30,1,100,,243562,10,0,16 29 30,1,95,,243566,10,0,16 29 30,1,85,,243570,10,0,16 29 30,1,110,,243573,10,0,16 29 30,1,98,,243575,10,0,16 29 30,1,95,,243578,10,0,16 29 30,1,104,,243580,34,,,1,105,,243581,34,,,1,93,,243582,34,,,1,100,,243583,34,,,1,99,,243584,34,,,1,100,,243585,34,,,1,97,,243586,34,,,1,100,,243587,34,,,1,104,,243588,34,,,1
2100,'20261112',425,,243589,34,,,1,79,,243590,34,,,1,25,,243591,34,,,1,391,,243595,10,0,5 29 30,1,100,,243601,10,0,5 29 30,1,100,,243607,10,0,16 29 30,1,95,,243611,10,0,16 29 30,1,85,,243615,10,0,16 29 30,1,110,,243618,10,0,16 29 30,1,98,,243620,10,0,16 29 30,1,95,,243623,10,0,16 29 30,1,104,,243625,34,,,1,105,,243626,34,,,1,93,,243627,34,,,1,100,,243628,34,,,1,99,,243629,34,,,1,100,,243630,34,,,1,97,,243631,34,,,1,100,,243632,34,,,1,104,,243633,34,,,1
2100,'20261113',425,,243634,34,,,1,79,,243635,34,,,1,25,,243636,34,,,1,391,,243640,10,0,5 29 30,1,100,,243646,10,0,5 29 30,1,100,,243652,10,0,16 29 30,1,95,,243656,10,0,16 29 30,1,85,,243660,10,0,16 29 30,1,110,,243663,10,0,16 29 30,1,98,,243665,10,0,16 29 30,1,95,,243668,10,0,16 29 30,1,104,,243670,34,,,1,105,,243671,34,,,1,93,,243672,34,,,1,100,,243673,34,,,1,99,,243674,34,,,1,100,,243675,34,,,1,97,,243676,34,,,1,100,,243677,34,,,1,104,,243678,34,,,1
2100,'20261114',526,,243679,34,0,57 29 30,1,100,,243680,34,0,57 29 30,1,77,,243681,34,0,57 29 30,1,110,,243684,12,0,34 29 30,1,100,,243688,12,0,34 29 30,1,100,,243692,12,0,34 29 30,1,100,,243696,12,0,34 29 30,1,100,,243699,12,0,34 29 30,1,100,,243702,12,0,34 29 30,1,100,,243705,12,0,34 29 30,1,100,,243708,12,0,34 29 30,1,100,,243711,12,0,34 29 30,1,100,,243714,12,0,34 29 30,1,100,,243717,12,0,34 29 30,1,100,,243719,12,0,34 29 30,1,93,,243721,34,0,57 29 30,1,95,,243722,34,0,57 29 30,1,100,,243723,34,0,57 29 30,1,55,,243724,34,0,57 29 30,1,102,,243725,34,0,57 29 30,1,100,,243726,34,0,57 29 30,1
2100,'20261115',526,,243727,34,0,57 29 30,1,100,,243728,34,0,57 29 30,1,77,,243729,34,0,57 29 30,1,110,,243731,12,0,34 29 30,1,100,,243734,12,0,34 29 30,1,100,,243737,12,0,34 29 30,1,100,,243740,12,0,34 29 30,1,100,,243743,12,0,34 29 30,1,100,,243746,12,0,34 29 30,1,100,,243749,12,0,34 29 30,1,100,,243752,12,0,34 29 30,1,100,,243755,12,0,34 29 30,1,100,,243758,12,0,34 29 30,1,100,,243761,12,0,34 29 30,1,100,,243763,12,0,34 29 30,1,93,,243764,34,0,57 29 30,1,95,,243765,34,0,57 29 30,1,100,,243766,34,0,57 29 30,1,55,,243767,34,0,57 29 30,1,102,,243768,34,0,57 29 30,1,100,,243769,34,0,57 29 30,1
2100,'20261116',425,,243770,34,,,1,79,,243771,34,,,1,25,,243772,34,,,1,391,,243776,10,0,5 29 30,1,100,,243782,10,0,5 29 30,1,100,,243788,10,0,16 29 30,1,95,,243792,10,0,16 29 30,1,85,,243796,10,0,16 29 30,1,110,,243799,10,0,16 29 30,1,98,,243801,10,0,16 29 30,1,95,,243804,10,0,16 29 30,1,104,,243806,34,,,1,105,,243807,34,,,1,93,,243808,34,,,1,100,,243809,34,,,1,99,,243810,34,,,1,100,,243811,34,,,1,97,,243812,34,,,1,100,,243813,34,,,1,104,,243814,34,,,1
2100,'20261117',425,,243815,34,,,1,79,,243816,34,,,1,25,,243817,34,,,1,391,,243821,10,0,5 29 30,1,100,,243827,10,0,5 29 30,1,100,,243833,10,0,16 29 30,1,95,,243837,10,0,16 29 30,1,85,,243841,10,0,16 29 30,1,110,,243844,10,0,16 29 30,1,98,,243846,10,0,16 29 30,1,95,,243849,10,0,16 29 30,1,104,,243851,34,,,1,105,,243852,34,,,1,93,,243853,34,,,1,100,,243854,34,,,1,99,,243855,34,,,1,100,,243856,34,,,1,97,,243857,34,,,1,100,,243858,34,,,1,104,,243859,34,,,1
2100,'20261118',425,,243860,34,,,1,79,,243861,34,,,1,25,,243862,34,,,1,391,,243866,10,0,5 29 30,1,100,,243872,10,0,5 29 30,1,100,,243878,10,0,16 29 30,1,95,,243882,10,0,16 29 30,1,85,,243886,10,0,16 29 30,1,110,,243889,10,0,16 29 30,1,98,,243891,10,0,16 29 30,1,95,,243894,10,0,16 29 30,1,104,,243896,34,,,1,105,,243897,34,,,1,93,,243898,34,,,1,100,,243899,34,,,1,99,,243900,34,,,1,100,,243901,34,,,1,97,,243902,34,,,1,100,,243903,34,,,1,104,,243904,34,,,1
2100,'20261119',425,,243905,34,,,1,79,,243906,34,,,1,25,,243907,34,,,1,391,,243911,10,0,5 29 30,1,100,,243917,10,0,5 29 30,1,100,,243923,10,0,16 29 30,1,95,,243927,10,0,16 29 30,1,85,,243931,10,0,16 29 30,1,110,,243934,10,0,16 29 30,1,98,,243936,10,0,16 29 30,1,95,,243939,10,0,16 29 30,1,104,,243941,34,,,1,105,,243942,34,,,1,93,,243943,34,,,1,100,,243944,34,,,1,99,,243945,34,,,1,100,,243946,34,,,1,97,,243947,34,,,1,100,,243948,34,,,1,104,,243949,34,,,1
2100,'20261120',425,,243950,34,,,1,79,,243951,34,,,1,25,,243952,34,,,1,391,,243956,10,0,5 29 30,1,100,,243962,10,0,5 29 30,1,100,,243968,10,0,16 29 30,1,95,,243972,10,0,16 29 30,1,85,,243976,10,0,16 29 30,1,110,,243979,10,0,16 29 30,1,98,,243981,10,0,16 29 30,1,95,,243984,10,0,16 29 30,1,104,,243986,34,,,1,105,,243987,34,,,1,93,,243988,34,,,1,100,,243989,34,,,1,99,,243990,34,,,1,100,,243991,34,,,1,97,,243992,34,,,1,100,,243993,34,,,1,104,,243994,34,,,1
2100,'20261121',526,,243995,34,0,57 29 30,1,100,,243996,34,0,57 29 30,1,77,,243997,34,0,57 29 30,1,110,,244000,12,0,34 29 30,1,100,,244004,12,0,34 29 30,1,100,,244008,12,0,34 29 30,1,100,,244012,12,0,34 29 30,1,100,,244015,12,0,34 29 30,1,100,,244018,12,0,34 29 30,1,100,,244021,12,0,34 29 30,1,100,,244024,12,0,34 29 30,1,100,,244027,12,0,34 29 30,1,100,,244030,12,0,34 29 30,1,100,,244033,12,0,34 29 30,1,100,,244035,12,0,34 29 30,1,93,,244037,34,0,57 29 30,1,95,,244038,34,0,57 29 30,1,100,,244039,34,0,57 29 30,1,55,,244040,34,0,57 29 30,1,102,,244041,34,0,57 29 30,1,100,,244042,34,0,57 29 30,1
2100,'20261122',526,,244043,34,0,57 29 30,1,100,,244044,34,0,57 29 30,1,77,,244045,34,0,57 29 30,1,110,,244047,12,0,34 29 30,1,100,,244050,12,0,34 29 30,1,100,,244053,12,0,34 29 30,1,100,,244056,12,0,34 29 30,1,100,,244059,12,0,34 29 30,1,100,,244062,12,0,34 29 30,1,100,,244065,12,0,34 29 30,1,100,,244068,12,0,34 29 30,1,100,,244071,12,0,34 29 30,1,100,,244074,12,0,34 29 30,1,100,,244077,12,0,34 29 30,1,100,,244079,12,0,34 29 30,1,93,,244080,34,0,57 29 30,1,95,,244081,34,0,57 29 30,1,100,,244082,34,0,57 29 30,1,55,,244083,34,0,57 29 30,1,102,,244084,34,0,57 29 30,1,100,,244085,34,0,57 29 30,1
2100,'20261123',425,,244086,34,,,1,79,,244087,34,,,1,25,,244088,34,,,1,391,,244092,10,0,5 29 30,1,100,,244098,10,0,5 29 30,1,100,,244104,10,0,16 29 30,1,95,,244108,10,0,16 29 30,1,85,,244112,10,0,16 29 30,1,110,,244115,10,0,16 29 30,1,98,,244117,10,0,16 29 30,1,95,,244120,10,0,16 29 30,1,104,,244122,34,,,1,105,,244123,34,,,1,93,,244124,34,,,1,100,,244125,34,,,1,99,,244126,34,,,1,100,,244127,34,,,1,97,,244128,34,,,1,100,,244129,34,,,1,104,,244130,34,,,1
2100,'20261124',425,,244131,34,,,1,79,,244132,34,,,1,25,,244133,34,,,1,391,,244137,10,0,5 29 30,1,100,,244143,10,0,5 29 30,1,100,,244149,10,0,16 29 30,1,95,,244153,10,0,16 29 30,1,85,,244157,10,0,16 29 30,1,110,,244160,10,0,16 29 30,1,98,,244162,10,0,16 29 30,1,95,,244165,10,0,16 29 30,1,104,,244167,34,,,1,105,,244168,34,,,1,93,,244169,34,,,1,100,,244170,34,,,1,99,,244171,34,,,1,100,,244172,34,,,1,97,,244173,34,,,1,100,,244174,34,,,1,104,,244175,34,,,1
2100,'20261125',425,,244176,34,,,1,79,,244177,34,,,1,25,,244178,34,,,1,391,,244182,10,0,5 29 30,1,100,,244188,10,0,5 29 30,1,100,,244194,10,0,16 29 30,1,95,,244198,10,0,16 29 30,1,85,,244202,10,0,16 29 30,1,110,,244205,10,0,16 29 30,1,98,,244207,10,0,16 29 30,1,95,,244210,10,0,16 29 30,1,104,,244212,34,,,1,105,,244213,34,,,1,93,,244214,34,,,1,100,,244215,34,,,1,99,,244216,34,,,1,100,,244217,34,,,1,97,,244218,34,,,1,100,,244219,34,,,1,104,,244220,34,,,1
2100,'20261126',425,,244221,34,,,1,79,,244222,34,,,1,25,,244223,34,,,1,391,,244227,10,0,5 29 30,1,100,,244233,10,0,5 29 30,1,100,,244239,10,0,16 29 30,1,95,,244243,10,0,16 29 30,1,85,,244247,10,0,16 29 30,1,110,,244250,10,0,16 29 30,1,98,,244252,10,0,16 29 30,1,95,,244255,10,0,16 29 30,1,104,,244257,34,,,1,105,,244258,34,,,1,93,,244259,34,,,1,100,,244260,34,,,1,99,,244261,34,,,1,100,,244262,34,,,1,97,,244263,34,,,1,100,,244264,34,,,1,104,,244265,34,,,1
2100,'20261127',425,,244266,34,,,1,79,,244267,34,,,1,25,,244268,34,,,1,391,,244272,10,0,5 29 30,1,100,,244278,10,0,5 29 30,1,100,,244284,10,0,16 29 30,1,95,,244288,10,0,16 29 30,1,85,,244292,10,0,16 29 30,1,110,,244295,10,0,16 29 30,1,98,,244297,10,0,16 29 30,1,95,,244300,10,0,16 29 30,1,104,,244302,34,,,1,105,,244303,34,,,1,93,,244304,34,,,1,100,,244305,34,,,1,99,,244306,34,,,1,100,,244307,34,,,1,97,,244308,34,,,1,100,,244309,34,,,1,104,,244310,34,,,1
2101,'20260917',642,,244845,21,,,1,116,,244846,21,,,1,156,,244847,21,,,1,95,,244848,21,,,1,100,,244849,21,,,1,104,,244850,21,0,16 63 9,1,101,,244853,21,0,16 63 9,1,108,,244858,21,0,16 63 9,1,93,,244862,13,0,5 63 9,1,519,,244868,13,0,5 63 9,1,94,,244873,13,0,5 63 9,1,95,,244878,13,0,5 63 9,1,120,,244881,21,0,16 63 9,1,95,,244883,21,0,16 63 9,1,84,,244886,21,,,1,90,,244887,21,,,1,100,,244888,21,,,1
2101,'20260918',642,,244889,21,,,1,116,,244890,21,,,1,156,,244891,21,,,1,95,,244892,21,,,1,100,,244893,21,,,1,104,,244894,21,0,16 63 9,1,101,,244897,21,0,16 63 9,1,108,,244902,21,0,16 63 9,1,93,,244906,13,0,5 63 9,1,519,,244912,13,0,5 63 9,1,94,,244917,13,0,5 63 9,1,95,,244922,13,0,5 63 9,1,120,,244925,21,0,16 63 9,1,95,,244927,21,0,16 63 9,1,84,,244930,21,,,1,90,,244931,21,,,1,100,,244932,21,,,1
2101,'20260919',826,,244933,21,0,57 8 9,1,100,,244934,21,0,57 8 9,1,95,,244935,21,0,57 8 9,1,110,,244936,21,0,57 8 9,1,88,,244938,21,0,34 10 9,1,110,,244940,21,0,34 10 9,1,102,,244942,21,0,34 10 9,1,95,,244944,21,0,34 10 9,1,105,,244946,21,0,34 10 9,1,105,,244949,21,0,34 10 9,1,100,,244952,21,0,34 10 9,1,93,,244956,21,0,34 10 9,1,95,,244960,21,0,34 10 9,1,100,,244964,21,0,34 10 9,1,95,,244967,21,0,34 10 9,1,94,,244970,21,0,34 10 9,1,100,,244973,21,0,34 10 9,1,104,,244976,21,0,57 8 9,1,98,,244977,21,0,57 8 9,1,100,,244978,21,0,57 8 9,1
2101,'20260920',826,,244979,21,0,57 8 9,1,100,,244980,21,0,57 8 9,1,95,,244981,21,0,57 8 9,1,110,,244982,21,0,57 8 9,1,88,,244983,21,0,34 10 9,1,110,,244985,21,0,34 10 9,1,102,,244987,21,0,34 10 9,1,95,,244989,21,0,34 10 9,1,105,,244991,21,0,34 10 9,1,105,,244994,21,0,34 10 9,1,100,,244997,21,0,34 10 9,1,93,,245001,21,0,34 10 9,1,95,,245005,21,0,34 10 9,1,100,,245009,21,0,34 10 9,1,95,,245012,21,0,34 10 9,1,94,,245015,21,0,34 10 9,1,100,,245018,21,0,34 10 9,1,104,,245020,21,0,57 8 9,1,98,,245021,21,0,57 8 9,1,100,,245022,21,0,57 8 9,1
2101,'20260921',642,,245023,21,,,1,116,,245024,21,,,1,156,,245025,21,,,1,95,,245026,21,,,1,100,,245027,21,,,1,104,,245028,21,0,16 63 9,1,101,,245031,21,0,16 63 9,1,108,,245036,21,0,16 63 9,1,93,,245040,13,0,5 63 9,1,519,,245046,13,0,5 63 9,1,94,,245051,13,0,5 63 9,1,95,,245056,13,0,5 63 9,1,120,,245059,21,0,16 63 9,1,95,,245061,21,0,16 63 9,1,84,,245064,21,,,1,90,,245065,21,,,1,100,,245066,21,,,1
2101,'20260922',642,,245067,21,,,1,116,,245068,21,,,1,156,,245069,21,,,1,95,,245070,21,,,1,100,,245071,21,,,1,104,,245072,21,0,16 63 9,1,101,,245075,21,0,16 63 9,1,108,,245080,21,0,16 63 9,1,93,,245084,13,0,5 63 9,1,519,,245090,13,0,5 63 9,1,94,,245095,13,0,5 63 9,1,95,,245100,13,0,5 63 9,1,120,,245103,21,0,16 63 9,1,95,,245105,21,0,16 63 9,1,84,,245108,21,,,1,90,,245109,21,,,1,100,,245110,21,,,1
2101,'20260923',642,,245111,21,,,1,116,,245112,21,,,1,156,,245113,21,,,1,95,,245114,21,,,1,100,,245115,21,,,1,104,,245116,21,0,16 63 9,1,101,,245119,21,0,16 63 9,1,108,,245124,21,0,16 63 9,1,93,,245128,13,0,5 63 9,1,519,,245134,13,0,5 63 9,1,94,,245139,13,0,5 63 9,1,95,,245144,13,0,5 63 9,1,120,,245147,21,0,16 63 9,1,95,,245149,21,0,16 63 9,1,84,,245152,21,,,1,90,,245153,21,,,1,100,,245154,21,,,1
2101,'20260924',642,,245155,21,,,1,116,,245156,21,,,1,156,,245157,21,,,1,95,,245158,21,,,1,100,,245159,21,,,1,104,,245160,21,0,16 63 9,1,101,,245163,21,0,16 63 9,1,108,,245168,21,0,16 63 9,1,93,,245172,13,0,5 63 9,1,519,,245178,13,0,5 63 9,1,94,,245183,13,0,5 63 9,1,95,,245188,13,0,5 63 9,1,120,,245191,21,0,16 63 9,1,95,,245193,21,0,16 63 9,1,84,,245196,21,,,1,90,,245197,21,,,1,100,,245198,21,,,1
2101,'20260925',642,,245199,21,,,1,116,,245200,21,,,1,156,,245201,21,,,1,95,,245202,21,,,1,100,,245203,21,,,1,104,,245204,21,0,16 63 9,1,101,,245207,21,0,16 63 9,1,108,,245212,21,0,16 63 9,1,93,,245216,13,0,5 63 9,1,519,,245222,13,0,5 63 9,1,94,,245227,13,0,5 63 9,1,95,,245232,13,0,5 63 9,1,120,,245235,21,0,16 63 9,1,95,,245237,21,0,16 63 9,1,84,,245240,21,,,1,90,,245241,21,,,1,100,,245242,21,,,1
2101,'20260926',826,,245243,21,0,57 8 9,1,100,,245244,21,0,57 8 9,1,95,,245245,21,0,57 8 9,1,110,,245246,21,0,57 8 9,1,88,,245248,21,0,34 10 9,1,110,,245250,21,0,34 10 9,1,102,,245252,21,0,34 10 9,1,95,,245254,21,0,34 10 9,1,105,,245256,21,0,34 10 9,1,105,,245259,21,0,34 10 9,1,100,,245262,21,0,34 10 9,1,93,,245266,21,0,34 10 9,1,95,,245270,21,0,34 10 9,1,100,,245274,21,0,34 10 9,1,95,,245277,21,0,34 10 9,1,94,,245280,21,0,34 10 9,1,100,,245283,21,0,34 10 9,1,104,,245286,21,0,57 8 9,1,98,,245287,21,0,57 8 9,1,100,,245288,21,0,57 8 9,1
2101,'20260927',826,,245289,21,0,57 8 9,1,100,,245290,21,0,57 8 9,1,95,,245291,21,0,57 8 9,1,110,,245292,21,0,57 8 9,1,88,,245293,21,0,34 10 9,1,110,,245295,21,0,34 10 9,1,102,,245297,21,0,34 10 9,1,95,,245299,21,0,34 10 9,1,105,,245301,21,0,34 10 9,1,105,,245304,21,0,34 10 9,1,100,,245307,21,0,34 10 9,1,93,,245311,21,0,34 10 9,1,95,,245315,21,0,34 10 9,1,100,,245319,21,0,34 10 9,1,95,,245322,21,0,34 10 9,1,94,,245325,21,0,34 10 9,1,100,,245328,21,0,34 10 9,1,104,,245330,21,0,57 8 9,1,98,,245331,21,0,57 8 9,1,100,,245332,21,0,57 8 9,1
2101,'20260928',642,,245333,21,,,1,116,,245334,21,,,1,156,,245335,21,,,1,95,,245336,21,,,1,100,,245337,21,,,1,104,,245338,21,0,16 63 9,1,101,,245341,21,0,16 63 9,1,108,,245346,21,0,16 63 9,1,93,,245350,13,0,5 63 9,1,519,,245356,13,0,5 63 9,1,94,,245361,13,0,5 63 9,1,95,,245366,13,0,5 63 9,1,120,,245369,21,0,16 63 9,1,95,,245371,21,0,16 63 9,1,84,,245374,21,,,1,90,,245375,21,,,1,100,,245376,21,,,1
2101,'20260929',642,,245377,21,,,1,116,,245378,21,,,1,156,,245379,21,,,1,95,,245380,21,,,1,100,,245381,21,,,1,104,,245382,21,0,16 63 9,1,101,,245385,21,0,16 63 9,1,108,,245390,21,0,16 63 9,1,93,,245394,13,0,5 63 9,1,519,,245400,13,0,5 63 9,1,94,,245405,13,0,5 63 9,1,95,,245410,13,0,5 63 9,1,120,,245413,21,0,16 63 9,1,95,,245415,21,0,16 63 9,1,84,,245418,21,,,1,90,,245419,21,,,1,100,,245420,21,,,1
2101,'20260930',642,,245421,21,,,1,116,,245422,21,,,1,156,,245423,21,,,1,95,,245424,21,,,1,100,,245425,21,,,1,104,,245426,21,0,16 63 9,1,101,,245429,21,0,16 63 9,1,108,,245434,21,0,16 63 9,1,93,,245438,13,0,5 63 9,1,519,,245444,13,0,5 63 9,1,94,,245449,13,0,5 63 9,1,95,,245454,13,0,5 63 9,1,120,,245457,21,0,16 63 9,1,95,,245459,21,0,16 63 9,1,84,,245462,21,,,1,90,,245463,21,,,1,100,,245464,21,,,1
2101,'20261001',642,,245465,21,,,1,116,,245466,21,,,1,156,,245467,21,,,1,95,,245468,21,,,1,100,,245469,21,,,1,104,,245470,21,0,16 63 9,1,101,,245473,21,0,16 63 9,1,108,,245478,21,0,16 63 9,1,93,,245482,13,0,5 63 9,1,519,,245488,13,0,5 63 9,1,94,,245493,13,0,5 63 9,1,95,,245498,13,0,5 63 9,1,120,,245501,21,0,16 63 9,1,95,,245503,21,0,16 63 9,1,84,,245506,21,,,1,90,,245507,21,,,1,100,,245508,21,,,1
2101,'20261002',642,,245509,21,,,1,116,,245510,21,,,1,156,,245511,21,,,1,95,,245512,21,,,1,100,,245513,21,,,1,104,,245514,21,0,16 63 9,1,101,,245517,21,0,16 63 9,1,108,,245522,21,0,16 63 9,1,93,,245526,13,0,5 63 9,1,519,,245532,13,0,5 63 9,1,94,,245537,13,0,5 63 9,1,95,,245542,13,0,5 63 9,1,120,,245545,21,0,16 63 9,1,95,,245547,21,0,16 63 9,1,84,,245550,21,,,1,90,,245551,21,,,1,100,,245552,21,,,1
2101,'20261003',826,,245553,21,0,57 8 9,1,100,,245554,21,0,57 8 9,1,95,,245555,21,0,57 8 9,1,110,,245556,21,0,57 8 9,1,88,,245558,21,0,34 10 9,1,110,,245560,21,0,34 10 9,1,102,,245562,21,0,34 10 9,1,95,,245564,21,0,34 10 9,1,105,,245566,21,0,34 10 9,1,105,,245569,21,0,34 10 9,1,100,,245572,21,0,34 10 9,1,93,,245576,21,0,34 10 9,1,95,,245580,21,0,34 10 9,1,100,,245584,21,0,34 10 9,1,95,,245587,21,0,34 10 9,1,94,,245590,21,0,34 10 9,1,100,,245593,21,0,34 10 9,1,104,,245596,21,0,57 8 9,1,98,,245597,21,0,57 8 9,1,100,,245598,21,0,57 8 9,1
2101,'20261004',826,,245599,21,0,57 8 9,1,100,,245600,21,0,57 8 9,1,95,,245601,21,0,57 8 9,1,110,,245602,21,0,57 8 9,1,88,,245603,21,0,34 10 9,1,110,,245605,21,0,34 10 9,1,102,,245607,21,0,34 10 9,1,95,,245609,21,0,34 10 9,1,105,,245611,21,0,34 10 9,1,105,,245614,21,0,34 10 9,1,100,,245617,21,0,34 10 9,1,93,,245621,21,0,34 10 9,1,95,,245625,21,0,34 10 9,1,100,,245629,21,0,34 10 9,1,95,,245632,21,0,34 10 9,1,94,,245635,21,0,34 10 9,1,100,,245638,21,0,34 10 9,1,104,,245640,21,0,57 8 9,1,98,,245641,21,0,57 8 9,1,100,,245642,21,0,57 8 9,1
2101,'20261005',642,,245643,21,,,1,116,,245644,21,,,1,156,,245645,21,,,1,95,,245646,21,,,1,100,,245647,21,,,1,104,,245648,21,0,16 63 9,1,101,,245651,21,0,16 63 9,1,108,,245656,21,0,16 63 9,1,93,,245660,13,0,5 63 9,1,519,,245666,13,0,5 63 9,1,94,,245671,13,0,5 63 9,1,95,,245676,13,0,5 63 9,1,120,,245679,21,0,16 63 9,1,95,,245681,21,0,16 63 9,1,84,,245684,21,,,1,90,,245685,21,,,1,100,,245686,21,,,1
2101,'20261006',642,,245687,21,,,1,116,,245688,21,,,1,156,,245689,21,,,1,95,,245690,21,,,1,100,,245691,21,,,1,104,,245692,21,0,16 63 9,1,101,,245695,21,0,16 63 9,1,108,,245700,21,0,16 63 9,1,93,,245704,13,0,5 63 9,1,519,,245710,13,0,5 63 9,1,94,,245715,13,0,5 63 9,1,95,,245720,13,0,5 63 9,1,120,,245723,21,0,16 63 9,1,95,,245725,21,0,16 63 9,1,84,,245728,21,,,1,90,,245729,21,,,1,100,,245730,21,,,1
2101,'20261007',642,,245731,21,,,1,116,,245732,21,,,1,156,,245733,21,,,1,95,,245734,21,,,1,100,,245735,21,,,1,104,,245736,21,0,16 63 9,1,101,,245739,21,0,16 63 9,1,108,,245744,21,0,16 63 9,1,93,,245748,13,0,5 63 9,1,519,,245754,13,0,5 63 9,1,94,,245759,13,0,5 63 9,1,95,,245764,13,0,5 63 9,1,120,,245767,21,0,16 63 9,1,95,,245769,21,0,16 63 9,1,84,,245772,21,,,1,90,,245773,21,,,1,100,,245774,21,,,1
2101,'20261008',642,,245775,21,,,1,116,,245776,21,,,1,156,,245777,21,,,1,95,,245778,21,,,1,100,,245779,21,,,1,104,,245780,21,0,16 63 9,1,101,,245783,21,0,16 63 9,1,108,,245788,21,0,16 63 9,1,93,,245792,13,0,5 63 9,1,519,,245798,13,0,5 63 9,1,94,,245803,13,0,5 63 9,1,95,,245808,13,0,5 63 9,1,120,,245811,21,0,16 63 9,1,95,,245813,21,0,16 63 9,1,84,,245816,21,,,1,90,,245817,21,,,1,100,,245818,21,,,1
2101,'20261009',642,,245819,21,,,1,116,,245820,21,,,1,156,,245821,21,,,1,95,,245822,21,,,1,100,,245823,21,,,1,104,,245824,21,0,16 63 9,1,101,,245827,21,0,16 63 9,1,108,,245832,21,0,16 63 9,1,93,,245836,13,0,5 63 9,1,519,,245842,13,0,5 63 9,1,94,,245847,13,0,5 63 9,1,95,,245852,13,0,5 63 9,1,120,,245855,21,0,16 63 9,1,95,,245857,21,0,16 63 9,1,84,,245860,21,,,1,90,,245861,21,,,1,100,,245862,21,,,1
2101,'20261010',826,,245863,21,0,57 8 9,1,100,,245864,21,0,57 8 9,1,95,,245865,21,0,57 8 9,1,110,,245866,21,0,57 8 9,1,88,,245868,21,0,34 10 9,1,110,,245870,21,0,34 10 9,1,102,,245872,21,0,34 10 9,1,95,,245874,21,0,34 10 9,1,105,,245876,21,0,34 10 9,1,105,,245879,21,0,34 10 9,1,100,,245882,21,0,34 10 9,1,93,,245886,21,0,34 10 9,1,95,,245890,21,0,34 10 9,1,100,,245894,21,0,34 10 9,1,95,,245897,21,0,34 10 9,1,94,,245900,21,0,34 10 9,1,100,,245903,21,0,34 10 9,1,104,,245906,21,0,57 8 9,1,98,,245907,21,0,57 8 9,1,100,,245908,21,0,57 8 9,1
2101,'20261011',826,,245909,21,0,57 8 9,1,100,,245910,21,0,57 8 9,1,95,,245911,21,0,57 8 9,1,110,,245912,21,0,57 8 9,1,88,,245913,21,0,34 10 9,1,110,,245915,21,0,34 10 9,1,102,,245917,21,0,34 10 9,1,95,,245919,21,0,34 10 9,1,105,,245921,21,0,34 10 9,1,105,,245924,21,0,34 10 9,1,100,,245927,21,0,34 10 9,1,93,,245931,21,0,34 10 9,1,95,,245935,21,0,34 10 9,1,100,,245939,21,0,34 10 9,1,95,,245942,21,0,34 10 9,1,94,,245945,21,0,34 10 9,1,100,,245948,21,0,34 10 9,1,104,,245950,21,0,57 8 9,1,98,,245951,21,0,57 8 9,1,100,,245952,21,0,57 8 9,1
2101,'20261012',826,,245953,21,0,57 8 9,1,100,,245954,21,0,57 8 9,1,95,,245955,21,0,57 8 9,1,110,,245956,21,0,57 8 9,1,88,,245958,21,0,34 10 9,1,110,,245960,21,0,34 10 9,1,102,,245962,21,0,34 10 9,1,95,,245964,21,0,34 10 9,1,105,,245966,21,0,34 10 9,1,105,,245969,21,0,34 10 9,1,100,,245972,21,0,34 10 9,1,93,,245976,21,0,34 10 9,1,95,,245980,21,0,34 10 9,1,100,,245984,21,0,34 10 9,1,95,,245987,21,0,34 10 9,1,94,,245990,21,0,34 10 9,1,100,,245993,21,0,34 10 9,1,104,,245996,21,0,57 8 9,1,98,,245997,21,0,57 8 9,1,100,,245998,21,0,57 8 9,1
2101,'20261013',642,,245999,21,,,1,116,,246000,21,,,1,156,,246001,21,,,1,95,,246002,21,,,1,100,,246003,21,,,1,104,,246004,21,0,16 63 9,1,101,,246007,21,0,16 63 9,1,108,,246012,21,0,16 63 9,1,93,,246016,13,0,5 63 9,1,519,,246022,13,0,5 63 9,1,94,,246027,13,0,5 63 9,1,95,,246032,13,0,5 63 9,1,120,,246035,21,0,16 63 9,1,95,,246037,21,0,16 63 9,1,84,,246040,21,,,1,90,,246041,21,,,1,100,,246042,21,,,1
2101,'20261014',642,,246043,21,,,1,116,,246044,21,,,1,156,,246045,21,,,1,95,,246046,21,,,1,100,,246047,21,,,1,104,,246048,21,0,16 63 9,1,101,,246051,21,0,16 63 9,1,108,,246056,21,0,16 63 9,1,93,,246060,13,0,5 63 9,1,519,,246066,13,0,5 63 9,1,94,,246071,13,0,5 63 9,1,95,,246076,13,0,5 63 9,1,120,,246079,21,0,16 63 9,1,95,,246081,21,0,16 63 9,1,84,,246084,21,,,1,90,,246085,21,,,1,100,,246086,21,,,1
2101,'20261015',642,,246087,21,,,1,116,,246088,21,,,1,156,,246089,21,,,1,95,,246090,21,,,1,100,,246091,21,,,1,104,,246092,21,0,16 63 9,1,101,,246095,21,0,16 63 9,1,108,,246100,21,0,16 63 9,1,93,,246104,13,0,5 63 9,1,519,,246110,13,0,5 63 9,1,94,,246115,13,0,5 63 9,1,95,,246120,13,0,5 63 9,1,120,,246123,21,0,16 63 9,1,95,,246125,21,0,16 63 9,1,84,,246128,21,,,1,90,,246129,21,,,1,100,,246130,21,,,1
2101,'20261016',642,,246131,21,,,1,116,,246132,21,,,1,156,,246133,21,,,1,95,,246134,21,,,1,100,,246135,21,,,1,104,,246136,21,0,16 63 9,1,101,,246139,21,0,16 63 9,1,108,,246144,21,0,16 63 9,1,93,,246148,13,0,5 63 9,1,519,,246154,13,0,5 63 9,1,94,,246159,13,0,5 63 9,1,95,,246164,13,0,5 63 9,1,120,,246167,21,0,16 63 9,1,95,,246169,21,0,16 63 9,1,84,,246172,21,,,1,90,,246173,21,,,1,100,,246174,21,,,1
2101,'20261017',826,,246175,21,0,57 8 9,1,100,,246176,21,0,57 8 9,1,95,,246177,21,0,57 8 9,1,110,,246178,21,0,57 8 9,1,88,,246180,21,0,34 10 9,1,110,,246182,21,0,34 10 9,1,102,,246184,21,0,34 10 9,1,95,,246186,21,0,34 10 9,1,105,,246188,21,0,34 10 9,1,105,,246191,21,0,34 10 9,1,100,,246194,21,0,34 10 9,1,93,,246198,21,0,34 10 9,1,95,,246202,21,0,34 10 9,1,100,,246206,21,0,34 10 9,1,95,,246209,21,0,34 10 9,1,94,,246212,21,0,34 10 9,1,100,,246215,21,0,34 10 9,1,104,,246218,21,0,57 8 9,1,98,,246219,21,0,57 8 9,1,100,,246220,21,0,57 8 9,1
2101,'20261018',826,,246221,21,0,57 8 9,1,100,,246222,21,0,57 8 9,1,95,,246223,21,0,57 8 9,1,110,,246224,21,0,57 8 9,1,88,,246225,21,0,34 10 9,1,110,,246227,21,0,34 10 9,1,102,,246229,21,0,34 10 9,1,95,,246231,21,0,34 10 9,1,105,,246233,21,0,34 10 9,1,105,,246236,21,0,34 10 9,1,100,,246239,21,0,34 10 9,1,93,,246243,21,0,34 10 9,1,95,,246247,21,0,34 10 9,1,100,,246251,21,0,34 10 9,1,95,,246254,21,0,34 10 9,1,94,,246257,21,0,34 10 9,1,100,,246260,21,0,34 10 9,1,104,,246262,21,0,57 8 9,1,98,,246263,21,0,57 8 9,1,100,,246264,21,0,57 8 9,1
2101,'20261019',642,,246265,21,,,1,116,,246266,21,,,1,156,,246267,21,,,1,95,,246268,21,,,1,100,,246269,21,,,1,104,,246270,21,0,16 63 9,1,101,,246273,21,0,16 63 9,1,108,,246278,21,0,16 63 9,1,93,,246282,13,0,5 63 9,1,519,,246288,13,0,5 63 9,1,94,,246293,13,0,5 63 9,1,95,,246298,13,0,5 63 9,1,120,,246301,21,0,16 63 9,1,95,,246303,21,0,16 63 9,1,84,,246306,21,,,1,90,,246307,21,,,1,100,,246308,21,,,1
2101,'20261020',642,,246309,21,,,1,116,,246310,21,,,1,156,,246311,21,,,1,95,,246312,21,,,1,100,,246313,21,,,1,104,,246314,21,0,16 63 9,1,101,,246317,21,0,16 63 9,1,108,,246322,21,0,16 63 9,1,93,,246326,13,0,5 63 9,1,519,,246332,13,0,5 63 9,1,94,,246337,13,0,5 63 9,1,95,,246342,13,0,5 63 9,1,120,,246345,21,0,16 63 9,1,95,,246347,21,0,16 63 9,1,84,,246350,21,,,1,90,,246351,21,,,1,100,,246352,21,,,1
2101,'20261021',642,,246353,21,,,1,116,,246354,21,,,1,156,,246355,21,,,1,95,,246356,21,,,1,100,,246357,21,,,1,104,,246358,21,0,16 63 9,1,101,,246361,21,0,16 63 9,1,108,,246366,21,0,16 63 9,1,93,,246370,13,0,5 63 9,1,519,,246376,13,0,5 63 9,1,94,,246381,13,0,5 63 9,1,95,,246386,13,0,5 63 9,1,120,,246389,21,0,16 63 9,1,95,,246391,21,0,16 63 9,1,84,,246394,21,,,1,90,,246395,21,,,1,100,,246396,21,,,1
2101,'20261022',642,,246397,21,,,1,116,,246398,21,,,1,156,,246399,21,,,1,95,,246400,21,,,1,100,,246401,21,,,1,104,,246402,21,0,16 63 9,1,101,,246405,21,0,16 63 9,1,108,,246410,21,0,16 63 9,1,93,,246414,13,0,5 63 9,1,519,,246420,13,0,5 63 9,1,94,,246425,13,0,5 63 9,1,95,,246430,13,0,5 63 9,1,120,,246433,21,0,16 63 9,1,95,,246435,21,0,16 63 9,1,84,,246438,21,,,1,90,,246439,21,,,1,100,,246440,21,,,1
2101,'20261023',642,,246441,21,,,1,116,,246442,21,,,1,156,,246443,21,,,1,95,,246444,21,,,1,100,,246445,21,,,1,104,,246446,21,0,16 63 9,1,101,,246449,21,0,16 63 9,1,108,,246454,21,0,16 63 9,1,93,,246458,13,0,5 63 9,1,519,,246464,13,0,5 63 9,1,94,,246469,13,0,5 63 9,1,95,,246474,13,0,5 63 9,1,120,,246477,21,0,16 63 9,1,95,,246479,21,0,16 63 9,1,84,,246482,21,,,1,90,,246483,21,,,1,100,,246484,21,,,1
2101,'20261024',826,,246485,21,0,57 8 9,1,100,,246486,21,0,57 8 9,1,95,,246487,21,0,57 8 9,1,110,,246488,21,0,57 8 9,1,88,,246490,21,0,34 10 9,1,110,,246492,21,0,34 10 9,1,102,,246494,21,0,34 10 9,1,95,,246496,21,0,34 10 9,1,105,,246498,21,0,34 10 9,1,105,,246501,21,0,34 10 9,1,100,,246504,21,0,34 10 9,1,93,,246508,21,0,34 10 9,1,95,,246512,21,0,34 10 9,1,100,,246516,21,0,34 10 9,1,95,,246519,21,0,34 10 9,1,94,,246522,21,0,34 10 9,1,100,,246525,21,0,34 10 9,1,104,,246528,21,0,57 8 9,1,98,,246529,21,0,57 8 9,1,100,,246530,21,0,57 8 9,1
2101,'20261025',826,,246531,21,0,57 8 9,1,100,,246532,21,0,57 8 9,1,95,,246533,21,0,57 8 9,1,110,,246534,21,0,57 8 9,1,88,,246535,21,0,34 10 9,1,110,,246537,21,0,34 10 9,1,102,,246539,21,0,34 10 9,1,95,,246541,21,0,34 10 9,1,105,,246543,21,0,34 10 9,1,105,,246546,21,0,34 10 9,1,100,,246549,21,0,34 10 9,1,93,,246553,21,0,34 10 9,1,95,,246557,21,0,34 10 9,1,100,,246561,21,0,34 10 9,1,95,,246564,21,0,34 10 9,1,94,,246567,21,0,34 10 9,1,100,,246570,21,0,34 10 9,1,104,,246572,21,0,57 8 9,1,98,,246573,21,0,57 8 9,1,100,,246574,21,0,57 8 9,1
2101,'20261026',642,,246575,21,,,1,116,,246576,21,,,1,156,,246577,21,,,1,95,,246578,21,,,1,100,,246579,21,,,1,104,,246580,21,0,16 63 9,1,101,,246583,21,0,16 63 9,1,108,,246588,21,0,16 63 9,1,93,,246592,13,0,5 63 9,1,519,,246598,13,0,5 63 9,1,94,,246603,13,0,5 63 9,1,95,,246608,13,0,5 63 9,1,120,,246611,21,0,16 63 9,1,95,,246613,21,0,16 63 9,1,84,,246616,21,,,1,90,,246617,21,,,1,100,,246618,21,,,1
2101,'20261027',642,,246619,21,,,1,116,,246620,21,,,1,156,,246621,21,,,1,95,,246622,21,,,1,100,,246623,21,,,1,104,,246624,21,0,16 63 9,1,101,,246627,21,0,16 63 9,1,108,,246632,21,0,16 63 9,1,93,,246636,13,0,5 63 9,1,519,,246642,13,0,5 63 9,1,94,,246647,13,0,5 63 9,1,95,,246652,13,0,5 63 9,1,120,,246655,21,0,16 63 9,1,95,,246657,21,0,16 63 9,1,84,,246660,21,,,1,90,,246661,21,,,1,100,,246662,21,,,1
2101,'20261028',642,,246663,21,,,1,116,,246664,21,,,1,156,,246665,21,,,1,95,,246666,21,,,1,100,,246667,21,,,1,104,,246668,21,0,16 63 9,1,101,,246671,21,0,16 63 9,1,108,,246676,21,0,16 63 9,1,93,,246680,13,0,5 63 9,1,519,,246686,13,0,5 63 9,1,94,,246691,13,0,5 63 9,1,95,,246696,13,0,5 63 9,1,120,,246699,21,0,16 63 9,1,95,,246701,21,0,16 63 9,1,84,,246704,21,,,1,90,,246705,21,,,1,100,,246706,21,,,1
2101,'20261029',642,,246707,21,,,1,116,,246708,21,,,1,156,,246709,21,,,1,95,,246710,21,,,1,100,,246711,21,,,1,104,,246712,21,0,16 63 9,1,101,,246715,21,0,16 63 9,1,108,,246720,21,0,16 63 9,1,93,,246724,13,0,5 63 9,1,519,,246730,13,0,5 63 9,1,94,,246735,13,0,5 63 9,1,95,,246740,13,0,5 63 9,1,120,,246743,21,0,16 63 9,1,95,,246745,21,0,16 63 9,1,84,,246748,21,,,1,90,,246749,21,,,1,100,,246750,21,,,1
2101,'20261030',642,,246751,21,,,1,116,,246752,21,,,1,156,,246753,21,,,1,95,,246754,21,,,1,100,,246755,21,,,1,104,,246756,21,0,16 63 9,1,101,,246759,21,0,16 63 9,1,108,,246764,21,0,16 63 9,1,93,,246768,13,0,5 63 9,1,519,,246774,13,0,5 63 9,1,94,,246779,13,0,5 63 9,1,95,,246784,13,0,5 63 9,1,120,,246787,21,0,16 63 9,1,95,,246789,21,0,16 63 9,1,84,,246792,21,,,1,90,,246793,21,,,1,100,,246794,21,,,1
2101,'20261031',826,,246795,21,0,57 8 9,1,100,,246796,21,0,57 8 9,1,95,,246797,21,0,57 8 9,1,110,,246798,21,0,57 8 9,1,88,,246800,21,0,34 10 9,1,110,,246802,21,0,34 10 9,1,102,,246804,21,0,34 10 9,1,95,,246806,21,0,34 10 9,1,105,,246808,21,0,34 10 9,1,105,,246811,21,0,34 10 9,1,100,,246814,21,0,34 10 9,1,93,,246818,21,0,34 10 9,1,95,,246822,21,0,34 10 9,1,100,,246826,21,0,34 10 9,1,95,,246829,21,0,34 10 9,1,94,,246832,21,0,34 10 9,1,100,,246835,21,0,34 10 9,1,104,,246838,21,0,57 8 9,1,98,,246839,21,0,57 8 9,1,100,,246840,21,0,57 8 9,1
2101,'20261101',826,,246841,21,0,57 8 9,1,100,,246842,21,0,57 8 9,1,95,,246843,21,0,57 8 9,1,110,,246844,21,0,57 8 9,1,88,,246845,21,0,34 10 9,1,110,,246847,21,0,34 10 9,1,102,,246849,21,0,34 10 9,1,95,,246851,21,0,34 10 9,1,105,,246853,21,0,34 10 9,1,105,,246856,21,0,34 10 9,1,100,,246859,21,0,34 10 9,1,93,,246863,21,0,34 10 9,1,95,,246867,21,0,34 10 9,1,100,,246871,21,0,34 10 9,1,95,,246874,21,0,34 10 9,1,94,,246877,21,0,34 10 9,1,100,,246880,21,0,34 10 9,1,104,,246882,21,0,57 8 9,1,98,,246883,21,0,57 8 9,1,100,,246884,21,0,57 8 9,1
2101,'20261102',642,,246885,21,,,1,116,,246886,21,,,1,156,,246887,21,,,1,95,,246888,21,,,1,100,,246889,21,,,1,104,,246890,21,0,16 63 9,1,101,,246893,21,0,16 63 9,1,108,,246898,21,0,16 63 9,1,93,,246902,13,0,5 63 9,1,519,,246908,13,0,5 63 9,1,94,,246913,13,0,5 63 9,1,95,,246918,13,0,5 63 9,1,120,,246921,21,0,16 63 9,1,95,,246923,21,0,16 63 9,1,84,,246926,21,,,1,90,,246927,21,,,1,100,,246928,21,,,1
2101,'20261103',642,,246929,21,,,1,116,,246930,21,,,1,156,,246931,21,,,1,95,,246932,21,,,1,100,,246933,21,,,1,104,,246934,21,0,16 63 9,1,101,,246937,21,0,16 63 9,1,108,,246942,21,0,16 63 9,1,93,,246946,13,0,5 63 9,1,519,,246952,13,0,5 63 9,1,94,,246957,13,0,5 63 9,1,95,,246962,13,0,5 63 9,1,120,,246965,21,0,16 63 9,1,95,,246967,21,0,16 63 9,1,84,,246970,21,,,1,90,,246971,21,,,1,100,,246972,21,,,1
2101,'20261104',642,,246973,21,,,1,116,,246974,21,,,1,156,,246975,21,,,1,95,,246976,21,,,1,100,,246977,21,,,1,104,,246978,21,0,16 63 9,1,101,,246981,21,0,16 63 9,1,108,,246986,21,0,16 63 9,1,93,,246990,13,0,5 63 9,1,519,,246996,13,0,5 63 9,1,94,,247001,13,0,5 63 9,1,95,,247006,13,0,5 63 9,1,120,,247009,21,0,16 63 9,1,95,,247011,21,0,16 63 9,1,84,,247014,21,,,1,90,,247015,21,,,1,100,,247016,21,,,1
2101,'20261105',642,,247017,21,,,1,116,,247018,21,,,1,156,,247019,21,,,1,95,,247020,21,,,1,100,,247021,21,,,1,104,,247022,21,0,16 63 9,1,101,,247025,21,0,16 63 9,1,108,,247030,21,0,16 63 9,1,93,,247034,13,0,5 63 9,1,519,,247040,13,0,5 63 9,1,94,,247045,13,0,5 63 9,1,95,,247050,13,0,5 63 9,1,120,,247053,21,0,16 63 9,1,95,,247055,21,0,16 63 9,1,84,,247058,21,,,1,90,,247059,21,,,1,100,,247060,21,,,1
2101,'20261106',642,,247061,21,,,1,116,,247062,21,,,1,156,,247063,21,,,1,95,,247064,21,,,1,100,,247065,21,,,1,104,,247066,21,0,16 63 9,1,101,,247069,21,0,16 63 9,1,108,,247074,21,0,16 63 9,1,93,,247078,13,0,5 63 9,1,519,,247084,13,0,5 63 9,1,94,,247089,13,0,5 63 9,1,95,,247094,13,0,5 63 9,1,120,,247097,21,0,16 63 9,1,95,,247099,21,0,16 63 9,1,84,,247102,21,,,1,90,,247103,21,,,1,100,,247104,21,,,1
2101,'20261107',826,,247105,21,0,57 8 9,1,100,,247106,21,0,57 8 9,1,95,,247107,21,0,57 8 9,1,110,,247108,21,0,57 8 9,1,88,,247110,21,0,34 10 9,1,110,,247112,21,0,34 10 9,1,102,,247114,21,0,34 10 9,1,95,,247116,21,0,34 10 9,1,105,,247118,21,0,34 10 9,1,105,,247121,21,0,34 10 9,1,100,,247124,21,0,34 10 9,1,93,,247128,21,0,34 10 9,1,95,,247132,21,0,34 10 9,1,100,,247136,21,0,34 10 9,1,95,,247139,21,0,34 10 9,1,94,,247142,21,0,34 10 9,1,100,,247145,21,0,34 10 9,1,104,,247148,21,0,57 8 9,1,98,,247149,21,0,57 8 9,1,100,,247150,21,0,57 8 9,1
2101,'20261108',826,,247151,21,0,57 8 9,1,100,,247152,21,0,57 8 9,1,95,,247153,21,0,57 8 9,1,110,,247154,21,0,57 8 9,1,88,,247155,21,0,34 10 9,1,110,,247157,21,0,34 10 9,1,102,,247159,21,0,34 10 9,1,95,,247161,21,0,34 10 9,1,105,,247163,21,0,34 10 9,1,105,,247166,21,0,34 10 9,1,100,,247169,21,0,34 10 9,1,93,,247173,21,0,34 10 9,1,95,,247177,21,0,34 10 9,1,100,,247181,21,0,34 10 9,1,95,,247184,21,0,34 10 9,1,94,,247187,21,0,34 10 9,1,100,,247190,21,0,34 10 9,1,104,,247192,21,0,57 8 9,1,98,,247193,21,0,57 8 9,1,100,,247194,21,0,57 8 9,1
2101,'20261109',642,,247195,21,,,1,116,,247196,21,,,1,156,,247197,21,,,1,95,,247198,21,,,1,100,,247199,21,,,1,104,,247200,21,0,16 63 9,1,101,,247203,21,0,16 63 9,1,108,,247208,21,0,16 63 9,1,93,,247212,13,0,5 63 9,1,519,,247218,13,0,5 63 9,1,94,,247223,13,0,5 63 9,1,95,,247228,13,0,5 63 9,1,120,,247231,21,0,16 63 9,1,95,,247233,21,0,16 63 9,1,84,,247236,21,,,1,90,,247237,21,,,1,100,,247238,21,,,1
2101,'20261110',642,,247239,21,,,1,116,,247240,21,,,1,156,,247241,21,,,1,95,,247242,21,,,1,100,,247243,21,,,1,104,,247244,21,0,16 63 9,1,101,,247247,21,0,16 63 9,1,108,,247252,21,0,16 63 9,1,93,,247256,13,0,5 63 9,1,519,,247262,13,0,5 63 9,1,94,,247267,13,0,5 63 9,1,95,,247272,13,0,5 63 9,1,120,,247275,21,0,16 63 9,1,95,,247277,21,0,16 63 9,1,84,,247280,21,,,1,90,,247281,21,,,1,100,,247282,21,,,1
2101,'20261111',642,,247283,21,,,1,116,,247284,21,,,1,156,,247285,21,,,1,95,,247286,21,,,1,100,,247287,21,,,1,104,,247288,21,0,16 63 9,1,101,,247291,21,0,16 63 9,1,108,,247296,21,0,16 63 9,1,93,,247300,13,0,5 63 9,1,519,,247306,13,0,5 63 9,1,94,,247311,13,0,5 63 9,1,95,,247316,13,0,5 63 9,1,120,,247319,21,0,16 63 9,1,95,,247321,21,0,16 63 9,1,84,,247324,21,,,1,90,,247325,21,,,1,100,,247326,21,,,1
2101,'20261112',642,,247327,21,,,1,116,,247328,21,,,1,156,,247329,21,,,1,95,,247330,21,,,1,100,,247331,21,,,1,104,,247332,21,0,16 63 9,1,101,,247335,21,0,16 63 9,1,108,,247340,21,0,16 63 9,1,93,,247344,13,0,5 63 9,1,519,,247350,13,0,5 63 9,1,94,,247355,13,0,5 63 9,1,95,,247360,13,0,5 63 9,1,120,,247363,21,0,16 63 9,1,95,,247365,21,0,16 63 9,1,84,,247368,21,,,1,90,,247369,21,,,1,100,,247370,21,,,1
2101,'20261113',642,,247371,21,,,1,116,,247372,21,,,1,156,,247373,21,,,1,95,,247374,21,,,1,100,,247375,21,,,1,104,,247376,21,0,16 63 9,1,101,,247379,21,0,16 63 9,1,108,,247384,21,0,16 63 9,1,93,,247388,13,0,5 63 9,1,519,,247394,13,0,5 63 9,1,94,,247399,13,0,5 63 9,1,95,,247404,13,0,5 63 9,1,120,,247407,21,0,16 63 9,1,95,,247409,21,0,16 63 9,1,84,,247412,21,,,1,90,,247413,21,,,1,100,,247414,21,,,1
2101,'20261114',826,,247415,21,0,57 8 9,1,100,,247416,21,0,57 8 9,1,95,,247417,21,0,57 8 9,1,110,,247418,21,0,57 8 9,1,88,,247420,21,0,34 10 9,1,110,,247422,21,0,34 10 9,1,102,,247424,21,0,34 10 9,1,95,,247426,21,0,34 10 9,1,105,,247428,21,0,34 10 9,1,105,,247431,21,0,34 10 9,1,100,,247434,21,0,34 10 9,1,93,,247438,21,0,34 10 9,1,95,,247442,21,0,34 10 9,1,100,,247446,21,0,34 10 9,1,95,,247449,21,0,34 10 9,1,94,,247452,21,0,34 10 9,1,100,,247455,21,0,34 10 9,1,104,,247458,21,0,57 8 9,1,98,,247459,21,0,57 8 9,1,100,,247460,21,0,57 8 9,1
2101,'20261115',826,,247461,21,0,57 8 9,1,100,,247462,21,0,57 8 9,1,95,,247463,21,0,57 8 9,1,110,,247464,21,0,57 8 9,1,88,,247465,21,0,34 10 9,1,110,,247467,21,0,34 10 9,1,102,,247469,21,0,34 10 9,1,95,,247471,21,0,34 10 9,1,105,,247473,21,0,34 10 9,1,105,,247476,21,0,34 10 9,1,100,,247479,21,0,34 10 9,1,93,,247483,21,0,34 10 9,1,95,,247487,21,0,34 10 9,1,100,,247491,21,0,34 10 9,1,95,,247494,21,0,34 10 9,1,94,,247497,21,0,34 10 9,1,100,,247500,21,0,34 10 9,1,104,,247502,21,0,57 8 9,1,98,,247503,21,0,57 8 9,1,100,,247504,21,0,57 8 9,1
2101,'20261116',642,,247505,21,,,1,116,,247506,21,,,1,156,,247507,21,,,1,95,,247508,21,,,1,100,,247509,21,,,1,104,,247510,21,0,16 63 9,1,101,,247513,21,0,16 63 9,1,108,,247518,21,0,16 63 9,1,93,,247522,13,0,5 63 9,1,519,,247528,13,0,5 63 9,1,94,,247533,13,0,5 63 9,1,95,,247538,13,0,5 63 9,1,120,,247541,21,0,16 63 9,1,95,,247543,21,0,16 63 9,1,84,,247546,21,,,1,90,,247547,21,,,1,100,,247548,21,,,1
2101,'20261117',642,,247549,21,,,1,116,,247550,21,,,1,156,,247551,21,,,1,95,,247552,21,,,1,100,,247553,21,,,1,104,,247554,21,0,16 63 9,1,101,,247557,21,0,16 63 9,1,108,,247562,21,0,16 63 9,1,93,,247566,13,0,5 63 9,1,519,,247572,13,0,5 63 9,1,94,,247577,13,0,5 63 9,1,95,,247582,13,0,5 63 9,1,120,,247585,21,0,16 63 9,1,95,,247587,21,0,16 63 9,1,84,,247590,21,,,1,90,,247591,21,,,1,100,,247592,21,,,1
2101,'20261118',642,,247593,21,,,1,116,,247594,21,,,1,156,,247595,21,,,1,95,,247596,21,,,1,100,,247597,21,,,1,104,,247598,21,0,16 63 9,1,101,,247601,21,0,16 63 9,1,108,,247606,21,0,16 63 9,1,93,,247610,13,0,5 63 9,1,519,,247616,13,0,5 63 9,1,94,,247621,13,0,5 63 9,1,95,,247626,13,0,5 63 9,1,120,,247629,21,0,16 63 9,1,95,,247631,21,0,16 63 9,1,84,,247634,21,,,1,90,,247635,21,,,1,100,,247636,21,,,1
2101,'20261119',642,,247637,21,,,1,116,,247638,21,,,1,156,,247639,21,,,1,95,,247640,21,,,1,100,,247641,21,,,1,104,,247642,21,0,16 63 9,1,101,,247645,21,0,16 63 9,1,108,,247650,21,0,16 63 9,1,93,,247654,13,0,5 63 9,1,519,,247660,13,0,5 63 9,1,94,,247665,13,0,5 63 9,1,95,,247670,13,0,5 63 9,1,120,,247673,21,0,16 63 9,1,95,,247675,21,0,16 63 9,1,84,,247678,21,,,1,90,,247679,21,,,1,100,,247680,21,,,1
2101,'20261120',642,,247681,21,,,1,116,,247682,21,,,1,156,,247683,21,,,1,95,,247684,21,,,1,100,,247685,21,,,1,104,,247686,21,0,16 63 9,1,101,,247689,21,0,16 63 9,1,108,,247694,21,0,16 63 9,1,93,,247698,13,0,5 63 9,1,519,,247704,13,0,5 63 9,1,94,,247709,13,0,5 63 9,1,95,,247714,13,0,5 63 9,1,120,,247717,21,0,16 63 9,1,95,,247719,21,0,16 63 9,1,84,,247722,21,,,1,90,,247723,21,,,1,100,,247724,21,,,1
2101,'20261121',826,,247725,21,0,57 8 9,1,100,,247726,21,0,57 8 9,1,95,,247727,21,0,57 8 9,1,110,,247728,21,0,57 8 9,1,88,,247730,21,0,34 10 9,1,110,,247732,21,0,34 10 9,1,102,,247734,21,0,34 10 9,1,95,,247736,21,0,34 10 9,1,105,,247738,21,0,34 10 9,1,105,,247741,21,0,34 10 9,1,100,,247744,21,0,34 10 9,1,93,,247748,21,0,34 10 9,1,95,,247752,21,0,34 10 9,1,100,,247756,21,0,34 10 9,1,95,,247759,21,0,34 10 9,1,94,,247762,21,0,34 10 9,1,100,,247765,21,0,34 10 9,1,104,,247768,21,0,57 8 9,1,98,,247769,21,0,57 8 9,1,100,,247770,21,0,57 8 9,1
2101,'20261122',826,,247771,21,0,57 8 9,1,100,,247772,21,0,57 8 9,1,95,,247773,21,0,57 8 9,1,110,,247774,21,0,57 8 9,1,88,,247775,21,0,34 10 9,1,110,,247777,21,0,34 10 9,1,102,,247779,21,0,34 10 9,1,95,,247781,21,0,34 10 9,1,105,,247783,21,0,34 10 9,1,105,,247786,21,0,34 10 9,1,100,,247789,21,0,34 10 9,1,93,,247793,21,0,34 10 9,1,95,,247797,21,0,34 10 9,1,100,,247801,21,0,34 10 9,1,95,,247804,21,0,34 10 9,1,94,,247807,21,0,34 10 9,1,100,,247810,21,0,34 10 9,1,104,,247812,21,0,57 8 9,1,98,,247813,21,0,57 8 9,1,100,,247814,21,0,57 8 9,1
2101,'20261123',642,,247815,21,,,1,116,,247816,21,,,1,156,,247817,21,,,1,95,,247818,21,,,1,100,,247819,21,,,1,104,,247820,21,0,16 63 9,1,101,,247823,21,0,16 63 9,1,108,,247828,21,0,16 63 9,1,93,,247832,13,0,5 63 9,1,519,,247838,13,0,5 63 9,1,94,,247843,13,0,5 63 9,1,95,,247848,13,0,5 63 9,1,120,,247851,21,0,16 63 9,1,95,,247853,21,0,16 63 9,1,84,,247856,21,,,1,90,,247857,21,,,1,100,,247858,21,,,1
2101,'20261124',642,,247859,21,,,1,116,,247860,21,,,1,156,,247861,21,,,1,95,,247862,21,,,1,100,,247863,21,,,1,104,,247864,21,0,16 63 9,1,101,,247867,21,0,16 63 9,1,108,,247872,21,0,16 63 9,1,93,,247876,13,0,5 63 9,1,519,,247882,13,0,5 63 9,1,94,,247887,13,0,5 63 9,1,95,,247892,13,0,5 63 9,1,120,,247895,21,0,16 63 9,1,95,,247897,21,0,16 63 9,1,84,,247900,21,,,1,90,,247901,21,,,1,100,,247902,21,,,1
2101,'20261125',642,,247903,21,,,1,116,,247904,21,,,1,156,,247905,21,,,1,95,,247906,21,,,1,100,,247907,21,,,1,104,,247908,21,0,16 63 9,1,101,,247911,21,0,16 63 9,1,108,,247916,21,0,16 63 9,1,93,,247920,13,0,5 63 9,1,519,,247926,13,0,5 63 9,1,94,,247931,13,0,5 63 9,1,95,,247936,13,0,5 63 9,1,120,,247939,21,0,16 63 9,1,95,,247941,21,0,16 63 9,1,84,,247944,21,,,1,90,,247945,21,,,1,100,,247946,21,,,1
2101,'20261126',642,,247947,21,,,1,116,,247948,21,,,1,156,,247949,21,,,1,95,,247950,21,,,1,100,,247951,21,,,1,104,,247952,21,0,16 63 9,1,101,,247955,21,0,16 63 9,1,108,,247960,21,0,16 63 9,1,93,,247964,13,0,5 63 9,1,519,,247970,13,0,5 63 9,1,94,,247975,13,0,5 63 9,1,95,,247980,13,0,5 63 9,1,120,,247983,21,0,16 63 9,1,95,,247985,21,0,16 63 9,1,84,,247988,21,,,1,90,,247989,21,,,1,100,,247990,21,,,1
2101,'20261127',642,,247991,21,,,1,116,,247992,21,,,1,156,,247993,21,,,1,95,,247994,21,,,1,100,,247995,21,,,1,104,,247996,21,0,16 63 9,1,101,,247999,21,0,16 63 9,1,108,,248004,21,0,16 63 9,1,93,,248008,13,0,5 63 9,1,519,,248014,13,0,5 63 9,1,94,,248019,13,0,5 63 9,1,95,,248024,13,0,5 63 9,1,120,,248027,21,0,16 63 9,1,95,,248029,21,0,16 63 9,1,84,,248032,21,,,1,90,,248033,21,,,1,100,,248034,21,,,1
