3001,'20260917',723,,264646,2,0,7 43 44 45,1,15,,264647,5,,,1,76,,264648,2,0,7 43 44 45,1,15,,264649,5,,,1,25,,264650,5,,,1,60,,264651,2,0,7 43 44 45,1,15,,264652,5,,,1,26,,264653,5,,,1,89,,264654,2,0,7 43 44 45,1,79,,264655,5,,,1,21,,264656,2,0,7 43 44 45,1,81,,264657,5,,,1,19,,264658,2,0,7 43 44 45,1,81,,264659,5,,,1,105,,264660,5,,,1,98,,264661,5,,,1,102,,264664,5,,,1,105,,264666,5,,,1,109,,264668,5,,,1,96,,264670,5,,,1,80,,264672,5,,,1,35,,264673,5,,,1,70,,264674,5,,,1,95,,264675,5,,,1,196,,264676,5,,,1,102,,264677,5,,,1
3001,'20260918',723,,264678,2,0,7 43 44 45,1,15,,264679,5,,,1,76,,264680,2,0,7 43 44 45,1,15,,264681,5,,,1,25,,264682,5,,,1,60,,264683,2,0,7 43 44 45,1,15,,264684,5,,,1,26,,264685,5,,,1,89,,264686,2,0,7 43 44 45,1,79,,264687,5,,,1,21,,264688,2,0,7 43 44 45,1,81,,264689,5,,,1,19,,264690,2,0,7 43 44 45,1,81,,264691,5,,,1,105,,264693,5,,,1,98,,264695,5,,,1,24,,264697,2,0,7 43 44 45,1,78,,264699,5,,,1,105,,264701,5,,,1,109,,264703,5,,,1,96,,264705,5,,,1,80,,264707,5,,,1,35,,264708,5,,,1,70,,264709,5,,,1,95,,264710,5,,,1,196,,264711,5,,,1,102,,264712,5,,,1
3001,'20260919',930,,264713,2,0,7 43 44 45,1,10,,264714,5,,,1,187,,264716,2,0,7 43 44 45,1,10,,264717,5,,,1,90,,264718,2,0,7 43 44 45,1,10,,264719,5,,,1,90,,264720,2,0,7 43 44 45,1,10,,264721,5,,,1,90,,264722,2,0,7 43 44 45,1,10,,264723,5,,,1,90,,264724,2,0,7 43 44 45,1,10,,264725,5,,,1,90,,264726,2,0,7 43 44 45,1,10,,264727,5,,,1,90,,264728,2,0,7 43 44 45,1,10,,264729,5,,,1,22,,264730,3,0,5 43 44 45,1,168,,264731,2,0,7 43 44 45,1,10,,264732,5,,,1,20,,264733,3,0,5 43 44 45,1,70,,264734,2,0,7 43 44 45,1,10,,264735,5,,,1,20,,264736,3,0,5 43 44 45,1,70,,264737,2,0,7 43 44 45,1,10,,264738,5,,,1,20,,264739,3,0,5 43 44 45,1,70,,264740,2,0,7 43 44 45,1,10,,264741,5,,,1,90,,264742,2,0,7 43 44 45,1,10,,264743,5,,,1,22,,264744,3,0,5 43 44 45,1,171,,264745,5,,,1
3001,'20260920',940,,264747,5,,,1,187,,264749,2,0,7 43 44 45,1,10,,264750,5,,,1,90,,264751,2,0,7 43 44 45,1,10,,264752,5,,,1,90,,264753,2,0,7 43 44 45,1,10,,264754,5,,,1,90,,264755,2,0,7 43 44 45,1,10,,264756,5,,,1,90,,264757,2,0,7 43 44 45,1,10,,264758,5,,,1,90,,264759,2,0,7 43 44 45,1,10,,264760,5,,,1,19,,264746,2,0,7 43 44 45,1,50,,264761,5,,,1,21,,264762,2,0,7 43 44 45,1,10,,264763,5,,,1,22,,264764,3,0,5 43 44 45,1,168,,264765,2,0,7 43 44 45,1,10,,264766,5,,,1,20,,264767,3,0,5 43 44 45,1,50,,264768,5,,,1,20,,264769,2,0,7 43 44 45,1,10,,264770,5,,,1,20,,264771,3,0,5 43 44 45,1,50,,264772,5,,,1,20,,264773,2,0,7 43 44 45,1,10,,264774,5,,,1,20,,264775,3,0,5 43 44 45,1,50,,264776,5,,,1,20,,264777,2,0,7 43 44 45,1,10,,264778,5,,,1,65,,264779,5,,,1,25,,264780,2,0,7 43 44 45,1,10,,264781,5,,,1,22,,264782,3,0,5 43 44 45,1,171,,264783,5,,,1
3001,'20260921',723,,264784,2,0,7 43 44 45,1,15,,264785,5,,,1,76,,264786,2,0,7 43 44 45,1,15,,264787,5,,,1,25,,264788,5,,,1,60,,264789,2,0,7 43 44 45,1,15,,264790,5,,,1,26,,264791,5,,,1,89,,264792,2,0,7 43 44 45,1,79,,264793,5,,,1,21,,264794,2,0,7 43 44 45,1,81,,264795,5,,,1,19,,264796,2,0,7 43 44 45,1,81,,264797,5,,,1,105,,264798,5,,,1,98,,264799,5,,,1,102,,264800,5,,,1,105,,264801,5,,,1,109,,264802,5,,,1,96,,264803,5,,,1,80,,264804,5,,,1,35,,264805,5,,,1,70,,264806,5,,,1,95,,264807,5,,,1,196,,264808,5,,,1,102,,264809,5,,,1
3001,'20260922',723,,264810,2,0,7 43 44 45,1,15,,264811,5,,,1,76,,264812,2,0,7 43 44 45,1,15,,264813,5,,,1,25,,264814,5,,,1,60,,264815,2,0,7 43 44 45,1,15,,264816,5,,,1,26,,264817,5,,,1,89,,264818,2,0,7 43 44 45,1,79,,264819,5,,,1,21,,264820,2,0,7 43 44 45,1,81,,264821,5,,,1,19,,264822,2,0,7 43 44 45,1,81,,264823,5,,,1,105,,264824,5,,,1,98,,264825,5,,,1,102,,264826,5,,,1,105,,264827,5,,,1,109,,264828,5,,,1,96,,264829,5,,,1,80,,264830,5,,,1,35,,264831,5,,,1,70,,264832,5,,,1,95,,264833,5,,,1,196,,264834,5,,,1,102,,264835,5,,,1
3001,'20260923',723,,264836,2,0,7 43 44 45,1,15,,264837,5,,,1,76,,264838,2,0,7 43 44 45,1,15,,264839,5,,,1,25,,264840,5,,,1,60,,264841,2,0,7 43 44 45,1,15,,264842,5,,,1,26,,264843,5,,,1,89,,264844,2,0,7 43 44 45,1,79,,264845,5,,,1,21,,264846,2,0,7 43 44 45,1,81,,264847,5,,,1,19,,264848,2,0,7 43 44 45,1,81,,264849,5,,,1,105,,264850,5,,,1,98,,264851,5,,,1,102,,264852,5,,,1,105,,264853,5,,,1,109,,264854,5,,,1,96,,264855,5,,,1,80,,264856,5,,,1,35,,264857,5,,,1,70,,264858,5,,,1,95,,264859,5,,,1,196,,264860,5,,,1,102,,264861,5,,,1
3001,'20260924',723,,264862,2,0,7 43 44 45,1,15,,264863,5,,,1,76,,264864,2,0,7 43 44 45,1,15,,264865,5,,,1,25,,264866,5,,,1,60,,264867,2,0,7 43 44 45,1,15,,264868,5,,,1,26,,264869,5,,,1,89,,264870,2,0,7 43 44 45,1,79,,264871,5,,,1,21,,264872,2,0,7 43 44 45,1,81,,264873,5,,,1,19,,264874,2,0,7 43 44 45,1,81,,264875,5,,,1,105,,264876,5,,,1,98,,264877,5,,,1,102,,264880,5,,,1,105,,264882,5,,,1,109,,264884,5,,,1,96,,264886,5,,,1,80,,264888,5,,,1,35,,264889,5,,,1,70,,264890,5,,,1,95,,264891,5,,,1,196,,264892,5,,,1,102,,264893,5,,,1
3001,'20260925',723,,264894,2,0,7 43 44 45,1,15,,264895,5,,,1,76,,264896,2,0,7 43 44 45,1,15,,264897,5,,,1,25,,264898,5,,,1,60,,264899,2,0,7 43 44 45,1,15,,264900,5,,,1,26,,264901,5,,,1,89,,264902,2,0,7 43 44 45,1,79,,264903,5,,,1,21,,264904,2,0,7 43 44 45,1,81,,264905,5,,,1,19,,264906,2,0,7 43 44 45,1,81,,264907,5,,,1,105,,264909,5,,,1,98,,264911,5,,,1,24,,264913,2,0,7 43 44 45,1,78,,264915,5,,,1,105,,264917,5,,,1,109,,264919,5,,,1,96,,264921,5,,,1,80,,264923,5,,,1,35,,264924,5,,,1,70,,264925,5,,,1,95,,264926,5,,,1,196,,264927,5,,,1,102,,264928,5,,,1
3001,'20260926',930,,264929,2,0,7 43 44 45,1,10,,264930,5,,,1,187,,264931,2,0,7 43 44 45,1,10,,264932,5,,,1,90,,264933,2,0,7 43 44 45,1,10,,264934,5,,,1,90,,264935,2,0,7 43 44 45,1,10,,264936,5,,,1,90,,264937,2,0,7 43 44 45,1,10,,264938,5,,,1,90,,264939,2,0,7 43 44 45,1,10,,264940,5,,,1,90,,264941,2,0,7 43 44 45,1,10,,264942,5,,,1,90,,264943,2,0,7 43 44 45,1,10,,264944,5,,,1,190,,264945,2,0,7 43 44 45,1,10,,264946,5,,,1,20,,264947,3,0,5 43 44 45,1,70,,264948,2,0,7 43 44 45,1,10,,264949,5,,,1,20,,264950,3,0,5 43 44 45,1,70,,264951,2,0,7 43 44 45,1,10,,264952,5,,,1,20,,264953,3,0,5 43 44 45,1,70,,264954,2,0,7 43 44 45,1,10,,264955,5,,,1,90,,264956,2,0,7 43 44 45,1,10,,264957,5,,,1,193,,264958,5,,,1
3001,'20260927',940,,264960,5,,,1,187,,264961,2,0,7 43 44 45,1,10,,264962,5,,,1,90,,264963,2,0,7 43 44 45,1,10,,264964,5,,,1,90,,264965,2,0,7 43 44 45,1,10,,264966,5,,,1,90,,264967,2,0,7 43 44 45,1,10,,264968,5,,,1,90,,264969,2,0,7 43 44 45,1,10,,264970,5,,,1,90,,264971,2,0,7 43 44 45,1,10,,264972,5,,,1,19,,264959,2,0,7 43 44 45,1,50,,264973,5,,,1,21,,264974,2,0,7 43 44 45,1,10,,264975,5,,,1,190,,264976,2,0,7 43 44 45,1,10,,264977,5,,,1,20,,264978,3,0,5 43 44 45,1,50,,264979,5,,,1,20,,264980,2,0,7 43 44 45,1,10,,264981,5,,,1,20,,264982,3,0,5 43 44 45,1,50,,264983,5,,,1,20,,264984,2,0,7 43 44 45,1,10,,264985,5,,,1,20,,264986,3,0,5 43 44 45,1,50,,264987,5,,,1,20,,264988,2,0,7 43 44 45,1,10,,264989,5,,,1,65,,264990,5,,,1,25,,264991,2,0,7 43 44 45,1,10,,264992,5,,,1,193,,264993,5,,,1
3001,'20260928',723,,264994,2,0,7 43 44 45,1,15,,264995,5,,,1,76,,264996,2,0,7 43 44 45,1,15,,264997,5,,,1,25,,264998,5,,,1,60,,264999,2,0,7 43 44 45,1,15,,265000,5,,,1,26,,265001,5,,,1,89,,265002,2,0,7 43 44 45,1,79,,265003,5,,,1,21,,265004,2,0,7 43 44 45,1,81,,265005,5,,,1,19,,265006,2,0,7 43 44 45,1,81,,265007,5,,,1,105,,265008,5,,,1,98,,265009,5,,,1,102,,265010,5,,,1,105,,265011,5,,,1,109,,265012,5,,,1,96,,265013,5,,,1,80,,265014,5,,,1,35,,265015,5,,,1,70,,265016,5,,,1,95,,265017,5,,,1,196,,265018,5,,,1,102,,265019,5,,,1
3001,'20260929',723,,265020,2,0,7 43 44 45,1,15,,265021,5,,,1,76,,265022,2,0,7 43 44 45,1,15,,265023,5,,,1,25,,265024,5,,,1,60,,265025,2,0,7 43 44 45,1,15,,265026,5,,,1,26,,265027,5,,,1,89,,265028,2,0,7 43 44 45,1,79,,265029,5,,,1,21,,265030,2,0,7 43 44 45,1,81,,265031,5,,,1,19,,265032,2,0,7 43 44 45,1,81,,265033,5,,,1,105,,265034,5,,,1,98,,265035,5,,,1,102,,265036,5,,,1,105,,265037,5,,,1,109,,265038,5,,,1,96,,265039,5,,,1,80,,265040,5,,,1,35,,265041,5,,,1,70,,265042,5,,,1,95,,265043,5,,,1,196,,265044,5,,,1,102,,265045,5,,,1
3001,'20260930',723,,265046,2,0,7 43 44 45,1,15,,265047,5,,,1,76,,265048,2,0,7 43 44 45,1,15,,265049,5,,,1,25,,265050,5,,,1,60,,265051,2,0,7 43 44 45,1,15,,265052,5,,,1,26,,265053,5,,,1,89,,265054,2,0,7 43 44 45,1,79,,265055,5,,,1,21,,265056,2,0,7 43 44 45,1,81,,265057,5,,,1,19,,265058,2,0,7 43 44 45,1,81,,265059,5,,,1,105,,265060,5,,,1,98,,265061,5,,,1,102,,265062,5,,,1,105,,265063,5,,,1,109,,265064,5,,,1,96,,265065,5,,,1,80,,265066,5,,,1,35,,265067,5,,,1,70,,265068,5,,,1,95,,265069,5,,,1,196,,265070,5,,,1,102,,265071,5,,,1
3001,'20261001',723,,265072,2,0,7 43 44 45,1,15,,265073,5,,,1,76,,265074,2,0,7 43 44 45,1,15,,265075,5,,,1,25,,265076,5,,,1,60,,265077,2,0,7 43 44 45,1,15,,265078,5,,,1,26,,265079,5,,,1,89,,265080,2,0,7 43 44 45,1,79,,265081,5,,,1,21,,265082,2,0,7 43 44 45,1,81,,265083,5,,,1,19,,265084,2,0,7 43 44 45,1,81,,265085,5,,,1,105,,265086,5,,,1,98,,265087,5,,,1,102,,265090,5,,,1,105,,265092,5,,,1,109,,265094,5,,,1,96,,265096,5,,,1,80,,265098,5,,,1,35,,265099,5,,,1,70,,265100,5,,,1,95,,265101,5,,,1,196,,265102,5,,,1,102,,265103,5,,,1
3001,'20261002',723,,265104,2,0,7 43 44 45,1,15,,265105,5,,,1,76,,265106,2,0,7 43 44 45,1,15,,265107,5,,,1,25,,265108,5,,,1,60,,265109,2,0,7 43 44 45,1,15,,265110,5,,,1,26,,265111,5,,,1,89,,265112,2,0,7 43 44 45,1,79,,265113,5,,,1,21,,265114,2,0,7 43 44 45,1,81,,265115,5,,,1,19,,265116,2,0,7 43 44 45,1,81,,265117,5,,,1,105,,265119,5,,,1,98,,265121,5,,,1,24,,265123,2,0,7 43 44 45,1,78,,265125,5,,,1,105,,265127,5,,,1,109,,265129,5,,,1,96,,265131,5,,,1,80,,265133,5,,,1,35,,265134,5,,,1,70,,265135,5,,,1,95,,265136,5,,,1,196,,265137,5,,,1,102,,265138,5,,,1
3001,'20261003',930,,265139,2,0,7 43 44 45,1,10,,265140,5,,,1,187,,265141,2,0,7 43 44 45,1,10,,265142,5,,,1,90,,265143,2,0,7 43 44 45,1,10,,265144,5,,,1,90,,265145,2,0,7 43 44 45,1,10,,265146,5,,,1,90,,265147,2,0,7 43 44 45,1,10,,265148,5,,,1,90,,265149,2,0,7 43 44 45,1,10,,265150,5,,,1,90,,265151,2,0,7 43 44 45,1,10,,265152,5,,,1,90,,265153,2,0,7 43 44 45,1,10,,265154,5,,,1,22,,332705,3,0,5 43 44 45,1,168,,265155,2,0,7 43 44 45,1,10,,265156,5,,,1,20,,265157,3,0,5 43 44 45,1,70,,265158,2,0,7 43 44 45,1,10,,265159,5,,,1,20,,265160,3,0,5 43 44 45,1,70,,265161,2,0,7 43 44 45,1,10,,265162,5,,,1,20,,265163,3,0,5 43 44 45,1,70,,265164,2,0,7 43 44 45,1,10,,265165,5,,,1,90,,265166,2,0,7 43 44 45,1,10,,265167,5,,,1,22,,332706,3,0,5 43 44 45,1,171,,265168,5,,,1
3001,'20261004',940,,265170,5,,,1,187,,265171,2,0,7 43 44 45,1,10,,265172,5,,,1,90,,265173,2,0,7 43 44 45,1,10,,265174,5,,,1,90,,265175,2,0,7 43 44 45,1,10,,265176,5,,,1,90,,265177,2,0,7 43 44 45,1,10,,265178,5,,,1,90,,265179,2,0,7 43 44 45,1,10,,265180,5,,,1,90,,265181,2,0,7 43 44 45,1,10,,265182,5,,,1,19,,265169,2,0,7 43 44 45,1,50,,265183,5,,,1,21,,265184,2,0,7 43 44 45,1,10,,265185,5,,,1,22,,332708,3,0,5 43 44 45,1,168,,265186,2,0,7 43 44 45,1,10,,265187,5,,,1,20,,265188,3,0,5 43 44 45,1,50,,265189,5,,,1,20,,265190,2,0,7 43 44 45,1,10,,265191,5,,,1,20,,265192,3,0,5 43 44 45,1,50,,265193,5,,,1,20,,265194,2,0,7 43 44 45,1,10,,265195,5,,,1,20,,265196,3,0,5 43 44 45,1,50,,265197,5,,,1,20,,265198,2,0,7 43 44 45,1,10,,265199,5,,,1,65,,265200,5,,,1,25,,265201,2,0,7 43 44 45,1,10,,265202,5,,,1,22,,332709,3,0,5 43 44 45,1,171,,265203,5,,,1
3001,'20261005',723,,265204,2,0,7 43 44 45,1,15,,265205,5,,,1,76,,265206,2,0,7 43 44 45,1,15,,265207,5,,,1,25,,265208,5,,,1,60,,265209,2,0,7 43 44 45,1,15,,265210,5,,,1,26,,265211,5,,,1,89,,265212,2,0,7 43 44 45,1,79,,265213,5,,,1,21,,265214,2,0,7 43 44 45,1,81,,265215,5,,,1,19,,265216,2,0,7 43 44 45,1,81,,265217,5,,,1,105,,265218,5,,,1,98,,265219,5,,,1,102,,265220,5,,,1,105,,265221,5,,,1,109,,265222,5,,,1,96,,265223,5,,,1,80,,265224,5,,,1,35,,265225,5,,,1,70,,265226,5,,,1,95,,265227,5,,,1,196,,265228,5,,,1,102,,265229,5,,,1
3001,'20261006',723,,265230,2,0,7 43 44 45,1,15,,265231,5,,,1,76,,265232,2,0,7 43 44 45,1,15,,265233,5,,,1,25,,265234,5,,,1,60,,265235,2,0,7 43 44 45,1,15,,265236,5,,,1,26,,265237,5,,,1,89,,265238,2,0,7 43 44 45,1,79,,265239,5,,,1,21,,265240,2,0,7 43 44 45,1,81,,265241,5,,,1,19,,265242,2,0,7 43 44 45,1,81,,265243,5,,,1,105,,265244,5,,,1,98,,265245,5,,,1,102,,265246,5,,,1,105,,265247,5,,,1,109,,265248,5,,,1,96,,265249,5,,,1,80,,265250,5,,,1,35,,265251,5,,,1,70,,265252,5,,,1,95,,265253,5,,,1,196,,265254,5,,,1,102,,265255,5,,,1
3001,'20261007',723,,265256,2,0,7 43 44 45,1,15,,265257,5,,,1,76,,265258,2,0,7 43 44 45,1,15,,265259,5,,,1,25,,265260,5,,,1,60,,265261,2,0,7 43 44 45,1,15,,265262,5,,,1,26,,265263,5,,,1,89,,265264,2,0,7 43 44 45,1,79,,265265,5,,,1,21,,265266,2,0,7 43 44 45,1,81,,265267,5,,,1,19,,265268,2,0,7 43 44 45,1,81,,265269,5,,,1,105,,265270,5,,,1,98,,265271,5,,,1,102,,265272,5,,,1,105,,265273,5,,,1,109,,265274,5,,,1,96,,265275,5,,,1,80,,265276,5,,,1,35,,265277,5,,,1,70,,265278,5,,,1,95,,265279,5,,,1,196,,265280,5,,,1,102,,265281,5,,,1
3001,'20261008',723,,265282,2,0,7 43 44 45,1,15,,265283,5,,,1,76,,265284,2,0,7 43 44 45,1,15,,265285,5,,,1,25,,265286,5,,,1,60,,265287,2,0,7 43 44 45,1,15,,265288,5,,,1,26,,265289,5,,,1,89,,265290,2,0,7 43 44 45,1,79,,265291,5,,,1,21,,265292,2,0,7 43 44 45,1,81,,265293,5,,,1,19,,265294,2,0,7 43 44 45,1,81,,265295,5,,,1,105,,265296,5,,,1,98,,265297,5,,,1,102,,265300,5,,,1,105,,265302,5,,,1,109,,265304,5,,,1,96,,265306,5,,,1,80,,265308,5,,,1,35,,265309,5,,,1,70,,265310,5,,,1,95,,265311,5,,,1,196,,265312,5,,,1,102,,265313,5,,,1
3001,'20261009',723,,265314,2,0,7 43 44 45,1,15,,265315,5,,,1,76,,265316,2,0,7 43 44 45,1,15,,265317,5,,,1,25,,265318,5,,,1,60,,265319,2,0,7 43 44 45,1,15,,265320,5,,,1,26,,265321,5,,,1,89,,265322,2,0,7 43 44 45,1,79,,265323,5,,,1,21,,265324,2,0,7 43 44 45,1,81,,265325,5,,,1,19,,265326,2,0,7 43 44 45,1,81,,265327,5,,,1,105,,265329,5,,,1,98,,265331,5,,,1,24,,265333,2,0,7 43 44 45,1,78,,265335,5,,,1,105,,265337,5,,,1,109,,265339,5,,,1,96,,265341,5,,,1,80,,265343,5,,,1,35,,265344,5,,,1,70,,265345,5,,,1,95,,265346,5,,,1,196,,265347,5,,,1,102,,265348,5,,,1
3001,'20261010',930,,265349,2,0,7 43 44 45,1,10,,265350,5,,,1,187,,265351,2,0,7 43 44 45,1,10,,265352,5,,,1,90,,265353,2,0,7 43 44 45,1,10,,265354,5,,,1,90,,265355,2,0,7 43 44 45,1,10,,265356,5,,,1,90,,265357,2,0,7 43 44 45,1,10,,265358,5,,,1,90,,265359,2,0,7 43 44 45,1,10,,265360,5,,,1,90,,265361,2,0,7 43 44 45,1,10,,265362,5,,,1,90,,265363,2,0,7 43 44 45,1,10,,265364,5,,,1,190,,265365,2,0,7 43 44 45,1,10,,265366,5,,,1,20,,265367,3,0,5 43 44 45,1,70,,265368,2,0,7 43 44 45,1,10,,265369,5,,,1,20,,265370,3,0,5 43 44 45,1,70,,265371,2,0,7 43 44 45,1,10,,265372,5,,,1,20,,265373,3,0,5 43 44 45,1,70,,265374,2,0,7 43 44 45,1,10,,265375,5,,,1,90,,265376,2,0,7 43 44 45,1,10,,265377,5,,,1,193,,265378,5,,,1
3001,'20261011',940,,265380,5,,,1,187,,265381,2,0,7 43 44 45,1,10,,265382,5,,,1,90,,265383,2,0,7 43 44 45,1,10,,265384,5,,,1,90,,265385,2,0,7 43 44 45,1,10,,265386,5,,,1,90,,265387,2,0,7 43 44 45,1,10,,265388,5,,,1,90,,265389,2,0,7 43 44 45,1,10,,265390,5,,,1,90,,265391,2,0,7 43 44 45,1,10,,265392,5,,,1,19,,265379,2,0,7 43 44 45,1,50,,265393,5,,,1,21,,265394,2,0,7 43 44 45,1,10,,265395,5,,,1,190,,265396,2,0,7 43 44 45,1,10,,265397,5,,,1,20,,265398,3,0,5 43 44 45,1,50,,265399,5,,,1,20,,265400,2,0,7 43 44 45,1,10,,265401,5,,,1,20,,265402,3,0,5 43 44 45,1,50,,265403,5,,,1,20,,265404,2,0,7 43 44 45,1,10,,265405,5,,,1,20,,265406,3,0,5 43 44 45,1,50,,265407,5,,,1,20,,265408,2,0,7 43 44 45,1,10,,265409,5,,,1,65,,265410,5,,,1,25,,265411,2,0,7 43 44 45,1,10,,265412,5,,,1,193,,265413,5,,,1
3001,'20261012',930,,265414,2,0,7 43 44 45,1,10,,265415,5,,,1,187,,265416,2,0,7 43 44 45,1,10,,265417,5,,,1,90,,265418,2,0,7 43 44 45,1,10,,265419,5,,,1,90,,265420,2,0,7 43 44 45,1,10,,265421,5,,,1,90,,265422,2,0,7 43 44 45,1,10,,265423,5,,,1,90,,265424,2,0,7 43 44 45,1,10,,265425,5,,,1,90,,265426,2,0,7 43 44 45,1,10,,265427,5,,,1,90,,265428,2,0,7 43 44 45,1,10,,265429,5,,,1,190,,265430,2,0,7 43 44 45,1,10,,265431,5,,,1,20,,265432,3,0,5 43 44 45,1,70,,265433,2,0,7 43 44 45,1,10,,265434,5,,,1,20,,265435,3,0,5 43 44 45,1,70,,265436,2,0,7 43 44 45,1,10,,265437,5,,,1,20,,265438,3,0,5 43 44 45,1,70,,265439,2,0,7 43 44 45,1,10,,265440,5,,,1,90,,265441,2,0,7 43 44 45,1,10,,265442,5,,,1,193,,265443,5,,,1
3001,'20261013',723,,265444,2,0,7 43 44 45,1,15,,265445,5,,,1,76,,265446,2,0,7 43 44 45,1,15,,265447,5,,,1,25,,265448,5,,,1,60,,265449,2,0,7 43 44 45,1,15,,265450,5,,,1,26,,265451,5,,,1,89,,265452,2,0,7 43 44 45,1,79,,265453,5,,,1,21,,265454,2,0,7 43 44 45,1,81,,265455,5,,,1,19,,265456,2,0,7 43 44 45,1,81,,265457,5,,,1,105,,265458,5,,,1,98,,265459,5,,,1,102,,265460,5,,,1,105,,265461,5,,,1,109,,265462,5,,,1,96,,265463,5,,,1,80,,265464,5,,,1,35,,265465,5,,,1,70,,265466,5,,,1,95,,265467,5,,,1,196,,265468,5,,,1,102,,265469,5,,,1
3001,'20261014',723,,265470,2,0,7 43 44 45,1,15,,265471,5,,,1,76,,265472,2,0,7 43 44 45,1,15,,265473,5,,,1,25,,265474,5,,,1,60,,265475,2,0,7 43 44 45,1,15,,265476,5,,,1,26,,265477,5,,,1,89,,265478,2,0,7 43 44 45,1,79,,265479,5,,,1,21,,265480,2,0,7 43 44 45,1,81,,265481,5,,,1,19,,265482,2,0,7 43 44 45,1,81,,265483,5,,,1,105,,265484,5,,,1,98,,265485,5,,,1,102,,265486,5,,,1,105,,265487,5,,,1,109,,265488,5,,,1,96,,265489,5,,,1,80,,265490,5,,,1,35,,265491,5,,,1,70,,265492,5,,,1,95,,265493,5,,,1,196,,265494,5,,,1,102,,265495,5,,,1
3001,'20261015',723,,265496,2,0,7 43 44 45,1,15,,265497,5,,,1,76,,265498,2,0,7 43 44 45,1,15,,265499,5,,,1,25,,265500,5,,,1,60,,265501,2,0,7 43 44 45,1,15,,265502,5,,,1,26,,265503,5,,,1,89,,265504,2,0,7 43 44 45,1,79,,265505,5,,,1,21,,265506,2,0,7 43 44 45,1,81,,265507,5,,,1,19,,265508,2,0,7 43 44 45,1,81,,265509,5,,,1,105,,265510,5,,,1,98,,265511,5,,,1,102,,265514,5,,,1,105,,265516,5,,,1,109,,265518,5,,,1,96,,265520,5,,,1,80,,265522,5,,,1,35,,265523,5,,,1,70,,265524,5,,,1,95,,265525,5,,,1,196,,265526,5,,,1,102,,265527,5,,,1
3001,'20261016',723,,265528,2,0,7 43 44 45,1,15,,265529,5,,,1,76,,265530,2,0,7 43 44 45,1,15,,265531,5,,,1,25,,265532,5,,,1,60,,265533,2,0,7 43 44 45,1,15,,265534,5,,,1,26,,265535,5,,,1,89,,265536,2,0,7 43 44 45,1,79,,265537,5,,,1,21,,265538,2,0,7 43 44 45,1,81,,265539,5,,,1,19,,265540,2,0,7 43 44 45,1,81,,265541,5,,,1,105,,265543,5,,,1,98,,265545,5,,,1,24,,265547,2,0,7 43 44 45,1,78,,265549,5,,,1,105,,265551,5,,,1,109,,265553,5,,,1,96,,265555,5,,,1,80,,265557,5,,,1,35,,265558,5,,,1,70,,265559,5,,,1,95,,265560,5,,,1,196,,265561,5,,,1,102,,265562,5,,,1
3001,'20261017',930,,265563,2,0,7 43 44 45,1,10,,265564,5,,,1,187,,265565,2,0,7 43 44 45,1,10,,265566,5,,,1,90,,265567,2,0,7 43 44 45,1,10,,265568,5,,,1,90,,265569,2,0,7 43 44 45,1,10,,265570,5,,,1,90,,265571,2,0,7 43 44 45,1,10,,265572,5,,,1,90,,265573,2,0,7 43 44 45,1,10,,265574,5,,,1,90,,265575,2,0,7 43 44 45,1,10,,265576,5,,,1,90,,265577,2,0,7 43 44 45,1,10,,265578,5,,,1,190,,265579,2,0,7 43 44 45,1,10,,265580,5,,,1,20,,265581,3,0,5 43 44 45,1,70,,265582,2,0,7 43 44 45,1,10,,265583,5,,,1,20,,265584,3,0,5 43 44 45,1,70,,265585,2,0,7 43 44 45,1,10,,265586,5,,,1,20,,265587,3,0,5 43 44 45,1,70,,265588,2,0,7 43 44 45,1,10,,265589,5,,,1,90,,265590,2,0,7 43 44 45,1,10,,265591,5,,,1,193,,265592,5,,,1
3001,'20261018',940,,265594,5,,,1,187,,265595,2,0,7 43 44 45,1,10,,265596,5,,,1,90,,265597,2,0,7 43 44 45,1,10,,265598,5,,,1,90,,265599,2,0,7 43 44 45,1,10,,265600,5,,,1,90,,265601,2,0,7 43 44 45,1,10,,265602,5,,,1,90,,265603,2,0,7 43 44 45,1,10,,265604,5,,,1,90,,265605,2,0,7 43 44 45,1,10,,265606,5,,,1,19,,265593,2,0,7 43 44 45,1,50,,265607,5,,,1,21,,265608,2,0,7 43 44 45,1,10,,265609,5,,,1,190,,265610,2,0,7 43 44 45,1,10,,265611,5,,,1,20,,265612,3,0,5 43 44 45,1,50,,265613,5,,,1,20,,265614,2,0,7 43 44 45,1,10,,265615,5,,,1,20,,265616,3,0,5 43 44 45,1,50,,265617,5,,,1,20,,265618,2,0,7 43 44 45,1,10,,265619,5,,,1,20,,265620,3,0,5 43 44 45,1,50,,265621,5,,,1,20,,265622,2,0,7 43 44 45,1,10,,265623,5,,,1,65,,265624,5,,,1,25,,265625,2,0,7 43 44 45,1,10,,265626,5,,,1,193,,265627,5,,,1
3001,'20261019',723,,265628,2,0,7 43 44 45,1,15,,265629,5,,,1,76,,265630,2,0,7 43 44 45,1,15,,265631,5,,,1,25,,265632,5,,,1,60,,265633,2,0,7 43 44 45,1,15,,265634,5,,,1,26,,265635,5,,,1,89,,265636,2,0,7 43 44 45,1,79,,265637,5,,,1,21,,265638,2,0,7 43 44 45,1,81,,265639,5,,,1,19,,265640,2,0,7 43 44 45,1,81,,265641,5,,,1,105,,265642,5,,,1,98,,265643,5,,,1,102,,265644,5,,,1,105,,265645,5,,,1,109,,265646,5,,,1,96,,265647,5,,,1,80,,265648,5,,,1,35,,265649,5,,,1,70,,265650,5,,,1,95,,265651,5,,,1,196,,265652,5,,,1,102,,265653,5,,,1
3001,'20261020',723,,265654,2,0,7 43 44 45,1,15,,265655,5,,,1,76,,265656,2,0,7 43 44 45,1,15,,265657,5,,,1,25,,265658,5,,,1,60,,265659,2,0,7 43 44 45,1,15,,265660,5,,,1,26,,265661,5,,,1,89,,265662,2,0,7 43 44 45,1,79,,265663,5,,,1,21,,265664,2,0,7 43 44 45,1,81,,265665,5,,,1,19,,265666,2,0,7 43 44 45,1,81,,265667,5,,,1,105,,265668,5,,,1,98,,265669,5,,,1,102,,265670,5,,,1,105,,265671,5,,,1,109,,265672,5,,,1,96,,265673,5,,,1,80,,265674,5,,,1,35,,265675,5,,,1,70,,265676,5,,,1,95,,265677,5,,,1,196,,265678,5,,,1,102,,265679,5,,,1
3001,'20261021',723,,265680,2,0,7 43 44 45,1,15,,265681,5,,,1,76,,265682,2,0,7 43 44 45,1,15,,265683,5,,,1,25,,265684,5,,,1,60,,265685,2,0,7 43 44 45,1,15,,265686,5,,,1,26,,265687,5,,,1,89,,265688,2,0,7 43 44 45,1,79,,265689,5,,,1,21,,265690,2,0,7 43 44 45,1,81,,265691,5,,,1,19,,265692,2,0,7 43 44 45,1,81,,265693,5,,,1,105,,265694,5,,,1,98,,265695,5,,,1,102,,265696,5,,,1,105,,265697,5,,,1,109,,265698,5,,,1,96,,265699,5,,,1,80,,265700,5,,,1,35,,265701,5,,,1,70,,265702,5,,,1,95,,265703,5,,,1,196,,265704,5,,,1,102,,265705,5,,,1
3001,'20261022',723,,265706,2,0,7 43 44 45,1,15,,265707,5,,,1,76,,265708,2,0,7 43 44 45,1,15,,265709,5,,,1,25,,265710,5,,,1,60,,265711,2,0,7 43 44 45,1,15,,265712,5,,,1,26,,265713,5,,,1,89,,265714,2,0,7 43 44 45,1,79,,265715,5,,,1,21,,265716,2,0,7 43 44 45,1,81,,265717,5,,,1,19,,265718,2,0,7 43 44 45,1,81,,265719,5,,,1,105,,265720,5,,,1,98,,265721,5,,,1,102,,265724,5,,,1,105,,265726,5,,,1,109,,265728,5,,,1,96,,265730,5,,,1,80,,265732,5,,,1,35,,265733,5,,,1,70,,265734,5,,,1,95,,265735,5,,,1,196,,265736,5,,,1,102,,265737,5,,,1
3001,'20261023',723,,265738,2,0,7 43 44 45,1,15,,265739,5,,,1,76,,265740,2,0,7 43 44 45,1,15,,265741,5,,,1,25,,265742,5,,,1,60,,265743,2,0,7 43 44 45,1,15,,265744,5,,,1,26,,265745,5,,,1,89,,265746,2,0,7 43 44 45,1,79,,265747,5,,,1,21,,265748,2,0,7 43 44 45,1,81,,265749,5,,,1,19,,265750,2,0,7 43 44 45,1,81,,265751,5,,,1,105,,265753,5,,,1,98,,265755,5,,,1,24,,265757,2,0,7 43 44 45,1,78,,265759,5,,,1,105,,265761,5,,,1,109,,265763,5,,,1,96,,265765,5,,,1,80,,265767,5,,,1,35,,265768,5,,,1,70,,265769,5,,,1,95,,265770,5,,,1,196,,265771,5,,,1,102,,265772,5,,,1
3001,'20261024',930,,265773,2,0,7 43 44 45,1,10,,265774,5,,,1,187,,265775,2,0,7 43 44 45,1,10,,265776,5,,,1,90,,265777,2,0,7 43 44 45,1,10,,265778,5,,,1,90,,265779,2,0,7 43 44 45,1,10,,265780,5,,,1,90,,265781,2,0,7 43 44 45,1,10,,265782,5,,,1,90,,265783,2,0,7 43 44 45,1,10,,265784,5,,,1,90,,265785,2,0,7 43 44 45,1,10,,265786,5,,,1,90,,265787,2,0,7 43 44 45,1,10,,265788,5,,,1,190,,265789,2,0,7 43 44 45,1,10,,265790,5,,,1,20,,265791,3,0,5 43 44 45,1,70,,265792,2,0,7 43 44 45,1,10,,265793,5,,,1,20,,265794,3,0,5 43 44 45,1,70,,265795,2,0,7 43 44 45,1,10,,265796,5,,,1,20,,265797,3,0,5 43 44 45,1,70,,265798,2,0,7 43 44 45,1,10,,265799,5,,,1,90,,265800,2,0,7 43 44 45,1,10,,265801,5,,,1,193,,265802,5,,,1
3001,'20261025',940,,265804,5,,,1,187,,265805,2,0,7 43 44 45,1,10,,265806,5,,,1,90,,265807,2,0,7 43 44 45,1,10,,265808,5,,,1,90,,265809,2,0,7 43 44 45,1,10,,265810,5,,,1,90,,265811,2,0,7 43 44 45,1,10,,265812,5,,,1,90,,265813,2,0,7 43 44 45,1,10,,265814,5,,,1,90,,265815,2,0,7 43 44 45,1,10,,265816,5,,,1,19,,265803,2,0,7 43 44 45,1,50,,265817,5,,,1,21,,265818,2,0,7 43 44 45,1,10,,265819,5,,,1,190,,265820,2,0,7 43 44 45,1,10,,265821,5,,,1,20,,265822,3,0,5 43 44 45,1,50,,265823,5,,,1,20,,265824,2,0,7 43 44 45,1,10,,265825,5,,,1,20,,265826,3,0,5 43 44 45,1,50,,265827,5,,,1,20,,265828,2,0,7 43 44 45,1,10,,265829,5,,,1,20,,265830,3,0,5 43 44 45,1,50,,265831,5,,,1,20,,265832,2,0,7 43 44 45,1,10,,265833,5,,,1,65,,265834,5,,,1,25,,265835,2,0,7 43 44 45,1,10,,265836,5,,,1,193,,265837,5,,,1
3001,'20261026',723,,265838,2,0,7 43 44 45,1,15,,265839,5,,,1,76,,265840,2,0,7 43 44 45,1,15,,265841,5,,,1,25,,265842,5,,,1,60,,265843,2,0,7 43 44 45,1,15,,265844,5,,,1,26,,265845,5,,,1,89,,265846,2,0,7 43 44 45,1,79,,265847,5,,,1,21,,265848,2,0,7 43 44 45,1,81,,265849,5,,,1,19,,265850,2,0,7 43 44 45,1,81,,265851,5,,,1,105,,265852,5,,,1,98,,265853,5,,,1,102,,265854,5,,,1,105,,265855,5,,,1,109,,265856,5,,,1,96,,265857,5,,,1,80,,265858,5,,,1,35,,265859,5,,,1,70,,265860,5,,,1,95,,265861,5,,,1,196,,265862,5,,,1,102,,265863,5,,,1
3001,'20261027',723,,265864,2,0,7 43 44 45,1,15,,265865,5,,,1,76,,265866,2,0,7 43 44 45,1,15,,265867,5,,,1,25,,265868,5,,,1,60,,265869,2,0,7 43 44 45,1,15,,265870,5,,,1,26,,265871,5,,,1,89,,265872,2,0,7 43 44 45,1,79,,265873,5,,,1,21,,265874,2,0,7 43 44 45,1,81,,265875,5,,,1,19,,265876,2,0,7 43 44 45,1,81,,265877,5,,,1,105,,265878,5,,,1,98,,265879,5,,,1,102,,265880,5,,,1,105,,265881,5,,,1,109,,265882,5,,,1,96,,265883,5,,,1,80,,265884,5,,,1,35,,265885,5,,,1,70,,265886,5,,,1,95,,265887,5,,,1,196,,265888,5,,,1,102,,265889,5,,,1
3001,'20261028',723,,265890,2,0,7 43 44 45,1,15,,265891,5,,,1,76,,265892,2,0,7 43 44 45,1,15,,265893,5,,,1,25,,265894,5,,,1,60,,265895,2,0,7 43 44 45,1,15,,265896,5,,,1,26,,265897,5,,,1,89,,265898,2,0,7 43 44 45,1,79,,265899,5,,,1,21,,265900,2,0,7 43 44 45,1,81,,265901,5,,,1,19,,265902,2,0,7 43 44 45,1,81,,265903,5,,,1,105,,265904,5,,,1,98,,265905,5,,,1,102,,265906,5,,,1,105,,265907,5,,,1,109,,265908,5,,,1,96,,265909,5,,,1,80,,265910,5,,,1,35,,265911,5,,,1,70,,265912,5,,,1,95,,265913,5,,,1,196,,265914,5,,,1,102,,265915,5,,,1
3001,'20261029',723,,265916,2,0,7 43 44 45,1,15,,265917,5,,,1,76,,265918,2,0,7 43 44 45,1,15,,265919,5,,,1,25,,265920,5,,,1,60,,265921,2,0,7 43 44 45,1,15,,265922,5,,,1,26,,265923,5,,,1,89,,265924,2,0,7 43 44 45,1,79,,265925,5,,,1,21,,265926,2,0,7 43 44 45,1,81,,265927,5,,,1,19,,265928,2,0,7 43 44 45,1,81,,265929,5,,,1,105,,265930,5,,,1,98,,265931,5,,,1,102,,265934,5,,,1,105,,265936,5,,,1,109,,265938,5,,,1,96,,265940,5,,,1,80,,265942,5,,,1,35,,265943,5,,,1,70,,265944,5,,,1,95,,265945,5,,,1,196,,265946,5,,,1,102,,265947,5,,,1
3001,'20261030',723,,265948,2,0,7 43 44 45,1,15,,265949,5,,,1,76,,265950,2,0,7 43 44 45,1,15,,265951,5,,,1,25,,265952,5,,,1,60,,265953,2,0,7 43 44 45,1,15,,265954,5,,,1,26,,265955,5,,,1,89,,265956,2,0,7 43 44 45,1,79,,265957,5,,,1,21,,265958,2,0,7 43 44 45,1,81,,265959,5,,,1,19,,265960,2,0,7 43 44 45,1,81,,265961,5,,,1,105,,265963,5,,,1,98,,265965,5,,,1,24,,265967,2,0,7 43 44 45,1,78,,265969,5,,,1,105,,265971,5,,,1,109,,265973,5,,,1,96,,265975,5,,,1,80,,265977,5,,,1,35,,265978,5,,,1,70,,265979,5,,,1,95,,265980,5,,,1,196,,265981,5,,,1,102,,265982,5,,,1
3001,'20261031',930,,265983,2,0,7 43 44 45,1,10,,265984,5,,,1,187,,265985,2,0,7 43 44 45,1,10,,265986,5,,,1,90,,265987,2,0,7 43 44 45,1,10,,265988,5,,,1,90,,265989,2,0,7 43 44 45,1,10,,265990,5,,,1,90,,265991,2,0,7 43 44 45,1,10,,265992,5,,,1,90,,265993,2,0,7 43 44 45,1,10,,265994,5,,,1,90,,265995,2,0,7 43 44 45,1,10,,265996,5,,,1,90,,265997,2,0,7 43 44 45,1,10,,265998,5,,,1,190,,265999,2,0,7 43 44 45,1,10,,266000,5,,,1,20,,266001,3,0,5 43 44 45,1,70,,266002,2,0,7 43 44 45,1,10,,266003,5,,,1,20,,266004,3,0,5 43 44 45,1,70,,266005,2,0,7 43 44 45,1,10,,266006,5,,,1,20,,266007,3,0,5 43 44 45,1,70,,266008,2,0,7 43 44 45,1,10,,266009,5,,,1,90,,266010,2,0,7 43 44 45,1,10,,266011,5,,,1,193,,266012,5,,,1
3001,'20261101',940,,266014,5,,,1,187,,266015,2,0,7 43 44 45,1,10,,266016,5,,,1,90,,266017,2,0,7 43 44 45,1,10,,266018,5,,,1,90,,266019,2,0,7 43 44 45,1,10,,266020,5,,,1,90,,266021,2,0,7 43 44 45,1,10,,266022,5,,,1,90,,266023,2,0,7 43 44 45,1,10,,266024,5,,,1,90,,266025,2,0,7 43 44 45,1,10,,266026,5,,,1,19,,266013,2,0,7 43 44 45,1,50,,266027,5,,,1,21,,266028,2,0,7 43 44 45,1,10,,266029,5,,,1,190,,266030,2,0,7 43 44 45,1,10,,266031,5,,,1,20,,266032,3,0,5 43 44 45,1,50,,266033,5,,,1,20,,266034,2,0,7 43 44 45,1,10,,266035,5,,,1,20,,266036,3,0,5 43 44 45,1,50,,266037,5,,,1,20,,266038,2,0,7 43 44 45,1,10,,266039,5,,,1,20,,266040,3,0,5 43 44 45,1,50,,266041,5,,,1,20,,266042,2,0,7 43 44 45,1,10,,266043,5,,,1,65,,266044,5,,,1,25,,266045,2,0,7 43 44 45,1,10,,266046,5,,,1,193,,266047,5,,,1
3001,'20261102',723,,266048,2,0,7 43 44 45,1,15,,266049,5,,,1,76,,266050,2,0,7 43 44 45,1,15,,266051,5,,,1,25,,266052,5,,,1,60,,266053,2,0,7 43 44 45,1,15,,266054,5,,,1,26,,266055,5,,,1,89,,266056,2,0,7 43 44 45,1,79,,266057,5,,,1,21,,266058,2,0,7 43 44 45,1,81,,266059,5,,,1,19,,266060,2,0,7 43 44 45,1,81,,266061,5,,,1,105,,266062,5,,,1,98,,266063,5,,,1,102,,266064,5,,,1,105,,266065,5,,,1,109,,266066,5,,,1,96,,266067,5,,,1,80,,266068,5,,,1,35,,266069,5,,,1,70,,266070,5,,,1,95,,266071,5,,,1,196,,266072,5,,,1,102,,266073,5,,,1
3001,'20261103',723,,266074,2,0,7 43 44 45,1,15,,266075,5,,,1,76,,266076,2,0,7 43 44 45,1,15,,266077,5,,,1,25,,266078,5,,,1,60,,266079,2,0,7 43 44 45,1,15,,266080,5,,,1,26,,266081,5,,,1,89,,266082,2,0,7 43 44 45,1,79,,266083,5,,,1,21,,266084,2,0,7 43 44 45,1,81,,266085,5,,,1,19,,266086,2,0,7 43 44 45,1,81,,266087,5,,,1,105,,266088,5,,,1,98,,266089,5,,,1,102,,266090,5,,,1,105,,266091,5,,,1,109,,266092,5,,,1,96,,266093,5,,,1,80,,266094,5,,,1,35,,266095,5,,,1,70,,266096,5,,,1,95,,266097,5,,,1,196,,266098,5,,,1,102,,266099,5,,,1
3001,'20261104',723,,266100,2,0,7 43 44 45,1,15,,266101,5,,,1,76,,266102,2,0,7 43 44 45,1,15,,266103,5,,,1,25,,266104,5,,,1,60,,266105,2,0,7 43 44 45,1,15,,266106,5,,,1,26,,266107,5,,,1,89,,266108,2,0,7 43 44 45,1,79,,266109,5,,,1,21,,266110,2,0,7 43 44 45,1,81,,266111,5,,,1,19,,266112,2,0,7 43 44 45,1,81,,266113,5,,,1,105,,266114,5,,,1,98,,266115,5,,,1,102,,266116,5,,,1,105,,266117,5,,,1,109,,266118,5,,,1,96,,266119,5,,,1,80,,266120,5,,,1,35,,266121,5,,,1,70,,266122,5,,,1,95,,266123,5,,,1,196,,266124,5,,,1,102,,266125,5,,,1
3001,'20261105',723,,266126,2,0,7 43 44 45,1,15,,266127,5,,,1,76,,266128,2,0,7 43 44 45,1,15,,266129,5,,,1,25,,266130,5,,,1,60,,266131,2,0,7 43 44 45,1,15,,266132,5,,,1,26,,266133,5,,,1,89,,266134,2,0,7 43 44 45,1,79,,266135,5,,,1,21,,266136,2,0,7 43 44 45,1,81,,266137,5,,,1,19,,266138,2,0,7 43 44 45,1,81,,266139,5,,,1,105,,266140,5,,,1,98,,266141,5,,,1,102,,266144,5,,,1,105,,266146,5,,,1,109,,266148,5,,,1,96,,266150,5,,,1,80,,266152,5,,,1,35,,266153,5,,,1,70,,266154,5,,,1,95,,266155,5,,,1,196,,266156,5,,,1,102,,266157,5,,,1
3001,'20261106',723,,266158,2,0,7 43 44 45,1,15,,266159,5,,,1,76,,266160,2,0,7 43 44 45,1,15,,266161,5,,,1,25,,266162,5,,,1,60,,266163,2,0,7 43 44 45,1,15,,266164,5,,,1,26,,266165,5,,,1,89,,266166,2,0,7 43 44 45,1,79,,266167,5,,,1,21,,266168,2,0,7 43 44 45,1,81,,266169,5,,,1,19,,266170,2,0,7 43 44 45,1,81,,266171,5,,,1,105,,266173,5,,,1,98,,266175,5,,,1,24,,266177,2,0,7 43 44 45,1,78,,266179,5,,,1,105,,266181,5,,,1,109,,266183,5,,,1,96,,266185,5,,,1,80,,266187,5,,,1,35,,266188,5,,,1,70,,266189,5,,,1,95,,266190,5,,,1,196,,266191,5,,,1,102,,266192,5,,,1
3001,'20261107',930,,266193,2,0,7 43 44 45,1,10,,266194,5,,,1,187,,266195,2,0,7 43 44 45,1,10,,266196,5,,,1,90,,266197,2,0,7 43 44 45,1,10,,266198,5,,,1,90,,266199,2,0,7 43 44 45,1,10,,266200,5,,,1,90,,266201,2,0,7 43 44 45,1,10,,266202,5,,,1,90,,266203,2,0,7 43 44 45,1,10,,266204,5,,,1,90,,266205,2,0,7 43 44 45,1,10,,266206,5,,,1,90,,266207,2,0,7 43 44 45,1,10,,266208,5,,,1,190,,266209,2,0,7 43 44 45,1,10,,266210,5,,,1,20,,266211,3,0,5 43 44 45,1,70,,266212,2,0,7 43 44 45,1,10,,266213,5,,,1,20,,266214,3,0,5 43 44 45,1,70,,266215,2,0,7 43 44 45,1,10,,266216,5,,,1,20,,266217,3,0,5 43 44 45,1,70,,266218,2,0,7 43 44 45,1,10,,266219,5,,,1,90,,266220,2,0,7 43 44 45,1,10,,266221,5,,,1,193,,266222,5,,,1
3001,'20261108',940,,266224,5,,,1,187,,266225,2,0,7 43 44 45,1,10,,266226,5,,,1,90,,266227,2,0,7 43 44 45,1,10,,266228,5,,,1,90,,266229,2,0,7 43 44 45,1,10,,266230,5,,,1,90,,266231,2,0,7 43 44 45,1,10,,266232,5,,,1,90,,266233,2,0,7 43 44 45,1,10,,266234,5,,,1,90,,266235,2,0,7 43 44 45,1,10,,266236,5,,,1,19,,266223,2,0,7 43 44 45,1,50,,266237,5,,,1,21,,266238,2,0,7 43 44 45,1,10,,266239,5,,,1,190,,266240,2,0,7 43 44 45,1,10,,266241,5,,,1,20,,266242,3,0,5 43 44 45,1,50,,266243,5,,,1,20,,266244,2,0,7 43 44 45,1,10,,266245,5,,,1,20,,266246,3,0,5 43 44 45,1,50,,266247,5,,,1,20,,266248,2,0,7 43 44 45,1,10,,266249,5,,,1,20,,266250,3,0,5 43 44 45,1,50,,266251,5,,,1,20,,266252,2,0,7 43 44 45,1,10,,266253,5,,,1,65,,266254,5,,,1,25,,266255,2,0,7 43 44 45,1,10,,266256,5,,,1,193,,266257,5,,,1
3001,'20261109',723,,266258,2,0,7 43 44 45,1,15,,266259,5,,,1,76,,266260,2,0,7 43 44 45,1,15,,266261,5,,,1,25,,266262,5,,,1,60,,266263,2,0,7 43 44 45,1,15,,266264,5,,,1,26,,266265,5,,,1,89,,266266,2,0,7 43 44 45,1,79,,266267,5,,,1,21,,266268,2,0,7 43 44 45,1,81,,266269,5,,,1,19,,266270,2,0,7 43 44 45,1,81,,266271,5,,,1,105,,266272,5,,,1,98,,266273,5,,,1,102,,266274,5,,,1,105,,266275,5,,,1,109,,266276,5,,,1,96,,266277,5,,,1,80,,266278,5,,,1,35,,266279,5,,,1,70,,266280,5,,,1,95,,266281,5,,,1,196,,266282,5,,,1,102,,266283,5,,,1
3001,'20261110',723,,266284,2,0,7 43 44 45,1,15,,266285,5,,,1,76,,266286,2,0,7 43 44 45,1,15,,266287,5,,,1,25,,266288,5,,,1,60,,266289,2,0,7 43 44 45,1,15,,266290,5,,,1,26,,266291,5,,,1,89,,266292,2,0,7 43 44 45,1,79,,266293,5,,,1,21,,266294,2,0,7 43 44 45,1,81,,266295,5,,,1,19,,266296,2,0,7 43 44 45,1,81,,266297,5,,,1,105,,266298,5,,,1,98,,266299,5,,,1,102,,266300,5,,,1,105,,266301,5,,,1,109,,266302,5,,,1,96,,266303,5,,,1,80,,266304,5,,,1,35,,266305,5,,,1,70,,266306,5,,,1,95,,266307,5,,,1,196,,266308,5,,,1,102,,266309,5,,,1
3001,'20261111',723,,266310,2,0,7 43 44 45,1,15,,266311,5,,,1,76,,266312,2,0,7 43 44 45,1,15,,266313,5,,,1,25,,266314,5,,,1,60,,266315,2,0,7 43 44 45,1,15,,266316,5,,,1,26,,266317,5,,,1,89,,266318,2,0,7 43 44 45,1,79,,266319,5,,,1,21,,266320,2,0,7 43 44 45,1,81,,266321,5,,,1,19,,266322,2,0,7 43 44 45,1,81,,266323,5,,,1,105,,266324,5,,,1,98,,266325,5,,,1,102,,266326,5,,,1,105,,266327,5,,,1,109,,266328,5,,,1,96,,266329,5,,,1,80,,266330,5,,,1,35,,266331,5,,,1,70,,266332,5,,,1,95,,266333,5,,,1,196,,266334,5,,,1,102,,266335,5,,,1
3001,'20261112',723,,266336,2,0,7 43 44 45,1,15,,266337,5,,,1,76,,266338,2,0,7 43 44 45,1,15,,266339,5,,,1,25,,266340,5,,,1,60,,266341,2,0,7 43 44 45,1,15,,266342,5,,,1,26,,266343,5,,,1,89,,266344,2,0,7 43 44 45,1,79,,266345,5,,,1,21,,266346,2,0,7 43 44 45,1,81,,266347,5,,,1,19,,266348,2,0,7 43 44 45,1,81,,266349,5,,,1,105,,266350,5,,,1,98,,266351,5,,,1,102,,266354,5,,,1,105,,266356,5,,,1,109,,266358,5,,,1,96,,266360,5,,,1,80,,266362,5,,,1,35,,266363,5,,,1,70,,266364,5,,,1,95,,266365,5,,,1,196,,266366,5,,,1,102,,266367,5,,,1
3001,'20261113',723,,266368,2,0,7 43 44 45,1,15,,266369,5,,,1,76,,266370,2,0,7 43 44 45,1,15,,266371,5,,,1,25,,266372,5,,,1,60,,266373,2,0,7 43 44 45,1,15,,266374,5,,,1,26,,266375,5,,,1,89,,266376,2,0,7 43 44 45,1,79,,266377,5,,,1,21,,266378,2,0,7 43 44 45,1,81,,266379,5,,,1,19,,266380,2,0,7 43 44 45,1,81,,266381,5,,,1,105,,266383,5,,,1,98,,266385,5,,,1,24,,266387,2,0,7 43 44 45,1,78,,266389,5,,,1,105,,266391,5,,,1,109,,266393,5,,,1,96,,266395,5,,,1,80,,266397,5,,,1,35,,266398,5,,,1,70,,266399,5,,,1,95,,266400,5,,,1,196,,266401,5,,,1,102,,266402,5,,,1
3001,'20261114',930,,266403,2,0,7 43 44 45,1,10,,266404,5,,,1,187,,266405,2,0,7 43 44 45,1,10,,266406,5,,,1,90,,266407,2,0,7 43 44 45,1,10,,266408,5,,,1,90,,266409,2,0,7 43 44 45,1,10,,266410,5,,,1,90,,266411,2,0,7 43 44 45,1,10,,266412,5,,,1,90,,266413,2,0,7 43 44 45,1,10,,266414,5,,,1,90,,266415,2,0,7 43 44 45,1,10,,266416,5,,,1,90,,266417,2,0,7 43 44 45,1,10,,266418,5,,,1,190,,266419,2,0,7 43 44 45,1,10,,266420,5,,,1,20,,266421,3,0,5 43 44 45,1,70,,266422,2,0,7 43 44 45,1,10,,266423,5,,,1,20,,266424,3,0,5 43 44 45,1,70,,266425,2,0,7 43 44 45,1,10,,266426,5,,,1,20,,266427,3,0,5 43 44 45,1,70,,266428,2,0,7 43 44 45,1,10,,266429,5,,,1,90,,266430,2,0,7 43 44 45,1,10,,266431,5,,,1,193,,266432,5,,,1
3001,'20261115',940,,266434,5,,,1,187,,266435,2,0,7 43 44 45,1,10,,266436,5,,,1,90,,266437,2,0,7 43 44 45,1,10,,266438,5,,,1,90,,266439,2,0,7 43 44 45,1,10,,266440,5,,,1,90,,266441,2,0,7 43 44 45,1,10,,266442,5,,,1,90,,266443,2,0,7 43 44 45,1,10,,266444,5,,,1,90,,266445,2,0,7 43 44 45,1,10,,266446,5,,,1,19,,266433,2,0,7 43 44 45,1,50,,266447,5,,,1,21,,266448,2,0,7 43 44 45,1,10,,266449,5,,,1,190,,266450,2,0,7 43 44 45,1,10,,266451,5,,,1,20,,266452,3,0,5 43 44 45,1,50,,266453,5,,,1,20,,266454,2,0,7 43 44 45,1,10,,266455,5,,,1,20,,266456,3,0,5 43 44 45,1,50,,266457,5,,,1,20,,266458,2,0,7 43 44 45,1,10,,266459,5,,,1,20,,266460,3,0,5 43 44 45,1,50,,266461,5,,,1,20,,266462,2,0,7 43 44 45,1,10,,266463,5,,,1,65,,266464,5,,,1,25,,266465,2,0,7 43 44 45,1,10,,266466,5,,,1,193,,266467,5,,,1
3001,'20261116',723,,266468,2,0,7 43 44 45,1,15,,266469,5,,,1,76,,266470,2,0,7 43 44 45,1,15,,266471,5,,,1,25,,266472,5,,,1,60,,266473,2,0,7 43 44 45,1,15,,266474,5,,,1,26,,266475,5,,,1,89,,266476,2,0,7 43 44 45,1,79,,266477,5,,,1,21,,266478,2,0,7 43 44 45,1,81,,266479,5,,,1,19,,266480,2,0,7 43 44 45,1,81,,266481,5,,,1,105,,266482,5,,,1,98,,266483,5,,,1,102,,266484,5,,,1,105,,266485,5,,,1,109,,266486,5,,,1,96,,266487,5,,,1,80,,266488,5,,,1,35,,266489,5,,,1,70,,266490,5,,,1,95,,266491,5,,,1,196,,266492,5,,,1,102,,266493,5,,,1
3001,'20261117',723,,266494,2,0,7 43 44 45,1,15,,266495,5,,,1,76,,266496,2,0,7 43 44 45,1,15,,266497,5,,,1,25,,266498,5,,,1,60,,266499,2,0,7 43 44 45,1,15,,266500,5,,,1,26,,266501,5,,,1,89,,266502,2,0,7 43 44 45,1,79,,266503,5,,,1,21,,266504,2,0,7 43 44 45,1,81,,266505,5,,,1,19,,266506,2,0,7 43 44 45,1,81,,266507,5,,,1,105,,266508,5,,,1,98,,266509,5,,,1,102,,266510,5,,,1,105,,266511,5,,,1,109,,266512,5,,,1,96,,266513,5,,,1,80,,266514,5,,,1,35,,266515,5,,,1,70,,266516,5,,,1,95,,266517,5,,,1,196,,266518,5,,,1,102,,266519,5,,,1
3001,'20261118',723,,266520,2,0,7 43 44 45,1,15,,266521,5,,,1,76,,266522,2,0,7 43 44 45,1,15,,266523,5,,,1,25,,266524,5,,,1,60,,266525,2,0,7 43 44 45,1,15,,266526,5,,,1,26,,266527,5,,,1,89,,266528,2,0,7 43 44 45,1,79,,266529,5,,,1,21,,266530,2,0,7 43 44 45,1,81,,266531,5,,,1,19,,266532,2,0,7 43 44 45,1,81,,266533,5,,,1,105,,266534,5,,,1,98,,266535,5,,,1,102,,266536,5,,,1,105,,266537,5,,,1,109,,266538,5,,,1,96,,266539,5,,,1,80,,266540,5,,,1,35,,266541,5,,,1,70,,266542,5,,,1,95,,266543,5,,,1,196,,266544,5,,,1,102,,266545,5,,,1
3001,'20261119',723,,266546,2,0,7 43 44 45,1,15,,266547,5,,,1,76,,266548,2,0,7 43 44 45,1,15,,266549,5,,,1,25,,266550,5,,,1,60,,266551,2,0,7 43 44 45,1,15,,266552,5,,,1,26,,266553,5,,,1,89,,266554,2,0,7 43 44 45,1,79,,266555,5,,,1,21,,266556,2,0,7 43 44 45,1,81,,266557,5,,,1,19,,266558,2,0,7 43 44 45,1,81,,266559,5,,,1,105,,266560,5,,,1,98,,266561,5,,,1,102,,266564,5,,,1,105,,266566,5,,,1,109,,266568,5,,,1,96,,266570,5,,,1,80,,266572,5,,,1,35,,266573,5,,,1,70,,266574,5,,,1,95,,266575,5,,,1,196,,266576,5,,,1,102,,266577,5,,,1
3001,'20261120',723,,266578,2,0,7 43 44 45,1,15,,266579,5,,,1,76,,266580,2,0,7 43 44 45,1,15,,266581,5,,,1,25,,266582,5,,,1,60,,266583,2,0,7 43 44 45,1,15,,266584,5,,,1,26,,266585,5,,,1,89,,266586,2,0,7 43 44 45,1,79,,266587,5,,,1,21,,266588,2,0,7 43 44 45,1,81,,266589,5,,,1,19,,266590,2,0,7 43 44 45,1,81,,266591,5,,,1,105,,266593,5,,,1,98,,266595,5,,,1,24,,266597,2,0,7 43 44 45,1,78,,266599,5,,,1,105,,266601,5,,,1,109,,266603,5,,,1,96,,266605,5,,,1,80,,266607,5,,,1,35,,266608,5,,,1,70,,266609,5,,,1,95,,266610,5,,,1,196,,266611,5,,,1,102,,266612,5,,,1
3001,'20261121',930,,266613,2,0,7 43 44 45,1,10,,266614,5,,,1,187,,266615,2,0,7 43 44 45,1,10,,266616,5,,,1,90,,266617,2,0,7 43 44 45,1,10,,266618,5,,,1,90,,266619,2,0,7 43 44 45,1,10,,266620,5,,,1,90,,266621,2,0,7 43 44 45,1,10,,266622,5,,,1,90,,266623,2,0,7 43 44 45,1,10,,266624,5,,,1,90,,266625,2,0,7 43 44 45,1,10,,266626,5,,,1,90,,266627,2,0,7 43 44 45,1,10,,266628,5,,,1,190,,266629,2,0,7 43 44 45,1,10,,266630,5,,,1,20,,266631,3,0,5 43 44 45,1,70,,266632,2,0,7 43 44 45,1,10,,266633,5,,,1,20,,266634,3,0,5 43 44 45,1,70,,266635,2,0,7 43 44 45,1,10,,266636,5,,,1,20,,266637,3,0,5 43 44 45,1,70,,266638,2,0,7 43 44 45,1,10,,266639,5,,,1,90,,266640,2,0,7 43 44 45,1,10,,266641,5,,,1,193,,266642,5,,,1
3001,'20261122',940,,266644,5,,,1,187,,266645,2,0,7 43 44 45,1,10,,266646,5,,,1,90,,266647,2,0,7 43 44 45,1,10,,266648,5,,,1,90,,266649,2,0,7 43 44 45,1,10,,266650,5,,,1,90,,266651,2,0,7 43 44 45,1,10,,266652,5,,,1,90,,266653,2,0,7 43 44 45,1,10,,266654,5,,,1,90,,266655,2,0,7 43 44 45,1,10,,266656,5,,,1,19,,266643,2,0,7 43 44 45,1,50,,266657,5,,,1,21,,266658,2,0,7 43 44 45,1,10,,266659,5,,,1,190,,266660,2,0,7 43 44 45,1,10,,266661,5,,,1,20,,266662,3,0,5 43 44 45,1,50,,266663,5,,,1,20,,266664,2,0,7 43 44 45,1,10,,266665,5,,,1,20,,266666,3,0,5 43 44 45,1,50,,266667,5,,,1,20,,266668,2,0,7 43 44 45,1,10,,266669,5,,,1,20,,266670,3,0,5 43 44 45,1,50,,266671,5,,,1,20,,266672,2,0,7 43 44 45,1,10,,266673,5,,,1,65,,266674,5,,,1,25,,266675,2,0,7 43 44 45,1,10,,266676,5,,,1,193,,266677,5,,,1
3001,'20261123',723,,266678,2,0,7 43 44 45,1,15,,266679,5,,,1,76,,266680,2,0,7 43 44 45,1,15,,266681,5,,,1,25,,266682,5,,,1,60,,266683,2,0,7 43 44 45,1,15,,266684,5,,,1,26,,266685,5,,,1,89,,266686,2,0,7 43 44 45,1,79,,266687,5,,,1,21,,266688,2,0,7 43 44 45,1,81,,266689,5,,,1,19,,266690,2,0,7 43 44 45,1,81,,266691,5,,,1,105,,266692,5,,,1,98,,266693,5,,,1,102,,266694,5,,,1,105,,266695,5,,,1,109,,266696,5,,,1,96,,266697,5,,,1,80,,266698,5,,,1,35,,266699,5,,,1,70,,266700,5,,,1,95,,266701,5,,,1,196,,266702,5,,,1,102,,266703,5,,,1
3001,'20261124',723,,266704,2,0,7 43 44 45,1,15,,266705,5,,,1,76,,266706,2,0,7 43 44 45,1,15,,266707,5,,,1,25,,266708,5,,,1,60,,266709,2,0,7 43 44 45,1,15,,266710,5,,,1,26,,266711,5,,,1,89,,266712,2,0,7 43 44 45,1,79,,266713,5,,,1,21,,266714,2,0,7 43 44 45,1,81,,266715,5,,,1,19,,266716,2,0,7 43 44 45,1,81,,266717,5,,,1,105,,266718,5,,,1,98,,266719,5,,,1,102,,266720,5,,,1,105,,266721,5,,,1,109,,266722,5,,,1,96,,266723,5,,,1,80,,266724,5,,,1,35,,266725,5,,,1,70,,266726,5,,,1,95,,266727,5,,,1,196,,266728,5,,,1,102,,266729,5,,,1
3001,'20261125',723,,266730,2,0,7 43 44 45,1,15,,266731,5,,,1,76,,266732,2,0,7 43 44 45,1,15,,266733,5,,,1,25,,266734,5,,,1,60,,266735,2,0,7 43 44 45,1,15,,266736,5,,,1,26,,266737,5,,,1,89,,266738,2,0,7 43 44 45,1,79,,266739,5,,,1,21,,266740,2,0,7 43 44 45,1,81,,266741,5,,,1,19,,266742,2,0,7 43 44 45,1,81,,266743,5,,,1,105,,266744,5,,,1,98,,266745,5,,,1,102,,266746,5,,,1,105,,266747,5,,,1,109,,266748,5,,,1,96,,266749,5,,,1,80,,266750,5,,,1,35,,266751,5,,,1,70,,266752,5,,,1,95,,266753,5,,,1,196,,266754,5,,,1,102,,266755,5,,,1
3001,'20261126',723,,266756,2,0,7 43 44 45,1,15,,266757,5,,,1,76,,266758,2,0,7 43 44 45,1,15,,266759,5,,,1,25,,266760,5,,,1,60,,266761,2,0,7 43 44 45,1,15,,266762,5,,,1,26,,266763,5,,,1,89,,266764,2,0,7 43 44 45,1,79,,266765,5,,,1,21,,266766,2,0,7 43 44 45,1,81,,266767,5,,,1,19,,266768,2,0,7 43 44 45,1,81,,266769,5,,,1,105,,266770,5,,,1,98,,266771,5,,,1,102,,266774,5,,,1,105,,266776,5,,,1,109,,266778,5,,,1,96,,266780,5,,,1,80,,266782,5,,,1,35,,266783,5,,,1,70,,266784,5,,,1,95,,266785,5,,,1,196,,266786,5,,,1,102,,266787,5,,,1
3001,'20261127',723,,266788,2,0,7 43 44 45,1,15,,266789,5,,,1,76,,266790,2,0,7 43 44 45,1,15,,266791,5,,,1,25,,266792,5,,,1,60,,266793,2,0,7 43 44 45,1,15,,266794,5,,,1,26,,266795,5,,,1,89,,266796,2,0,7 43 44 45,1,79,,266797,5,,,1,21,,266798,2,0,7 43 44 45,1,81,,266799,5,,,1,19,,266800,2,0,7 43 44 45,1,81,,266801,5,,,1,105,,266803,5,,,1,98,,266805,5,,,1,24,,266807,2,0,7 43 44 45,1,78,,266809,5,,,1,105,,266811,5,,,1,109,,266813,5,,,1,96,,266815,5,,,1,80,,266817,5,,,1,35,,266818,5,,,1,70,,266819,5,,,1,95,,266820,5,,,1,196,,266821,5,,,1,102,,266822,5,,,1
