1701,'20260910',601,,232897,13,,,1,157,,232898,13,,,1,153,,232899,13,,,1,90,,232900,13,,,1,102,,232901,13,,,1,200,,232902,13,,,1,55,,232903,13,,,1,98,,232904,13,,,1,85,,232905,13,,,1,115,,232906,13,,,1,145,,232907,13,,,1,55,,232908,13,,,1,150,,232909,13,,,1,99,,232910,13,,,1
1701,'20260911',601,,232911,13,,,1,157,,232912,13,,,1,153,,232913,13,,,1,90,,232914,13,,,1,102,,232915,13,,,1,200,,232916,13,,,1,55,,232917,13,,,1,98,,232918,13,,,1,85,,232919,13,,,1,115,,232920,13,,,1,145,,232921,13,,,1,55,,232922,13,,,1,150,,232923,13,,,1,99,,232924,13,,,1
1701,'20260914',601,,232925,13,,,1,157,,232926,13,,,1,153,,232927,13,,,1,90,,232928,13,,,1,102,,232929,13,,,1,200,,232930,13,,,1,55,,232931,13,,,1,98,,232932,13,,,1,85,,232933,13,,,1,115,,232934,13,,,1,145,,232935,13,,,1,55,,232936,13,,,1,150,,232937,13,,,1,99,,232938,13,,,1
1701,'20260915',601,,232939,13,,,1,157,,232940,13,,,1,153,,232941,13,,,1,90,,232942,13,,,1,102,,232943,13,,,1,200,,232944,13,,,1,55,,232945,13,,,1,98,,232946,13,,,1,85,,232947,13,,,1,115,,232948,13,,,1,145,,232949,13,,,1,55,,232950,13,,,1,150,,232951,13,,,1,99,,232952,13,,,1
1701,'20260916',601,,232953,13,,,1,157,,232954,13,,,1,153,,232955,13,,,1,90,,232956,13,,,1,102,,232957,13,,,1,200,,232958,13,,,1,55,,232959,13,,,1,98,,232960,13,,,1,85,,232961,13,,,1,115,,232962,13,,,1,145,,232963,13,,,1,55,,232964,13,,,1,150,,232965,13,,,1,99,,232966,13,,,1
1701,'20260917',601,,232967,13,,,1,157,,232968,13,,,1,153,,232969,13,,,1,90,,232970,13,,,1,102,,232971,13,,,1,200,,232972,13,,,1,55,,232973,13,,,1,98,,232974,13,,,1,85,,232975,13,,,1,115,,232976,13,,,1,145,,232977,13,,,1,55,,232978,13,,,1,150,,232979,13,,,1,99,,232980,13,,,1
1701,'20260918',601,,232981,13,,,1,157,,232982,13,,,1,153,,232983,13,,,1,90,,232984,13,,,1,102,,232985,13,,,1,200,,232986,13,,,1,55,,232987,13,,,1,98,,232988,13,,,1,85,,232989,13,,,1,115,,232990,13,,,1,145,,232991,13,,,1,55,,232992,13,,,1,150,,232993,13,,,1,99,,232994,13,,,1
1701,'20260921',601,,232995,13,,,1,157,,232996,13,,,1,153,,232997,13,,,1,90,,232998,13,,,1,102,,232999,13,,,1,200,,233000,13,,,1,55,,233001,13,,,1,98,,233002,13,,,1,85,,233003,13,,,1,115,,233004,13,,,1,145,,233005,13,,,1,55,,233006,13,,,1,150,,233007,13,,,1,99,,233008,13,,,1
1701,'20260922',601,,233009,13,,,1,157,,233010,13,,,1,153,,233011,13,,,1,90,,233012,13,,,1,102,,233013,13,,,1,200,,233014,13,,,1,55,,233015,13,,,1,98,,233016,13,,,1,85,,233017,13,,,1,115,,233018,13,,,1,145,,233019,13,,,1,55,,233020,13,,,1,150,,233021,13,,,1,99,,233022,13,,,1
1701,'20260923',601,,233023,13,,,1,157,,233024,13,,,1,153,,233025,13,,,1,90,,233026,13,,,1,102,,233027,13,,,1,200,,233028,13,,,1,55,,233029,13,,,1,98,,233030,13,,,1,85,,233031,13,,,1,115,,233032,13,,,1,145,,233033,13,,,1,55,,233034,13,,,1,150,,233035,13,,,1,99,,233036,13,,,1
1701,'20260924',601,,233037,13,,,1,157,,233038,13,,,1,153,,233039,13,,,1,90,,233040,13,,,1,102,,233041,13,,,1,200,,233042,13,,,1,55,,233043,13,,,1,98,,233044,13,,,1,85,,233045,13,,,1,115,,233046,13,,,1,145,,233047,13,,,1,55,,233048,13,,,1,150,,233049,13,,,1,99,,233050,13,,,1
1701,'20260925',601,,233051,13,,,1,157,,233052,13,,,1,153,,233053,13,,,1,90,,233054,13,,,1,102,,233055,13,,,1,200,,233056,13,,,1,55,,233057,13,,,1,98,,233058,13,,,1,85,,233059,13,,,1,115,,233060,13,,,1,145,,233061,13,,,1,55,,233062,13,,,1,150,,233063,13,,,1,99,,233064,13,,,1
1701,'20260928',601,,233065,13,,,1,157,,233066,13,,,1,153,,233067,13,,,1,90,,233068,13,,,1,102,,233069,13,,,1,200,,233070,13,,,1,55,,233071,13,,,1,98,,233072,13,,,1,85,,233073,13,,,1,115,,233074,13,,,1,145,,233075,13,,,1,55,,233076,13,,,1,150,,233077,13,,,1,99,,233078,13,,,1
1701,'20260929',601,,233079,13,,,1,157,,233080,13,,,1,153,,233081,13,,,1,90,,233082,13,,,1,102,,233083,13,,,1,200,,233084,13,,,1,55,,233085,13,,,1,98,,233086,13,,,1,85,,233087,13,,,1,115,,233088,13,,,1,145,,233089,13,,,1,55,,233090,13,,,1,150,,233091,13,,,1,99,,233092,13,,,1
1701,'20260930',601,,233093,13,,,1,157,,233094,13,,,1,153,,233095,13,,,1,90,,233096,13,,,1,102,,233097,13,,,1,200,,233098,13,,,1,55,,233099,13,,,1,98,,233100,13,,,1,85,,233101,13,,,1,115,,233102,13,,,1,145,,233103,13,,,1,55,,233104,13,,,1,150,,233105,13,,,1,99,,233106,13,,,1
1701,'20261001',601,,233107,13,,,1,157,,233108,13,,,1,153,,233109,13,,,1,90,,233110,13,,,1,102,,233111,13,,,1,200,,233112,13,,,1,55,,233113,13,,,1,98,,233114,13,,,1,85,,233115,13,,,1,115,,233116,13,,,1,145,,233117,13,,,1,55,,233118,13,,,1,150,,233119,13,,,1,99,,233120,13,,,1
1701,'20261002',601,,233121,13,,,1,157,,233122,13,,,1,153,,233123,13,,,1,90,,233124,13,,,1,102,,233125,13,,,1,200,,233126,13,,,1,55,,233127,13,,,1,98,,233128,13,,,1,85,,233129,13,,,1,115,,233130,13,,,1,145,,233131,13,,,1,55,,233132,13,,,1,150,,233133,13,,,1,99,,233134,13,,,1
1701,'20261005',601,,233135,13,,,1,157,,233136,13,,,1,153,,233137,13,,,1,90,,233138,13,,,1,102,,233139,13,,,1,200,,233140,13,,,1,55,,233141,13,,,1,98,,233142,13,,,1,85,,233143,13,,,1,115,,233144,13,,,1,145,,233145,13,,,1,55,,233146,13,,,1,150,,233147,13,,,1,99,,233148,13,,,1
1701,'20261006',601,,233149,13,,,1,157,,233150,13,,,1,153,,233151,13,,,1,90,,233152,13,,,1,102,,233153,13,,,1,200,,233154,13,,,1,55,,233155,13,,,1,98,,233156,13,,,1,85,,233157,13,,,1,115,,233158,13,,,1,145,,233159,13,,,1,55,,233160,13,,,1,150,,233161,13,,,1,99,,233162,13,,,1
1701,'20261007',601,,233163,13,,,1,157,,233164,13,,,1,153,,233165,13,,,1,90,,233166,13,,,1,102,,233167,13,,,1,200,,233168,13,,,1,55,,233169,13,,,1,98,,233170,13,,,1,85,,233171,13,,,1,115,,233172,13,,,1,145,,233173,13,,,1,55,,233174,13,,,1,150,,233175,13,,,1,99,,233176,13,,,1
1701,'20261008',601,,233177,13,,,1,157,,233178,13,,,1,153,,233179,13,,,1,90,,233180,13,,,1,102,,233181,13,,,1,200,,233182,13,,,1,55,,233183,13,,,1,98,,233184,13,,,1,85,,233185,13,,,1,115,,233186,13,,,1,145,,233187,13,,,1,55,,233188,13,,,1,150,,233189,13,,,1,99,,233190,13,,,1
1701,'20261009',601,,233191,13,,,1,157,,233192,13,,,1,153,,233193,13,,,1,90,,233194,13,,,1,102,,233195,13,,,1,200,,233196,13,,,1,55,,233197,13,,,1,98,,233198,13,,,1,85,,233199,13,,,1,115,,233200,13,,,1,145,,233201,13,,,1,55,,233202,13,,,1,150,,233203,13,,,1,99,,233204,13,,,1
1701,'20261013',601,,233205,13,,,1,157,,233206,13,,,1,153,,233207,13,,,1,90,,233208,13,,,1,102,,233209,13,,,1,200,,233210,13,,,1,55,,233211,13,,,1,98,,233212,13,,,1,85,,233213,13,,,1,115,,233214,13,,,1,145,,233215,13,,,1,55,,233216,13,,,1,150,,233217,13,,,1,99,,233218,13,,,1
1701,'20261014',601,,233219,13,,,1,157,,233220,13,,,1,153,,233221,13,,,1,90,,233222,13,,,1,102,,233223,13,,,1,200,,233224,13,,,1,55,,233225,13,,,1,98,,233226,13,,,1,85,,233227,13,,,1,115,,233228,13,,,1,145,,233229,13,,,1,55,,233230,13,,,1,150,,233231,13,,,1,99,,233232,13,,,1
1701,'20261015',601,,233233,13,,,1,157,,233234,13,,,1,153,,233235,13,,,1,90,,233236,13,,,1,102,,233237,13,,,1,200,,233238,13,,,1,55,,233239,13,,,1,98,,233240,13,,,1,85,,233241,13,,,1,115,,233242,13,,,1,145,,233243,13,,,1,55,,233244,13,,,1,150,,233245,13,,,1,99,,233246,13,,,1
1701,'20261016',601,,233247,13,,,1,157,,233248,13,,,1,153,,233249,13,,,1,90,,233250,13,,,1,102,,233251,13,,,1,200,,233252,13,,,1,55,,233253,13,,,1,98,,233254,13,,,1,85,,233255,13,,,1,115,,233256,13,,,1,145,,233257,13,,,1,55,,233258,13,,,1,150,,233259,13,,,1,99,,233260,13,,,1
1701,'20261019',601,,233261,13,,,1,157,,233262,13,,,1,153,,233263,13,,,1,90,,233264,13,,,1,102,,233265,13,,,1,200,,233266,13,,,1,55,,233267,13,,,1,98,,233268,13,,,1,85,,233269,13,,,1,115,,233270,13,,,1,145,,233271,13,,,1,55,,233272,13,,,1,150,,233273,13,,,1,99,,233274,13,,,1
1701,'20261020',601,,233275,13,,,1,157,,233276,13,,,1,153,,233277,13,,,1,90,,233278,13,,,1,102,,233279,13,,,1,200,,233280,13,,,1,55,,233281,13,,,1,98,,233282,13,,,1,85,,233283,13,,,1,115,,233284,13,,,1,145,,233285,13,,,1,55,,233286,13,,,1,150,,233287,13,,,1,99,,233288,13,,,1
1701,'20261021',601,,233289,13,,,1,157,,233290,13,,,1,153,,233291,13,,,1,90,,233292,13,,,1,102,,233293,13,,,1,200,,233294,13,,,1,55,,233295,13,,,1,98,,233296,13,,,1,85,,233297,13,,,1,115,,233298,13,,,1,145,,233299,13,,,1,55,,233300,13,,,1,150,,233301,13,,,1,99,,233302,13,,,1
1701,'20261022',601,,233303,13,,,1,157,,233304,13,,,1,153,,233305,13,,,1,90,,233306,13,,,1,102,,233307,13,,,1,200,,233308,13,,,1,55,,233309,13,,,1,98,,233310,13,,,1,85,,233311,13,,,1,115,,233312,13,,,1,145,,233313,13,,,1,55,,233314,13,,,1,150,,233315,13,,,1,99,,233316,13,,,1
1701,'20261023',601,,233317,13,,,1,157,,233318,13,,,1,153,,233319,13,,,1,90,,233320,13,,,1,102,,233321,13,,,1,200,,233322,13,,,1,55,,233323,13,,,1,98,,233324,13,,,1,85,,233325,13,,,1,115,,233326,13,,,1,145,,233327,13,,,1,55,,233328,13,,,1,150,,233329,13,,,1,99,,233330,13,,,1
1701,'20261026',601,,233331,13,,,1,157,,233332,13,,,1,153,,233333,13,,,1,90,,233334,13,,,1,102,,233335,13,,,1,200,,233336,13,,,1,55,,233337,13,,,1,98,,233338,13,,,1,85,,233339,13,,,1,115,,233340,13,,,1,145,,233341,13,,,1,55,,233342,13,,,1,150,,233343,13,,,1,99,,233344,13,,,1
1701,'20261027',601,,233345,13,,,1,157,,233346,13,,,1,153,,233347,13,,,1,90,,233348,13,,,1,102,,233349,13,,,1,200,,233350,13,,,1,55,,233351,13,,,1,98,,233352,13,,,1,85,,233353,13,,,1,115,,233354,13,,,1,145,,233355,13,,,1,55,,233356,13,,,1,150,,233357,13,,,1,99,,233358,13,,,1
1701,'20261028',601,,233359,13,,,1,157,,233360,13,,,1,153,,233361,13,,,1,90,,233362,13,,,1,102,,233363,13,,,1,200,,233364,13,,,1,55,,233365,13,,,1,98,,233366,13,,,1,85,,233367,13,,,1,115,,233368,13,,,1,145,,233369,13,,,1,55,,233370,13,,,1,150,,233371,13,,,1,99,,233372,13,,,1
1701,'20261029',601,,233373,13,,,1,157,,233374,13,,,1,153,,233375,13,,,1,90,,233376,13,,,1,102,,233377,13,,,1,200,,233378,13,,,1,55,,233379,13,,,1,98,,233380,13,,,1,85,,233381,13,,,1,115,,233382,13,,,1,145,,233383,13,,,1,55,,233384,13,,,1,150,,233385,13,,,1,99,,233386,13,,,1
1701,'20261030',601,,233387,13,,,1,157,,233388,13,,,1,153,,233389,13,,,1,90,,233390,13,,,1,102,,233391,13,,,1,200,,233392,13,,,1,55,,233393,13,,,1,98,,233394,13,,,1,85,,233395,13,,,1,115,,233396,13,,,1,145,,233397,13,,,1,55,,233398,13,,,1,150,,233399,13,,,1,99,,233400,13,,,1
1701,'20261102',601,,233401,13,,,1,157,,233402,13,,,1,153,,233403,13,,,1,90,,233404,13,,,1,102,,233405,13,,,1,200,,233406,13,,,1,55,,233407,13,,,1,98,,233408,13,,,1,85,,233409,13,,,1,115,,233410,13,,,1,145,,233411,13,,,1,55,,233412,13,,,1,150,,233413,13,,,1,99,,233414,13,,,1
1701,'20261103',601,,233415,13,,,1,157,,233416,13,,,1,153,,233417,13,,,1,90,,233418,13,,,1,102,,233419,13,,,1,200,,233420,13,,,1,55,,233421,13,,,1,98,,233422,13,,,1,85,,233423,13,,,1,115,,233424,13,,,1,145,,233425,13,,,1,55,,233426,13,,,1,150,,233427,13,,,1,99,,233428,13,,,1
1701,'20261104',601,,233429,13,,,1,157,,233430,13,,,1,153,,233431,13,,,1,90,,233432,13,,,1,102,,233433,13,,,1,200,,233434,13,,,1,55,,233435,13,,,1,98,,233436,13,,,1,85,,233437,13,,,1,115,,233438,13,,,1,145,,233439,13,,,1,55,,233440,13,,,1,150,,233441,13,,,1,99,,233442,13,,,1
1701,'20261105',601,,233443,13,,,1,157,,233444,13,,,1,153,,233445,13,,,1,90,,233446,13,,,1,102,,233447,13,,,1,200,,233448,13,,,1,55,,233449,13,,,1,98,,233450,13,,,1,85,,233451,13,,,1,115,,233452,13,,,1,145,,233453,13,,,1,55,,233454,13,,,1,150,,233455,13,,,1,99,,233456,13,,,1
1701,'20261106',601,,233457,13,,,1,157,,233458,13,,,1,153,,233459,13,,,1,90,,233460,13,,,1,102,,233461,13,,,1,200,,233462,13,,,1,55,,233463,13,,,1,98,,233464,13,,,1,85,,233465,13,,,1,115,,233466,13,,,1,145,,233467,13,,,1,55,,233468,13,,,1,150,,233469,13,,,1,99,,233470,13,,,1
1701,'20261109',601,,233471,13,,,1,157,,233472,13,,,1,153,,233473,13,,,1,90,,233474,13,,,1,102,,233475,13,,,1,200,,233476,13,,,1,55,,233477,13,,,1,98,,233478,13,,,1,85,,233479,13,,,1,115,,233480,13,,,1,145,,233481,13,,,1,55,,233482,13,,,1,150,,233483,13,,,1,99,,233484,13,,,1
1701,'20261110',601,,233485,13,,,1,157,,233486,13,,,1,153,,233487,13,,,1,90,,233488,13,,,1,102,,233489,13,,,1,200,,233490,13,,,1,55,,233491,13,,,1,98,,233492,13,,,1,85,,233493,13,,,1,115,,233494,13,,,1,145,,233495,13,,,1,55,,233496,13,,,1,150,,233497,13,,,1,99,,233498,13,,,1
1701,'20261111',601,,233499,13,,,1,157,,233500,13,,,1,153,,233501,13,,,1,90,,233502,13,,,1,102,,233503,13,,,1,200,,233504,13,,,1,55,,233505,13,,,1,98,,233506,13,,,1,85,,233507,13,,,1,115,,233508,13,,,1,145,,233509,13,,,1,55,,233510,13,,,1,150,,233511,13,,,1,99,,233512,13,,,1
1701,'20261112',601,,233513,13,,,1,157,,233514,13,,,1,153,,233515,13,,,1,90,,233516,13,,,1,102,,233517,13,,,1,200,,233518,13,,,1,55,,233519,13,,,1,98,,233520,13,,,1,85,,233521,13,,,1,115,,233522,13,,,1,145,,233523,13,,,1,55,,233524,13,,,1,150,,233525,13,,,1,99,,233526,13,,,1
1701,'20261113',601,,233527,13,,,1,157,,233528,13,,,1,153,,233529,13,,,1,90,,233530,13,,,1,102,,233531,13,,,1,200,,233532,13,,,1,55,,233533,13,,,1,98,,233534,13,,,1,85,,233535,13,,,1,115,,233536,13,,,1,145,,233537,13,,,1,55,,233538,13,,,1,150,,233539,13,,,1,99,,233540,13,,,1
1701,'20261116',601,,233541,13,,,1,157,,233542,13,,,1,153,,233543,13,,,1,90,,233544,13,,,1,102,,233545,13,,,1,200,,233546,13,,,1,55,,233547,13,,,1,98,,233548,13,,,1,85,,233549,13,,,1,115,,233550,13,,,1,145,,233551,13,,,1,55,,233552,13,,,1,150,,233553,13,,,1,99,,233554,13,,,1
1701,'20261117',601,,233555,13,,,1,157,,233556,13,,,1,153,,233557,13,,,1,90,,233558,13,,,1,102,,233559,13,,,1,200,,233560,13,,,1,55,,233561,13,,,1,98,,233562,13,,,1,85,,233563,13,,,1,115,,233564,13,,,1,145,,233565,13,,,1,55,,233566,13,,,1,150,,233567,13,,,1,99,,233568,13,,,1
1701,'20261118',601,,233569,13,,,1,157,,233570,13,,,1,153,,233571,13,,,1,90,,233572,13,,,1,102,,233573,13,,,1,200,,233574,13,,,1,55,,233575,13,,,1,98,,233576,13,,,1,85,,233577,13,,,1,115,,233578,13,,,1,145,,233579,13,,,1,55,,233580,13,,,1,150,,233581,13,,,1,99,,233582,13,,,1
1701,'20261119',601,,233583,13,,,1,157,,233584,13,,,1,153,,233585,13,,,1,90,,233586,13,,,1,102,,233587,13,,,1,200,,233588,13,,,1,55,,233589,13,,,1,98,,233590,13,,,1,85,,233591,13,,,1,115,,233592,13,,,1,145,,233593,13,,,1,55,,233594,13,,,1,150,,233595,13,,,1,99,,233596,13,,,1
1701,'20261120',601,,233597,13,,,1,157,,233598,13,,,1,153,,233599,13,,,1,90,,233600,13,,,1,102,,233601,13,,,1,200,,233602,13,,,1,55,,233603,13,,,1,98,,233604,13,,,1,85,,233605,13,,,1,115,,233606,13,,,1,145,,233607,13,,,1,55,,233608,13,,,1,150,,233609,13,,,1,99,,233610,13,,,1
1701,'20261123',601,,233611,13,,,1,157,,233612,13,,,1,153,,233613,13,,,1,90,,233614,13,,,1,102,,233615,13,,,1,200,,233616,13,,,1,55,,233617,13,,,1,98,,233618,13,,,1,85,,233619,13,,,1,115,,233620,13,,,1,145,,233621,13,,,1,55,,233622,13,,,1,150,,233623,13,,,1,99,,233624,13,,,1
1701,'20261124',601,,233625,13,,,1,157,,233626,13,,,1,153,,233627,13,,,1,90,,233628,13,,,1,102,,233629,13,,,1,200,,233630,13,,,1,55,,233631,13,,,1,98,,233632,13,,,1,85,,233633,13,,,1,115,,233634,13,,,1,145,,233635,13,,,1,55,,233636,13,,,1,150,,233637,13,,,1,99,,233638,13,,,1
1701,'20261125',601,,233639,13,,,1,157,,233640,13,,,1,153,,233641,13,,,1,90,,233642,13,,,1,102,,233643,13,,,1,200,,233644,13,,,1,55,,233645,13,,,1,98,,233646,13,,,1,85,,233647,13,,,1,115,,233648,13,,,1,145,,233649,13,,,1,55,,233650,13,,,1,150,,233651,13,,,1,99,,233652,13,,,1
1701,'20261126',601,,233653,13,,,1,157,,233654,13,,,1,153,,233655,13,,,1,90,,233656,13,,,1,102,,233657,13,,,1,200,,233658,13,,,1,55,,233659,13,,,1,98,,233660,13,,,1,85,,233661,13,,,1,115,,233662,13,,,1,145,,233663,13,,,1,55,,233664,13,,,1,150,,233665,13,,,1,99,,233666,13,,,1
1701,'20261127',601,,233667,13,,,1,157,,233668,13,,,1,153,,233669,13,,,1,90,,233670,13,,,1,102,,233671,13,,,1,200,,233672,13,,,1,55,,233673,13,,,1,98,,233674,13,,,1,85,,233675,13,,,1,115,,233676,13,,,1,145,,233677,13,,,1,55,,233678,13,,,1,150,,233679,13,,,1,99,,233680,13,,,1
2900,'20260910',535,,258621,7,,,1,190,,258622,7,,,1,200,,258623,7,,,1,208,,258624,7,,,1,100,,258625,7,,,1,95,,258626,7,,,1,100,,258627,7,,,1,95,,258628,7,,,1,27,,258629,6,0,7 40 41,1,73,,258630,7,,,1,32,,258631,6,0,7 40 41,1,68,,258632,7,,,1,32,,258633,6,0,7 40 41,1,67,,258634,7,,,1,78,,258635,6,0,7 40 41,1,32,,258636,7,,,1,105,,258637,7,,,1,98,,258638,7,,,1,100,,258639,7,,,1
2900,'20260911',535,,258640,7,,,1,190,,258641,7,,,1,200,,258642,7,,,1,208,,258643,7,,,1,100,,258644,7,,,1,95,,258645,7,,,1,100,,258646,7,,,1,95,,258647,7,,,1,27,,258648,6,0,7 40 41,1,73,,258649,7,,,1,32,,258650,6,0,7 40 41,1,68,,258651,7,,,1,32,,258652,6,0,7 40 41,1,67,,258653,7,,,1,78,,258654,6,0,7 40 41,1,32,,258655,7,,,1,105,,258656,7,,,1,98,,258657,7,,,1,100,,258658,7,,,1
2900,'20260912',700,,258659,7,,,1,55,,258660,7,,,1,95,,258661,7,,,1,100,,258662,7,,,1,93,,258663,7,,,1,100,,258664,7,,,1,105,,258665,7,,,1,100,,258666,7,,,1,100,,258667,7,,,1,100,,258668,7,,,1,100,,258669,7,,,1,100,,258670,7,,,1,100,,258671,7,,,1,100,,258672,7,,,1,104,,258673,7,,,1,203,,258674,7,,,1
2900,'20260913',700,,258675,7,,,1,55,,258676,7,,,1,95,,258677,7,,,1,100,,258678,7,,,1,93,,258679,7,,,1,100,,258680,7,,,1,105,,258681,7,,,1,100,,258682,7,,,1,100,,258683,7,,,1,100,,258684,7,,,1,100,,258685,7,,,1,100,,258686,7,,,1,100,,258687,7,,,1,100,,258688,7,,,1,104,,258689,7,,,1,203,,258690,7,,,1
2900,'20260914',535,,258691,7,,,1,190,,258692,7,,,1,200,,258693,7,,,1,208,,258694,7,,,1,100,,258695,7,,,1,95,,258696,7,,,1,100,,258697,7,,,1,95,,258698,7,,,1,27,,258699,6,0,7 40 41,1,73,,258700,7,,,1,32,,258701,6,0,7 40 41,1,68,,258702,7,,,1,32,,258703,6,0,7 40 41,1,67,,258704,7,,,1,78,,258705,6,0,7 40 41,1,32,,258706,7,,,1,105,,258707,7,,,1,98,,258708,7,,,1,100,,258709,7,,,1
2900,'20260915',535,,258710,7,,,1,190,,258711,7,,,1,200,,258712,7,,,1,208,,258713,7,,,1,100,,258714,7,,,1,95,,258715,7,,,1,100,,258716,7,,,1,95,,258717,7,,,1,27,,258718,6,0,7 40 41,1,73,,258719,7,,,1,32,,258720,6,0,7 40 41,1,68,,258721,7,,,1,32,,258722,6,0,7 40 41,1,67,,258723,7,,,1,78,,258724,6,0,7 40 41,1,32,,258725,7,,,1,105,,258726,7,,,1,98,,258727,7,,,1,100,,258728,7,,,1
2900,'20260916',535,,258729,7,,,1,190,,258730,7,,,1,200,,258731,7,,,1,208,,258732,7,,,1,100,,258733,7,,,1,95,,258734,7,,,1,100,,258735,7,,,1,95,,258736,7,,,1,27,,258737,6,0,7 40 41,1,73,,258738,7,,,1,32,,258739,6,0,7 40 41,1,68,,258740,7,,,1,32,,258741,6,0,7 40 41,1,67,,258742,7,,,1,78,,258743,6,0,7 40 41,1,32,,258744,7,,,1,105,,258745,7,,,1,98,,258746,7,,,1,100,,258747,7,,,1
2900,'20260917',535,,258748,7,,,1,190,,258749,7,,,1,200,,258750,7,,,1,208,,258751,7,,,1,100,,258752,7,,,1,95,,258753,7,,,1,100,,258754,7,,,1,95,,258755,7,,,1,27,,258756,6,0,7 40 41,1,73,,258757,7,,,1,32,,258758,6,0,7 40 41,1,68,,258759,7,,,1,32,,258760,6,0,7 40 41,1,67,,258761,7,,,1,78,,258762,6,0,7 40 41,1,32,,258763,7,,,1,105,,258764,7,,,1,98,,258765,7,,,1,100,,258766,7,,,1
2900,'20260918',535,,258767,7,,,1,190,,258768,7,,,1,200,,258769,7,,,1,208,,258770,7,,,1,100,,258771,7,,,1,95,,258772,7,,,1,100,,258773,7,,,1,95,,258774,7,,,1,27,,258775,6,0,7 40 41,1,73,,258776,7,,,1,32,,258777,6,0,7 40 41,1,68,,258778,7,,,1,32,,258779,6,0,7 40 41,1,67,,258780,7,,,1,78,,258781,6,0,7 40 41,1,32,,258782,7,,,1,105,,258783,7,,,1,98,,258784,7,,,1,100,,258785,7,,,1
2900,'20260919',700,,258786,7,,,1,55,,258787,7,,,1,95,,258788,7,,,1,100,,258789,7,,,1,93,,258790,7,,,1,100,,258791,7,,,1,105,,258792,7,,,1,100,,258793,7,,,1,100,,258794,7,,,1,100,,258795,7,,,1,100,,258796,7,,,1,100,,258797,7,,,1,100,,258798,7,,,1,100,,258799,7,,,1,104,,258800,7,,,1,203,,258801,7,,,1
2900,'20260920',700,,258802,7,,,1,55,,258803,7,,,1,95,,258804,7,,,1,100,,258805,7,,,1,93,,258806,7,,,1,100,,258807,7,,,1,105,,258808,7,,,1,100,,258809,7,,,1,100,,258810,7,,,1,100,,258811,7,,,1,100,,258812,7,,,1,100,,258813,7,,,1,100,,258814,7,,,1,100,,258815,7,,,1,104,,258816,7,,,1,203,,258817,7,,,1
2900,'20260921',535,,258818,7,,,1,190,,258819,7,,,1,200,,258820,7,,,1,208,,258821,7,,,1,100,,258822,7,,,1,95,,258823,7,,,1,100,,258824,7,,,1,95,,258825,7,,,1,27,,258826,6,0,7 40 41,1,73,,258827,7,,,1,32,,258828,6,0,7 40 41,1,68,,258829,7,,,1,32,,258830,6,0,7 40 41,1,67,,258831,7,,,1,78,,258832,6,0,7 40 41,1,32,,258833,7,,,1,105,,258834,7,,,1,98,,258835,7,,,1,100,,258836,7,,,1
2900,'20260922',535,,258837,7,,,1,190,,258838,7,,,1,200,,258839,7,,,1,208,,258840,7,,,1,100,,258841,7,,,1,95,,258842,7,,,1,100,,258843,7,,,1,95,,258844,7,,,1,27,,258845,6,0,7 40 41,1,73,,258846,7,,,1,32,,258847,6,0,7 40 41,1,68,,258848,7,,,1,32,,258849,6,0,7 40 41,1,67,,258850,7,,,1,78,,258851,6,0,7 40 41,1,32,,258852,7,,,1,105,,258853,7,,,1,98,,258854,7,,,1,100,,258855,7,,,1
2900,'20260923',535,,258856,7,,,1,190,,258857,7,,,1,200,,258858,7,,,1,208,,258859,7,,,1,100,,258860,7,,,1,95,,258861,7,,,1,100,,258862,7,,,1,95,,258863,7,,,1,27,,258864,6,0,7 40 41,1,73,,258865,7,,,1,32,,258866,6,0,7 40 41,1,68,,258867,7,,,1,32,,258868,6,0,7 40 41,1,67,,258869,7,,,1,78,,258870,6,0,7 40 41,1,32,,258871,7,,,1,105,,258872,7,,,1,98,,258873,7,,,1,100,,258874,7,,,1
2900,'20260924',535,,258875,7,,,1,190,,258876,7,,,1,200,,258877,7,,,1,208,,258878,7,,,1,100,,258879,7,,,1,95,,258880,7,,,1,100,,258881,7,,,1,95,,258882,7,,,1,27,,258883,6,0,7 40 41,1,73,,258884,7,,,1,32,,258885,6,0,7 40 41,1,68,,258886,7,,,1,32,,258887,6,0,7 40 41,1,67,,258888,7,,,1,78,,258889,6,0,7 40 41,1,32,,258890,7,,,1,105,,258891,7,,,1,98,,258892,7,,,1,100,,258893,7,,,1
2900,'20260925',535,,258894,7,,,1,190,,258895,7,,,1,200,,258896,7,,,1,208,,258897,7,,,1,100,,258898,7,,,1,95,,258899,7,,,1,100,,258900,7,,,1,95,,258901,7,,,1,27,,258902,6,0,7 40 41,1,73,,258903,7,,,1,32,,258904,6,0,7 40 41,1,68,,258905,7,,,1,32,,258906,6,0,7 40 41,1,67,,258907,7,,,1,78,,258908,6,0,7 40 41,1,32,,258909,7,,,1,105,,258910,7,,,1,98,,258911,7,,,1,100,,258912,7,,,1
2900,'20260926',700,,258913,7,,,1,55,,258914,7,,,1,95,,258915,7,,,1,100,,258916,7,,,1,93,,258917,7,,,1,100,,258918,7,,,1,105,,258919,7,,,1,100,,258920,7,,,1,100,,258921,7,,,1,100,,258922,7,,,1,100,,258923,7,,,1,100,,258924,7,,,1,100,,258925,7,,,1,100,,258926,7,,,1,104,,258927,7,,,1,203,,258928,7,,,1
2900,'20260927',700,,258929,7,,,1,55,,258930,7,,,1,95,,258931,7,,,1,100,,258932,7,,,1,93,,258933,7,,,1,100,,258934,7,,,1,105,,258935,7,,,1,100,,258936,7,,,1,100,,258937,7,,,1,100,,258938,7,,,1,100,,258939,7,,,1,100,,258940,7,,,1,100,,258941,7,,,1,100,,258942,7,,,1,104,,258943,7,,,1,203,,258944,7,,,1
2900,'20260928',535,,258945,7,,,1,190,,258946,7,,,1,200,,258947,7,,,1,208,,258948,7,,,1,100,,258949,7,,,1,95,,258950,7,,,1,100,,258951,7,,,1,95,,258952,7,,,1,27,,258953,6,0,7 40 41,1,73,,258954,7,,,1,32,,258955,6,0,7 40 41,1,68,,258956,7,,,1,32,,258957,6,0,7 40 41,1,67,,258958,7,,,1,78,,258959,6,0,7 40 41,1,32,,258960,7,,,1,105,,258961,7,,,1,98,,258962,7,,,1,100,,258963,7,,,1
2900,'20260929',535,,258964,7,,,1,190,,258965,7,,,1,200,,258966,7,,,1,208,,258967,7,,,1,100,,258968,7,,,1,95,,258969,7,,,1,100,,258970,7,,,1,95,,258971,7,,,1,27,,258972,6,0,7 40 41,1,73,,258973,7,,,1,32,,258974,6,0,7 40 41,1,68,,258975,7,,,1,32,,258976,6,0,7 40 41,1,67,,258977,7,,,1,78,,258978,6,0,7 40 41,1,32,,258979,7,,,1,105,,258980,7,,,1,98,,258981,7,,,1,100,,258982,7,,,1
2900,'20260930',535,,258983,7,,,1,190,,258984,7,,,1,200,,258985,7,,,1,208,,258986,7,,,1,100,,258987,7,,,1,95,,258988,7,,,1,100,,258989,7,,,1,95,,258990,7,,,1,27,,258991,6,0,7 40 41,1,73,,258992,7,,,1,32,,258993,6,0,7 40 41,1,68,,258994,7,,,1,32,,258995,6,0,7 40 41,1,67,,258996,7,,,1,78,,258997,6,0,7 40 41,1,32,,258998,7,,,1,105,,258999,7,,,1,98,,259000,7,,,1,100,,259001,7,,,1
2900,'20261001',535,,259002,7,,,1,190,,259003,7,,,1,200,,259004,7,,,1,208,,259005,7,,,1,100,,259006,7,,,1,95,,259007,7,,,1,100,,259008,7,,,1,95,,259009,7,,,1,27,,259010,6,0,7 40 41,1,73,,259011,7,,,1,32,,259012,6,0,7 40 41,1,68,,259013,7,,,1,32,,259014,6,0,7 40 41,1,67,,259015,7,,,1,78,,259016,6,0,7 40 41,1,32,,259017,7,,,1,105,,259018,7,,,1,98,,259019,7,,,1,100,,259020,7,,,1
2900,'20261002',535,,259021,7,,,1,190,,259022,7,,,1,200,,259023,7,,,1,208,,259024,7,,,1,100,,259025,7,,,1,95,,259026,7,,,1,100,,259027,7,,,1,95,,259028,7,,,1,27,,259029,6,0,7 40 41,1,73,,259030,7,,,1,32,,259031,6,0,7 40 41,1,68,,259032,7,,,1,32,,259033,6,0,7 40 41,1,67,,259034,7,,,1,78,,259035,6,0,7 40 41,1,32,,259036,7,,,1,105,,259037,7,,,1,98,,259038,7,,,1,100,,259039,7,,,1
2900,'20261003',700,,259040,7,,,1,55,,259041,7,,,1,95,,259042,7,,,1,100,,259043,7,,,1,93,,259044,7,,,1,100,,259045,7,,,1,105,,259046,7,,,1,100,,259047,7,,,1,100,,259048,7,,,1,100,,259049,7,,,1,100,,259050,7,,,1,100,,259051,7,,,1,100,,259052,7,,,1,100,,259053,7,,,1,104,,259054,7,,,1,203,,259055,7,,,1
2900,'20261004',700,,259056,7,,,1,55,,259057,7,,,1,95,,259058,7,,,1,100,,259059,7,,,1,93,,259060,7,,,1,100,,259061,7,,,1,105,,259062,7,,,1,100,,259063,7,,,1,100,,259064,7,,,1,100,,259065,7,,,1,100,,259066,7,,,1,100,,259067,7,,,1,100,,259068,7,,,1,100,,259069,7,,,1,104,,259070,7,,,1,203,,259071,7,,,1
2900,'20261005',535,,259072,7,,,1,190,,259073,7,,,1,200,,259074,7,,,1,208,,259075,7,,,1,100,,259076,7,,,1,95,,259077,7,,,1,100,,259078,7,,,1,95,,259079,7,,,1,27,,259080,6,0,7 40 41,1,73,,259081,7,,,1,32,,259082,6,0,7 40 41,1,68,,259083,7,,,1,32,,259084,6,0,7 40 41,1,67,,259085,7,,,1,78,,259086,6,0,7 40 41,1,32,,259087,7,,,1,105,,259088,7,,,1,98,,259089,7,,,1,100,,259090,7,,,1
2900,'20261006',535,,259091,7,,,1,190,,259092,7,,,1,200,,259093,7,,,1,208,,259094,7,,,1,100,,259095,7,,,1,95,,259096,7,,,1,100,,259097,7,,,1,95,,259098,7,,,1,27,,259099,6,0,7 40 41,1,73,,259100,7,,,1,32,,259101,6,0,7 40 41,1,68,,259102,7,,,1,32,,259103,6,0,7 40 41,1,67,,259104,7,,,1,78,,259105,6,0,7 40 41,1,32,,259106,7,,,1,105,,259107,7,,,1,98,,259108,7,,,1,100,,259109,7,,,1
2900,'20261007',535,,259110,7,,,1,190,,259111,7,,,1,200,,259112,7,,,1,208,,259113,7,,,1,100,,259114,7,,,1,95,,259115,7,,,1,100,,259116,7,,,1,95,,259117,7,,,1,27,,259118,6,0,7 40 41,1,73,,259119,7,,,1,32,,259120,6,0,7 40 41,1,68,,259121,7,,,1,32,,259122,6,0,7 40 41,1,67,,259123,7,,,1,78,,259124,6,0,7 40 41,1,32,,259125,7,,,1,105,,259126,7,,,1,98,,259127,7,,,1,100,,259128,7,,,1
2900,'20261008',535,,259129,7,,,1,190,,259130,7,,,1,200,,259131,7,,,1,208,,259132,7,,,1,100,,259133,7,,,1,95,,259134,7,,,1,100,,259135,7,,,1,95,,259136,7,,,1,27,,259137,6,0,7 40 41,1,73,,259138,7,,,1,32,,259139,6,0,7 40 41,1,68,,259140,7,,,1,32,,259141,6,0,7 40 41,1,67,,259142,7,,,1,78,,259143,6,0,7 40 41,1,32,,259144,7,,,1,105,,259145,7,,,1,98,,259146,7,,,1,100,,259147,7,,,1
2900,'20261009',535,,259148,7,,,1,190,,259149,7,,,1,200,,259150,7,,,1,208,,259151,7,,,1,100,,259152,7,,,1,95,,259153,7,,,1,100,,259154,7,,,1,95,,259155,7,,,1,27,,259156,6,0,7 40 41,1,73,,259157,7,,,1,32,,259158,6,0,7 40 41,1,68,,259159,7,,,1,32,,259160,6,0,7 40 41,1,67,,259161,7,,,1,78,,259162,6,0,7 40 41,1,32,,259163,7,,,1,105,,259164,7,,,1,98,,259165,7,,,1,100,,259166,7,,,1
2900,'20261010',700,,259167,7,,,1,55,,259168,7,,,1,95,,259169,7,,,1,100,,259170,7,,,1,93,,259171,7,,,1,100,,259172,7,,,1,105,,259173,7,,,1,100,,259174,7,,,1,100,,259175,7,,,1,100,,259176,7,,,1,100,,259177,7,,,1,100,,259178,7,,,1,100,,259179,7,,,1,100,,259180,7,,,1,104,,259181,7,,,1,203,,259182,7,,,1
2900,'20261011',700,,259183,7,,,1,55,,259184,7,,,1,95,,259185,7,,,1,100,,259186,7,,,1,93,,259187,7,,,1,100,,259188,7,,,1,105,,259189,7,,,1,100,,259190,7,,,1,100,,259191,7,,,1,100,,259192,7,,,1,100,,259193,7,,,1,100,,259194,7,,,1,100,,259195,7,,,1,100,,259196,7,,,1,104,,259197,7,,,1,203,,259198,7,,,1
2900,'20261012',700,,259199,7,,,1,55,,259200,7,,,1,95,,259201,7,,,1,100,,259202,7,,,1,93,,259203,7,,,1,100,,259204,7,,,1,105,,259205,7,,,1,100,,259206,7,,,1,100,,259207,7,,,1,100,,259208,7,,,1,100,,259209,7,,,1,100,,259210,7,,,1,100,,259211,7,,,1,100,,259212,7,,,1,104,,259213,7,,,1,203,,259214,7,,,1
2900,'20261013',535,,259215,7,,,1,190,,259216,7,,,1,200,,259217,7,,,1,208,,259218,7,,,1,100,,259219,7,,,1,95,,259220,7,,,1,100,,259221,7,,,1,95,,259222,7,,,1,27,,259223,6,0,7 40 41,1,73,,259224,7,,,1,32,,259225,6,0,7 40 41,1,68,,259226,7,,,1,32,,259227,6,0,7 40 41,1,67,,259228,7,,,1,78,,259229,6,0,7 40 41,1,32,,259230,7,,,1,105,,259231,7,,,1,98,,259232,7,,,1,100,,259233,7,,,1
2900,'20261014',535,,259234,7,,,1,190,,259235,7,,,1,200,,259236,7,,,1,208,,259237,7,,,1,100,,259238,7,,,1,95,,259239,7,,,1,100,,259240,7,,,1,95,,259241,7,,,1,27,,259242,6,0,7 40 41,1,73,,259243,7,,,1,32,,259244,6,0,7 40 41,1,68,,259245,7,,,1,32,,259246,6,0,7 40 41,1,67,,259247,7,,,1,78,,259248,6,0,7 40 41,1,32,,259249,7,,,1,105,,259250,7,,,1,98,,259251,7,,,1,100,,259252,7,,,1
2900,'20261015',535,,259253,7,,,1,190,,259254,7,,,1,200,,259255,7,,,1,208,,259256,7,,,1,100,,259257,7,,,1,95,,259258,7,,,1,100,,259259,7,,,1,95,,259260,7,,,1,27,,259261,6,0,7 40 41,1,73,,259262,7,,,1,32,,259263,6,0,7 40 41,1,68,,259264,7,,,1,32,,259265,6,0,7 40 41,1,67,,259266,7,,,1,78,,259267,6,0,7 40 41,1,32,,259268,7,,,1,105,,259269,7,,,1,98,,259270,7,,,1,100,,259271,7,,,1
2900,'20261016',535,,259272,7,,,1,190,,259273,7,,,1,200,,259274,7,,,1,208,,259275,7,,,1,100,,259276,7,,,1,95,,259277,7,,,1,100,,259278,7,,,1,95,,259279,7,,,1,27,,259280,6,0,7 40 41,1,73,,259281,7,,,1,32,,259282,6,0,7 40 41,1,68,,259283,7,,,1,32,,259284,6,0,7 40 41,1,67,,259285,7,,,1,78,,259286,6,0,7 40 41,1,32,,259287,7,,,1,105,,259288,7,,,1,98,,259289,7,,,1,100,,259290,7,,,1
2900,'20261017',700,,259291,7,,,1,55,,259292,7,,,1,95,,259293,7,,,1,100,,259294,7,,,1,93,,259295,7,,,1,100,,259296,7,,,1,105,,259297,7,,,1,100,,259298,7,,,1,100,,259299,7,,,1,100,,259300,7,,,1,100,,259301,7,,,1,100,,259302,7,,,1,100,,259303,7,,,1,100,,259304,7,,,1,104,,259305,7,,,1,203,,259306,7,,,1
2900,'20261018',700,,259307,7,,,1,55,,259308,7,,,1,95,,259309,7,,,1,100,,259310,7,,,1,93,,259311,7,,,1,100,,259312,7,,,1,105,,259313,7,,,1,100,,259314,7,,,1,100,,259315,7,,,1,100,,259316,7,,,1,100,,259317,7,,,1,100,,259318,7,,,1,100,,259319,7,,,1,100,,259320,7,,,1,104,,259321,7,,,1,203,,259322,7,,,1
2900,'20261019',535,,259323,7,,,1,190,,259324,7,,,1,200,,259325,7,,,1,208,,259326,7,,,1,100,,259327,7,,,1,95,,259328,7,,,1,100,,259329,7,,,1,95,,259330,7,,,1,27,,259331,6,0,7 40 41,1,73,,259332,7,,,1,32,,259333,6,0,7 40 41,1,68,,259334,7,,,1,32,,259335,6,0,7 40 41,1,67,,259336,7,,,1,78,,259337,6,0,7 40 41,1,32,,259338,7,,,1,105,,259339,7,,,1,98,,259340,7,,,1,100,,259341,7,,,1
2900,'20261020',535,,259342,7,,,1,190,,259343,7,,,1,200,,259344,7,,,1,208,,259345,7,,,1,100,,259346,7,,,1,95,,259347,7,,,1,100,,259348,7,,,1,95,,259349,7,,,1,27,,259350,6,0,7 40 41,1,73,,259351,7,,,1,32,,259352,6,0,7 40 41,1,68,,259353,7,,,1,32,,259354,6,0,7 40 41,1,67,,259355,7,,,1,78,,259356,6,0,7 40 41,1,32,,259357,7,,,1,105,,259358,7,,,1,98,,259359,7,,,1,100,,259360,7,,,1
2900,'20261021',535,,259361,7,,,1,190,,259362,7,,,1,200,,259363,7,,,1,208,,259364,7,,,1,100,,259365,7,,,1,95,,259366,7,,,1,100,,259367,7,,,1,95,,259368,7,,,1,27,,259369,6,0,7 40 41,1,73,,259370,7,,,1,32,,259371,6,0,7 40 41,1,68,,259372,7,,,1,32,,259373,6,0,7 40 41,1,67,,259374,7,,,1,78,,259375,6,0,7 40 41,1,32,,259376,7,,,1,105,,259377,7,,,1,98,,259378,7,,,1,100,,259379,7,,,1
2900,'20261022',535,,259380,7,,,1,190,,259381,7,,,1,200,,259382,7,,,1,208,,259383,7,,,1,100,,259384,7,,,1,95,,259385,7,,,1,100,,259386,7,,,1,95,,259387,7,,,1,27,,259388,6,0,7 40 41,1,73,,259389,7,,,1,32,,259390,6,0,7 40 41,1,68,,259391,7,,,1,32,,259392,6,0,7 40 41,1,67,,259393,7,,,1,78,,259394,6,0,7 40 41,1,32,,259395,7,,,1,105,,259396,7,,,1,98,,259397,7,,,1,100,,259398,7,,,1
2900,'20261023',535,,259399,7,,,1,190,,259400,7,,,1,200,,259401,7,,,1,208,,259402,7,,,1,100,,259403,7,,,1,95,,259404,7,,,1,100,,259405,7,,,1,95,,259406,7,,,1,27,,259407,6,0,7 40 41,1,73,,259408,7,,,1,32,,259409,6,0,7 40 41,1,68,,259410,7,,,1,32,,259411,6,0,7 40 41,1,67,,259412,7,,,1,78,,259413,6,0,7 40 41,1,32,,259414,7,,,1,105,,259415,7,,,1,98,,259416,7,,,1,100,,259417,7,,,1
2900,'20261024',700,,259418,7,,,1,55,,259419,7,,,1,95,,259420,7,,,1,100,,259421,7,,,1,93,,259422,7,,,1,100,,259423,7,,,1,105,,259424,7,,,1,100,,259425,7,,,1,100,,259426,7,,,1,100,,259427,7,,,1,100,,259428,7,,,1,100,,259429,7,,,1,100,,259430,7,,,1,100,,259431,7,,,1,104,,259432,7,,,1,203,,259433,7,,,1
2900,'20261025',700,,259434,7,,,1,55,,259435,7,,,1,95,,259436,7,,,1,100,,259437,7,,,1,93,,259438,7,,,1,100,,259439,7,,,1,105,,259440,7,,,1,100,,259441,7,,,1,100,,259442,7,,,1,100,,259443,7,,,1,100,,259444,7,,,1,100,,259445,7,,,1,100,,259446,7,,,1,100,,259447,7,,,1,104,,259448,7,,,1,203,,259449,7,,,1
2900,'20261026',535,,259450,7,,,1,190,,259451,7,,,1,200,,259452,7,,,1,208,,259453,7,,,1,100,,259454,7,,,1,95,,259455,7,,,1,100,,259456,7,,,1,95,,259457,7,,,1,27,,259458,6,0,7 40 41,1,73,,259459,7,,,1,32,,259460,6,0,7 40 41,1,68,,259461,7,,,1,32,,259462,6,0,7 40 41,1,67,,259463,7,,,1,78,,259464,6,0,7 40 41,1,32,,259465,7,,,1,105,,259466,7,,,1,98,,259467,7,,,1,100,,259468,7,,,1
2900,'20261027',535,,259469,7,,,1,190,,259470,7,,,1,200,,259471,7,,,1,208,,259472,7,,,1,100,,259473,7,,,1,95,,259474,7,,,1,100,,259475,7,,,1,95,,259476,7,,,1,27,,259477,6,0,7 40 41,1,73,,259478,7,,,1,32,,259479,6,0,7 40 41,1,68,,259480,7,,,1,32,,259481,6,0,7 40 41,1,67,,259482,7,,,1,78,,259483,6,0,7 40 41,1,32,,259484,7,,,1,105,,259485,7,,,1,98,,259486,7,,,1,100,,259487,7,,,1
2900,'20261028',535,,259488,7,,,1,190,,259489,7,,,1,200,,259490,7,,,1,208,,259491,7,,,1,100,,259492,7,,,1,95,,259493,7,,,1,100,,259494,7,,,1,95,,259495,7,,,1,27,,259496,6,0,7 40 41,1,73,,259497,7,,,1,32,,259498,6,0,7 40 41,1,68,,259499,7,,,1,32,,259500,6,0,7 40 41,1,67,,259501,7,,,1,78,,259502,6,0,7 40 41,1,32,,259503,7,,,1,105,,259504,7,,,1,98,,259505,7,,,1,100,,259506,7,,,1
2900,'20261029',535,,259507,7,,,1,190,,259508,7,,,1,200,,259509,7,,,1,208,,259510,7,,,1,100,,259511,7,,,1,95,,259512,7,,,1,100,,259513,7,,,1,95,,259514,7,,,1,27,,259515,6,0,7 40 41,1,73,,259516,7,,,1,32,,259517,6,0,7 40 41,1,68,,259518,7,,,1,32,,259519,6,0,7 40 41,1,67,,259520,7,,,1,78,,259521,6,0,7 40 41,1,32,,259522,7,,,1,105,,259523,7,,,1,98,,259524,7,,,1,100,,259525,7,,,1
2900,'20261030',535,,259526,7,,,1,190,,259527,7,,,1,200,,259528,7,,,1,208,,259529,7,,,1,100,,259530,7,,,1,95,,259531,7,,,1,100,,259532,7,,,1,95,,259533,7,,,1,27,,259534,6,0,7 40 41,1,73,,259535,7,,,1,32,,259536,6,0,7 40 41,1,68,,259537,7,,,1,32,,259538,6,0,7 40 41,1,67,,259539,7,,,1,78,,259540,6,0,7 40 41,1,32,,259541,7,,,1,105,,259542,7,,,1,98,,259543,7,,,1,100,,259544,7,,,1
2900,'20261031',700,,259545,7,,,1,55,,259546,7,,,1,95,,259547,7,,,1,100,,259548,7,,,1,93,,259549,7,,,1,100,,259550,7,,,1,105,,259551,7,,,1,100,,259552,7,,,1,100,,259553,7,,,1,100,,259554,7,,,1,100,,259555,7,,,1,100,,259556,7,,,1,100,,259557,7,,,1,100,,259558,7,,,1,104,,259559,7,,,1,203,,259560,7,,,1
2900,'20261101',700,,259561,7,,,1,55,,259562,7,,,1,95,,259563,7,,,1,100,,259564,7,,,1,93,,259565,7,,,1,100,,259566,7,,,1,105,,259567,7,,,1,100,,259568,7,,,1,100,,259569,7,,,1,100,,259570,7,,,1,100,,259571,7,,,1,100,,259572,7,,,1,100,,259573,7,,,1,100,,259574,7,,,1,104,,259575,7,,,1,203,,259576,7,,,1
2900,'20261102',535,,259577,7,,,1,190,,259578,7,,,1,200,,259579,7,,,1,208,,259580,7,,,1,100,,259581,7,,,1,95,,259582,7,,,1,100,,259583,7,,,1,95,,259584,7,,,1,27,,259585,6,0,7 40 41,1,73,,259586,7,,,1,32,,259587,6,0,7 40 41,1,68,,259588,7,,,1,32,,259589,6,0,7 40 41,1,67,,259590,7,,,1,78,,259591,6,0,7 40 41,1,32,,259592,7,,,1,105,,259593,7,,,1,98,,259594,7,,,1,100,,259595,7,,,1
2900,'20261103',535,,259596,7,,,1,190,,259597,7,,,1,200,,259598,7,,,1,208,,259599,7,,,1,100,,259600,7,,,1,95,,259601,7,,,1,100,,259602,7,,,1,95,,259603,7,,,1,27,,259604,6,0,7 40 41,1,73,,259605,7,,,1,32,,259606,6,0,7 40 41,1,68,,259607,7,,,1,32,,259608,6,0,7 40 41,1,67,,259609,7,,,1,78,,259610,6,0,7 40 41,1,32,,259611,7,,,1,105,,259612,7,,,1,98,,259613,7,,,1,100,,259614,7,,,1
2900,'20261104',535,,259615,7,,,1,190,,259616,7,,,1,200,,259617,7,,,1,208,,259618,7,,,1,100,,259619,7,,,1,95,,259620,7,,,1,100,,259621,7,,,1,95,,259622,7,,,1,27,,259623,6,0,7 40 41,1,73,,259624,7,,,1,32,,259625,6,0,7 40 41,1,68,,259626,7,,,1,32,,259627,6,0,7 40 41,1,67,,259628,7,,,1,78,,259629,6,0,7 40 41,1,32,,259630,7,,,1,105,,259631,7,,,1,98,,259632,7,,,1,100,,259633,7,,,1
2900,'20261105',535,,259634,7,,,1,190,,259635,7,,,1,200,,259636,7,,,1,208,,259637,7,,,1,100,,259638,7,,,1,95,,259639,7,,,1,100,,259640,7,,,1,95,,259641,7,,,1,27,,259642,6,0,7 40 41,1,73,,259643,7,,,1,32,,259644,6,0,7 40 41,1,68,,259645,7,,,1,32,,259646,6,0,7 40 41,1,67,,259647,7,,,1,78,,259648,6,0,7 40 41,1,32,,259649,7,,,1,105,,259650,7,,,1,98,,259651,7,,,1,100,,259652,7,,,1
2900,'20261106',535,,259653,7,,,1,190,,259654,7,,,1,200,,259655,7,,,1,208,,259656,7,,,1,100,,259657,7,,,1,95,,259658,7,,,1,100,,259659,7,,,1,95,,259660,7,,,1,27,,259661,6,0,7 40 41,1,73,,259662,7,,,1,32,,259663,6,0,7 40 41,1,68,,259664,7,,,1,32,,259665,6,0,7 40 41,1,67,,259666,7,,,1,78,,259667,6,0,7 40 41,1,32,,259668,7,,,1,105,,259669,7,,,1,98,,259670,7,,,1,100,,259671,7,,,1
2900,'20261107',700,,259672,7,,,1,55,,259673,7,,,1,95,,259674,7,,,1,100,,259675,7,,,1,93,,259676,7,,,1,100,,259677,7,,,1,105,,259678,7,,,1,100,,259679,7,,,1,100,,259680,7,,,1,100,,259681,7,,,1,100,,259682,7,,,1,100,,259683,7,,,1,100,,259684,7,,,1,100,,259685,7,,,1,104,,259686,7,,,1,203,,259687,7,,,1
2900,'20261108',700,,259688,7,,,1,55,,259689,7,,,1,95,,259690,7,,,1,100,,259691,7,,,1,93,,259692,7,,,1,100,,259693,7,,,1,105,,259694,7,,,1,100,,259695,7,,,1,100,,259696,7,,,1,100,,259697,7,,,1,100,,259698,7,,,1,100,,259699,7,,,1,100,,259700,7,,,1,100,,259701,7,,,1,104,,259702,7,,,1,203,,259703,7,,,1
2900,'20261109',535,,259704,7,,,1,190,,259705,7,,,1,200,,259706,7,,,1,208,,259707,7,,,1,100,,259708,7,,,1,95,,259709,7,,,1,100,,259710,7,,,1,95,,259711,7,,,1,27,,259712,6,0,7 40 41,1,73,,259713,7,,,1,32,,259714,6,0,7 40 41,1,68,,259715,7,,,1,32,,259716,6,0,7 40 41,1,67,,259717,7,,,1,78,,259718,6,0,7 40 41,1,32,,259719,7,,,1,105,,259720,7,,,1,98,,259721,7,,,1,100,,259722,7,,,1
2900,'20261110',535,,259723,7,,,1,190,,259724,7,,,1,200,,259725,7,,,1,208,,259726,7,,,1,100,,259727,7,,,1,95,,259728,7,,,1,100,,259729,7,,,1,95,,259730,7,,,1,27,,259731,6,0,7 40 41,1,73,,259732,7,,,1,32,,259733,6,0,7 40 41,1,68,,259734,7,,,1,32,,259735,6,0,7 40 41,1,67,,259736,7,,,1,78,,259737,6,0,7 40 41,1,32,,259738,7,,,1,105,,259739,7,,,1,98,,259740,7,,,1,100,,259741,7,,,1
2900,'20261111',535,,259742,7,,,1,190,,259743,7,,,1,200,,259744,7,,,1,208,,259745,7,,,1,100,,259746,7,,,1,95,,259747,7,,,1,100,,259748,7,,,1,95,,259749,7,,,1,27,,259750,6,0,7 40 41,1,73,,259751,7,,,1,32,,259752,6,0,7 40 41,1,68,,259753,7,,,1,32,,259754,6,0,7 40 41,1,67,,259755,7,,,1,78,,259756,6,0,7 40 41,1,32,,259757,7,,,1,105,,259758,7,,,1,98,,259759,7,,,1,100,,259760,7,,,1
2900,'20261112',535,,259761,7,,,1,190,,259762,7,,,1,200,,259763,7,,,1,208,,259764,7,,,1,100,,259765,7,,,1,95,,259766,7,,,1,100,,259767,7,,,1,95,,259768,7,,,1,27,,259769,6,0,7 40 41,1,73,,259770,7,,,1,32,,259771,6,0,7 40 41,1,68,,259772,7,,,1,32,,259773,6,0,7 40 41,1,67,,259774,7,,,1,78,,259775,6,0,7 40 41,1,32,,259776,7,,,1,105,,259777,7,,,1,98,,259778,7,,,1,100,,259779,7,,,1
2900,'20261113',535,,259780,7,,,1,190,,259781,7,,,1,200,,259782,7,,,1,208,,259783,7,,,1,100,,259784,7,,,1,95,,259785,7,,,1,100,,259786,7,,,1,95,,259787,7,,,1,27,,259788,6,0,7 40 41,1,73,,259789,7,,,1,32,,259790,6,0,7 40 41,1,68,,259791,7,,,1,32,,259792,6,0,7 40 41,1,67,,259793,7,,,1,78,,259794,6,0,7 40 41,1,32,,259795,7,,,1,105,,259796,7,,,1,98,,259797,7,,,1,100,,259798,7,,,1
2900,'20261114',700,,259799,7,,,1,55,,259800,7,,,1,95,,259801,7,,,1,100,,259802,7,,,1,93,,259803,7,,,1,100,,259804,7,,,1,105,,259805,7,,,1,100,,259806,7,,,1,100,,259807,7,,,1,100,,259808,7,,,1,100,,259809,7,,,1,100,,259810,7,,,1,100,,259811,7,,,1,100,,259812,7,,,1,104,,259813,7,,,1,203,,259814,7,,,1
2900,'20261115',700,,259815,7,,,1,55,,259816,7,,,1,95,,259817,7,,,1,100,,259818,7,,,1,93,,259819,7,,,1,100,,259820,7,,,1,105,,259821,7,,,1,100,,259822,7,,,1,100,,259823,7,,,1,100,,259824,7,,,1,100,,259825,7,,,1,100,,259826,7,,,1,100,,259827,7,,,1,100,,259828,7,,,1,104,,259829,7,,,1,203,,259830,7,,,1
2900,'20261116',535,,259831,7,,,1,190,,259832,7,,,1,200,,259833,7,,,1,208,,259834,7,,,1,100,,259835,7,,,1,95,,259836,7,,,1,100,,259837,7,,,1,95,,259838,7,,,1,27,,259839,6,0,7 40 41,1,73,,259840,7,,,1,32,,259841,6,0,7 40 41,1,68,,259842,7,,,1,32,,259843,6,0,7 40 41,1,67,,259844,7,,,1,78,,259845,6,0,7 40 41,1,32,,259846,7,,,1,105,,259847,7,,,1,98,,259848,7,,,1,100,,259849,7,,,1
2900,'20261117',535,,259850,7,,,1,190,,259851,7,,,1,200,,259852,7,,,1,208,,259853,7,,,1,100,,259854,7,,,1,95,,259855,7,,,1,100,,259856,7,,,1,95,,259857,7,,,1,27,,259858,6,0,7 40 41,1,73,,259859,7,,,1,32,,259860,6,0,7 40 41,1,68,,259861,7,,,1,32,,259862,6,0,7 40 41,1,67,,259863,7,,,1,78,,259864,6,0,7 40 41,1,32,,259865,7,,,1,105,,259866,7,,,1,98,,259867,7,,,1,100,,259868,7,,,1
2900,'20261118',535,,259869,7,,,1,190,,259870,7,,,1,200,,259871,7,,,1,208,,259872,7,,,1,100,,259873,7,,,1,95,,259874,7,,,1,100,,259875,7,,,1,95,,259876,7,,,1,27,,259877,6,0,7 40 41,1,73,,259878,7,,,1,32,,259879,6,0,7 40 41,1,68,,259880,7,,,1,32,,259881,6,0,7 40 41,1,67,,259882,7,,,1,78,,259883,6,0,7 40 41,1,32,,259884,7,,,1,105,,259885,7,,,1,98,,259886,7,,,1,100,,259887,7,,,1
2900,'20261119',535,,259888,7,,,1,190,,259889,7,,,1,200,,259890,7,,,1,208,,259891,7,,,1,100,,259892,7,,,1,95,,259893,7,,,1,100,,259894,7,,,1,95,,259895,7,,,1,27,,259896,6,0,7 40 41,1,73,,259897,7,,,1,32,,259898,6,0,7 40 41,1,68,,259899,7,,,1,32,,259900,6,0,7 40 41,1,67,,259901,7,,,1,78,,259902,6,0,7 40 41,1,32,,259903,7,,,1,105,,259904,7,,,1,98,,259905,7,,,1,100,,259906,7,,,1
2900,'20261120',535,,259907,7,,,1,190,,259908,7,,,1,200,,259909,7,,,1,208,,259910,7,,,1,100,,259911,7,,,1,95,,259912,7,,,1,100,,259913,7,,,1,95,,259914,7,,,1,27,,259915,6,0,7 40 41,1,73,,259916,7,,,1,32,,259917,6,0,7 40 41,1,68,,259918,7,,,1,32,,259919,6,0,7 40 41,1,67,,259920,7,,,1,78,,259921,6,0,7 40 41,1,32,,259922,7,,,1,105,,259923,7,,,1,98,,259924,7,,,1,100,,259925,7,,,1
2900,'20261121',700,,259926,7,,,1,55,,259927,7,,,1,95,,259928,7,,,1,100,,259929,7,,,1,93,,259930,7,,,1,100,,259931,7,,,1,105,,259932,7,,,1,100,,259933,7,,,1,100,,259934,7,,,1,100,,259935,7,,,1,100,,259936,7,,,1,100,,259937,7,,,1,100,,259938,7,,,1,100,,259939,7,,,1,104,,259940,7,,,1,203,,259941,7,,,1
2900,'20261122',700,,259942,7,,,1,55,,259943,7,,,1,95,,259944,7,,,1,100,,259945,7,,,1,93,,259946,7,,,1,100,,259947,7,,,1,105,,259948,7,,,1,100,,259949,7,,,1,100,,259950,7,,,1,100,,259951,7,,,1,100,,259952,7,,,1,100,,259953,7,,,1,100,,259954,7,,,1,100,,259955,7,,,1,104,,259956,7,,,1,203,,259957,7,,,1
2900,'20261123',535,,259958,7,,,1,190,,259959,7,,,1,200,,259960,7,,,1,208,,259961,7,,,1,100,,259962,7,,,1,95,,259963,7,,,1,100,,259964,7,,,1,95,,259965,7,,,1,27,,259966,6,0,7 40 41,1,73,,259967,7,,,1,32,,259968,6,0,7 40 41,1,68,,259969,7,,,1,32,,259970,6,0,7 40 41,1,67,,259971,7,,,1,78,,259972,6,0,7 40 41,1,32,,259973,7,,,1,105,,259974,7,,,1,98,,259975,7,,,1,100,,259976,7,,,1
2900,'20261124',535,,259977,7,,,1,190,,259978,7,,,1,200,,259979,7,,,1,208,,259980,7,,,1,100,,259981,7,,,1,95,,259982,7,,,1,100,,259983,7,,,1,95,,259984,7,,,1,27,,259985,6,0,7 40 41,1,73,,259986,7,,,1,32,,259987,6,0,7 40 41,1,68,,259988,7,,,1,32,,259989,6,0,7 40 41,1,67,,259990,7,,,1,78,,259991,6,0,7 40 41,1,32,,259992,7,,,1,105,,259993,7,,,1,98,,259994,7,,,1,100,,259995,7,,,1
2900,'20261125',535,,259996,7,,,1,190,,259997,7,,,1,200,,259998,7,,,1,208,,259999,7,,,1,100,,260000,7,,,1,95,,260001,7,,,1,100,,260002,7,,,1,95,,260003,7,,,1,27,,260004,6,0,7 40 41,1,73,,260005,7,,,1,32,,260006,6,0,7 40 41,1,68,,260007,7,,,1,32,,260008,6,0,7 40 41,1,67,,260009,7,,,1,78,,260010,6,0,7 40 41,1,32,,260011,7,,,1,105,,260012,7,,,1,98,,260013,7,,,1,100,,260014,7,,,1
2900,'20261126',535,,260015,7,,,1,190,,260016,7,,,1,200,,260017,7,,,1,208,,260018,7,,,1,100,,260019,7,,,1,95,,260020,7,,,1,100,,260021,7,,,1,95,,260022,7,,,1,27,,260023,6,0,7 40 41,1,73,,260024,7,,,1,32,,260025,6,0,7 40 41,1,68,,260026,7,,,1,32,,260027,6,0,7 40 41,1,67,,260028,7,,,1,78,,260029,6,0,7 40 41,1,32,,260030,7,,,1,105,,260031,7,,,1,98,,260032,7,,,1,100,,260033,7,,,1
2900,'20261127',535,,260034,7,,,1,190,,260035,7,,,1,200,,260036,7,,,1,208,,260037,7,,,1,100,,260038,7,,,1,95,,260039,7,,,1,100,,260040,7,,,1,95,,260041,7,,,1,27,,260042,6,0,7 40 41,1,73,,260043,7,,,1,32,,260044,6,0,7 40 41,1,68,,260045,7,,,1,32,,260046,6,0,7 40 41,1,67,,260047,7,,,1,78,,260048,6,0,7 40 41,1,32,,260049,7,,,1,105,,260050,7,,,1,98,,260051,7,,,1,100,,260052,7,,,1
4800,'20260910',450,,304335,6,,,1,90,,304336,6,,,1,95,,304337,6,,,1,95,,304338,6,,,1,105,,304339,6,,,1,105,,304340,6,,,1,100,,304341,6,,,1,100,,304342,6,,,1,100,,304343,6,,,1,100,,304344,6,,,1,85,,304345,6,,,1,90,,304346,6,,,1,105,,304347,6,,,1,110,,304348,6,,,1,110,,304349,6,,,1,205,,304350,6,,,1,210,,304351,6,,,1
4800,'20260911',450,,304352,6,,,1,90,,304353,6,,,1,95,,304354,6,,,1,95,,304355,6,,,1,105,,304356,6,,,1,105,,304357,6,,,1,100,,304358,6,,,1,100,,304359,6,,,1,100,,304360,6,,,1,100,,304361,6,,,1,85,,304362,6,,,1,90,,304363,6,,,1,105,,304364,6,,,1,110,,304365,6,,,1,110,,304366,6,,,1,205,,304367,6,,,1,210,,304368,6,,,1
4800,'20260914',450,,304369,6,,,1,90,,304370,6,,,1,95,,304371,6,,,1,95,,304372,6,,,1,105,,304373,6,,,1,105,,304374,6,,,1,100,,304375,6,,,1,100,,304376,6,,,1,100,,304377,6,,,1,100,,304378,6,,,1,85,,304379,6,,,1,90,,304380,6,,,1,105,,304381,6,,,1,110,,304382,6,,,1,110,,304383,6,,,1,205,,304384,6,,,1,210,,304385,6,,,1
4800,'20260915',450,,304386,6,,,1,90,,304387,6,,,1,95,,304388,6,,,1,95,,304389,6,,,1,105,,304390,6,,,1,105,,304391,6,,,1,100,,304392,6,,,1,100,,304393,6,,,1,100,,304394,6,,,1,100,,304395,6,,,1,85,,304396,6,,,1,90,,304397,6,,,1,105,,304398,6,,,1,110,,304399,6,,,1,110,,304400,6,,,1,205,,304401,6,,,1,210,,304402,6,,,1
4800,'20260916',450,,304403,6,,,1,90,,304404,6,,,1,95,,304405,6,,,1,95,,304406,6,,,1,105,,304407,6,,,1,105,,304408,6,,,1,100,,304409,6,,,1,100,,304410,6,,,1,100,,304411,6,,,1,100,,304412,6,,,1,85,,304413,6,,,1,90,,304414,6,,,1,105,,304415,6,,,1,110,,304416,6,,,1,110,,304417,6,,,1,205,,304418,6,,,1,210,,304419,6,,,1
4800,'20260917',450,,304420,6,,,1,90,,304421,6,,,1,95,,304422,6,,,1,95,,304423,6,,,1,105,,304424,6,,,1,105,,304425,6,,,1,100,,304426,6,,,1,100,,304427,6,,,1,100,,304428,6,,,1,100,,304429,6,,,1,85,,304430,6,,,1,90,,304431,6,,,1,105,,304432,6,,,1,110,,304433,6,,,1,110,,304434,6,,,1,205,,304435,6,,,1,210,,304436,6,,,1
4800,'20260918',450,,304437,6,,,1,90,,304438,6,,,1,95,,304439,6,,,1,95,,304440,6,,,1,105,,304441,6,,,1,105,,304442,6,,,1,100,,304443,6,,,1,100,,304444,6,,,1,100,,304445,6,,,1,100,,304446,6,,,1,85,,304447,6,,,1,90,,304448,6,,,1,105,,304449,6,,,1,110,,304450,6,,,1,110,,304451,6,,,1,205,,304452,6,,,1,210,,304453,6,,,1
4800,'20260921',450,,304454,6,,,1,90,,304455,6,,,1,95,,304456,6,,,1,95,,304457,6,,,1,105,,304458,6,,,1,105,,304459,6,,,1,100,,304460,6,,,1,100,,304461,6,,,1,100,,304462,6,,,1,100,,304463,6,,,1,85,,304464,6,,,1,90,,304465,6,,,1,105,,304466,6,,,1,110,,304467,6,,,1,110,,304468,6,,,1,205,,304469,6,,,1,210,,304470,6,,,1
4800,'20260922',450,,304471,6,,,1,90,,304472,6,,,1,95,,304473,6,,,1,95,,304474,6,,,1,105,,304475,6,,,1,105,,304476,6,,,1,100,,304477,6,,,1,100,,304478,6,,,1,100,,304479,6,,,1,100,,304480,6,,,1,85,,304481,6,,,1,90,,304482,6,,,1,105,,304483,6,,,1,110,,304484,6,,,1,110,,304485,6,,,1,205,,304486,6,,,1,210,,304487,6,,,1
4800,'20260923',450,,304488,6,,,1,90,,304489,6,,,1,95,,304490,6,,,1,95,,304491,6,,,1,105,,304492,6,,,1,105,,304493,6,,,1,100,,304494,6,,,1,100,,304495,6,,,1,100,,304496,6,,,1,100,,304497,6,,,1,85,,304498,6,,,1,90,,304499,6,,,1,105,,304500,6,,,1,110,,304501,6,,,1,110,,304502,6,,,1,205,,304503,6,,,1,210,,304504,6,,,1
4800,'20260924',450,,304505,6,,,1,90,,304506,6,,,1,95,,304507,6,,,1,95,,304508,6,,,1,105,,304509,6,,,1,105,,304510,6,,,1,100,,304511,6,,,1,100,,304512,6,,,1,100,,304513,6,,,1,100,,304514,6,,,1,85,,304515,6,,,1,90,,304516,6,,,1,105,,304517,6,,,1,110,,304518,6,,,1,110,,304519,6,,,1,205,,304520,6,,,1,210,,304521,6,,,1
4800,'20260925',450,,304522,6,,,1,90,,304523,6,,,1,95,,304524,6,,,1,95,,304525,6,,,1,105,,304526,6,,,1,105,,304527,6,,,1,100,,304528,6,,,1,100,,304529,6,,,1,100,,304530,6,,,1,100,,304531,6,,,1,85,,304532,6,,,1,90,,304533,6,,,1,105,,304534,6,,,1,110,,304535,6,,,1,110,,304536,6,,,1,205,,304537,6,,,1,210,,304538,6,,,1
4800,'20260928',450,,304539,6,,,1,90,,304540,6,,,1,95,,304541,6,,,1,95,,304542,6,,,1,105,,304543,6,,,1,105,,304544,6,,,1,100,,304545,6,,,1,100,,304546,6,,,1,100,,304547,6,,,1,100,,304548,6,,,1,85,,304549,6,,,1,90,,304550,6,,,1,105,,304551,6,,,1,110,,304552,6,,,1,110,,304553,6,,,1,205,,304554,6,,,1,210,,304555,6,,,1
4800,'20260929',450,,304556,6,,,1,90,,304557,6,,,1,95,,304558,6,,,1,95,,304559,6,,,1,105,,304560,6,,,1,105,,304561,6,,,1,100,,304562,6,,,1,100,,304563,6,,,1,100,,304564,6,,,1,100,,304565,6,,,1,85,,304566,6,,,1,90,,304567,6,,,1,105,,304568,6,,,1,110,,304569,6,,,1,110,,304570,6,,,1,205,,304571,6,,,1,210,,304572,6,,,1
4800,'20260930',450,,304573,6,,,1,90,,304574,6,,,1,95,,304575,6,,,1,95,,304576,6,,,1,105,,304577,6,,,1,105,,304578,6,,,1,100,,304579,6,,,1,100,,304580,6,,,1,100,,304581,6,,,1,100,,304582,6,,,1,85,,304583,6,,,1,90,,304584,6,,,1,105,,304585,6,,,1,110,,304586,6,,,1,110,,304587,6,,,1,205,,304588,6,,,1,210,,304589,6,,,1
4800,'20261001',450,,304590,6,,,1,90,,304591,6,,,1,95,,304592,6,,,1,95,,304593,6,,,1,105,,304594,6,,,1,105,,304595,6,,,1,100,,304596,6,,,1,100,,304597,6,,,1,100,,304598,6,,,1,100,,304599,6,,,1,85,,304600,6,,,1,90,,304601,6,,,1,105,,304602,6,,,1,110,,304603,6,,,1,110,,304604,6,,,1,205,,304605,6,,,1,210,,304606,6,,,1
4800,'20261002',450,,304607,6,,,1,90,,304608,6,,,1,95,,304609,6,,,1,95,,304610,6,,,1,105,,304611,6,,,1,105,,304612,6,,,1,100,,304613,6,,,1,100,,304614,6,,,1,100,,304615,6,,,1,100,,304616,6,,,1,85,,304617,6,,,1,90,,304618,6,,,1,105,,304619,6,,,1,110,,304620,6,,,1,110,,304621,6,,,1,205,,304622,6,,,1,210,,304623,6,,,1
4800,'20261005',450,,304624,6,,,1,90,,304625,6,,,1,95,,304626,6,,,1,95,,304627,6,,,1,105,,304628,6,,,1,105,,304629,6,,,1,100,,304630,6,,,1,100,,304631,6,,,1,100,,304632,6,,,1,100,,304633,6,,,1,85,,304634,6,,,1,90,,304635,6,,,1,105,,304636,6,,,1,110,,304637,6,,,1,110,,304638,6,,,1,205,,304639,6,,,1,210,,304640,6,,,1
4800,'20261006',450,,304641,6,,,1,90,,304642,6,,,1,95,,304643,6,,,1,95,,304644,6,,,1,105,,304645,6,,,1,105,,304646,6,,,1,100,,304647,6,,,1,100,,304648,6,,,1,100,,304649,6,,,1,100,,304650,6,,,1,85,,304651,6,,,1,90,,304652,6,,,1,105,,304653,6,,,1,110,,304654,6,,,1,110,,304655,6,,,1,205,,304656,6,,,1,210,,304657,6,,,1
4800,'20261007',450,,304658,6,,,1,90,,304659,6,,,1,95,,304660,6,,,1,95,,304661,6,,,1,105,,304662,6,,,1,105,,304663,6,,,1,100,,304664,6,,,1,100,,304665,6,,,1,100,,304666,6,,,1,100,,304667,6,,,1,85,,304668,6,,,1,90,,304669,6,,,1,105,,304670,6,,,1,110,,304671,6,,,1,110,,304672,6,,,1,205,,304673,6,,,1,210,,304674,6,,,1
4800,'20261008',450,,304675,6,,,1,90,,304676,6,,,1,95,,304677,6,,,1,95,,304678,6,,,1,105,,304679,6,,,1,105,,304680,6,,,1,100,,304681,6,,,1,100,,304682,6,,,1,100,,304683,6,,,1,100,,304684,6,,,1,85,,304685,6,,,1,90,,304686,6,,,1,105,,304687,6,,,1,110,,304688,6,,,1,110,,304689,6,,,1,205,,304690,6,,,1,210,,304691,6,,,1
4800,'20261009',450,,304692,6,,,1,90,,304693,6,,,1,95,,304694,6,,,1,95,,304695,6,,,1,105,,304696,6,,,1,105,,304697,6,,,1,100,,304698,6,,,1,100,,304699,6,,,1,100,,304700,6,,,1,100,,304701,6,,,1,85,,304702,6,,,1,90,,304703,6,,,1,105,,304704,6,,,1,110,,304705,6,,,1,110,,304706,6,,,1,205,,304707,6,,,1,210,,304708,6,,,1
4800,'20261013',450,,304709,6,,,1,90,,304710,6,,,1,95,,304711,6,,,1,95,,304712,6,,,1,105,,304713,6,,,1,105,,304714,6,,,1,100,,304715,6,,,1,100,,304716,6,,,1,100,,304717,6,,,1,100,,304718,6,,,1,85,,304719,6,,,1,90,,304720,6,,,1,105,,304721,6,,,1,110,,304722,6,,,1,110,,304723,6,,,1,205,,304724,6,,,1,210,,304725,6,,,1
4800,'20261014',450,,304726,6,,,1,90,,304727,6,,,1,95,,304728,6,,,1,95,,304729,6,,,1,105,,304730,6,,,1,105,,304731,6,,,1,100,,304732,6,,,1,100,,304733,6,,,1,100,,304734,6,,,1,100,,304735,6,,,1,85,,304736,6,,,1,90,,304737,6,,,1,105,,304738,6,,,1,110,,304739,6,,,1,110,,304740,6,,,1,205,,304741,6,,,1,210,,304742,6,,,1
4800,'20261015',450,,304743,6,,,1,90,,304744,6,,,1,95,,304745,6,,,1,95,,304746,6,,,1,105,,304747,6,,,1,105,,304748,6,,,1,100,,304749,6,,,1,100,,304750,6,,,1,100,,304751,6,,,1,100,,304752,6,,,1,85,,304753,6,,,1,90,,304754,6,,,1,105,,304755,6,,,1,110,,304756,6,,,1,110,,304757,6,,,1,205,,304758,6,,,1,210,,304759,6,,,1
4800,'20261016',450,,304760,6,,,1,90,,304761,6,,,1,95,,304762,6,,,1,95,,304763,6,,,1,105,,304764,6,,,1,105,,304765,6,,,1,100,,304766,6,,,1,100,,304767,6,,,1,100,,304768,6,,,1,100,,304769,6,,,1,85,,304770,6,,,1,90,,304771,6,,,1,105,,304772,6,,,1,110,,304773,6,,,1,110,,304774,6,,,1,205,,304775,6,,,1,210,,304776,6,,,1
4800,'20261019',450,,304777,6,,,1,90,,304778,6,,,1,95,,304779,6,,,1,95,,304780,6,,,1,105,,304781,6,,,1,105,,304782,6,,,1,100,,304783,6,,,1,100,,304784,6,,,1,100,,304785,6,,,1,100,,304786,6,,,1,85,,304787,6,,,1,90,,304788,6,,,1,105,,304789,6,,,1,110,,304790,6,,,1,110,,304791,6,,,1,205,,304792,6,,,1,210,,304793,6,,,1
4800,'20261020',450,,304794,6,,,1,90,,304795,6,,,1,95,,304796,6,,,1,95,,304797,6,,,1,105,,304798,6,,,1,105,,304799,6,,,1,100,,304800,6,,,1,100,,304801,6,,,1,100,,304802,6,,,1,100,,304803,6,,,1,85,,304804,6,,,1,90,,304805,6,,,1,105,,304806,6,,,1,110,,304807,6,,,1,110,,304808,6,,,1,205,,304809,6,,,1,210,,304810,6,,,1
4800,'20261021',450,,304811,6,,,1,90,,304812,6,,,1,95,,304813,6,,,1,95,,304814,6,,,1,105,,304815,6,,,1,105,,304816,6,,,1,100,,304817,6,,,1,100,,304818,6,,,1,100,,304819,6,,,1,100,,304820,6,,,1,85,,304821,6,,,1,90,,304822,6,,,1,105,,304823,6,,,1,110,,304824,6,,,1,110,,304825,6,,,1,205,,304826,6,,,1,210,,304827,6,,,1
4800,'20261022',450,,304828,6,,,1,90,,304829,6,,,1,95,,304830,6,,,1,95,,304831,6,,,1,105,,304832,6,,,1,105,,304833,6,,,1,100,,304834,6,,,1,100,,304835,6,,,1,100,,304836,6,,,1,100,,304837,6,,,1,85,,304838,6,,,1,90,,304839,6,,,1,105,,304840,6,,,1,110,,304841,6,,,1,110,,304842,6,,,1,205,,304843,6,,,1,210,,304844,6,,,1
4800,'20261023',450,,304845,6,,,1,90,,304846,6,,,1,95,,304847,6,,,1,95,,304848,6,,,1,105,,304849,6,,,1,105,,304850,6,,,1,100,,304851,6,,,1,100,,304852,6,,,1,100,,304853,6,,,1,100,,304854,6,,,1,85,,304855,6,,,1,90,,304856,6,,,1,105,,304857,6,,,1,110,,304858,6,,,1,110,,304859,6,,,1,205,,304860,6,,,1,210,,304861,6,,,1
4800,'20261026',450,,304862,6,,,1,90,,304863,6,,,1,95,,304864,6,,,1,95,,304865,6,,,1,105,,304866,6,,,1,105,,304867,6,,,1,100,,304868,6,,,1,100,,304869,6,,,1,100,,304870,6,,,1,100,,304871,6,,,1,85,,304872,6,,,1,90,,304873,6,,,1,105,,304874,6,,,1,110,,304875,6,,,1,110,,304876,6,,,1,205,,304877,6,,,1,210,,304878,6,,,1
4800,'20261027',450,,304879,6,,,1,90,,304880,6,,,1,95,,304881,6,,,1,95,,304882,6,,,1,105,,304883,6,,,1,105,,304884,6,,,1,100,,304885,6,,,1,100,,304886,6,,,1,100,,304887,6,,,1,100,,304888,6,,,1,85,,304889,6,,,1,90,,304890,6,,,1,105,,304891,6,,,1,110,,304892,6,,,1,110,,304893,6,,,1,205,,304894,6,,,1,210,,304895,6,,,1
4800,'20261028',450,,304896,6,,,1,90,,304897,6,,,1,95,,304898,6,,,1,95,,304899,6,,,1,105,,304900,6,,,1,105,,304901,6,,,1,100,,304902,6,,,1,100,,304903,6,,,1,100,,304904,6,,,1,100,,304905,6,,,1,85,,304906,6,,,1,90,,304907,6,,,1,105,,304908,6,,,1,110,,304909,6,,,1,110,,304910,6,,,1,205,,304911,6,,,1,210,,304912,6,,,1
4800,'20261029',450,,304913,6,,,1,90,,304914,6,,,1,95,,304915,6,,,1,95,,304916,6,,,1,105,,304917,6,,,1,105,,304918,6,,,1,100,,304919,6,,,1,100,,304920,6,,,1,100,,304921,6,,,1,100,,304922,6,,,1,85,,304923,6,,,1,90,,304924,6,,,1,105,,304925,6,,,1,110,,304926,6,,,1,110,,304927,6,,,1,205,,304928,6,,,1,210,,304929,6,,,1
4800,'20261030',450,,304930,6,,,1,90,,304931,6,,,1,95,,304932,6,,,1,95,,304933,6,,,1,105,,304934,6,,,1,105,,304935,6,,,1,100,,304936,6,,,1,100,,304937,6,,,1,100,,304938,6,,,1,100,,304939,6,,,1,85,,304940,6,,,1,90,,304941,6,,,1,105,,304942,6,,,1,110,,304943,6,,,1,110,,304944,6,,,1,205,,304945,6,,,1,210,,304946,6,,,1
4800,'20261102',450,,304947,6,,,1,90,,304948,6,,,1,95,,304949,6,,,1,95,,304950,6,,,1,105,,304951,6,,,1,105,,304952,6,,,1,100,,304953,6,,,1,100,,304954,6,,,1,100,,304955,6,,,1,100,,304956,6,,,1,85,,304957,6,,,1,90,,304958,6,,,1,105,,304959,6,,,1,110,,304960,6,,,1,110,,304961,6,,,1,205,,304962,6,,,1,210,,304963,6,,,1
4800,'20261103',450,,304964,6,,,1,90,,304965,6,,,1,95,,304966,6,,,1,95,,304967,6,,,1,105,,304968,6,,,1,105,,304969,6,,,1,100,,304970,6,,,1,100,,304971,6,,,1,100,,304972,6,,,1,100,,304973,6,,,1,85,,304974,6,,,1,90,,304975,6,,,1,105,,304976,6,,,1,110,,304977,6,,,1,110,,304978,6,,,1,205,,304979,6,,,1,210,,304980,6,,,1
4800,'20261104',450,,304981,6,,,1,90,,304982,6,,,1,95,,304983,6,,,1,95,,304984,6,,,1,105,,304985,6,,,1,105,,304986,6,,,1,100,,304987,6,,,1,100,,304988,6,,,1,100,,304989,6,,,1,100,,304990,6,,,1,85,,304991,6,,,1,90,,304992,6,,,1,105,,304993,6,,,1,110,,304994,6,,,1,110,,304995,6,,,1,205,,304996,6,,,1,210,,304997,6,,,1
4800,'20261105',450,,304998,6,,,1,90,,304999,6,,,1,95,,305000,6,,,1,95,,305001,6,,,1,105,,305002,6,,,1,105,,305003,6,,,1,100,,305004,6,,,1,100,,305005,6,,,1,100,,305006,6,,,1,100,,305007,6,,,1,85,,305008,6,,,1,90,,305009,6,,,1,105,,305010,6,,,1,110,,305011,6,,,1,110,,305012,6,,,1,205,,305013,6,,,1,210,,305014,6,,,1
4800,'20261106',450,,305015,6,,,1,90,,305016,6,,,1,95,,305017,6,,,1,95,,305018,6,,,1,105,,305019,6,,,1,105,,305020,6,,,1,100,,305021,6,,,1,100,,305022,6,,,1,100,,305023,6,,,1,100,,305024,6,,,1,85,,305025,6,,,1,90,,305026,6,,,1,105,,305027,6,,,1,110,,305028,6,,,1,110,,305029,6,,,1,205,,305030,6,,,1,210,,305031,6,,,1
4800,'20261109',450,,305032,6,,,1,90,,305033,6,,,1,95,,305034,6,,,1,95,,305035,6,,,1,105,,305036,6,,,1,105,,305037,6,,,1,100,,305038,6,,,1,100,,305039,6,,,1,100,,305040,6,,,1,100,,305041,6,,,1,85,,305042,6,,,1,90,,305043,6,,,1,105,,305044,6,,,1,110,,305045,6,,,1,110,,305046,6,,,1,205,,305047,6,,,1,210,,305048,6,,,1
4800,'20261110',450,,305049,6,,,1,90,,305050,6,,,1,95,,305051,6,,,1,95,,305052,6,,,1,105,,305053,6,,,1,105,,305054,6,,,1,100,,305055,6,,,1,100,,305056,6,,,1,100,,305057,6,,,1,100,,305058,6,,,1,85,,305059,6,,,1,90,,305060,6,,,1,105,,305061,6,,,1,110,,305062,6,,,1,110,,305063,6,,,1,205,,305064,6,,,1,210,,305065,6,,,1
4800,'20261111',450,,305066,6,,,1,90,,305067,6,,,1,95,,305068,6,,,1,95,,305069,6,,,1,105,,305070,6,,,1,105,,305071,6,,,1,100,,305072,6,,,1,100,,305073,6,,,1,100,,305074,6,,,1,100,,305075,6,,,1,85,,305076,6,,,1,90,,305077,6,,,1,105,,305078,6,,,1,110,,305079,6,,,1,110,,305080,6,,,1,205,,305081,6,,,1,210,,305082,6,,,1
4800,'20261112',450,,305083,6,,,1,90,,305084,6,,,1,95,,305085,6,,,1,95,,305086,6,,,1,105,,305087,6,,,1,105,,305088,6,,,1,100,,305089,6,,,1,100,,305090,6,,,1,100,,305091,6,,,1,100,,305092,6,,,1,85,,305093,6,,,1,90,,305094,6,,,1,105,,305095,6,,,1,110,,305096,6,,,1,110,,305097,6,,,1,205,,305098,6,,,1,210,,305099,6,,,1
4800,'20261113',450,,305100,6,,,1,90,,305101,6,,,1,95,,305102,6,,,1,95,,305103,6,,,1,105,,305104,6,,,1,105,,305105,6,,,1,100,,305106,6,,,1,100,,305107,6,,,1,100,,305108,6,,,1,100,,305109,6,,,1,85,,305110,6,,,1,90,,305111,6,,,1,105,,305112,6,,,1,110,,305113,6,,,1,110,,305114,6,,,1,205,,305115,6,,,1,210,,305116,6,,,1
4800,'20261116',450,,305117,6,,,1,90,,305118,6,,,1,95,,305119,6,,,1,95,,305120,6,,,1,105,,305121,6,,,1,105,,305122,6,,,1,100,,305123,6,,,1,100,,305124,6,,,1,100,,305125,6,,,1,100,,305126,6,,,1,85,,305127,6,,,1,90,,305128,6,,,1,105,,305129,6,,,1,110,,305130,6,,,1,110,,305131,6,,,1,205,,305132,6,,,1,210,,305133,6,,,1
4800,'20261117',450,,305134,6,,,1,90,,305135,6,,,1,95,,305136,6,,,1,95,,305137,6,,,1,105,,305138,6,,,1,105,,305139,6,,,1,100,,305140,6,,,1,100,,305141,6,,,1,100,,305142,6,,,1,100,,305143,6,,,1,85,,305144,6,,,1,90,,305145,6,,,1,105,,305146,6,,,1,110,,305147,6,,,1,110,,305148,6,,,1,205,,305149,6,,,1,210,,305150,6,,,1
4800,'20261118',450,,305151,6,,,1,90,,305152,6,,,1,95,,305153,6,,,1,95,,305154,6,,,1,105,,305155,6,,,1,105,,305156,6,,,1,100,,305157,6,,,1,100,,305158,6,,,1,100,,305159,6,,,1,100,,305160,6,,,1,85,,305161,6,,,1,90,,305162,6,,,1,105,,305163,6,,,1,110,,305164,6,,,1,110,,305165,6,,,1,205,,305166,6,,,1,210,,305167,6,,,1
4800,'20261119',450,,305168,6,,,1,90,,305169,6,,,1,95,,305170,6,,,1,95,,305171,6,,,1,105,,305172,6,,,1,105,,305173,6,,,1,100,,305174,6,,,1,100,,305175,6,,,1,100,,305176,6,,,1,100,,305177,6,,,1,85,,305178,6,,,1,90,,305179,6,,,1,105,,305180,6,,,1,110,,305181,6,,,1,110,,305182,6,,,1,205,,305183,6,,,1,210,,305184,6,,,1
4800,'20261120',450,,305185,6,,,1,90,,305186,6,,,1,95,,305187,6,,,1,95,,305188,6,,,1,105,,305189,6,,,1,105,,305190,6,,,1,100,,305191,6,,,1,100,,305192,6,,,1,100,,305193,6,,,1,100,,305194,6,,,1,85,,305195,6,,,1,90,,305196,6,,,1,105,,305197,6,,,1,110,,305198,6,,,1,110,,305199,6,,,1,205,,305200,6,,,1,210,,305201,6,,,1
4800,'20261123',450,,305202,6,,,1,90,,305203,6,,,1,95,,305204,6,,,1,95,,305205,6,,,1,105,,305206,6,,,1,105,,305207,6,,,1,100,,305208,6,,,1,100,,305209,6,,,1,100,,305210,6,,,1,100,,305211,6,,,1,85,,305212,6,,,1,90,,305213,6,,,1,105,,305214,6,,,1,110,,305215,6,,,1,110,,305216,6,,,1,205,,305217,6,,,1,210,,305218,6,,,1
4800,'20261124',450,,305219,6,,,1,90,,305220,6,,,1,95,,305221,6,,,1,95,,305222,6,,,1,105,,305223,6,,,1,105,,305224,6,,,1,100,,305225,6,,,1,100,,305226,6,,,1,100,,305227,6,,,1,100,,305228,6,,,1,85,,305229,6,,,1,90,,305230,6,,,1,105,,305231,6,,,1,110,,305232,6,,,1,110,,305233,6,,,1,205,,305234,6,,,1,210,,305235,6,,,1
4800,'20261125',450,,305236,6,,,1,90,,305237,6,,,1,95,,305238,6,,,1,95,,305239,6,,,1,105,,305240,6,,,1,105,,305241,6,,,1,100,,305242,6,,,1,100,,305243,6,,,1,100,,305244,6,,,1,100,,305245,6,,,1,85,,305246,6,,,1,90,,305247,6,,,1,105,,305248,6,,,1,110,,305249,6,,,1,110,,305250,6,,,1,205,,305251,6,,,1,210,,305252,6,,,1
4800,'20261126',450,,305253,6,,,1,90,,305254,6,,,1,95,,305255,6,,,1,95,,305256,6,,,1,105,,305257,6,,,1,105,,305258,6,,,1,100,,305259,6,,,1,100,,305260,6,,,1,100,,305261,6,,,1,100,,305262,6,,,1,85,,305263,6,,,1,90,,305264,6,,,1,105,,305265,6,,,1,110,,305266,6,,,1,110,,305267,6,,,1,205,,305268,6,,,1,210,,305269,6,,,1
4800,'20261127',450,,305270,6,,,1,90,,305271,6,,,1,95,,305272,6,,,1,95,,305273,6,,,1,105,,305274,6,,,1,105,,305275,6,,,1,100,,305276,6,,,1,100,,305277,6,,,1,100,,305278,6,,,1,100,,305279,6,,,1,85,,305280,6,,,1,90,,305281,6,,,1,105,,305282,6,,,1,110,,305283,6,,,1,110,,305284,6,,,1,205,,305285,6,,,1,210,,305286,6,,,1
