7000,'20260910',1117,,316921,9,0,34 35,1,200,,316922,9,0,34 35,1,202,,316923,9,0,34 35,1,413,,316925,9,0,34 35,1,84,,316926,9,0,34 35,1
7000,'20260911',1117,,316929,9,0,34 35,1,200,,316930,9,0,34 35,1,202,,316931,9,0,34 35,1,413,,316933,9,0,34 35,1,84,,316934,9,0,34 35,1
7000,'20260914',1117,,316937,9,0,34 35,1,200,,316938,9,0,34 35,1,202,,316939,9,0,34 35,1,413,,316941,9,0,34 35,1,84,,316942,9,0,34 35,1
7000,'20260915',1117,,316945,9,0,34 35,1,200,,316946,9,0,34 35,1,202,,316947,9,0,34 35,1,413,,316949,9,0,34 35,1,84,,316950,9,0,34 35,1
7000,'20260916',1117,,316953,9,0,34 35,1,200,,316954,9,0,34 35,1,202,,316955,9,0,34 35,1,413,,316957,9,0,34 35,1,84,,316958,9,0,34 35,1
7000,'20260917',1117,,316961,9,0,34 35,1,200,,316962,9,0,34 35,1,202,,316963,9,0,34 35,1,413,,316965,9,0,34 35,1,84,,316966,9,0,34 35,1
7000,'20260918',1117,,316969,9,0,34 35,1,200,,316970,9,0,34 35,1,202,,316971,9,0,34 35,1,413,,316973,9,0,34 35,1,84,,316974,9,0,34 35,1
7000,'20260921',1117,,316977,9,0,34 35,1,200,,316978,9,0,34 35,1,202,,316979,9,0,34 35,1,413,,316981,9,0,34 35,1,84,,316982,9,0,34 35,1
7000,'20260922',1117,,316985,9,0,34 35,1,200,,316986,9,0,34 35,1,202,,316987,9,0,34 35,1,413,,316989,9,0,34 35,1,84,,316990,9,0,34 35,1
7000,'20260923',1117,,316993,9,0,34 35,1,200,,316994,9,0,34 35,1,202,,316995,9,0,34 35,1,413,,316997,9,0,34 35,1,84,,316998,9,0,34 35,1
7000,'20260924',1117,,317001,9,0,34 35,1,200,,317002,9,0,34 35,1,202,,317003,9,0,34 35,1,413,,317005,9,0,34 35,1,84,,317006,9,0,34 35,1
7000,'20260925',1117,,317009,9,0,34 35,1,200,,317010,9,0,34 35,1,202,,317011,9,0,34 35,1,413,,317013,9,0,34 35,1,84,,317014,9,0,34 35,1
7000,'20260928',1117,,317017,9,0,34 35,1,200,,317018,9,0,34 35,1,202,,317019,9,0,34 35,1,413,,317021,9,0,34 35,1,84,,317022,9,0,34 35,1
7000,'20260929',1117,,317025,9,0,34 35,1,200,,317026,9,0,34 35,1,202,,317027,9,0,34 35,1,413,,317029,9,0,34 35,1,84,,317030,9,0,34 35,1
7000,'20260930',1117,,317033,9,0,34 35,1,200,,317034,9,0,34 35,1,202,,317035,9,0,34 35,1,413,,317037,9,0,34 35,1,84,,317038,9,0,34 35,1
7000,'20261001',1117,,317041,9,0,34 35,1,200,,317042,9,0,34 35,1,202,,317043,9,0,34 35,1,413,,317045,9,0,34 35,1,84,,317046,9,0,34 35,1
7000,'20261002',1117,,317049,9,0,34 35,1,200,,317050,9,0,34 35,1,202,,317051,9,0,34 35,1,413,,317053,9,0,34 35,1,84,,317054,9,0,34 35,1
7000,'20261005',1117,,317057,9,0,34 35,1,200,,317058,9,0,34 35,1,202,,317059,9,0,34 35,1,413,,317061,9,0,34 35,1,84,,317062,9,0,34 35,1
7000,'20261006',1117,,317065,9,0,34 35,1,200,,317066,9,0,34 35,1,202,,317067,9,0,34 35,1,413,,317069,9,0,34 35,1,84,,317070,9,0,34 35,1
7000,'20261007',1117,,317073,9,0,34 35,1,200,,317074,9,0,34 35,1,202,,317075,9,0,34 35,1,413,,317077,9,0,34 35,1,84,,317078,9,0,34 35,1
7000,'20261008',1117,,317081,9,0,34 35,1,200,,317082,9,0,34 35,1,202,,317083,9,0,34 35,1,413,,317085,9,0,34 35,1,84,,317086,9,0,34 35,1
7000,'20261009',1117,,317089,9,0,34 35,1,200,,317090,9,0,34 35,1,202,,317091,9,0,34 35,1,413,,317093,9,0,34 35,1,84,,317094,9,0,34 35,1
7000,'20261013',1117,,317097,9,0,34 35,1,200,,317098,9,0,34 35,1,202,,317099,9,0,34 35,1,413,,317101,9,0,34 35,1,84,,317102,9,0,34 35,1
7000,'20261014',1117,,317105,9,0,34 35,1,200,,317106,9,0,34 35,1,202,,317107,9,0,34 35,1,413,,317109,9,0,34 35,1,84,,317110,9,0,34 35,1
7000,'20261015',1117,,317113,9,0,34 35,1,200,,317114,9,0,34 35,1,202,,317115,9,0,34 35,1,413,,317117,9,0,34 35,1,84,,317118,9,0,34 35,1
7000,'20261016',1117,,317121,9,0,34 35,1,200,,317122,9,0,34 35,1,202,,317123,9,0,34 35,1,413,,317125,9,0,34 35,1,84,,317126,9,0,34 35,1
7000,'20261019',1117,,317129,9,0,34 35,1,200,,317130,9,0,34 35,1,202,,317131,9,0,34 35,1,413,,317133,9,0,34 35,1,84,,317134,9,0,34 35,1
7000,'20261020',1117,,317137,9,0,34 35,1,200,,317138,9,0,34 35,1,202,,317139,9,0,34 35,1,413,,317141,9,0,34 35,1,84,,317142,9,0,34 35,1
7000,'20261021',1117,,317145,9,0,34 35,1,200,,317146,9,0,34 35,1,202,,317147,9,0,34 35,1,413,,317149,9,0,34 35,1,84,,317150,9,0,34 35,1
7000,'20261022',1117,,317153,9,0,34 35,1,200,,317154,9,0,34 35,1,202,,317155,9,0,34 35,1,413,,317157,9,0,34 35,1,84,,317158,9,0,34 35,1
7000,'20261023',1117,,317161,9,0,34 35,1,200,,317162,9,0,34 35,1,202,,317163,9,0,34 35,1,413,,317165,9,0,34 35,1,84,,317166,9,0,34 35,1
7000,'20261026',1117,,317169,9,0,34 35,1,200,,317170,9,0,34 35,1,202,,317171,9,0,34 35,1,413,,317173,9,0,34 35,1,84,,317174,9,0,34 35,1
7000,'20261027',1117,,317177,9,0,34 35,1,200,,317178,9,0,34 35,1,202,,317179,9,0,34 35,1,413,,317181,9,0,34 35,1,84,,317182,9,0,34 35,1
7000,'20261028',1117,,317185,9,0,34 35,1,200,,317186,9,0,34 35,1,202,,317187,9,0,34 35,1,413,,317189,9,0,34 35,1,84,,317190,9,0,34 35,1
7000,'20261029',1117,,317193,9,0,34 35,1,200,,317194,9,0,34 35,1,202,,317195,9,0,34 35,1,413,,317197,9,0,34 35,1,84,,317198,9,0,34 35,1
7000,'20261030',1117,,317201,9,0,34 35,1,200,,317202,9,0,34 35,1,202,,317203,9,0,34 35,1,413,,317205,9,0,34 35,1,84,,317206,9,0,34 35,1
7000,'20261102',1117,,317209,9,0,34 35,1,200,,317210,9,0,34 35,1,202,,317211,9,0,34 35,1,413,,317213,9,0,34 35,1,84,,317214,9,0,34 35,1
7000,'20261103',1117,,317217,9,0,34 35,1,200,,317218,9,0,34 35,1,202,,317219,9,0,34 35,1,413,,317221,9,0,34 35,1,84,,317222,9,0,34 35,1
7000,'20261104',1117,,317225,9,0,34 35,1,200,,317226,9,0,34 35,1,202,,317227,9,0,34 35,1,413,,317229,9,0,34 35,1,84,,317230,9,0,34 35,1
7000,'20261105',1117,,317233,9,0,34 35,1,200,,317234,9,0,34 35,1,202,,317235,9,0,34 35,1,413,,317237,9,0,34 35,1,84,,317238,9,0,34 35,1
7000,'20261106',1117,,317241,9,0,34 35,1,200,,317242,9,0,34 35,1,202,,317243,9,0,34 35,1,413,,317245,9,0,34 35,1,84,,317246,9,0,34 35,1
7000,'20261109',1117,,317249,9,0,34 35,1,200,,317250,9,0,34 35,1,202,,317251,9,0,34 35,1,413,,317253,9,0,34 35,1,84,,317254,9,0,34 35,1
7000,'20261110',1117,,317257,9,0,34 35,1,200,,317258,9,0,34 35,1,202,,317259,9,0,34 35,1,413,,317261,9,0,34 35,1,84,,317262,9,0,34 35,1
7000,'20261111',1117,,317265,9,0,34 35,1,200,,317266,9,0,34 35,1,202,,317267,9,0,34 35,1,413,,317269,9,0,34 35,1,84,,317270,9,0,34 35,1
7000,'20261112',1117,,317273,9,0,34 35,1,200,,317274,9,0,34 35,1,202,,317275,9,0,34 35,1,413,,317277,9,0,34 35,1,84,,317278,9,0,34 35,1
7000,'20261113',1117,,317281,9,0,34 35,1,200,,317282,9,0,34 35,1,202,,317283,9,0,34 35,1,413,,317285,9,0,34 35,1,84,,317286,9,0,34 35,1
7000,'20261116',1117,,317289,9,0,34 35,1,200,,317290,9,0,34 35,1,202,,317291,9,0,34 35,1,413,,317293,9,0,34 35,1,84,,317294,9,0,34 35,1
7000,'20261117',1117,,317297,9,0,34 35,1,200,,317298,9,0,34 35,1,202,,317299,9,0,34 35,1,413,,317301,9,0,34 35,1,84,,317302,9,0,34 35,1
7000,'20261118',1117,,317305,9,0,34 35,1,200,,317306,9,0,34 35,1,202,,317307,9,0,34 35,1,413,,317309,9,0,34 35,1,84,,317310,9,0,34 35,1
7000,'20261119',1117,,317313,9,0,34 35,1,200,,317314,9,0,34 35,1,202,,317315,9,0,34 35,1,413,,317317,9,0,34 35,1,84,,317318,9,0,34 35,1
7000,'20261120',1117,,317321,9,0,34 35,1,200,,317322,9,0,34 35,1,202,,317323,9,0,34 35,1,413,,317325,9,0,34 35,1,84,,317326,9,0,34 35,1
7000,'20261123',1117,,317329,9,0,34 35,1,200,,317330,9,0,34 35,1,202,,317331,9,0,34 35,1,413,,317333,9,0,34 35,1,84,,317334,9,0,34 35,1
7000,'20261124',1117,,317337,9,0,34 35,1,200,,317338,9,0,34 35,1,202,,317339,9,0,34 35,1,413,,317341,9,0,34 35,1,84,,317342,9,0,34 35,1
7000,'20261125',1117,,317345,9,0,34 35,1,200,,317346,9,0,34 35,1,202,,317347,9,0,34 35,1,413,,317349,9,0,34 35,1,84,,317350,9,0,34 35,1
7000,'20261126',1117,,317353,9,0,34 35,1,200,,317354,9,0,34 35,1,202,,317355,9,0,34 35,1,413,,317357,9,0,34 35,1,84,,317358,9,0,34 35,1
7000,'20261127',1117,,317361,9,0,34 35,1,200,,317362,9,0,34 35,1,202,,317363,9,0,34 35,1,413,,317365,9,0,34 35,1,84,,317366,9,0,34 35,1
7100,'20260910',748,,317853,22,,,1,159,,317854,22,,,1,1508,,317859,22,0,31 32 33 9,1,100,,317861,22,0,31 32 33 9,1,85,,317862,22,0,31 32 33 9,1,135,,317863,22,0,31 32 33 9,1
7100,'20260911',748,,317864,22,,,1,159,,317865,22,,,1,1508,,317870,22,0,31 32 33 9,1,100,,317872,22,0,31 32 33 9,1,85,,317873,22,0,31 32 33 9,1,135,,317874,22,0,31 32 33 9,1
7100,'20260912',845,,317875,22,,,1,161,,317877,22,,,1,200,,317881,22,,,1,205,,317886,22,,,1,200,,317892,22,,,1,200,,317896,22,,,1,200,,317899,22,,,1,199,,317902,22,,,1,200,,317905,22,,,1,107,,317907,22,0,31 32 33 9,1,93,,317908,22,0,31 32 33 9,1,125,,317909,22,0,31 32 33 9,1
7100,'20260913',845,,317910,22,,,1,161,,317912,22,,,1,200,,317916,22,,,1,205,,317921,22,,,1,200,,317927,22,,,1,200,,317931,22,,,1,200,,317934,22,,,1,199,,317937,22,,,1,200,,317940,22,,,1,107,,317942,22,0,31 32 33 9,1,93,,317943,22,0,31 32 33 9,1,125,,317944,22,0,31 32 33 9,1
7100,'20260914',748,,317945,22,,,1,159,,317946,22,,,1,1508,,317951,22,0,31 32 33 9,1,100,,317953,22,0,31 32 33 9,1,85,,317954,22,0,31 32 33 9,1,135,,317955,22,0,31 32 33 9,1
7100,'20260915',748,,317956,22,,,1,159,,317957,22,,,1,1508,,317962,22,0,31 32 33 9,1,100,,317964,22,0,31 32 33 9,1,85,,317965,22,0,31 32 33 9,1,135,,317966,22,0,31 32 33 9,1
7100,'20260916',748,,317967,22,,,1,159,,317968,22,,,1,1508,,317973,22,0,31 32 33 9,1,100,,317975,22,0,31 32 33 9,1,85,,317976,22,0,31 32 33 9,1,135,,317977,22,0,31 32 33 9,1
7100,'20260917',748,,317978,22,,,1,159,,317979,22,,,1,1508,,317984,22,0,31 32 33 9,1,100,,317986,22,0,31 32 33 9,1,85,,317987,22,0,31 32 33 9,1,135,,317988,22,0,31 32 33 9,1
7100,'20260918',748,,317989,22,,,1,159,,317990,22,,,1,1508,,317995,22,0,31 32 33 9,1,100,,317997,22,0,31 32 33 9,1,85,,317998,22,0,31 32 33 9,1,135,,317999,22,0,31 32 33 9,1
7100,'20260919',845,,318000,22,,,1,161,,318002,22,,,1,200,,318006,22,,,1,205,,318011,22,,,1,200,,318017,22,,,1,200,,318021,22,,,1,200,,318024,22,,,1,199,,318027,22,,,1,200,,318030,22,,,1,107,,318032,22,0,31 32 33 9,1,93,,318033,22,0,31 32 33 9,1,125,,318034,22,0,31 32 33 9,1
7100,'20260920',845,,318035,22,,,1,161,,318037,22,,,1,200,,318041,22,,,1,205,,318046,22,,,1,200,,318052,22,,,1,200,,318056,22,,,1,200,,318059,22,,,1,199,,318062,22,,,1,200,,318065,22,,,1,107,,318067,22,0,31 32 33 9,1,93,,318068,22,0,31 32 33 9,1,125,,318069,22,0,31 32 33 9,1
7100,'20260921',748,,318070,22,,,1,159,,318071,22,,,1,1508,,318076,22,0,31 32 33 9,1,100,,318078,22,0,31 32 33 9,1,85,,318079,22,0,31 32 33 9,1,135,,318080,22,0,31 32 33 9,1
7100,'20260922',748,,318081,22,,,1,159,,318082,22,,,1,1508,,318087,22,0,31 32 33 9,1,100,,318089,22,0,31 32 33 9,1,85,,318090,22,0,31 32 33 9,1,135,,318091,22,0,31 32 33 9,1
7100,'20260923',748,,318092,22,,,1,159,,318093,22,,,1,1508,,318098,22,0,31 32 33 9,1,100,,318100,22,0,31 32 33 9,1,85,,318101,22,0,31 32 33 9,1,135,,318102,22,0,31 32 33 9,1
7100,'20260924',748,,318103,22,,,1,159,,318104,22,,,1,1508,,318109,22,0,31 32 33 9,1,100,,318111,22,0,31 32 33 9,1,85,,318112,22,0,31 32 33 9,1,135,,318113,22,0,31 32 33 9,1
7100,'20260925',748,,318114,22,,,1,159,,318115,22,,,1,1508,,318120,22,0,31 32 33 9,1,100,,318122,22,0,31 32 33 9,1,85,,318123,22,0,31 32 33 9,1,135,,318124,22,0,31 32 33 9,1
7100,'20260926',845,,318125,22,,,1,161,,318127,22,,,1,200,,318131,22,,,1,205,,318136,22,,,1,200,,318142,22,,,1,200,,318146,22,,,1,200,,318149,22,,,1,199,,318152,22,,,1,90,,332324,22,0,31 32 33 9,1,5,,332325,22,0,31 32 33 9,1,105,,318155,22,,,1,107,,318157,22,0,31 32 33 9,1,93,,318158,22,0,31 32 33 9,1,125,,318159,22,0,31 32 33 9,1
7100,'20260927',845,,318160,22,,,1,161,,318162,22,,,1,200,,318166,22,,,1,205,,318171,22,,,1,200,,318177,22,,,1,200,,318181,22,,,1,200,,318184,22,,,1,199,,318187,22,,,1,90,,332332,22,0,31 32 33 9,1,5,,332333,22,0,31 32 33 9,1,105,,318190,22,,,1,107,,318192,22,0,31 32 33 9,1,93,,318193,22,0,31 32 33 9,1,125,,318194,22,0,31 32 33 9,1
7100,'20260928',748,,318195,22,,,1,159,,318196,22,,,1,1508,,318201,22,0,31 32 33 9,1,100,,318203,22,0,31 32 33 9,1,85,,318204,22,0,31 32 33 9,1,135,,318205,22,0,31 32 33 9,1
7100,'20260929',748,,318206,22,,,1,159,,318207,22,,,1,1508,,318212,22,0,31 32 33 9,1,100,,318214,22,0,31 32 33 9,1,85,,318215,22,0,31 32 33 9,1,135,,318216,22,0,31 32 33 9,1
7100,'20260930',748,,318217,22,,,1,159,,318218,22,,,1,1508,,318223,22,0,31 32 33 9,1,100,,318225,22,0,31 32 33 9,1,85,,318226,22,0,31 32 33 9,1,135,,318227,22,0,31 32 33 9,1
7100,'20261001',748,,318228,22,,,1,159,,318229,22,,,1,1508,,318234,22,0,31 32 33 9,1,100,,318236,22,0,31 32 33 9,1,85,,318237,22,0,31 32 33 9,1,135,,318238,22,0,31 32 33 9,1
7100,'20261002',748,,318239,22,,,1,159,,318240,22,,,1,1508,,318245,22,0,31 32 33 9,1,100,,318247,22,0,31 32 33 9,1,85,,318248,22,0,31 32 33 9,1,135,,318249,22,0,31 32 33 9,1
7100,'20261003',845,,318250,22,,,1,161,,318252,22,,,1,200,,318256,22,,,1,205,,318261,22,,,1,200,,318267,22,,,1,200,,318271,22,,,1,200,,318274,22,,,1,199,,318277,22,,,1,200,,318280,22,,,1,107,,318282,22,0,31 32 33 9,1,93,,318283,22,0,31 32 33 9,1,125,,318284,22,0,31 32 33 9,1
7100,'20261004',845,,318285,22,,,1,161,,318287,22,,,1,200,,318291,22,,,1,205,,318296,22,,,1,200,,318302,22,,,1,200,,318306,22,,,1,200,,318309,22,,,1,199,,318312,22,,,1,200,,318315,22,,,1,107,,318317,22,0,31 32 33 9,1,93,,318318,22,0,31 32 33 9,1,125,,318319,22,0,31 32 33 9,1
7100,'20261005',748,,318320,22,,,1,159,,318321,22,,,1,1508,,318326,22,0,31 32 33 9,1,100,,318328,22,0,31 32 33 9,1,85,,318329,22,0,31 32 33 9,1,135,,318330,22,0,31 32 33 9,1
7100,'20261006',748,,318331,22,,,1,159,,318332,22,,,1,1508,,318337,22,0,31 32 33 9,1,100,,318339,22,0,31 32 33 9,1,85,,318340,22,0,31 32 33 9,1,135,,318341,22,0,31 32 33 9,1
7100,'20261007',748,,318342,22,,,1,159,,318343,22,,,1,1508,,318348,22,0,31 32 33 9,1,100,,318350,22,0,31 32 33 9,1,85,,318351,22,0,31 32 33 9,1,135,,318352,22,0,31 32 33 9,1
7100,'20261008',748,,318353,22,,,1,159,,318354,22,,,1,1508,,318359,22,0,31 32 33 9,1,100,,318361,22,0,31 32 33 9,1,85,,318362,22,0,31 32 33 9,1,135,,318363,22,0,31 32 33 9,1
7100,'20261009',748,,318364,22,,,1,159,,318365,22,,,1,1508,,318370,22,0,31 32 33 9,1,100,,318372,22,0,31 32 33 9,1,85,,318373,22,0,31 32 33 9,1,135,,318374,22,0,31 32 33 9,1
7100,'20261010',845,,318375,22,,,1,161,,318377,22,,,1,200,,318381,22,,,1,205,,318386,22,,,1,200,,318392,22,,,1,200,,318396,22,,,1,200,,318399,22,,,1,199,,318402,22,,,1,200,,318405,22,,,1,107,,318407,22,0,31 32 33 9,1,93,,318408,22,0,31 32 33 9,1,125,,318409,22,0,31 32 33 9,1
7100,'20261011',845,,318410,22,,,1,161,,318412,22,,,1,200,,318416,22,,,1,205,,318421,22,,,1,200,,318427,22,,,1,200,,318431,22,,,1,200,,318434,22,,,1,199,,318437,22,,,1,200,,318440,22,,,1,107,,318442,22,0,31 32 33 9,1,93,,318443,22,0,31 32 33 9,1,125,,318444,22,0,31 32 33 9,1
7100,'20261012',845,,318445,22,,,1,161,,318447,22,,,1,200,,318451,22,,,1,205,,318456,22,,,1,200,,318462,22,,,1,200,,318466,22,,,1,200,,318469,22,,,1,199,,318472,22,,,1,200,,318475,22,,,1,107,,318477,22,0,31 32 33 9,1,93,,318478,22,0,31 32 33 9,1,125,,318479,22,0,31 32 33 9,1
7100,'20261013',748,,318480,22,,,1,159,,318481,22,,,1,1508,,318486,22,0,31 32 33 9,1,100,,318488,22,0,31 32 33 9,1,85,,318489,22,0,31 32 33 9,1,135,,318490,22,0,31 32 33 9,1
7100,'20261014',748,,318491,22,,,1,159,,318492,22,,,1,1508,,318497,22,0,31 32 33 9,1,100,,318499,22,0,31 32 33 9,1,85,,318500,22,0,31 32 33 9,1,135,,318501,22,0,31 32 33 9,1
7100,'20261015',748,,318502,22,,,1,159,,318503,22,,,1,1508,,318508,22,0,31 32 33 9,1,100,,318510,22,0,31 32 33 9,1,85,,318511,22,0,31 32 33 9,1,135,,318512,22,0,31 32 33 9,1
7100,'20261016',748,,318513,22,,,1,159,,318514,22,,,1,1508,,318519,22,0,31 32 33 9,1,100,,318521,22,0,31 32 33 9,1,85,,318522,22,0,31 32 33 9,1,135,,318523,22,0,31 32 33 9,1
7100,'20261017',845,,318524,22,,,1,161,,318526,22,,,1,200,,318530,22,,,1,205,,318535,22,,,1,200,,318541,22,,,1,200,,318545,22,,,1,200,,318548,22,,,1,199,,318551,22,,,1,200,,318554,22,,,1,107,,318556,22,0,31 32 33 9,1,93,,318557,22,0,31 32 33 9,1,125,,318558,22,0,31 32 33 9,1
7100,'20261018',845,,318559,22,,,1,161,,318561,22,,,1,200,,318565,22,,,1,205,,318570,22,,,1,200,,318576,22,,,1,200,,318580,22,,,1,200,,318583,22,,,1,199,,318586,22,,,1,200,,318589,22,,,1,107,,318591,22,0,31 32 33 9,1,93,,318592,22,0,31 32 33 9,1,125,,318593,22,0,31 32 33 9,1
7100,'20261019',748,,318594,22,,,1,159,,318595,22,,,1,1508,,318600,22,0,31 32 33 9,1,100,,318602,22,0,31 32 33 9,1,85,,318603,22,0,31 32 33 9,1,135,,318604,22,0,31 32 33 9,1
7100,'20261020',748,,318605,22,,,1,159,,318606,22,,,1,1508,,318611,22,0,31 32 33 9,1,100,,318613,22,0,31 32 33 9,1,85,,318614,22,0,31 32 33 9,1,135,,318615,22,0,31 32 33 9,1
7100,'20261021',748,,318616,22,,,1,159,,318617,22,,,1,1508,,318622,22,0,31 32 33 9,1,100,,318624,22,0,31 32 33 9,1,85,,318625,22,0,31 32 33 9,1,135,,318626,22,0,31 32 33 9,1
7100,'20261022',748,,318627,22,,,1,159,,318628,22,,,1,1508,,318633,22,0,31 32 33 9,1,100,,318635,22,0,31 32 33 9,1,85,,318636,22,0,31 32 33 9,1,135,,318637,22,0,31 32 33 9,1
7100,'20261023',748,,318638,22,,,1,159,,318639,22,,,1,1508,,318644,22,0,31 32 33 9,1,100,,318646,22,0,31 32 33 9,1,85,,318647,22,0,31 32 33 9,1,135,,318648,22,0,31 32 33 9,1
7100,'20261024',845,,318649,22,,,1,161,,318651,22,,,1,200,,318655,22,,,1,205,,318660,22,,,1,200,,318666,22,,,1,200,,318670,22,,,1,200,,318673,22,,,1,199,,318676,22,,,1,200,,318679,22,,,1,107,,318681,22,0,31 32 33 9,1,93,,318682,22,0,31 32 33 9,1,125,,318683,22,0,31 32 33 9,1
7100,'20261025',845,,318684,22,,,1,161,,318686,22,,,1,200,,318690,22,,,1,205,,318695,22,,,1,200,,318701,22,,,1,200,,318705,22,,,1,200,,318708,22,,,1,199,,318711,22,,,1,200,,318714,22,,,1,107,,318716,22,0,31 32 33 9,1,93,,318717,22,0,31 32 33 9,1,125,,318718,22,0,31 32 33 9,1
7100,'20261026',748,,318719,22,,,1,159,,318720,22,,,1,1508,,318725,22,0,31 32 33 9,1,100,,318727,22,0,31 32 33 9,1,85,,318728,22,0,31 32 33 9,1,135,,318729,22,0,31 32 33 9,1
7100,'20261027',748,,318730,22,,,1,159,,318731,22,,,1,1508,,318736,22,0,31 32 33 9,1,100,,318738,22,0,31 32 33 9,1,85,,318739,22,0,31 32 33 9,1,135,,318740,22,0,31 32 33 9,1
7100,'20261028',748,,318741,22,,,1,159,,318742,22,,,1,1508,,318747,22,0,31 32 33 9,1,100,,318749,22,0,31 32 33 9,1,85,,318750,22,0,31 32 33 9,1,135,,318751,22,0,31 32 33 9,1
7100,'20261029',748,,318752,22,,,1,159,,318753,22,,,1,1508,,318758,22,0,31 32 33 9,1,100,,318760,22,0,31 32 33 9,1,85,,318761,22,0,31 32 33 9,1,135,,318762,22,0,31 32 33 9,1
7100,'20261030',748,,318763,22,,,1,159,,318764,22,,,1,1508,,318769,22,0,31 32 33 9,1,100,,318771,22,0,31 32 33 9,1,85,,318772,22,0,31 32 33 9,1,135,,318773,22,0,31 32 33 9,1
7100,'20261031',845,,318774,22,,,1,161,,318776,22,,,1,200,,318780,22,,,1,205,,318785,22,,,1,200,,318791,22,,,1,200,,318795,22,,,1,200,,318798,22,,,1,199,,318801,22,,,1,200,,318804,22,,,1,107,,318806,22,0,31 32 33 9,1,93,,318807,22,0,31 32 33 9,1,125,,318808,22,0,31 32 33 9,1
7100,'20261101',845,,318809,22,,,1,161,,318811,22,,,1,200,,318815,22,,,1,205,,318820,22,,,1,200,,318826,22,,,1,200,,318830,22,,,1,200,,318833,22,,,1,199,,318836,22,,,1,200,,318839,22,,,1,107,,318841,22,0,31 32 33 9,1,93,,318842,22,0,31 32 33 9,1,125,,318843,22,0,31 32 33 9,1
7100,'20261102',748,,318844,22,,,1,159,,318845,22,,,1,1508,,318850,22,0,31 32 33 9,1,100,,318852,22,0,31 32 33 9,1,85,,318853,22,0,31 32 33 9,1,135,,318854,22,0,31 32 33 9,1
7100,'20261103',748,,318855,22,,,1,159,,318856,22,,,1,1508,,318861,22,0,31 32 33 9,1,100,,318863,22,0,31 32 33 9,1,85,,318864,22,0,31 32 33 9,1,135,,318865,22,0,31 32 33 9,1
7100,'20261104',748,,318866,22,,,1,159,,318867,22,,,1,1508,,318872,22,0,31 32 33 9,1,100,,318874,22,0,31 32 33 9,1,85,,318875,22,0,31 32 33 9,1,135,,318876,22,0,31 32 33 9,1
7100,'20261105',748,,318877,22,,,1,159,,318878,22,,,1,1508,,318883,22,0,31 32 33 9,1,100,,318885,22,0,31 32 33 9,1,85,,318886,22,0,31 32 33 9,1,135,,318887,22,0,31 32 33 9,1
7100,'20261106',748,,318888,22,,,1,159,,318889,22,,,1,1508,,318894,22,0,31 32 33 9,1,100,,318896,22,0,31 32 33 9,1,85,,318897,22,0,31 32 33 9,1,135,,318898,22,0,31 32 33 9,1
7100,'20261107',845,,318899,22,,,1,161,,318901,22,,,1,200,,318905,22,,,1,205,,318910,22,,,1,200,,318916,22,,,1,200,,318920,22,,,1,200,,318923,22,,,1,199,,318926,22,,,1,200,,318929,22,,,1,107,,318931,22,0,31 32 33 9,1,93,,318932,22,0,31 32 33 9,1,125,,318933,22,0,31 32 33 9,1
7100,'20261108',845,,318934,22,,,1,161,,318936,22,,,1,200,,318940,22,,,1,205,,318945,22,,,1,200,,318951,22,,,1,200,,318955,22,,,1,200,,318958,22,,,1,199,,318961,22,,,1,200,,318964,22,,,1,107,,318966,22,0,31 32 33 9,1,93,,318967,22,0,31 32 33 9,1,125,,318968,22,0,31 32 33 9,1
7100,'20261109',748,,318969,22,,,1,159,,318970,22,,,1,1508,,318975,22,0,31 32 33 9,1,100,,318977,22,0,31 32 33 9,1,85,,318978,22,0,31 32 33 9,1,135,,318979,22,0,31 32 33 9,1
7100,'20261110',748,,318980,22,,,1,159,,318981,22,,,1,1508,,318986,22,0,31 32 33 9,1,100,,318988,22,0,31 32 33 9,1,85,,318989,22,0,31 32 33 9,1,135,,318990,22,0,31 32 33 9,1
7100,'20261111',748,,318991,22,,,1,159,,318992,22,,,1,1508,,318997,22,0,31 32 33 9,1,100,,318999,22,0,31 32 33 9,1,85,,319000,22,0,31 32 33 9,1,135,,319001,22,0,31 32 33 9,1
7100,'20261112',748,,319002,22,,,1,159,,319003,22,,,1,1508,,319008,22,0,31 32 33 9,1,100,,319010,22,0,31 32 33 9,1,85,,319011,22,0,31 32 33 9,1,135,,319012,22,0,31 32 33 9,1
7100,'20261113',748,,319013,22,,,1,159,,319014,22,,,1,1508,,319019,22,0,31 32 33 9,1,100,,319021,22,0,31 32 33 9,1,85,,319022,22,0,31 32 33 9,1,135,,319023,22,0,31 32 33 9,1
7100,'20261114',845,,319024,22,,,1,161,,319026,22,,,1,200,,319030,22,,,1,205,,319035,22,,,1,200,,319041,22,,,1,200,,319045,22,,,1,200,,319048,22,,,1,199,,319051,22,,,1,200,,319054,22,,,1,107,,319056,22,0,31 32 33 9,1,93,,319057,22,0,31 32 33 9,1,125,,319058,22,0,31 32 33 9,1
7100,'20261115',845,,319059,22,,,1,161,,319061,22,,,1,200,,319065,22,,,1,205,,319070,22,,,1,200,,319076,22,,,1,200,,319080,22,,,1,200,,319083,22,,,1,199,,319086,22,,,1,200,,319089,22,,,1,107,,319091,22,0,31 32 33 9,1,93,,319092,22,0,31 32 33 9,1,125,,319093,22,0,31 32 33 9,1
7100,'20261116',748,,319094,22,,,1,159,,319095,22,,,1,1508,,319100,22,0,31 32 33 9,1,100,,319102,22,0,31 32 33 9,1,85,,319103,22,0,31 32 33 9,1,135,,319104,22,0,31 32 33 9,1
7100,'20261117',748,,319105,22,,,1,159,,319106,22,,,1,1508,,319111,22,0,31 32 33 9,1,100,,319113,22,0,31 32 33 9,1,85,,319114,22,0,31 32 33 9,1,135,,319115,22,0,31 32 33 9,1
7100,'20261118',748,,319116,22,,,1,159,,319117,22,,,1,1508,,319122,22,0,31 32 33 9,1,100,,319124,22,0,31 32 33 9,1,85,,319125,22,0,31 32 33 9,1,135,,319126,22,0,31 32 33 9,1
7100,'20261119',748,,319127,22,,,1,159,,319128,22,,,1,1508,,319133,22,0,31 32 33 9,1,100,,319135,22,0,31 32 33 9,1,85,,319136,22,0,31 32 33 9,1,135,,319137,22,0,31 32 33 9,1
7100,'20261120',748,,319138,22,,,1,159,,319139,22,,,1,1508,,319144,22,0,31 32 33 9,1,100,,319146,22,0,31 32 33 9,1,85,,319147,22,0,31 32 33 9,1,135,,319148,22,0,31 32 33 9,1
7100,'20261121',845,,319149,22,,,1,161,,319151,22,,,1,200,,319155,22,,,1,205,,319160,22,,,1,200,,319166,22,,,1,200,,319170,22,,,1,200,,319173,22,,,1,199,,319176,22,,,1,200,,319179,22,,,1,107,,319181,22,0,31 32 33 9,1,93,,319182,22,0,31 32 33 9,1,125,,319183,22,0,31 32 33 9,1
7100,'20261122',845,,319184,22,,,1,161,,319186,22,,,1,200,,319190,22,,,1,205,,319195,22,,,1,200,,319201,22,,,1,200,,319205,22,,,1,200,,319208,22,,,1,199,,319211,22,,,1,200,,319214,22,,,1,107,,319216,22,0,31 32 33 9,1,93,,319217,22,0,31 32 33 9,1,125,,319218,22,0,31 32 33 9,1
7100,'20261123',748,,319219,22,,,1,159,,319220,22,,,1,1508,,319225,22,0,31 32 33 9,1,100,,319227,22,0,31 32 33 9,1,85,,319228,22,0,31 32 33 9,1,135,,319229,22,0,31 32 33 9,1
7100,'20261124',748,,319230,22,,,1,159,,319231,22,,,1,1508,,319236,22,0,31 32 33 9,1,100,,319238,22,0,31 32 33 9,1,85,,319239,22,0,31 32 33 9,1,135,,319240,22,0,31 32 33 9,1
7100,'20261125',748,,319241,22,,,1,159,,319242,22,,,1,1508,,319247,22,0,31 32 33 9,1,100,,319249,22,0,31 32 33 9,1,85,,319250,22,0,31 32 33 9,1,135,,319251,22,0,31 32 33 9,1
7100,'20261126',748,,319252,22,,,1,159,,319253,22,,,1,1508,,319258,22,0,31 32 33 9,1,100,,319260,22,0,31 32 33 9,1,85,,319261,22,0,31 32 33 9,1,135,,319262,22,0,31 32 33 9,1
7100,'20261127',748,,319263,22,,,1,159,,319264,22,,,1,1508,,319269,22,0,31 32 33 9,1,100,,319271,22,0,31 32 33 9,1,85,,319272,22,0,31 32 33 9,1,135,,319273,22,0,31 32 33 9,1
