9200,'20260831',534,,211900,11,0,102 12 9,1,211,,211901,11,0,102 12 9,1,103,,211902,11,0,102 12 9,1,90,,211903,11,0,102 12 9,1,97,,211904,11,0,102 12 9,1,105,,211905,11,0,102 12 9,1,100,,211906,11,0,102 12 9,1,95,,211907,11,0,102 12 9,1,105,,211908,11,0,102 12 9,1,104,,211909,11,0,102 12 9,1,87,,211911,11,0,7 19 1 20 21 22,1,13,,211910,11,0,102 12 9,1,86,,211913,11,0,7 19 1 20 21 22,1,20,,211912,11,0,102 12 9,1,80,,211914,11,0,7 19 1 20 21 22,1,20,,211915,11,0,102 12 9,1,78,,211916,11,0,7 19 1 20 21 22,1,21,,211917,11,0,102 12 9,1,86,,211918,11,0,102 12 9,1,101,,211919,11,0,102 12 9,1,100,,211920,11,0,102 12 9,1,100,,211921,11,0,102 12 9,1,199,,211922,11,0,102 12 9,1
9200,'20260901',534,,211923,11,0,102 12 9,1,211,,211924,11,0,102 12 9,1,103,,211925,11,0,102 12 9,1,90,,211926,11,0,102 12 9,1,97,,211927,11,0,102 12 9,1,105,,211928,11,0,102 12 9,1,100,,211929,11,0,102 12 9,1,95,,211930,11,0,102 12 9,1,105,,211931,11,0,102 12 9,1,104,,211932,11,0,102 12 9,1,87,,211934,11,0,7 19 1 20 21 22,1,13,,211933,11,0,102 12 9,1,86,,211936,11,0,7 19 1 20 21 22,1,20,,211935,11,0,102 12 9,1,80,,211937,11,0,7 19 1 20 21 22,1,20,,211938,11,0,102 12 9,1,78,,211939,11,0,7 19 1 20 21 22,1,21,,211940,11,0,102 12 9,1,86,,211941,11,0,102 12 9,1,101,,211942,11,0,102 12 9,1,100,,211943,11,0,102 12 9,1,100,,211944,11,0,102 12 9,1,199,,211945,11,0,102 12 9,1
9200,'20260902',534,,211946,11,0,102 12 9,1,211,,211947,11,0,102 12 9,1,103,,211948,11,0,102 12 9,1,90,,211949,11,0,102 12 9,1,97,,211950,11,0,102 12 9,1,105,,211951,11,0,102 12 9,1,100,,211952,11,0,102 12 9,1,95,,211953,11,0,102 12 9,1,105,,211954,11,0,102 12 9,1,104,,211955,11,0,102 12 9,1,87,,211957,11,0,7 19 1 20 21 22,1,13,,211956,11,0,102 12 9,1,86,,211959,11,0,7 19 1 20 21 22,1,20,,211958,11,0,102 12 9,1,80,,211960,11,0,7 19 1 20 21 22,1,20,,211961,11,0,102 12 9,1,78,,211962,11,0,7 19 1 20 21 22,1,21,,211963,11,0,102 12 9,1,86,,211964,11,0,102 12 9,1,101,,211965,11,0,102 12 9,1,100,,211966,11,0,102 12 9,1,100,,211967,11,0,102 12 9,1,199,,211968,11,0,102 12 9,1
9200,'20260903',534,,211969,11,0,102 12 9,1,211,,211970,11,0,102 12 9,1,103,,211971,11,0,102 12 9,1,90,,211972,11,0,102 12 9,1,97,,211973,11,0,102 12 9,1,105,,211974,11,0,102 12 9,1,100,,211975,11,0,102 12 9,1,95,,211976,11,0,102 12 9,1,105,,211977,11,0,102 12 9,1,104,,211978,11,0,102 12 9,1,87,,211980,11,0,7 19 1 20 21 22,1,13,,211979,11,0,102 12 9,1,86,,211982,11,0,7 19 1 20 21 22,1,20,,211981,11,0,102 12 9,1,80,,211983,11,0,7 19 1 20 21 22,1,20,,211984,11,0,102 12 9,1,78,,211985,11,0,7 19 1 20 21 22,1,21,,211986,11,0,102 12 9,1,86,,211987,11,0,102 12 9,1,101,,211988,11,0,102 12 9,1,100,,211989,11,0,102 12 9,1,100,,211990,11,0,102 12 9,1,199,,211991,11,0,102 12 9,1
9200,'20260904',534,,211992,11,0,102 12 9,1,211,,211993,11,0,102 12 9,1,103,,211994,11,0,102 12 9,1,90,,211995,11,0,102 12 9,1,97,,211996,11,0,102 12 9,1,105,,211997,11,0,102 12 9,1,100,,211998,11,0,102 12 9,1,95,,211999,11,0,102 12 9,1,105,,212000,11,0,102 12 9,1,104,,212001,11,0,102 12 9,1,87,,212003,11,0,7 19 1 20 21 22,1,13,,212002,11,0,102 12 9,1,86,,212005,11,0,7 19 1 20 21 22,1,20,,212004,11,0,102 12 9,1,80,,212006,11,0,7 19 1 20 21 22,1,20,,212007,11,0,102 12 9,1,78,,212008,11,0,7 19 1 20 21 22,1,21,,212009,11,0,102 12 9,1,86,,212010,11,0,102 12 9,1,101,,212011,11,0,102 12 9,1,100,,212012,11,0,102 12 9,1,100,,212013,11,0,102 12 9,1,199,,212014,11,0,102 12 9,1
9200,'20260905',739,,323008,11,0,102 12 9,1,101,,323009,11,0,102 12 9,1,105,,323010,11,0,102 12 9,1,99,,323011,11,0,102 12 9,1,100,,323012,11,0,102 12 9,1,101,,323013,11,0,102 12 9,1,100,,323014,11,0,102 12 9,1,103,,323015,11,0,102 12 9,1,100,,323016,11,0,102 12 9,1,100,,323017,11,0,102 12 9,1,105,,323018,11,0,102 12 9,1,96,,323019,11,0,102 12 9,1,100,,323020,11,0,102 12 9,1,98,,323021,11,0,102 12 9,1,98,,323022,11,0,102 12 9,1,100,,323023,11,0,102 12 9,1,99,,323024,11,0,102 12 9,1,200,,323025,11,0,102 12 9,1
9200,'20260906',739,,323026,11,0,102 12 9,1,101,,323027,11,0,102 12 9,1,105,,323028,11,0,102 12 9,1,99,,323029,11,0,102 12 9,1,100,,323030,11,0,102 12 9,1,101,,323031,11,0,102 12 9,1,100,,323032,11,0,102 12 9,1,103,,323033,11,0,102 12 9,1,100,,323034,11,0,102 12 9,1,100,,323035,11,0,102 12 9,1,105,,323036,11,0,102 12 9,1,96,,323037,11,0,102 12 9,1,100,,323038,11,0,102 12 9,1,98,,323039,11,0,102 12 9,1,98,,323040,11,0,102 12 9,1,100,,323041,11,0,102 12 9,1,99,,323042,11,0,102 12 9,1,200,,323043,11,0,102 12 9,1
9200,'20260907',739,,323044,11,0,102 12 9,1,101,,323045,11,0,102 12 9,1,105,,323046,11,0,102 12 9,1,99,,323047,11,0,102 12 9,1,100,,323048,11,0,102 12 9,1,101,,323049,11,0,102 12 9,1,100,,323050,11,0,102 12 9,1,103,,323051,11,0,102 12 9,1,100,,323052,11,0,102 12 9,1,100,,323053,11,0,102 12 9,1,105,,323054,11,0,102 12 9,1,96,,323055,11,0,102 12 9,1,100,,323056,11,0,102 12 9,1,98,,323057,11,0,102 12 9,1,98,,323058,11,0,102 12 9,1,100,,323059,11,0,102 12 9,1,99,,323060,11,0,102 12 9,1,200,,323061,11,0,102 12 9,1
9200,'20260908',534,,323062,11,0,102 12 9,1,211,,323063,11,0,102 12 9,1,103,,323064,11,0,102 12 9,1,90,,323065,11,0,102 12 9,1,97,,323066,11,0,102 12 9,1,105,,323067,11,0,102 12 9,1,100,,323068,11,0,102 12 9,1,95,,323069,11,0,102 12 9,1,105,,323070,11,0,102 12 9,1,104,,323071,11,0,102 12 9,1,87,,323073,11,0,7 19 1 20 21 22,1,13,,323072,11,0,102 12 9,1,86,,323075,11,0,7 19 1 20 21 22,1,20,,323074,11,0,102 12 9,1,80,,323076,11,0,7 19 1 20 21 22,1,20,,323077,11,0,102 12 9,1,78,,323078,11,0,7 19 1 20 21 22,1,21,,323079,11,0,102 12 9,1,86,,323080,11,0,102 12 9,1,101,,323081,11,0,102 12 9,1,100,,323082,11,0,102 12 9,1,100,,323083,11,0,102 12 9,1,199,,323084,11,0,102 12 9,1
9200,'20260909',534,,323085,11,0,102 12 9,1,211,,323086,11,0,102 12 9,1,103,,323087,11,0,102 12 9,1,90,,323088,11,0,102 12 9,1,97,,323089,11,0,102 12 9,1,105,,323090,11,0,102 12 9,1,100,,323091,11,0,102 12 9,1,95,,323092,11,0,102 12 9,1,105,,323093,11,0,102 12 9,1,104,,323094,11,0,102 12 9,1,87,,323096,11,0,7 19 1 20 21 22,1,13,,323095,11,0,102 12 9,1,86,,323098,11,0,7 19 1 20 21 22,1,20,,323097,11,0,102 12 9,1,80,,323099,11,0,7 19 1 20 21 22,1,20,,323100,11,0,102 12 9,1,78,,323101,11,0,7 19 1 20 21 22,1,21,,323102,11,0,102 12 9,1,86,,323103,11,0,102 12 9,1,101,,323104,11,0,102 12 9,1,100,,323105,11,0,102 12 9,1,100,,323106,11,0,102 12 9,1,199,,323107,11,0,102 12 9,1
9200,'20260910',534,,323108,11,0,102 12 9,1,211,,323109,11,0,102 12 9,1,103,,323110,11,0,102 12 9,1,90,,323111,11,0,102 12 9,1,97,,323112,11,0,102 12 9,1,105,,323113,11,0,102 12 9,1,100,,323114,11,0,102 12 9,1,95,,323115,11,0,102 12 9,1,105,,323116,11,0,102 12 9,1,104,,323117,11,0,102 12 9,1,87,,323119,11,0,7 19 1 20 21 22,1,13,,323118,11,0,102 12 9,1,86,,323121,11,0,7 19 1 20 21 22,1,20,,323120,11,0,102 12 9,1,80,,323122,11,0,7 19 1 20 21 22,1,20,,323123,11,0,102 12 9,1,78,,323124,11,0,7 19 1 20 21 22,1,21,,323125,11,0,102 12 9,1,86,,323126,11,0,102 12 9,1,101,,323127,11,0,102 12 9,1,100,,323128,11,0,102 12 9,1,100,,323129,11,0,102 12 9,1,199,,323130,11,0,102 12 9,1
9200,'20260911',534,,323131,11,0,102 12 9,1,211,,323132,11,0,102 12 9,1,103,,323133,11,0,102 12 9,1,90,,323134,11,0,102 12 9,1,97,,323135,11,0,102 12 9,1,105,,323136,11,0,102 12 9,1,100,,323137,11,0,102 12 9,1,95,,323138,11,0,102 12 9,1,105,,323139,11,0,102 12 9,1,104,,323140,11,0,102 12 9,1,87,,323142,11,0,7 19 1 20 21 22,1,13,,323141,11,0,102 12 9,1,86,,323144,11,0,7 19 1 20 21 22,1,20,,323143,11,0,102 12 9,1,80,,323145,11,0,7 19 1 20 21 22,1,20,,323146,11,0,102 12 9,1,78,,323147,11,0,7 19 1 20 21 22,1,21,,323148,11,0,102 12 9,1,86,,323149,11,0,102 12 9,1,101,,323150,11,0,102 12 9,1,100,,323151,11,0,102 12 9,1,100,,323152,11,0,102 12 9,1,199,,323153,11,0,102 12 9,1
9200,'20260912',739,,323154,11,0,102 12 9,1,101,,323155,11,0,102 12 9,1,105,,323156,11,0,102 12 9,1,99,,323157,11,0,102 12 9,1,100,,323158,11,0,102 12 9,1,101,,323159,11,0,102 12 9,1,100,,323160,11,0,102 12 9,1,103,,323161,11,0,102 12 9,1,100,,323162,11,0,102 12 9,1,100,,323163,11,0,102 12 9,1,105,,323164,11,0,102 12 9,1,96,,323165,11,0,102 12 9,1,100,,323166,11,0,102 12 9,1,98,,323167,11,0,102 12 9,1,98,,323168,11,0,102 12 9,1,100,,323169,11,0,102 12 9,1,99,,323170,11,0,102 12 9,1,200,,323171,11,0,102 12 9,1
9200,'20260913',739,,323172,11,0,102 12 9,1,101,,323173,11,0,102 12 9,1,105,,323174,11,0,102 12 9,1,99,,323175,11,0,102 12 9,1,100,,323176,11,0,102 12 9,1,101,,323177,11,0,102 12 9,1,100,,323178,11,0,102 12 9,1,103,,323179,11,0,102 12 9,1,100,,323180,11,0,102 12 9,1,100,,323181,11,0,102 12 9,1,105,,323182,11,0,102 12 9,1,96,,323183,11,0,102 12 9,1,100,,323184,11,0,102 12 9,1,98,,323185,11,0,102 12 9,1,98,,323186,11,0,102 12 9,1,100,,323187,11,0,102 12 9,1,99,,323188,11,0,102 12 9,1,200,,323189,11,0,102 12 9,1
9200,'20260914',534,,323190,11,0,102 12 9,1,211,,323191,11,0,102 12 9,1,103,,323192,11,0,102 12 9,1,90,,323193,11,0,102 12 9,1,97,,323194,11,0,102 12 9,1,105,,323195,11,0,102 12 9,1,100,,323196,11,0,102 12 9,1,95,,323197,11,0,102 12 9,1,105,,323198,11,0,102 12 9,1,104,,323199,11,0,102 12 9,1,87,,323201,11,0,7 19 1 20 21 22,1,13,,323200,11,0,102 12 9,1,86,,323203,11,0,7 19 1 20 21 22,1,20,,323202,11,0,102 12 9,1,80,,323204,11,0,7 19 1 20 21 22,1,20,,323205,11,0,102 12 9,1,78,,323206,11,0,7 19 1 20 21 22,1,21,,323207,11,0,102 12 9,1,86,,323208,11,0,102 12 9,1,101,,323209,11,0,102 12 9,1,100,,323210,11,0,102 12 9,1,100,,323211,11,0,102 12 9,1,199,,323212,11,0,102 12 9,1
9200,'20260915',534,,323213,11,0,102 12 9,1,211,,323214,11,0,102 12 9,1,103,,323215,11,0,102 12 9,1,90,,323216,11,0,102 12 9,1,97,,323217,11,0,102 12 9,1,105,,323218,11,0,102 12 9,1,100,,323219,11,0,102 12 9,1,95,,323220,11,0,102 12 9,1,105,,323221,11,0,102 12 9,1,104,,323222,11,0,102 12 9,1,87,,323224,11,0,7 19 1 20 21 22,1,13,,323223,11,0,102 12 9,1,86,,323226,11,0,7 19 1 20 21 22,1,20,,323225,11,0,102 12 9,1,80,,323227,11,0,7 19 1 20 21 22,1,20,,323228,11,0,102 12 9,1,78,,323229,11,0,7 19 1 20 21 22,1,21,,323230,11,0,102 12 9,1,86,,323231,11,0,102 12 9,1,101,,323232,11,0,102 12 9,1,100,,323233,11,0,102 12 9,1,100,,323234,11,0,102 12 9,1,199,,323235,11,0,102 12 9,1
9200,'20260916',534,,323236,11,0,102 12 9,1,211,,323237,11,0,102 12 9,1,103,,323238,11,0,102 12 9,1,90,,323239,11,0,102 12 9,1,97,,323240,11,0,102 12 9,1,105,,323241,11,0,102 12 9,1,100,,323242,11,0,102 12 9,1,95,,323243,11,0,102 12 9,1,105,,323244,11,0,102 12 9,1,104,,323245,11,0,102 12 9,1,87,,323247,11,0,7 19 1 20 21 22,1,13,,323246,11,0,102 12 9,1,86,,323249,11,0,7 19 1 20 21 22,1,20,,323248,11,0,102 12 9,1,80,,323250,11,0,7 19 1 20 21 22,1,20,,323251,11,0,102 12 9,1,78,,323252,11,0,7 19 1 20 21 22,1,21,,323253,11,0,102 12 9,1,86,,323254,11,0,102 12 9,1,101,,323255,11,0,102 12 9,1,100,,323256,11,0,102 12 9,1,100,,323257,11,0,102 12 9,1,199,,323258,11,0,102 12 9,1
9200,'20260917',534,,323259,11,0,102 12 9,1,211,,323260,11,0,102 12 9,1,103,,323261,11,0,102 12 9,1,90,,323262,11,0,102 12 9,1,97,,323263,11,0,102 12 9,1,105,,323264,11,0,102 12 9,1,100,,323265,11,0,102 12 9,1,95,,323266,11,0,102 12 9,1,105,,323267,11,0,102 12 9,1,104,,323268,11,0,102 12 9,1,87,,323270,11,0,7 19 1 20 21 22,1,13,,323269,11,0,102 12 9,1,86,,323272,11,0,7 19 1 20 21 22,1,20,,323271,11,0,102 12 9,1,80,,323273,11,0,7 19 1 20 21 22,1,20,,323274,11,0,102 12 9,1,78,,323275,11,0,7 19 1 20 21 22,1,21,,323276,11,0,102 12 9,1,86,,323277,11,0,102 12 9,1,101,,323278,11,0,102 12 9,1,100,,323279,11,0,102 12 9,1,100,,323280,11,0,102 12 9,1,199,,323281,11,0,102 12 9,1
9200,'20260918',534,,323282,11,0,102 12 9,1,211,,323283,11,0,102 12 9,1,103,,323284,11,0,102 12 9,1,90,,323285,11,0,102 12 9,1,97,,323286,11,0,102 12 9,1,105,,323287,11,0,102 12 9,1,100,,323288,11,0,102 12 9,1,95,,323289,11,0,102 12 9,1,105,,323290,11,0,102 12 9,1,104,,323291,11,0,102 12 9,1,87,,323293,11,0,7 19 1 20 21 22,1,13,,323292,11,0,102 12 9,1,86,,323295,11,0,7 19 1 20 21 22,1,20,,323294,11,0,102 12 9,1,80,,323296,11,0,7 19 1 20 21 22,1,20,,323297,11,0,102 12 9,1,78,,323298,11,0,7 19 1 20 21 22,1,21,,323299,11,0,102 12 9,1,86,,323300,11,0,102 12 9,1,101,,323301,11,0,102 12 9,1,100,,323302,11,0,102 12 9,1,100,,323303,11,0,102 12 9,1,199,,323304,11,0,102 12 9,1
9200,'20260919',739,,323305,11,0,102 12 9,1,101,,323306,11,0,102 12 9,1,105,,323307,11,0,102 12 9,1,99,,323308,11,0,102 12 9,1,100,,323309,11,0,102 12 9,1,101,,323310,11,0,102 12 9,1,100,,323311,11,0,102 12 9,1,103,,323312,11,0,102 12 9,1,100,,323313,11,0,102 12 9,1,100,,323314,11,0,102 12 9,1,105,,323315,11,0,102 12 9,1,96,,323316,11,0,102 12 9,1,100,,323317,11,0,102 12 9,1,98,,323318,11,0,102 12 9,1,98,,323319,11,0,102 12 9,1,100,,323320,11,0,102 12 9,1,99,,323321,11,0,102 12 9,1,200,,323322,11,0,102 12 9,1
9200,'20260920',739,,323323,11,0,102 12 9,1,101,,323324,11,0,102 12 9,1,105,,323325,11,0,102 12 9,1,99,,323326,11,0,102 12 9,1,100,,323327,11,0,102 12 9,1,101,,323328,11,0,102 12 9,1,100,,323329,11,0,102 12 9,1,103,,323330,11,0,102 12 9,1,100,,323331,11,0,102 12 9,1,100,,323332,11,0,102 12 9,1,105,,323333,11,0,102 12 9,1,96,,323334,11,0,102 12 9,1,100,,323335,11,0,102 12 9,1,98,,323336,11,0,102 12 9,1,98,,323337,11,0,102 12 9,1,100,,323338,11,0,102 12 9,1,99,,323339,11,0,102 12 9,1,200,,323340,11,0,102 12 9,1
9200,'20260921',534,,323341,11,0,102 12 9,1,211,,323342,11,0,102 12 9,1,103,,323343,11,0,102 12 9,1,90,,323344,11,0,102 12 9,1,97,,323345,11,0,102 12 9,1,105,,323346,11,0,102 12 9,1,100,,323347,11,0,102 12 9,1,95,,323348,11,0,102 12 9,1,105,,323349,11,0,102 12 9,1,104,,323350,11,0,102 12 9,1,87,,323352,11,0,7 19 1 20 21 22,1,13,,323351,11,0,102 12 9,1,86,,323354,11,0,7 19 1 20 21 22,1,20,,323353,11,0,102 12 9,1,80,,323355,11,0,7 19 1 20 21 22,1,20,,323356,11,0,102 12 9,1,78,,323357,11,0,7 19 1 20 21 22,1,21,,323358,11,0,102 12 9,1,86,,323359,11,0,102 12 9,1,101,,323360,11,0,102 12 9,1,100,,323361,11,0,102 12 9,1,100,,323362,11,0,102 12 9,1,199,,323363,11,0,102 12 9,1
9200,'20260922',534,,323364,11,0,102 12 9,1,211,,323365,11,0,102 12 9,1,103,,323366,11,0,102 12 9,1,90,,323367,11,0,102 12 9,1,97,,323368,11,0,102 12 9,1,105,,323369,11,0,102 12 9,1,100,,323370,11,0,102 12 9,1,95,,323371,11,0,102 12 9,1,105,,323372,11,0,102 12 9,1,104,,323373,11,0,102 12 9,1,87,,323375,11,0,7 19 1 20 21 22,1,13,,323374,11,0,102 12 9,1,86,,323377,11,0,7 19 1 20 21 22,1,20,,323376,11,0,102 12 9,1,80,,323378,11,0,7 19 1 20 21 22,1,20,,323379,11,0,102 12 9,1,78,,323380,11,0,7 19 1 20 21 22,1,21,,323381,11,0,102 12 9,1,86,,323382,11,0,102 12 9,1,101,,323383,11,0,102 12 9,1,100,,323384,11,0,102 12 9,1,100,,323385,11,0,102 12 9,1,199,,323386,11,0,102 12 9,1
9200,'20260923',534,,323387,11,0,102 12 9,1,211,,323388,11,0,102 12 9,1,103,,323389,11,0,102 12 9,1,90,,323390,11,0,102 12 9,1,97,,323391,11,0,102 12 9,1,105,,323392,11,0,102 12 9,1,100,,323393,11,0,102 12 9,1,95,,323394,11,0,102 12 9,1,105,,323395,11,0,102 12 9,1,104,,323396,11,0,102 12 9,1,87,,323398,11,0,7 19 1 20 21 22,1,13,,323397,11,0,102 12 9,1,86,,323400,11,0,7 19 1 20 21 22,1,20,,323399,11,0,102 12 9,1,80,,323401,11,0,7 19 1 20 21 22,1,20,,323402,11,0,102 12 9,1,78,,323403,11,0,7 19 1 20 21 22,1,21,,323404,11,0,102 12 9,1,86,,323405,11,0,102 12 9,1,101,,323406,11,0,102 12 9,1,100,,323407,11,0,102 12 9,1,100,,323408,11,0,102 12 9,1,199,,323409,11,0,102 12 9,1
9200,'20260924',534,,323410,11,0,102 12 9,1,211,,323411,11,0,102 12 9,1,103,,323412,11,0,102 12 9,1,90,,323413,11,0,102 12 9,1,97,,323414,11,0,102 12 9,1,105,,323415,11,0,102 12 9,1,100,,323416,11,0,102 12 9,1,95,,323417,11,0,102 12 9,1,105,,323418,11,0,102 12 9,1,104,,323419,11,0,102 12 9,1,87,,323421,11,0,7 19 1 20 21 22,1,13,,323420,11,0,102 12 9,1,86,,323423,11,0,7 19 1 20 21 22,1,20,,323422,11,0,102 12 9,1,80,,323424,11,0,7 19 1 20 21 22,1,20,,323425,11,0,102 12 9,1,78,,323426,11,0,7 19 1 20 21 22,1,21,,323427,11,0,102 12 9,1,86,,323428,11,0,102 12 9,1,101,,323429,11,0,102 12 9,1,100,,323430,11,0,102 12 9,1,100,,323431,11,0,102 12 9,1,199,,323432,11,0,102 12 9,1
9200,'20260925',534,,323433,11,0,102 12 9,1,211,,323434,11,0,102 12 9,1,103,,323435,11,0,102 12 9,1,90,,323436,11,0,102 12 9,1,97,,323437,11,0,102 12 9,1,105,,323438,11,0,102 12 9,1,100,,323439,11,0,102 12 9,1,95,,323440,11,0,102 12 9,1,105,,323441,11,0,102 12 9,1,104,,323442,11,0,102 12 9,1,87,,323444,11,0,7 19 1 20 21 22,1,13,,323443,11,0,102 12 9,1,86,,323446,11,0,7 19 1 20 21 22,1,20,,323445,11,0,102 12 9,1,80,,323447,11,0,7 19 1 20 21 22,1,20,,323448,11,0,102 12 9,1,78,,323449,11,0,7 19 1 20 21 22,1,21,,323450,11,0,102 12 9,1,86,,323451,11,0,102 12 9,1,101,,323452,11,0,102 12 9,1,100,,323453,11,0,102 12 9,1,100,,323454,11,0,102 12 9,1,199,,323455,11,0,102 12 9,1
9200,'20260926',739,,323456,11,0,102 12 9,1,101,,323457,11,0,102 12 9,1,105,,323458,11,0,102 12 9,1,99,,323459,11,0,102 12 9,1,100,,323460,11,0,102 12 9,1,101,,323461,11,0,102 12 9,1,100,,323462,11,0,102 12 9,1,103,,323463,11,0,102 12 9,1,100,,323464,11,0,102 12 9,1,100,,323465,11,0,102 12 9,1,105,,323466,11,0,102 12 9,1,96,,323467,11,0,102 12 9,1,100,,323468,11,0,102 12 9,1,98,,323469,11,0,102 12 9,1,98,,323470,11,0,102 12 9,1,100,,323471,11,0,102 12 9,1,99,,323472,11,0,102 12 9,1,200,,323473,11,0,102 12 9,1
9200,'20260927',739,,323474,11,0,102 12 9,1,101,,323475,11,0,102 12 9,1,105,,323476,11,0,102 12 9,1,99,,323477,11,0,102 12 9,1,100,,323478,11,0,102 12 9,1,101,,323479,11,0,102 12 9,1,100,,323480,11,0,102 12 9,1,103,,323481,11,0,102 12 9,1,100,,323482,11,0,102 12 9,1,100,,323483,11,0,102 12 9,1,105,,323484,11,0,102 12 9,1,96,,323485,11,0,102 12 9,1,100,,323486,11,0,102 12 9,1,98,,323487,11,0,102 12 9,1,98,,323488,11,0,102 12 9,1,100,,323489,11,0,102 12 9,1,99,,323490,11,0,102 12 9,1,200,,323491,11,0,102 12 9,1
9200,'20260928',534,,323492,11,0,102 12 9,1,211,,323493,11,0,102 12 9,1,103,,323494,11,0,102 12 9,1,90,,323495,11,0,102 12 9,1,97,,323496,11,0,102 12 9,1,105,,323497,11,0,102 12 9,1,100,,323498,11,0,102 12 9,1,95,,323499,11,0,102 12 9,1,105,,323500,11,0,102 12 9,1,104,,323501,11,0,102 12 9,1,87,,323503,11,0,7 19 1 20 21 22,1,13,,323502,11,0,102 12 9,1,86,,323505,11,0,7 19 1 20 21 22,1,20,,323504,11,0,102 12 9,1,80,,323506,11,0,7 19 1 20 21 22,1,20,,323507,11,0,102 12 9,1,78,,323508,11,0,7 19 1 20 21 22,1,21,,323509,11,0,102 12 9,1,86,,323510,11,0,102 12 9,1,101,,323511,11,0,102 12 9,1,100,,323512,11,0,102 12 9,1,100,,323513,11,0,102 12 9,1,199,,323514,11,0,102 12 9,1
9200,'20260929',534,,323515,11,0,102 12 9,1,211,,323516,11,0,102 12 9,1,103,,323517,11,0,102 12 9,1,90,,323518,11,0,102 12 9,1,97,,323519,11,0,102 12 9,1,105,,323520,11,0,102 12 9,1,100,,323521,11,0,102 12 9,1,95,,323522,11,0,102 12 9,1,105,,323523,11,0,102 12 9,1,104,,323524,11,0,102 12 9,1,87,,323526,11,0,7 19 1 20 21 22,1,13,,323525,11,0,102 12 9,1,86,,323528,11,0,7 19 1 20 21 22,1,20,,323527,11,0,102 12 9,1,80,,323529,11,0,7 19 1 20 21 22,1,20,,323530,11,0,102 12 9,1,78,,323531,11,0,7 19 1 20 21 22,1,21,,323532,11,0,102 12 9,1,86,,323533,11,0,102 12 9,1,101,,323534,11,0,102 12 9,1,100,,323535,11,0,102 12 9,1,100,,323536,11,0,102 12 9,1,199,,323537,11,0,102 12 9,1
9200,'20260930',534,,323538,11,0,102 12 9,1,211,,323539,11,0,102 12 9,1,103,,323540,11,0,102 12 9,1,90,,323541,11,0,102 12 9,1,97,,323542,11,0,102 12 9,1,105,,323543,11,0,102 12 9,1,100,,323544,11,0,102 12 9,1,95,,323545,11,0,102 12 9,1,105,,323546,11,0,102 12 9,1,104,,323547,11,0,102 12 9,1,87,,323549,11,0,7 19 1 20 21 22,1,13,,323548,11,0,102 12 9,1,86,,323551,11,0,7 19 1 20 21 22,1,20,,323550,11,0,102 12 9,1,80,,323552,11,0,7 19 1 20 21 22,1,20,,323553,11,0,102 12 9,1,78,,323554,11,0,7 19 1 20 21 22,1,21,,323555,11,0,102 12 9,1,86,,323556,11,0,102 12 9,1,101,,323557,11,0,102 12 9,1,100,,323558,11,0,102 12 9,1,100,,323559,11,0,102 12 9,1,199,,323560,11,0,102 12 9,1
9200,'20261001',534,,323561,11,0,102 12 9,1,211,,323562,11,0,102 12 9,1,103,,323563,11,0,102 12 9,1,90,,323564,11,0,102 12 9,1,97,,323565,11,0,102 12 9,1,105,,323566,11,0,102 12 9,1,100,,323567,11,0,102 12 9,1,95,,323568,11,0,102 12 9,1,105,,323569,11,0,102 12 9,1,104,,323570,11,0,102 12 9,1,87,,323572,11,0,7 19 1 20 21 22,1,13,,323571,11,0,102 12 9,1,86,,323574,11,0,7 19 1 20 21 22,1,20,,323573,11,0,102 12 9,1,80,,323575,11,0,7 19 1 20 21 22,1,20,,323576,11,0,102 12 9,1,78,,323577,11,0,7 19 1 20 21 22,1,21,,323578,11,0,102 12 9,1,86,,323579,11,0,102 12 9,1,101,,323580,11,0,102 12 9,1,100,,323581,11,0,102 12 9,1,100,,323582,11,0,102 12 9,1,199,,323583,11,0,102 12 9,1
9200,'20261002',534,,323584,11,0,102 12 9,1,211,,323585,11,0,102 12 9,1,103,,323586,11,0,102 12 9,1,90,,323587,11,0,102 12 9,1,97,,323588,11,0,102 12 9,1,105,,323589,11,0,102 12 9,1,100,,323590,11,0,102 12 9,1,95,,323591,11,0,102 12 9,1,105,,323592,11,0,102 12 9,1,104,,323593,11,0,102 12 9,1,87,,323595,11,0,7 19 1 20 21 22,1,13,,323594,11,0,102 12 9,1,86,,323597,11,0,7 19 1 20 21 22,1,20,,323596,11,0,102 12 9,1,80,,323598,11,0,7 19 1 20 21 22,1,20,,323599,11,0,102 12 9,1,78,,323600,11,0,7 19 1 20 21 22,1,21,,323601,11,0,102 12 9,1,86,,323602,11,0,102 12 9,1,101,,323603,11,0,102 12 9,1,100,,323604,11,0,102 12 9,1,100,,323605,11,0,102 12 9,1,199,,323606,11,0,102 12 9,1
9200,'20261003',739,,323607,11,0,102 12 9,1,101,,323608,11,0,102 12 9,1,105,,323609,11,0,102 12 9,1,99,,323610,11,0,102 12 9,1,100,,323611,11,0,102 12 9,1,101,,323612,11,0,102 12 9,1,100,,323613,11,0,102 12 9,1,103,,323614,11,0,102 12 9,1,100,,323615,11,0,102 12 9,1,100,,323616,11,0,102 12 9,1,105,,323617,11,0,102 12 9,1,96,,323618,11,0,102 12 9,1,100,,323619,11,0,102 12 9,1,98,,323620,11,0,102 12 9,1,98,,323621,11,0,102 12 9,1,100,,323622,11,0,102 12 9,1,99,,323623,11,0,102 12 9,1,200,,323624,11,0,102 12 9,1
9200,'20261004',739,,323625,11,0,102 12 9,1,101,,323626,11,0,102 12 9,1,105,,323627,11,0,102 12 9,1,99,,323628,11,0,102 12 9,1,100,,323629,11,0,102 12 9,1,101,,323630,11,0,102 12 9,1,100,,323631,11,0,102 12 9,1,103,,323632,11,0,102 12 9,1,100,,323633,11,0,102 12 9,1,100,,323634,11,0,102 12 9,1,105,,323635,11,0,102 12 9,1,96,,323636,11,0,102 12 9,1,100,,323637,11,0,102 12 9,1,98,,323638,11,0,102 12 9,1,98,,323639,11,0,102 12 9,1,100,,323640,11,0,102 12 9,1,99,,323641,11,0,102 12 9,1,200,,323642,11,0,102 12 9,1
9200,'20261005',534,,323643,11,0,102 12 9,1,211,,323644,11,0,102 12 9,1,103,,323645,11,0,102 12 9,1,90,,323646,11,0,102 12 9,1,97,,323647,11,0,102 12 9,1,105,,323648,11,0,102 12 9,1,100,,323649,11,0,102 12 9,1,95,,323650,11,0,102 12 9,1,105,,323651,11,0,102 12 9,1,104,,323652,11,0,102 12 9,1,87,,323654,11,0,7 19 1 20 21 22,1,13,,323653,11,0,102 12 9,1,86,,323656,11,0,7 19 1 20 21 22,1,20,,323655,11,0,102 12 9,1,80,,323657,11,0,7 19 1 20 21 22,1,20,,323658,11,0,102 12 9,1,78,,323659,11,0,7 19 1 20 21 22,1,21,,323660,11,0,102 12 9,1,86,,323661,11,0,102 12 9,1,101,,323662,11,0,102 12 9,1,100,,323663,11,0,102 12 9,1,100,,323664,11,0,102 12 9,1,199,,323665,11,0,102 12 9,1
9200,'20261006',534,,323666,11,0,102 12 9,1,211,,323667,11,0,102 12 9,1,103,,323668,11,0,102 12 9,1,90,,323669,11,0,102 12 9,1,97,,323670,11,0,102 12 9,1,105,,323671,11,0,102 12 9,1,100,,323672,11,0,102 12 9,1,95,,323673,11,0,102 12 9,1,105,,323674,11,0,102 12 9,1,104,,323675,11,0,102 12 9,1,87,,323677,11,0,7 19 1 20 21 22,1,13,,323676,11,0,102 12 9,1,86,,323679,11,0,7 19 1 20 21 22,1,20,,323678,11,0,102 12 9,1,80,,323680,11,0,7 19 1 20 21 22,1,20,,323681,11,0,102 12 9,1,78,,323682,11,0,7 19 1 20 21 22,1,21,,323683,11,0,102 12 9,1,86,,323684,11,0,102 12 9,1,101,,323685,11,0,102 12 9,1,100,,323686,11,0,102 12 9,1,100,,323687,11,0,102 12 9,1,199,,323688,11,0,102 12 9,1
9200,'20261007',534,,323689,11,0,102 12 9,1,211,,323690,11,0,102 12 9,1,103,,323691,11,0,102 12 9,1,90,,323692,11,0,102 12 9,1,97,,323693,11,0,102 12 9,1,105,,323694,11,0,102 12 9,1,100,,323695,11,0,102 12 9,1,95,,323696,11,0,102 12 9,1,105,,323697,11,0,102 12 9,1,104,,323698,11,0,102 12 9,1,87,,323700,11,0,7 19 1 20 21 22,1,13,,323699,11,0,102 12 9,1,86,,323702,11,0,7 19 1 20 21 22,1,20,,323701,11,0,102 12 9,1,80,,323703,11,0,7 19 1 20 21 22,1,20,,323704,11,0,102 12 9,1,78,,323705,11,0,7 19 1 20 21 22,1,21,,323706,11,0,102 12 9,1,86,,323707,11,0,102 12 9,1,101,,323708,11,0,102 12 9,1,100,,323709,11,0,102 12 9,1,100,,323710,11,0,102 12 9,1,199,,323711,11,0,102 12 9,1
9200,'20261008',534,,323712,11,0,102 12 9,1,211,,323713,11,0,102 12 9,1,103,,323714,11,0,102 12 9,1,90,,323715,11,0,102 12 9,1,97,,323716,11,0,102 12 9,1,105,,323717,11,0,102 12 9,1,100,,323718,11,0,102 12 9,1,95,,323719,11,0,102 12 9,1,105,,323720,11,0,102 12 9,1,104,,323721,11,0,102 12 9,1,87,,323723,11,0,7 19 1 20 21 22,1,13,,323722,11,0,102 12 9,1,86,,323725,11,0,7 19 1 20 21 22,1,20,,323724,11,0,102 12 9,1,80,,323726,11,0,7 19 1 20 21 22,1,20,,323727,11,0,102 12 9,1,78,,323728,11,0,7 19 1 20 21 22,1,21,,323729,11,0,102 12 9,1,86,,323730,11,0,102 12 9,1,101,,323731,11,0,102 12 9,1,100,,323732,11,0,102 12 9,1,100,,323733,11,0,102 12 9,1,199,,323734,11,0,102 12 9,1
9200,'20261009',534,,323735,11,0,102 12 9,1,211,,323736,11,0,102 12 9,1,103,,323737,11,0,102 12 9,1,90,,323738,11,0,102 12 9,1,97,,323739,11,0,102 12 9,1,105,,323740,11,0,102 12 9,1,100,,323741,11,0,102 12 9,1,95,,323742,11,0,102 12 9,1,105,,323743,11,0,102 12 9,1,104,,323744,11,0,102 12 9,1,87,,323746,11,0,7 19 1 20 21 22,1,13,,323745,11,0,102 12 9,1,86,,323748,11,0,7 19 1 20 21 22,1,20,,323747,11,0,102 12 9,1,80,,323749,11,0,7 19 1 20 21 22,1,20,,323750,11,0,102 12 9,1,78,,323751,11,0,7 19 1 20 21 22,1,21,,323752,11,0,102 12 9,1,86,,323753,11,0,102 12 9,1,101,,323754,11,0,102 12 9,1,100,,323755,11,0,102 12 9,1,100,,323756,11,0,102 12 9,1,199,,323757,11,0,102 12 9,1
9200,'20261010',739,,323758,11,0,102 12 9,1,101,,323759,11,0,102 12 9,1,105,,323760,11,0,102 12 9,1,99,,323761,11,0,102 12 9,1,100,,323762,11,0,102 12 9,1,101,,323763,11,0,102 12 9,1,100,,323764,11,0,102 12 9,1,103,,323765,11,0,102 12 9,1,100,,323766,11,0,102 12 9,1,100,,323767,11,0,102 12 9,1,105,,323768,11,0,102 12 9,1,96,,323769,11,0,102 12 9,1,100,,323770,11,0,102 12 9,1,98,,323771,11,0,102 12 9,1,98,,323772,11,0,102 12 9,1,100,,323773,11,0,102 12 9,1,99,,323774,11,0,102 12 9,1,200,,323775,11,0,102 12 9,1
9200,'20261011',739,,323776,11,0,102 12 9,1,101,,323777,11,0,102 12 9,1,105,,323778,11,0,102 12 9,1,99,,323779,11,0,102 12 9,1,100,,323780,11,0,102 12 9,1,101,,323781,11,0,102 12 9,1,100,,323782,11,0,102 12 9,1,103,,323783,11,0,102 12 9,1,100,,323784,11,0,102 12 9,1,100,,323785,11,0,102 12 9,1,105,,323786,11,0,102 12 9,1,96,,323787,11,0,102 12 9,1,100,,323788,11,0,102 12 9,1,98,,323789,11,0,102 12 9,1,98,,323790,11,0,102 12 9,1,100,,323791,11,0,102 12 9,1,99,,323792,11,0,102 12 9,1,200,,323793,11,0,102 12 9,1
9200,'20261012',739,,323794,11,0,102 12 9,1,101,,323795,11,0,102 12 9,1,105,,323796,11,0,102 12 9,1,99,,323797,11,0,102 12 9,1,100,,323798,11,0,102 12 9,1,101,,323799,11,0,102 12 9,1,100,,323800,11,0,102 12 9,1,103,,323801,11,0,102 12 9,1,100,,323802,11,0,102 12 9,1,100,,323803,11,0,102 12 9,1,105,,323804,11,0,102 12 9,1,96,,323805,11,0,102 12 9,1,100,,323806,11,0,102 12 9,1,98,,323807,11,0,102 12 9,1,98,,323808,11,0,102 12 9,1,100,,323809,11,0,102 12 9,1,99,,323810,11,0,102 12 9,1,200,,323811,11,0,102 12 9,1
9200,'20261013',534,,323812,11,0,102 12 9,1,211,,323813,11,0,102 12 9,1,103,,323814,11,0,102 12 9,1,90,,323815,11,0,102 12 9,1,97,,323816,11,0,102 12 9,1,105,,323817,11,0,102 12 9,1,100,,323818,11,0,102 12 9,1,95,,323819,11,0,102 12 9,1,105,,323820,11,0,102 12 9,1,104,,323821,11,0,102 12 9,1,87,,323823,11,0,7 19 1 20 21 22,1,13,,323822,11,0,102 12 9,1,86,,323825,11,0,7 19 1 20 21 22,1,20,,323824,11,0,102 12 9,1,80,,323826,11,0,7 19 1 20 21 22,1,20,,323827,11,0,102 12 9,1,78,,323828,11,0,7 19 1 20 21 22,1,21,,323829,11,0,102 12 9,1,86,,323830,11,0,102 12 9,1,101,,323831,11,0,102 12 9,1,100,,323832,11,0,102 12 9,1,100,,323833,11,0,102 12 9,1,199,,323834,11,0,102 12 9,1
9200,'20261014',534,,323835,11,0,102 12 9,1,211,,323836,11,0,102 12 9,1,103,,323837,11,0,102 12 9,1,90,,323838,11,0,102 12 9,1,97,,323839,11,0,102 12 9,1,105,,323840,11,0,102 12 9,1,100,,323841,11,0,102 12 9,1,95,,323842,11,0,102 12 9,1,105,,323843,11,0,102 12 9,1,104,,323844,11,0,102 12 9,1,87,,323846,11,0,7 19 1 20 21 22,1,13,,323845,11,0,102 12 9,1,86,,323848,11,0,7 19 1 20 21 22,1,20,,323847,11,0,102 12 9,1,80,,323849,11,0,7 19 1 20 21 22,1,20,,323850,11,0,102 12 9,1,78,,323851,11,0,7 19 1 20 21 22,1,21,,323852,11,0,102 12 9,1,86,,323853,11,0,102 12 9,1,101,,323854,11,0,102 12 9,1,100,,323855,11,0,102 12 9,1,100,,323856,11,0,102 12 9,1,199,,323857,11,0,102 12 9,1
9200,'20261015',534,,323858,11,0,102 12 9,1,211,,323859,11,0,102 12 9,1,103,,323860,11,0,102 12 9,1,90,,323861,11,0,102 12 9,1,97,,323862,11,0,102 12 9,1,105,,323863,11,0,102 12 9,1,100,,323864,11,0,102 12 9,1,95,,323865,11,0,102 12 9,1,105,,323866,11,0,102 12 9,1,104,,323867,11,0,102 12 9,1,87,,323869,11,0,7 19 1 20 21 22,1,13,,323868,11,0,102 12 9,1,86,,323871,11,0,7 19 1 20 21 22,1,20,,323870,11,0,102 12 9,1,80,,323872,11,0,7 19 1 20 21 22,1,20,,323873,11,0,102 12 9,1,78,,323874,11,0,7 19 1 20 21 22,1,21,,323875,11,0,102 12 9,1,86,,323876,11,0,102 12 9,1,101,,323877,11,0,102 12 9,1,100,,323878,11,0,102 12 9,1,100,,323879,11,0,102 12 9,1,199,,323880,11,0,102 12 9,1
9200,'20261016',534,,323881,11,0,102 12 9,1,211,,323882,11,0,102 12 9,1,103,,323883,11,0,102 12 9,1,90,,323884,11,0,102 12 9,1,97,,323885,11,0,102 12 9,1,105,,323886,11,0,102 12 9,1,100,,323887,11,0,102 12 9,1,95,,323888,11,0,102 12 9,1,105,,323889,11,0,102 12 9,1,104,,323890,11,0,102 12 9,1,87,,323892,11,0,7 19 1 20 21 22,1,13,,323891,11,0,102 12 9,1,86,,323894,11,0,7 19 1 20 21 22,1,20,,323893,11,0,102 12 9,1,80,,323895,11,0,7 19 1 20 21 22,1,20,,323896,11,0,102 12 9,1,78,,323897,11,0,7 19 1 20 21 22,1,21,,323898,11,0,102 12 9,1,86,,323899,11,0,102 12 9,1,101,,323900,11,0,102 12 9,1,100,,323901,11,0,102 12 9,1,100,,323902,11,0,102 12 9,1,199,,323903,11,0,102 12 9,1
9200,'20261017',739,,323904,11,0,102 12 9,1,101,,323905,11,0,102 12 9,1,105,,323906,11,0,102 12 9,1,99,,323907,11,0,102 12 9,1,100,,323908,11,0,102 12 9,1,101,,323909,11,0,102 12 9,1,100,,323910,11,0,102 12 9,1,103,,323911,11,0,102 12 9,1,100,,323912,11,0,102 12 9,1,100,,323913,11,0,102 12 9,1,105,,323914,11,0,102 12 9,1,96,,323915,11,0,102 12 9,1,100,,323916,11,0,102 12 9,1,98,,323917,11,0,102 12 9,1,98,,323918,11,0,102 12 9,1,100,,323919,11,0,102 12 9,1,99,,323920,11,0,102 12 9,1,200,,323921,11,0,102 12 9,1
9200,'20261018',739,,323922,11,0,102 12 9,1,101,,323923,11,0,102 12 9,1,105,,323924,11,0,102 12 9,1,99,,323925,11,0,102 12 9,1,100,,323926,11,0,102 12 9,1,101,,323927,11,0,102 12 9,1,100,,323928,11,0,102 12 9,1,103,,323929,11,0,102 12 9,1,100,,323930,11,0,102 12 9,1,100,,323931,11,0,102 12 9,1,105,,323932,11,0,102 12 9,1,96,,323933,11,0,102 12 9,1,100,,323934,11,0,102 12 9,1,98,,323935,11,0,102 12 9,1,98,,323936,11,0,102 12 9,1,100,,323937,11,0,102 12 9,1,99,,323938,11,0,102 12 9,1,200,,323939,11,0,102 12 9,1
9200,'20261019',534,,323940,11,0,102 12 9,1,211,,323941,11,0,102 12 9,1,103,,323942,11,0,102 12 9,1,90,,323943,11,0,102 12 9,1,97,,323944,11,0,102 12 9,1,105,,323945,11,0,102 12 9,1,100,,323946,11,0,102 12 9,1,95,,323947,11,0,102 12 9,1,105,,323948,11,0,102 12 9,1,104,,323949,11,0,102 12 9,1,87,,323951,11,0,7 19 1 20 21 22,1,13,,323950,11,0,102 12 9,1,86,,323953,11,0,7 19 1 20 21 22,1,20,,323952,11,0,102 12 9,1,80,,323954,11,0,7 19 1 20 21 22,1,20,,323955,11,0,102 12 9,1,78,,323956,11,0,7 19 1 20 21 22,1,21,,323957,11,0,102 12 9,1,86,,323958,11,0,102 12 9,1,101,,323959,11,0,102 12 9,1,100,,323960,11,0,102 12 9,1,100,,323961,11,0,102 12 9,1,199,,323962,11,0,102 12 9,1
9200,'20261020',534,,323963,11,0,102 12 9,1,211,,323964,11,0,102 12 9,1,103,,323965,11,0,102 12 9,1,90,,323966,11,0,102 12 9,1,97,,323967,11,0,102 12 9,1,105,,323968,11,0,102 12 9,1,100,,323969,11,0,102 12 9,1,95,,323970,11,0,102 12 9,1,105,,323971,11,0,102 12 9,1,104,,323972,11,0,102 12 9,1,87,,323974,11,0,7 19 1 20 21 22,1,13,,323973,11,0,102 12 9,1,86,,323976,11,0,7 19 1 20 21 22,1,20,,323975,11,0,102 12 9,1,80,,323977,11,0,7 19 1 20 21 22,1,20,,323978,11,0,102 12 9,1,78,,323979,11,0,7 19 1 20 21 22,1,21,,323980,11,0,102 12 9,1,86,,323981,11,0,102 12 9,1,101,,323982,11,0,102 12 9,1,100,,323983,11,0,102 12 9,1,100,,323984,11,0,102 12 9,1,199,,323985,11,0,102 12 9,1
9200,'20261021',534,,323986,11,0,102 12 9,1,211,,323987,11,0,102 12 9,1,103,,323988,11,0,102 12 9,1,90,,323989,11,0,102 12 9,1,97,,323990,11,0,102 12 9,1,105,,323991,11,0,102 12 9,1,100,,323992,11,0,102 12 9,1,95,,323993,11,0,102 12 9,1,105,,323994,11,0,102 12 9,1,104,,323995,11,0,102 12 9,1,87,,323997,11,0,7 19 1 20 21 22,1,13,,323996,11,0,102 12 9,1,86,,323999,11,0,7 19 1 20 21 22,1,20,,323998,11,0,102 12 9,1,80,,324000,11,0,7 19 1 20 21 22,1,20,,324001,11,0,102 12 9,1,78,,324002,11,0,7 19 1 20 21 22,1,21,,324003,11,0,102 12 9,1,86,,324004,11,0,102 12 9,1,101,,324005,11,0,102 12 9,1,100,,324006,11,0,102 12 9,1,100,,324007,11,0,102 12 9,1,199,,324008,11,0,102 12 9,1
9200,'20261022',534,,324009,11,0,102 12 9,1,211,,324010,11,0,102 12 9,1,103,,324011,11,0,102 12 9,1,90,,324012,11,0,102 12 9,1,97,,324013,11,0,102 12 9,1,105,,324014,11,0,102 12 9,1,100,,324015,11,0,102 12 9,1,95,,324016,11,0,102 12 9,1,105,,324017,11,0,102 12 9,1,104,,324018,11,0,102 12 9,1,87,,324020,11,0,7 19 1 20 21 22,1,13,,324019,11,0,102 12 9,1,86,,324022,11,0,7 19 1 20 21 22,1,20,,324021,11,0,102 12 9,1,80,,324023,11,0,7 19 1 20 21 22,1,20,,324024,11,0,102 12 9,1,78,,324025,11,0,7 19 1 20 21 22,1,21,,324026,11,0,102 12 9,1,86,,324027,11,0,102 12 9,1,101,,324028,11,0,102 12 9,1,100,,324029,11,0,102 12 9,1,100,,324030,11,0,102 12 9,1,199,,324031,11,0,102 12 9,1
9200,'20261023',534,,324032,11,0,102 12 9,1,211,,324033,11,0,102 12 9,1,103,,324034,11,0,102 12 9,1,90,,324035,11,0,102 12 9,1,97,,324036,11,0,102 12 9,1,105,,324037,11,0,102 12 9,1,100,,324038,11,0,102 12 9,1,95,,324039,11,0,102 12 9,1,105,,324040,11,0,102 12 9,1,104,,324041,11,0,102 12 9,1,87,,324043,11,0,7 19 1 20 21 22,1,13,,324042,11,0,102 12 9,1,86,,324045,11,0,7 19 1 20 21 22,1,20,,324044,11,0,102 12 9,1,80,,324046,11,0,7 19 1 20 21 22,1,20,,324047,11,0,102 12 9,1,78,,324048,11,0,7 19 1 20 21 22,1,21,,324049,11,0,102 12 9,1,86,,324050,11,0,102 12 9,1,101,,324051,11,0,102 12 9,1,100,,324052,11,0,102 12 9,1,100,,324053,11,0,102 12 9,1,199,,324054,11,0,102 12 9,1
9200,'20261024',739,,324055,11,0,102 12 9,1,101,,324056,11,0,102 12 9,1,105,,324057,11,0,102 12 9,1,99,,324058,11,0,102 12 9,1,100,,324059,11,0,102 12 9,1,101,,324060,11,0,102 12 9,1,100,,324061,11,0,102 12 9,1,103,,324062,11,0,102 12 9,1,100,,324063,11,0,102 12 9,1,100,,324064,11,0,102 12 9,1,105,,324065,11,0,102 12 9,1,96,,324066,11,0,102 12 9,1,100,,324067,11,0,102 12 9,1,98,,324068,11,0,102 12 9,1,98,,324069,11,0,102 12 9,1,100,,324070,11,0,102 12 9,1,99,,324071,11,0,102 12 9,1,200,,324072,11,0,102 12 9,1
9200,'20261025',739,,324073,11,0,102 12 9,1,101,,324074,11,0,102 12 9,1,105,,324075,11,0,102 12 9,1,99,,324076,11,0,102 12 9,1,100,,324077,11,0,102 12 9,1,101,,324078,11,0,102 12 9,1,100,,324079,11,0,102 12 9,1,103,,324080,11,0,102 12 9,1,100,,324081,11,0,102 12 9,1,100,,324082,11,0,102 12 9,1,105,,324083,11,0,102 12 9,1,96,,324084,11,0,102 12 9,1,100,,324085,11,0,102 12 9,1,98,,324086,11,0,102 12 9,1,98,,324087,11,0,102 12 9,1,100,,324088,11,0,102 12 9,1,99,,324089,11,0,102 12 9,1,200,,324090,11,0,102 12 9,1
9200,'20261026',534,,324091,11,0,102 12 9,1,211,,324092,11,0,102 12 9,1,103,,324093,11,0,102 12 9,1,90,,324094,11,0,102 12 9,1,97,,324095,11,0,102 12 9,1,105,,324096,11,0,102 12 9,1,100,,324097,11,0,102 12 9,1,95,,324098,11,0,102 12 9,1,105,,324099,11,0,102 12 9,1,104,,324100,11,0,102 12 9,1,87,,324102,11,0,7 19 1 20 21 22,1,13,,324101,11,0,102 12 9,1,86,,324104,11,0,7 19 1 20 21 22,1,20,,324103,11,0,102 12 9,1,80,,324105,11,0,7 19 1 20 21 22,1,20,,324106,11,0,102 12 9,1,78,,324107,11,0,7 19 1 20 21 22,1,21,,324108,11,0,102 12 9,1,86,,324109,11,0,102 12 9,1,101,,324110,11,0,102 12 9,1,100,,324111,11,0,102 12 9,1,100,,324112,11,0,102 12 9,1,199,,324113,11,0,102 12 9,1
9200,'20261027',534,,324114,11,0,102 12 9,1,211,,324115,11,0,102 12 9,1,103,,324116,11,0,102 12 9,1,90,,324117,11,0,102 12 9,1,97,,324118,11,0,102 12 9,1,105,,324119,11,0,102 12 9,1,100,,324120,11,0,102 12 9,1,95,,324121,11,0,102 12 9,1,105,,324122,11,0,102 12 9,1,104,,324123,11,0,102 12 9,1,87,,324125,11,0,7 19 1 20 21 22,1,13,,324124,11,0,102 12 9,1,86,,324127,11,0,7 19 1 20 21 22,1,20,,324126,11,0,102 12 9,1,80,,324128,11,0,7 19 1 20 21 22,1,20,,324129,11,0,102 12 9,1,78,,324130,11,0,7 19 1 20 21 22,1,21,,324131,11,0,102 12 9,1,86,,324132,11,0,102 12 9,1,101,,324133,11,0,102 12 9,1,100,,324134,11,0,102 12 9,1,100,,324135,11,0,102 12 9,1,199,,324136,11,0,102 12 9,1
9200,'20261028',534,,324137,11,0,102 12 9,1,211,,324138,11,0,102 12 9,1,103,,324139,11,0,102 12 9,1,90,,324140,11,0,102 12 9,1,97,,324141,11,0,102 12 9,1,105,,324142,11,0,102 12 9,1,100,,324143,11,0,102 12 9,1,95,,324144,11,0,102 12 9,1,105,,324145,11,0,102 12 9,1,104,,324146,11,0,102 12 9,1,87,,324148,11,0,7 19 1 20 21 22,1,13,,324147,11,0,102 12 9,1,86,,324150,11,0,7 19 1 20 21 22,1,20,,324149,11,0,102 12 9,1,80,,324151,11,0,7 19 1 20 21 22,1,20,,324152,11,0,102 12 9,1,78,,324153,11,0,7 19 1 20 21 22,1,21,,324154,11,0,102 12 9,1,86,,324155,11,0,102 12 9,1,101,,324156,11,0,102 12 9,1,100,,324157,11,0,102 12 9,1,100,,324158,11,0,102 12 9,1,199,,324159,11,0,102 12 9,1
9200,'20261029',534,,324160,11,0,102 12 9,1,211,,324161,11,0,102 12 9,1,103,,324162,11,0,102 12 9,1,90,,324163,11,0,102 12 9,1,97,,324164,11,0,102 12 9,1,105,,324165,11,0,102 12 9,1,100,,324166,11,0,102 12 9,1,95,,324167,11,0,102 12 9,1,105,,324168,11,0,102 12 9,1,104,,324169,11,0,102 12 9,1,87,,324171,11,0,7 19 1 20 21 22,1,13,,324170,11,0,102 12 9,1,86,,324173,11,0,7 19 1 20 21 22,1,20,,324172,11,0,102 12 9,1,80,,324174,11,0,7 19 1 20 21 22,1,20,,324175,11,0,102 12 9,1,78,,324176,11,0,7 19 1 20 21 22,1,21,,324177,11,0,102 12 9,1,86,,324178,11,0,102 12 9,1,101,,324179,11,0,102 12 9,1,100,,324180,11,0,102 12 9,1,100,,324181,11,0,102 12 9,1,199,,324182,11,0,102 12 9,1
9200,'20261030',534,,324183,11,0,102 12 9,1,211,,324184,11,0,102 12 9,1,103,,324185,11,0,102 12 9,1,90,,324186,11,0,102 12 9,1,97,,324187,11,0,102 12 9,1,105,,324188,11,0,102 12 9,1,100,,324189,11,0,102 12 9,1,95,,324190,11,0,102 12 9,1,105,,324191,11,0,102 12 9,1,104,,324192,11,0,102 12 9,1,87,,324194,11,0,7 19 1 20 21 22,1,13,,324193,11,0,102 12 9,1,86,,324196,11,0,7 19 1 20 21 22,1,20,,324195,11,0,102 12 9,1,80,,324197,11,0,7 19 1 20 21 22,1,20,,324198,11,0,102 12 9,1,78,,324199,11,0,7 19 1 20 21 22,1,21,,324200,11,0,102 12 9,1,86,,324201,11,0,102 12 9,1,101,,324202,11,0,102 12 9,1,100,,324203,11,0,102 12 9,1,100,,324204,11,0,102 12 9,1,199,,324205,11,0,102 12 9,1
9200,'20261031',739,,324206,11,0,102 12 9,1,101,,324207,11,0,102 12 9,1,105,,324208,11,0,102 12 9,1,99,,324209,11,0,102 12 9,1,100,,324210,11,0,102 12 9,1,101,,324211,11,0,102 12 9,1,100,,324212,11,0,102 12 9,1,103,,324213,11,0,102 12 9,1,100,,324214,11,0,102 12 9,1,100,,324215,11,0,102 12 9,1,105,,324216,11,0,102 12 9,1,96,,324217,11,0,102 12 9,1,100,,324218,11,0,102 12 9,1,98,,324219,11,0,102 12 9,1,98,,324220,11,0,102 12 9,1,100,,324221,11,0,102 12 9,1,99,,324222,11,0,102 12 9,1,200,,324223,11,0,102 12 9,1
9200,'20261101',739,,324224,11,0,102 12 9,1,101,,324225,11,0,102 12 9,1,105,,324226,11,0,102 12 9,1,99,,324227,11,0,102 12 9,1,100,,324228,11,0,102 12 9,1,101,,324229,11,0,102 12 9,1,100,,324230,11,0,102 12 9,1,103,,324231,11,0,102 12 9,1,100,,324232,11,0,102 12 9,1,100,,324233,11,0,102 12 9,1,105,,324234,11,0,102 12 9,1,96,,324235,11,0,102 12 9,1,100,,324236,11,0,102 12 9,1,98,,324237,11,0,102 12 9,1,98,,324238,11,0,102 12 9,1,100,,324239,11,0,102 12 9,1,99,,324240,11,0,102 12 9,1,200,,324241,11,0,102 12 9,1
9200,'20261102',534,,324242,11,0,102 12 9,1,211,,324243,11,0,102 12 9,1,103,,324244,11,0,102 12 9,1,90,,324245,11,0,102 12 9,1,97,,324246,11,0,102 12 9,1,105,,324247,11,0,102 12 9,1,100,,324248,11,0,102 12 9,1,95,,324249,11,0,102 12 9,1,105,,324250,11,0,102 12 9,1,104,,324251,11,0,102 12 9,1,87,,324253,11,0,7 19 1 20 21 22,1,13,,324252,11,0,102 12 9,1,86,,324255,11,0,7 19 1 20 21 22,1,20,,324254,11,0,102 12 9,1,80,,324256,11,0,7 19 1 20 21 22,1,20,,324257,11,0,102 12 9,1,78,,324258,11,0,7 19 1 20 21 22,1,21,,324259,11,0,102 12 9,1,86,,324260,11,0,102 12 9,1,101,,324261,11,0,102 12 9,1,100,,324262,11,0,102 12 9,1,100,,324263,11,0,102 12 9,1,199,,324264,11,0,102 12 9,1
9200,'20261103',534,,324265,11,0,102 12 9,1,211,,324266,11,0,102 12 9,1,103,,324267,11,0,102 12 9,1,90,,324268,11,0,102 12 9,1,97,,324269,11,0,102 12 9,1,105,,324270,11,0,102 12 9,1,100,,324271,11,0,102 12 9,1,95,,324272,11,0,102 12 9,1,105,,324273,11,0,102 12 9,1,104,,324274,11,0,102 12 9,1,87,,324276,11,0,7 19 1 20 21 22,1,13,,324275,11,0,102 12 9,1,86,,324278,11,0,7 19 1 20 21 22,1,20,,324277,11,0,102 12 9,1,80,,324279,11,0,7 19 1 20 21 22,1,20,,324280,11,0,102 12 9,1,78,,324281,11,0,7 19 1 20 21 22,1,21,,324282,11,0,102 12 9,1,86,,324283,11,0,102 12 9,1,101,,324284,11,0,102 12 9,1,100,,324285,11,0,102 12 9,1,100,,324286,11,0,102 12 9,1,199,,324287,11,0,102 12 9,1
9200,'20261104',534,,324288,11,0,102 12 9,1,211,,324289,11,0,102 12 9,1,103,,324290,11,0,102 12 9,1,90,,324291,11,0,102 12 9,1,97,,324292,11,0,102 12 9,1,105,,324293,11,0,102 12 9,1,100,,324294,11,0,102 12 9,1,95,,324295,11,0,102 12 9,1,105,,324296,11,0,102 12 9,1,104,,324297,11,0,102 12 9,1,87,,324299,11,0,7 19 1 20 21 22,1,13,,324298,11,0,102 12 9,1,86,,324301,11,0,7 19 1 20 21 22,1,20,,324300,11,0,102 12 9,1,80,,324302,11,0,7 19 1 20 21 22,1,20,,324303,11,0,102 12 9,1,78,,324304,11,0,7 19 1 20 21 22,1,21,,324305,11,0,102 12 9,1,86,,324306,11,0,102 12 9,1,101,,324307,11,0,102 12 9,1,100,,324308,11,0,102 12 9,1,100,,324309,11,0,102 12 9,1,199,,324310,11,0,102 12 9,1
9200,'20261105',534,,324311,11,0,102 12 9,1,211,,324312,11,0,102 12 9,1,103,,324313,11,0,102 12 9,1,90,,324314,11,0,102 12 9,1,97,,324315,11,0,102 12 9,1,105,,324316,11,0,102 12 9,1,100,,324317,11,0,102 12 9,1,95,,324318,11,0,102 12 9,1,105,,324319,11,0,102 12 9,1,104,,324320,11,0,102 12 9,1,87,,324322,11,0,7 19 1 20 21 22,1,13,,324321,11,0,102 12 9,1,86,,324324,11,0,7 19 1 20 21 22,1,20,,324323,11,0,102 12 9,1,80,,324325,11,0,7 19 1 20 21 22,1,20,,324326,11,0,102 12 9,1,78,,324327,11,0,7 19 1 20 21 22,1,21,,324328,11,0,102 12 9,1,86,,324329,11,0,102 12 9,1,101,,324330,11,0,102 12 9,1,100,,324331,11,0,102 12 9,1,100,,324332,11,0,102 12 9,1,199,,324333,11,0,102 12 9,1
9200,'20261106',534,,324334,11,0,102 12 9,1,211,,324335,11,0,102 12 9,1,103,,324336,11,0,102 12 9,1,90,,324337,11,0,102 12 9,1,97,,324338,11,0,102 12 9,1,105,,324339,11,0,102 12 9,1,100,,324340,11,0,102 12 9,1,95,,324341,11,0,102 12 9,1,105,,324342,11,0,102 12 9,1,104,,324343,11,0,102 12 9,1,87,,324345,11,0,7 19 1 20 21 22,1,13,,324344,11,0,102 12 9,1,86,,324347,11,0,7 19 1 20 21 22,1,20,,324346,11,0,102 12 9,1,80,,324348,11,0,7 19 1 20 21 22,1,20,,324349,11,0,102 12 9,1,78,,324350,11,0,7 19 1 20 21 22,1,21,,324351,11,0,102 12 9,1,86,,324352,11,0,102 12 9,1,101,,324353,11,0,102 12 9,1,100,,324354,11,0,102 12 9,1,100,,324355,11,0,102 12 9,1,199,,324356,11,0,102 12 9,1
9200,'20261107',739,,324357,11,0,102 12 9,1,101,,324358,11,0,102 12 9,1,105,,324359,11,0,102 12 9,1,99,,324360,11,0,102 12 9,1,100,,324361,11,0,102 12 9,1,101,,324362,11,0,102 12 9,1,100,,324363,11,0,102 12 9,1,103,,324364,11,0,102 12 9,1,100,,324365,11,0,102 12 9,1,100,,324366,11,0,102 12 9,1,105,,324367,11,0,102 12 9,1,96,,324368,11,0,102 12 9,1,100,,324369,11,0,102 12 9,1,98,,324370,11,0,102 12 9,1,98,,324371,11,0,102 12 9,1,100,,324372,11,0,102 12 9,1,99,,324373,11,0,102 12 9,1,200,,324374,11,0,102 12 9,1
9200,'20261108',739,,324375,11,0,102 12 9,1,101,,324376,11,0,102 12 9,1,105,,324377,11,0,102 12 9,1,99,,324378,11,0,102 12 9,1,100,,324379,11,0,102 12 9,1,101,,324380,11,0,102 12 9,1,100,,324381,11,0,102 12 9,1,103,,324382,11,0,102 12 9,1,100,,324383,11,0,102 12 9,1,100,,324384,11,0,102 12 9,1,105,,324385,11,0,102 12 9,1,96,,324386,11,0,102 12 9,1,100,,324387,11,0,102 12 9,1,98,,324388,11,0,102 12 9,1,98,,324389,11,0,102 12 9,1,100,,324390,11,0,102 12 9,1,99,,324391,11,0,102 12 9,1,200,,324392,11,0,102 12 9,1
9200,'20261109',534,,324393,11,0,102 12 9,1,211,,324394,11,0,102 12 9,1,103,,324395,11,0,102 12 9,1,90,,324396,11,0,102 12 9,1,97,,324397,11,0,102 12 9,1,105,,324398,11,0,102 12 9,1,100,,324399,11,0,102 12 9,1,95,,324400,11,0,102 12 9,1,105,,324401,11,0,102 12 9,1,104,,324402,11,0,102 12 9,1,87,,324404,11,0,7 19 1 20 21 22,1,13,,324403,11,0,102 12 9,1,86,,324406,11,0,7 19 1 20 21 22,1,20,,324405,11,0,102 12 9,1,80,,324407,11,0,7 19 1 20 21 22,1,20,,324408,11,0,102 12 9,1,78,,324409,11,0,7 19 1 20 21 22,1,21,,324410,11,0,102 12 9,1,86,,324411,11,0,102 12 9,1,101,,324412,11,0,102 12 9,1,100,,324413,11,0,102 12 9,1,100,,324414,11,0,102 12 9,1,199,,324415,11,0,102 12 9,1
9200,'20261110',534,,324416,11,0,102 12 9,1,211,,324417,11,0,102 12 9,1,103,,324418,11,0,102 12 9,1,90,,324419,11,0,102 12 9,1,97,,324420,11,0,102 12 9,1,105,,324421,11,0,102 12 9,1,100,,324422,11,0,102 12 9,1,95,,324423,11,0,102 12 9,1,105,,324424,11,0,102 12 9,1,104,,324425,11,0,102 12 9,1,87,,324427,11,0,7 19 1 20 21 22,1,13,,324426,11,0,102 12 9,1,86,,324429,11,0,7 19 1 20 21 22,1,20,,324428,11,0,102 12 9,1,80,,324430,11,0,7 19 1 20 21 22,1,20,,324431,11,0,102 12 9,1,78,,324432,11,0,7 19 1 20 21 22,1,21,,324433,11,0,102 12 9,1,86,,324434,11,0,102 12 9,1,101,,324435,11,0,102 12 9,1,100,,324436,11,0,102 12 9,1,100,,324437,11,0,102 12 9,1,199,,324438,11,0,102 12 9,1
9200,'20261111',534,,324439,11,0,102 12 9,1,211,,324440,11,0,102 12 9,1,103,,324441,11,0,102 12 9,1,90,,324442,11,0,102 12 9,1,97,,324443,11,0,102 12 9,1,105,,324444,11,0,102 12 9,1,100,,324445,11,0,102 12 9,1,95,,324446,11,0,102 12 9,1,105,,324447,11,0,102 12 9,1,104,,324448,11,0,102 12 9,1,87,,324450,11,0,7 19 1 20 21 22,1,13,,324449,11,0,102 12 9,1,86,,324452,11,0,7 19 1 20 21 22,1,20,,324451,11,0,102 12 9,1,80,,324453,11,0,7 19 1 20 21 22,1,20,,324454,11,0,102 12 9,1,78,,324455,11,0,7 19 1 20 21 22,1,21,,324456,11,0,102 12 9,1,86,,324457,11,0,102 12 9,1,101,,324458,11,0,102 12 9,1,100,,324459,11,0,102 12 9,1,100,,324460,11,0,102 12 9,1,199,,324461,11,0,102 12 9,1
9200,'20261112',534,,324462,11,0,102 12 9,1,211,,324463,11,0,102 12 9,1,103,,324464,11,0,102 12 9,1,90,,324465,11,0,102 12 9,1,97,,324466,11,0,102 12 9,1,105,,324467,11,0,102 12 9,1,100,,324468,11,0,102 12 9,1,95,,324469,11,0,102 12 9,1,105,,324470,11,0,102 12 9,1,104,,324471,11,0,102 12 9,1,87,,324473,11,0,7 19 1 20 21 22,1,13,,324472,11,0,102 12 9,1,86,,324475,11,0,7 19 1 20 21 22,1,20,,324474,11,0,102 12 9,1,80,,324476,11,0,7 19 1 20 21 22,1,20,,324477,11,0,102 12 9,1,78,,324478,11,0,7 19 1 20 21 22,1,21,,324479,11,0,102 12 9,1,86,,324480,11,0,102 12 9,1,101,,324481,11,0,102 12 9,1,100,,324482,11,0,102 12 9,1,100,,324483,11,0,102 12 9,1,199,,324484,11,0,102 12 9,1
9200,'20261113',534,,324485,11,0,102 12 9,1,211,,324486,11,0,102 12 9,1,103,,324487,11,0,102 12 9,1,90,,324488,11,0,102 12 9,1,97,,324489,11,0,102 12 9,1,105,,324490,11,0,102 12 9,1,100,,324491,11,0,102 12 9,1,95,,324492,11,0,102 12 9,1,105,,324493,11,0,102 12 9,1,104,,324494,11,0,102 12 9,1,87,,324496,11,0,7 19 1 20 21 22,1,13,,324495,11,0,102 12 9,1,86,,324498,11,0,7 19 1 20 21 22,1,20,,324497,11,0,102 12 9,1,80,,324499,11,0,7 19 1 20 21 22,1,20,,324500,11,0,102 12 9,1,78,,324501,11,0,7 19 1 20 21 22,1,21,,324502,11,0,102 12 9,1,86,,324503,11,0,102 12 9,1,101,,324504,11,0,102 12 9,1,100,,324505,11,0,102 12 9,1,100,,324506,11,0,102 12 9,1,199,,324507,11,0,102 12 9,1
9200,'20261114',739,,324508,11,0,102 12 9,1,101,,324509,11,0,102 12 9,1,105,,324510,11,0,102 12 9,1,99,,324511,11,0,102 12 9,1,100,,324512,11,0,102 12 9,1,101,,324513,11,0,102 12 9,1,100,,324514,11,0,102 12 9,1,103,,324515,11,0,102 12 9,1,100,,324516,11,0,102 12 9,1,100,,324517,11,0,102 12 9,1,105,,324518,11,0,102 12 9,1,96,,324519,11,0,102 12 9,1,100,,324520,11,0,102 12 9,1,98,,324521,11,0,102 12 9,1,98,,324522,11,0,102 12 9,1,100,,324523,11,0,102 12 9,1,99,,324524,11,0,102 12 9,1,200,,324525,11,0,102 12 9,1
9200,'20261115',739,,324526,11,0,102 12 9,1,101,,324527,11,0,102 12 9,1,105,,324528,11,0,102 12 9,1,99,,324529,11,0,102 12 9,1,100,,324530,11,0,102 12 9,1,101,,324531,11,0,102 12 9,1,100,,324532,11,0,102 12 9,1,103,,324533,11,0,102 12 9,1,100,,324534,11,0,102 12 9,1,100,,324535,11,0,102 12 9,1,105,,324536,11,0,102 12 9,1,96,,324537,11,0,102 12 9,1,100,,324538,11,0,102 12 9,1,98,,324539,11,0,102 12 9,1,98,,324540,11,0,102 12 9,1,100,,324541,11,0,102 12 9,1,99,,324542,11,0,102 12 9,1,200,,324543,11,0,102 12 9,1
9200,'20261116',534,,324544,11,0,102 12 9,1,211,,324545,11,0,102 12 9,1,103,,324546,11,0,102 12 9,1,90,,324547,11,0,102 12 9,1,97,,324548,11,0,102 12 9,1,105,,324549,11,0,102 12 9,1,100,,324550,11,0,102 12 9,1,95,,324551,11,0,102 12 9,1,105,,324552,11,0,102 12 9,1,104,,324553,11,0,102 12 9,1,87,,324555,11,0,7 19 1 20 21 22,1,13,,324554,11,0,102 12 9,1,86,,324557,11,0,7 19 1 20 21 22,1,20,,324556,11,0,102 12 9,1,80,,324558,11,0,7 19 1 20 21 22,1,20,,324559,11,0,102 12 9,1,78,,324560,11,0,7 19 1 20 21 22,1,21,,324561,11,0,102 12 9,1,86,,324562,11,0,102 12 9,1,101,,324563,11,0,102 12 9,1,100,,324564,11,0,102 12 9,1,100,,324565,11,0,102 12 9,1,199,,324566,11,0,102 12 9,1
9200,'20261117',534,,324567,11,0,102 12 9,1,211,,324568,11,0,102 12 9,1,103,,324569,11,0,102 12 9,1,90,,324570,11,0,102 12 9,1,97,,324571,11,0,102 12 9,1,105,,324572,11,0,102 12 9,1,100,,324573,11,0,102 12 9,1,95,,324574,11,0,102 12 9,1,105,,324575,11,0,102 12 9,1,104,,324576,11,0,102 12 9,1,87,,324578,11,0,7 19 1 20 21 22,1,13,,324577,11,0,102 12 9,1,86,,324580,11,0,7 19 1 20 21 22,1,20,,324579,11,0,102 12 9,1,80,,324581,11,0,7 19 1 20 21 22,1,20,,324582,11,0,102 12 9,1,78,,324583,11,0,7 19 1 20 21 22,1,21,,324584,11,0,102 12 9,1,86,,324585,11,0,102 12 9,1,101,,324586,11,0,102 12 9,1,100,,324587,11,0,102 12 9,1,100,,324588,11,0,102 12 9,1,199,,324589,11,0,102 12 9,1
9200,'20261118',534,,324590,11,0,102 12 9,1,211,,324591,11,0,102 12 9,1,103,,324592,11,0,102 12 9,1,90,,324593,11,0,102 12 9,1,97,,324594,11,0,102 12 9,1,105,,324595,11,0,102 12 9,1,100,,324596,11,0,102 12 9,1,95,,324597,11,0,102 12 9,1,105,,324598,11,0,102 12 9,1,104,,324599,11,0,102 12 9,1,87,,324601,11,0,7 19 1 20 21 22,1,13,,324600,11,0,102 12 9,1,86,,324603,11,0,7 19 1 20 21 22,1,20,,324602,11,0,102 12 9,1,80,,324604,11,0,7 19 1 20 21 22,1,20,,324605,11,0,102 12 9,1,78,,324606,11,0,7 19 1 20 21 22,1,21,,324607,11,0,102 12 9,1,86,,324608,11,0,102 12 9,1,101,,324609,11,0,102 12 9,1,100,,324610,11,0,102 12 9,1,100,,324611,11,0,102 12 9,1,199,,324612,11,0,102 12 9,1
9200,'20261119',534,,324613,11,0,102 12 9,1,211,,324614,11,0,102 12 9,1,103,,324615,11,0,102 12 9,1,90,,324616,11,0,102 12 9,1,97,,324617,11,0,102 12 9,1,105,,324618,11,0,102 12 9,1,100,,324619,11,0,102 12 9,1,95,,324620,11,0,102 12 9,1,105,,324621,11,0,102 12 9,1,104,,324622,11,0,102 12 9,1,87,,324624,11,0,7 19 1 20 21 22,1,13,,324623,11,0,102 12 9,1,86,,324626,11,0,7 19 1 20 21 22,1,20,,324625,11,0,102 12 9,1,80,,324627,11,0,7 19 1 20 21 22,1,20,,324628,11,0,102 12 9,1,78,,324629,11,0,7 19 1 20 21 22,1,21,,324630,11,0,102 12 9,1,86,,324631,11,0,102 12 9,1,101,,324632,11,0,102 12 9,1,100,,324633,11,0,102 12 9,1,100,,324634,11,0,102 12 9,1,199,,324635,11,0,102 12 9,1
9200,'20261120',534,,324636,11,0,102 12 9,1,211,,324637,11,0,102 12 9,1,103,,324638,11,0,102 12 9,1,90,,324639,11,0,102 12 9,1,97,,324640,11,0,102 12 9,1,105,,324641,11,0,102 12 9,1,100,,324642,11,0,102 12 9,1,95,,324643,11,0,102 12 9,1,105,,324644,11,0,102 12 9,1,104,,324645,11,0,102 12 9,1,87,,324647,11,0,7 19 1 20 21 22,1,13,,324646,11,0,102 12 9,1,86,,324649,11,0,7 19 1 20 21 22,1,20,,324648,11,0,102 12 9,1,80,,324650,11,0,7 19 1 20 21 22,1,20,,324651,11,0,102 12 9,1,78,,324652,11,0,7 19 1 20 21 22,1,21,,324653,11,0,102 12 9,1,86,,324654,11,0,102 12 9,1,101,,324655,11,0,102 12 9,1,100,,324656,11,0,102 12 9,1,100,,324657,11,0,102 12 9,1,199,,324658,11,0,102 12 9,1
9200,'20261121',739,,324659,11,0,102 12 9,1,101,,324660,11,0,102 12 9,1,105,,324661,11,0,102 12 9,1,99,,324662,11,0,102 12 9,1,100,,324663,11,0,102 12 9,1,101,,324664,11,0,102 12 9,1,100,,324665,11,0,102 12 9,1,103,,324666,11,0,102 12 9,1,100,,324667,11,0,102 12 9,1,100,,324668,11,0,102 12 9,1,105,,324669,11,0,102 12 9,1,96,,324670,11,0,102 12 9,1,100,,324671,11,0,102 12 9,1,98,,324672,11,0,102 12 9,1,98,,324673,11,0,102 12 9,1,100,,324674,11,0,102 12 9,1,99,,324675,11,0,102 12 9,1,200,,324676,11,0,102 12 9,1
9200,'20261122',739,,324677,11,0,102 12 9,1,101,,324678,11,0,102 12 9,1,105,,324679,11,0,102 12 9,1,99,,324680,11,0,102 12 9,1,100,,324681,11,0,102 12 9,1,101,,324682,11,0,102 12 9,1,100,,324683,11,0,102 12 9,1,103,,324684,11,0,102 12 9,1,100,,324685,11,0,102 12 9,1,100,,324686,11,0,102 12 9,1,105,,324687,11,0,102 12 9,1,96,,324688,11,0,102 12 9,1,100,,324689,11,0,102 12 9,1,98,,324690,11,0,102 12 9,1,98,,324691,11,0,102 12 9,1,100,,324692,11,0,102 12 9,1,99,,324693,11,0,102 12 9,1,200,,324694,11,0,102 12 9,1
9200,'20261123',534,,324695,11,0,102 12 9,1,211,,324696,11,0,102 12 9,1,103,,324697,11,0,102 12 9,1,90,,324698,11,0,102 12 9,1,97,,324699,11,0,102 12 9,1,105,,324700,11,0,102 12 9,1,100,,324701,11,0,102 12 9,1,95,,324702,11,0,102 12 9,1,105,,324703,11,0,102 12 9,1,104,,324704,11,0,102 12 9,1,87,,324706,11,0,7 19 1 20 21 22,1,13,,324705,11,0,102 12 9,1,86,,324708,11,0,7 19 1 20 21 22,1,20,,324707,11,0,102 12 9,1,80,,324709,11,0,7 19 1 20 21 22,1,20,,324710,11,0,102 12 9,1,78,,324711,11,0,7 19 1 20 21 22,1,21,,324712,11,0,102 12 9,1,86,,324713,11,0,102 12 9,1,101,,324714,11,0,102 12 9,1,100,,324715,11,0,102 12 9,1,100,,324716,11,0,102 12 9,1,199,,324717,11,0,102 12 9,1
9200,'20261124',534,,324718,11,0,102 12 9,1,211,,324719,11,0,102 12 9,1,103,,324720,11,0,102 12 9,1,90,,324721,11,0,102 12 9,1,97,,324722,11,0,102 12 9,1,105,,324723,11,0,102 12 9,1,100,,324724,11,0,102 12 9,1,95,,324725,11,0,102 12 9,1,105,,324726,11,0,102 12 9,1,104,,324727,11,0,102 12 9,1,87,,324729,11,0,7 19 1 20 21 22,1,13,,324728,11,0,102 12 9,1,86,,324731,11,0,7 19 1 20 21 22,1,20,,324730,11,0,102 12 9,1,80,,324732,11,0,7 19 1 20 21 22,1,20,,324733,11,0,102 12 9,1,78,,324734,11,0,7 19 1 20 21 22,1,21,,324735,11,0,102 12 9,1,86,,324736,11,0,102 12 9,1,101,,324737,11,0,102 12 9,1,100,,324738,11,0,102 12 9,1,100,,324739,11,0,102 12 9,1,199,,324740,11,0,102 12 9,1
9200,'20261125',534,,324741,11,0,102 12 9,1,211,,324742,11,0,102 12 9,1,103,,324743,11,0,102 12 9,1,90,,324744,11,0,102 12 9,1,97,,324745,11,0,102 12 9,1,105,,324746,11,0,102 12 9,1,100,,324747,11,0,102 12 9,1,95,,324748,11,0,102 12 9,1,105,,324749,11,0,102 12 9,1,104,,324750,11,0,102 12 9,1,87,,324752,11,0,7 19 1 20 21 22,1,13,,324751,11,0,102 12 9,1,86,,324754,11,0,7 19 1 20 21 22,1,20,,324753,11,0,102 12 9,1,80,,324755,11,0,7 19 1 20 21 22,1,20,,324756,11,0,102 12 9,1,78,,324757,11,0,7 19 1 20 21 22,1,21,,324758,11,0,102 12 9,1,86,,324759,11,0,102 12 9,1,101,,324760,11,0,102 12 9,1,100,,324761,11,0,102 12 9,1,100,,324762,11,0,102 12 9,1,199,,324763,11,0,102 12 9,1
9200,'20261126',534,,324764,11,0,102 12 9,1,211,,324765,11,0,102 12 9,1,103,,324766,11,0,102 12 9,1,90,,324767,11,0,102 12 9,1,97,,324768,11,0,102 12 9,1,105,,324769,11,0,102 12 9,1,100,,324770,11,0,102 12 9,1,95,,324771,11,0,102 12 9,1,105,,324772,11,0,102 12 9,1,104,,324773,11,0,102 12 9,1,87,,324775,11,0,7 19 1 20 21 22,1,13,,324774,11,0,102 12 9,1,86,,324777,11,0,7 19 1 20 21 22,1,20,,324776,11,0,102 12 9,1,80,,324778,11,0,7 19 1 20 21 22,1,20,,324779,11,0,102 12 9,1,78,,324780,11,0,7 19 1 20 21 22,1,21,,324781,11,0,102 12 9,1,86,,324782,11,0,102 12 9,1,101,,324783,11,0,102 12 9,1,100,,324784,11,0,102 12 9,1,100,,324785,11,0,102 12 9,1,199,,324786,11,0,102 12 9,1
9200,'20261127',534,,324787,11,0,102 12 9,1,211,,324788,11,0,102 12 9,1,103,,324789,11,0,102 12 9,1,90,,324790,11,0,102 12 9,1,97,,324791,11,0,102 12 9,1,105,,324792,11,0,102 12 9,1,100,,324793,11,0,102 12 9,1,95,,324794,11,0,102 12 9,1,105,,324795,11,0,102 12 9,1,104,,324796,11,0,102 12 9,1,87,,324798,11,0,7 19 1 20 21 22,1,13,,324797,11,0,102 12 9,1,86,,324800,11,0,7 19 1 20 21 22,1,20,,324799,11,0,102 12 9,1,80,,324801,11,0,7 19 1 20 21 22,1,20,,324802,11,0,102 12 9,1,78,,324803,11,0,7 19 1 20 21 22,1,21,,324804,11,0,102 12 9,1,86,,324805,11,0,102 12 9,1,101,,324806,11,0,102 12 9,1,100,,324807,11,0,102 12 9,1,100,,324808,11,0,102 12 9,1,199,,324809,11,0,102 12 9,1
