6100,'20260831',1229,,202585,11,,,1,105,,202586,11,,,1,103,,202587,11,,,1,113,,202588,11,,,1,476,,202589,11,,,1,98,,202590,11,,,1,98,,202591,11,,,1,100,,202592,11,,,1,96,,202593,11,,,1,196,,202594,11,,,1
6100,'20260901',1229,,202595,11,,,1,105,,202596,11,,,1,103,,202597,11,,,1,113,,202598,11,,,1,476,,202599,11,,,1,98,,202600,11,,,1,98,,202601,11,,,1,100,,202602,11,,,1,96,,202603,11,,,1,196,,202604,11,,,1
6100,'20260902',1229,,202605,11,,,1,105,,202606,11,,,1,103,,202607,11,,,1,113,,202608,11,,,1,476,,202609,11,,,1,98,,202610,11,,,1,98,,202611,11,,,1,100,,202612,11,,,1,96,,202613,11,,,1,196,,202614,11,,,1
6100,'20260903',1229,,202615,11,,,1,105,,202616,11,,,1,103,,202617,11,,,1,113,,202618,11,,,1,476,,202619,11,,,1,98,,202620,11,,,1,98,,202621,11,,,1,100,,202622,11,,,1,96,,202623,11,,,1,196,,202624,11,,,1
6100,'20260904',1229,,202625,11,,,1,105,,202626,11,,,1,103,,202627,11,,,1,113,,202628,11,,,1,476,,202629,11,,,1,98,,202630,11,,,1,98,,202631,11,,,1,100,,202632,11,,,1,96,,202633,11,,,1,196,,202634,11,,,1
6100,'20260908',1229,,311879,11,,,1,105,,311880,11,,,1,103,,311881,11,,,1,113,,311882,11,,,1,476,,311883,11,,,1,98,,311884,11,,,1,98,,311885,11,,,1,100,,311886,11,,,1,96,,311887,11,,,1,196,,311888,11,,,1
6100,'20260909',1229,,311889,11,,,1,105,,311890,11,,,1,103,,311891,11,,,1,113,,311892,11,,,1,476,,311893,11,,,1,98,,311894,11,,,1,98,,311895,11,,,1,100,,311896,11,,,1,96,,311897,11,,,1,196,,311898,11,,,1
6100,'20260910',1229,,311899,11,,,1,105,,311900,11,,,1,103,,311901,11,,,1,113,,311902,11,,,1,476,,311903,11,,,1,98,,311904,11,,,1,98,,311905,11,,,1,100,,311906,11,,,1,96,,311907,11,,,1,196,,311908,11,,,1
6100,'20260911',1229,,311909,11,,,1,105,,311910,11,,,1,103,,311911,11,,,1,113,,311912,11,,,1,476,,311913,11,,,1,98,,311914,11,,,1,98,,311915,11,,,1,100,,311916,11,,,1,96,,311917,11,,,1,196,,311918,11,,,1
6100,'20260914',1229,,311919,11,,,1,105,,311920,11,,,1,103,,311921,11,,,1,113,,311922,11,,,1,476,,311923,11,,,1,98,,311924,11,,,1,98,,311925,11,,,1,100,,311926,11,,,1,96,,311927,11,,,1,196,,311928,11,,,1
6100,'20260915',1229,,311929,11,,,1,105,,311930,11,,,1,103,,311931,11,,,1,113,,311932,11,,,1,476,,311933,11,,,1,98,,311934,11,,,1,98,,311935,11,,,1,100,,311936,11,,,1,96,,311937,11,,,1,196,,311938,11,,,1
6100,'20260916',1229,,311939,11,,,1,105,,311940,11,,,1,103,,311941,11,,,1,113,,311942,11,,,1,476,,311943,11,,,1,98,,311944,11,,,1,98,,311945,11,,,1,100,,311946,11,,,1,96,,311947,11,,,1,196,,311948,11,,,1
6100,'20260917',1229,,311949,11,,,1,105,,311950,11,,,1,103,,311951,11,,,1,113,,311952,11,,,1,476,,311953,11,,,1,98,,311954,11,,,1,98,,311955,11,,,1,100,,311956,11,,,1,96,,311957,11,,,1,196,,311958,11,,,1
6100,'20260918',1229,,311959,11,,,1,105,,311960,11,,,1,103,,311961,11,,,1,113,,311962,11,,,1,476,,311963,11,,,1,98,,311964,11,,,1,98,,311965,11,,,1,100,,311966,11,,,1,96,,311967,11,,,1,196,,311968,11,,,1
6100,'20260921',1229,,311969,11,,,1,105,,311970,11,,,1,103,,311971,11,,,1,113,,311972,11,,,1,476,,311973,11,,,1,98,,311974,11,,,1,98,,311975,11,,,1,100,,311976,11,,,1,96,,311977,11,,,1,196,,311978,11,,,1
6100,'20260922',1229,,311979,11,,,1,105,,311980,11,,,1,103,,311981,11,,,1,113,,311982,11,,,1,476,,311983,11,,,1,98,,311984,11,,,1,98,,311985,11,,,1,100,,311986,11,,,1,96,,311987,11,,,1,196,,311988,11,,,1
6100,'20260923',1229,,311989,11,,,1,105,,311990,11,,,1,103,,311991,11,,,1,113,,311992,11,,,1,476,,311993,11,,,1,98,,311994,11,,,1,98,,311995,11,,,1,100,,311996,11,,,1,96,,311997,11,,,1,196,,311998,11,,,1
6100,'20260924',1229,,311999,11,,,1,105,,312000,11,,,1,103,,312001,11,,,1,113,,312002,11,,,1,476,,312003,11,,,1,98,,312004,11,,,1,98,,312005,11,,,1,100,,312006,11,,,1,96,,312007,11,,,1,196,,312008,11,,,1
6100,'20260925',1229,,312009,11,,,1,105,,312010,11,,,1,103,,312011,11,,,1,113,,312012,11,,,1,476,,312013,11,,,1,98,,312014,11,,,1,98,,312015,11,,,1,100,,312016,11,,,1,96,,312017,11,,,1,196,,312018,11,,,1
6100,'20260928',1229,,312019,11,,,1,105,,312020,11,,,1,103,,312021,11,,,1,113,,312022,11,,,1,476,,312023,11,,,1,98,,312024,11,,,1,98,,312025,11,,,1,100,,312026,11,,,1,96,,312027,11,,,1,196,,312028,11,,,1
6100,'20260929',1229,,312029,11,,,1,105,,312030,11,,,1,103,,312031,11,,,1,113,,312032,11,,,1,476,,312033,11,,,1,98,,312034,11,,,1,98,,312035,11,,,1,100,,312036,11,,,1,96,,312037,11,,,1,196,,312038,11,,,1
6100,'20260930',1229,,312039,11,,,1,105,,312040,11,,,1,103,,312041,11,,,1,113,,312042,11,,,1,476,,312043,11,,,1,98,,312044,11,,,1,98,,312045,11,,,1,100,,312046,11,,,1,96,,312047,11,,,1,196,,312048,11,,,1
6100,'20261001',1229,,312049,11,,,1,105,,312050,11,,,1,103,,312051,11,,,1,113,,312052,11,,,1,476,,312053,11,,,1,98,,312054,11,,,1,98,,312055,11,,,1,100,,312056,11,,,1,96,,312057,11,,,1,196,,312058,11,,,1
6100,'20261002',1229,,312059,11,,,1,105,,312060,11,,,1,103,,312061,11,,,1,113,,312062,11,,,1,476,,312063,11,,,1,98,,312064,11,,,1,98,,312065,11,,,1,100,,312066,11,,,1,96,,312067,11,,,1,196,,312068,11,,,1
6100,'20261005',1229,,312069,11,,,1,105,,312070,11,,,1,103,,312071,11,,,1,113,,312072,11,,,1,476,,312073,11,,,1,98,,312074,11,,,1,98,,312075,11,,,1,100,,312076,11,,,1,96,,312077,11,,,1,196,,312078,11,,,1
6100,'20261006',1229,,312079,11,,,1,105,,312080,11,,,1,103,,312081,11,,,1,113,,312082,11,,,1,476,,312083,11,,,1,98,,312084,11,,,1,98,,312085,11,,,1,100,,312086,11,,,1,96,,312087,11,,,1,196,,312088,11,,,1
6100,'20261007',1229,,312089,11,,,1,105,,312090,11,,,1,103,,312091,11,,,1,113,,312092,11,,,1,476,,312093,11,,,1,98,,312094,11,,,1,98,,312095,11,,,1,100,,312096,11,,,1,96,,312097,11,,,1,196,,312098,11,,,1
6100,'20261008',1229,,312099,11,,,1,105,,312100,11,,,1,103,,312101,11,,,1,113,,312102,11,,,1,476,,312103,11,,,1,98,,312104,11,,,1,98,,312105,11,,,1,100,,312106,11,,,1,96,,312107,11,,,1,196,,312108,11,,,1
6100,'20261009',1229,,312109,11,,,1,105,,312110,11,,,1,103,,312111,11,,,1,113,,312112,11,,,1,476,,312113,11,,,1,98,,312114,11,,,1,98,,312115,11,,,1,100,,312116,11,,,1,96,,312117,11,,,1,196,,312118,11,,,1
6100,'20261013',1229,,312119,11,,,1,105,,312120,11,,,1,103,,312121,11,,,1,113,,312122,11,,,1,476,,312123,11,,,1,98,,312124,11,,,1,98,,312125,11,,,1,100,,312126,11,,,1,96,,312127,11,,,1,196,,312128,11,,,1
6100,'20261014',1229,,312129,11,,,1,105,,312130,11,,,1,103,,312131,11,,,1,113,,312132,11,,,1,476,,312133,11,,,1,98,,312134,11,,,1,98,,312135,11,,,1,100,,312136,11,,,1,96,,312137,11,,,1,196,,312138,11,,,1
6100,'20261015',1229,,312139,11,,,1,105,,312140,11,,,1,103,,312141,11,,,1,113,,312142,11,,,1,476,,312143,11,,,1,98,,312144,11,,,1,98,,312145,11,,,1,100,,312146,11,,,1,96,,312147,11,,,1,196,,312148,11,,,1
6100,'20261016',1229,,312149,11,,,1,105,,312150,11,,,1,103,,312151,11,,,1,113,,312152,11,,,1,476,,312153,11,,,1,98,,312154,11,,,1,98,,312155,11,,,1,100,,312156,11,,,1,96,,312157,11,,,1,196,,312158,11,,,1
6100,'20261019',1229,,312159,11,,,1,105,,312160,11,,,1,103,,312161,11,,,1,113,,312162,11,,,1,476,,312163,11,,,1,98,,312164,11,,,1,98,,312165,11,,,1,100,,312166,11,,,1,96,,312167,11,,,1,196,,312168,11,,,1
6100,'20261020',1229,,312169,11,,,1,105,,312170,11,,,1,103,,312171,11,,,1,113,,312172,11,,,1,476,,312173,11,,,1,98,,312174,11,,,1,98,,312175,11,,,1,100,,312176,11,,,1,96,,312177,11,,,1,196,,312178,11,,,1
6100,'20261021',1229,,312179,11,,,1,105,,312180,11,,,1,103,,312181,11,,,1,113,,312182,11,,,1,476,,312183,11,,,1,98,,312184,11,,,1,98,,312185,11,,,1,100,,312186,11,,,1,96,,312187,11,,,1,196,,312188,11,,,1
6100,'20261022',1229,,312189,11,,,1,105,,312190,11,,,1,103,,312191,11,,,1,113,,312192,11,,,1,476,,312193,11,,,1,98,,312194,11,,,1,98,,312195,11,,,1,100,,312196,11,,,1,96,,312197,11,,,1,196,,312198,11,,,1
6100,'20261023',1229,,312199,11,,,1,105,,312200,11,,,1,103,,312201,11,,,1,113,,312202,11,,,1,476,,312203,11,,,1,98,,312204,11,,,1,98,,312205,11,,,1,100,,312206,11,,,1,96,,312207,11,,,1,196,,312208,11,,,1
6100,'20261026',1229,,312209,11,,,1,105,,312210,11,,,1,103,,312211,11,,,1,113,,312212,11,,,1,476,,312213,11,,,1,98,,312214,11,,,1,98,,312215,11,,,1,100,,312216,11,,,1,96,,312217,11,,,1,196,,312218,11,,,1
6100,'20261027',1229,,312219,11,,,1,105,,312220,11,,,1,103,,312221,11,,,1,113,,312222,11,,,1,476,,312223,11,,,1,98,,312224,11,,,1,98,,312225,11,,,1,100,,312226,11,,,1,96,,312227,11,,,1,196,,312228,11,,,1
6100,'20261028',1229,,312229,11,,,1,105,,312230,11,,,1,103,,312231,11,,,1,113,,312232,11,,,1,476,,312233,11,,,1,98,,312234,11,,,1,98,,312235,11,,,1,100,,312236,11,,,1,96,,312237,11,,,1,196,,312238,11,,,1
6100,'20261029',1229,,312239,11,,,1,105,,312240,11,,,1,103,,312241,11,,,1,113,,312242,11,,,1,476,,312243,11,,,1,98,,312244,11,,,1,98,,312245,11,,,1,100,,312246,11,,,1,96,,312247,11,,,1,196,,312248,11,,,1
6100,'20261030',1229,,312249,11,,,1,105,,312250,11,,,1,103,,312251,11,,,1,113,,312252,11,,,1,476,,312253,11,,,1,98,,312254,11,,,1,98,,312255,11,,,1,100,,312256,11,,,1,96,,312257,11,,,1,196,,312258,11,,,1
6100,'20261102',1229,,312259,11,,,1,105,,312260,11,,,1,103,,312261,11,,,1,113,,312262,11,,,1,476,,312263,11,,,1,98,,312264,11,,,1,98,,312265,11,,,1,100,,312266,11,,,1,96,,312267,11,,,1,196,,312268,11,,,1
6100,'20261103',1229,,312269,11,,,1,105,,312270,11,,,1,103,,312271,11,,,1,113,,312272,11,,,1,476,,312273,11,,,1,98,,312274,11,,,1,98,,312275,11,,,1,100,,312276,11,,,1,96,,312277,11,,,1,196,,312278,11,,,1
6100,'20261104',1229,,312279,11,,,1,105,,312280,11,,,1,103,,312281,11,,,1,113,,312282,11,,,1,476,,312283,11,,,1,98,,312284,11,,,1,98,,312285,11,,,1,100,,312286,11,,,1,96,,312287,11,,,1,196,,312288,11,,,1
6100,'20261105',1229,,312289,11,,,1,105,,312290,11,,,1,103,,312291,11,,,1,113,,312292,11,,,1,476,,312293,11,,,1,98,,312294,11,,,1,98,,312295,11,,,1,100,,312296,11,,,1,96,,312297,11,,,1,196,,312298,11,,,1
6100,'20261106',1229,,312299,11,,,1,105,,312300,11,,,1,103,,312301,11,,,1,113,,312302,11,,,1,476,,312303,11,,,1,98,,312304,11,,,1,98,,312305,11,,,1,100,,312306,11,,,1,96,,312307,11,,,1,196,,312308,11,,,1
6100,'20261109',1229,,312309,11,,,1,105,,312310,11,,,1,103,,312311,11,,,1,113,,312312,11,,,1,476,,312313,11,,,1,98,,312314,11,,,1,98,,312315,11,,,1,100,,312316,11,,,1,96,,312317,11,,,1,196,,312318,11,,,1
6100,'20261110',1229,,312319,11,,,1,105,,312320,11,,,1,103,,312321,11,,,1,113,,312322,11,,,1,476,,312323,11,,,1,98,,312324,11,,,1,98,,312325,11,,,1,100,,312326,11,,,1,96,,312327,11,,,1,196,,312328,11,,,1
6100,'20261111',1229,,312329,11,,,1,105,,312330,11,,,1,103,,312331,11,,,1,113,,312332,11,,,1,476,,312333,11,,,1,98,,312334,11,,,1,98,,312335,11,,,1,100,,312336,11,,,1,96,,312337,11,,,1,196,,312338,11,,,1
6100,'20261112',1229,,312339,11,,,1,105,,312340,11,,,1,103,,312341,11,,,1,113,,312342,11,,,1,476,,312343,11,,,1,98,,312344,11,,,1,98,,312345,11,,,1,100,,312346,11,,,1,96,,312347,11,,,1,196,,312348,11,,,1
6100,'20261113',1229,,312349,11,,,1,105,,312350,11,,,1,103,,312351,11,,,1,113,,312352,11,,,1,476,,312353,11,,,1,98,,312354,11,,,1,98,,312355,11,,,1,100,,312356,11,,,1,96,,312357,11,,,1,196,,312358,11,,,1
6100,'20261116',1229,,312359,11,,,1,105,,312360,11,,,1,103,,312361,11,,,1,113,,312362,11,,,1,476,,312363,11,,,1,98,,312364,11,,,1,98,,312365,11,,,1,100,,312366,11,,,1,96,,312367,11,,,1,196,,312368,11,,,1
6100,'20261117',1229,,312369,11,,,1,105,,312370,11,,,1,103,,312371,11,,,1,113,,312372,11,,,1,476,,312373,11,,,1,98,,312374,11,,,1,98,,312375,11,,,1,100,,312376,11,,,1,96,,312377,11,,,1,196,,312378,11,,,1
6100,'20261118',1229,,312379,11,,,1,105,,312380,11,,,1,103,,312381,11,,,1,113,,312382,11,,,1,476,,312383,11,,,1,98,,312384,11,,,1,98,,312385,11,,,1,100,,312386,11,,,1,96,,312387,11,,,1,196,,312388,11,,,1
6100,'20261119',1229,,312389,11,,,1,105,,312390,11,,,1,103,,312391,11,,,1,113,,312392,11,,,1,476,,312393,11,,,1,98,,312394,11,,,1,98,,312395,11,,,1,100,,312396,11,,,1,96,,312397,11,,,1,196,,312398,11,,,1
6100,'20261120',1229,,312399,11,,,1,105,,312400,11,,,1,103,,312401,11,,,1,113,,312402,11,,,1,476,,312403,11,,,1,98,,312404,11,,,1,98,,312405,11,,,1,100,,312406,11,,,1,96,,312407,11,,,1,196,,312408,11,,,1
6100,'20261123',1229,,312409,11,,,1,105,,312410,11,,,1,103,,312411,11,,,1,113,,312412,11,,,1,476,,312413,11,,,1,98,,312414,11,,,1,98,,312415,11,,,1,100,,312416,11,,,1,96,,312417,11,,,1,196,,312418,11,,,1
6100,'20261124',1229,,312419,11,,,1,105,,312420,11,,,1,103,,312421,11,,,1,113,,312422,11,,,1,476,,312423,11,,,1,98,,312424,11,,,1,98,,312425,11,,,1,100,,312426,11,,,1,96,,312427,11,,,1,196,,312428,11,,,1
6100,'20261125',1229,,312429,11,,,1,105,,312430,11,,,1,103,,312431,11,,,1,113,,312432,11,,,1,476,,312433,11,,,1,98,,312434,11,,,1,98,,312435,11,,,1,100,,312436,11,,,1,96,,312437,11,,,1,196,,312438,11,,,1
6100,'20261126',1229,,312439,11,,,1,105,,312440,11,,,1,103,,312441,11,,,1,113,,312442,11,,,1,476,,312443,11,,,1,98,,312444,11,,,1,98,,312445,11,,,1,100,,312446,11,,,1,96,,312447,11,,,1,196,,312448,11,,,1
6100,'20261127',1229,,312449,11,,,1,105,,312450,11,,,1,103,,312451,11,,,1,113,,312452,11,,,1,476,,312453,11,,,1,98,,312454,11,,,1,98,,312455,11,,,1,100,,312456,11,,,1,96,,312457,11,,,1,196,,312458,11,,,1
