3801,'20260831',532,,176757,15,,,1,100,,176758,15,,,1
3801,'20260901',532,,176759,15,,,1,100,,176760,15,,,1
3801,'20260902',532,,176761,15,,,1,100,,176762,15,,,1
3801,'20260903',532,,176763,15,,,1,100,,176764,15,,,1
3801,'20260904',532,,176765,15,,,1,100,,176766,15,,,1
3801,'20260908',532,,279801,15,,,1,100,,279802,15,,,1
3801,'20260909',532,,279803,15,,,1,100,,279804,15,,,1
3801,'20260910',532,,279805,15,,,1,100,,279806,15,,,1
3801,'20260911',532,,279807,15,,,1,100,,279808,15,,,1
3801,'20260914',532,,279809,15,,,1,100,,279810,15,,,1
3801,'20260915',532,,279811,15,,,1,100,,279812,15,,,1
3801,'20260916',532,,279813,15,,,1,100,,279814,15,,,1
3801,'20260917',532,,279815,15,,,1,100,,279816,15,,,1
3801,'20260918',532,,279817,15,,,1,100,,279818,15,,,1
3801,'20260921',532,,279819,15,,,1,100,,279820,15,,,1
3801,'20260922',532,,279821,15,,,1,100,,279822,15,,,1
3801,'20260923',532,,279823,15,,,1,100,,279824,15,,,1
3801,'20260924',532,,279825,15,,,1,100,,279826,15,,,1
3801,'20260925',532,,279827,15,,,1,100,,279828,15,,,1
3801,'20260928',532,,279829,15,,,1,100,,279830,15,,,1
3801,'20260929',532,,279831,15,,,1,100,,279832,15,,,1
3801,'20260930',532,,279833,15,,,1,100,,279834,15,,,1
3801,'20261001',532,,279835,15,,,1,100,,279836,15,,,1
3801,'20261002',532,,279837,15,,,1,100,,279838,15,,,1
3801,'20261005',532,,279839,15,,,1,100,,279840,15,,,1
3801,'20261006',532,,279841,15,,,1,100,,279842,15,,,1
3801,'20261007',532,,279843,15,,,1,100,,279844,15,,,1
3801,'20261008',532,,279845,15,,,1,100,,279846,15,,,1
3801,'20261009',532,,279847,15,,,1,100,,279848,15,,,1
3801,'20261013',532,,279849,15,,,1,100,,279850,15,,,1
3801,'20261014',532,,279851,15,,,1,100,,279852,15,,,1
3801,'20261015',532,,279853,15,,,1,100,,279854,15,,,1
3801,'20261016',532,,279855,15,,,1,100,,279856,15,,,1
3801,'20261019',532,,279857,15,,,1,100,,279858,15,,,1
3801,'20261020',532,,279859,15,,,1,100,,279860,15,,,1
3801,'20261021',532,,279861,15,,,1,100,,279862,15,,,1
3801,'20261022',532,,279863,15,,,1,100,,279864,15,,,1
3801,'20261023',532,,279865,15,,,1,100,,279866,15,,,1
3801,'20261026',532,,279867,15,,,1,100,,279868,15,,,1
3801,'20261027',532,,279869,15,,,1,100,,279870,15,,,1
3801,'20261028',532,,279871,15,,,1,100,,279872,15,,,1
3801,'20261029',532,,279873,15,,,1,100,,279874,15,,,1
3801,'20261030',532,,279875,15,,,1,100,,279876,15,,,1
3801,'20261102',532,,279877,15,,,1,100,,279878,15,,,1
3801,'20261103',532,,279879,15,,,1,100,,279880,15,,,1
3801,'20261104',532,,279881,15,,,1,100,,279882,15,,,1
3801,'20261105',532,,279883,15,,,1,100,,279884,15,,,1
3801,'20261106',532,,279885,15,,,1,100,,279886,15,,,1
3801,'20261109',532,,279887,15,,,1,100,,279888,15,,,1
3801,'20261110',532,,279889,15,,,1,100,,279890,15,,,1
3801,'20261111',532,,279891,15,,,1,100,,279892,15,,,1
3801,'20261112',532,,279893,15,,,1,100,,279894,15,,,1
3801,'20261113',532,,279895,15,,,1,100,,279896,15,,,1
3801,'20261116',532,,279897,15,,,1,100,,279898,15,,,1
3801,'20261117',532,,279899,15,,,1,100,,279900,15,,,1
3801,'20261118',532,,279901,15,,,1,100,,279902,15,,,1
3801,'20261119',532,,279903,15,,,1,100,,279904,15,,,1
3801,'20261120',532,,279905,15,,,1,100,,279906,15,,,1
3801,'20261123',532,,279907,15,,,1,100,,279908,15,,,1
3801,'20261124',532,,279909,15,,,1,100,,279910,15,,,1
3801,'20261125',532,,279911,15,,,1,100,,279912,15,,,1
3801,'20261126',532,,279913,15,,,1,100,,279914,15,,,1
3801,'20261127',532,,279915,15,,,1,100,,279916,15,,,1
