6100,'20260831',1238,,202585,19,,,1,105,,202586,19,,,1,103,,202587,19,,,1,154,,202588,19,,,1,435,,202589,19,,,1,96,,202590,19,,,1,98,,202591,19,,,1,100,,202592,19,,,1,95,,202593,19,,,1,196,,202594,19,,,1
6100,'20260901',1238,,202595,19,,,1,105,,202596,19,,,1,103,,202597,19,,,1,154,,202598,19,,,1,435,,202599,19,,,1,96,,202600,19,,,1,98,,202601,19,,,1,100,,202602,19,,,1,95,,202603,19,,,1,196,,202604,19,,,1
6100,'20260902',1238,,202605,19,,,1,105,,202606,19,,,1,103,,202607,19,,,1,154,,202608,19,,,1,435,,202609,19,,,1,96,,202610,19,,,1,98,,202611,19,,,1,100,,202612,19,,,1,95,,202613,19,,,1,196,,202614,19,,,1
6100,'20260903',1238,,202615,19,,,1,105,,202616,19,,,1,103,,202617,19,,,1,154,,202618,19,,,1,435,,202619,19,,,1,96,,202620,19,,,1,98,,202621,19,,,1,100,,202622,19,,,1,95,,202623,19,,,1,196,,202624,19,,,1
6100,'20260904',1238,,202625,19,,,1,105,,202626,19,,,1,103,,202627,19,,,1,154,,202628,19,,,1,435,,202629,19,,,1,96,,202630,19,,,1,98,,202631,19,,,1,100,,202632,19,,,1,95,,202633,19,,,1,196,,202634,19,,,1
6100,'20260908',1238,,311879,19,,,1,105,,311880,19,,,1,103,,311881,19,,,1,154,,311882,19,,,1,435,,311883,19,,,1,96,,311884,19,,,1,98,,311885,19,,,1,100,,311886,19,,,1,95,,311887,19,,,1,196,,311888,19,,,1
6100,'20260909',1238,,311889,19,,,1,105,,311890,19,,,1,103,,311891,19,,,1,154,,311892,19,,,1,435,,311893,19,,,1,96,,311894,19,,,1,98,,311895,19,,,1,100,,311896,19,,,1,95,,311897,19,,,1,196,,311898,19,,,1
6100,'20260910',1238,,311899,19,,,1,105,,311900,19,,,1,103,,311901,19,,,1,154,,311902,19,,,1,435,,311903,19,,,1,96,,311904,19,,,1,98,,311905,19,,,1,100,,311906,19,,,1,95,,311907,19,,,1,196,,311908,19,,,1
6100,'20260911',1238,,311909,19,,,1,105,,311910,19,,,1,103,,311911,19,,,1,154,,311912,19,,,1,435,,311913,19,,,1,96,,311914,19,,,1,98,,311915,19,,,1,100,,311916,19,,,1,95,,311917,19,,,1,196,,311918,19,,,1
6100,'20260914',1238,,311919,19,,,1,105,,311920,19,,,1,103,,311921,19,,,1,154,,311922,19,,,1,435,,311923,19,,,1,96,,311924,19,,,1,98,,311925,19,,,1,100,,311926,19,,,1,95,,311927,19,,,1,196,,311928,19,,,1
6100,'20260915',1238,,311929,19,,,1,105,,311930,19,,,1,103,,311931,19,,,1,154,,311932,19,,,1,435,,311933,19,,,1,96,,311934,19,,,1,98,,311935,19,,,1,100,,311936,19,,,1,95,,311937,19,,,1,196,,311938,19,,,1
6100,'20260916',1238,,311939,19,,,1,105,,311940,19,,,1,103,,311941,19,,,1,154,,311942,19,,,1,435,,311943,19,,,1,96,,311944,19,,,1,98,,311945,19,,,1,100,,311946,19,,,1,95,,311947,19,,,1,196,,311948,19,,,1
6100,'20260917',1238,,311949,19,,,1,105,,311950,19,,,1,103,,311951,19,,,1,154,,311952,19,,,1,435,,311953,19,,,1,96,,311954,19,,,1,98,,311955,19,,,1,100,,311956,19,,,1,95,,311957,19,,,1,196,,311958,19,,,1
6100,'20260918',1238,,311959,19,,,1,105,,311960,19,,,1,103,,311961,19,,,1,154,,311962,19,,,1,435,,311963,19,,,1,96,,311964,19,,,1,98,,311965,19,,,1,100,,311966,19,,,1,95,,311967,19,,,1,196,,311968,19,,,1
6100,'20260921',1238,,311969,19,,,1,105,,311970,19,,,1,103,,311971,19,,,1,154,,311972,19,,,1,435,,311973,19,,,1,96,,311974,19,,,1,98,,311975,19,,,1,100,,311976,19,,,1,95,,311977,19,,,1,196,,311978,19,,,1
6100,'20260922',1238,,311979,19,,,1,105,,311980,19,,,1,103,,311981,19,,,1,154,,311982,19,,,1,435,,311983,19,,,1,96,,311984,19,,,1,98,,311985,19,,,1,100,,311986,19,,,1,95,,311987,19,,,1,196,,311988,19,,,1
6100,'20260923',1238,,311989,19,,,1,105,,311990,19,,,1,103,,311991,19,,,1,154,,311992,19,,,1,435,,311993,19,,,1,96,,311994,19,,,1,98,,311995,19,,,1,100,,311996,19,,,1,95,,311997,19,,,1,196,,311998,19,,,1
6100,'20260924',1238,,311999,19,,,1,105,,312000,19,,,1,103,,312001,19,,,1,154,,312002,19,,,1,435,,312003,19,,,1,96,,312004,19,,,1,98,,312005,19,,,1,100,,312006,19,,,1,95,,312007,19,,,1,196,,312008,19,,,1
6100,'20260925',1238,,312009,19,,,1,105,,312010,19,,,1,103,,312011,19,,,1,154,,312012,19,,,1,435,,312013,19,,,1,96,,312014,19,,,1,98,,312015,19,,,1,100,,312016,19,,,1,95,,312017,19,,,1,196,,312018,19,,,1
6100,'20260928',1238,,312019,19,,,1,105,,312020,19,,,1,103,,312021,19,,,1,154,,312022,19,,,1,435,,312023,19,,,1,96,,312024,19,,,1,98,,312025,19,,,1,100,,312026,19,,,1,95,,312027,19,,,1,196,,312028,19,,,1
6100,'20260929',1238,,312029,19,,,1,105,,312030,19,,,1,103,,312031,19,,,1,154,,312032,19,,,1,435,,312033,19,,,1,96,,312034,19,,,1,98,,312035,19,,,1,100,,312036,19,,,1,95,,312037,19,,,1,196,,312038,19,,,1
6100,'20260930',1238,,312039,19,,,1,105,,312040,19,,,1,103,,312041,19,,,1,154,,312042,19,,,1,435,,312043,19,,,1,96,,312044,19,,,1,98,,312045,19,,,1,100,,312046,19,,,1,95,,312047,19,,,1,196,,312048,19,,,1
6100,'20261001',1238,,312049,19,,,1,105,,312050,19,,,1,103,,312051,19,,,1,154,,312052,19,,,1,435,,312053,19,,,1,96,,312054,19,,,1,98,,312055,19,,,1,100,,312056,19,,,1,95,,312057,19,,,1,196,,312058,19,,,1
6100,'20261002',1238,,312059,19,,,1,105,,312060,19,,,1,103,,312061,19,,,1,154,,312062,19,,,1,435,,312063,19,,,1,96,,312064,19,,,1,98,,312065,19,,,1,100,,312066,19,,,1,95,,312067,19,,,1,196,,312068,19,,,1
6100,'20261005',1238,,312069,19,,,1,105,,312070,19,,,1,103,,312071,19,,,1,154,,312072,19,,,1,435,,312073,19,,,1,96,,312074,19,,,1,98,,312075,19,,,1,100,,312076,19,,,1,95,,312077,19,,,1,196,,312078,19,,,1
6100,'20261006',1238,,312079,19,,,1,105,,312080,19,,,1,103,,312081,19,,,1,154,,312082,19,,,1,435,,312083,19,,,1,96,,312084,19,,,1,98,,312085,19,,,1,100,,312086,19,,,1,95,,312087,19,,,1,196,,312088,19,,,1
6100,'20261007',1238,,312089,19,,,1,105,,312090,19,,,1,103,,312091,19,,,1,154,,312092,19,,,1,435,,312093,19,,,1,96,,312094,19,,,1,98,,312095,19,,,1,100,,312096,19,,,1,95,,312097,19,,,1,196,,312098,19,,,1
6100,'20261008',1238,,312099,19,,,1,105,,312100,19,,,1,103,,312101,19,,,1,154,,312102,19,,,1,435,,312103,19,,,1,96,,312104,19,,,1,98,,312105,19,,,1,100,,312106,19,,,1,95,,312107,19,,,1,196,,312108,19,,,1
6100,'20261009',1238,,312109,19,,,1,105,,312110,19,,,1,103,,312111,19,,,1,154,,312112,19,,,1,435,,312113,19,,,1,96,,312114,19,,,1,98,,312115,19,,,1,100,,312116,19,,,1,95,,312117,19,,,1,196,,312118,19,,,1
6100,'20261013',1238,,312119,19,,,1,105,,312120,19,,,1,103,,312121,19,,,1,154,,312122,19,,,1,435,,312123,19,,,1,96,,312124,19,,,1,98,,312125,19,,,1,100,,312126,19,,,1,95,,312127,19,,,1,196,,312128,19,,,1
6100,'20261014',1238,,312129,19,,,1,105,,312130,19,,,1,103,,312131,19,,,1,154,,312132,19,,,1,435,,312133,19,,,1,96,,312134,19,,,1,98,,312135,19,,,1,100,,312136,19,,,1,95,,312137,19,,,1,196,,312138,19,,,1
6100,'20261015',1238,,312139,19,,,1,105,,312140,19,,,1,103,,312141,19,,,1,154,,312142,19,,,1,435,,312143,19,,,1,96,,312144,19,,,1,98,,312145,19,,,1,100,,312146,19,,,1,95,,312147,19,,,1,196,,312148,19,,,1
6100,'20261016',1238,,312149,19,,,1,105,,312150,19,,,1,103,,312151,19,,,1,154,,312152,19,,,1,435,,312153,19,,,1,96,,312154,19,,,1,98,,312155,19,,,1,100,,312156,19,,,1,95,,312157,19,,,1,196,,312158,19,,,1
6100,'20261019',1238,,312159,19,,,1,105,,312160,19,,,1,103,,312161,19,,,1,154,,312162,19,,,1,435,,312163,19,,,1,96,,312164,19,,,1,98,,312165,19,,,1,100,,312166,19,,,1,95,,312167,19,,,1,196,,312168,19,,,1
6100,'20261020',1238,,312169,19,,,1,105,,312170,19,,,1,103,,312171,19,,,1,154,,312172,19,,,1,435,,312173,19,,,1,96,,312174,19,,,1,98,,312175,19,,,1,100,,312176,19,,,1,95,,312177,19,,,1,196,,312178,19,,,1
6100,'20261021',1238,,312179,19,,,1,105,,312180,19,,,1,103,,312181,19,,,1,154,,312182,19,,,1,435,,312183,19,,,1,96,,312184,19,,,1,98,,312185,19,,,1,100,,312186,19,,,1,95,,312187,19,,,1,196,,312188,19,,,1
6100,'20261022',1238,,312189,19,,,1,105,,312190,19,,,1,103,,312191,19,,,1,154,,312192,19,,,1,435,,312193,19,,,1,96,,312194,19,,,1,98,,312195,19,,,1,100,,312196,19,,,1,95,,312197,19,,,1,196,,312198,19,,,1
6100,'20261023',1238,,312199,19,,,1,105,,312200,19,,,1,103,,312201,19,,,1,154,,312202,19,,,1,435,,312203,19,,,1,96,,312204,19,,,1,98,,312205,19,,,1,100,,312206,19,,,1,95,,312207,19,,,1,196,,312208,19,,,1
6100,'20261026',1238,,312209,19,,,1,105,,312210,19,,,1,103,,312211,19,,,1,154,,312212,19,,,1,435,,312213,19,,,1,96,,312214,19,,,1,98,,312215,19,,,1,100,,312216,19,,,1,95,,312217,19,,,1,196,,312218,19,,,1
6100,'20261027',1238,,312219,19,,,1,105,,312220,19,,,1,103,,312221,19,,,1,154,,312222,19,,,1,435,,312223,19,,,1,96,,312224,19,,,1,98,,312225,19,,,1,100,,312226,19,,,1,95,,312227,19,,,1,196,,312228,19,,,1
6100,'20261028',1238,,312229,19,,,1,105,,312230,19,,,1,103,,312231,19,,,1,154,,312232,19,,,1,435,,312233,19,,,1,96,,312234,19,,,1,98,,312235,19,,,1,100,,312236,19,,,1,95,,312237,19,,,1,196,,312238,19,,,1
6100,'20261029',1238,,312239,19,,,1,105,,312240,19,,,1,103,,312241,19,,,1,154,,312242,19,,,1,435,,312243,19,,,1,96,,312244,19,,,1,98,,312245,19,,,1,100,,312246,19,,,1,95,,312247,19,,,1,196,,312248,19,,,1
6100,'20261030',1238,,312249,19,,,1,105,,312250,19,,,1,103,,312251,19,,,1,154,,312252,19,,,1,435,,312253,19,,,1,96,,312254,19,,,1,98,,312255,19,,,1,100,,312256,19,,,1,95,,312257,19,,,1,196,,312258,19,,,1
6100,'20261102',1238,,312259,19,,,1,105,,312260,19,,,1,103,,312261,19,,,1,154,,312262,19,,,1,435,,312263,19,,,1,96,,312264,19,,,1,98,,312265,19,,,1,100,,312266,19,,,1,95,,312267,19,,,1,196,,312268,19,,,1
6100,'20261103',1238,,312269,19,,,1,105,,312270,19,,,1,103,,312271,19,,,1,154,,312272,19,,,1,435,,312273,19,,,1,96,,312274,19,,,1,98,,312275,19,,,1,100,,312276,19,,,1,95,,312277,19,,,1,196,,312278,19,,,1
6100,'20261104',1238,,312279,19,,,1,105,,312280,19,,,1,103,,312281,19,,,1,154,,312282,19,,,1,435,,312283,19,,,1,96,,312284,19,,,1,98,,312285,19,,,1,100,,312286,19,,,1,95,,312287,19,,,1,196,,312288,19,,,1
6100,'20261105',1238,,312289,19,,,1,105,,312290,19,,,1,103,,312291,19,,,1,154,,312292,19,,,1,435,,312293,19,,,1,96,,312294,19,,,1,98,,312295,19,,,1,100,,312296,19,,,1,95,,312297,19,,,1,196,,312298,19,,,1
6100,'20261106',1238,,312299,19,,,1,105,,312300,19,,,1,103,,312301,19,,,1,154,,312302,19,,,1,435,,312303,19,,,1,96,,312304,19,,,1,98,,312305,19,,,1,100,,312306,19,,,1,95,,312307,19,,,1,196,,312308,19,,,1
6100,'20261109',1238,,312309,19,,,1,105,,312310,19,,,1,103,,312311,19,,,1,154,,312312,19,,,1,435,,312313,19,,,1,96,,312314,19,,,1,98,,312315,19,,,1,100,,312316,19,,,1,95,,312317,19,,,1,196,,312318,19,,,1
6100,'20261110',1238,,312319,19,,,1,105,,312320,19,,,1,103,,312321,19,,,1,154,,312322,19,,,1,435,,312323,19,,,1,96,,312324,19,,,1,98,,312325,19,,,1,100,,312326,19,,,1,95,,312327,19,,,1,196,,312328,19,,,1
6100,'20261111',1238,,312329,19,,,1,105,,312330,19,,,1,103,,312331,19,,,1,154,,312332,19,,,1,435,,312333,19,,,1,96,,312334,19,,,1,98,,312335,19,,,1,100,,312336,19,,,1,95,,312337,19,,,1,196,,312338,19,,,1
6100,'20261112',1238,,312339,19,,,1,105,,312340,19,,,1,103,,312341,19,,,1,154,,312342,19,,,1,435,,312343,19,,,1,96,,312344,19,,,1,98,,312345,19,,,1,100,,312346,19,,,1,95,,312347,19,,,1,196,,312348,19,,,1
6100,'20261113',1238,,312349,19,,,1,105,,312350,19,,,1,103,,312351,19,,,1,154,,312352,19,,,1,435,,312353,19,,,1,96,,312354,19,,,1,98,,312355,19,,,1,100,,312356,19,,,1,95,,312357,19,,,1,196,,312358,19,,,1
6100,'20261116',1238,,312359,19,,,1,105,,312360,19,,,1,103,,312361,19,,,1,154,,312362,19,,,1,435,,312363,19,,,1,96,,312364,19,,,1,98,,312365,19,,,1,100,,312366,19,,,1,95,,312367,19,,,1,196,,312368,19,,,1
6100,'20261117',1238,,312369,19,,,1,105,,312370,19,,,1,103,,312371,19,,,1,154,,312372,19,,,1,435,,312373,19,,,1,96,,312374,19,,,1,98,,312375,19,,,1,100,,312376,19,,,1,95,,312377,19,,,1,196,,312378,19,,,1
6100,'20261118',1238,,312379,19,,,1,105,,312380,19,,,1,103,,312381,19,,,1,154,,312382,19,,,1,435,,312383,19,,,1,96,,312384,19,,,1,98,,312385,19,,,1,100,,312386,19,,,1,95,,312387,19,,,1,196,,312388,19,,,1
6100,'20261119',1238,,312389,19,,,1,105,,312390,19,,,1,103,,312391,19,,,1,154,,312392,19,,,1,435,,312393,19,,,1,96,,312394,19,,,1,98,,312395,19,,,1,100,,312396,19,,,1,95,,312397,19,,,1,196,,312398,19,,,1
6100,'20261120',1238,,312399,19,,,1,105,,312400,19,,,1,103,,312401,19,,,1,154,,312402,19,,,1,435,,312403,19,,,1,96,,312404,19,,,1,98,,312405,19,,,1,100,,312406,19,,,1,95,,312407,19,,,1,196,,312408,19,,,1
6100,'20261123',1238,,312409,19,,,1,105,,312410,19,,,1,103,,312411,19,,,1,154,,312412,19,,,1,435,,312413,19,,,1,96,,312414,19,,,1,98,,312415,19,,,1,100,,312416,19,,,1,95,,312417,19,,,1,196,,312418,19,,,1
6100,'20261124',1238,,312419,19,,,1,105,,312420,19,,,1,103,,312421,19,,,1,154,,312422,19,,,1,435,,312423,19,,,1,96,,312424,19,,,1,98,,312425,19,,,1,100,,312426,19,,,1,95,,312427,19,,,1,196,,312428,19,,,1
6100,'20261125',1238,,312429,19,,,1,105,,312430,19,,,1,103,,312431,19,,,1,154,,312432,19,,,1,435,,312433,19,,,1,96,,312434,19,,,1,98,,312435,19,,,1,100,,312436,19,,,1,95,,312437,19,,,1,196,,312438,19,,,1
6100,'20261126',1238,,312439,19,,,1,105,,312440,19,,,1,103,,312441,19,,,1,154,,312442,19,,,1,435,,312443,19,,,1,96,,312444,19,,,1,98,,312445,19,,,1,100,,312446,19,,,1,95,,312447,19,,,1,196,,312448,19,,,1
6100,'20261127',1238,,312449,19,,,1,105,,312450,19,,,1,103,,312451,19,,,1,154,,312452,19,,,1,435,,312453,19,,,1,96,,312454,19,,,1,98,,312455,19,,,1,100,,312456,19,,,1,95,,312457,19,,,1,196,,312458,19,,,1
6101,'20260831',519,,202953,3,,,1,410,,202954,3,,,1,103,,202955,3,,,1,100,,202956,3,,,1,100,,202957,3,,,1,100,,202958,3,,,1
6101,'20260901',519,,202959,3,,,1,410,,202960,3,,,1,103,,202961,3,,,1,100,,202962,3,,,1,100,,202963,3,,,1,100,,202964,3,,,1
6101,'20260902',519,,202965,3,,,1,410,,202966,3,,,1,103,,202967,3,,,1,100,,202968,3,,,1,100,,202969,3,,,1,100,,202970,3,,,1
6101,'20260903',519,,202971,3,,,1,410,,202972,3,,,1,103,,202973,3,,,1,100,,202974,3,,,1,100,,202975,3,,,1,100,,202976,3,,,1
6101,'20260904',519,,202977,3,,,1,410,,202978,3,,,1,103,,202979,3,,,1,100,,202980,3,,,1,100,,202981,3,,,1,100,,202982,3,,,1
6101,'20260908',519,,312459,3,,,1,410,,312460,3,,,1,103,,312461,3,,,1,100,,312462,3,,,1,100,,312463,3,,,1,100,,312464,3,,,1
6101,'20260909',519,,312465,3,,,1,410,,312466,3,,,1,103,,312467,3,,,1,100,,312468,3,,,1,100,,312469,3,,,1,100,,312470,3,,,1
6101,'20260910',519,,312471,3,,,1,410,,312472,3,,,1,103,,312473,3,,,1,100,,312474,3,,,1,100,,312475,3,,,1,100,,312476,3,,,1
6101,'20260911',519,,312477,3,,,1,410,,312478,3,,,1,103,,312479,3,,,1,100,,312480,3,,,1,100,,312481,3,,,1,100,,312482,3,,,1
6101,'20260914',519,,312483,3,,,1,410,,312484,3,,,1,103,,312485,3,,,1,100,,312486,3,,,1,100,,312487,3,,,1,100,,312488,3,,,1
6101,'20260915',519,,312489,3,,,1,410,,312490,3,,,1,103,,312491,3,,,1,100,,312492,3,,,1,100,,312493,3,,,1,100,,312494,3,,,1
6101,'20260916',519,,312495,3,,,1,410,,312496,3,,,1,103,,312497,3,,,1,100,,312498,3,,,1,100,,312499,3,,,1,100,,312500,3,,,1
6101,'20260917',519,,312501,3,,,1,410,,312502,3,,,1,103,,312503,3,,,1,100,,312504,3,,,1,100,,312505,3,,,1,100,,312506,3,,,1
6101,'20260918',519,,312507,3,,,1,410,,312508,3,,,1,103,,312509,3,,,1,100,,312510,3,,,1,100,,312511,3,,,1,100,,312512,3,,,1
6101,'20260921',519,,312513,3,,,1,410,,312514,3,,,1,103,,312515,3,,,1,100,,312516,3,,,1,100,,312517,3,,,1,100,,312518,3,,,1
6101,'20260922',519,,312519,3,,,1,410,,312520,3,,,1,103,,312521,3,,,1,100,,312522,3,,,1,100,,312523,3,,,1,100,,312524,3,,,1
6101,'20260923',519,,312525,3,,,1,410,,312526,3,,,1,103,,312527,3,,,1,100,,312528,3,,,1,100,,312529,3,,,1,100,,312530,3,,,1
6101,'20260924',519,,312531,3,,,1,410,,312532,3,,,1,103,,312533,3,,,1,100,,312534,3,,,1,100,,312535,3,,,1,100,,312536,3,,,1
6101,'20260925',519,,312537,3,,,1,410,,312538,3,,,1,103,,312539,3,,,1,100,,312540,3,,,1,100,,312541,3,,,1,100,,312542,3,,,1
6101,'20260928',519,,312543,3,,,1,410,,312544,3,,,1,103,,312545,3,,,1,100,,312546,3,,,1,100,,312547,3,,,1,100,,312548,3,,,1
6101,'20260929',519,,312549,3,,,1,410,,312550,3,,,1,103,,312551,3,,,1,100,,312552,3,,,1,100,,312553,3,,,1,100,,312554,3,,,1
6101,'20260930',519,,312555,3,,,1,410,,312556,3,,,1,103,,312557,3,,,1,100,,312558,3,,,1,100,,312559,3,,,1,100,,312560,3,,,1
6101,'20261001',519,,312561,3,,,1,410,,312562,3,,,1,103,,312563,3,,,1,100,,312564,3,,,1,100,,312565,3,,,1,100,,312566,3,,,1
6101,'20261002',519,,312567,3,,,1,410,,312568,3,,,1,103,,312569,3,,,1,100,,312570,3,,,1,100,,312571,3,,,1,100,,312572,3,,,1
6101,'20261005',519,,312573,3,,,1,410,,312574,3,,,1,103,,312575,3,,,1,100,,312576,3,,,1,100,,312577,3,,,1,100,,312578,3,,,1
6101,'20261006',519,,312579,3,,,1,410,,312580,3,,,1,103,,312581,3,,,1,100,,312582,3,,,1,100,,312583,3,,,1,100,,312584,3,,,1
6101,'20261007',519,,312585,3,,,1,410,,312586,3,,,1,103,,312587,3,,,1,100,,312588,3,,,1,100,,312589,3,,,1,100,,312590,3,,,1
6101,'20261008',519,,312591,3,,,1,410,,312592,3,,,1,103,,312593,3,,,1,100,,312594,3,,,1,100,,312595,3,,,1,100,,312596,3,,,1
6101,'20261009',519,,312597,3,,,1,410,,312598,3,,,1,103,,312599,3,,,1,100,,312600,3,,,1,100,,312601,3,,,1,100,,312602,3,,,1
6101,'20261013',519,,312603,3,,,1,410,,312604,3,,,1,103,,312605,3,,,1,100,,312606,3,,,1,100,,312607,3,,,1,100,,312608,3,,,1
6101,'20261014',519,,312609,3,,,1,410,,312610,3,,,1,103,,312611,3,,,1,100,,312612,3,,,1,100,,312613,3,,,1,100,,312614,3,,,1
6101,'20261015',519,,312615,3,,,1,410,,312616,3,,,1,103,,312617,3,,,1,100,,312618,3,,,1,100,,312619,3,,,1,100,,312620,3,,,1
6101,'20261016',519,,312621,3,,,1,410,,312622,3,,,1,103,,312623,3,,,1,100,,312624,3,,,1,100,,312625,3,,,1,100,,312626,3,,,1
6101,'20261019',519,,312627,3,,,1,410,,312628,3,,,1,103,,312629,3,,,1,100,,312630,3,,,1,100,,312631,3,,,1,100,,312632,3,,,1
6101,'20261020',519,,312633,3,,,1,410,,312634,3,,,1,103,,312635,3,,,1,100,,312636,3,,,1,100,,312637,3,,,1,100,,312638,3,,,1
6101,'20261021',519,,312639,3,,,1,410,,312640,3,,,1,103,,312641,3,,,1,100,,312642,3,,,1,100,,312643,3,,,1,100,,312644,3,,,1
6101,'20261022',519,,312645,3,,,1,410,,312646,3,,,1,103,,312647,3,,,1,100,,312648,3,,,1,100,,312649,3,,,1,100,,312650,3,,,1
6101,'20261023',519,,312651,3,,,1,410,,312652,3,,,1,103,,312653,3,,,1,100,,312654,3,,,1,100,,312655,3,,,1,100,,312656,3,,,1
6101,'20261026',519,,312657,3,,,1,410,,312658,3,,,1,103,,312659,3,,,1,100,,312660,3,,,1,100,,312661,3,,,1,100,,312662,3,,,1
6101,'20261027',519,,312663,3,,,1,410,,312664,3,,,1,103,,312665,3,,,1,100,,312666,3,,,1,100,,312667,3,,,1,100,,312668,3,,,1
6101,'20261028',519,,312669,3,,,1,410,,312670,3,,,1,103,,312671,3,,,1,100,,312672,3,,,1,100,,312673,3,,,1,100,,312674,3,,,1
6101,'20261029',519,,312675,3,,,1,410,,312676,3,,,1,103,,312677,3,,,1,100,,312678,3,,,1,100,,312679,3,,,1,100,,312680,3,,,1
6101,'20261030',519,,312681,3,,,1,410,,312682,3,,,1,103,,312683,3,,,1,100,,312684,3,,,1,100,,312685,3,,,1,100,,312686,3,,,1
6101,'20261102',519,,312687,3,,,1,410,,312688,3,,,1,103,,312689,3,,,1,100,,312690,3,,,1,100,,312691,3,,,1,100,,312692,3,,,1
6101,'20261103',519,,312693,3,,,1,410,,312694,3,,,1,103,,312695,3,,,1,100,,312696,3,,,1,100,,312697,3,,,1,100,,312698,3,,,1
6101,'20261104',519,,312699,3,,,1,410,,312700,3,,,1,103,,312701,3,,,1,100,,312702,3,,,1,100,,312703,3,,,1,100,,312704,3,,,1
6101,'20261105',519,,312705,3,,,1,410,,312706,3,,,1,103,,312707,3,,,1,100,,312708,3,,,1,100,,312709,3,,,1,100,,312710,3,,,1
6101,'20261106',519,,312711,3,,,1,410,,312712,3,,,1,103,,312713,3,,,1,100,,312714,3,,,1,100,,312715,3,,,1,100,,312716,3,,,1
6101,'20261109',519,,312717,3,,,1,410,,312718,3,,,1,103,,312719,3,,,1,100,,312720,3,,,1,100,,312721,3,,,1,100,,312722,3,,,1
6101,'20261110',519,,312723,3,,,1,410,,312724,3,,,1,103,,312725,3,,,1,100,,312726,3,,,1,100,,312727,3,,,1,100,,312728,3,,,1
6101,'20261111',519,,312729,3,,,1,410,,312730,3,,,1,103,,312731,3,,,1,100,,312732,3,,,1,100,,312733,3,,,1,100,,312734,3,,,1
6101,'20261112',519,,312735,3,,,1,410,,312736,3,,,1,103,,312737,3,,,1,100,,312738,3,,,1,100,,312739,3,,,1,100,,312740,3,,,1
6101,'20261113',519,,312741,3,,,1,410,,312742,3,,,1,103,,312743,3,,,1,100,,312744,3,,,1,100,,312745,3,,,1,100,,312746,3,,,1
6101,'20261116',519,,312747,3,,,1,410,,312748,3,,,1,103,,312749,3,,,1,100,,312750,3,,,1,100,,312751,3,,,1,100,,312752,3,,,1
6101,'20261117',519,,312753,3,,,1,410,,312754,3,,,1,103,,312755,3,,,1,100,,312756,3,,,1,100,,312757,3,,,1,100,,312758,3,,,1
6101,'20261118',519,,312759,3,,,1,410,,312760,3,,,1,103,,312761,3,,,1,100,,312762,3,,,1,100,,312763,3,,,1,100,,312764,3,,,1
6101,'20261119',519,,312765,3,,,1,410,,312766,3,,,1,103,,312767,3,,,1,100,,312768,3,,,1,100,,312769,3,,,1,100,,312770,3,,,1
6101,'20261120',519,,312771,3,,,1,410,,312772,3,,,1,103,,312773,3,,,1,100,,312774,3,,,1,100,,312775,3,,,1,100,,312776,3,,,1
6101,'20261123',519,,312777,3,,,1,410,,312778,3,,,1,103,,312779,3,,,1,100,,312780,3,,,1,100,,312781,3,,,1,100,,312782,3,,,1
6101,'20261124',519,,312783,3,,,1,410,,312784,3,,,1,103,,312785,3,,,1,100,,312786,3,,,1,100,,312787,3,,,1,100,,312788,3,,,1
6101,'20261125',519,,312789,3,,,1,410,,312790,3,,,1,103,,312791,3,,,1,100,,312792,3,,,1,100,,312793,3,,,1,100,,312794,3,,,1
6101,'20261126',519,,312795,3,,,1,410,,312796,3,,,1,103,,312797,3,,,1,100,,312798,3,,,1,100,,312799,3,,,1,100,,312800,3,,,1
6101,'20261127',519,,312801,3,,,1,410,,312802,3,,,1,103,,312803,3,,,1,100,,312804,3,,,1,100,,312805,3,,,1,100,,312806,3,,,1
