1701,'20260831',600,,133212,12,,,1,157,,133213,12,,,1,143,,133214,12,,,1,100,,133215,12,,,1,102,,133216,12,,,1,200,,133217,12,,,1,55,,133218,12,,,1,98,,133219,12,,,1,85,,133220,12,,,1,115,,133221,12,,,1,145,,133222,12,,,1,55,,133223,12,,,1,150,,133224,12,,,1,98,,133225,12,,,1
1701,'20260901',600,,133226,12,,,1,157,,133227,12,,,1,143,,133228,12,,,1,100,,133229,12,,,1,102,,133230,12,,,1,200,,133231,12,,,1,55,,133232,12,,,1,98,,133233,12,,,1,85,,133234,12,,,1,115,,133235,12,,,1,145,,133236,12,,,1,55,,133237,12,,,1,150,,133238,12,,,1,98,,133239,12,,,1
1701,'20260902',600,,133240,12,,,1,157,,133241,12,,,1,143,,133242,12,,,1,100,,133243,12,,,1,102,,133244,12,,,1,200,,133245,12,,,1,55,,133246,12,,,1,98,,133247,12,,,1,85,,133248,12,,,1,115,,133249,12,,,1,145,,133250,12,,,1,55,,133251,12,,,1,150,,133252,12,,,1,98,,133253,12,,,1
1701,'20260903',600,,133254,12,,,1,157,,133255,12,,,1,143,,133256,12,,,1,100,,133257,12,,,1,102,,133258,12,,,1,200,,133259,12,,,1,55,,133260,12,,,1,98,,133261,12,,,1,85,,133262,12,,,1,115,,133263,12,,,1,145,,133264,12,,,1,55,,133265,12,,,1,150,,133266,12,,,1,98,,133267,12,,,1
1701,'20260904',600,,133268,12,,,1,157,,133269,12,,,1,143,,133270,12,,,1,100,,133271,12,,,1,102,,133272,12,,,1,200,,133273,12,,,1,55,,133274,12,,,1,98,,133275,12,,,1,85,,133276,12,,,1,115,,133277,12,,,1,145,,133278,12,,,1,55,,133279,12,,,1,150,,133280,12,,,1,98,,133281,12,,,1
1701,'20260908',600,,232869,12,,,1,157,,232870,12,,,1,153,,232871,12,,,1,90,,232872,12,,,1,102,,232873,12,,,1,200,,232874,12,,,1,55,,232875,12,,,1,98,,232876,12,,,1,85,,232877,12,,,1,115,,232878,12,,,1,145,,232879,12,,,1,55,,232880,12,,,1,150,,232881,12,,,1,98,,232882,12,,,1
1701,'20260909',600,,232883,12,,,1,157,,232884,12,,,1,153,,232885,12,,,1,90,,232886,12,,,1,102,,232887,12,,,1,200,,232888,12,,,1,55,,232889,12,,,1,98,,232890,12,,,1,85,,232891,12,,,1,115,,232892,12,,,1,145,,232893,12,,,1,55,,232894,12,,,1,150,,232895,12,,,1,98,,232896,12,,,1
1701,'20260910',600,,232897,12,,,1,157,,232898,12,,,1,153,,232899,12,,,1,90,,232900,12,,,1,102,,232901,12,,,1,200,,232902,12,,,1,55,,232903,12,,,1,98,,232904,12,,,1,85,,232905,12,,,1,115,,232906,12,,,1,145,,232907,12,,,1,55,,232908,12,,,1,150,,232909,12,,,1,98,,232910,12,,,1
1701,'20260911',600,,232911,12,,,1,157,,232912,12,,,1,153,,232913,12,,,1,90,,232914,12,,,1,102,,232915,12,,,1,200,,232916,12,,,1,55,,232917,12,,,1,98,,232918,12,,,1,85,,232919,12,,,1,115,,232920,12,,,1,145,,232921,12,,,1,55,,232922,12,,,1,150,,232923,12,,,1,98,,232924,12,,,1
1701,'20260914',600,,232925,12,,,1,157,,232926,12,,,1,153,,232927,12,,,1,90,,232928,12,,,1,102,,232929,12,,,1,200,,232930,12,,,1,55,,232931,12,,,1,98,,232932,12,,,1,85,,232933,12,,,1,115,,232934,12,,,1,145,,232935,12,,,1,55,,232936,12,,,1,150,,232937,12,,,1,98,,232938,12,,,1
1701,'20260915',600,,232939,12,,,1,157,,232940,12,,,1,153,,232941,12,,,1,90,,232942,12,,,1,102,,232943,12,,,1,200,,232944,12,,,1,55,,232945,12,,,1,98,,232946,12,,,1,85,,232947,12,,,1,115,,232948,12,,,1,145,,232949,12,,,1,55,,232950,12,,,1,150,,232951,12,,,1,98,,232952,12,,,1
1701,'20260916',600,,232953,12,,,1,157,,232954,12,,,1,153,,232955,12,,,1,90,,232956,12,,,1,102,,232957,12,,,1,200,,232958,12,,,1,55,,232959,12,,,1,98,,232960,12,,,1,85,,232961,12,,,1,115,,232962,12,,,1,145,,232963,12,,,1,55,,232964,12,,,1,150,,232965,12,,,1,98,,232966,12,,,1
1701,'20260917',600,,232967,12,,,1,157,,232968,12,,,1,153,,232969,12,,,1,90,,232970,12,,,1,102,,232971,12,,,1,200,,232972,12,,,1,55,,232973,12,,,1,98,,232974,12,,,1,85,,232975,12,,,1,115,,232976,12,,,1,145,,232977,12,,,1,55,,232978,12,,,1,150,,232979,12,,,1,98,,232980,12,,,1
1701,'20260918',600,,232981,12,,,1,157,,232982,12,,,1,153,,232983,12,,,1,90,,232984,12,,,1,102,,232985,12,,,1,200,,232986,12,,,1,55,,232987,12,,,1,98,,232988,12,,,1,85,,232989,12,,,1,115,,232990,12,,,1,145,,232991,12,,,1,55,,232992,12,,,1,150,,232993,12,,,1,98,,232994,12,,,1
1701,'20260921',600,,232995,12,,,1,157,,232996,12,,,1,153,,232997,12,,,1,90,,232998,12,,,1,102,,232999,12,,,1,200,,233000,12,,,1,55,,233001,12,,,1,98,,233002,12,,,1,85,,233003,12,,,1,115,,233004,12,,,1,145,,233005,12,,,1,55,,233006,12,,,1,150,,233007,12,,,1,98,,233008,12,,,1
1701,'20260922',600,,233009,12,,,1,157,,233010,12,,,1,153,,233011,12,,,1,90,,233012,12,,,1,102,,233013,12,,,1,200,,233014,12,,,1,55,,233015,12,,,1,98,,233016,12,,,1,85,,233017,12,,,1,115,,233018,12,,,1,145,,233019,12,,,1,55,,233020,12,,,1,150,,233021,12,,,1,98,,233022,12,,,1
1701,'20260923',600,,233023,12,,,1,157,,233024,12,,,1,153,,233025,12,,,1,90,,233026,12,,,1,102,,233027,12,,,1,200,,233028,12,,,1,55,,233029,12,,,1,98,,233030,12,,,1,85,,233031,12,,,1,115,,233032,12,,,1,145,,233033,12,,,1,55,,233034,12,,,1,150,,233035,12,,,1,98,,233036,12,,,1
1701,'20260924',600,,233037,12,,,1,157,,233038,12,,,1,153,,233039,12,,,1,90,,233040,12,,,1,102,,233041,12,,,1,200,,233042,12,,,1,55,,233043,12,,,1,98,,233044,12,,,1,85,,233045,12,,,1,115,,233046,12,,,1,145,,233047,12,,,1,55,,233048,12,,,1,150,,233049,12,,,1,98,,233050,12,,,1
1701,'20260925',600,,233051,12,,,1,157,,233052,12,,,1,153,,233053,12,,,1,90,,233054,12,,,1,102,,233055,12,,,1,200,,233056,12,,,1,55,,233057,12,,,1,98,,233058,12,,,1,85,,233059,12,,,1,115,,233060,12,,,1,145,,233061,12,,,1,55,,233062,12,,,1,150,,233063,12,,,1,98,,233064,12,,,1
1701,'20260928',600,,233065,12,,,1,157,,233066,12,,,1,153,,233067,12,,,1,90,,233068,12,,,1,102,,233069,12,,,1,200,,233070,12,,,1,55,,233071,12,,,1,98,,233072,12,,,1,85,,233073,12,,,1,115,,233074,12,,,1,145,,233075,12,,,1,55,,233076,12,,,1,150,,233077,12,,,1,98,,233078,12,,,1
1701,'20260929',600,,233079,12,,,1,157,,233080,12,,,1,153,,233081,12,,,1,90,,233082,12,,,1,102,,233083,12,,,1,200,,233084,12,,,1,55,,233085,12,,,1,98,,233086,12,,,1,85,,233087,12,,,1,115,,233088,12,,,1,145,,233089,12,,,1,55,,233090,12,,,1,150,,233091,12,,,1,98,,233092,12,,,1
1701,'20260930',600,,233093,12,,,1,157,,233094,12,,,1,153,,233095,12,,,1,90,,233096,12,,,1,102,,233097,12,,,1,200,,233098,12,,,1,55,,233099,12,,,1,98,,233100,12,,,1,85,,233101,12,,,1,115,,233102,12,,,1,145,,233103,12,,,1,55,,233104,12,,,1,150,,233105,12,,,1,98,,233106,12,,,1
1701,'20261001',600,,233107,12,,,1,157,,233108,12,,,1,153,,233109,12,,,1,90,,233110,12,,,1,102,,233111,12,,,1,200,,233112,12,,,1,55,,233113,12,,,1,98,,233114,12,,,1,85,,233115,12,,,1,115,,233116,12,,,1,145,,233117,12,,,1,55,,233118,12,,,1,150,,233119,12,,,1,98,,233120,12,,,1
1701,'20261002',600,,233121,12,,,1,157,,233122,12,,,1,153,,233123,12,,,1,90,,233124,12,,,1,102,,233125,12,,,1,200,,233126,12,,,1,55,,233127,12,,,1,98,,233128,12,,,1,85,,233129,12,,,1,115,,233130,12,,,1,145,,233131,12,,,1,55,,233132,12,,,1,150,,233133,12,,,1,98,,233134,12,,,1
1701,'20261005',600,,233135,12,,,1,157,,233136,12,,,1,153,,233137,12,,,1,90,,233138,12,,,1,102,,233139,12,,,1,200,,233140,12,,,1,55,,233141,12,,,1,98,,233142,12,,,1,85,,233143,12,,,1,115,,233144,12,,,1,145,,233145,12,,,1,55,,233146,12,,,1,150,,233147,12,,,1,98,,233148,12,,,1
1701,'20261006',600,,233149,12,,,1,157,,233150,12,,,1,153,,233151,12,,,1,90,,233152,12,,,1,102,,233153,12,,,1,200,,233154,12,,,1,55,,233155,12,,,1,98,,233156,12,,,1,85,,233157,12,,,1,115,,233158,12,,,1,145,,233159,12,,,1,55,,233160,12,,,1,150,,233161,12,,,1,98,,233162,12,,,1
1701,'20261007',600,,233163,12,,,1,157,,233164,12,,,1,153,,233165,12,,,1,90,,233166,12,,,1,102,,233167,12,,,1,200,,233168,12,,,1,55,,233169,12,,,1,98,,233170,12,,,1,85,,233171,12,,,1,115,,233172,12,,,1,145,,233173,12,,,1,55,,233174,12,,,1,150,,233175,12,,,1,98,,233176,12,,,1
1701,'20261008',600,,233177,12,,,1,157,,233178,12,,,1,153,,233179,12,,,1,90,,233180,12,,,1,102,,233181,12,,,1,200,,233182,12,,,1,55,,233183,12,,,1,98,,233184,12,,,1,85,,233185,12,,,1,115,,233186,12,,,1,145,,233187,12,,,1,55,,233188,12,,,1,150,,233189,12,,,1,98,,233190,12,,,1
1701,'20261009',600,,233191,12,,,1,157,,233192,12,,,1,153,,233193,12,,,1,90,,233194,12,,,1,102,,233195,12,,,1,200,,233196,12,,,1,55,,233197,12,,,1,98,,233198,12,,,1,85,,233199,12,,,1,115,,233200,12,,,1,145,,233201,12,,,1,55,,233202,12,,,1,150,,233203,12,,,1,98,,233204,12,,,1
1701,'20261013',600,,233205,12,,,1,157,,233206,12,,,1,153,,233207,12,,,1,90,,233208,12,,,1,102,,233209,12,,,1,200,,233210,12,,,1,55,,233211,12,,,1,98,,233212,12,,,1,85,,233213,12,,,1,115,,233214,12,,,1,145,,233215,12,,,1,55,,233216,12,,,1,150,,233217,12,,,1,98,,233218,12,,,1
1701,'20261014',600,,233219,12,,,1,157,,233220,12,,,1,153,,233221,12,,,1,90,,233222,12,,,1,102,,233223,12,,,1,200,,233224,12,,,1,55,,233225,12,,,1,98,,233226,12,,,1,85,,233227,12,,,1,115,,233228,12,,,1,145,,233229,12,,,1,55,,233230,12,,,1,150,,233231,12,,,1,98,,233232,12,,,1
1701,'20261015',600,,233233,12,,,1,157,,233234,12,,,1,153,,233235,12,,,1,90,,233236,12,,,1,102,,233237,12,,,1,200,,233238,12,,,1,55,,233239,12,,,1,98,,233240,12,,,1,85,,233241,12,,,1,115,,233242,12,,,1,145,,233243,12,,,1,55,,233244,12,,,1,150,,233245,12,,,1,98,,233246,12,,,1
1701,'20261016',600,,233247,12,,,1,157,,233248,12,,,1,153,,233249,12,,,1,90,,233250,12,,,1,102,,233251,12,,,1,200,,233252,12,,,1,55,,233253,12,,,1,98,,233254,12,,,1,85,,233255,12,,,1,115,,233256,12,,,1,145,,233257,12,,,1,55,,233258,12,,,1,150,,233259,12,,,1,98,,233260,12,,,1
1701,'20261019',600,,233261,12,,,1,157,,233262,12,,,1,153,,233263,12,,,1,90,,233264,12,,,1,102,,233265,12,,,1,200,,233266,12,,,1,55,,233267,12,,,1,98,,233268,12,,,1,85,,233269,12,,,1,115,,233270,12,,,1,145,,233271,12,,,1,55,,233272,12,,,1,150,,233273,12,,,1,98,,233274,12,,,1
1701,'20261020',600,,233275,12,,,1,157,,233276,12,,,1,153,,233277,12,,,1,90,,233278,12,,,1,102,,233279,12,,,1,200,,233280,12,,,1,55,,233281,12,,,1,98,,233282,12,,,1,85,,233283,12,,,1,115,,233284,12,,,1,145,,233285,12,,,1,55,,233286,12,,,1,150,,233287,12,,,1,98,,233288,12,,,1
1701,'20261021',600,,233289,12,,,1,157,,233290,12,,,1,153,,233291,12,,,1,90,,233292,12,,,1,102,,233293,12,,,1,200,,233294,12,,,1,55,,233295,12,,,1,98,,233296,12,,,1,85,,233297,12,,,1,115,,233298,12,,,1,145,,233299,12,,,1,55,,233300,12,,,1,150,,233301,12,,,1,98,,233302,12,,,1
1701,'20261022',600,,233303,12,,,1,157,,233304,12,,,1,153,,233305,12,,,1,90,,233306,12,,,1,102,,233307,12,,,1,200,,233308,12,,,1,55,,233309,12,,,1,98,,233310,12,,,1,85,,233311,12,,,1,115,,233312,12,,,1,145,,233313,12,,,1,55,,233314,12,,,1,150,,233315,12,,,1,98,,233316,12,,,1
1701,'20261023',600,,233317,12,,,1,157,,233318,12,,,1,153,,233319,12,,,1,90,,233320,12,,,1,102,,233321,12,,,1,200,,233322,12,,,1,55,,233323,12,,,1,98,,233324,12,,,1,85,,233325,12,,,1,115,,233326,12,,,1,145,,233327,12,,,1,55,,233328,12,,,1,150,,233329,12,,,1,98,,233330,12,,,1
1701,'20261026',600,,233331,12,,,1,157,,233332,12,,,1,153,,233333,12,,,1,90,,233334,12,,,1,102,,233335,12,,,1,200,,233336,12,,,1,55,,233337,12,,,1,98,,233338,12,,,1,85,,233339,12,,,1,115,,233340,12,,,1,145,,233341,12,,,1,55,,233342,12,,,1,150,,233343,12,,,1,98,,233344,12,,,1
1701,'20261027',600,,233345,12,,,1,157,,233346,12,,,1,153,,233347,12,,,1,90,,233348,12,,,1,102,,233349,12,,,1,200,,233350,12,,,1,55,,233351,12,,,1,98,,233352,12,,,1,85,,233353,12,,,1,115,,233354,12,,,1,145,,233355,12,,,1,55,,233356,12,,,1,150,,233357,12,,,1,98,,233358,12,,,1
1701,'20261028',600,,233359,12,,,1,157,,233360,12,,,1,153,,233361,12,,,1,90,,233362,12,,,1,102,,233363,12,,,1,200,,233364,12,,,1,55,,233365,12,,,1,98,,233366,12,,,1,85,,233367,12,,,1,115,,233368,12,,,1,145,,233369,12,,,1,55,,233370,12,,,1,150,,233371,12,,,1,98,,233372,12,,,1
1701,'20261029',600,,233373,12,,,1,157,,233374,12,,,1,153,,233375,12,,,1,90,,233376,12,,,1,102,,233377,12,,,1,200,,233378,12,,,1,55,,233379,12,,,1,98,,233380,12,,,1,85,,233381,12,,,1,115,,233382,12,,,1,145,,233383,12,,,1,55,,233384,12,,,1,150,,233385,12,,,1,98,,233386,12,,,1
1701,'20261030',600,,233387,12,,,1,157,,233388,12,,,1,153,,233389,12,,,1,90,,233390,12,,,1,102,,233391,12,,,1,200,,233392,12,,,1,55,,233393,12,,,1,98,,233394,12,,,1,85,,233395,12,,,1,115,,233396,12,,,1,145,,233397,12,,,1,55,,233398,12,,,1,150,,233399,12,,,1,98,,233400,12,,,1
1701,'20261102',600,,233401,12,,,1,157,,233402,12,,,1,153,,233403,12,,,1,90,,233404,12,,,1,102,,233405,12,,,1,200,,233406,12,,,1,55,,233407,12,,,1,98,,233408,12,,,1,85,,233409,12,,,1,115,,233410,12,,,1,145,,233411,12,,,1,55,,233412,12,,,1,150,,233413,12,,,1,98,,233414,12,,,1
1701,'20261103',600,,233415,12,,,1,157,,233416,12,,,1,153,,233417,12,,,1,90,,233418,12,,,1,102,,233419,12,,,1,200,,233420,12,,,1,55,,233421,12,,,1,98,,233422,12,,,1,85,,233423,12,,,1,115,,233424,12,,,1,145,,233425,12,,,1,55,,233426,12,,,1,150,,233427,12,,,1,98,,233428,12,,,1
1701,'20261104',600,,233429,12,,,1,157,,233430,12,,,1,153,,233431,12,,,1,90,,233432,12,,,1,102,,233433,12,,,1,200,,233434,12,,,1,55,,233435,12,,,1,98,,233436,12,,,1,85,,233437,12,,,1,115,,233438,12,,,1,145,,233439,12,,,1,55,,233440,12,,,1,150,,233441,12,,,1,98,,233442,12,,,1
1701,'20261105',600,,233443,12,,,1,157,,233444,12,,,1,153,,233445,12,,,1,90,,233446,12,,,1,102,,233447,12,,,1,200,,233448,12,,,1,55,,233449,12,,,1,98,,233450,12,,,1,85,,233451,12,,,1,115,,233452,12,,,1,145,,233453,12,,,1,55,,233454,12,,,1,150,,233455,12,,,1,98,,233456,12,,,1
1701,'20261106',600,,233457,12,,,1,157,,233458,12,,,1,153,,233459,12,,,1,90,,233460,12,,,1,102,,233461,12,,,1,200,,233462,12,,,1,55,,233463,12,,,1,98,,233464,12,,,1,85,,233465,12,,,1,115,,233466,12,,,1,145,,233467,12,,,1,55,,233468,12,,,1,150,,233469,12,,,1,98,,233470,12,,,1
1701,'20261109',600,,233471,12,,,1,157,,233472,12,,,1,153,,233473,12,,,1,90,,233474,12,,,1,102,,233475,12,,,1,200,,233476,12,,,1,55,,233477,12,,,1,98,,233478,12,,,1,85,,233479,12,,,1,115,,233480,12,,,1,145,,233481,12,,,1,55,,233482,12,,,1,150,,233483,12,,,1,98,,233484,12,,,1
1701,'20261110',600,,233485,12,,,1,157,,233486,12,,,1,153,,233487,12,,,1,90,,233488,12,,,1,102,,233489,12,,,1,200,,233490,12,,,1,55,,233491,12,,,1,98,,233492,12,,,1,85,,233493,12,,,1,115,,233494,12,,,1,145,,233495,12,,,1,55,,233496,12,,,1,150,,233497,12,,,1,98,,233498,12,,,1
1701,'20261111',600,,233499,12,,,1,157,,233500,12,,,1,153,,233501,12,,,1,90,,233502,12,,,1,102,,233503,12,,,1,200,,233504,12,,,1,55,,233505,12,,,1,98,,233506,12,,,1,85,,233507,12,,,1,115,,233508,12,,,1,145,,233509,12,,,1,55,,233510,12,,,1,150,,233511,12,,,1,98,,233512,12,,,1
1701,'20261112',600,,233513,12,,,1,157,,233514,12,,,1,153,,233515,12,,,1,90,,233516,12,,,1,102,,233517,12,,,1,200,,233518,12,,,1,55,,233519,12,,,1,98,,233520,12,,,1,85,,233521,12,,,1,115,,233522,12,,,1,145,,233523,12,,,1,55,,233524,12,,,1,150,,233525,12,,,1,98,,233526,12,,,1
1701,'20261113',600,,233527,12,,,1,157,,233528,12,,,1,153,,233529,12,,,1,90,,233530,12,,,1,102,,233531,12,,,1,200,,233532,12,,,1,55,,233533,12,,,1,98,,233534,12,,,1,85,,233535,12,,,1,115,,233536,12,,,1,145,,233537,12,,,1,55,,233538,12,,,1,150,,233539,12,,,1,98,,233540,12,,,1
1701,'20261116',600,,233541,12,,,1,157,,233542,12,,,1,153,,233543,12,,,1,90,,233544,12,,,1,102,,233545,12,,,1,200,,233546,12,,,1,55,,233547,12,,,1,98,,233548,12,,,1,85,,233549,12,,,1,115,,233550,12,,,1,145,,233551,12,,,1,55,,233552,12,,,1,150,,233553,12,,,1,98,,233554,12,,,1
1701,'20261117',600,,233555,12,,,1,157,,233556,12,,,1,153,,233557,12,,,1,90,,233558,12,,,1,102,,233559,12,,,1,200,,233560,12,,,1,55,,233561,12,,,1,98,,233562,12,,,1,85,,233563,12,,,1,115,,233564,12,,,1,145,,233565,12,,,1,55,,233566,12,,,1,150,,233567,12,,,1,98,,233568,12,,,1
1701,'20261118',600,,233569,12,,,1,157,,233570,12,,,1,153,,233571,12,,,1,90,,233572,12,,,1,102,,233573,12,,,1,200,,233574,12,,,1,55,,233575,12,,,1,98,,233576,12,,,1,85,,233577,12,,,1,115,,233578,12,,,1,145,,233579,12,,,1,55,,233580,12,,,1,150,,233581,12,,,1,98,,233582,12,,,1
1701,'20261119',600,,233583,12,,,1,157,,233584,12,,,1,153,,233585,12,,,1,90,,233586,12,,,1,102,,233587,12,,,1,200,,233588,12,,,1,55,,233589,12,,,1,98,,233590,12,,,1,85,,233591,12,,,1,115,,233592,12,,,1,145,,233593,12,,,1,55,,233594,12,,,1,150,,233595,12,,,1,98,,233596,12,,,1
1701,'20261120',600,,233597,12,,,1,157,,233598,12,,,1,153,,233599,12,,,1,90,,233600,12,,,1,102,,233601,12,,,1,200,,233602,12,,,1,55,,233603,12,,,1,98,,233604,12,,,1,85,,233605,12,,,1,115,,233606,12,,,1,145,,233607,12,,,1,55,,233608,12,,,1,150,,233609,12,,,1,98,,233610,12,,,1
1701,'20261123',600,,233611,12,,,1,157,,233612,12,,,1,153,,233613,12,,,1,90,,233614,12,,,1,102,,233615,12,,,1,200,,233616,12,,,1,55,,233617,12,,,1,98,,233618,12,,,1,85,,233619,12,,,1,115,,233620,12,,,1,145,,233621,12,,,1,55,,233622,12,,,1,150,,233623,12,,,1,98,,233624,12,,,1
1701,'20261124',600,,233625,12,,,1,157,,233626,12,,,1,153,,233627,12,,,1,90,,233628,12,,,1,102,,233629,12,,,1,200,,233630,12,,,1,55,,233631,12,,,1,98,,233632,12,,,1,85,,233633,12,,,1,115,,233634,12,,,1,145,,233635,12,,,1,55,,233636,12,,,1,150,,233637,12,,,1,98,,233638,12,,,1
1701,'20261125',600,,233639,12,,,1,157,,233640,12,,,1,153,,233641,12,,,1,90,,233642,12,,,1,102,,233643,12,,,1,200,,233644,12,,,1,55,,233645,12,,,1,98,,233646,12,,,1,85,,233647,12,,,1,115,,233648,12,,,1,145,,233649,12,,,1,55,,233650,12,,,1,150,,233651,12,,,1,98,,233652,12,,,1
1701,'20261126',600,,233653,12,,,1,157,,233654,12,,,1,153,,233655,12,,,1,90,,233656,12,,,1,102,,233657,12,,,1,200,,233658,12,,,1,55,,233659,12,,,1,98,,233660,12,,,1,85,,233661,12,,,1,115,,233662,12,,,1,145,,233663,12,,,1,55,,233664,12,,,1,150,,233665,12,,,1,98,,233666,12,,,1
1701,'20261127',600,,233667,12,,,1,157,,233668,12,,,1,153,,233669,12,,,1,90,,233670,12,,,1,102,,233671,12,,,1,200,,233672,12,,,1,55,,233673,12,,,1,98,,233674,12,,,1,85,,233675,12,,,1,115,,233676,12,,,1,145,,233677,12,,,1,55,,233678,12,,,1,150,,233679,12,,,1,98,,233680,12,,,1
2900,'20260831',533,,158621,6,,,1,190,,158622,6,,,1,200,,158623,6,,,1,208,,158624,6,,,1,100,,158625,6,,,1,95,,158626,6,,,1,100,,158627,6,,,1,95,,158628,6,,,1,100,,158629,6,,,1,100,,158630,6,,,1,99,,158631,6,,,1,110,,158632,6,,,1,105,,158633,6,,,1,98,,158634,6,,,1,100,,158635,6,,,1
2900,'20260901',533,,158636,6,,,1,190,,158637,6,,,1,200,,158638,6,,,1,208,,158639,6,,,1,100,,158640,6,,,1,95,,158641,6,,,1,100,,158642,6,,,1,95,,158643,6,,,1,100,,158644,6,,,1,100,,158645,6,,,1,99,,158646,6,,,1,110,,158647,6,,,1,105,,158648,6,,,1,98,,158649,6,,,1,100,,158650,6,,,1
2900,'20260902',533,,158651,6,,,1,190,,158652,6,,,1,200,,158653,6,,,1,208,,158654,6,,,1,100,,158655,6,,,1,95,,158656,6,,,1,100,,158657,6,,,1,95,,158658,6,,,1,100,,158659,6,,,1,100,,158660,6,,,1,99,,158661,6,,,1,110,,158662,6,,,1,105,,158663,6,,,1,98,,158664,6,,,1,100,,158665,6,,,1
2900,'20260903',533,,158666,6,,,1,190,,158667,6,,,1,200,,158668,6,,,1,208,,158669,6,,,1,100,,158670,6,,,1,95,,158671,6,,,1,100,,158672,6,,,1,95,,158673,6,,,1,100,,158674,6,,,1,100,,158675,6,,,1,99,,158676,6,,,1,110,,158677,6,,,1,105,,158678,6,,,1,98,,158679,6,,,1,100,,158680,6,,,1
2900,'20260904',533,,158681,6,,,1,190,,158682,6,,,1,200,,158683,6,,,1,208,,158684,6,,,1,100,,158685,6,,,1,95,,158686,6,,,1,100,,158687,6,,,1,95,,158688,6,,,1,100,,158689,6,,,1,100,,158690,6,,,1,99,,158691,6,,,1,110,,158692,6,,,1,105,,158693,6,,,1,98,,158694,6,,,1,100,,158695,6,,,1
2900,'20260905',658,,258535,6,,,1,95,,258536,6,,,1,95,,258537,6,,,1,100,,258538,6,,,1,93,,258539,6,,,1,100,,258540,6,,,1,105,,258541,6,,,1,100,,258542,6,,,1,100,,258543,6,,,1,100,,258544,6,,,1,100,,258545,6,,,1,100,,258546,6,,,1,100,,258547,6,,,1,100,,258548,6,,,1,104,,258549,6,,,1,203,,258550,6,,,1
2900,'20260906',658,,258551,6,,,1,95,,258552,6,,,1,95,,258553,6,,,1,100,,258554,6,,,1,93,,258555,6,,,1,100,,258556,6,,,1,105,,258557,6,,,1,100,,258558,6,,,1,100,,258559,6,,,1,100,,258560,6,,,1,100,,258561,6,,,1,100,,258562,6,,,1,100,,258563,6,,,1,100,,258564,6,,,1,104,,258565,6,,,1,203,,258566,6,,,1
2900,'20260907',658,,258567,6,,,1,95,,258568,6,,,1,95,,258569,6,,,1,100,,258570,6,,,1,93,,258571,6,,,1,100,,258572,6,,,1,105,,258573,6,,,1,100,,258574,6,,,1,100,,258575,6,,,1,100,,258576,6,,,1,100,,258577,6,,,1,100,,258578,6,,,1,100,,258579,6,,,1,100,,258580,6,,,1,104,,258581,6,,,1,203,,258582,6,,,1
2900,'20260908',533,,258583,6,,,1,190,,258584,6,,,1,200,,258585,6,,,1,208,,258586,6,,,1,100,,258587,6,,,1,95,,258588,6,,,1,100,,258589,6,,,1,95,,258590,6,,,1,27,,258591,5,0,7 40 41,1,73,,258592,6,,,1,32,,258593,5,0,7 40 41,1,68,,258594,6,,,1,32,,258595,5,0,7 40 41,1,67,,258596,6,,,1,38,,258597,5,0,7 40 41,1,72,,258598,6,,,1,105,,258599,6,,,1,98,,258600,6,,,1,100,,258601,6,,,1
2900,'20260909',533,,258602,6,,,1,190,,258603,6,,,1,200,,258604,6,,,1,208,,258605,6,,,1,100,,258606,6,,,1,95,,258607,6,,,1,100,,258608,6,,,1,95,,258609,6,,,1,27,,258610,5,0,7 40 41,1,73,,258611,6,,,1,32,,258612,5,0,7 40 41,1,68,,258613,6,,,1,32,,258614,5,0,7 40 41,1,67,,258615,6,,,1,38,,258616,5,0,7 40 41,1,72,,258617,6,,,1,105,,258618,6,,,1,98,,258619,6,,,1,100,,258620,6,,,1
2900,'20260910',533,,258621,6,,,1,190,,258622,6,,,1,200,,258623,6,,,1,208,,258624,6,,,1,100,,258625,6,,,1,95,,258626,6,,,1,100,,258627,6,,,1,95,,258628,6,,,1,27,,258629,5,0,7 40 41,1,73,,258630,6,,,1,32,,258631,5,0,7 40 41,1,68,,258632,6,,,1,32,,258633,5,0,7 40 41,1,67,,258634,6,,,1,38,,258635,5,0,7 40 41,1,72,,258636,6,,,1,105,,258637,6,,,1,98,,258638,6,,,1,100,,258639,6,,,1
2900,'20260911',533,,258640,6,,,1,190,,258641,6,,,1,200,,258642,6,,,1,208,,258643,6,,,1,100,,258644,6,,,1,95,,258645,6,,,1,100,,258646,6,,,1,95,,258647,6,,,1,27,,258648,5,0,7 40 41,1,73,,258649,6,,,1,32,,258650,5,0,7 40 41,1,68,,258651,6,,,1,32,,258652,5,0,7 40 41,1,67,,258653,6,,,1,38,,258654,5,0,7 40 41,1,72,,258655,6,,,1,105,,258656,6,,,1,98,,258657,6,,,1,100,,258658,6,,,1
2900,'20260912',658,,258659,6,,,1,95,,258660,6,,,1,95,,258661,6,,,1,100,,258662,6,,,1,93,,258663,6,,,1,100,,258664,6,,,1,105,,258665,6,,,1,100,,258666,6,,,1,100,,258667,6,,,1,100,,258668,6,,,1,100,,258669,6,,,1,100,,258670,6,,,1,100,,258671,6,,,1,100,,258672,6,,,1,104,,258673,6,,,1,203,,258674,6,,,1
2900,'20260913',658,,258675,6,,,1,95,,258676,6,,,1,95,,258677,6,,,1,100,,258678,6,,,1,93,,258679,6,,,1,100,,258680,6,,,1,105,,258681,6,,,1,100,,258682,6,,,1,100,,258683,6,,,1,100,,258684,6,,,1,100,,258685,6,,,1,100,,258686,6,,,1,100,,258687,6,,,1,100,,258688,6,,,1,104,,258689,6,,,1,203,,258690,6,,,1
2900,'20260914',533,,258691,6,,,1,190,,258692,6,,,1,200,,258693,6,,,1,208,,258694,6,,,1,100,,258695,6,,,1,95,,258696,6,,,1,100,,258697,6,,,1,95,,258698,6,,,1,27,,258699,5,0,7 40 41,1,73,,258700,6,,,1,32,,258701,5,0,7 40 41,1,68,,258702,6,,,1,32,,258703,5,0,7 40 41,1,67,,258704,6,,,1,38,,258705,5,0,7 40 41,1,72,,258706,6,,,1,105,,258707,6,,,1,98,,258708,6,,,1,100,,258709,6,,,1
2900,'20260915',533,,258710,6,,,1,190,,258711,6,,,1,200,,258712,6,,,1,208,,258713,6,,,1,100,,258714,6,,,1,95,,258715,6,,,1,100,,258716,6,,,1,95,,258717,6,,,1,27,,258718,5,0,7 40 41,1,73,,258719,6,,,1,32,,258720,5,0,7 40 41,1,68,,258721,6,,,1,32,,258722,5,0,7 40 41,1,67,,258723,6,,,1,38,,258724,5,0,7 40 41,1,72,,258725,6,,,1,105,,258726,6,,,1,98,,258727,6,,,1,100,,258728,6,,,1
2900,'20260916',533,,258729,6,,,1,190,,258730,6,,,1,200,,258731,6,,,1,208,,258732,6,,,1,100,,258733,6,,,1,95,,258734,6,,,1,100,,258735,6,,,1,95,,258736,6,,,1,27,,258737,5,0,7 40 41,1,73,,258738,6,,,1,32,,258739,5,0,7 40 41,1,68,,258740,6,,,1,32,,258741,5,0,7 40 41,1,67,,258742,6,,,1,38,,258743,5,0,7 40 41,1,72,,258744,6,,,1,105,,258745,6,,,1,98,,258746,6,,,1,100,,258747,6,,,1
2900,'20260917',533,,258748,6,,,1,190,,258749,6,,,1,200,,258750,6,,,1,208,,258751,6,,,1,100,,258752,6,,,1,95,,258753,6,,,1,100,,258754,6,,,1,95,,258755,6,,,1,27,,258756,5,0,7 40 41,1,73,,258757,6,,,1,32,,258758,5,0,7 40 41,1,68,,258759,6,,,1,32,,258760,5,0,7 40 41,1,67,,258761,6,,,1,38,,258762,5,0,7 40 41,1,72,,258763,6,,,1,105,,258764,6,,,1,98,,258765,6,,,1,100,,258766,6,,,1
2900,'20260918',533,,258767,6,,,1,190,,258768,6,,,1,200,,258769,6,,,1,208,,258770,6,,,1,100,,258771,6,,,1,95,,258772,6,,,1,100,,258773,6,,,1,95,,258774,6,,,1,27,,258775,5,0,7 40 41,1,73,,258776,6,,,1,32,,258777,5,0,7 40 41,1,68,,258778,6,,,1,32,,258779,5,0,7 40 41,1,67,,258780,6,,,1,38,,258781,5,0,7 40 41,1,72,,258782,6,,,1,105,,258783,6,,,1,98,,258784,6,,,1,100,,258785,6,,,1
2900,'20260919',658,,258786,6,,,1,95,,258787,6,,,1,95,,258788,6,,,1,100,,258789,6,,,1,93,,258790,6,,,1,100,,258791,6,,,1,105,,258792,6,,,1,100,,258793,6,,,1,100,,258794,6,,,1,100,,258795,6,,,1,100,,258796,6,,,1,100,,258797,6,,,1,100,,258798,6,,,1,100,,258799,6,,,1,104,,258800,6,,,1,203,,258801,6,,,1
2900,'20260920',658,,258802,6,,,1,95,,258803,6,,,1,95,,258804,6,,,1,100,,258805,6,,,1,93,,258806,6,,,1,100,,258807,6,,,1,105,,258808,6,,,1,100,,258809,6,,,1,100,,258810,6,,,1,100,,258811,6,,,1,100,,258812,6,,,1,100,,258813,6,,,1,100,,258814,6,,,1,100,,258815,6,,,1,104,,258816,6,,,1,203,,258817,6,,,1
2900,'20260921',533,,258818,6,,,1,190,,258819,6,,,1,200,,258820,6,,,1,208,,258821,6,,,1,100,,258822,6,,,1,95,,258823,6,,,1,100,,258824,6,,,1,95,,258825,6,,,1,27,,258826,5,0,7 40 41,1,73,,258827,6,,,1,32,,258828,5,0,7 40 41,1,68,,258829,6,,,1,32,,258830,5,0,7 40 41,1,67,,258831,6,,,1,38,,258832,5,0,7 40 41,1,72,,258833,6,,,1,105,,258834,6,,,1,98,,258835,6,,,1,100,,258836,6,,,1
2900,'20260922',533,,258837,6,,,1,190,,258838,6,,,1,200,,258839,6,,,1,208,,258840,6,,,1,100,,258841,6,,,1,95,,258842,6,,,1,100,,258843,6,,,1,95,,258844,6,,,1,27,,258845,5,0,7 40 41,1,73,,258846,6,,,1,32,,258847,5,0,7 40 41,1,68,,258848,6,,,1,32,,258849,5,0,7 40 41,1,67,,258850,6,,,1,38,,258851,5,0,7 40 41,1,72,,258852,6,,,1,105,,258853,6,,,1,98,,258854,6,,,1,100,,258855,6,,,1
2900,'20260923',533,,258856,6,,,1,190,,258857,6,,,1,200,,258858,6,,,1,208,,258859,6,,,1,100,,258860,6,,,1,95,,258861,6,,,1,100,,258862,6,,,1,95,,258863,6,,,1,27,,258864,5,0,7 40 41,1,73,,258865,6,,,1,32,,258866,5,0,7 40 41,1,68,,258867,6,,,1,32,,258868,5,0,7 40 41,1,67,,258869,6,,,1,38,,258870,5,0,7 40 41,1,72,,258871,6,,,1,105,,258872,6,,,1,98,,258873,6,,,1,100,,258874,6,,,1
2900,'20260924',533,,258875,6,,,1,190,,258876,6,,,1,200,,258877,6,,,1,208,,258878,6,,,1,100,,258879,6,,,1,95,,258880,6,,,1,100,,258881,6,,,1,95,,258882,6,,,1,27,,258883,5,0,7 40 41,1,73,,258884,6,,,1,32,,258885,5,0,7 40 41,1,68,,258886,6,,,1,32,,258887,5,0,7 40 41,1,67,,258888,6,,,1,38,,258889,5,0,7 40 41,1,72,,258890,6,,,1,105,,258891,6,,,1,98,,258892,6,,,1,100,,258893,6,,,1
2900,'20260925',533,,258894,6,,,1,190,,258895,6,,,1,200,,258896,6,,,1,208,,258897,6,,,1,100,,258898,6,,,1,95,,258899,6,,,1,100,,258900,6,,,1,95,,258901,6,,,1,27,,258902,5,0,7 40 41,1,73,,258903,6,,,1,32,,258904,5,0,7 40 41,1,68,,258905,6,,,1,32,,258906,5,0,7 40 41,1,67,,258907,6,,,1,38,,258908,5,0,7 40 41,1,72,,258909,6,,,1,105,,258910,6,,,1,98,,258911,6,,,1,100,,258912,6,,,1
2900,'20260926',658,,258913,6,,,1,95,,258914,6,,,1,95,,258915,6,,,1,100,,258916,6,,,1,93,,258917,6,,,1,100,,258918,6,,,1,105,,258919,6,,,1,100,,258920,6,,,1,100,,258921,6,,,1,100,,258922,6,,,1,100,,258923,6,,,1,100,,258924,6,,,1,100,,258925,6,,,1,100,,258926,6,,,1,104,,258927,6,,,1,203,,258928,6,,,1
2900,'20260927',658,,258929,6,,,1,95,,258930,6,,,1,95,,258931,6,,,1,100,,258932,6,,,1,93,,258933,6,,,1,100,,258934,6,,,1,105,,258935,6,,,1,100,,258936,6,,,1,100,,258937,6,,,1,100,,258938,6,,,1,100,,258939,6,,,1,100,,258940,6,,,1,100,,258941,6,,,1,100,,258942,6,,,1,104,,258943,6,,,1,203,,258944,6,,,1
2900,'20260928',533,,258945,6,,,1,190,,258946,6,,,1,200,,258947,6,,,1,208,,258948,6,,,1,100,,258949,6,,,1,95,,258950,6,,,1,100,,258951,6,,,1,95,,258952,6,,,1,27,,258953,5,0,7 40 41,1,73,,258954,6,,,1,32,,258955,5,0,7 40 41,1,68,,258956,6,,,1,32,,258957,5,0,7 40 41,1,67,,258958,6,,,1,38,,258959,5,0,7 40 41,1,72,,258960,6,,,1,105,,258961,6,,,1,98,,258962,6,,,1,100,,258963,6,,,1
2900,'20260929',533,,258964,6,,,1,190,,258965,6,,,1,200,,258966,6,,,1,208,,258967,6,,,1,100,,258968,6,,,1,95,,258969,6,,,1,100,,258970,6,,,1,95,,258971,6,,,1,27,,258972,5,0,7 40 41,1,73,,258973,6,,,1,32,,258974,5,0,7 40 41,1,68,,258975,6,,,1,32,,258976,5,0,7 40 41,1,67,,258977,6,,,1,38,,258978,5,0,7 40 41,1,72,,258979,6,,,1,105,,258980,6,,,1,98,,258981,6,,,1,100,,258982,6,,,1
2900,'20260930',533,,258983,6,,,1,190,,258984,6,,,1,200,,258985,6,,,1,208,,258986,6,,,1,100,,258987,6,,,1,95,,258988,6,,,1,100,,258989,6,,,1,95,,258990,6,,,1,27,,258991,5,0,7 40 41,1,73,,258992,6,,,1,32,,258993,5,0,7 40 41,1,68,,258994,6,,,1,32,,258995,5,0,7 40 41,1,67,,258996,6,,,1,38,,258997,5,0,7 40 41,1,72,,258998,6,,,1,105,,258999,6,,,1,98,,259000,6,,,1,100,,259001,6,,,1
2900,'20261001',533,,259002,6,,,1,190,,259003,6,,,1,200,,259004,6,,,1,208,,259005,6,,,1,100,,259006,6,,,1,95,,259007,6,,,1,100,,259008,6,,,1,95,,259009,6,,,1,27,,259010,5,0,7 40 41,1,73,,259011,6,,,1,32,,259012,5,0,7 40 41,1,68,,259013,6,,,1,32,,259014,5,0,7 40 41,1,67,,259015,6,,,1,38,,259016,5,0,7 40 41,1,72,,259017,6,,,1,105,,259018,6,,,1,98,,259019,6,,,1,100,,259020,6,,,1
2900,'20261002',533,,259021,6,,,1,190,,259022,6,,,1,200,,259023,6,,,1,208,,259024,6,,,1,100,,259025,6,,,1,95,,259026,6,,,1,100,,259027,6,,,1,95,,259028,6,,,1,27,,259029,5,0,7 40 41,1,73,,259030,6,,,1,32,,259031,5,0,7 40 41,1,68,,259032,6,,,1,32,,259033,5,0,7 40 41,1,67,,259034,6,,,1,38,,259035,5,0,7 40 41,1,72,,259036,6,,,1,105,,259037,6,,,1,98,,259038,6,,,1,100,,259039,6,,,1
2900,'20261003',658,,259040,6,,,1,95,,259041,6,,,1,95,,259042,6,,,1,100,,259043,6,,,1,93,,259044,6,,,1,100,,259045,6,,,1,105,,259046,6,,,1,100,,259047,6,,,1,100,,259048,6,,,1,100,,259049,6,,,1,100,,259050,6,,,1,100,,259051,6,,,1,100,,259052,6,,,1,100,,259053,6,,,1,104,,259054,6,,,1,203,,259055,6,,,1
2900,'20261004',658,,259056,6,,,1,95,,259057,6,,,1,95,,259058,6,,,1,100,,259059,6,,,1,93,,259060,6,,,1,100,,259061,6,,,1,105,,259062,6,,,1,100,,259063,6,,,1,100,,259064,6,,,1,100,,259065,6,,,1,100,,259066,6,,,1,100,,259067,6,,,1,100,,259068,6,,,1,100,,259069,6,,,1,104,,259070,6,,,1,203,,259071,6,,,1
2900,'20261005',533,,259072,6,,,1,190,,259073,6,,,1,200,,259074,6,,,1,208,,259075,6,,,1,100,,259076,6,,,1,95,,259077,6,,,1,100,,259078,6,,,1,95,,259079,6,,,1,27,,259080,5,0,7 40 41,1,73,,259081,6,,,1,32,,259082,5,0,7 40 41,1,68,,259083,6,,,1,32,,259084,5,0,7 40 41,1,67,,259085,6,,,1,38,,259086,5,0,7 40 41,1,72,,259087,6,,,1,105,,259088,6,,,1,98,,259089,6,,,1,100,,259090,6,,,1
2900,'20261006',533,,259091,6,,,1,190,,259092,6,,,1,200,,259093,6,,,1,208,,259094,6,,,1,100,,259095,6,,,1,95,,259096,6,,,1,100,,259097,6,,,1,95,,259098,6,,,1,27,,259099,5,0,7 40 41,1,73,,259100,6,,,1,32,,259101,5,0,7 40 41,1,68,,259102,6,,,1,32,,259103,5,0,7 40 41,1,67,,259104,6,,,1,38,,259105,5,0,7 40 41,1,72,,259106,6,,,1,105,,259107,6,,,1,98,,259108,6,,,1,100,,259109,6,,,1
2900,'20261007',533,,259110,6,,,1,190,,259111,6,,,1,200,,259112,6,,,1,208,,259113,6,,,1,100,,259114,6,,,1,95,,259115,6,,,1,100,,259116,6,,,1,95,,259117,6,,,1,27,,259118,5,0,7 40 41,1,73,,259119,6,,,1,32,,259120,5,0,7 40 41,1,68,,259121,6,,,1,32,,259122,5,0,7 40 41,1,67,,259123,6,,,1,38,,259124,5,0,7 40 41,1,72,,259125,6,,,1,105,,259126,6,,,1,98,,259127,6,,,1,100,,259128,6,,,1
2900,'20261008',533,,259129,6,,,1,190,,259130,6,,,1,200,,259131,6,,,1,208,,259132,6,,,1,100,,259133,6,,,1,95,,259134,6,,,1,100,,259135,6,,,1,95,,259136,6,,,1,27,,259137,5,0,7 40 41,1,73,,259138,6,,,1,32,,259139,5,0,7 40 41,1,68,,259140,6,,,1,32,,259141,5,0,7 40 41,1,67,,259142,6,,,1,38,,259143,5,0,7 40 41,1,72,,259144,6,,,1,105,,259145,6,,,1,98,,259146,6,,,1,100,,259147,6,,,1
2900,'20261009',533,,259148,6,,,1,190,,259149,6,,,1,200,,259150,6,,,1,208,,259151,6,,,1,100,,259152,6,,,1,95,,259153,6,,,1,100,,259154,6,,,1,95,,259155,6,,,1,27,,259156,5,0,7 40 41,1,73,,259157,6,,,1,32,,259158,5,0,7 40 41,1,68,,259159,6,,,1,32,,259160,5,0,7 40 41,1,67,,259161,6,,,1,38,,259162,5,0,7 40 41,1,72,,259163,6,,,1,105,,259164,6,,,1,98,,259165,6,,,1,100,,259166,6,,,1
2900,'20261010',658,,259167,6,,,1,95,,259168,6,,,1,95,,259169,6,,,1,100,,259170,6,,,1,93,,259171,6,,,1,100,,259172,6,,,1,105,,259173,6,,,1,100,,259174,6,,,1,100,,259175,6,,,1,100,,259176,6,,,1,100,,259177,6,,,1,100,,259178,6,,,1,100,,259179,6,,,1,100,,259180,6,,,1,104,,259181,6,,,1,203,,259182,6,,,1
2900,'20261011',658,,259183,6,,,1,95,,259184,6,,,1,95,,259185,6,,,1,100,,259186,6,,,1,93,,259187,6,,,1,100,,259188,6,,,1,105,,259189,6,,,1,100,,259190,6,,,1,100,,259191,6,,,1,100,,259192,6,,,1,100,,259193,6,,,1,100,,259194,6,,,1,100,,259195,6,,,1,100,,259196,6,,,1,104,,259197,6,,,1,203,,259198,6,,,1
2900,'20261012',658,,259199,6,,,1,95,,259200,6,,,1,95,,259201,6,,,1,100,,259202,6,,,1,93,,259203,6,,,1,100,,259204,6,,,1,105,,259205,6,,,1,100,,259206,6,,,1,100,,259207,6,,,1,100,,259208,6,,,1,100,,259209,6,,,1,100,,259210,6,,,1,100,,259211,6,,,1,100,,259212,6,,,1,104,,259213,6,,,1,203,,259214,6,,,1
2900,'20261013',533,,259215,6,,,1,190,,259216,6,,,1,200,,259217,6,,,1,208,,259218,6,,,1,100,,259219,6,,,1,95,,259220,6,,,1,100,,259221,6,,,1,95,,259222,6,,,1,27,,259223,5,0,7 40 41,1,73,,259224,6,,,1,32,,259225,5,0,7 40 41,1,68,,259226,6,,,1,32,,259227,5,0,7 40 41,1,67,,259228,6,,,1,38,,259229,5,0,7 40 41,1,72,,259230,6,,,1,105,,259231,6,,,1,98,,259232,6,,,1,100,,259233,6,,,1
2900,'20261014',533,,259234,6,,,1,190,,259235,6,,,1,200,,259236,6,,,1,208,,259237,6,,,1,100,,259238,6,,,1,95,,259239,6,,,1,100,,259240,6,,,1,95,,259241,6,,,1,27,,259242,5,0,7 40 41,1,73,,259243,6,,,1,32,,259244,5,0,7 40 41,1,68,,259245,6,,,1,32,,259246,5,0,7 40 41,1,67,,259247,6,,,1,38,,259248,5,0,7 40 41,1,72,,259249,6,,,1,105,,259250,6,,,1,98,,259251,6,,,1,100,,259252,6,,,1
2900,'20261015',533,,259253,6,,,1,190,,259254,6,,,1,200,,259255,6,,,1,208,,259256,6,,,1,100,,259257,6,,,1,95,,259258,6,,,1,100,,259259,6,,,1,95,,259260,6,,,1,27,,259261,5,0,7 40 41,1,73,,259262,6,,,1,32,,259263,5,0,7 40 41,1,68,,259264,6,,,1,32,,259265,5,0,7 40 41,1,67,,259266,6,,,1,38,,259267,5,0,7 40 41,1,72,,259268,6,,,1,105,,259269,6,,,1,98,,259270,6,,,1,100,,259271,6,,,1
2900,'20261016',533,,259272,6,,,1,190,,259273,6,,,1,200,,259274,6,,,1,208,,259275,6,,,1,100,,259276,6,,,1,95,,259277,6,,,1,100,,259278,6,,,1,95,,259279,6,,,1,27,,259280,5,0,7 40 41,1,73,,259281,6,,,1,32,,259282,5,0,7 40 41,1,68,,259283,6,,,1,32,,259284,5,0,7 40 41,1,67,,259285,6,,,1,38,,259286,5,0,7 40 41,1,72,,259287,6,,,1,105,,259288,6,,,1,98,,259289,6,,,1,100,,259290,6,,,1
2900,'20261017',658,,259291,6,,,1,95,,259292,6,,,1,95,,259293,6,,,1,100,,259294,6,,,1,93,,259295,6,,,1,100,,259296,6,,,1,105,,259297,6,,,1,100,,259298,6,,,1,100,,259299,6,,,1,100,,259300,6,,,1,100,,259301,6,,,1,100,,259302,6,,,1,100,,259303,6,,,1,100,,259304,6,,,1,104,,259305,6,,,1,203,,259306,6,,,1
2900,'20261018',658,,259307,6,,,1,95,,259308,6,,,1,95,,259309,6,,,1,100,,259310,6,,,1,93,,259311,6,,,1,100,,259312,6,,,1,105,,259313,6,,,1,100,,259314,6,,,1,100,,259315,6,,,1,100,,259316,6,,,1,100,,259317,6,,,1,100,,259318,6,,,1,100,,259319,6,,,1,100,,259320,6,,,1,104,,259321,6,,,1,203,,259322,6,,,1
2900,'20261019',533,,259323,6,,,1,190,,259324,6,,,1,200,,259325,6,,,1,208,,259326,6,,,1,100,,259327,6,,,1,95,,259328,6,,,1,100,,259329,6,,,1,95,,259330,6,,,1,27,,259331,5,0,7 40 41,1,73,,259332,6,,,1,32,,259333,5,0,7 40 41,1,68,,259334,6,,,1,32,,259335,5,0,7 40 41,1,67,,259336,6,,,1,38,,259337,5,0,7 40 41,1,72,,259338,6,,,1,105,,259339,6,,,1,98,,259340,6,,,1,100,,259341,6,,,1
2900,'20261020',533,,259342,6,,,1,190,,259343,6,,,1,200,,259344,6,,,1,208,,259345,6,,,1,100,,259346,6,,,1,95,,259347,6,,,1,100,,259348,6,,,1,95,,259349,6,,,1,27,,259350,5,0,7 40 41,1,73,,259351,6,,,1,32,,259352,5,0,7 40 41,1,68,,259353,6,,,1,32,,259354,5,0,7 40 41,1,67,,259355,6,,,1,38,,259356,5,0,7 40 41,1,72,,259357,6,,,1,105,,259358,6,,,1,98,,259359,6,,,1,100,,259360,6,,,1
2900,'20261021',533,,259361,6,,,1,190,,259362,6,,,1,200,,259363,6,,,1,208,,259364,6,,,1,100,,259365,6,,,1,95,,259366,6,,,1,100,,259367,6,,,1,95,,259368,6,,,1,27,,259369,5,0,7 40 41,1,73,,259370,6,,,1,32,,259371,5,0,7 40 41,1,68,,259372,6,,,1,32,,259373,5,0,7 40 41,1,67,,259374,6,,,1,38,,259375,5,0,7 40 41,1,72,,259376,6,,,1,105,,259377,6,,,1,98,,259378,6,,,1,100,,259379,6,,,1
2900,'20261022',533,,259380,6,,,1,190,,259381,6,,,1,200,,259382,6,,,1,208,,259383,6,,,1,100,,259384,6,,,1,95,,259385,6,,,1,100,,259386,6,,,1,95,,259387,6,,,1,27,,259388,5,0,7 40 41,1,73,,259389,6,,,1,32,,259390,5,0,7 40 41,1,68,,259391,6,,,1,32,,259392,5,0,7 40 41,1,67,,259393,6,,,1,38,,259394,5,0,7 40 41,1,72,,259395,6,,,1,105,,259396,6,,,1,98,,259397,6,,,1,100,,259398,6,,,1
2900,'20261023',533,,259399,6,,,1,190,,259400,6,,,1,200,,259401,6,,,1,208,,259402,6,,,1,100,,259403,6,,,1,95,,259404,6,,,1,100,,259405,6,,,1,95,,259406,6,,,1,27,,259407,5,0,7 40 41,1,73,,259408,6,,,1,32,,259409,5,0,7 40 41,1,68,,259410,6,,,1,32,,259411,5,0,7 40 41,1,67,,259412,6,,,1,38,,259413,5,0,7 40 41,1,72,,259414,6,,,1,105,,259415,6,,,1,98,,259416,6,,,1,100,,259417,6,,,1
2900,'20261024',658,,259418,6,,,1,95,,259419,6,,,1,95,,259420,6,,,1,100,,259421,6,,,1,93,,259422,6,,,1,100,,259423,6,,,1,105,,259424,6,,,1,100,,259425,6,,,1,100,,259426,6,,,1,100,,259427,6,,,1,100,,259428,6,,,1,100,,259429,6,,,1,100,,259430,6,,,1,100,,259431,6,,,1,104,,259432,6,,,1,203,,259433,6,,,1
2900,'20261025',658,,259434,6,,,1,95,,259435,6,,,1,95,,259436,6,,,1,100,,259437,6,,,1,93,,259438,6,,,1,100,,259439,6,,,1,105,,259440,6,,,1,100,,259441,6,,,1,100,,259442,6,,,1,100,,259443,6,,,1,100,,259444,6,,,1,100,,259445,6,,,1,100,,259446,6,,,1,100,,259447,6,,,1,104,,259448,6,,,1,203,,259449,6,,,1
2900,'20261026',533,,259450,6,,,1,190,,259451,6,,,1,200,,259452,6,,,1,208,,259453,6,,,1,100,,259454,6,,,1,95,,259455,6,,,1,100,,259456,6,,,1,95,,259457,6,,,1,27,,259458,5,0,7 40 41,1,73,,259459,6,,,1,32,,259460,5,0,7 40 41,1,68,,259461,6,,,1,32,,259462,5,0,7 40 41,1,67,,259463,6,,,1,38,,259464,5,0,7 40 41,1,72,,259465,6,,,1,105,,259466,6,,,1,98,,259467,6,,,1,100,,259468,6,,,1
2900,'20261027',533,,259469,6,,,1,190,,259470,6,,,1,200,,259471,6,,,1,208,,259472,6,,,1,100,,259473,6,,,1,95,,259474,6,,,1,100,,259475,6,,,1,95,,259476,6,,,1,27,,259477,5,0,7 40 41,1,73,,259478,6,,,1,32,,259479,5,0,7 40 41,1,68,,259480,6,,,1,32,,259481,5,0,7 40 41,1,67,,259482,6,,,1,38,,259483,5,0,7 40 41,1,72,,259484,6,,,1,105,,259485,6,,,1,98,,259486,6,,,1,100,,259487,6,,,1
2900,'20261028',533,,259488,6,,,1,190,,259489,6,,,1,200,,259490,6,,,1,208,,259491,6,,,1,100,,259492,6,,,1,95,,259493,6,,,1,100,,259494,6,,,1,95,,259495,6,,,1,27,,259496,5,0,7 40 41,1,73,,259497,6,,,1,32,,259498,5,0,7 40 41,1,68,,259499,6,,,1,32,,259500,5,0,7 40 41,1,67,,259501,6,,,1,38,,259502,5,0,7 40 41,1,72,,259503,6,,,1,105,,259504,6,,,1,98,,259505,6,,,1,100,,259506,6,,,1
2900,'20261029',533,,259507,6,,,1,190,,259508,6,,,1,200,,259509,6,,,1,208,,259510,6,,,1,100,,259511,6,,,1,95,,259512,6,,,1,100,,259513,6,,,1,95,,259514,6,,,1,27,,259515,5,0,7 40 41,1,73,,259516,6,,,1,32,,259517,5,0,7 40 41,1,68,,259518,6,,,1,32,,259519,5,0,7 40 41,1,67,,259520,6,,,1,38,,259521,5,0,7 40 41,1,72,,259522,6,,,1,105,,259523,6,,,1,98,,259524,6,,,1,100,,259525,6,,,1
2900,'20261030',533,,259526,6,,,1,190,,259527,6,,,1,200,,259528,6,,,1,208,,259529,6,,,1,100,,259530,6,,,1,95,,259531,6,,,1,100,,259532,6,,,1,95,,259533,6,,,1,27,,259534,5,0,7 40 41,1,73,,259535,6,,,1,32,,259536,5,0,7 40 41,1,68,,259537,6,,,1,32,,259538,5,0,7 40 41,1,67,,259539,6,,,1,38,,259540,5,0,7 40 41,1,72,,259541,6,,,1,105,,259542,6,,,1,98,,259543,6,,,1,100,,259544,6,,,1
2900,'20261031',658,,259545,6,,,1,95,,259546,6,,,1,95,,259547,6,,,1,100,,259548,6,,,1,93,,259549,6,,,1,100,,259550,6,,,1,105,,259551,6,,,1,100,,259552,6,,,1,100,,259553,6,,,1,100,,259554,6,,,1,100,,259555,6,,,1,100,,259556,6,,,1,100,,259557,6,,,1,100,,259558,6,,,1,104,,259559,6,,,1,203,,259560,6,,,1
2900,'20261101',658,,259561,6,,,1,95,,259562,6,,,1,95,,259563,6,,,1,100,,259564,6,,,1,93,,259565,6,,,1,100,,259566,6,,,1,105,,259567,6,,,1,100,,259568,6,,,1,100,,259569,6,,,1,100,,259570,6,,,1,100,,259571,6,,,1,100,,259572,6,,,1,100,,259573,6,,,1,100,,259574,6,,,1,104,,259575,6,,,1,203,,259576,6,,,1
2900,'20261102',533,,259577,6,,,1,190,,259578,6,,,1,200,,259579,6,,,1,208,,259580,6,,,1,100,,259581,6,,,1,95,,259582,6,,,1,100,,259583,6,,,1,95,,259584,6,,,1,27,,259585,5,0,7 40 41,1,73,,259586,6,,,1,32,,259587,5,0,7 40 41,1,68,,259588,6,,,1,32,,259589,5,0,7 40 41,1,67,,259590,6,,,1,38,,259591,5,0,7 40 41,1,72,,259592,6,,,1,105,,259593,6,,,1,98,,259594,6,,,1,100,,259595,6,,,1
2900,'20261103',533,,259596,6,,,1,190,,259597,6,,,1,200,,259598,6,,,1,208,,259599,6,,,1,100,,259600,6,,,1,95,,259601,6,,,1,100,,259602,6,,,1,95,,259603,6,,,1,27,,259604,5,0,7 40 41,1,73,,259605,6,,,1,32,,259606,5,0,7 40 41,1,68,,259607,6,,,1,32,,259608,5,0,7 40 41,1,67,,259609,6,,,1,38,,259610,5,0,7 40 41,1,72,,259611,6,,,1,105,,259612,6,,,1,98,,259613,6,,,1,100,,259614,6,,,1
2900,'20261104',533,,259615,6,,,1,190,,259616,6,,,1,200,,259617,6,,,1,208,,259618,6,,,1,100,,259619,6,,,1,95,,259620,6,,,1,100,,259621,6,,,1,95,,259622,6,,,1,27,,259623,5,0,7 40 41,1,73,,259624,6,,,1,32,,259625,5,0,7 40 41,1,68,,259626,6,,,1,32,,259627,5,0,7 40 41,1,67,,259628,6,,,1,38,,259629,5,0,7 40 41,1,72,,259630,6,,,1,105,,259631,6,,,1,98,,259632,6,,,1,100,,259633,6,,,1
2900,'20261105',533,,259634,6,,,1,190,,259635,6,,,1,200,,259636,6,,,1,208,,259637,6,,,1,100,,259638,6,,,1,95,,259639,6,,,1,100,,259640,6,,,1,95,,259641,6,,,1,27,,259642,5,0,7 40 41,1,73,,259643,6,,,1,32,,259644,5,0,7 40 41,1,68,,259645,6,,,1,32,,259646,5,0,7 40 41,1,67,,259647,6,,,1,38,,259648,5,0,7 40 41,1,72,,259649,6,,,1,105,,259650,6,,,1,98,,259651,6,,,1,100,,259652,6,,,1
2900,'20261106',533,,259653,6,,,1,190,,259654,6,,,1,200,,259655,6,,,1,208,,259656,6,,,1,100,,259657,6,,,1,95,,259658,6,,,1,100,,259659,6,,,1,95,,259660,6,,,1,27,,259661,5,0,7 40 41,1,73,,259662,6,,,1,32,,259663,5,0,7 40 41,1,68,,259664,6,,,1,32,,259665,5,0,7 40 41,1,67,,259666,6,,,1,38,,259667,5,0,7 40 41,1,72,,259668,6,,,1,105,,259669,6,,,1,98,,259670,6,,,1,100,,259671,6,,,1
2900,'20261107',658,,259672,6,,,1,95,,259673,6,,,1,95,,259674,6,,,1,100,,259675,6,,,1,93,,259676,6,,,1,100,,259677,6,,,1,105,,259678,6,,,1,100,,259679,6,,,1,100,,259680,6,,,1,100,,259681,6,,,1,100,,259682,6,,,1,100,,259683,6,,,1,100,,259684,6,,,1,100,,259685,6,,,1,104,,259686,6,,,1,203,,259687,6,,,1
2900,'20261108',658,,259688,6,,,1,95,,259689,6,,,1,95,,259690,6,,,1,100,,259691,6,,,1,93,,259692,6,,,1,100,,259693,6,,,1,105,,259694,6,,,1,100,,259695,6,,,1,100,,259696,6,,,1,100,,259697,6,,,1,100,,259698,6,,,1,100,,259699,6,,,1,100,,259700,6,,,1,100,,259701,6,,,1,104,,259702,6,,,1,203,,259703,6,,,1
2900,'20261109',533,,259704,6,,,1,190,,259705,6,,,1,200,,259706,6,,,1,208,,259707,6,,,1,100,,259708,6,,,1,95,,259709,6,,,1,100,,259710,6,,,1,95,,259711,6,,,1,27,,259712,5,0,7 40 41,1,73,,259713,6,,,1,32,,259714,5,0,7 40 41,1,68,,259715,6,,,1,32,,259716,5,0,7 40 41,1,67,,259717,6,,,1,38,,259718,5,0,7 40 41,1,72,,259719,6,,,1,105,,259720,6,,,1,98,,259721,6,,,1,100,,259722,6,,,1
2900,'20261110',533,,259723,6,,,1,190,,259724,6,,,1,200,,259725,6,,,1,208,,259726,6,,,1,100,,259727,6,,,1,95,,259728,6,,,1,100,,259729,6,,,1,95,,259730,6,,,1,27,,259731,5,0,7 40 41,1,73,,259732,6,,,1,32,,259733,5,0,7 40 41,1,68,,259734,6,,,1,32,,259735,5,0,7 40 41,1,67,,259736,6,,,1,38,,259737,5,0,7 40 41,1,72,,259738,6,,,1,105,,259739,6,,,1,98,,259740,6,,,1,100,,259741,6,,,1
2900,'20261111',533,,259742,6,,,1,190,,259743,6,,,1,200,,259744,6,,,1,208,,259745,6,,,1,100,,259746,6,,,1,95,,259747,6,,,1,100,,259748,6,,,1,95,,259749,6,,,1,27,,259750,5,0,7 40 41,1,73,,259751,6,,,1,32,,259752,5,0,7 40 41,1,68,,259753,6,,,1,32,,259754,5,0,7 40 41,1,67,,259755,6,,,1,38,,259756,5,0,7 40 41,1,72,,259757,6,,,1,105,,259758,6,,,1,98,,259759,6,,,1,100,,259760,6,,,1
2900,'20261112',533,,259761,6,,,1,190,,259762,6,,,1,200,,259763,6,,,1,208,,259764,6,,,1,100,,259765,6,,,1,95,,259766,6,,,1,100,,259767,6,,,1,95,,259768,6,,,1,27,,259769,5,0,7 40 41,1,73,,259770,6,,,1,32,,259771,5,0,7 40 41,1,68,,259772,6,,,1,32,,259773,5,0,7 40 41,1,67,,259774,6,,,1,38,,259775,5,0,7 40 41,1,72,,259776,6,,,1,105,,259777,6,,,1,98,,259778,6,,,1,100,,259779,6,,,1
2900,'20261113',533,,259780,6,,,1,190,,259781,6,,,1,200,,259782,6,,,1,208,,259783,6,,,1,100,,259784,6,,,1,95,,259785,6,,,1,100,,259786,6,,,1,95,,259787,6,,,1,27,,259788,5,0,7 40 41,1,73,,259789,6,,,1,32,,259790,5,0,7 40 41,1,68,,259791,6,,,1,32,,259792,5,0,7 40 41,1,67,,259793,6,,,1,38,,259794,5,0,7 40 41,1,72,,259795,6,,,1,105,,259796,6,,,1,98,,259797,6,,,1,100,,259798,6,,,1
2900,'20261114',658,,259799,6,,,1,95,,259800,6,,,1,95,,259801,6,,,1,100,,259802,6,,,1,93,,259803,6,,,1,100,,259804,6,,,1,105,,259805,6,,,1,100,,259806,6,,,1,100,,259807,6,,,1,100,,259808,6,,,1,100,,259809,6,,,1,100,,259810,6,,,1,100,,259811,6,,,1,100,,259812,6,,,1,104,,259813,6,,,1,203,,259814,6,,,1
2900,'20261115',658,,259815,6,,,1,95,,259816,6,,,1,95,,259817,6,,,1,100,,259818,6,,,1,93,,259819,6,,,1,100,,259820,6,,,1,105,,259821,6,,,1,100,,259822,6,,,1,100,,259823,6,,,1,100,,259824,6,,,1,100,,259825,6,,,1,100,,259826,6,,,1,100,,259827,6,,,1,100,,259828,6,,,1,104,,259829,6,,,1,203,,259830,6,,,1
2900,'20261116',533,,259831,6,,,1,190,,259832,6,,,1,200,,259833,6,,,1,208,,259834,6,,,1,100,,259835,6,,,1,95,,259836,6,,,1,100,,259837,6,,,1,95,,259838,6,,,1,27,,259839,5,0,7 40 41,1,73,,259840,6,,,1,32,,259841,5,0,7 40 41,1,68,,259842,6,,,1,32,,259843,5,0,7 40 41,1,67,,259844,6,,,1,38,,259845,5,0,7 40 41,1,72,,259846,6,,,1,105,,259847,6,,,1,98,,259848,6,,,1,100,,259849,6,,,1
2900,'20261117',533,,259850,6,,,1,190,,259851,6,,,1,200,,259852,6,,,1,208,,259853,6,,,1,100,,259854,6,,,1,95,,259855,6,,,1,100,,259856,6,,,1,95,,259857,6,,,1,27,,259858,5,0,7 40 41,1,73,,259859,6,,,1,32,,259860,5,0,7 40 41,1,68,,259861,6,,,1,32,,259862,5,0,7 40 41,1,67,,259863,6,,,1,38,,259864,5,0,7 40 41,1,72,,259865,6,,,1,105,,259866,6,,,1,98,,259867,6,,,1,100,,259868,6,,,1
2900,'20261118',533,,259869,6,,,1,190,,259870,6,,,1,200,,259871,6,,,1,208,,259872,6,,,1,100,,259873,6,,,1,95,,259874,6,,,1,100,,259875,6,,,1,95,,259876,6,,,1,27,,259877,5,0,7 40 41,1,73,,259878,6,,,1,32,,259879,5,0,7 40 41,1,68,,259880,6,,,1,32,,259881,5,0,7 40 41,1,67,,259882,6,,,1,38,,259883,5,0,7 40 41,1,72,,259884,6,,,1,105,,259885,6,,,1,98,,259886,6,,,1,100,,259887,6,,,1
2900,'20261119',533,,259888,6,,,1,190,,259889,6,,,1,200,,259890,6,,,1,208,,259891,6,,,1,100,,259892,6,,,1,95,,259893,6,,,1,100,,259894,6,,,1,95,,259895,6,,,1,27,,259896,5,0,7 40 41,1,73,,259897,6,,,1,32,,259898,5,0,7 40 41,1,68,,259899,6,,,1,32,,259900,5,0,7 40 41,1,67,,259901,6,,,1,38,,259902,5,0,7 40 41,1,72,,259903,6,,,1,105,,259904,6,,,1,98,,259905,6,,,1,100,,259906,6,,,1
2900,'20261120',533,,259907,6,,,1,190,,259908,6,,,1,200,,259909,6,,,1,208,,259910,6,,,1,100,,259911,6,,,1,95,,259912,6,,,1,100,,259913,6,,,1,95,,259914,6,,,1,27,,259915,5,0,7 40 41,1,73,,259916,6,,,1,32,,259917,5,0,7 40 41,1,68,,259918,6,,,1,32,,259919,5,0,7 40 41,1,67,,259920,6,,,1,38,,259921,5,0,7 40 41,1,72,,259922,6,,,1,105,,259923,6,,,1,98,,259924,6,,,1,100,,259925,6,,,1
2900,'20261121',658,,259926,6,,,1,95,,259927,6,,,1,95,,259928,6,,,1,100,,259929,6,,,1,93,,259930,6,,,1,100,,259931,6,,,1,105,,259932,6,,,1,100,,259933,6,,,1,100,,259934,6,,,1,100,,259935,6,,,1,100,,259936,6,,,1,100,,259937,6,,,1,100,,259938,6,,,1,100,,259939,6,,,1,104,,259940,6,,,1,203,,259941,6,,,1
2900,'20261122',658,,259942,6,,,1,95,,259943,6,,,1,95,,259944,6,,,1,100,,259945,6,,,1,93,,259946,6,,,1,100,,259947,6,,,1,105,,259948,6,,,1,100,,259949,6,,,1,100,,259950,6,,,1,100,,259951,6,,,1,100,,259952,6,,,1,100,,259953,6,,,1,100,,259954,6,,,1,100,,259955,6,,,1,104,,259956,6,,,1,203,,259957,6,,,1
2900,'20261123',533,,259958,6,,,1,190,,259959,6,,,1,200,,259960,6,,,1,208,,259961,6,,,1,100,,259962,6,,,1,95,,259963,6,,,1,100,,259964,6,,,1,95,,259965,6,,,1,27,,259966,5,0,7 40 41,1,73,,259967,6,,,1,32,,259968,5,0,7 40 41,1,68,,259969,6,,,1,32,,259970,5,0,7 40 41,1,67,,259971,6,,,1,38,,259972,5,0,7 40 41,1,72,,259973,6,,,1,105,,259974,6,,,1,98,,259975,6,,,1,100,,259976,6,,,1
2900,'20261124',533,,259977,6,,,1,190,,259978,6,,,1,200,,259979,6,,,1,208,,259980,6,,,1,100,,259981,6,,,1,95,,259982,6,,,1,100,,259983,6,,,1,95,,259984,6,,,1,27,,259985,5,0,7 40 41,1,73,,259986,6,,,1,32,,259987,5,0,7 40 41,1,68,,259988,6,,,1,32,,259989,5,0,7 40 41,1,67,,259990,6,,,1,38,,259991,5,0,7 40 41,1,72,,259992,6,,,1,105,,259993,6,,,1,98,,259994,6,,,1,100,,259995,6,,,1
2900,'20261125',533,,259996,6,,,1,190,,259997,6,,,1,200,,259998,6,,,1,208,,259999,6,,,1,100,,260000,6,,,1,95,,260001,6,,,1,100,,260002,6,,,1,95,,260003,6,,,1,27,,260004,5,0,7 40 41,1,73,,260005,6,,,1,32,,260006,5,0,7 40 41,1,68,,260007,6,,,1,32,,260008,5,0,7 40 41,1,67,,260009,6,,,1,38,,260010,5,0,7 40 41,1,72,,260011,6,,,1,105,,260012,6,,,1,98,,260013,6,,,1,100,,260014,6,,,1
2900,'20261126',533,,260015,6,,,1,190,,260016,6,,,1,200,,260017,6,,,1,208,,260018,6,,,1,100,,260019,6,,,1,95,,260020,6,,,1,100,,260021,6,,,1,95,,260022,6,,,1,27,,260023,5,0,7 40 41,1,73,,260024,6,,,1,32,,260025,5,0,7 40 41,1,68,,260026,6,,,1,32,,260027,5,0,7 40 41,1,67,,260028,6,,,1,38,,260029,5,0,7 40 41,1,72,,260030,6,,,1,105,,260031,6,,,1,98,,260032,6,,,1,100,,260033,6,,,1
2900,'20261127',533,,260034,6,,,1,190,,260035,6,,,1,200,,260036,6,,,1,208,,260037,6,,,1,100,,260038,6,,,1,95,,260039,6,,,1,100,,260040,6,,,1,95,,260041,6,,,1,27,,260042,5,0,7 40 41,1,73,,260043,6,,,1,32,,260044,5,0,7 40 41,1,68,,260045,6,,,1,32,,260046,5,0,7 40 41,1,67,,260047,6,,,1,38,,260048,5,0,7 40 41,1,72,,260049,6,,,1,105,,260050,6,,,1,98,,260051,6,,,1,100,,260052,6,,,1
4800,'20260831',448,,195958,5,,,1,90,,195959,5,,,1,95,,195960,5,,,1,95,,195961,5,,,1,105,,195962,5,,,1,105,,195963,5,,,1,100,,195964,5,,,1,100,,195965,5,,,1,100,,195966,5,,,1,100,,195967,5,,,1,85,,195968,5,,,1,90,,195969,5,,,1,105,,195970,5,,,1,110,,195971,5,,,1,110,,195972,5,,,1,205,,195973,5,,,1,210,,195974,5,,,1
4800,'20260901',448,,195975,5,,,1,90,,195976,5,,,1,95,,195977,5,,,1,95,,195978,5,,,1,105,,195979,5,,,1,105,,195980,5,,,1,100,,195981,5,,,1,100,,195982,5,,,1,100,,195983,5,,,1,100,,195984,5,,,1,85,,195985,5,,,1,90,,195986,5,,,1,105,,195987,5,,,1,110,,195988,5,,,1,110,,195989,5,,,1,205,,195990,5,,,1,210,,195991,5,,,1
4800,'20260902',448,,195992,5,,,1,90,,195993,5,,,1,95,,195994,5,,,1,95,,195995,5,,,1,105,,195996,5,,,1,105,,195997,5,,,1,100,,195998,5,,,1,100,,195999,5,,,1,100,,196000,5,,,1,100,,196001,5,,,1,85,,196002,5,,,1,90,,196003,5,,,1,105,,196004,5,,,1,110,,196005,5,,,1,110,,196006,5,,,1,205,,196007,5,,,1,210,,196008,5,,,1
4800,'20260903',448,,196009,5,,,1,90,,196010,5,,,1,95,,196011,5,,,1,95,,196012,5,,,1,105,,196013,5,,,1,105,,196014,5,,,1,100,,196015,5,,,1,100,,196016,5,,,1,100,,196017,5,,,1,100,,196018,5,,,1,85,,196019,5,,,1,90,,196020,5,,,1,105,,196021,5,,,1,110,,196022,5,,,1,110,,196023,5,,,1,205,,196024,5,,,1,210,,196025,5,,,1
4800,'20260904',448,,196026,5,,,1,90,,196027,5,,,1,95,,196028,5,,,1,95,,196029,5,,,1,105,,196030,5,,,1,105,,196031,5,,,1,100,,196032,5,,,1,100,,196033,5,,,1,100,,196034,5,,,1,100,,196035,5,,,1,85,,196036,5,,,1,90,,196037,5,,,1,105,,196038,5,,,1,110,,196039,5,,,1,110,,196040,5,,,1,205,,196041,5,,,1,210,,196042,5,,,1
4800,'20260908',448,,304301,5,,,1,90,,304302,5,,,1,95,,304303,5,,,1,95,,304304,5,,,1,105,,304305,5,,,1,105,,304306,5,,,1,100,,304307,5,,,1,100,,304308,5,,,1,100,,304309,5,,,1,100,,304310,5,,,1,85,,304311,5,,,1,90,,304312,5,,,1,105,,304313,5,,,1,110,,304314,5,,,1,110,,304315,5,,,1,205,,304316,5,,,1,210,,304317,5,,,1
4800,'20260909',448,,304318,5,,,1,90,,304319,5,,,1,95,,304320,5,,,1,95,,304321,5,,,1,105,,304322,5,,,1,105,,304323,5,,,1,100,,304324,5,,,1,100,,304325,5,,,1,100,,304326,5,,,1,100,,304327,5,,,1,85,,304328,5,,,1,90,,304329,5,,,1,105,,304330,5,,,1,110,,304331,5,,,1,110,,304332,5,,,1,205,,304333,5,,,1,210,,304334,5,,,1
4800,'20260910',448,,304335,5,,,1,90,,304336,5,,,1,95,,304337,5,,,1,95,,304338,5,,,1,105,,304339,5,,,1,105,,304340,5,,,1,100,,304341,5,,,1,100,,304342,5,,,1,100,,304343,5,,,1,100,,304344,5,,,1,85,,304345,5,,,1,90,,304346,5,,,1,105,,304347,5,,,1,110,,304348,5,,,1,110,,304349,5,,,1,205,,304350,5,,,1,210,,304351,5,,,1
4800,'20260911',448,,304352,5,,,1,90,,304353,5,,,1,95,,304354,5,,,1,95,,304355,5,,,1,105,,304356,5,,,1,105,,304357,5,,,1,100,,304358,5,,,1,100,,304359,5,,,1,100,,304360,5,,,1,100,,304361,5,,,1,85,,304362,5,,,1,90,,304363,5,,,1,105,,304364,5,,,1,110,,304365,5,,,1,110,,304366,5,,,1,205,,304367,5,,,1,210,,304368,5,,,1
4800,'20260914',448,,304369,5,,,1,90,,304370,5,,,1,95,,304371,5,,,1,95,,304372,5,,,1,105,,304373,5,,,1,105,,304374,5,,,1,100,,304375,5,,,1,100,,304376,5,,,1,100,,304377,5,,,1,100,,304378,5,,,1,85,,304379,5,,,1,90,,304380,5,,,1,105,,304381,5,,,1,110,,304382,5,,,1,110,,304383,5,,,1,205,,304384,5,,,1,210,,304385,5,,,1
4800,'20260915',448,,304386,5,,,1,90,,304387,5,,,1,95,,304388,5,,,1,95,,304389,5,,,1,105,,304390,5,,,1,105,,304391,5,,,1,100,,304392,5,,,1,100,,304393,5,,,1,100,,304394,5,,,1,100,,304395,5,,,1,85,,304396,5,,,1,90,,304397,5,,,1,105,,304398,5,,,1,110,,304399,5,,,1,110,,304400,5,,,1,205,,304401,5,,,1,210,,304402,5,,,1
4800,'20260916',448,,304403,5,,,1,90,,304404,5,,,1,95,,304405,5,,,1,95,,304406,5,,,1,105,,304407,5,,,1,105,,304408,5,,,1,100,,304409,5,,,1,100,,304410,5,,,1,100,,304411,5,,,1,100,,304412,5,,,1,85,,304413,5,,,1,90,,304414,5,,,1,105,,304415,5,,,1,110,,304416,5,,,1,110,,304417,5,,,1,205,,304418,5,,,1,210,,304419,5,,,1
4800,'20260917',448,,304420,5,,,1,90,,304421,5,,,1,95,,304422,5,,,1,95,,304423,5,,,1,105,,304424,5,,,1,105,,304425,5,,,1,100,,304426,5,,,1,100,,304427,5,,,1,100,,304428,5,,,1,100,,304429,5,,,1,85,,304430,5,,,1,90,,304431,5,,,1,105,,304432,5,,,1,110,,304433,5,,,1,110,,304434,5,,,1,205,,304435,5,,,1,210,,304436,5,,,1
4800,'20260918',448,,304437,5,,,1,90,,304438,5,,,1,95,,304439,5,,,1,95,,304440,5,,,1,105,,304441,5,,,1,105,,304442,5,,,1,100,,304443,5,,,1,100,,304444,5,,,1,100,,304445,5,,,1,100,,304446,5,,,1,85,,304447,5,,,1,90,,304448,5,,,1,105,,304449,5,,,1,110,,304450,5,,,1,110,,304451,5,,,1,205,,304452,5,,,1,210,,304453,5,,,1
4800,'20260921',448,,304454,5,,,1,90,,304455,5,,,1,95,,304456,5,,,1,95,,304457,5,,,1,105,,304458,5,,,1,105,,304459,5,,,1,100,,304460,5,,,1,100,,304461,5,,,1,100,,304462,5,,,1,100,,304463,5,,,1,85,,304464,5,,,1,90,,304465,5,,,1,105,,304466,5,,,1,110,,304467,5,,,1,110,,304468,5,,,1,205,,304469,5,,,1,210,,304470,5,,,1
4800,'20260922',448,,304471,5,,,1,90,,304472,5,,,1,95,,304473,5,,,1,95,,304474,5,,,1,105,,304475,5,,,1,105,,304476,5,,,1,100,,304477,5,,,1,100,,304478,5,,,1,100,,304479,5,,,1,100,,304480,5,,,1,85,,304481,5,,,1,90,,304482,5,,,1,105,,304483,5,,,1,110,,304484,5,,,1,110,,304485,5,,,1,205,,304486,5,,,1,210,,304487,5,,,1
4800,'20260923',448,,304488,5,,,1,90,,304489,5,,,1,95,,304490,5,,,1,95,,304491,5,,,1,105,,304492,5,,,1,105,,304493,5,,,1,100,,304494,5,,,1,100,,304495,5,,,1,100,,304496,5,,,1,100,,304497,5,,,1,85,,304498,5,,,1,90,,304499,5,,,1,105,,304500,5,,,1,110,,304501,5,,,1,110,,304502,5,,,1,205,,304503,5,,,1,210,,304504,5,,,1
4800,'20260924',448,,304505,5,,,1,90,,304506,5,,,1,95,,304507,5,,,1,95,,304508,5,,,1,105,,304509,5,,,1,105,,304510,5,,,1,100,,304511,5,,,1,100,,304512,5,,,1,100,,304513,5,,,1,100,,304514,5,,,1,85,,304515,5,,,1,90,,304516,5,,,1,105,,304517,5,,,1,110,,304518,5,,,1,110,,304519,5,,,1,205,,304520,5,,,1,210,,304521,5,,,1
4800,'20260925',448,,304522,5,,,1,90,,304523,5,,,1,95,,304524,5,,,1,95,,304525,5,,,1,105,,304526,5,,,1,105,,304527,5,,,1,100,,304528,5,,,1,100,,304529,5,,,1,100,,304530,5,,,1,100,,304531,5,,,1,85,,304532,5,,,1,90,,304533,5,,,1,105,,304534,5,,,1,110,,304535,5,,,1,110,,304536,5,,,1,205,,304537,5,,,1,210,,304538,5,,,1
4800,'20260928',448,,304539,5,,,1,90,,304540,5,,,1,95,,304541,5,,,1,95,,304542,5,,,1,105,,304543,5,,,1,105,,304544,5,,,1,100,,304545,5,,,1,100,,304546,5,,,1,100,,304547,5,,,1,100,,304548,5,,,1,85,,304549,5,,,1,90,,304550,5,,,1,105,,304551,5,,,1,110,,304552,5,,,1,110,,304553,5,,,1,205,,304554,5,,,1,210,,304555,5,,,1
4800,'20260929',448,,304556,5,,,1,90,,304557,5,,,1,95,,304558,5,,,1,95,,304559,5,,,1,105,,304560,5,,,1,105,,304561,5,,,1,100,,304562,5,,,1,100,,304563,5,,,1,100,,304564,5,,,1,100,,304565,5,,,1,85,,304566,5,,,1,90,,304567,5,,,1,105,,304568,5,,,1,110,,304569,5,,,1,110,,304570,5,,,1,205,,304571,5,,,1,210,,304572,5,,,1
4800,'20260930',448,,304573,5,,,1,90,,304574,5,,,1,95,,304575,5,,,1,95,,304576,5,,,1,105,,304577,5,,,1,105,,304578,5,,,1,100,,304579,5,,,1,100,,304580,5,,,1,100,,304581,5,,,1,100,,304582,5,,,1,85,,304583,5,,,1,90,,304584,5,,,1,105,,304585,5,,,1,110,,304586,5,,,1,110,,304587,5,,,1,205,,304588,5,,,1,210,,304589,5,,,1
4800,'20261001',448,,304590,5,,,1,90,,304591,5,,,1,95,,304592,5,,,1,95,,304593,5,,,1,105,,304594,5,,,1,105,,304595,5,,,1,100,,304596,5,,,1,100,,304597,5,,,1,100,,304598,5,,,1,100,,304599,5,,,1,85,,304600,5,,,1,90,,304601,5,,,1,105,,304602,5,,,1,110,,304603,5,,,1,110,,304604,5,,,1,205,,304605,5,,,1,210,,304606,5,,,1
4800,'20261002',448,,304607,5,,,1,90,,304608,5,,,1,95,,304609,5,,,1,95,,304610,5,,,1,105,,304611,5,,,1,105,,304612,5,,,1,100,,304613,5,,,1,100,,304614,5,,,1,100,,304615,5,,,1,100,,304616,5,,,1,85,,304617,5,,,1,90,,304618,5,,,1,105,,304619,5,,,1,110,,304620,5,,,1,110,,304621,5,,,1,205,,304622,5,,,1,210,,304623,5,,,1
4800,'20261005',448,,304624,5,,,1,90,,304625,5,,,1,95,,304626,5,,,1,95,,304627,5,,,1,105,,304628,5,,,1,105,,304629,5,,,1,100,,304630,5,,,1,100,,304631,5,,,1,100,,304632,5,,,1,100,,304633,5,,,1,85,,304634,5,,,1,90,,304635,5,,,1,105,,304636,5,,,1,110,,304637,5,,,1,110,,304638,5,,,1,205,,304639,5,,,1,210,,304640,5,,,1
4800,'20261006',448,,304641,5,,,1,90,,304642,5,,,1,95,,304643,5,,,1,95,,304644,5,,,1,105,,304645,5,,,1,105,,304646,5,,,1,100,,304647,5,,,1,100,,304648,5,,,1,100,,304649,5,,,1,100,,304650,5,,,1,85,,304651,5,,,1,90,,304652,5,,,1,105,,304653,5,,,1,110,,304654,5,,,1,110,,304655,5,,,1,205,,304656,5,,,1,210,,304657,5,,,1
4800,'20261007',448,,304658,5,,,1,90,,304659,5,,,1,95,,304660,5,,,1,95,,304661,5,,,1,105,,304662,5,,,1,105,,304663,5,,,1,100,,304664,5,,,1,100,,304665,5,,,1,100,,304666,5,,,1,100,,304667,5,,,1,85,,304668,5,,,1,90,,304669,5,,,1,105,,304670,5,,,1,110,,304671,5,,,1,110,,304672,5,,,1,205,,304673,5,,,1,210,,304674,5,,,1
4800,'20261008',448,,304675,5,,,1,90,,304676,5,,,1,95,,304677,5,,,1,95,,304678,5,,,1,105,,304679,5,,,1,105,,304680,5,,,1,100,,304681,5,,,1,100,,304682,5,,,1,100,,304683,5,,,1,100,,304684,5,,,1,85,,304685,5,,,1,90,,304686,5,,,1,105,,304687,5,,,1,110,,304688,5,,,1,110,,304689,5,,,1,205,,304690,5,,,1,210,,304691,5,,,1
4800,'20261009',448,,304692,5,,,1,90,,304693,5,,,1,95,,304694,5,,,1,95,,304695,5,,,1,105,,304696,5,,,1,105,,304697,5,,,1,100,,304698,5,,,1,100,,304699,5,,,1,100,,304700,5,,,1,100,,304701,5,,,1,85,,304702,5,,,1,90,,304703,5,,,1,105,,304704,5,,,1,110,,304705,5,,,1,110,,304706,5,,,1,205,,304707,5,,,1,210,,304708,5,,,1
4800,'20261013',448,,304709,5,,,1,90,,304710,5,,,1,95,,304711,5,,,1,95,,304712,5,,,1,105,,304713,5,,,1,105,,304714,5,,,1,100,,304715,5,,,1,100,,304716,5,,,1,100,,304717,5,,,1,100,,304718,5,,,1,85,,304719,5,,,1,90,,304720,5,,,1,105,,304721,5,,,1,110,,304722,5,,,1,110,,304723,5,,,1,205,,304724,5,,,1,210,,304725,5,,,1
4800,'20261014',448,,304726,5,,,1,90,,304727,5,,,1,95,,304728,5,,,1,95,,304729,5,,,1,105,,304730,5,,,1,105,,304731,5,,,1,100,,304732,5,,,1,100,,304733,5,,,1,100,,304734,5,,,1,100,,304735,5,,,1,85,,304736,5,,,1,90,,304737,5,,,1,105,,304738,5,,,1,110,,304739,5,,,1,110,,304740,5,,,1,205,,304741,5,,,1,210,,304742,5,,,1
4800,'20261015',448,,304743,5,,,1,90,,304744,5,,,1,95,,304745,5,,,1,95,,304746,5,,,1,105,,304747,5,,,1,105,,304748,5,,,1,100,,304749,5,,,1,100,,304750,5,,,1,100,,304751,5,,,1,100,,304752,5,,,1,85,,304753,5,,,1,90,,304754,5,,,1,105,,304755,5,,,1,110,,304756,5,,,1,110,,304757,5,,,1,205,,304758,5,,,1,210,,304759,5,,,1
4800,'20261016',448,,304760,5,,,1,90,,304761,5,,,1,95,,304762,5,,,1,95,,304763,5,,,1,105,,304764,5,,,1,105,,304765,5,,,1,100,,304766,5,,,1,100,,304767,5,,,1,100,,304768,5,,,1,100,,304769,5,,,1,85,,304770,5,,,1,90,,304771,5,,,1,105,,304772,5,,,1,110,,304773,5,,,1,110,,304774,5,,,1,205,,304775,5,,,1,210,,304776,5,,,1
4800,'20261019',448,,304777,5,,,1,90,,304778,5,,,1,95,,304779,5,,,1,95,,304780,5,,,1,105,,304781,5,,,1,105,,304782,5,,,1,100,,304783,5,,,1,100,,304784,5,,,1,100,,304785,5,,,1,100,,304786,5,,,1,85,,304787,5,,,1,90,,304788,5,,,1,105,,304789,5,,,1,110,,304790,5,,,1,110,,304791,5,,,1,205,,304792,5,,,1,210,,304793,5,,,1
4800,'20261020',448,,304794,5,,,1,90,,304795,5,,,1,95,,304796,5,,,1,95,,304797,5,,,1,105,,304798,5,,,1,105,,304799,5,,,1,100,,304800,5,,,1,100,,304801,5,,,1,100,,304802,5,,,1,100,,304803,5,,,1,85,,304804,5,,,1,90,,304805,5,,,1,105,,304806,5,,,1,110,,304807,5,,,1,110,,304808,5,,,1,205,,304809,5,,,1,210,,304810,5,,,1
4800,'20261021',448,,304811,5,,,1,90,,304812,5,,,1,95,,304813,5,,,1,95,,304814,5,,,1,105,,304815,5,,,1,105,,304816,5,,,1,100,,304817,5,,,1,100,,304818,5,,,1,100,,304819,5,,,1,100,,304820,5,,,1,85,,304821,5,,,1,90,,304822,5,,,1,105,,304823,5,,,1,110,,304824,5,,,1,110,,304825,5,,,1,205,,304826,5,,,1,210,,304827,5,,,1
4800,'20261022',448,,304828,5,,,1,90,,304829,5,,,1,95,,304830,5,,,1,95,,304831,5,,,1,105,,304832,5,,,1,105,,304833,5,,,1,100,,304834,5,,,1,100,,304835,5,,,1,100,,304836,5,,,1,100,,304837,5,,,1,85,,304838,5,,,1,90,,304839,5,,,1,105,,304840,5,,,1,110,,304841,5,,,1,110,,304842,5,,,1,205,,304843,5,,,1,210,,304844,5,,,1
4800,'20261023',448,,304845,5,,,1,90,,304846,5,,,1,95,,304847,5,,,1,95,,304848,5,,,1,105,,304849,5,,,1,105,,304850,5,,,1,100,,304851,5,,,1,100,,304852,5,,,1,100,,304853,5,,,1,100,,304854,5,,,1,85,,304855,5,,,1,90,,304856,5,,,1,105,,304857,5,,,1,110,,304858,5,,,1,110,,304859,5,,,1,205,,304860,5,,,1,210,,304861,5,,,1
4800,'20261026',448,,304862,5,,,1,90,,304863,5,,,1,95,,304864,5,,,1,95,,304865,5,,,1,105,,304866,5,,,1,105,,304867,5,,,1,100,,304868,5,,,1,100,,304869,5,,,1,100,,304870,5,,,1,100,,304871,5,,,1,85,,304872,5,,,1,90,,304873,5,,,1,105,,304874,5,,,1,110,,304875,5,,,1,110,,304876,5,,,1,205,,304877,5,,,1,210,,304878,5,,,1
4800,'20261027',448,,304879,5,,,1,90,,304880,5,,,1,95,,304881,5,,,1,95,,304882,5,,,1,105,,304883,5,,,1,105,,304884,5,,,1,100,,304885,5,,,1,100,,304886,5,,,1,100,,304887,5,,,1,100,,304888,5,,,1,85,,304889,5,,,1,90,,304890,5,,,1,105,,304891,5,,,1,110,,304892,5,,,1,110,,304893,5,,,1,205,,304894,5,,,1,210,,304895,5,,,1
4800,'20261028',448,,304896,5,,,1,90,,304897,5,,,1,95,,304898,5,,,1,95,,304899,5,,,1,105,,304900,5,,,1,105,,304901,5,,,1,100,,304902,5,,,1,100,,304903,5,,,1,100,,304904,5,,,1,100,,304905,5,,,1,85,,304906,5,,,1,90,,304907,5,,,1,105,,304908,5,,,1,110,,304909,5,,,1,110,,304910,5,,,1,205,,304911,5,,,1,210,,304912,5,,,1
4800,'20261029',448,,304913,5,,,1,90,,304914,5,,,1,95,,304915,5,,,1,95,,304916,5,,,1,105,,304917,5,,,1,105,,304918,5,,,1,100,,304919,5,,,1,100,,304920,5,,,1,100,,304921,5,,,1,100,,304922,5,,,1,85,,304923,5,,,1,90,,304924,5,,,1,105,,304925,5,,,1,110,,304926,5,,,1,110,,304927,5,,,1,205,,304928,5,,,1,210,,304929,5,,,1
4800,'20261030',448,,304930,5,,,1,90,,304931,5,,,1,95,,304932,5,,,1,95,,304933,5,,,1,105,,304934,5,,,1,105,,304935,5,,,1,100,,304936,5,,,1,100,,304937,5,,,1,100,,304938,5,,,1,100,,304939,5,,,1,85,,304940,5,,,1,90,,304941,5,,,1,105,,304942,5,,,1,110,,304943,5,,,1,110,,304944,5,,,1,205,,304945,5,,,1,210,,304946,5,,,1
4800,'20261102',448,,304947,5,,,1,90,,304948,5,,,1,95,,304949,5,,,1,95,,304950,5,,,1,105,,304951,5,,,1,105,,304952,5,,,1,100,,304953,5,,,1,100,,304954,5,,,1,100,,304955,5,,,1,100,,304956,5,,,1,85,,304957,5,,,1,90,,304958,5,,,1,105,,304959,5,,,1,110,,304960,5,,,1,110,,304961,5,,,1,205,,304962,5,,,1,210,,304963,5,,,1
4800,'20261103',448,,304964,5,,,1,90,,304965,5,,,1,95,,304966,5,,,1,95,,304967,5,,,1,105,,304968,5,,,1,105,,304969,5,,,1,100,,304970,5,,,1,100,,304971,5,,,1,100,,304972,5,,,1,100,,304973,5,,,1,85,,304974,5,,,1,90,,304975,5,,,1,105,,304976,5,,,1,110,,304977,5,,,1,110,,304978,5,,,1,205,,304979,5,,,1,210,,304980,5,,,1
4800,'20261104',448,,304981,5,,,1,90,,304982,5,,,1,95,,304983,5,,,1,95,,304984,5,,,1,105,,304985,5,,,1,105,,304986,5,,,1,100,,304987,5,,,1,100,,304988,5,,,1,100,,304989,5,,,1,100,,304990,5,,,1,85,,304991,5,,,1,90,,304992,5,,,1,105,,304993,5,,,1,110,,304994,5,,,1,110,,304995,5,,,1,205,,304996,5,,,1,210,,304997,5,,,1
4800,'20261105',448,,304998,5,,,1,90,,304999,5,,,1,95,,305000,5,,,1,95,,305001,5,,,1,105,,305002,5,,,1,105,,305003,5,,,1,100,,305004,5,,,1,100,,305005,5,,,1,100,,305006,5,,,1,100,,305007,5,,,1,85,,305008,5,,,1,90,,305009,5,,,1,105,,305010,5,,,1,110,,305011,5,,,1,110,,305012,5,,,1,205,,305013,5,,,1,210,,305014,5,,,1
4800,'20261106',448,,305015,5,,,1,90,,305016,5,,,1,95,,305017,5,,,1,95,,305018,5,,,1,105,,305019,5,,,1,105,,305020,5,,,1,100,,305021,5,,,1,100,,305022,5,,,1,100,,305023,5,,,1,100,,305024,5,,,1,85,,305025,5,,,1,90,,305026,5,,,1,105,,305027,5,,,1,110,,305028,5,,,1,110,,305029,5,,,1,205,,305030,5,,,1,210,,305031,5,,,1
4800,'20261109',448,,305032,5,,,1,90,,305033,5,,,1,95,,305034,5,,,1,95,,305035,5,,,1,105,,305036,5,,,1,105,,305037,5,,,1,100,,305038,5,,,1,100,,305039,5,,,1,100,,305040,5,,,1,100,,305041,5,,,1,85,,305042,5,,,1,90,,305043,5,,,1,105,,305044,5,,,1,110,,305045,5,,,1,110,,305046,5,,,1,205,,305047,5,,,1,210,,305048,5,,,1
4800,'20261110',448,,305049,5,,,1,90,,305050,5,,,1,95,,305051,5,,,1,95,,305052,5,,,1,105,,305053,5,,,1,105,,305054,5,,,1,100,,305055,5,,,1,100,,305056,5,,,1,100,,305057,5,,,1,100,,305058,5,,,1,85,,305059,5,,,1,90,,305060,5,,,1,105,,305061,5,,,1,110,,305062,5,,,1,110,,305063,5,,,1,205,,305064,5,,,1,210,,305065,5,,,1
4800,'20261111',448,,305066,5,,,1,90,,305067,5,,,1,95,,305068,5,,,1,95,,305069,5,,,1,105,,305070,5,,,1,105,,305071,5,,,1,100,,305072,5,,,1,100,,305073,5,,,1,100,,305074,5,,,1,100,,305075,5,,,1,85,,305076,5,,,1,90,,305077,5,,,1,105,,305078,5,,,1,110,,305079,5,,,1,110,,305080,5,,,1,205,,305081,5,,,1,210,,305082,5,,,1
4800,'20261112',448,,305083,5,,,1,90,,305084,5,,,1,95,,305085,5,,,1,95,,305086,5,,,1,105,,305087,5,,,1,105,,305088,5,,,1,100,,305089,5,,,1,100,,305090,5,,,1,100,,305091,5,,,1,100,,305092,5,,,1,85,,305093,5,,,1,90,,305094,5,,,1,105,,305095,5,,,1,110,,305096,5,,,1,110,,305097,5,,,1,205,,305098,5,,,1,210,,305099,5,,,1
4800,'20261113',448,,305100,5,,,1,90,,305101,5,,,1,95,,305102,5,,,1,95,,305103,5,,,1,105,,305104,5,,,1,105,,305105,5,,,1,100,,305106,5,,,1,100,,305107,5,,,1,100,,305108,5,,,1,100,,305109,5,,,1,85,,305110,5,,,1,90,,305111,5,,,1,105,,305112,5,,,1,110,,305113,5,,,1,110,,305114,5,,,1,205,,305115,5,,,1,210,,305116,5,,,1
4800,'20261116',448,,305117,5,,,1,90,,305118,5,,,1,95,,305119,5,,,1,95,,305120,5,,,1,105,,305121,5,,,1,105,,305122,5,,,1,100,,305123,5,,,1,100,,305124,5,,,1,100,,305125,5,,,1,100,,305126,5,,,1,85,,305127,5,,,1,90,,305128,5,,,1,105,,305129,5,,,1,110,,305130,5,,,1,110,,305131,5,,,1,205,,305132,5,,,1,210,,305133,5,,,1
4800,'20261117',448,,305134,5,,,1,90,,305135,5,,,1,95,,305136,5,,,1,95,,305137,5,,,1,105,,305138,5,,,1,105,,305139,5,,,1,100,,305140,5,,,1,100,,305141,5,,,1,100,,305142,5,,,1,100,,305143,5,,,1,85,,305144,5,,,1,90,,305145,5,,,1,105,,305146,5,,,1,110,,305147,5,,,1,110,,305148,5,,,1,205,,305149,5,,,1,210,,305150,5,,,1
4800,'20261118',448,,305151,5,,,1,90,,305152,5,,,1,95,,305153,5,,,1,95,,305154,5,,,1,105,,305155,5,,,1,105,,305156,5,,,1,100,,305157,5,,,1,100,,305158,5,,,1,100,,305159,5,,,1,100,,305160,5,,,1,85,,305161,5,,,1,90,,305162,5,,,1,105,,305163,5,,,1,110,,305164,5,,,1,110,,305165,5,,,1,205,,305166,5,,,1,210,,305167,5,,,1
4800,'20261119',448,,305168,5,,,1,90,,305169,5,,,1,95,,305170,5,,,1,95,,305171,5,,,1,105,,305172,5,,,1,105,,305173,5,,,1,100,,305174,5,,,1,100,,305175,5,,,1,100,,305176,5,,,1,100,,305177,5,,,1,85,,305178,5,,,1,90,,305179,5,,,1,105,,305180,5,,,1,110,,305181,5,,,1,110,,305182,5,,,1,205,,305183,5,,,1,210,,305184,5,,,1
4800,'20261120',448,,305185,5,,,1,90,,305186,5,,,1,95,,305187,5,,,1,95,,305188,5,,,1,105,,305189,5,,,1,105,,305190,5,,,1,100,,305191,5,,,1,100,,305192,5,,,1,100,,305193,5,,,1,100,,305194,5,,,1,85,,305195,5,,,1,90,,305196,5,,,1,105,,305197,5,,,1,110,,305198,5,,,1,110,,305199,5,,,1,205,,305200,5,,,1,210,,305201,5,,,1
4800,'20261123',448,,305202,5,,,1,90,,305203,5,,,1,95,,305204,5,,,1,95,,305205,5,,,1,105,,305206,5,,,1,105,,305207,5,,,1,100,,305208,5,,,1,100,,305209,5,,,1,100,,305210,5,,,1,100,,305211,5,,,1,85,,305212,5,,,1,90,,305213,5,,,1,105,,305214,5,,,1,110,,305215,5,,,1,110,,305216,5,,,1,205,,305217,5,,,1,210,,305218,5,,,1
4800,'20261124',448,,305219,5,,,1,90,,305220,5,,,1,95,,305221,5,,,1,95,,305222,5,,,1,105,,305223,5,,,1,105,,305224,5,,,1,100,,305225,5,,,1,100,,305226,5,,,1,100,,305227,5,,,1,100,,305228,5,,,1,85,,305229,5,,,1,90,,305230,5,,,1,105,,305231,5,,,1,110,,305232,5,,,1,110,,305233,5,,,1,205,,305234,5,,,1,210,,305235,5,,,1
4800,'20261125',448,,305236,5,,,1,90,,305237,5,,,1,95,,305238,5,,,1,95,,305239,5,,,1,105,,305240,5,,,1,105,,305241,5,,,1,100,,305242,5,,,1,100,,305243,5,,,1,100,,305244,5,,,1,100,,305245,5,,,1,85,,305246,5,,,1,90,,305247,5,,,1,105,,305248,5,,,1,110,,305249,5,,,1,110,,305250,5,,,1,205,,305251,5,,,1,210,,305252,5,,,1
4800,'20261126',448,,305253,5,,,1,90,,305254,5,,,1,95,,305255,5,,,1,95,,305256,5,,,1,105,,305257,5,,,1,105,,305258,5,,,1,100,,305259,5,,,1,100,,305260,5,,,1,100,,305261,5,,,1,100,,305262,5,,,1,85,,305263,5,,,1,90,,305264,5,,,1,105,,305265,5,,,1,110,,305266,5,,,1,110,,305267,5,,,1,205,,305268,5,,,1,210,,305269,5,,,1
4800,'20261127',448,,305270,5,,,1,90,,305271,5,,,1,95,,305272,5,,,1,95,,305273,5,,,1,105,,305274,5,,,1,105,,305275,5,,,1,100,,305276,5,,,1,100,,305277,5,,,1,100,,305278,5,,,1,100,,305279,5,,,1,85,,305280,5,,,1,90,,305281,5,,,1,105,,305282,5,,,1,110,,305283,5,,,1,110,,305284,5,,,1,205,,305285,5,,,1,210,,305286,5,,,1
