3100,'20260910',1534,,266869,22,0,5 18 9,1,100,,266870,22,0,5 18 9,1,73,,266871,22,0,5 18 9,1
3100,'20260911',1534,,266877,22,0,5 18 9,1,100,,266878,22,0,5 18 9,1,73,,266879,22,0,5 18 9,1
3100,'20260912',731,,266889,25,0,71 20 39,1,787,,266890,25,0,71 20 39,1,305,,266891,25,0,71 20 39,1,5,,266892,25,0,71 20 39,1
3100,'20260913',731,,266902,25,0,71 20 39,1,787,,266903,25,0,71 20 39,1,305,,266904,25,0,71 20 39,1,5,,266905,25,0,71 20 39,1
3100,'20260914',1534,,266911,22,0,5 18 9,1,100,,266912,22,0,5 18 9,1,73,,266913,22,0,5 18 9,1
3100,'20260915',1534,,266919,22,0,5 18 9,1,100,,266920,22,0,5 18 9,1,73,,266921,22,0,5 18 9,1
3100,'20260916',1534,,266927,22,0,5 18 9,1,100,,266928,22,0,5 18 9,1,73,,266929,22,0,5 18 9,1
3100,'20260917',1534,,266935,22,0,5 18 9,1,100,,266936,22,0,5 18 9,1,73,,266937,22,0,5 18 9,1
3100,'20260918',1534,,266943,22,0,5 18 9,1,100,,266944,22,0,5 18 9,1,73,,266945,22,0,5 18 9,1
3100,'20260919',731,,266955,25,0,71 20 39,1,787,,266956,25,0,71 20 39,1,305,,266957,25,0,71 20 39,1,5,,266958,25,0,71 20 39,1
3100,'20260920',731,,266968,25,0,71 20 39,1,787,,266969,25,0,71 20 39,1,305,,266970,25,0,71 20 39,1,5,,266971,25,0,71 20 39,1
3100,'20260921',1534,,266977,22,0,5 18 9,1,100,,266978,22,0,5 18 9,1,73,,266979,22,0,5 18 9,1
3100,'20260922',1534,,266985,22,0,5 18 9,1,100,,266986,22,0,5 18 9,1,73,,266987,22,0,5 18 9,1
3100,'20260923',1534,,266993,22,0,5 18 9,1,100,,266994,22,0,5 18 9,1,73,,266995,22,0,5 18 9,1
3100,'20260924',1534,,267001,22,0,5 18 9,1,100,,267002,22,0,5 18 9,1,73,,267003,22,0,5 18 9,1
3100,'20260925',1534,,267009,22,0,5 18 9,1,100,,267010,22,0,5 18 9,1,73,,267011,22,0,5 18 9,1
3100,'20260928',1534,,267035,22,0,5 18 9,1,100,,267036,22,0,5 18 9,1,73,,267037,22,0,5 18 9,1
3100,'20260929',1534,,267043,22,0,5 18 9,1,100,,267044,22,0,5 18 9,1,73,,267045,22,0,5 18 9,1
3100,'20260930',1534,,267051,22,0,5 18 9,1,100,,267052,22,0,5 18 9,1,73,,267053,22,0,5 18 9,1
3100,'20261001',1534,,267059,22,0,5 18 9,1,100,,267060,22,0,5 18 9,1,73,,267061,22,0,5 18 9,1
3100,'20261002',1534,,267067,22,0,5 18 9,1,100,,267068,22,0,5 18 9,1,73,,267069,22,0,5 18 9,1
3100,'20261005',1534,,267093,22,0,5 18 9,1,100,,267094,22,0,5 18 9,1,73,,267095,22,0,5 18 9,1
3100,'20261006',1534,,267101,22,0,5 18 9,1,100,,267102,22,0,5 18 9,1,73,,267103,22,0,5 18 9,1
3100,'20261007',1534,,267109,22,0,5 18 9,1,100,,267110,22,0,5 18 9,1,73,,267111,22,0,5 18 9,1
3100,'20261008',1534,,267117,22,0,5 18 9,1,100,,267118,22,0,5 18 9,1,73,,267119,22,0,5 18 9,1
3100,'20261009',1534,,267125,22,0,5 18 9,1,100,,267126,22,0,5 18 9,1,73,,267127,22,0,5 18 9,1
3100,'20261013',1534,,267160,22,0,5 18 9,1,100,,267161,22,0,5 18 9,1,73,,267162,22,0,5 18 9,1
3100,'20261014',1534,,267168,22,0,5 18 9,1,100,,267169,22,0,5 18 9,1,73,,267170,22,0,5 18 9,1
3100,'20261015',1534,,267176,22,0,5 18 9,1,100,,267177,22,0,5 18 9,1,73,,267178,22,0,5 18 9,1
3100,'20261016',1534,,267184,22,0,5 18 9,1,100,,267185,22,0,5 18 9,1,73,,267186,22,0,5 18 9,1
3100,'20261019',1534,,267210,22,0,5 18 9,1,100,,267211,22,0,5 18 9,1,73,,267212,22,0,5 18 9,1
3100,'20261020',1534,,267218,22,0,5 18 9,1,100,,267219,22,0,5 18 9,1,73,,267220,22,0,5 18 9,1
3100,'20261021',1534,,267226,22,0,5 18 9,1,100,,267227,22,0,5 18 9,1,73,,267228,22,0,5 18 9,1
3100,'20261022',1534,,267234,22,0,5 18 9,1,100,,267235,22,0,5 18 9,1,73,,267236,22,0,5 18 9,1
3100,'20261023',1534,,267242,22,0,5 18 9,1,100,,267243,22,0,5 18 9,1,73,,267244,22,0,5 18 9,1
3100,'20261026',1534,,267268,22,0,5 18 9,1,100,,267269,22,0,5 18 9,1,73,,267270,22,0,5 18 9,1
3100,'20261027',1534,,267276,22,0,5 18 9,1,100,,267277,22,0,5 18 9,1,73,,267278,22,0,5 18 9,1
3100,'20261028',1534,,267284,22,0,5 18 9,1,100,,267285,22,0,5 18 9,1,73,,267286,22,0,5 18 9,1
3100,'20261029',1534,,267292,22,0,5 18 9,1,100,,267293,22,0,5 18 9,1,73,,267294,22,0,5 18 9,1
3100,'20261030',1534,,267300,22,0,5 18 9,1,100,,267301,22,0,5 18 9,1,73,,267302,22,0,5 18 9,1
3100,'20261102',1534,,267326,22,0,5 18 9,1,100,,267327,22,0,5 18 9,1,73,,267328,22,0,5 18 9,1
3100,'20261103',1534,,267334,22,0,5 18 9,1,100,,267335,22,0,5 18 9,1,73,,267336,22,0,5 18 9,1
3100,'20261104',1534,,267342,22,0,5 18 9,1,100,,267343,22,0,5 18 9,1,73,,267344,22,0,5 18 9,1
3100,'20261105',1534,,267350,22,0,5 18 9,1,100,,267351,22,0,5 18 9,1,73,,267352,22,0,5 18 9,1
3100,'20261106',1534,,267358,22,0,5 18 9,1,100,,267359,22,0,5 18 9,1,73,,267360,22,0,5 18 9,1
3100,'20261109',1534,,267384,22,0,5 18 9,1,100,,267385,22,0,5 18 9,1,73,,267386,22,0,5 18 9,1
3100,'20261110',1534,,267392,22,0,5 18 9,1,100,,267393,22,0,5 18 9,1,73,,267394,22,0,5 18 9,1
3100,'20261111',1534,,267400,22,0,5 18 9,1,100,,267401,22,0,5 18 9,1,73,,267402,22,0,5 18 9,1
3100,'20261112',1534,,267408,22,0,5 18 9,1,100,,267409,22,0,5 18 9,1,73,,267410,22,0,5 18 9,1
3100,'20261113',1534,,267416,22,0,5 18 9,1,100,,267417,22,0,5 18 9,1,73,,267418,22,0,5 18 9,1
3100,'20261116',1534,,267442,22,0,5 18 9,1,100,,267443,22,0,5 18 9,1,73,,267444,22,0,5 18 9,1
3100,'20261117',1534,,267450,22,0,5 18 9,1,100,,267451,22,0,5 18 9,1,73,,267452,22,0,5 18 9,1
3100,'20261118',1534,,267458,22,0,5 18 9,1,100,,267459,22,0,5 18 9,1,73,,267460,22,0,5 18 9,1
3100,'20261119',1534,,267466,22,0,5 18 9,1,100,,267467,22,0,5 18 9,1,73,,267468,22,0,5 18 9,1
3100,'20261120',1534,,267474,22,0,5 18 9,1,100,,267475,22,0,5 18 9,1,73,,267476,22,0,5 18 9,1
3100,'20261123',1534,,267500,22,0,5 18 9,1,100,,267501,22,0,5 18 9,1,73,,267502,22,0,5 18 9,1
3100,'20261124',1534,,267508,22,0,5 18 9,1,100,,267509,22,0,5 18 9,1,73,,267510,22,0,5 18 9,1
3100,'20261125',1534,,267516,22,0,5 18 9,1,100,,267517,22,0,5 18 9,1,73,,267518,22,0,5 18 9,1
3100,'20261126',1534,,267524,22,0,5 18 9,1,100,,267525,22,0,5 18 9,1,73,,267526,22,0,5 18 9,1
3100,'20261127',1534,,267532,22,0,5 18 9,1,100,,267533,22,0,5 18 9,1,73,,267534,22,0,5 18 9,1
3300,'20260910',625,,270875,22,,,1,185,,270879,22,,,1,146,,270882,22,0,57 14 15 9,1,200,,270885,22,0,57 14 15 9,1,200,,270888,22,0,57 14 15 9,1,95,,270890,22,0,57 14 15 9,1,290,,270895,22,,,1,80,,270896,22,,,1,36,,270897,22,0,57 14 15 9,1,100,,270899,22,0,57 14 15 9,1,100,,270901,22,0,57 14 15 9,1
3300,'20260911',625,,270911,22,,,1,185,,270915,22,,,1,146,,270918,22,0,57 14 15 9,1,200,,270921,22,0,57 14 15 9,1,200,,270924,22,0,57 14 15 9,1,95,,270926,22,0,57 14 15 9,1,290,,270931,22,,,1,80,,270932,22,,,1,36,,270933,22,0,57 14 15 9,1,100,,270935,22,0,57 14 15 9,1,100,,270937,22,0,57 14 15 9,1
3300,'20260912',703,,270940,22,,,1,155,,270941,22,,,1,97,,270942,22,0,57 14 15 9,1,100,,270943,22,,,1,200,,270944,22,,,1,200,,270945,22,,,1,200,,270946,22,,,1,245,,270948,22,,,1,200,,270949,22,,,1
3300,'20260913',703,,270951,22,,,1,155,,270952,22,,,1,97,,270953,22,0,57 14 15 9,1,100,,270954,22,,,1,200,,270955,22,,,1,200,,270956,22,,,1,200,,270957,22,,,1,245,,270959,22,,,1,200,,270960,22,,,1
3300,'20260914',625,,270969,22,,,1,185,,270973,22,,,1,146,,270976,22,0,57 14 15 9,1,200,,270979,22,0,57 14 15 9,1,200,,270982,22,0,57 14 15 9,1,95,,270984,22,0,57 14 15 9,1,290,,270989,22,,,1,80,,270990,22,,,1,36,,270991,22,0,57 14 15 9,1,100,,270993,22,0,57 14 15 9,1,100,,270995,22,0,57 14 15 9,1
3300,'20260915',625,,271005,22,,,1,185,,271009,22,,,1,146,,271012,22,0,57 14 15 9,1,200,,271015,22,0,57 14 15 9,1,200,,271018,22,0,57 14 15 9,1,95,,271020,22,0,57 14 15 9,1,290,,271025,22,,,1,80,,271026,22,,,1,36,,271027,22,0,57 14 15 9,1,100,,271029,22,0,57 14 15 9,1,100,,271031,22,0,57 14 15 9,1
3300,'20260916',625,,271041,22,,,1,185,,271045,22,,,1,146,,271048,22,0,57 14 15 9,1,200,,271051,22,0,57 14 15 9,1,200,,271054,22,0,57 14 15 9,1,95,,271056,22,0,57 14 15 9,1,290,,271061,22,,,1,80,,271062,22,,,1,36,,271063,22,0,57 14 15 9,1,100,,271065,22,0,57 14 15 9,1,100,,271067,22,0,57 14 15 9,1
3300,'20260917',625,,271077,22,,,1,185,,271081,22,,,1,146,,271084,22,0,57 14 15 9,1,200,,271087,22,0,57 14 15 9,1,200,,271090,22,0,57 14 15 9,1,95,,271092,22,0,57 14 15 9,1,290,,271097,22,,,1,80,,271098,22,,,1,36,,271099,22,0,57 14 15 9,1,100,,271101,22,0,57 14 15 9,1,100,,271103,22,0,57 14 15 9,1
3300,'20260918',625,,271113,22,,,1,185,,271117,22,,,1,146,,271120,22,0,57 14 15 9,1,200,,271123,22,0,57 14 15 9,1,200,,271126,22,0,57 14 15 9,1,95,,271128,22,0,57 14 15 9,1,290,,271133,22,,,1,80,,271134,22,,,1,36,,271135,22,0,57 14 15 9,1,100,,271137,22,0,57 14 15 9,1,100,,271139,22,0,57 14 15 9,1
3300,'20260919',703,,271142,22,,,1,155,,271143,22,,,1,97,,271144,22,0,57 14 15 9,1,100,,271145,22,,,1,200,,271146,22,,,1,200,,271147,22,,,1,200,,271148,22,,,1,245,,271150,22,,,1,200,,271151,22,,,1
3300,'20260920',703,,271153,22,,,1,155,,271154,22,,,1,97,,271155,22,0,57 14 15 9,1,100,,271156,22,,,1,200,,271157,22,,,1,200,,271158,22,,,1,200,,271159,22,,,1,245,,271161,22,,,1,200,,271162,22,,,1
3300,'20260921',625,,271171,22,,,1,185,,271175,22,,,1,146,,271178,22,0,57 14 15 9,1,200,,271181,22,0,57 14 15 9,1,200,,271184,22,0,57 14 15 9,1,95,,271186,22,0,57 14 15 9,1,290,,271191,22,,,1,80,,271192,22,,,1,36,,271193,22,0,57 14 15 9,1,100,,271195,22,0,57 14 15 9,1,100,,271197,22,0,57 14 15 9,1
3300,'20260922',625,,271207,22,,,1,185,,271211,22,,,1,146,,271214,22,0,57 14 15 9,1,200,,271217,22,0,57 14 15 9,1,200,,271220,22,0,57 14 15 9,1,95,,271222,22,0,57 14 15 9,1,290,,271227,22,,,1,80,,271228,22,,,1,36,,271229,22,0,57 14 15 9,1,100,,271231,22,0,57 14 15 9,1,100,,271233,22,0,57 14 15 9,1
3300,'20260923',625,,271243,22,,,1,185,,271247,22,,,1,146,,271250,22,0,57 14 15 9,1,200,,271253,22,0,57 14 15 9,1,200,,271256,22,0,57 14 15 9,1,95,,271258,22,0,57 14 15 9,1,290,,271263,22,,,1,80,,271264,22,,,1,36,,271265,22,0,57 14 15 9,1,100,,271267,22,0,57 14 15 9,1,100,,271269,22,0,57 14 15 9,1
3300,'20260924',625,,271279,22,,,1,185,,271283,22,,,1,146,,271286,22,0,57 14 15 9,1,200,,271289,22,0,57 14 15 9,1,200,,271292,22,0,57 14 15 9,1,95,,271294,22,0,57 14 15 9,1,290,,271299,22,,,1,80,,271300,22,,,1,36,,271301,22,0,57 14 15 9,1,100,,271303,22,0,57 14 15 9,1,100,,271305,22,0,57 14 15 9,1
3300,'20260925',625,,271315,22,,,1,185,,271319,22,,,1,146,,271322,22,0,57 14 15 9,1,200,,271325,22,0,57 14 15 9,1,200,,271328,22,0,57 14 15 9,1,95,,271330,22,0,57 14 15 9,1,290,,271335,22,,,1,80,,271336,22,,,1,36,,271337,22,0,57 14 15 9,1,100,,271339,22,0,57 14 15 9,1,100,,271341,22,0,57 14 15 9,1
3300,'20260926',703,,271344,22,,,1,155,,271345,22,,,1,97,,271346,22,0,57 14 15 9,1,100,,271347,22,,,1,200,,271348,22,,,1,200,,271349,22,,,1,200,,271350,22,,,1,245,,271352,22,,,1,200,,271353,22,,,1
3300,'20260927',703,,271355,22,,,1,155,,271356,22,,,1,97,,271357,22,0,57 14 15 9,1,100,,271358,22,,,1,200,,271359,22,,,1,200,,271360,22,,,1,200,,271361,22,,,1,245,,271363,22,,,1,200,,271364,22,,,1
3300,'20260928',625,,271373,22,,,1,185,,271377,22,,,1,146,,271380,22,0,57 14 15 9,1,200,,271383,22,0,57 14 15 9,1,200,,271386,22,0,57 14 15 9,1,95,,271388,22,0,57 14 15 9,1,290,,271393,22,,,1,80,,271394,22,,,1,36,,271395,22,0,57 14 15 9,1,100,,271397,22,0,57 14 15 9,1,100,,271399,22,0,57 14 15 9,1
3300,'20260929',625,,271409,22,,,1,185,,271413,22,,,1,146,,271416,22,0,57 14 15 9,1,200,,271419,22,0,57 14 15 9,1,200,,271422,22,0,57 14 15 9,1,95,,271424,22,0,57 14 15 9,1,290,,271429,22,,,1,80,,271430,22,,,1,36,,271431,22,0,57 14 15 9,1,100,,271433,22,0,57 14 15 9,1,100,,271435,22,0,57 14 15 9,1
3300,'20260930',625,,271445,22,,,1,185,,271449,22,,,1,146,,271452,22,0,57 14 15 9,1,200,,271455,22,0,57 14 15 9,1,200,,271458,22,0,57 14 15 9,1,95,,271460,22,0,57 14 15 9,1,290,,271465,22,,,1,80,,271466,22,,,1,36,,271467,22,0,57 14 15 9,1,100,,271469,22,0,57 14 15 9,1,100,,271471,22,0,57 14 15 9,1
3300,'20261001',625,,271481,22,,,1,185,,271485,22,,,1,146,,271488,22,0,57 14 15 9,1,200,,271491,22,0,57 14 15 9,1,200,,271494,22,0,57 14 15 9,1,95,,271496,22,0,57 14 15 9,1,290,,271501,22,,,1,80,,271502,22,,,1,36,,271503,22,0,57 14 15 9,1,100,,271505,22,0,57 14 15 9,1,100,,271507,22,0,57 14 15 9,1
3300,'20261002',625,,271517,22,,,1,185,,271521,22,,,1,146,,271524,22,0,57 14 15 9,1,200,,271527,22,0,57 14 15 9,1,200,,271530,22,0,57 14 15 9,1,95,,271532,22,0,57 14 15 9,1,290,,271537,22,,,1,80,,271538,22,,,1,36,,271539,22,0,57 14 15 9,1,100,,271541,22,0,57 14 15 9,1,100,,271543,22,0,57 14 15 9,1
3300,'20261003',703,,271546,22,,,1,155,,271547,22,,,1,97,,271548,22,0,57 14 15 9,1,100,,271549,22,,,1,200,,271550,22,,,1,200,,271551,22,,,1,200,,271552,22,,,1,245,,271554,22,,,1,200,,271555,22,,,1
3300,'20261004',703,,271557,22,,,1,155,,271558,22,,,1,97,,271559,22,0,57 14 15 9,1,100,,271560,22,,,1,200,,271561,22,,,1,200,,271562,22,,,1,200,,271563,22,,,1,245,,271565,22,,,1,200,,271566,22,,,1
3300,'20261005',625,,271575,22,,,1,185,,271579,22,,,1,146,,271582,22,0,57 14 15 9,1,200,,271585,22,0,57 14 15 9,1,200,,271588,22,0,57 14 15 9,1,95,,271590,22,0,57 14 15 9,1,290,,271595,22,,,1,80,,271596,22,,,1,36,,271597,22,0,57 14 15 9,1,100,,271599,22,0,57 14 15 9,1,100,,271601,22,0,57 14 15 9,1
3300,'20261006',625,,271611,22,,,1,185,,271615,22,,,1,146,,271618,22,0,57 14 15 9,1,200,,271621,22,0,57 14 15 9,1,200,,271624,22,0,57 14 15 9,1,95,,271626,22,0,57 14 15 9,1,290,,271631,22,,,1,80,,271632,22,,,1,36,,271633,22,0,57 14 15 9,1,100,,271635,22,0,57 14 15 9,1,100,,271637,22,0,57 14 15 9,1
3300,'20261007',625,,271647,22,,,1,185,,271651,22,,,1,146,,271654,22,0,57 14 15 9,1,200,,271657,22,0,57 14 15 9,1,200,,271660,22,0,57 14 15 9,1,95,,271662,22,0,57 14 15 9,1,290,,271667,22,,,1,80,,271668,22,,,1,36,,271669,22,0,57 14 15 9,1,100,,271671,22,0,57 14 15 9,1,100,,271673,22,0,57 14 15 9,1
3300,'20261008',625,,271683,22,,,1,185,,271687,22,,,1,146,,271690,22,0,57 14 15 9,1,200,,271693,22,0,57 14 15 9,1,200,,271696,22,0,57 14 15 9,1,95,,271698,22,0,57 14 15 9,1,290,,271703,22,,,1,80,,271704,22,,,1,36,,271705,22,0,57 14 15 9,1,100,,271707,22,0,57 14 15 9,1,100,,271709,22,0,57 14 15 9,1
3300,'20261009',625,,271719,22,,,1,185,,271723,22,,,1,146,,271726,22,0,57 14 15 9,1,200,,271729,22,0,57 14 15 9,1,200,,271732,22,0,57 14 15 9,1,95,,271734,22,0,57 14 15 9,1,290,,271739,22,,,1,80,,271740,22,,,1,36,,271741,22,0,57 14 15 9,1,100,,271743,22,0,57 14 15 9,1,100,,271745,22,0,57 14 15 9,1
3300,'20261010',703,,271748,22,,,1,155,,271749,22,,,1,97,,271750,22,0,57 14 15 9,1,100,,271751,22,,,1,200,,271752,22,,,1,200,,271753,22,,,1,200,,271754,22,,,1,245,,271756,22,,,1,200,,271757,22,,,1
3300,'20261011',703,,271759,22,,,1,155,,271760,22,,,1,97,,271761,22,0,57 14 15 9,1,100,,271762,22,,,1,200,,271763,22,,,1,200,,271764,22,,,1,200,,271765,22,,,1,245,,271767,22,,,1,200,,271768,22,,,1
3300,'20261012',703,,271770,22,,,1,155,,271771,22,,,1,97,,271772,22,0,57 14 15 9,1,100,,271773,22,,,1,200,,271774,22,,,1,200,,271775,22,,,1,200,,271776,22,,,1,245,,271778,22,,,1,200,,271779,22,,,1
3300,'20261013',625,,271788,22,,,1,185,,271792,22,,,1,146,,271795,22,0,57 14 15 9,1,200,,271798,22,0,57 14 15 9,1,200,,271801,22,0,57 14 15 9,1,95,,271803,22,0,57 14 15 9,1,290,,271808,22,,,1,80,,271809,22,,,1,36,,271810,22,0,57 14 15 9,1,100,,271812,22,0,57 14 15 9,1,100,,271814,22,0,57 14 15 9,1
3300,'20261014',625,,271824,22,,,1,185,,271828,22,,,1,146,,271831,22,0,57 14 15 9,1,200,,271834,22,0,57 14 15 9,1,200,,271837,22,0,57 14 15 9,1,95,,271839,22,0,57 14 15 9,1,290,,271844,22,,,1,80,,271845,22,,,1,36,,271846,22,0,57 14 15 9,1,100,,271848,22,0,57 14 15 9,1,100,,271850,22,0,57 14 15 9,1
3300,'20261015',625,,271860,22,,,1,185,,271864,22,,,1,146,,271867,22,0,57 14 15 9,1,200,,271870,22,0,57 14 15 9,1,200,,271873,22,0,57 14 15 9,1,95,,271875,22,0,57 14 15 9,1,290,,271880,22,,,1,80,,271881,22,,,1,36,,271882,22,0,57 14 15 9,1,100,,271884,22,0,57 14 15 9,1,100,,271886,22,0,57 14 15 9,1
3300,'20261016',625,,271896,22,,,1,185,,271900,22,,,1,146,,271903,22,0,57 14 15 9,1,200,,271906,22,0,57 14 15 9,1,200,,271909,22,0,57 14 15 9,1,95,,271911,22,0,57 14 15 9,1,290,,271916,22,,,1,80,,271917,22,,,1,36,,271918,22,0,57 14 15 9,1,100,,271920,22,0,57 14 15 9,1,100,,271922,22,0,57 14 15 9,1
3300,'20261017',703,,271925,22,,,1,155,,271926,22,,,1,97,,271927,22,0,57 14 15 9,1,100,,271928,22,,,1,200,,271929,22,,,1,200,,271930,22,,,1,200,,271931,22,,,1,245,,271933,22,,,1,200,,271934,22,,,1
3300,'20261018',703,,271936,22,,,1,155,,271937,22,,,1,97,,271938,22,0,57 14 15 9,1,100,,271939,22,,,1,200,,271940,22,,,1,200,,271941,22,,,1,200,,271942,22,,,1,245,,271944,22,,,1,200,,271945,22,,,1
3300,'20261019',625,,271954,22,,,1,185,,271958,22,,,1,146,,271961,22,0,57 14 15 9,1,200,,271964,22,0,57 14 15 9,1,200,,271967,22,0,57 14 15 9,1,95,,271969,22,0,57 14 15 9,1,290,,271974,22,,,1,80,,271975,22,,,1,36,,271976,22,0,57 14 15 9,1,100,,271978,22,0,57 14 15 9,1,100,,271980,22,0,57 14 15 9,1
3300,'20261020',625,,271990,22,,,1,185,,271994,22,,,1,146,,271997,22,0,57 14 15 9,1,200,,272000,22,0,57 14 15 9,1,200,,272003,22,0,57 14 15 9,1,95,,272005,22,0,57 14 15 9,1,290,,272010,22,,,1,80,,272011,22,,,1,36,,272012,22,0,57 14 15 9,1,100,,272014,22,0,57 14 15 9,1,100,,272016,22,0,57 14 15 9,1
3300,'20261021',625,,272026,22,,,1,185,,272030,22,,,1,146,,272033,22,0,57 14 15 9,1,200,,272036,22,0,57 14 15 9,1,200,,272039,22,0,57 14 15 9,1,95,,272041,22,0,57 14 15 9,1,290,,272046,22,,,1,80,,272047,22,,,1,36,,272048,22,0,57 14 15 9,1,100,,272050,22,0,57 14 15 9,1,100,,272052,22,0,57 14 15 9,1
3300,'20261022',625,,272062,22,,,1,185,,272066,22,,,1,146,,272069,22,0,57 14 15 9,1,200,,272072,22,0,57 14 15 9,1,200,,272075,22,0,57 14 15 9,1,95,,272077,22,0,57 14 15 9,1,290,,272082,22,,,1,80,,272083,22,,,1,36,,272084,22,0,57 14 15 9,1,100,,272086,22,0,57 14 15 9,1,100,,272088,22,0,57 14 15 9,1
3300,'20261023',625,,272098,22,,,1,185,,272102,22,,,1,146,,272105,22,0,57 14 15 9,1,200,,272108,22,0,57 14 15 9,1,200,,272111,22,0,57 14 15 9,1,95,,272113,22,0,57 14 15 9,1,290,,272118,22,,,1,80,,272119,22,,,1,36,,272120,22,0,57 14 15 9,1,100,,272122,22,0,57 14 15 9,1,100,,272124,22,0,57 14 15 9,1
3300,'20261024',703,,272127,22,,,1,155,,272128,22,,,1,97,,272129,22,0,57 14 15 9,1,100,,272130,22,,,1,200,,272131,22,,,1,200,,272132,22,,,1,200,,272133,22,,,1,245,,272135,22,,,1,200,,272136,22,,,1
3300,'20261025',703,,272138,22,,,1,155,,272139,22,,,1,97,,272140,22,0,57 14 15 9,1,100,,272141,22,,,1,200,,272142,22,,,1,200,,272143,22,,,1,200,,272144,22,,,1,245,,272146,22,,,1,200,,272147,22,,,1
3300,'20261026',625,,272156,22,,,1,185,,272160,22,,,1,146,,272163,22,0,57 14 15 9,1,200,,272166,22,0,57 14 15 9,1,200,,272169,22,0,57 14 15 9,1,95,,272171,22,0,57 14 15 9,1,290,,272176,22,,,1,80,,272177,22,,,1,36,,272178,22,0,57 14 15 9,1,100,,272180,22,0,57 14 15 9,1,100,,272182,22,0,57 14 15 9,1
3300,'20261027',625,,272192,22,,,1,185,,272196,22,,,1,146,,272199,22,0,57 14 15 9,1,200,,272202,22,0,57 14 15 9,1,200,,272205,22,0,57 14 15 9,1,95,,272207,22,0,57 14 15 9,1,290,,272212,22,,,1,80,,272213,22,,,1,36,,272214,22,0,57 14 15 9,1,100,,272216,22,0,57 14 15 9,1,100,,272218,22,0,57 14 15 9,1
3300,'20261028',625,,272228,22,,,1,185,,272232,22,,,1,146,,272235,22,0,57 14 15 9,1,200,,272238,22,0,57 14 15 9,1,200,,272241,22,0,57 14 15 9,1,95,,272243,22,0,57 14 15 9,1,290,,272248,22,,,1,80,,272249,22,,,1,36,,272250,22,0,57 14 15 9,1,100,,272252,22,0,57 14 15 9,1,100,,272254,22,0,57 14 15 9,1
3300,'20261029',625,,272264,22,,,1,185,,272268,22,,,1,146,,272271,22,0,57 14 15 9,1,200,,272274,22,0,57 14 15 9,1,200,,272277,22,0,57 14 15 9,1,95,,272279,22,0,57 14 15 9,1,290,,272284,22,,,1,80,,272285,22,,,1,36,,272286,22,0,57 14 15 9,1,100,,272288,22,0,57 14 15 9,1,100,,272290,22,0,57 14 15 9,1
3300,'20261030',625,,272300,22,,,1,185,,272304,22,,,1,146,,272307,22,0,57 14 15 9,1,200,,272310,22,0,57 14 15 9,1,200,,272313,22,0,57 14 15 9,1,95,,272315,22,0,57 14 15 9,1,290,,272320,22,,,1,80,,272321,22,,,1,36,,272322,22,0,57 14 15 9,1,100,,272324,22,0,57 14 15 9,1,100,,272326,22,0,57 14 15 9,1
3300,'20261031',703,,272329,22,,,1,155,,272330,22,,,1,97,,272331,22,0,57 14 15 9,1,100,,272332,22,,,1,200,,272333,22,,,1,200,,272334,22,,,1,200,,272335,22,,,1,245,,272337,22,,,1,200,,272338,22,,,1
3300,'20261101',703,,272340,22,,,1,155,,272341,22,,,1,97,,272342,22,0,57 14 15 9,1,100,,272343,22,,,1,200,,272344,22,,,1,200,,272345,22,,,1,200,,272346,22,,,1,245,,272348,22,,,1,200,,272349,22,,,1
3300,'20261102',625,,272358,22,,,1,185,,272362,22,,,1,146,,272365,22,0,57 14 15 9,1,200,,272368,22,0,57 14 15 9,1,200,,272371,22,0,57 14 15 9,1,95,,272373,22,0,57 14 15 9,1,290,,272378,22,,,1,80,,272379,22,,,1,36,,272380,22,0,57 14 15 9,1,100,,272382,22,0,57 14 15 9,1,100,,272384,22,0,57 14 15 9,1
3300,'20261103',625,,272394,22,,,1,185,,272398,22,,,1,146,,272401,22,0,57 14 15 9,1,200,,272404,22,0,57 14 15 9,1,200,,272407,22,0,57 14 15 9,1,95,,272409,22,0,57 14 15 9,1,290,,272414,22,,,1,80,,272415,22,,,1,36,,272416,22,0,57 14 15 9,1,100,,272418,22,0,57 14 15 9,1,100,,272420,22,0,57 14 15 9,1
3300,'20261104',625,,272430,22,,,1,185,,272434,22,,,1,146,,272437,22,0,57 14 15 9,1,200,,272440,22,0,57 14 15 9,1,200,,272443,22,0,57 14 15 9,1,95,,272445,22,0,57 14 15 9,1,290,,272450,22,,,1,80,,272451,22,,,1,36,,272452,22,0,57 14 15 9,1,100,,272454,22,0,57 14 15 9,1,100,,272456,22,0,57 14 15 9,1
3300,'20261105',625,,272466,22,,,1,185,,272470,22,,,1,146,,272473,22,0,57 14 15 9,1,200,,272476,22,0,57 14 15 9,1,200,,272479,22,0,57 14 15 9,1,95,,272481,22,0,57 14 15 9,1,290,,272486,22,,,1,80,,272487,22,,,1,36,,272488,22,0,57 14 15 9,1,100,,272490,22,0,57 14 15 9,1,100,,272492,22,0,57 14 15 9,1
3300,'20261106',625,,272502,22,,,1,185,,272506,22,,,1,146,,272509,22,0,57 14 15 9,1,200,,272512,22,0,57 14 15 9,1,200,,272515,22,0,57 14 15 9,1,95,,272517,22,0,57 14 15 9,1,290,,272522,22,,,1,80,,272523,22,,,1,36,,272524,22,0,57 14 15 9,1,100,,272526,22,0,57 14 15 9,1,100,,272528,22,0,57 14 15 9,1
3300,'20261107',703,,272531,22,,,1,155,,272532,22,,,1,97,,272533,22,0,57 14 15 9,1,100,,272534,22,,,1,200,,272535,22,,,1,200,,272536,22,,,1,200,,272537,22,,,1,245,,272539,22,,,1,200,,272540,22,,,1
3300,'20261108',703,,272542,22,,,1,155,,272543,22,,,1,97,,272544,22,0,57 14 15 9,1,100,,272545,22,,,1,200,,272546,22,,,1,200,,272547,22,,,1,200,,272548,22,,,1,245,,272550,22,,,1,200,,272551,22,,,1
3300,'20261109',625,,272560,22,,,1,185,,272564,22,,,1,146,,272567,22,0,57 14 15 9,1,200,,272570,22,0,57 14 15 9,1,200,,272573,22,0,57 14 15 9,1,95,,272575,22,0,57 14 15 9,1,290,,272580,22,,,1,80,,272581,22,,,1,36,,272582,22,0,57 14 15 9,1,100,,272584,22,0,57 14 15 9,1,100,,272586,22,0,57 14 15 9,1
3300,'20261110',625,,272596,22,,,1,185,,272600,22,,,1,146,,272603,22,0,57 14 15 9,1,200,,272606,22,0,57 14 15 9,1,200,,272609,22,0,57 14 15 9,1,95,,272611,22,0,57 14 15 9,1,290,,272616,22,,,1,80,,272617,22,,,1,36,,272618,22,0,57 14 15 9,1,100,,272620,22,0,57 14 15 9,1,100,,272622,22,0,57 14 15 9,1
3300,'20261111',625,,272632,22,,,1,185,,272636,22,,,1,146,,272639,22,0,57 14 15 9,1,200,,272642,22,0,57 14 15 9,1,200,,272645,22,0,57 14 15 9,1,95,,272647,22,0,57 14 15 9,1,290,,272652,22,,,1,80,,272653,22,,,1,36,,272654,22,0,57 14 15 9,1,100,,272656,22,0,57 14 15 9,1,100,,272658,22,0,57 14 15 9,1
3300,'20261112',625,,272668,22,,,1,185,,272672,22,,,1,146,,272675,22,0,57 14 15 9,1,200,,272678,22,0,57 14 15 9,1,200,,272681,22,0,57 14 15 9,1,95,,272683,22,0,57 14 15 9,1,290,,272688,22,,,1,80,,272689,22,,,1,36,,272690,22,0,57 14 15 9,1,100,,272692,22,0,57 14 15 9,1,100,,272694,22,0,57 14 15 9,1
3300,'20261113',625,,272704,22,,,1,185,,272708,22,,,1,146,,272711,22,0,57 14 15 9,1,200,,272714,22,0,57 14 15 9,1,200,,272717,22,0,57 14 15 9,1,95,,272719,22,0,57 14 15 9,1,290,,272724,22,,,1,80,,272725,22,,,1,36,,272726,22,0,57 14 15 9,1,100,,272728,22,0,57 14 15 9,1,100,,272730,22,0,57 14 15 9,1
3300,'20261114',703,,272733,22,,,1,155,,272734,22,,,1,97,,272735,22,0,57 14 15 9,1,100,,272736,22,,,1,200,,272737,22,,,1,200,,272738,22,,,1,200,,272739,22,,,1,245,,272741,22,,,1,200,,272742,22,,,1
3300,'20261115',703,,272744,22,,,1,155,,272745,22,,,1,97,,272746,22,0,57 14 15 9,1,100,,272747,22,,,1,200,,272748,22,,,1,200,,272749,22,,,1,200,,272750,22,,,1,245,,272752,22,,,1,200,,272753,22,,,1
3300,'20261116',625,,272762,22,,,1,185,,272766,22,,,1,146,,272769,22,0,57 14 15 9,1,200,,272772,22,0,57 14 15 9,1,200,,272775,22,0,57 14 15 9,1,95,,272777,22,0,57 14 15 9,1,290,,272782,22,,,1,80,,272783,22,,,1,36,,272784,22,0,57 14 15 9,1,100,,272786,22,0,57 14 15 9,1,100,,272788,22,0,57 14 15 9,1
3300,'20261117',625,,272798,22,,,1,185,,272802,22,,,1,146,,272805,22,0,57 14 15 9,1,200,,272808,22,0,57 14 15 9,1,200,,272811,22,0,57 14 15 9,1,95,,272813,22,0,57 14 15 9,1,290,,272818,22,,,1,80,,272819,22,,,1,36,,272820,22,0,57 14 15 9,1,100,,272822,22,0,57 14 15 9,1,100,,272824,22,0,57 14 15 9,1
3300,'20261118',625,,272834,22,,,1,185,,272838,22,,,1,146,,272841,22,0,57 14 15 9,1,200,,272844,22,0,57 14 15 9,1,200,,272847,22,0,57 14 15 9,1,95,,272849,22,0,57 14 15 9,1,290,,272854,22,,,1,80,,272855,22,,,1,36,,272856,22,0,57 14 15 9,1,100,,272858,22,0,57 14 15 9,1,100,,272860,22,0,57 14 15 9,1
3300,'20261119',625,,272870,22,,,1,185,,272874,22,,,1,146,,272877,22,0,57 14 15 9,1,200,,272880,22,0,57 14 15 9,1,200,,272883,22,0,57 14 15 9,1,95,,272885,22,0,57 14 15 9,1,290,,272890,22,,,1,80,,272891,22,,,1,36,,272892,22,0,57 14 15 9,1,100,,272894,22,0,57 14 15 9,1,100,,272896,22,0,57 14 15 9,1
3300,'20261120',625,,272906,22,,,1,185,,272910,22,,,1,146,,272913,22,0,57 14 15 9,1,200,,272916,22,0,57 14 15 9,1,200,,272919,22,0,57 14 15 9,1,95,,272921,22,0,57 14 15 9,1,290,,272926,22,,,1,80,,272927,22,,,1,36,,272928,22,0,57 14 15 9,1,100,,272930,22,0,57 14 15 9,1,100,,272932,22,0,57 14 15 9,1
3300,'20261121',703,,272935,22,,,1,155,,272936,22,,,1,97,,272937,22,0,57 14 15 9,1,100,,272938,22,,,1,200,,272939,22,,,1,200,,272940,22,,,1,200,,272941,22,,,1,245,,272943,22,,,1,200,,272944,22,,,1
3300,'20261122',703,,272946,22,,,1,155,,272947,22,,,1,97,,272948,22,0,57 14 15 9,1,100,,272949,22,,,1,200,,272950,22,,,1,200,,272951,22,,,1,200,,272952,22,,,1,245,,272954,22,,,1,200,,272955,22,,,1
3300,'20261123',625,,272964,22,,,1,185,,272968,22,,,1,146,,272971,22,0,57 14 15 9,1,200,,272974,22,0,57 14 15 9,1,200,,272977,22,0,57 14 15 9,1,95,,272979,22,0,57 14 15 9,1,290,,272984,22,,,1,80,,272985,22,,,1,36,,272986,22,0,57 14 15 9,1,100,,272988,22,0,57 14 15 9,1,100,,272990,22,0,57 14 15 9,1
3300,'20261124',625,,273000,22,,,1,185,,273004,22,,,1,146,,273007,22,0,57 14 15 9,1,200,,273010,22,0,57 14 15 9,1,200,,273013,22,0,57 14 15 9,1,95,,273015,22,0,57 14 15 9,1,290,,273020,22,,,1,80,,273021,22,,,1,36,,273022,22,0,57 14 15 9,1,100,,273024,22,0,57 14 15 9,1,100,,273026,22,0,57 14 15 9,1
3300,'20261125',625,,273036,22,,,1,185,,273040,22,,,1,146,,273043,22,0,57 14 15 9,1,200,,273046,22,0,57 14 15 9,1,200,,273049,22,0,57 14 15 9,1,95,,273051,22,0,57 14 15 9,1,290,,273056,22,,,1,80,,273057,22,,,1,36,,273058,22,0,57 14 15 9,1,100,,273060,22,0,57 14 15 9,1,100,,273062,22,0,57 14 15 9,1
3300,'20261126',625,,273072,22,,,1,185,,273076,22,,,1,146,,273079,22,0,57 14 15 9,1,200,,273082,22,0,57 14 15 9,1,200,,273085,22,0,57 14 15 9,1,95,,273087,22,0,57 14 15 9,1,290,,273092,22,,,1,80,,273093,22,,,1,36,,273094,22,0,57 14 15 9,1,100,,273096,22,0,57 14 15 9,1,100,,273098,22,0,57 14 15 9,1
3300,'20261127',625,,273108,22,,,1,185,,273112,22,,,1,146,,273115,22,0,57 14 15 9,1,200,,273118,22,0,57 14 15 9,1,200,,273121,22,0,57 14 15 9,1,95,,273123,22,0,57 14 15 9,1,290,,273128,22,,,1,80,,273129,22,,,1,36,,273130,22,0,57 14 15 9,1,100,,273132,22,0,57 14 15 9,1,100,,273134,22,0,57 14 15 9,1
