6100,'20260917',1225,,311949,6,,,1,105,,311950,6,,,1,103,,311951,6,,,1,113,,311952,6,,,1,476,,311953,6,,,1,98,,311954,6,,,1,98,,311955,6,,,1,100,,311956,6,,,1,96,,311957,6,,,1,197,,311958,6,,,1
6100,'20260918',1225,,311959,6,,,1,105,,311960,6,,,1,103,,311961,6,,,1,113,,311962,6,,,1,476,,311963,6,,,1,98,,311964,6,,,1,98,,311965,6,,,1,100,,311966,6,,,1,96,,311967,6,,,1,197,,311968,6,,,1
6100,'20260921',1225,,311969,6,,,1,105,,311970,6,,,1,103,,311971,6,,,1,113,,311972,6,,,1,476,,311973,6,,,1,98,,311974,6,,,1,98,,311975,6,,,1,100,,311976,6,,,1,96,,311977,6,,,1,197,,311978,6,,,1
6100,'20260922',1225,,311979,6,,,1,105,,311980,6,,,1,103,,311981,6,,,1,113,,311982,6,,,1,476,,311983,6,,,1,98,,311984,6,,,1,98,,311985,6,,,1,100,,311986,6,,,1,96,,311987,6,,,1,197,,311988,6,,,1
6100,'20260923',1225,,311989,6,,,1,105,,311990,6,,,1,103,,311991,6,,,1,113,,311992,6,,,1,476,,311993,6,,,1,98,,311994,6,,,1,98,,311995,6,,,1,100,,311996,6,,,1,96,,311997,6,,,1,197,,311998,6,,,1
6100,'20260924',1225,,311999,6,,,1,105,,312000,6,,,1,103,,312001,6,,,1,113,,312002,6,,,1,476,,312003,6,,,1,98,,312004,6,,,1,98,,312005,6,,,1,100,,312006,6,,,1,96,,312007,6,,,1,197,,312008,6,,,1
6100,'20260925',1225,,312009,6,,,1,105,,312010,6,,,1,103,,312011,6,,,1,113,,312012,6,,,1,476,,312013,6,,,1,98,,312014,6,,,1,98,,312015,6,,,1,100,,312016,6,,,1,96,,312017,6,,,1,197,,312018,6,,,1
6100,'20260928',1225,,312019,6,,,1,105,,312020,6,,,1,103,,312021,6,,,1,113,,312022,6,,,1,476,,312023,6,,,1,98,,312024,6,,,1,98,,312025,6,,,1,100,,312026,6,,,1,96,,312027,6,,,1,197,,312028,6,,,1
6100,'20260929',1225,,312029,6,,,1,105,,312030,6,,,1,103,,312031,6,,,1,113,,312032,6,,,1,476,,312033,6,,,1,98,,312034,6,,,1,98,,312035,6,,,1,100,,312036,6,,,1,96,,312037,6,,,1,197,,312038,6,,,1
6100,'20260930',1225,,312039,6,,,1,105,,312040,6,,,1,103,,312041,6,,,1,113,,312042,6,,,1,476,,312043,6,,,1,98,,312044,6,,,1,98,,312045,6,,,1,100,,312046,6,,,1,96,,312047,6,,,1,197,,312048,6,,,1
6100,'20261001',1225,,312049,6,,,1,105,,312050,6,,,1,103,,312051,6,,,1,113,,312052,6,,,1,476,,312053,6,,,1,98,,312054,6,,,1,98,,312055,6,,,1,100,,312056,6,,,1,96,,312057,6,,,1,197,,312058,6,,,1
6100,'20261002',1225,,312059,6,,,1,105,,312060,6,,,1,103,,312061,6,,,1,113,,312062,6,,,1,476,,312063,6,,,1,98,,312064,6,,,1,98,,312065,6,,,1,100,,312066,6,,,1,96,,312067,6,,,1,197,,312068,6,,,1
6100,'20261005',1225,,312069,6,,,1,105,,312070,6,,,1,103,,312071,6,,,1,113,,312072,6,,,1,476,,312073,6,,,1,98,,312074,6,,,1,98,,312075,6,,,1,100,,312076,6,,,1,96,,312077,6,,,1,197,,312078,6,,,1
6100,'20261006',1225,,312079,6,,,1,105,,312080,6,,,1,103,,312081,6,,,1,113,,312082,6,,,1,476,,312083,6,,,1,98,,312084,6,,,1,98,,312085,6,,,1,100,,312086,6,,,1,96,,312087,6,,,1,197,,312088,6,,,1
6100,'20261007',1225,,312089,6,,,1,105,,312090,6,,,1,103,,312091,6,,,1,113,,312092,6,,,1,476,,312093,6,,,1,98,,312094,6,,,1,98,,312095,6,,,1,100,,312096,6,,,1,96,,312097,6,,,1,197,,312098,6,,,1
6100,'20261008',1225,,312099,6,,,1,105,,312100,6,,,1,103,,312101,6,,,1,113,,312102,6,,,1,476,,312103,6,,,1,98,,312104,6,,,1,98,,312105,6,,,1,100,,312106,6,,,1,96,,312107,6,,,1,197,,312108,6,,,1
6100,'20261009',1225,,312109,6,,,1,105,,312110,6,,,1,103,,312111,6,,,1,113,,312112,6,,,1,476,,312113,6,,,1,98,,312114,6,,,1,98,,312115,6,,,1,100,,312116,6,,,1,96,,312117,6,,,1,197,,312118,6,,,1
6100,'20261013',1225,,312119,6,,,1,105,,312120,6,,,1,103,,312121,6,,,1,113,,312122,6,,,1,476,,312123,6,,,1,98,,312124,6,,,1,98,,312125,6,,,1,100,,312126,6,,,1,96,,312127,6,,,1,197,,312128,6,,,1
6100,'20261014',1225,,312129,6,,,1,105,,312130,6,,,1,103,,312131,6,,,1,113,,312132,6,,,1,476,,312133,6,,,1,98,,312134,6,,,1,98,,312135,6,,,1,100,,312136,6,,,1,96,,312137,6,,,1,197,,312138,6,,,1
6100,'20261015',1225,,312139,6,,,1,105,,312140,6,,,1,103,,312141,6,,,1,113,,312142,6,,,1,476,,312143,6,,,1,98,,312144,6,,,1,98,,312145,6,,,1,100,,312146,6,,,1,96,,312147,6,,,1,197,,312148,6,,,1
6100,'20261016',1225,,312149,6,,,1,105,,312150,6,,,1,103,,312151,6,,,1,113,,312152,6,,,1,476,,312153,6,,,1,98,,312154,6,,,1,98,,312155,6,,,1,100,,312156,6,,,1,96,,312157,6,,,1,197,,312158,6,,,1
6100,'20261019',1225,,312159,6,,,1,105,,312160,6,,,1,103,,312161,6,,,1,113,,312162,6,,,1,476,,312163,6,,,1,98,,312164,6,,,1,98,,312165,6,,,1,100,,312166,6,,,1,96,,312167,6,,,1,197,,312168,6,,,1
6100,'20261020',1225,,312169,6,,,1,105,,312170,6,,,1,103,,312171,6,,,1,113,,312172,6,,,1,476,,312173,6,,,1,98,,312174,6,,,1,98,,312175,6,,,1,100,,312176,6,,,1,96,,312177,6,,,1,197,,312178,6,,,1
6100,'20261021',1225,,312179,6,,,1,105,,312180,6,,,1,103,,312181,6,,,1,113,,312182,6,,,1,476,,312183,6,,,1,98,,312184,6,,,1,98,,312185,6,,,1,100,,312186,6,,,1,96,,312187,6,,,1,197,,312188,6,,,1
6100,'20261022',1225,,312189,6,,,1,105,,312190,6,,,1,103,,312191,6,,,1,113,,312192,6,,,1,476,,312193,6,,,1,98,,312194,6,,,1,98,,312195,6,,,1,100,,312196,6,,,1,96,,312197,6,,,1,197,,312198,6,,,1
6100,'20261023',1225,,312199,6,,,1,105,,312200,6,,,1,103,,312201,6,,,1,113,,312202,6,,,1,476,,312203,6,,,1,98,,312204,6,,,1,98,,312205,6,,,1,100,,312206,6,,,1,96,,312207,6,,,1,197,,312208,6,,,1
6100,'20261026',1225,,312209,6,,,1,105,,312210,6,,,1,103,,312211,6,,,1,113,,312212,6,,,1,476,,312213,6,,,1,98,,312214,6,,,1,98,,312215,6,,,1,100,,312216,6,,,1,96,,312217,6,,,1,197,,312218,6,,,1
6100,'20261027',1225,,312219,6,,,1,105,,312220,6,,,1,103,,312221,6,,,1,113,,312222,6,,,1,476,,312223,6,,,1,98,,312224,6,,,1,98,,312225,6,,,1,100,,312226,6,,,1,96,,312227,6,,,1,197,,312228,6,,,1
6100,'20261028',1225,,312229,6,,,1,105,,312230,6,,,1,103,,312231,6,,,1,113,,312232,6,,,1,476,,312233,6,,,1,98,,312234,6,,,1,98,,312235,6,,,1,100,,312236,6,,,1,96,,312237,6,,,1,197,,312238,6,,,1
6100,'20261029',1225,,312239,6,,,1,105,,312240,6,,,1,103,,312241,6,,,1,113,,312242,6,,,1,476,,312243,6,,,1,98,,312244,6,,,1,98,,312245,6,,,1,100,,312246,6,,,1,96,,312247,6,,,1,197,,312248,6,,,1
6100,'20261030',1225,,312249,6,,,1,105,,312250,6,,,1,103,,312251,6,,,1,113,,312252,6,,,1,476,,312253,6,,,1,98,,312254,6,,,1,98,,312255,6,,,1,100,,312256,6,,,1,96,,312257,6,,,1,197,,312258,6,,,1
6100,'20261102',1225,,312259,6,,,1,105,,312260,6,,,1,103,,312261,6,,,1,113,,312262,6,,,1,476,,312263,6,,,1,98,,312264,6,,,1,98,,312265,6,,,1,100,,312266,6,,,1,96,,312267,6,,,1,197,,312268,6,,,1
6100,'20261103',1225,,312269,6,,,1,105,,312270,6,,,1,103,,312271,6,,,1,113,,312272,6,,,1,476,,312273,6,,,1,98,,312274,6,,,1,98,,312275,6,,,1,100,,312276,6,,,1,96,,312277,6,,,1,197,,312278,6,,,1
6100,'20261104',1225,,312279,6,,,1,105,,312280,6,,,1,103,,312281,6,,,1,113,,312282,6,,,1,476,,312283,6,,,1,98,,312284,6,,,1,98,,312285,6,,,1,100,,312286,6,,,1,96,,312287,6,,,1,197,,312288,6,,,1
6100,'20261105',1225,,312289,6,,,1,105,,312290,6,,,1,103,,312291,6,,,1,113,,312292,6,,,1,476,,312293,6,,,1,98,,312294,6,,,1,98,,312295,6,,,1,100,,312296,6,,,1,96,,312297,6,,,1,197,,312298,6,,,1
6100,'20261106',1225,,312299,6,,,1,105,,312300,6,,,1,103,,312301,6,,,1,113,,312302,6,,,1,476,,312303,6,,,1,98,,312304,6,,,1,98,,312305,6,,,1,100,,312306,6,,,1,96,,312307,6,,,1,197,,312308,6,,,1
6100,'20261109',1225,,312309,6,,,1,105,,312310,6,,,1,103,,312311,6,,,1,113,,312312,6,,,1,476,,312313,6,,,1,98,,312314,6,,,1,98,,312315,6,,,1,100,,312316,6,,,1,96,,312317,6,,,1,197,,312318,6,,,1
6100,'20261110',1225,,312319,6,,,1,105,,312320,6,,,1,103,,312321,6,,,1,113,,312322,6,,,1,476,,312323,6,,,1,98,,312324,6,,,1,98,,312325,6,,,1,100,,312326,6,,,1,96,,312327,6,,,1,197,,312328,6,,,1
6100,'20261111',1225,,312329,6,,,1,105,,312330,6,,,1,103,,312331,6,,,1,113,,312332,6,,,1,476,,312333,6,,,1,98,,312334,6,,,1,98,,312335,6,,,1,100,,312336,6,,,1,96,,312337,6,,,1,197,,312338,6,,,1
6100,'20261112',1225,,312339,6,,,1,105,,312340,6,,,1,103,,312341,6,,,1,113,,312342,6,,,1,476,,312343,6,,,1,98,,312344,6,,,1,98,,312345,6,,,1,100,,312346,6,,,1,96,,312347,6,,,1,197,,312348,6,,,1
6100,'20261113',1225,,312349,6,,,1,105,,312350,6,,,1,103,,312351,6,,,1,113,,312352,6,,,1,476,,312353,6,,,1,98,,312354,6,,,1,98,,312355,6,,,1,100,,312356,6,,,1,96,,312357,6,,,1,197,,312358,6,,,1
6100,'20261116',1225,,312359,6,,,1,105,,312360,6,,,1,103,,312361,6,,,1,113,,312362,6,,,1,476,,312363,6,,,1,98,,312364,6,,,1,98,,312365,6,,,1,100,,312366,6,,,1,96,,312367,6,,,1,197,,312368,6,,,1
6100,'20261117',1225,,312369,6,,,1,105,,312370,6,,,1,103,,312371,6,,,1,113,,312372,6,,,1,476,,312373,6,,,1,98,,312374,6,,,1,98,,312375,6,,,1,100,,312376,6,,,1,96,,312377,6,,,1,197,,312378,6,,,1
6100,'20261118',1225,,312379,6,,,1,105,,312380,6,,,1,103,,312381,6,,,1,113,,312382,6,,,1,476,,312383,6,,,1,98,,312384,6,,,1,98,,312385,6,,,1,100,,312386,6,,,1,96,,312387,6,,,1,197,,312388,6,,,1
6100,'20261119',1225,,312389,6,,,1,105,,312390,6,,,1,103,,312391,6,,,1,113,,312392,6,,,1,476,,312393,6,,,1,98,,312394,6,,,1,98,,312395,6,,,1,100,,312396,6,,,1,96,,312397,6,,,1,197,,312398,6,,,1
6100,'20261120',1225,,312399,6,,,1,105,,312400,6,,,1,103,,312401,6,,,1,113,,312402,6,,,1,476,,312403,6,,,1,98,,312404,6,,,1,98,,312405,6,,,1,100,,312406,6,,,1,96,,312407,6,,,1,197,,312408,6,,,1
6100,'20261123',1225,,312409,6,,,1,105,,312410,6,,,1,103,,312411,6,,,1,113,,312412,6,,,1,476,,312413,6,,,1,98,,312414,6,,,1,98,,312415,6,,,1,100,,312416,6,,,1,96,,312417,6,,,1,197,,312418,6,,,1
6100,'20261124',1225,,312419,6,,,1,105,,312420,6,,,1,103,,312421,6,,,1,113,,312422,6,,,1,476,,312423,6,,,1,98,,312424,6,,,1,98,,312425,6,,,1,100,,312426,6,,,1,96,,312427,6,,,1,197,,312428,6,,,1
6100,'20261125',1225,,312429,6,,,1,105,,312430,6,,,1,103,,312431,6,,,1,113,,312432,6,,,1,476,,312433,6,,,1,98,,312434,6,,,1,98,,312435,6,,,1,100,,312436,6,,,1,96,,312437,6,,,1,197,,312438,6,,,1
6100,'20261126',1225,,312439,6,,,1,105,,312440,6,,,1,103,,312441,6,,,1,113,,312442,6,,,1,476,,312443,6,,,1,98,,312444,6,,,1,98,,312445,6,,,1,100,,312446,6,,,1,96,,312447,6,,,1,197,,312448,6,,,1
6100,'20261127',1225,,312449,6,,,1,105,,312450,6,,,1,103,,312451,6,,,1,113,,312452,6,,,1,476,,312453,6,,,1,98,,312454,6,,,1,98,,312455,6,,,1,100,,312456,6,,,1,96,,312457,6,,,1,197,,312458,6,,,1
