1700,'20260921',714,,232183,18,,,1,110,,232184,18,,,1,100,,232185,18,,,1,100,,232186,18,,,1,96,,232187,18,,,1,107,,232188,18,,,1,200,,232189,18,,,1,112,,232190,18,,,1,97,,232191,18,,,1,95,,232192,18,,,1,101,,232193,18,,,1,101,,232194,18,,,1,103,,232195,18,,,1,177,,232196,18,,,1
1700,'20260922',714,,232197,18,,,1,110,,232198,18,,,1,100,,232199,18,,,1,100,,232200,18,,,1,96,,232201,18,,,1,107,,232202,18,,,1,200,,232203,18,,,1,112,,232204,18,,,1,97,,232205,18,,,1,95,,232206,18,,,1,101,,232207,18,,,1,101,,232208,18,,,1,103,,232209,18,,,1,177,,232210,18,,,1
1700,'20260923',714,,232211,18,,,1,110,,232212,18,,,1,100,,232213,18,,,1,100,,232214,18,,,1,96,,232215,18,,,1,107,,232216,18,,,1,200,,232217,18,,,1,112,,232218,18,,,1,97,,232219,18,,,1,95,,232220,18,,,1,101,,232221,18,,,1,101,,232222,18,,,1,103,,232223,18,,,1,177,,232224,18,,,1
1700,'20260924',714,,232225,18,,,1,110,,232226,18,,,1,100,,232227,18,,,1,100,,232228,18,,,1,96,,232229,18,,,1,107,,232230,18,,,1,200,,232231,18,,,1,112,,232232,18,,,1,97,,232233,18,,,1,95,,232234,18,,,1,101,,232235,18,,,1,101,,232236,18,,,1,103,,232237,18,,,1,177,,232238,18,,,1
1700,'20260925',714,,232239,18,,,1,110,,232240,18,,,1,100,,232241,18,,,1,100,,232242,18,,,1,96,,232243,18,,,1,107,,232244,18,,,1,200,,232245,18,,,1,112,,232246,18,,,1,97,,232247,18,,,1,95,,232248,18,,,1,101,,232249,18,,,1,101,,232250,18,,,1,103,,232251,18,,,1,177,,232252,18,,,1
1700,'20260928',714,,232253,18,,,1,110,,232254,18,,,1,100,,232255,18,,,1,100,,232256,18,,,1,96,,232257,18,,,1,107,,232258,18,,,1,200,,232259,18,,,1,112,,232260,18,,,1,97,,232261,18,,,1,95,,232262,18,,,1,101,,232263,18,,,1,101,,232264,18,,,1,103,,232265,18,,,1,177,,232266,18,,,1
1700,'20260929',714,,232267,18,,,1,110,,232268,18,,,1,100,,232269,18,,,1,100,,232270,18,,,1,96,,232271,18,,,1,107,,232272,18,,,1,200,,232273,18,,,1,112,,232274,18,,,1,97,,232275,18,,,1,95,,232276,18,,,1,101,,232277,18,,,1,101,,232278,18,,,1,103,,232279,18,,,1,177,,232280,18,,,1
1700,'20260930',714,,232281,18,,,1,110,,232282,18,,,1,100,,232283,18,,,1,100,,232284,18,,,1,96,,232285,18,,,1,107,,232286,18,,,1,200,,232287,18,,,1,112,,232288,18,,,1,97,,232289,18,,,1,95,,232290,18,,,1,101,,232291,18,,,1,101,,232292,18,,,1,103,,232293,18,,,1,177,,232294,18,,,1
1700,'20261001',714,,232295,18,,,1,110,,232296,18,,,1,100,,232297,18,,,1,100,,232298,18,,,1,96,,232299,18,,,1,107,,232300,18,,,1,200,,232301,18,,,1,112,,232302,18,,,1,97,,232303,18,,,1,95,,232304,18,,,1,101,,232305,18,,,1,101,,232306,18,,,1,103,,232307,18,,,1,177,,232308,18,,,1
1700,'20261002',714,,232309,18,,,1,110,,232310,18,,,1,100,,232311,18,,,1,100,,232312,18,,,1,96,,232313,18,,,1,107,,232314,18,,,1,200,,232315,18,,,1,112,,232316,18,,,1,97,,232317,18,,,1,95,,232318,18,,,1,101,,232319,18,,,1,101,,232320,18,,,1,103,,232321,18,,,1,177,,232322,18,,,1
1700,'20261005',714,,232323,18,,,1,110,,232324,18,,,1,100,,232325,18,,,1,100,,232326,18,,,1,96,,232327,18,,,1,107,,232328,18,,,1,200,,232329,18,,,1,112,,232330,18,,,1,97,,232331,18,,,1,95,,232332,18,,,1,101,,232333,18,,,1,101,,232334,18,,,1,103,,232335,18,,,1,177,,232336,18,,,1
1700,'20261006',714,,232337,18,,,1,110,,232338,18,,,1,100,,232339,18,,,1,100,,232340,18,,,1,96,,232341,18,,,1,107,,232342,18,,,1,200,,232343,18,,,1,112,,232344,18,,,1,97,,232345,18,,,1,95,,232346,18,,,1,101,,232347,18,,,1,101,,232348,18,,,1,103,,232349,18,,,1,177,,232350,18,,,1
1700,'20261007',714,,232351,18,,,1,110,,232352,18,,,1,100,,232353,18,,,1,100,,232354,18,,,1,96,,232355,18,,,1,107,,232356,18,,,1,200,,232357,18,,,1,112,,232358,18,,,1,97,,232359,18,,,1,95,,232360,18,,,1,101,,232361,18,,,1,101,,232362,18,,,1,103,,232363,18,,,1,177,,232364,18,,,1
1700,'20261008',714,,232365,18,,,1,110,,232366,18,,,1,100,,232367,18,,,1,100,,232368,18,,,1,96,,232369,18,,,1,107,,232370,18,,,1,200,,232371,18,,,1,112,,232372,18,,,1,97,,232373,18,,,1,95,,232374,18,,,1,101,,232375,18,,,1,101,,232376,18,,,1,103,,232377,18,,,1,177,,232378,18,,,1
1700,'20261009',714,,232379,18,,,1,110,,232380,18,,,1,100,,232381,18,,,1,100,,232382,18,,,1,96,,232383,18,,,1,107,,232384,18,,,1,200,,232385,18,,,1,112,,232386,18,,,1,97,,232387,18,,,1,95,,232388,18,,,1,101,,232389,18,,,1,101,,232390,18,,,1,103,,232391,18,,,1,177,,232392,18,,,1
1700,'20261013',714,,232393,18,,,1,110,,232394,18,,,1,100,,232395,18,,,1,100,,232396,18,,,1,96,,232397,18,,,1,107,,232398,18,,,1,200,,232399,18,,,1,112,,232400,18,,,1,97,,232401,18,,,1,95,,232402,18,,,1,101,,232403,18,,,1,101,,232404,18,,,1,103,,232405,18,,,1,177,,232406,18,,,1
1700,'20261014',714,,232407,18,,,1,110,,232408,18,,,1,100,,232409,18,,,1,100,,232410,18,,,1,96,,232411,18,,,1,107,,232412,18,,,1,200,,232413,18,,,1,112,,232414,18,,,1,97,,232415,18,,,1,95,,232416,18,,,1,101,,232417,18,,,1,101,,232418,18,,,1,103,,232419,18,,,1,177,,232420,18,,,1
1700,'20261015',714,,232421,18,,,1,110,,232422,18,,,1,100,,232423,18,,,1,100,,232424,18,,,1,96,,232425,18,,,1,107,,232426,18,,,1,200,,232427,18,,,1,112,,232428,18,,,1,97,,232429,18,,,1,95,,232430,18,,,1,101,,232431,18,,,1,101,,232432,18,,,1,103,,232433,18,,,1,177,,232434,18,,,1
1700,'20261016',714,,232435,18,,,1,110,,232436,18,,,1,100,,232437,18,,,1,100,,232438,18,,,1,96,,232439,18,,,1,107,,232440,18,,,1,200,,232441,18,,,1,112,,232442,18,,,1,97,,232443,18,,,1,95,,232444,18,,,1,101,,232445,18,,,1,101,,232446,18,,,1,103,,232447,18,,,1,177,,232448,18,,,1
1700,'20261019',714,,232449,18,,,1,110,,232450,18,,,1,100,,232451,18,,,1,100,,232452,18,,,1,96,,232453,18,,,1,107,,232454,18,,,1,200,,232455,18,,,1,112,,232456,18,,,1,97,,232457,18,,,1,95,,232458,18,,,1,101,,232459,18,,,1,101,,232460,18,,,1,103,,232461,18,,,1,177,,232462,18,,,1
1700,'20261020',714,,232463,18,,,1,110,,232464,18,,,1,100,,232465,18,,,1,100,,232466,18,,,1,96,,232467,18,,,1,107,,232468,18,,,1,200,,232469,18,,,1,112,,232470,18,,,1,97,,232471,18,,,1,95,,232472,18,,,1,101,,232473,18,,,1,101,,232474,18,,,1,103,,232475,18,,,1,177,,232476,18,,,1
1700,'20261021',714,,232477,18,,,1,110,,232478,18,,,1,100,,232479,18,,,1,100,,232480,18,,,1,96,,232481,18,,,1,107,,232482,18,,,1,200,,232483,18,,,1,112,,232484,18,,,1,97,,232485,18,,,1,95,,232486,18,,,1,101,,232487,18,,,1,101,,232488,18,,,1,103,,232489,18,,,1,177,,232490,18,,,1
1700,'20261022',714,,232491,18,,,1,110,,232492,18,,,1,100,,232493,18,,,1,100,,232494,18,,,1,96,,232495,18,,,1,107,,232496,18,,,1,200,,232497,18,,,1,112,,232498,18,,,1,97,,232499,18,,,1,95,,232500,18,,,1,101,,232501,18,,,1,101,,232502,18,,,1,103,,232503,18,,,1,177,,232504,18,,,1
1700,'20261023',714,,232505,18,,,1,110,,232506,18,,,1,100,,232507,18,,,1,100,,232508,18,,,1,96,,232509,18,,,1,107,,232510,18,,,1,200,,232511,18,,,1,112,,232512,18,,,1,97,,232513,18,,,1,95,,232514,18,,,1,101,,232515,18,,,1,101,,232516,18,,,1,103,,232517,18,,,1,177,,232518,18,,,1
1700,'20261026',714,,232519,18,,,1,110,,232520,18,,,1,100,,232521,18,,,1,100,,232522,18,,,1,96,,232523,18,,,1,107,,232524,18,,,1,200,,232525,18,,,1,112,,232526,18,,,1,97,,232527,18,,,1,95,,232528,18,,,1,101,,232529,18,,,1,101,,232530,18,,,1,103,,232531,18,,,1,177,,232532,18,,,1
1700,'20261027',714,,232533,18,,,1,110,,232534,18,,,1,100,,232535,18,,,1,100,,232536,18,,,1,96,,232537,18,,,1,107,,232538,18,,,1,200,,232539,18,,,1,112,,232540,18,,,1,97,,232541,18,,,1,95,,232542,18,,,1,101,,232543,18,,,1,101,,232544,18,,,1,103,,232545,18,,,1,177,,232546,18,,,1
1700,'20261028',714,,232547,18,,,1,110,,232548,18,,,1,100,,232549,18,,,1,100,,232550,18,,,1,96,,232551,18,,,1,107,,232552,18,,,1,200,,232553,18,,,1,112,,232554,18,,,1,97,,232555,18,,,1,95,,232556,18,,,1,101,,232557,18,,,1,101,,232558,18,,,1,103,,232559,18,,,1,177,,232560,18,,,1
1700,'20261029',714,,232561,18,,,1,110,,232562,18,,,1,100,,232563,18,,,1,100,,232564,18,,,1,96,,232565,18,,,1,107,,232566,18,,,1,200,,232567,18,,,1,112,,232568,18,,,1,97,,232569,18,,,1,95,,232570,18,,,1,101,,232571,18,,,1,101,,232572,18,,,1,103,,232573,18,,,1,177,,232574,18,,,1
1700,'20261030',714,,232575,18,,,1,110,,232576,18,,,1,100,,232577,18,,,1,100,,232578,18,,,1,96,,232579,18,,,1,107,,232580,18,,,1,200,,232581,18,,,1,112,,232582,18,,,1,97,,232583,18,,,1,95,,232584,18,,,1,101,,232585,18,,,1,101,,232586,18,,,1,103,,232587,18,,,1,177,,232588,18,,,1
1700,'20261102',714,,232589,18,,,1,110,,232590,18,,,1,100,,232591,18,,,1,100,,232592,18,,,1,96,,232593,18,,,1,107,,232594,18,,,1,200,,232595,18,,,1,112,,232596,18,,,1,97,,232597,18,,,1,95,,232598,18,,,1,101,,232599,18,,,1,101,,232600,18,,,1,103,,232601,18,,,1,177,,232602,18,,,1
1700,'20261103',714,,232603,18,,,1,110,,232604,18,,,1,100,,232605,18,,,1,100,,232606,18,,,1,96,,232607,18,,,1,107,,232608,18,,,1,200,,232609,18,,,1,112,,232610,18,,,1,97,,232611,18,,,1,95,,232612,18,,,1,101,,232613,18,,,1,101,,232614,18,,,1,103,,232615,18,,,1,177,,232616,18,,,1
1700,'20261104',714,,232617,18,,,1,110,,232618,18,,,1,100,,232619,18,,,1,100,,232620,18,,,1,96,,232621,18,,,1,107,,232622,18,,,1,200,,232623,18,,,1,112,,232624,18,,,1,97,,232625,18,,,1,95,,232626,18,,,1,101,,232627,18,,,1,101,,232628,18,,,1,103,,232629,18,,,1,177,,232630,18,,,1
1700,'20261105',714,,232631,18,,,1,110,,232632,18,,,1,100,,232633,18,,,1,100,,232634,18,,,1,96,,232635,18,,,1,107,,232636,18,,,1,200,,232637,18,,,1,112,,232638,18,,,1,97,,232639,18,,,1,95,,232640,18,,,1,101,,232641,18,,,1,101,,232642,18,,,1,103,,232643,18,,,1,177,,232644,18,,,1
1700,'20261106',714,,232645,18,,,1,110,,232646,18,,,1,100,,232647,18,,,1,100,,232648,18,,,1,96,,232649,18,,,1,107,,232650,18,,,1,200,,232651,18,,,1,112,,232652,18,,,1,97,,232653,18,,,1,95,,232654,18,,,1,101,,232655,18,,,1,101,,232656,18,,,1,103,,232657,18,,,1,177,,232658,18,,,1
1700,'20261109',714,,232659,18,,,1,110,,232660,18,,,1,100,,232661,18,,,1,100,,232662,18,,,1,96,,232663,18,,,1,107,,232664,18,,,1,200,,232665,18,,,1,112,,232666,18,,,1,97,,232667,18,,,1,95,,232668,18,,,1,101,,232669,18,,,1,101,,232670,18,,,1,103,,232671,18,,,1,177,,232672,18,,,1
1700,'20261110',714,,232673,18,,,1,110,,232674,18,,,1,100,,232675,18,,,1,100,,232676,18,,,1,96,,232677,18,,,1,107,,232678,18,,,1,200,,232679,18,,,1,112,,232680,18,,,1,97,,232681,18,,,1,95,,232682,18,,,1,101,,232683,18,,,1,101,,232684,18,,,1,103,,232685,18,,,1,177,,232686,18,,,1
1700,'20261111',714,,232687,18,,,1,110,,232688,18,,,1,100,,232689,18,,,1,100,,232690,18,,,1,96,,232691,18,,,1,107,,232692,18,,,1,200,,232693,18,,,1,112,,232694,18,,,1,97,,232695,18,,,1,95,,232696,18,,,1,101,,232697,18,,,1,101,,232698,18,,,1,103,,232699,18,,,1,177,,232700,18,,,1
1700,'20261112',714,,232701,18,,,1,110,,232702,18,,,1,100,,232703,18,,,1,100,,232704,18,,,1,96,,232705,18,,,1,107,,232706,18,,,1,200,,232707,18,,,1,112,,232708,18,,,1,97,,232709,18,,,1,95,,232710,18,,,1,101,,232711,18,,,1,101,,232712,18,,,1,103,,232713,18,,,1,177,,232714,18,,,1
1700,'20261113',714,,232715,18,,,1,110,,232716,18,,,1,100,,232717,18,,,1,100,,232718,18,,,1,96,,232719,18,,,1,107,,232720,18,,,1,200,,232721,18,,,1,112,,232722,18,,,1,97,,232723,18,,,1,95,,232724,18,,,1,101,,232725,18,,,1,101,,232726,18,,,1,103,,232727,18,,,1,177,,232728,18,,,1
1700,'20261116',714,,232729,18,,,1,110,,232730,18,,,1,100,,232731,18,,,1,100,,232732,18,,,1,96,,232733,18,,,1,107,,232734,18,,,1,200,,232735,18,,,1,112,,232736,18,,,1,97,,232737,18,,,1,95,,232738,18,,,1,101,,232739,18,,,1,101,,232740,18,,,1,103,,232741,18,,,1,177,,232742,18,,,1
1700,'20261117',714,,232743,18,,,1,110,,232744,18,,,1,100,,232745,18,,,1,100,,232746,18,,,1,96,,232747,18,,,1,107,,232748,18,,,1,200,,232749,18,,,1,112,,232750,18,,,1,97,,232751,18,,,1,95,,232752,18,,,1,101,,232753,18,,,1,101,,232754,18,,,1,103,,232755,18,,,1,177,,232756,18,,,1
1700,'20261118',714,,232757,18,,,1,110,,232758,18,,,1,100,,232759,18,,,1,100,,232760,18,,,1,96,,232761,18,,,1,107,,232762,18,,,1,200,,232763,18,,,1,112,,232764,18,,,1,97,,232765,18,,,1,95,,232766,18,,,1,101,,232767,18,,,1,101,,232768,18,,,1,103,,232769,18,,,1,177,,232770,18,,,1
1700,'20261119',714,,232771,18,,,1,110,,232772,18,,,1,100,,232773,18,,,1,100,,232774,18,,,1,96,,232775,18,,,1,107,,232776,18,,,1,200,,232777,18,,,1,112,,232778,18,,,1,97,,232779,18,,,1,95,,232780,18,,,1,101,,232781,18,,,1,101,,232782,18,,,1,103,,232783,18,,,1,177,,232784,18,,,1
1700,'20261120',714,,232785,18,,,1,110,,232786,18,,,1,100,,232787,18,,,1,100,,232788,18,,,1,96,,232789,18,,,1,107,,232790,18,,,1,200,,232791,18,,,1,112,,232792,18,,,1,97,,232793,18,,,1,95,,232794,18,,,1,101,,232795,18,,,1,101,,232796,18,,,1,103,,232797,18,,,1,177,,232798,18,,,1
1700,'20261123',714,,232799,18,,,1,110,,232800,18,,,1,100,,232801,18,,,1,100,,232802,18,,,1,96,,232803,18,,,1,107,,232804,18,,,1,200,,232805,18,,,1,112,,232806,18,,,1,97,,232807,18,,,1,95,,232808,18,,,1,101,,232809,18,,,1,101,,232810,18,,,1,103,,232811,18,,,1,177,,232812,18,,,1
1700,'20261124',714,,232813,18,,,1,110,,232814,18,,,1,100,,232815,18,,,1,100,,232816,18,,,1,96,,232817,18,,,1,107,,232818,18,,,1,200,,232819,18,,,1,112,,232820,18,,,1,97,,232821,18,,,1,95,,232822,18,,,1,101,,232823,18,,,1,101,,232824,18,,,1,103,,232825,18,,,1,177,,232826,18,,,1
1700,'20261125',714,,232827,18,,,1,110,,232828,18,,,1,100,,232829,18,,,1,100,,232830,18,,,1,96,,232831,18,,,1,107,,232832,18,,,1,200,,232833,18,,,1,112,,232834,18,,,1,97,,232835,18,,,1,95,,232836,18,,,1,101,,232837,18,,,1,101,,232838,18,,,1,103,,232839,18,,,1,177,,232840,18,,,1
1700,'20261126',714,,232841,18,,,1,110,,232842,18,,,1,100,,232843,18,,,1,100,,232844,18,,,1,96,,232845,18,,,1,107,,232846,18,,,1,200,,232847,18,,,1,112,,232848,18,,,1,97,,232849,18,,,1,95,,232850,18,,,1,101,,232851,18,,,1,101,,232852,18,,,1,103,,232853,18,,,1,177,,232854,18,,,1
1700,'20261127',714,,232855,18,,,1,110,,232856,18,,,1,100,,232857,18,,,1,100,,232858,18,,,1,96,,232859,18,,,1,107,,232860,18,,,1,200,,232861,18,,,1,112,,232862,18,,,1,97,,232863,18,,,1,95,,232864,18,,,1,101,,232865,18,,,1,101,,232866,18,,,1,103,,232867,18,,,1,177,,232868,18,,,1
2901,'20260921',741,,260363,12,0,7 43 44 47,1,10,,260364,15,,,1,50,,260365,12,0,7 43 44 47,1,10,,260366,15,,,1,30,,260367,12,0,7 43 44 47,1,10,,260368,15,,,1,55,,260369,12,0,7 43 44 47,1,45,,260370,15,,,1,55,,260371,12,0,7 43 44 47,1,45,,260372,15,,,1,55,,260373,12,0,7 43 44 47,1,45,,260374,15,,,1,100,,260375,15,,,1,100,,260376,15,,,1,100,,260377,15,,,1,100,,260378,15,,,1,108,,260379,15,,,1,100,,260380,15,,,1,97,,260381,15,,,1,165,,260382,15,,,1,197,,260383,15,,,1,300,,260384,15,,,1
2901,'20260922',741,,260385,12,0,7 43 44 47,1,10,,260386,15,,,1,50,,260387,12,0,7 43 44 47,1,10,,260388,15,,,1,30,,260389,12,0,7 43 44 47,1,10,,260390,15,,,1,55,,260391,12,0,7 43 44 47,1,45,,260392,15,,,1,55,,260393,12,0,7 43 44 47,1,45,,260394,15,,,1,55,,260395,12,0,7 43 44 47,1,45,,260396,15,,,1,100,,260397,15,,,1,100,,260398,15,,,1,100,,260399,15,,,1,100,,260400,15,,,1,108,,260401,15,,,1,100,,260402,15,,,1,97,,260403,15,,,1,165,,260404,15,,,1,197,,260405,15,,,1,300,,260406,15,,,1
2901,'20260923',741,,260407,12,0,7 43 44 47,1,10,,260408,15,,,1,50,,260409,12,0,7 43 44 47,1,10,,260410,15,,,1,30,,260411,12,0,7 43 44 47,1,10,,260412,15,,,1,55,,260413,12,0,7 43 44 47,1,45,,260414,15,,,1,55,,260415,12,0,7 43 44 47,1,45,,260416,15,,,1,55,,260417,12,0,7 43 44 47,1,45,,260418,15,,,1,100,,260419,15,,,1,100,,260420,15,,,1,100,,260421,15,,,1,100,,260422,15,,,1,108,,260423,15,,,1,100,,260424,15,,,1,97,,260425,15,,,1,165,,260426,15,,,1,197,,260427,15,,,1,300,,260428,15,,,1
2901,'20260924',741,,260429,12,0,7 43 44 47,1,10,,260430,15,,,1,50,,260431,12,0,7 43 44 47,1,10,,260432,15,,,1,30,,260433,12,0,7 43 44 47,1,10,,260434,15,,,1,55,,260435,12,0,7 43 44 47,1,45,,260436,15,,,1,55,,260437,12,0,7 43 44 47,1,45,,260438,15,,,1,55,,260439,12,0,7 43 44 47,1,45,,260440,15,,,1,100,,260441,15,,,1,100,,260442,15,,,1,100,,260443,15,,,1,100,,260444,15,,,1,108,,260445,15,,,1,100,,260446,15,,,1,97,,260447,15,,,1,165,,260448,15,,,1,197,,260449,15,,,1,300,,260450,15,,,1
2901,'20260925',741,,260451,12,0,7 43 44 47,1,10,,260452,15,,,1,50,,260453,12,0,7 43 44 47,1,10,,260454,15,,,1,30,,260455,12,0,7 43 44 47,1,10,,260456,15,,,1,55,,260457,12,0,7 43 44 47,1,45,,260458,15,,,1,55,,260459,12,0,7 43 44 47,1,45,,260460,15,,,1,55,,260461,12,0,7 43 44 47,1,45,,260462,15,,,1,100,,260463,15,,,1,100,,260464,15,,,1,100,,260465,15,,,1,100,,260466,15,,,1,108,,260467,15,,,1,100,,260468,15,,,1,97,,260469,15,,,1,165,,260470,15,,,1,197,,260471,15,,,1,300,,260472,15,,,1
2901,'20260926',924,,260473,15,,,1,100,,260474,15,,,1,105,,260475,15,,,1,100,,260476,15,,,1,100,,260477,15,,,1,104,,260478,15,,,1,100,,260479,15,,,1,100,,260480,15,,,1,100,,260481,15,,,1,100,,260482,15,,,1,100,,260483,15,,,1,97,,260484,15,,,1,100,,260485,15,,,1,100,,260486,15,,,1,95,,260487,15,,,1,198,,260488,15,,,1
2901,'20260927',924,,260489,15,,,1,100,,260490,15,,,1,105,,260491,15,,,1,100,,260492,15,,,1,100,,260493,15,,,1,104,,260494,15,,,1,100,,260495,15,,,1,100,,260496,15,,,1,100,,260497,15,,,1,100,,260498,15,,,1,100,,260499,15,,,1,97,,260500,15,,,1,100,,260501,15,,,1,100,,260502,15,,,1,95,,260503,15,,,1,198,,260504,15,,,1
2901,'20260928',741,,260505,12,0,7 43 44 47,1,10,,260506,15,,,1,50,,260507,12,0,7 43 44 47,1,10,,260508,15,,,1,30,,260509,12,0,7 43 44 47,1,10,,260510,15,,,1,55,,260511,12,0,7 43 44 47,1,45,,260512,15,,,1,55,,260513,12,0,7 43 44 47,1,45,,260514,15,,,1,55,,260515,12,0,7 43 44 47,1,45,,260516,15,,,1,100,,260517,15,,,1,100,,260518,15,,,1,100,,260519,15,,,1,100,,260520,15,,,1,108,,260521,15,,,1,100,,260522,15,,,1,97,,260523,15,,,1,165,,260524,15,,,1,197,,260525,15,,,1,300,,260526,15,,,1
2901,'20260929',741,,260527,12,0,7 43 44 47,1,10,,260528,15,,,1,50,,260529,12,0,7 43 44 47,1,10,,260530,15,,,1,30,,260531,12,0,7 43 44 47,1,10,,260532,15,,,1,55,,260533,12,0,7 43 44 47,1,45,,260534,15,,,1,55,,260535,12,0,7 43 44 47,1,45,,260536,15,,,1,55,,260537,12,0,7 43 44 47,1,45,,260538,15,,,1,100,,260539,15,,,1,100,,260540,15,,,1,100,,260541,15,,,1,100,,260542,15,,,1,108,,260543,15,,,1,100,,260544,15,,,1,97,,260545,15,,,1,165,,260546,15,,,1,197,,260547,15,,,1,300,,260548,15,,,1
2901,'20260930',741,,260549,12,0,7 43 44 47,1,10,,260550,15,,,1,50,,260551,12,0,7 43 44 47,1,10,,260552,15,,,1,30,,260553,12,0,7 43 44 47,1,10,,260554,15,,,1,55,,260555,12,0,7 43 44 47,1,45,,260556,15,,,1,55,,260557,12,0,7 43 44 47,1,45,,260558,15,,,1,55,,260559,12,0,7 43 44 47,1,45,,260560,15,,,1,100,,260561,15,,,1,100,,260562,15,,,1,100,,260563,15,,,1,100,,260564,15,,,1,108,,260565,15,,,1,100,,260566,15,,,1,97,,260567,15,,,1,165,,260568,15,,,1,197,,260569,15,,,1,300,,260570,15,,,1
2901,'20261001',741,,260571,12,0,7 43 44 47,1,10,,260572,15,,,1,50,,260573,12,0,7 43 44 47,1,10,,260574,15,,,1,30,,260575,12,0,7 43 44 47,1,10,,260576,15,,,1,55,,260577,12,0,7 43 44 47,1,45,,260578,15,,,1,55,,260579,12,0,7 43 44 47,1,45,,260580,15,,,1,55,,260581,12,0,7 43 44 47,1,45,,260582,15,,,1,100,,260583,15,,,1,100,,260584,15,,,1,100,,260585,15,,,1,100,,260586,15,,,1,108,,260587,15,,,1,100,,260588,15,,,1,97,,260589,15,,,1,165,,260590,15,,,1,197,,260591,15,,,1,300,,260592,15,,,1
2901,'20261002',741,,260593,12,0,7 43 44 47,1,10,,260594,15,,,1,50,,260595,12,0,7 43 44 47,1,10,,260596,15,,,1,30,,260597,12,0,7 43 44 47,1,10,,260598,15,,,1,55,,260599,12,0,7 43 44 47,1,45,,260600,15,,,1,55,,260601,12,0,7 43 44 47,1,45,,260602,15,,,1,55,,260603,12,0,7 43 44 47,1,45,,260604,15,,,1,100,,260605,15,,,1,100,,260606,15,,,1,100,,260607,15,,,1,100,,260608,15,,,1,108,,260609,15,,,1,100,,260610,15,,,1,97,,260611,15,,,1,165,,260612,15,,,1,197,,260613,15,,,1,300,,260614,15,,,1
2901,'20261003',924,,260615,15,,,1,100,,260616,15,,,1,105,,260617,15,,,1,100,,260618,15,,,1,100,,260619,15,,,1,104,,260620,15,,,1,100,,260621,15,,,1,100,,260622,15,,,1,100,,260623,15,,,1,100,,260624,15,,,1,100,,260625,15,,,1,97,,260626,15,,,1,100,,260627,15,,,1,100,,260628,15,,,1,95,,260629,15,,,1,198,,260630,15,,,1
2901,'20261004',924,,260631,15,,,1,100,,260632,15,,,1,105,,260633,15,,,1,100,,260634,15,,,1,100,,260635,15,,,1,104,,260636,15,,,1,100,,260637,15,,,1,100,,260638,15,,,1,100,,260639,15,,,1,100,,260640,15,,,1,100,,260641,15,,,1,97,,260642,15,,,1,100,,260643,15,,,1,100,,260644,15,,,1,95,,260645,15,,,1,198,,260646,15,,,1
2901,'20261005',741,,260647,12,0,7 43 44 47,1,10,,260648,15,,,1,50,,260649,12,0,7 43 44 47,1,10,,260650,15,,,1,30,,260651,12,0,7 43 44 47,1,10,,260652,15,,,1,55,,260653,12,0,7 43 44 47,1,45,,260654,15,,,1,55,,260655,12,0,7 43 44 47,1,45,,260656,15,,,1,55,,260657,12,0,7 43 44 47,1,45,,260658,15,,,1,100,,260659,15,,,1,100,,260660,15,,,1,100,,260661,15,,,1,100,,260662,15,,,1,108,,260663,15,,,1,100,,260664,15,,,1,97,,260665,15,,,1,165,,260666,15,,,1,197,,260667,15,,,1,300,,260668,15,,,1
2901,'20261006',741,,260669,12,0,7 43 44 47,1,10,,260670,15,,,1,50,,260671,12,0,7 43 44 47,1,10,,260672,15,,,1,30,,260673,12,0,7 43 44 47,1,10,,260674,15,,,1,55,,260675,12,0,7 43 44 47,1,45,,260676,15,,,1,55,,260677,12,0,7 43 44 47,1,45,,260678,15,,,1,55,,260679,12,0,7 43 44 47,1,45,,260680,15,,,1,100,,260681,15,,,1,100,,260682,15,,,1,100,,260683,15,,,1,100,,260684,15,,,1,108,,260685,15,,,1,100,,260686,15,,,1,97,,260687,15,,,1,165,,260688,15,,,1,197,,260689,15,,,1,300,,260690,15,,,1
2901,'20261007',741,,260691,12,0,7 43 44 47,1,10,,260692,15,,,1,50,,260693,12,0,7 43 44 47,1,10,,260694,15,,,1,30,,260695,12,0,7 43 44 47,1,10,,260696,15,,,1,55,,260697,12,0,7 43 44 47,1,45,,260698,15,,,1,55,,260699,12,0,7 43 44 47,1,45,,260700,15,,,1,55,,260701,12,0,7 43 44 47,1,45,,260702,15,,,1,100,,260703,15,,,1,100,,260704,15,,,1,100,,260705,15,,,1,100,,260706,15,,,1,108,,260707,15,,,1,100,,260708,15,,,1,97,,260709,15,,,1,165,,260710,15,,,1,197,,260711,15,,,1,300,,260712,15,,,1
2901,'20261008',741,,260713,12,0,7 43 44 47,1,10,,260714,15,,,1,50,,260715,12,0,7 43 44 47,1,10,,260716,15,,,1,30,,260717,12,0,7 43 44 47,1,10,,260718,15,,,1,55,,260719,12,0,7 43 44 47,1,45,,260720,15,,,1,55,,260721,12,0,7 43 44 47,1,45,,260722,15,,,1,55,,260723,12,0,7 43 44 47,1,45,,260724,15,,,1,100,,260725,15,,,1,100,,260726,15,,,1,100,,260727,15,,,1,100,,260728,15,,,1,108,,260729,15,,,1,100,,260730,15,,,1,97,,260731,15,,,1,165,,260732,15,,,1,197,,260733,15,,,1,300,,260734,15,,,1
2901,'20261009',741,,260735,12,0,7 43 44 47,1,10,,260736,15,,,1,50,,260737,12,0,7 43 44 47,1,10,,260738,15,,,1,30,,260739,12,0,7 43 44 47,1,10,,260740,15,,,1,55,,260741,12,0,7 43 44 47,1,45,,260742,15,,,1,55,,260743,12,0,7 43 44 47,1,45,,260744,15,,,1,55,,260745,12,0,7 43 44 47,1,45,,260746,15,,,1,100,,260747,15,,,1,100,,260748,15,,,1,100,,260749,15,,,1,100,,260750,15,,,1,108,,260751,15,,,1,100,,260752,15,,,1,97,,260753,15,,,1,165,,260754,15,,,1,197,,260755,15,,,1,300,,260756,15,,,1
2901,'20261010',924,,260757,15,,,1,100,,260758,15,,,1,105,,260759,15,,,1,100,,260760,15,,,1,100,,260761,15,,,1,104,,260762,15,,,1,100,,260763,15,,,1,100,,260764,15,,,1,100,,260765,15,,,1,100,,260766,15,,,1,100,,260767,15,,,1,97,,260768,15,,,1,100,,260769,15,,,1,100,,260770,15,,,1,95,,260771,15,,,1,198,,260772,15,,,1
2901,'20261011',924,,260773,15,,,1,100,,260774,15,,,1,105,,260775,15,,,1,100,,260776,15,,,1,100,,260777,15,,,1,104,,260778,15,,,1,100,,260779,15,,,1,100,,260780,15,,,1,100,,260781,15,,,1,100,,260782,15,,,1,100,,260783,15,,,1,97,,260784,15,,,1,100,,260785,15,,,1,100,,260786,15,,,1,95,,260787,15,,,1,198,,260788,15,,,1
2901,'20261012',924,,260789,15,,,1,100,,260790,15,,,1,105,,260791,15,,,1,100,,260792,15,,,1,100,,260793,15,,,1,104,,260794,15,,,1,100,,260795,15,,,1,100,,260796,15,,,1,100,,260797,15,,,1,100,,260798,15,,,1,100,,260799,15,,,1,97,,260800,15,,,1,100,,260801,15,,,1,100,,260802,15,,,1,95,,260803,15,,,1,198,,260804,15,,,1
2901,'20261013',741,,260805,12,0,7 43 44 47,1,10,,260806,15,,,1,50,,260807,12,0,7 43 44 47,1,10,,260808,15,,,1,30,,260809,12,0,7 43 44 47,1,10,,260810,15,,,1,55,,260811,12,0,7 43 44 47,1,45,,260812,15,,,1,55,,260813,12,0,7 43 44 47,1,45,,260814,15,,,1,55,,260815,12,0,7 43 44 47,1,45,,260816,15,,,1,100,,260817,15,,,1,100,,260818,15,,,1,100,,260819,15,,,1,100,,260820,15,,,1,108,,260821,15,,,1,100,,260822,15,,,1,97,,260823,15,,,1,165,,260824,15,,,1,197,,260825,15,,,1,300,,260826,15,,,1
2901,'20261014',741,,260827,12,0,7 43 44 47,1,10,,260828,15,,,1,50,,260829,12,0,7 43 44 47,1,10,,260830,15,,,1,30,,260831,12,0,7 43 44 47,1,10,,260832,15,,,1,55,,260833,12,0,7 43 44 47,1,45,,260834,15,,,1,55,,260835,12,0,7 43 44 47,1,45,,260836,15,,,1,55,,260837,12,0,7 43 44 47,1,45,,260838,15,,,1,100,,260839,15,,,1,100,,260840,15,,,1,100,,260841,15,,,1,100,,260842,15,,,1,108,,260843,15,,,1,100,,260844,15,,,1,97,,260845,15,,,1,165,,260846,15,,,1,197,,260847,15,,,1,300,,260848,15,,,1
2901,'20261015',741,,260849,12,0,7 43 44 47,1,10,,260850,15,,,1,50,,260851,12,0,7 43 44 47,1,10,,260852,15,,,1,30,,260853,12,0,7 43 44 47,1,10,,260854,15,,,1,55,,260855,12,0,7 43 44 47,1,45,,260856,15,,,1,55,,260857,12,0,7 43 44 47,1,45,,260858,15,,,1,55,,260859,12,0,7 43 44 47,1,45,,260860,15,,,1,100,,260861,15,,,1,100,,260862,15,,,1,100,,260863,15,,,1,100,,260864,15,,,1,108,,260865,15,,,1,100,,260866,15,,,1,97,,260867,15,,,1,165,,260868,15,,,1,197,,260869,15,,,1,300,,260870,15,,,1
2901,'20261016',741,,260871,12,0,7 43 44 47,1,10,,260872,15,,,1,50,,260873,12,0,7 43 44 47,1,10,,260874,15,,,1,30,,260875,12,0,7 43 44 47,1,10,,260876,15,,,1,55,,260877,12,0,7 43 44 47,1,45,,260878,15,,,1,55,,260879,12,0,7 43 44 47,1,45,,260880,15,,,1,55,,260881,12,0,7 43 44 47,1,45,,260882,15,,,1,100,,260883,15,,,1,100,,260884,15,,,1,100,,260885,15,,,1,100,,260886,15,,,1,108,,260887,15,,,1,100,,260888,15,,,1,97,,260889,15,,,1,165,,260890,15,,,1,197,,260891,15,,,1,300,,260892,15,,,1
2901,'20261017',924,,260893,15,,,1,100,,260894,15,,,1,105,,260895,15,,,1,100,,260896,15,,,1,100,,260897,15,,,1,104,,260898,15,,,1,100,,260899,15,,,1,100,,260900,15,,,1,100,,260901,15,,,1,100,,260902,15,,,1,100,,260903,15,,,1,97,,260904,15,,,1,100,,260905,15,,,1,100,,260906,15,,,1,95,,260907,15,,,1,198,,260908,15,,,1
2901,'20261018',924,,260909,15,,,1,100,,260910,15,,,1,105,,260911,15,,,1,100,,260912,15,,,1,100,,260913,15,,,1,104,,260914,15,,,1,100,,260915,15,,,1,100,,260916,15,,,1,100,,260917,15,,,1,100,,260918,15,,,1,100,,260919,15,,,1,97,,260920,15,,,1,100,,260921,15,,,1,100,,260922,15,,,1,95,,260923,15,,,1,198,,260924,15,,,1
2901,'20261019',741,,260925,12,0,7 43 44 47,1,10,,260926,15,,,1,50,,260927,12,0,7 43 44 47,1,10,,260928,15,,,1,30,,260929,12,0,7 43 44 47,1,10,,260930,15,,,1,55,,260931,12,0,7 43 44 47,1,45,,260932,15,,,1,55,,260933,12,0,7 43 44 47,1,45,,260934,15,,,1,55,,260935,12,0,7 43 44 47,1,45,,260936,15,,,1,100,,260937,15,,,1,100,,260938,15,,,1,100,,260939,15,,,1,100,,260940,15,,,1,108,,260941,15,,,1,100,,260942,15,,,1,97,,260943,15,,,1,165,,260944,15,,,1,197,,260945,15,,,1,300,,260946,15,,,1
2901,'20261020',741,,260947,12,0,7 43 44 47,1,10,,260948,15,,,1,50,,260949,12,0,7 43 44 47,1,10,,260950,15,,,1,30,,260951,12,0,7 43 44 47,1,10,,260952,15,,,1,55,,260953,12,0,7 43 44 47,1,45,,260954,15,,,1,55,,260955,12,0,7 43 44 47,1,45,,260956,15,,,1,55,,260957,12,0,7 43 44 47,1,45,,260958,15,,,1,100,,260959,15,,,1,100,,260960,15,,,1,100,,260961,15,,,1,100,,260962,15,,,1,108,,260963,15,,,1,100,,260964,15,,,1,97,,260965,15,,,1,165,,260966,15,,,1,197,,260967,15,,,1,300,,260968,15,,,1
2901,'20261021',741,,260969,12,0,7 43 44 47,1,10,,260970,15,,,1,50,,260971,12,0,7 43 44 47,1,10,,260972,15,,,1,30,,260973,12,0,7 43 44 47,1,10,,260974,15,,,1,55,,260975,12,0,7 43 44 47,1,45,,260976,15,,,1,55,,260977,12,0,7 43 44 47,1,45,,260978,15,,,1,55,,260979,12,0,7 43 44 47,1,45,,260980,15,,,1,100,,260981,15,,,1,100,,260982,15,,,1,100,,260983,15,,,1,100,,260984,15,,,1,108,,260985,15,,,1,100,,260986,15,,,1,97,,260987,15,,,1,165,,260988,15,,,1,197,,260989,15,,,1,300,,260990,15,,,1
2901,'20261022',741,,260991,12,0,7 43 44 47,1,10,,260992,15,,,1,50,,260993,12,0,7 43 44 47,1,10,,260994,15,,,1,30,,260995,12,0,7 43 44 47,1,10,,260996,15,,,1,55,,260997,12,0,7 43 44 47,1,45,,260998,15,,,1,55,,260999,12,0,7 43 44 47,1,45,,261000,15,,,1,55,,261001,12,0,7 43 44 47,1,45,,261002,15,,,1,100,,261003,15,,,1,100,,261004,15,,,1,100,,261005,15,,,1,100,,261006,15,,,1,108,,261007,15,,,1,100,,261008,15,,,1,97,,261009,15,,,1,165,,261010,15,,,1,197,,261011,15,,,1,300,,261012,15,,,1
2901,'20261023',741,,261013,12,0,7 43 44 47,1,10,,261014,15,,,1,50,,261015,12,0,7 43 44 47,1,10,,261016,15,,,1,30,,261017,12,0,7 43 44 47,1,10,,261018,15,,,1,55,,261019,12,0,7 43 44 47,1,45,,261020,15,,,1,55,,261021,12,0,7 43 44 47,1,45,,261022,15,,,1,55,,261023,12,0,7 43 44 47,1,45,,261024,15,,,1,100,,261025,15,,,1,100,,261026,15,,,1,100,,261027,15,,,1,100,,261028,15,,,1,108,,261029,15,,,1,100,,261030,15,,,1,97,,261031,15,,,1,165,,261032,15,,,1,197,,261033,15,,,1,300,,261034,15,,,1
2901,'20261024',924,,261035,15,,,1,100,,261036,15,,,1,105,,261037,15,,,1,100,,261038,15,,,1,100,,261039,15,,,1,104,,261040,15,,,1,100,,261041,15,,,1,100,,261042,15,,,1,100,,261043,15,,,1,100,,261044,15,,,1,100,,261045,15,,,1,97,,261046,15,,,1,100,,261047,15,,,1,100,,261048,15,,,1,95,,261049,15,,,1,198,,261050,15,,,1
2901,'20261025',924,,261051,15,,,1,100,,261052,15,,,1,105,,261053,15,,,1,100,,261054,15,,,1,100,,261055,15,,,1,104,,261056,15,,,1,100,,261057,15,,,1,100,,261058,15,,,1,100,,261059,15,,,1,100,,261060,15,,,1,100,,261061,15,,,1,97,,261062,15,,,1,100,,261063,15,,,1,100,,261064,15,,,1,95,,261065,15,,,1,198,,261066,15,,,1
2901,'20261026',741,,261067,12,0,7 43 44 47,1,10,,261068,15,,,1,50,,261069,12,0,7 43 44 47,1,10,,261070,15,,,1,30,,261071,12,0,7 43 44 47,1,10,,261072,15,,,1,55,,261073,12,0,7 43 44 47,1,45,,261074,15,,,1,55,,261075,12,0,7 43 44 47,1,45,,261076,15,,,1,55,,261077,12,0,7 43 44 47,1,45,,261078,15,,,1,100,,261079,15,,,1,100,,261080,15,,,1,100,,261081,15,,,1,100,,261082,15,,,1,108,,261083,15,,,1,100,,261084,15,,,1,97,,261085,15,,,1,165,,261086,15,,,1,197,,261087,15,,,1,300,,261088,15,,,1
2901,'20261027',741,,261089,12,0,7 43 44 47,1,10,,261090,15,,,1,50,,261091,12,0,7 43 44 47,1,10,,261092,15,,,1,30,,261093,12,0,7 43 44 47,1,10,,261094,15,,,1,55,,261095,12,0,7 43 44 47,1,45,,261096,15,,,1,55,,261097,12,0,7 43 44 47,1,45,,261098,15,,,1,55,,261099,12,0,7 43 44 47,1,45,,261100,15,,,1,100,,261101,15,,,1,100,,261102,15,,,1,100,,261103,15,,,1,100,,261104,15,,,1,108,,261105,15,,,1,100,,261106,15,,,1,97,,261107,15,,,1,165,,261108,15,,,1,197,,261109,15,,,1,300,,261110,15,,,1
2901,'20261028',741,,261111,12,0,7 43 44 47,1,10,,261112,15,,,1,50,,261113,12,0,7 43 44 47,1,10,,261114,15,,,1,30,,261115,12,0,7 43 44 47,1,10,,261116,15,,,1,55,,261117,12,0,7 43 44 47,1,45,,261118,15,,,1,55,,261119,12,0,7 43 44 47,1,45,,261120,15,,,1,55,,261121,12,0,7 43 44 47,1,45,,261122,15,,,1,100,,261123,15,,,1,100,,261124,15,,,1,100,,261125,15,,,1,100,,261126,15,,,1,108,,261127,15,,,1,100,,261128,15,,,1,97,,261129,15,,,1,165,,261130,15,,,1,197,,261131,15,,,1,300,,261132,15,,,1
2901,'20261029',741,,261133,12,0,7 43 44 47,1,10,,261134,15,,,1,50,,261135,12,0,7 43 44 47,1,10,,261136,15,,,1,30,,261137,12,0,7 43 44 47,1,10,,261138,15,,,1,55,,261139,12,0,7 43 44 47,1,45,,261140,15,,,1,55,,261141,12,0,7 43 44 47,1,45,,261142,15,,,1,55,,261143,12,0,7 43 44 47,1,45,,261144,15,,,1,100,,261145,15,,,1,100,,261146,15,,,1,100,,261147,15,,,1,100,,261148,15,,,1,108,,261149,15,,,1,100,,261150,15,,,1,97,,261151,15,,,1,165,,261152,15,,,1,197,,261153,15,,,1,300,,261154,15,,,1
2901,'20261030',741,,261155,12,0,7 43 44 47,1,10,,261156,15,,,1,50,,261157,12,0,7 43 44 47,1,10,,261158,15,,,1,30,,261159,12,0,7 43 44 47,1,10,,261160,15,,,1,55,,261161,12,0,7 43 44 47,1,45,,261162,15,,,1,55,,261163,12,0,7 43 44 47,1,45,,261164,15,,,1,55,,261165,12,0,7 43 44 47,1,45,,261166,15,,,1,100,,261167,15,,,1,100,,261168,15,,,1,100,,261169,15,,,1,100,,261170,15,,,1,108,,261171,15,,,1,100,,261172,15,,,1,97,,261173,15,,,1,165,,261174,15,,,1,197,,261175,15,,,1,300,,261176,15,,,1
2901,'20261031',924,,261177,15,,,1,100,,261178,15,,,1,105,,261179,15,,,1,100,,261180,15,,,1,100,,261181,15,,,1,104,,261182,15,,,1,100,,261183,15,,,1,100,,261184,15,,,1,100,,261185,15,,,1,100,,261186,15,,,1,100,,261187,15,,,1,97,,261188,15,,,1,100,,261189,15,,,1,100,,261190,15,,,1,95,,261191,15,,,1,198,,261192,15,,,1
2901,'20261101',924,,261193,15,,,1,100,,261194,15,,,1,105,,261195,15,,,1,100,,261196,15,,,1,100,,261197,15,,,1,104,,261198,15,,,1,100,,261199,15,,,1,100,,261200,15,,,1,100,,261201,15,,,1,100,,261202,15,,,1,100,,261203,15,,,1,97,,261204,15,,,1,100,,261205,15,,,1,100,,261206,15,,,1,95,,261207,15,,,1,198,,261208,15,,,1
2901,'20261102',741,,261209,12,0,7 43 44 47,1,10,,261210,15,,,1,50,,261211,12,0,7 43 44 47,1,10,,261212,15,,,1,30,,261213,12,0,7 43 44 47,1,10,,261214,15,,,1,55,,261215,12,0,7 43 44 47,1,45,,261216,15,,,1,55,,261217,12,0,7 43 44 47,1,45,,261218,15,,,1,55,,261219,12,0,7 43 44 47,1,45,,261220,15,,,1,100,,261221,15,,,1,100,,261222,15,,,1,100,,261223,15,,,1,100,,261224,15,,,1,108,,261225,15,,,1,100,,261226,15,,,1,97,,261227,15,,,1,165,,261228,15,,,1,197,,261229,15,,,1,300,,261230,15,,,1
2901,'20261103',741,,261231,12,0,7 43 44 47,1,10,,261232,15,,,1,50,,261233,12,0,7 43 44 47,1,10,,261234,15,,,1,30,,261235,12,0,7 43 44 47,1,10,,261236,15,,,1,55,,261237,12,0,7 43 44 47,1,45,,261238,15,,,1,55,,261239,12,0,7 43 44 47,1,45,,261240,15,,,1,55,,261241,12,0,7 43 44 47,1,45,,261242,15,,,1,100,,261243,15,,,1,100,,261244,15,,,1,100,,261245,15,,,1,100,,261246,15,,,1,108,,261247,15,,,1,100,,261248,15,,,1,97,,261249,15,,,1,165,,261250,15,,,1,197,,261251,15,,,1,300,,261252,15,,,1
2901,'20261104',741,,261253,12,0,7 43 44 47,1,10,,261254,15,,,1,50,,261255,12,0,7 43 44 47,1,10,,261256,15,,,1,30,,261257,12,0,7 43 44 47,1,10,,261258,15,,,1,55,,261259,12,0,7 43 44 47,1,45,,261260,15,,,1,55,,261261,12,0,7 43 44 47,1,45,,261262,15,,,1,55,,261263,12,0,7 43 44 47,1,45,,261264,15,,,1,100,,261265,15,,,1,100,,261266,15,,,1,100,,261267,15,,,1,100,,261268,15,,,1,108,,261269,15,,,1,100,,261270,15,,,1,97,,261271,15,,,1,165,,261272,15,,,1,197,,261273,15,,,1,300,,261274,15,,,1
2901,'20261105',741,,261275,12,0,7 43 44 47,1,10,,261276,15,,,1,50,,261277,12,0,7 43 44 47,1,10,,261278,15,,,1,30,,261279,12,0,7 43 44 47,1,10,,261280,15,,,1,55,,261281,12,0,7 43 44 47,1,45,,261282,15,,,1,55,,261283,12,0,7 43 44 47,1,45,,261284,15,,,1,55,,261285,12,0,7 43 44 47,1,45,,261286,15,,,1,100,,261287,15,,,1,100,,261288,15,,,1,100,,261289,15,,,1,100,,261290,15,,,1,108,,261291,15,,,1,100,,261292,15,,,1,97,,261293,15,,,1,165,,261294,15,,,1,197,,261295,15,,,1,300,,261296,15,,,1
2901,'20261106',741,,261297,12,0,7 43 44 47,1,10,,261298,15,,,1,50,,261299,12,0,7 43 44 47,1,10,,261300,15,,,1,30,,261301,12,0,7 43 44 47,1,10,,261302,15,,,1,55,,261303,12,0,7 43 44 47,1,45,,261304,15,,,1,55,,261305,12,0,7 43 44 47,1,45,,261306,15,,,1,55,,261307,12,0,7 43 44 47,1,45,,261308,15,,,1,100,,261309,15,,,1,100,,261310,15,,,1,100,,261311,15,,,1,100,,261312,15,,,1,108,,261313,15,,,1,100,,261314,15,,,1,97,,261315,15,,,1,165,,261316,15,,,1,197,,261317,15,,,1,300,,261318,15,,,1
2901,'20261107',924,,261319,15,,,1,100,,261320,15,,,1,105,,261321,15,,,1,100,,261322,15,,,1,100,,261323,15,,,1,104,,261324,15,,,1,100,,261325,15,,,1,100,,261326,15,,,1,100,,261327,15,,,1,100,,261328,15,,,1,100,,261329,15,,,1,97,,261330,15,,,1,100,,261331,15,,,1,100,,261332,15,,,1,95,,261333,15,,,1,198,,261334,15,,,1
2901,'20261108',924,,261335,15,,,1,100,,261336,15,,,1,105,,261337,15,,,1,100,,261338,15,,,1,100,,261339,15,,,1,104,,261340,15,,,1,100,,261341,15,,,1,100,,261342,15,,,1,100,,261343,15,,,1,100,,261344,15,,,1,100,,261345,15,,,1,97,,261346,15,,,1,100,,261347,15,,,1,100,,261348,15,,,1,95,,261349,15,,,1,198,,261350,15,,,1
2901,'20261109',741,,261351,12,0,7 43 44 47,1,10,,261352,15,,,1,50,,261353,12,0,7 43 44 47,1,10,,261354,15,,,1,30,,261355,12,0,7 43 44 47,1,10,,261356,15,,,1,55,,261357,12,0,7 43 44 47,1,45,,261358,15,,,1,55,,261359,12,0,7 43 44 47,1,45,,261360,15,,,1,55,,261361,12,0,7 43 44 47,1,45,,261362,15,,,1,100,,261363,15,,,1,100,,261364,15,,,1,100,,261365,15,,,1,100,,261366,15,,,1,108,,261367,15,,,1,100,,261368,15,,,1,97,,261369,15,,,1,165,,261370,15,,,1,197,,261371,15,,,1,300,,261372,15,,,1
2901,'20261110',741,,261373,12,0,7 43 44 47,1,10,,261374,15,,,1,50,,261375,12,0,7 43 44 47,1,10,,261376,15,,,1,30,,261377,12,0,7 43 44 47,1,10,,261378,15,,,1,55,,261379,12,0,7 43 44 47,1,45,,261380,15,,,1,55,,261381,12,0,7 43 44 47,1,45,,261382,15,,,1,55,,261383,12,0,7 43 44 47,1,45,,261384,15,,,1,100,,261385,15,,,1,100,,261386,15,,,1,100,,261387,15,,,1,100,,261388,15,,,1,108,,261389,15,,,1,100,,261390,15,,,1,97,,261391,15,,,1,165,,261392,15,,,1,197,,261393,15,,,1,300,,261394,15,,,1
2901,'20261111',741,,261395,12,0,7 43 44 47,1,10,,261396,15,,,1,50,,261397,12,0,7 43 44 47,1,10,,261398,15,,,1,30,,261399,12,0,7 43 44 47,1,10,,261400,15,,,1,55,,261401,12,0,7 43 44 47,1,45,,261402,15,,,1,55,,261403,12,0,7 43 44 47,1,45,,261404,15,,,1,55,,261405,12,0,7 43 44 47,1,45,,261406,15,,,1,100,,261407,15,,,1,100,,261408,15,,,1,100,,261409,15,,,1,100,,261410,15,,,1,108,,261411,15,,,1,100,,261412,15,,,1,97,,261413,15,,,1,165,,261414,15,,,1,197,,261415,15,,,1,300,,261416,15,,,1
2901,'20261112',741,,261417,12,0,7 43 44 47,1,10,,261418,15,,,1,50,,261419,12,0,7 43 44 47,1,10,,261420,15,,,1,30,,261421,12,0,7 43 44 47,1,10,,261422,15,,,1,55,,261423,12,0,7 43 44 47,1,45,,261424,15,,,1,55,,261425,12,0,7 43 44 47,1,45,,261426,15,,,1,55,,261427,12,0,7 43 44 47,1,45,,261428,15,,,1,100,,261429,15,,,1,100,,261430,15,,,1,100,,261431,15,,,1,100,,261432,15,,,1,108,,261433,15,,,1,100,,261434,15,,,1,97,,261435,15,,,1,165,,261436,15,,,1,197,,261437,15,,,1,300,,261438,15,,,1
2901,'20261113',741,,261439,12,0,7 43 44 47,1,10,,261440,15,,,1,50,,261441,12,0,7 43 44 47,1,10,,261442,15,,,1,30,,261443,12,0,7 43 44 47,1,10,,261444,15,,,1,55,,261445,12,0,7 43 44 47,1,45,,261446,15,,,1,55,,261447,12,0,7 43 44 47,1,45,,261448,15,,,1,55,,261449,12,0,7 43 44 47,1,45,,261450,15,,,1,100,,261451,15,,,1,100,,261452,15,,,1,100,,261453,15,,,1,100,,261454,15,,,1,108,,261455,15,,,1,100,,261456,15,,,1,97,,261457,15,,,1,165,,261458,15,,,1,197,,261459,15,,,1,300,,261460,15,,,1
2901,'20261114',924,,261461,15,,,1,100,,261462,15,,,1,105,,261463,15,,,1,100,,261464,15,,,1,100,,261465,15,,,1,104,,261466,15,,,1,100,,261467,15,,,1,100,,261468,15,,,1,100,,261469,15,,,1,100,,261470,15,,,1,100,,261471,15,,,1,97,,261472,15,,,1,100,,261473,15,,,1,100,,261474,15,,,1,95,,261475,15,,,1,198,,261476,15,,,1
2901,'20261115',924,,261477,15,,,1,100,,261478,15,,,1,105,,261479,15,,,1,100,,261480,15,,,1,100,,261481,15,,,1,104,,261482,15,,,1,100,,261483,15,,,1,100,,261484,15,,,1,100,,261485,15,,,1,100,,261486,15,,,1,100,,261487,15,,,1,97,,261488,15,,,1,100,,261489,15,,,1,100,,261490,15,,,1,95,,261491,15,,,1,198,,261492,15,,,1
2901,'20261116',741,,261493,12,0,7 43 44 47,1,10,,261494,15,,,1,50,,261495,12,0,7 43 44 47,1,10,,261496,15,,,1,30,,261497,12,0,7 43 44 47,1,10,,261498,15,,,1,55,,261499,12,0,7 43 44 47,1,45,,261500,15,,,1,55,,261501,12,0,7 43 44 47,1,45,,261502,15,,,1,55,,261503,12,0,7 43 44 47,1,45,,261504,15,,,1,100,,261505,15,,,1,100,,261506,15,,,1,100,,261507,15,,,1,100,,261508,15,,,1,108,,261509,15,,,1,100,,261510,15,,,1,97,,261511,15,,,1,165,,261512,15,,,1,197,,261513,15,,,1,300,,261514,15,,,1
2901,'20261117',741,,261515,12,0,7 43 44 47,1,10,,261516,15,,,1,50,,261517,12,0,7 43 44 47,1,10,,261518,15,,,1,30,,261519,12,0,7 43 44 47,1,10,,261520,15,,,1,55,,261521,12,0,7 43 44 47,1,45,,261522,15,,,1,55,,261523,12,0,7 43 44 47,1,45,,261524,15,,,1,55,,261525,12,0,7 43 44 47,1,45,,261526,15,,,1,100,,261527,15,,,1,100,,261528,15,,,1,100,,261529,15,,,1,100,,261530,15,,,1,108,,261531,15,,,1,100,,261532,15,,,1,97,,261533,15,,,1,165,,261534,15,,,1,197,,261535,15,,,1,300,,261536,15,,,1
2901,'20261118',741,,261537,12,0,7 43 44 47,1,10,,261538,15,,,1,50,,261539,12,0,7 43 44 47,1,10,,261540,15,,,1,30,,261541,12,0,7 43 44 47,1,10,,261542,15,,,1,55,,261543,12,0,7 43 44 47,1,45,,261544,15,,,1,55,,261545,12,0,7 43 44 47,1,45,,261546,15,,,1,55,,261547,12,0,7 43 44 47,1,45,,261548,15,,,1,100,,261549,15,,,1,100,,261550,15,,,1,100,,261551,15,,,1,100,,261552,15,,,1,108,,261553,15,,,1,100,,261554,15,,,1,97,,261555,15,,,1,165,,261556,15,,,1,197,,261557,15,,,1,300,,261558,15,,,1
2901,'20261119',741,,261559,12,0,7 43 44 47,1,10,,261560,15,,,1,50,,261561,12,0,7 43 44 47,1,10,,261562,15,,,1,30,,261563,12,0,7 43 44 47,1,10,,261564,15,,,1,55,,261565,12,0,7 43 44 47,1,45,,261566,15,,,1,55,,261567,12,0,7 43 44 47,1,45,,261568,15,,,1,55,,261569,12,0,7 43 44 47,1,45,,261570,15,,,1,100,,261571,15,,,1,100,,261572,15,,,1,100,,261573,15,,,1,100,,261574,15,,,1,108,,261575,15,,,1,100,,261576,15,,,1,97,,261577,15,,,1,165,,261578,15,,,1,197,,261579,15,,,1,300,,261580,15,,,1
2901,'20261120',741,,261581,12,0,7 43 44 47,1,10,,261582,15,,,1,50,,261583,12,0,7 43 44 47,1,10,,261584,15,,,1,30,,261585,12,0,7 43 44 47,1,10,,261586,15,,,1,55,,261587,12,0,7 43 44 47,1,45,,261588,15,,,1,55,,261589,12,0,7 43 44 47,1,45,,261590,15,,,1,55,,261591,12,0,7 43 44 47,1,45,,261592,15,,,1,100,,261593,15,,,1,100,,261594,15,,,1,100,,261595,15,,,1,100,,261596,15,,,1,108,,261597,15,,,1,100,,261598,15,,,1,97,,261599,15,,,1,165,,261600,15,,,1,197,,261601,15,,,1,300,,261602,15,,,1
2901,'20261121',924,,261603,15,,,1,100,,261604,15,,,1,105,,261605,15,,,1,100,,261606,15,,,1,100,,261607,15,,,1,104,,261608,15,,,1,100,,261609,15,,,1,100,,261610,15,,,1,100,,261611,15,,,1,100,,261612,15,,,1,100,,261613,15,,,1,97,,261614,15,,,1,100,,261615,15,,,1,100,,261616,15,,,1,95,,261617,15,,,1,198,,261618,15,,,1
2901,'20261122',924,,261619,15,,,1,100,,261620,15,,,1,105,,261621,15,,,1,100,,261622,15,,,1,100,,261623,15,,,1,104,,261624,15,,,1,100,,261625,15,,,1,100,,261626,15,,,1,100,,261627,15,,,1,100,,261628,15,,,1,100,,261629,15,,,1,97,,261630,15,,,1,100,,261631,15,,,1,100,,261632,15,,,1,95,,261633,15,,,1,198,,261634,15,,,1
2901,'20261123',741,,261635,12,0,7 43 44 47,1,10,,261636,15,,,1,50,,261637,12,0,7 43 44 47,1,10,,261638,15,,,1,30,,261639,12,0,7 43 44 47,1,10,,261640,15,,,1,55,,261641,12,0,7 43 44 47,1,45,,261642,15,,,1,55,,261643,12,0,7 43 44 47,1,45,,261644,15,,,1,55,,261645,12,0,7 43 44 47,1,45,,261646,15,,,1,100,,261647,15,,,1,100,,261648,15,,,1,100,,261649,15,,,1,100,,261650,15,,,1,108,,261651,15,,,1,100,,261652,15,,,1,97,,261653,15,,,1,165,,261654,15,,,1,197,,261655,15,,,1,300,,261656,15,,,1
2901,'20261124',741,,261657,12,0,7 43 44 47,1,10,,261658,15,,,1,50,,261659,12,0,7 43 44 47,1,10,,261660,15,,,1,30,,261661,12,0,7 43 44 47,1,10,,261662,15,,,1,55,,261663,12,0,7 43 44 47,1,45,,261664,15,,,1,55,,261665,12,0,7 43 44 47,1,45,,261666,15,,,1,55,,261667,12,0,7 43 44 47,1,45,,261668,15,,,1,100,,261669,15,,,1,100,,261670,15,,,1,100,,261671,15,,,1,100,,261672,15,,,1,108,,261673,15,,,1,100,,261674,15,,,1,97,,261675,15,,,1,165,,261676,15,,,1,197,,261677,15,,,1,300,,261678,15,,,1
2901,'20261125',741,,261679,12,0,7 43 44 47,1,10,,261680,15,,,1,50,,261681,12,0,7 43 44 47,1,10,,261682,15,,,1,30,,261683,12,0,7 43 44 47,1,10,,261684,15,,,1,55,,261685,12,0,7 43 44 47,1,45,,261686,15,,,1,55,,261687,12,0,7 43 44 47,1,45,,261688,15,,,1,55,,261689,12,0,7 43 44 47,1,45,,261690,15,,,1,100,,261691,15,,,1,100,,261692,15,,,1,100,,261693,15,,,1,100,,261694,15,,,1,108,,261695,15,,,1,100,,261696,15,,,1,97,,261697,15,,,1,165,,261698,15,,,1,197,,261699,15,,,1,300,,261700,15,,,1
2901,'20261126',741,,261701,12,0,7 43 44 47,1,10,,261702,15,,,1,50,,261703,12,0,7 43 44 47,1,10,,261704,15,,,1,30,,261705,12,0,7 43 44 47,1,10,,261706,15,,,1,55,,261707,12,0,7 43 44 47,1,45,,261708,15,,,1,55,,261709,12,0,7 43 44 47,1,45,,261710,15,,,1,55,,261711,12,0,7 43 44 47,1,45,,261712,15,,,1,100,,261713,15,,,1,100,,261714,15,,,1,100,,261715,15,,,1,100,,261716,15,,,1,108,,261717,15,,,1,100,,261718,15,,,1,97,,261719,15,,,1,165,,261720,15,,,1,197,,261721,15,,,1,300,,261722,15,,,1
2901,'20261127',741,,261723,12,0,7 43 44 47,1,10,,261724,15,,,1,50,,261725,12,0,7 43 44 47,1,10,,261726,15,,,1,30,,261727,12,0,7 43 44 47,1,10,,261728,15,,,1,55,,261729,12,0,7 43 44 47,1,45,,261730,15,,,1,55,,261731,12,0,7 43 44 47,1,45,,261732,15,,,1,55,,261733,12,0,7 43 44 47,1,45,,261734,15,,,1,100,,261735,15,,,1,100,,261736,15,,,1,100,,261737,15,,,1,100,,261738,15,,,1,108,,261739,15,,,1,100,,261740,15,,,1,97,,261741,15,,,1,165,,261742,15,,,1,197,,261743,15,,,1,300,,261744,15,,,1
4801,'20260921',725,,305431,29,,,1,105,,305432,29,,,1,105,,305433,29,,,1,95,,305434,29,,,1,95,,305435,29,,,1,200,,305436,29,,,1,210,,305437,29,,,1,105,,305438,29,,,1,103,,305439,29,,,1,105,,305440,29,,,1,87,,305441,29,,,1,90,,305442,29,,,1,100,,305443,29,,,1,100,,305444,29,,,1,195,,305445,29,,,1,194,,305446,29,,,1
4801,'20260922',725,,305447,29,,,1,105,,305448,29,,,1,105,,305449,29,,,1,95,,305450,29,,,1,95,,305451,29,,,1,200,,305452,29,,,1,210,,305453,29,,,1,105,,305454,29,,,1,103,,305455,29,,,1,105,,305456,29,,,1,87,,305457,29,,,1,90,,305458,29,,,1,100,,305459,29,,,1,100,,305460,29,,,1,195,,305461,29,,,1,194,,305462,29,,,1
4801,'20260923',725,,305463,29,,,1,105,,305464,29,,,1,105,,305465,29,,,1,95,,305466,29,,,1,95,,305467,29,,,1,200,,305468,29,,,1,210,,305469,29,,,1,105,,305470,29,,,1,103,,305471,29,,,1,105,,305472,29,,,1,87,,305473,29,,,1,90,,305474,29,,,1,100,,305475,29,,,1,100,,305476,29,,,1,195,,305477,29,,,1,194,,305478,29,,,1
4801,'20260924',725,,305479,29,,,1,105,,305480,29,,,1,105,,305481,29,,,1,95,,305482,29,,,1,95,,305483,29,,,1,200,,305484,29,,,1,210,,305485,29,,,1,105,,305486,29,,,1,103,,305487,29,,,1,105,,305488,29,,,1,87,,305489,29,,,1,90,,305490,29,,,1,100,,305491,29,,,1,100,,305492,29,,,1,195,,305493,29,,,1,194,,305494,29,,,1
4801,'20260925',725,,305495,29,,,1,105,,305496,29,,,1,105,,305497,29,,,1,95,,305498,29,,,1,95,,305499,29,,,1,200,,305500,29,,,1,210,,305501,29,,,1,105,,305502,29,,,1,103,,305503,29,,,1,105,,305504,29,,,1,87,,305505,29,,,1,90,,305506,29,,,1,100,,305507,29,,,1,100,,305508,29,,,1,195,,305509,29,,,1,194,,305510,29,,,1
4801,'20260928',725,,305511,29,,,1,105,,305512,29,,,1,105,,305513,29,,,1,95,,305514,29,,,1,95,,305515,29,,,1,200,,305516,29,,,1,210,,305517,29,,,1,105,,305518,29,,,1,103,,305519,29,,,1,105,,305520,29,,,1,87,,305521,29,,,1,90,,305522,29,,,1,100,,305523,29,,,1,100,,305524,29,,,1,195,,305525,29,,,1,194,,305526,29,,,1
4801,'20260929',725,,305527,29,,,1,105,,305528,29,,,1,105,,305529,29,,,1,95,,305530,29,,,1,95,,305531,29,,,1,200,,305532,29,,,1,210,,305533,29,,,1,105,,305534,29,,,1,103,,305535,29,,,1,105,,305536,29,,,1,87,,305537,29,,,1,90,,305538,29,,,1,100,,305539,29,,,1,100,,305540,29,,,1,195,,305541,29,,,1,194,,305542,29,,,1
4801,'20260930',725,,305543,29,,,1,105,,305544,29,,,1,105,,305545,29,,,1,95,,305546,29,,,1,95,,305547,29,,,1,200,,305548,29,,,1,210,,305549,29,,,1,105,,305550,29,,,1,103,,305551,29,,,1,105,,305552,29,,,1,87,,305553,29,,,1,90,,305554,29,,,1,100,,305555,29,,,1,100,,305556,29,,,1,195,,305557,29,,,1,194,,305558,29,,,1
4801,'20261001',725,,305559,29,,,1,105,,305560,29,,,1,105,,305561,29,,,1,95,,305562,29,,,1,95,,305563,29,,,1,200,,305564,29,,,1,210,,305565,29,,,1,105,,305566,29,,,1,103,,305567,29,,,1,105,,305568,29,,,1,87,,305569,29,,,1,90,,305570,29,,,1,100,,305571,29,,,1,100,,305572,29,,,1,195,,305573,29,,,1,194,,305574,29,,,1
4801,'20261002',725,,305575,29,,,1,105,,305576,29,,,1,105,,305577,29,,,1,95,,305578,29,,,1,95,,305579,29,,,1,200,,305580,29,,,1,210,,305581,29,,,1,105,,305582,29,,,1,103,,305583,29,,,1,105,,305584,29,,,1,87,,305585,29,,,1,90,,305586,29,,,1,100,,305587,29,,,1,100,,305588,29,,,1,195,,305589,29,,,1,194,,305590,29,,,1
4801,'20261005',725,,305591,29,,,1,105,,305592,29,,,1,105,,305593,29,,,1,95,,305594,29,,,1,95,,305595,29,,,1,200,,305596,29,,,1,210,,305597,29,,,1,105,,305598,29,,,1,103,,305599,29,,,1,105,,305600,29,,,1,87,,305601,29,,,1,90,,305602,29,,,1,100,,305603,29,,,1,100,,305604,29,,,1,195,,305605,29,,,1,194,,305606,29,,,1
4801,'20261006',725,,305607,29,,,1,105,,305608,29,,,1,105,,305609,29,,,1,95,,305610,29,,,1,95,,305611,29,,,1,200,,305612,29,,,1,210,,305613,29,,,1,105,,305614,29,,,1,103,,305615,29,,,1,105,,305616,29,,,1,87,,305617,29,,,1,90,,305618,29,,,1,100,,305619,29,,,1,100,,305620,29,,,1,195,,305621,29,,,1,194,,305622,29,,,1
4801,'20261007',725,,305623,29,,,1,105,,305624,29,,,1,105,,305625,29,,,1,95,,305626,29,,,1,95,,305627,29,,,1,200,,305628,29,,,1,210,,305629,29,,,1,105,,305630,29,,,1,103,,305631,29,,,1,105,,305632,29,,,1,87,,305633,29,,,1,90,,305634,29,,,1,100,,305635,29,,,1,100,,305636,29,,,1,195,,305637,29,,,1,194,,305638,29,,,1
4801,'20261008',725,,305639,29,,,1,105,,305640,29,,,1,105,,305641,29,,,1,95,,305642,29,,,1,95,,305643,29,,,1,200,,305644,29,,,1,210,,305645,29,,,1,105,,305646,29,,,1,103,,305647,29,,,1,105,,305648,29,,,1,87,,305649,29,,,1,90,,305650,29,,,1,100,,305651,29,,,1,100,,305652,29,,,1,195,,305653,29,,,1,194,,305654,29,,,1
4801,'20261009',725,,305655,29,,,1,105,,305656,29,,,1,105,,305657,29,,,1,95,,305658,29,,,1,95,,305659,29,,,1,200,,305660,29,,,1,210,,305661,29,,,1,105,,305662,29,,,1,103,,305663,29,,,1,105,,305664,29,,,1,87,,305665,29,,,1,90,,305666,29,,,1,100,,305667,29,,,1,100,,305668,29,,,1,195,,305669,29,,,1,194,,305670,29,,,1
4801,'20261013',725,,305671,29,,,1,105,,305672,29,,,1,105,,305673,29,,,1,95,,305674,29,,,1,95,,305675,29,,,1,200,,305676,29,,,1,210,,305677,29,,,1,105,,305678,29,,,1,103,,305679,29,,,1,105,,305680,29,,,1,87,,305681,29,,,1,90,,305682,29,,,1,100,,305683,29,,,1,100,,305684,29,,,1,195,,305685,29,,,1,194,,305686,29,,,1
4801,'20261014',725,,305687,29,,,1,105,,305688,29,,,1,105,,305689,29,,,1,95,,305690,29,,,1,95,,305691,29,,,1,200,,305692,29,,,1,210,,305693,29,,,1,105,,305694,29,,,1,103,,305695,29,,,1,105,,305696,29,,,1,87,,305697,29,,,1,90,,305698,29,,,1,100,,305699,29,,,1,100,,305700,29,,,1,195,,305701,29,,,1,194,,305702,29,,,1
4801,'20261015',725,,305703,29,,,1,105,,305704,29,,,1,105,,305705,29,,,1,95,,305706,29,,,1,95,,305707,29,,,1,200,,305708,29,,,1,210,,305709,29,,,1,105,,305710,29,,,1,103,,305711,29,,,1,105,,305712,29,,,1,87,,305713,29,,,1,90,,305714,29,,,1,100,,305715,29,,,1,100,,305716,29,,,1,195,,305717,29,,,1,194,,305718,29,,,1
4801,'20261016',725,,305719,29,,,1,105,,305720,29,,,1,105,,305721,29,,,1,95,,305722,29,,,1,95,,305723,29,,,1,200,,305724,29,,,1,210,,305725,29,,,1,105,,305726,29,,,1,103,,305727,29,,,1,105,,305728,29,,,1,87,,305729,29,,,1,90,,305730,29,,,1,100,,305731,29,,,1,100,,305732,29,,,1,195,,305733,29,,,1,194,,305734,29,,,1
4801,'20261019',725,,305735,29,,,1,105,,305736,29,,,1,105,,305737,29,,,1,95,,305738,29,,,1,95,,305739,29,,,1,200,,305740,29,,,1,210,,305741,29,,,1,105,,305742,29,,,1,103,,305743,29,,,1,105,,305744,29,,,1,87,,305745,29,,,1,90,,305746,29,,,1,100,,305747,29,,,1,100,,305748,29,,,1,195,,305749,29,,,1,194,,305750,29,,,1
4801,'20261020',725,,305751,29,,,1,105,,305752,29,,,1,105,,305753,29,,,1,95,,305754,29,,,1,95,,305755,29,,,1,200,,305756,29,,,1,210,,305757,29,,,1,105,,305758,29,,,1,103,,305759,29,,,1,105,,305760,29,,,1,87,,305761,29,,,1,90,,305762,29,,,1,100,,305763,29,,,1,100,,305764,29,,,1,195,,305765,29,,,1,194,,305766,29,,,1
4801,'20261021',725,,305767,29,,,1,105,,305768,29,,,1,105,,305769,29,,,1,95,,305770,29,,,1,95,,305771,29,,,1,200,,305772,29,,,1,210,,305773,29,,,1,105,,305774,29,,,1,103,,305775,29,,,1,105,,305776,29,,,1,87,,305777,29,,,1,90,,305778,29,,,1,100,,305779,29,,,1,100,,305780,29,,,1,195,,305781,29,,,1,194,,305782,29,,,1
4801,'20261022',725,,305783,29,,,1,105,,305784,29,,,1,105,,305785,29,,,1,95,,305786,29,,,1,95,,305787,29,,,1,200,,305788,29,,,1,210,,305789,29,,,1,105,,305790,29,,,1,103,,305791,29,,,1,105,,305792,29,,,1,87,,305793,29,,,1,90,,305794,29,,,1,100,,305795,29,,,1,100,,305796,29,,,1,195,,305797,29,,,1,194,,305798,29,,,1
4801,'20261023',725,,305799,29,,,1,105,,305800,29,,,1,105,,305801,29,,,1,95,,305802,29,,,1,95,,305803,29,,,1,200,,305804,29,,,1,210,,305805,29,,,1,105,,305806,29,,,1,103,,305807,29,,,1,105,,305808,29,,,1,87,,305809,29,,,1,90,,305810,29,,,1,100,,305811,29,,,1,100,,305812,29,,,1,195,,305813,29,,,1,194,,305814,29,,,1
4801,'20261026',725,,305815,29,,,1,105,,305816,29,,,1,105,,305817,29,,,1,95,,305818,29,,,1,95,,305819,29,,,1,200,,305820,29,,,1,210,,305821,29,,,1,105,,305822,29,,,1,103,,305823,29,,,1,105,,305824,29,,,1,87,,305825,29,,,1,90,,305826,29,,,1,100,,305827,29,,,1,100,,305828,29,,,1,195,,305829,29,,,1,194,,305830,29,,,1
4801,'20261027',725,,305831,29,,,1,105,,305832,29,,,1,105,,305833,29,,,1,95,,305834,29,,,1,95,,305835,29,,,1,200,,305836,29,,,1,210,,305837,29,,,1,105,,305838,29,,,1,103,,305839,29,,,1,105,,305840,29,,,1,87,,305841,29,,,1,90,,305842,29,,,1,100,,305843,29,,,1,100,,305844,29,,,1,195,,305845,29,,,1,194,,305846,29,,,1
4801,'20261028',725,,305847,29,,,1,105,,305848,29,,,1,105,,305849,29,,,1,95,,305850,29,,,1,95,,305851,29,,,1,200,,305852,29,,,1,210,,305853,29,,,1,105,,305854,29,,,1,103,,305855,29,,,1,105,,305856,29,,,1,87,,305857,29,,,1,90,,305858,29,,,1,100,,305859,29,,,1,100,,305860,29,,,1,195,,305861,29,,,1,194,,305862,29,,,1
4801,'20261029',725,,305863,29,,,1,105,,305864,29,,,1,105,,305865,29,,,1,95,,305866,29,,,1,95,,305867,29,,,1,200,,305868,29,,,1,210,,305869,29,,,1,105,,305870,29,,,1,103,,305871,29,,,1,105,,305872,29,,,1,87,,305873,29,,,1,90,,305874,29,,,1,100,,305875,29,,,1,100,,305876,29,,,1,195,,305877,29,,,1,194,,305878,29,,,1
4801,'20261030',725,,305879,29,,,1,105,,305880,29,,,1,105,,305881,29,,,1,95,,305882,29,,,1,95,,305883,29,,,1,200,,305884,29,,,1,210,,305885,29,,,1,105,,305886,29,,,1,103,,305887,29,,,1,105,,305888,29,,,1,87,,305889,29,,,1,90,,305890,29,,,1,100,,305891,29,,,1,100,,305892,29,,,1,195,,305893,29,,,1,194,,305894,29,,,1
4801,'20261102',725,,305895,29,,,1,105,,305896,29,,,1,105,,305897,29,,,1,95,,305898,29,,,1,95,,305899,29,,,1,200,,305900,29,,,1,210,,305901,29,,,1,105,,305902,29,,,1,103,,305903,29,,,1,105,,305904,29,,,1,87,,305905,29,,,1,90,,305906,29,,,1,100,,305907,29,,,1,100,,305908,29,,,1,195,,305909,29,,,1,194,,305910,29,,,1
4801,'20261103',725,,305911,29,,,1,105,,305912,29,,,1,105,,305913,29,,,1,95,,305914,29,,,1,95,,305915,29,,,1,200,,305916,29,,,1,210,,305917,29,,,1,105,,305918,29,,,1,103,,305919,29,,,1,105,,305920,29,,,1,87,,305921,29,,,1,90,,305922,29,,,1,100,,305923,29,,,1,100,,305924,29,,,1,195,,305925,29,,,1,194,,305926,29,,,1
4801,'20261104',725,,305927,29,,,1,105,,305928,29,,,1,105,,305929,29,,,1,95,,305930,29,,,1,95,,305931,29,,,1,200,,305932,29,,,1,210,,305933,29,,,1,105,,305934,29,,,1,103,,305935,29,,,1,105,,305936,29,,,1,87,,305937,29,,,1,90,,305938,29,,,1,100,,305939,29,,,1,100,,305940,29,,,1,195,,305941,29,,,1,194,,305942,29,,,1
4801,'20261105',725,,305943,29,,,1,105,,305944,29,,,1,105,,305945,29,,,1,95,,305946,29,,,1,95,,305947,29,,,1,200,,305948,29,,,1,210,,305949,29,,,1,105,,305950,29,,,1,103,,305951,29,,,1,105,,305952,29,,,1,87,,305953,29,,,1,90,,305954,29,,,1,100,,305955,29,,,1,100,,305956,29,,,1,195,,305957,29,,,1,194,,305958,29,,,1
4801,'20261106',725,,305959,29,,,1,105,,305960,29,,,1,105,,305961,29,,,1,95,,305962,29,,,1,95,,305963,29,,,1,200,,305964,29,,,1,210,,305965,29,,,1,105,,305966,29,,,1,103,,305967,29,,,1,105,,305968,29,,,1,87,,305969,29,,,1,90,,305970,29,,,1,100,,305971,29,,,1,100,,305972,29,,,1,195,,305973,29,,,1,194,,305974,29,,,1
4801,'20261109',725,,305975,29,,,1,105,,305976,29,,,1,105,,305977,29,,,1,95,,305978,29,,,1,95,,305979,29,,,1,200,,305980,29,,,1,210,,305981,29,,,1,105,,305982,29,,,1,103,,305983,29,,,1,105,,305984,29,,,1,87,,305985,29,,,1,90,,305986,29,,,1,100,,305987,29,,,1,100,,305988,29,,,1,195,,305989,29,,,1,194,,305990,29,,,1
4801,'20261110',725,,305991,29,,,1,105,,305992,29,,,1,105,,305993,29,,,1,95,,305994,29,,,1,95,,305995,29,,,1,200,,305996,29,,,1,210,,305997,29,,,1,105,,305998,29,,,1,103,,305999,29,,,1,105,,306000,29,,,1,87,,306001,29,,,1,90,,306002,29,,,1,100,,306003,29,,,1,100,,306004,29,,,1,195,,306005,29,,,1,194,,306006,29,,,1
4801,'20261111',725,,306007,29,,,1,105,,306008,29,,,1,105,,306009,29,,,1,95,,306010,29,,,1,95,,306011,29,,,1,200,,306012,29,,,1,210,,306013,29,,,1,105,,306014,29,,,1,103,,306015,29,,,1,105,,306016,29,,,1,87,,306017,29,,,1,90,,306018,29,,,1,100,,306019,29,,,1,100,,306020,29,,,1,195,,306021,29,,,1,194,,306022,29,,,1
4801,'20261112',725,,306023,29,,,1,105,,306024,29,,,1,105,,306025,29,,,1,95,,306026,29,,,1,95,,306027,29,,,1,200,,306028,29,,,1,210,,306029,29,,,1,105,,306030,29,,,1,103,,306031,29,,,1,105,,306032,29,,,1,87,,306033,29,,,1,90,,306034,29,,,1,100,,306035,29,,,1,100,,306036,29,,,1,195,,306037,29,,,1,194,,306038,29,,,1
4801,'20261113',725,,306039,29,,,1,105,,306040,29,,,1,105,,306041,29,,,1,95,,306042,29,,,1,95,,306043,29,,,1,200,,306044,29,,,1,210,,306045,29,,,1,105,,306046,29,,,1,103,,306047,29,,,1,105,,306048,29,,,1,87,,306049,29,,,1,90,,306050,29,,,1,100,,306051,29,,,1,100,,306052,29,,,1,195,,306053,29,,,1,194,,306054,29,,,1
4801,'20261116',725,,306055,29,,,1,105,,306056,29,,,1,105,,306057,29,,,1,95,,306058,29,,,1,95,,306059,29,,,1,200,,306060,29,,,1,210,,306061,29,,,1,105,,306062,29,,,1,103,,306063,29,,,1,105,,306064,29,,,1,87,,306065,29,,,1,90,,306066,29,,,1,100,,306067,29,,,1,100,,306068,29,,,1,195,,306069,29,,,1,194,,306070,29,,,1
4801,'20261117',725,,306071,29,,,1,105,,306072,29,,,1,105,,306073,29,,,1,95,,306074,29,,,1,95,,306075,29,,,1,200,,306076,29,,,1,210,,306077,29,,,1,105,,306078,29,,,1,103,,306079,29,,,1,105,,306080,29,,,1,87,,306081,29,,,1,90,,306082,29,,,1,100,,306083,29,,,1,100,,306084,29,,,1,195,,306085,29,,,1,194,,306086,29,,,1
4801,'20261118',725,,306087,29,,,1,105,,306088,29,,,1,105,,306089,29,,,1,95,,306090,29,,,1,95,,306091,29,,,1,200,,306092,29,,,1,210,,306093,29,,,1,105,,306094,29,,,1,103,,306095,29,,,1,105,,306096,29,,,1,87,,306097,29,,,1,90,,306098,29,,,1,100,,306099,29,,,1,100,,306100,29,,,1,195,,306101,29,,,1,194,,306102,29,,,1
4801,'20261119',725,,306103,29,,,1,105,,306104,29,,,1,105,,306105,29,,,1,95,,306106,29,,,1,95,,306107,29,,,1,200,,306108,29,,,1,210,,306109,29,,,1,105,,306110,29,,,1,103,,306111,29,,,1,105,,306112,29,,,1,87,,306113,29,,,1,90,,306114,29,,,1,100,,306115,29,,,1,100,,306116,29,,,1,195,,306117,29,,,1,194,,306118,29,,,1
4801,'20261120',725,,306119,29,,,1,105,,306120,29,,,1,105,,306121,29,,,1,95,,306122,29,,,1,95,,306123,29,,,1,200,,306124,29,,,1,210,,306125,29,,,1,105,,306126,29,,,1,103,,306127,29,,,1,105,,306128,29,,,1,87,,306129,29,,,1,90,,306130,29,,,1,100,,306131,29,,,1,100,,306132,29,,,1,195,,306133,29,,,1,194,,306134,29,,,1
4801,'20261123',725,,306135,29,,,1,105,,306136,29,,,1,105,,306137,29,,,1,95,,306138,29,,,1,95,,306139,29,,,1,200,,306140,29,,,1,210,,306141,29,,,1,105,,306142,29,,,1,103,,306143,29,,,1,105,,306144,29,,,1,87,,306145,29,,,1,90,,306146,29,,,1,100,,306147,29,,,1,100,,306148,29,,,1,195,,306149,29,,,1,194,,306150,29,,,1
4801,'20261124',725,,306151,29,,,1,105,,306152,29,,,1,105,,306153,29,,,1,95,,306154,29,,,1,95,,306155,29,,,1,200,,306156,29,,,1,210,,306157,29,,,1,105,,306158,29,,,1,103,,306159,29,,,1,105,,306160,29,,,1,87,,306161,29,,,1,90,,306162,29,,,1,100,,306163,29,,,1,100,,306164,29,,,1,195,,306165,29,,,1,194,,306166,29,,,1
4801,'20261125',725,,306167,29,,,1,105,,306168,29,,,1,105,,306169,29,,,1,95,,306170,29,,,1,95,,306171,29,,,1,200,,306172,29,,,1,210,,306173,29,,,1,105,,306174,29,,,1,103,,306175,29,,,1,105,,306176,29,,,1,87,,306177,29,,,1,90,,306178,29,,,1,100,,306179,29,,,1,100,,306180,29,,,1,195,,306181,29,,,1,194,,306182,29,,,1
4801,'20261126',725,,306183,29,,,1,105,,306184,29,,,1,105,,306185,29,,,1,95,,306186,29,,,1,95,,306187,29,,,1,200,,306188,29,,,1,210,,306189,29,,,1,105,,306190,29,,,1,103,,306191,29,,,1,105,,306192,29,,,1,87,,306193,29,,,1,90,,306194,29,,,1,100,,306195,29,,,1,100,,306196,29,,,1,195,,306197,29,,,1,194,,306198,29,,,1
4801,'20261127',725,,306199,29,,,1,105,,306200,29,,,1,105,,306201,29,,,1,95,,306202,29,,,1,95,,306203,29,,,1,200,,306204,29,,,1,210,,306205,29,,,1,105,,306206,29,,,1,103,,306207,29,,,1,105,,306208,29,,,1,87,,306209,29,,,1,90,,306210,29,,,1,100,,306211,29,,,1,100,,306212,29,,,1,195,,306213,29,,,1,194,,306214,29,,,1
