3100,'20260831',1533,,165022,20,0,5 18 9,1,100,,165023,20,0,5 18 9,1,73,,165024,20,0,5 18 9,1
3100,'20260901',1533,,165030,20,0,5 18 9,1,100,,165031,20,0,5 18 9,1,73,,165032,20,0,5 18 9,1
3100,'20260902',1533,,165038,20,0,5 18 9,1,100,,165039,20,0,5 18 9,1,73,,165040,20,0,5 18 9,1
3100,'20260903',1533,,165046,20,0,5 18 9,1,100,,165047,20,0,5 18 9,1,73,,165048,20,0,5 18 9,1
3100,'20260904',1533,,165054,20,0,5 18 9,1,100,,165055,20,0,5 18 9,1,73,,165056,20,0,5 18 9,1
3100,'20260908',1533,,266853,20,0,5 18 9,1,100,,266854,20,0,5 18 9,1,73,,266855,20,0,5 18 9,1
3100,'20260909',1533,,266861,20,0,5 18 9,1,100,,266862,20,0,5 18 9,1,73,,266863,20,0,5 18 9,1
3100,'20260910',1533,,266869,20,0,5 18 9,1,100,,266870,20,0,5 18 9,1,73,,266871,20,0,5 18 9,1
3100,'20260911',1533,,266877,20,0,5 18 9,1,100,,266878,20,0,5 18 9,1,73,,266879,20,0,5 18 9,1
3100,'20260912',731,,266889,23,0,71 20 39,1,785,,266890,23,0,71 20 39,1,305,,266891,23,0,71 20 39,1,5,,266892,23,0,71 20 39,1
3100,'20260913',731,,266902,23,0,71 20 39,1,785,,266903,23,0,71 20 39,1,305,,266904,23,0,71 20 39,1,5,,266905,23,0,71 20 39,1
3100,'20260914',1533,,266911,20,0,5 18 9,1,100,,266912,20,0,5 18 9,1,73,,266913,20,0,5 18 9,1
3100,'20260915',1533,,266919,20,0,5 18 9,1,100,,266920,20,0,5 18 9,1,73,,266921,20,0,5 18 9,1
3100,'20260916',1533,,266927,20,0,5 18 9,1,100,,266928,20,0,5 18 9,1,73,,266929,20,0,5 18 9,1
3100,'20260917',1533,,266935,20,0,5 18 9,1,100,,266936,20,0,5 18 9,1,73,,266937,20,0,5 18 9,1
3100,'20260918',1533,,266943,20,0,5 18 9,1,100,,266944,20,0,5 18 9,1,73,,266945,20,0,5 18 9,1
3100,'20260919',731,,266955,23,0,71 20 39,1,785,,266956,23,0,71 20 39,1,305,,266957,23,0,71 20 39,1,5,,266958,23,0,71 20 39,1
3100,'20260920',731,,266968,23,0,71 20 39,1,785,,266969,23,0,71 20 39,1,305,,266970,23,0,71 20 39,1,5,,266971,23,0,71 20 39,1
3100,'20260921',1533,,266977,20,0,5 18 9,1,100,,266978,20,0,5 18 9,1,73,,266979,20,0,5 18 9,1
3100,'20260922',1533,,266985,20,0,5 18 9,1,100,,266986,20,0,5 18 9,1,73,,266987,20,0,5 18 9,1
3100,'20260923',1533,,266993,20,0,5 18 9,1,100,,266994,20,0,5 18 9,1,73,,266995,20,0,5 18 9,1
3100,'20260924',1533,,267001,20,0,5 18 9,1,100,,267002,20,0,5 18 9,1,73,,267003,20,0,5 18 9,1
3100,'20260925',1533,,267009,20,0,5 18 9,1,100,,267010,20,0,5 18 9,1,73,,267011,20,0,5 18 9,1
3100,'20260928',1533,,267035,20,0,5 18 9,1,100,,267036,20,0,5 18 9,1,73,,267037,20,0,5 18 9,1
3100,'20260929',1533,,267043,20,0,5 18 9,1,100,,267044,20,0,5 18 9,1,73,,267045,20,0,5 18 9,1
3100,'20260930',1533,,267051,20,0,5 18 9,1,100,,267052,20,0,5 18 9,1,73,,267053,20,0,5 18 9,1
3100,'20261001',1533,,267059,20,0,5 18 9,1,100,,267060,20,0,5 18 9,1,73,,267061,20,0,5 18 9,1
3100,'20261002',1533,,267067,20,0,5 18 9,1,100,,267068,20,0,5 18 9,1,73,,267069,20,0,5 18 9,1
3100,'20261005',1533,,267093,20,0,5 18 9,1,100,,267094,20,0,5 18 9,1,73,,267095,20,0,5 18 9,1
3100,'20261006',1533,,267101,20,0,5 18 9,1,100,,267102,20,0,5 18 9,1,73,,267103,20,0,5 18 9,1
3100,'20261007',1533,,267109,20,0,5 18 9,1,100,,267110,20,0,5 18 9,1,73,,267111,20,0,5 18 9,1
3100,'20261008',1533,,267117,20,0,5 18 9,1,100,,267118,20,0,5 18 9,1,73,,267119,20,0,5 18 9,1
3100,'20261009',1533,,267125,20,0,5 18 9,1,100,,267126,20,0,5 18 9,1,73,,267127,20,0,5 18 9,1
3100,'20261013',1533,,267160,20,0,5 18 9,1,100,,267161,20,0,5 18 9,1,73,,267162,20,0,5 18 9,1
3100,'20261014',1533,,267168,20,0,5 18 9,1,100,,267169,20,0,5 18 9,1,73,,267170,20,0,5 18 9,1
3100,'20261015',1533,,267176,20,0,5 18 9,1,100,,267177,20,0,5 18 9,1,73,,267178,20,0,5 18 9,1
3100,'20261016',1533,,267184,20,0,5 18 9,1,100,,267185,20,0,5 18 9,1,73,,267186,20,0,5 18 9,1
3100,'20261019',1533,,267210,20,0,5 18 9,1,100,,267211,20,0,5 18 9,1,73,,267212,20,0,5 18 9,1
3100,'20261020',1533,,267218,20,0,5 18 9,1,100,,267219,20,0,5 18 9,1,73,,267220,20,0,5 18 9,1
3100,'20261021',1533,,267226,20,0,5 18 9,1,100,,267227,20,0,5 18 9,1,73,,267228,20,0,5 18 9,1
3100,'20261022',1533,,267234,20,0,5 18 9,1,100,,267235,20,0,5 18 9,1,73,,267236,20,0,5 18 9,1
3100,'20261023',1533,,267242,20,0,5 18 9,1,100,,267243,20,0,5 18 9,1,73,,267244,20,0,5 18 9,1
3100,'20261026',1533,,267268,20,0,5 18 9,1,100,,267269,20,0,5 18 9,1,73,,267270,20,0,5 18 9,1
3100,'20261027',1533,,267276,20,0,5 18 9,1,100,,267277,20,0,5 18 9,1,73,,267278,20,0,5 18 9,1
3100,'20261028',1533,,267284,20,0,5 18 9,1,100,,267285,20,0,5 18 9,1,73,,267286,20,0,5 18 9,1
3100,'20261029',1533,,267292,20,0,5 18 9,1,100,,267293,20,0,5 18 9,1,73,,267294,20,0,5 18 9,1
3100,'20261030',1533,,267300,20,0,5 18 9,1,100,,267301,20,0,5 18 9,1,73,,267302,20,0,5 18 9,1
3100,'20261102',1533,,267326,20,0,5 18 9,1,100,,267327,20,0,5 18 9,1,73,,267328,20,0,5 18 9,1
3100,'20261103',1533,,267334,20,0,5 18 9,1,100,,267335,20,0,5 18 9,1,73,,267336,20,0,5 18 9,1
3100,'20261104',1533,,267342,20,0,5 18 9,1,100,,267343,20,0,5 18 9,1,73,,267344,20,0,5 18 9,1
3100,'20261105',1533,,267350,20,0,5 18 9,1,100,,267351,20,0,5 18 9,1,73,,267352,20,0,5 18 9,1
3100,'20261106',1533,,267358,20,0,5 18 9,1,100,,267359,20,0,5 18 9,1,73,,267360,20,0,5 18 9,1
3100,'20261109',1533,,267384,20,0,5 18 9,1,100,,267385,20,0,5 18 9,1,73,,267386,20,0,5 18 9,1
3100,'20261110',1533,,267392,20,0,5 18 9,1,100,,267393,20,0,5 18 9,1,73,,267394,20,0,5 18 9,1
3100,'20261111',1533,,267400,20,0,5 18 9,1,100,,267401,20,0,5 18 9,1,73,,267402,20,0,5 18 9,1
3100,'20261112',1533,,267408,20,0,5 18 9,1,100,,267409,20,0,5 18 9,1,73,,267410,20,0,5 18 9,1
3100,'20261113',1533,,267416,20,0,5 18 9,1,100,,267417,20,0,5 18 9,1,73,,267418,20,0,5 18 9,1
3100,'20261116',1533,,267442,20,0,5 18 9,1,100,,267443,20,0,5 18 9,1,73,,267444,20,0,5 18 9,1
3100,'20261117',1533,,267450,20,0,5 18 9,1,100,,267451,20,0,5 18 9,1,73,,267452,20,0,5 18 9,1
3100,'20261118',1533,,267458,20,0,5 18 9,1,100,,267459,20,0,5 18 9,1,73,,267460,20,0,5 18 9,1
3100,'20261119',1533,,267466,20,0,5 18 9,1,100,,267467,20,0,5 18 9,1,73,,267468,20,0,5 18 9,1
3100,'20261120',1533,,267474,20,0,5 18 9,1,100,,267475,20,0,5 18 9,1,73,,267476,20,0,5 18 9,1
3100,'20261123',1533,,267500,20,0,5 18 9,1,100,,267501,20,0,5 18 9,1,73,,267502,20,0,5 18 9,1
3100,'20261124',1533,,267508,20,0,5 18 9,1,100,,267509,20,0,5 18 9,1,73,,267510,20,0,5 18 9,1
3100,'20261125',1533,,267516,20,0,5 18 9,1,100,,267517,20,0,5 18 9,1,73,,267518,20,0,5 18 9,1
3100,'20261126',1533,,267524,20,0,5 18 9,1,100,,267525,20,0,5 18 9,1,73,,267526,20,0,5 18 9,1
3100,'20261127',1533,,267532,20,0,5 18 9,1,100,,267533,20,0,5 18 9,1,73,,267534,20,0,5 18 9,1
3300,'20260831',624,,170407,20,,,1,185,,170411,20,,,1,146,,170414,20,0,57 14 15 9,1,200,,170417,20,0,57 14 15 9,1,200,,170420,20,0,57 14 15 9,1,95,,170422,20,0,57 14 15 9,1,290,,170427,20,,,1,116,,170428,20,0,57 14 15 9,1,200,,170432,20,0,57 14 15 9,1
3300,'20260901',624,,170442,20,,,1,185,,170446,20,,,1,146,,170449,20,0,57 14 15 9,1,200,,170452,20,0,57 14 15 9,1,200,,170455,20,0,57 14 15 9,1,95,,170457,20,0,57 14 15 9,1,290,,170462,20,,,1,116,,170463,20,0,57 14 15 9,1,200,,170467,20,0,57 14 15 9,1
3300,'20260902',624,,170477,20,,,1,185,,170481,20,,,1,146,,170484,20,0,57 14 15 9,1,200,,170487,20,0,57 14 15 9,1,200,,170490,20,0,57 14 15 9,1,95,,170492,20,0,57 14 15 9,1,290,,170497,20,,,1,116,,170498,20,0,57 14 15 9,1,200,,170502,20,0,57 14 15 9,1
3300,'20260903',624,,170512,20,,,1,185,,170516,20,,,1,146,,170519,20,0,57 14 15 9,1,200,,170522,20,0,57 14 15 9,1,200,,170525,20,0,57 14 15 9,1,95,,170527,20,0,57 14 15 9,1,290,,170532,20,,,1,116,,170533,20,0,57 14 15 9,1,200,,170537,20,0,57 14 15 9,1
3300,'20260904',624,,170547,20,,,1,185,,170551,20,,,1,146,,170554,20,0,57 14 15 9,1,200,,170557,20,0,57 14 15 9,1,200,,170560,20,0,57 14 15 9,1,95,,170562,20,0,57 14 15 9,1,290,,170567,20,,,1,116,,170568,20,0,57 14 15 9,1,200,,170572,20,0,57 14 15 9,1
3300,'20260905',701,,270763,20,,,1,155,,270764,20,,,1,97,,270765,20,0,57 14 15 9,1,100,,270766,20,,,1,200,,270767,20,,,1,200,,270768,20,,,1,200,,270769,20,,,1,205,,270771,20,,,1,200,,270772,20,,,1
3300,'20260906',701,,270774,20,,,1,155,,270775,20,,,1,97,,270776,20,0,57 14 15 9,1,100,,270777,20,,,1,200,,270778,20,,,1,200,,270779,20,,,1,200,,270780,20,,,1,205,,270782,20,,,1,200,,270783,20,,,1
3300,'20260907',701,,270785,20,,,1,155,,270786,20,,,1,97,,270787,20,0,57 14 15 9,1,100,,270788,20,,,1,200,,270789,20,,,1,200,,270790,20,,,1,200,,270791,20,,,1,205,,270793,20,,,1,200,,270794,20,,,1
3300,'20260908',624,,270803,20,,,1,185,,270807,20,,,1,146,,270810,20,0,57 14 15 9,1,200,,270813,20,0,57 14 15 9,1,200,,270816,20,0,57 14 15 9,1,95,,270818,20,0,57 14 15 9,1,290,,270823,20,,,1,80,,270824,20,,,1,36,,270825,20,0,57 14 15 9,1,100,,270827,20,0,57 14 15 9,1,100,,270829,20,0,57 14 15 9,1
3300,'20260909',624,,270839,20,,,1,185,,270843,20,,,1,146,,270846,20,0,57 14 15 9,1,200,,270849,20,0,57 14 15 9,1,200,,270852,20,0,57 14 15 9,1,95,,270854,20,0,57 14 15 9,1,290,,270859,20,,,1,80,,270860,20,,,1,36,,270861,20,0,57 14 15 9,1,100,,270863,20,0,57 14 15 9,1,100,,270865,20,0,57 14 15 9,1
3300,'20260910',624,,270875,20,,,1,185,,270879,20,,,1,146,,270882,20,0,57 14 15 9,1,200,,270885,20,0,57 14 15 9,1,200,,270888,20,0,57 14 15 9,1,95,,270890,20,0,57 14 15 9,1,290,,270895,20,,,1,80,,270896,20,,,1,36,,270897,20,0,57 14 15 9,1,100,,270899,20,0,57 14 15 9,1,100,,270901,20,0,57 14 15 9,1
3300,'20260911',624,,270911,20,,,1,185,,270915,20,,,1,146,,270918,20,0,57 14 15 9,1,200,,270921,20,0,57 14 15 9,1,200,,270924,20,0,57 14 15 9,1,95,,270926,20,0,57 14 15 9,1,290,,270931,20,,,1,80,,270932,20,,,1,36,,270933,20,0,57 14 15 9,1,100,,270935,20,0,57 14 15 9,1,100,,270937,20,0,57 14 15 9,1
3300,'20260912',701,,270940,20,,,1,155,,270941,20,,,1,97,,270942,20,0,57 14 15 9,1,100,,270943,20,,,1,200,,270944,20,,,1,200,,270945,20,,,1,200,,270946,20,,,1,205,,270948,20,,,1,200,,270949,20,,,1
3300,'20260913',701,,270951,20,,,1,155,,270952,20,,,1,97,,270953,20,0,57 14 15 9,1,100,,270954,20,,,1,200,,270955,20,,,1,200,,270956,20,,,1,200,,270957,20,,,1,205,,270959,20,,,1,200,,270960,20,,,1
3300,'20260914',624,,270969,20,,,1,185,,270973,20,,,1,146,,270976,20,0,57 14 15 9,1,200,,270979,20,0,57 14 15 9,1,200,,270982,20,0,57 14 15 9,1,95,,270984,20,0,57 14 15 9,1,290,,270989,20,,,1,80,,270990,20,,,1,36,,270991,20,0,57 14 15 9,1,100,,270993,20,0,57 14 15 9,1,100,,270995,20,0,57 14 15 9,1
3300,'20260915',624,,271005,20,,,1,185,,271009,20,,,1,146,,271012,20,0,57 14 15 9,1,200,,271015,20,0,57 14 15 9,1,200,,271018,20,0,57 14 15 9,1,95,,271020,20,0,57 14 15 9,1,290,,271025,20,,,1,80,,271026,20,,,1,36,,271027,20,0,57 14 15 9,1,100,,271029,20,0,57 14 15 9,1,100,,271031,20,0,57 14 15 9,1
3300,'20260916',624,,271041,20,,,1,185,,271045,20,,,1,146,,271048,20,0,57 14 15 9,1,200,,271051,20,0,57 14 15 9,1,200,,271054,20,0,57 14 15 9,1,95,,271056,20,0,57 14 15 9,1,290,,271061,20,,,1,80,,271062,20,,,1,36,,271063,20,0,57 14 15 9,1,100,,271065,20,0,57 14 15 9,1,100,,271067,20,0,57 14 15 9,1
3300,'20260917',624,,271077,20,,,1,185,,271081,20,,,1,146,,271084,20,0,57 14 15 9,1,200,,271087,20,0,57 14 15 9,1,200,,271090,20,0,57 14 15 9,1,95,,271092,20,0,57 14 15 9,1,290,,271097,20,,,1,80,,271098,20,,,1,36,,271099,20,0,57 14 15 9,1,100,,271101,20,0,57 14 15 9,1,100,,271103,20,0,57 14 15 9,1
3300,'20260918',624,,271113,20,,,1,185,,271117,20,,,1,146,,271120,20,0,57 14 15 9,1,200,,271123,20,0,57 14 15 9,1,200,,271126,20,0,57 14 15 9,1,95,,271128,20,0,57 14 15 9,1,290,,271133,20,,,1,80,,271134,20,,,1,36,,271135,20,0,57 14 15 9,1,100,,271137,20,0,57 14 15 9,1,100,,271139,20,0,57 14 15 9,1
3300,'20260919',701,,271142,20,,,1,155,,271143,20,,,1,97,,271144,20,0,57 14 15 9,1,100,,271145,20,,,1,200,,271146,20,,,1,200,,271147,20,,,1,200,,271148,20,,,1,205,,271150,20,,,1,200,,271151,20,,,1
3300,'20260920',701,,271153,20,,,1,155,,271154,20,,,1,97,,271155,20,0,57 14 15 9,1,100,,271156,20,,,1,200,,271157,20,,,1,200,,271158,20,,,1,200,,271159,20,,,1,205,,271161,20,,,1,200,,271162,20,,,1
3300,'20260921',624,,271171,20,,,1,185,,271175,20,,,1,146,,271178,20,0,57 14 15 9,1,200,,271181,20,0,57 14 15 9,1,200,,271184,20,0,57 14 15 9,1,95,,271186,20,0,57 14 15 9,1,290,,271191,20,,,1,80,,271192,20,,,1,36,,271193,20,0,57 14 15 9,1,100,,271195,20,0,57 14 15 9,1,100,,271197,20,0,57 14 15 9,1
3300,'20260922',624,,271207,20,,,1,185,,271211,20,,,1,146,,271214,20,0,57 14 15 9,1,200,,271217,20,0,57 14 15 9,1,200,,271220,20,0,57 14 15 9,1,95,,271222,20,0,57 14 15 9,1,290,,271227,20,,,1,80,,271228,20,,,1,36,,271229,20,0,57 14 15 9,1,100,,271231,20,0,57 14 15 9,1,100,,271233,20,0,57 14 15 9,1
3300,'20260923',624,,271243,20,,,1,185,,271247,20,,,1,146,,271250,20,0,57 14 15 9,1,200,,271253,20,0,57 14 15 9,1,200,,271256,20,0,57 14 15 9,1,95,,271258,20,0,57 14 15 9,1,290,,271263,20,,,1,80,,271264,20,,,1,36,,271265,20,0,57 14 15 9,1,100,,271267,20,0,57 14 15 9,1,100,,271269,20,0,57 14 15 9,1
3300,'20260924',624,,271279,20,,,1,185,,271283,20,,,1,146,,271286,20,0,57 14 15 9,1,200,,271289,20,0,57 14 15 9,1,200,,271292,20,0,57 14 15 9,1,95,,271294,20,0,57 14 15 9,1,290,,271299,20,,,1,80,,271300,20,,,1,36,,271301,20,0,57 14 15 9,1,100,,271303,20,0,57 14 15 9,1,100,,271305,20,0,57 14 15 9,1
3300,'20260925',624,,271315,20,,,1,185,,271319,20,,,1,146,,271322,20,0,57 14 15 9,1,200,,271325,20,0,57 14 15 9,1,200,,271328,20,0,57 14 15 9,1,95,,271330,20,0,57 14 15 9,1,290,,271335,20,,,1,80,,271336,20,,,1,36,,271337,20,0,57 14 15 9,1,100,,271339,20,0,57 14 15 9,1,100,,271341,20,0,57 14 15 9,1
3300,'20260926',701,,271344,20,,,1,155,,271345,20,,,1,97,,271346,20,0,57 14 15 9,1,100,,271347,20,,,1,200,,271348,20,,,1,200,,271349,20,,,1,200,,271350,20,,,1,205,,271352,20,,,1,200,,271353,20,,,1
3300,'20260927',701,,271355,20,,,1,155,,271356,20,,,1,97,,271357,20,0,57 14 15 9,1,100,,271358,20,,,1,200,,271359,20,,,1,200,,271360,20,,,1,200,,271361,20,,,1,205,,271363,20,,,1,200,,271364,20,,,1
3300,'20260928',624,,271373,20,,,1,185,,271377,20,,,1,146,,271380,20,0,57 14 15 9,1,200,,271383,20,0,57 14 15 9,1,200,,271386,20,0,57 14 15 9,1,95,,271388,20,0,57 14 15 9,1,290,,271393,20,,,1,80,,271394,20,,,1,36,,271395,20,0,57 14 15 9,1,100,,271397,20,0,57 14 15 9,1,100,,271399,20,0,57 14 15 9,1
3300,'20260929',624,,271409,20,,,1,185,,271413,20,,,1,146,,271416,20,0,57 14 15 9,1,200,,271419,20,0,57 14 15 9,1,200,,271422,20,0,57 14 15 9,1,95,,271424,20,0,57 14 15 9,1,290,,271429,20,,,1,80,,271430,20,,,1,36,,271431,20,0,57 14 15 9,1,100,,271433,20,0,57 14 15 9,1,100,,271435,20,0,57 14 15 9,1
3300,'20260930',624,,271445,20,,,1,185,,271449,20,,,1,146,,271452,20,0,57 14 15 9,1,200,,271455,20,0,57 14 15 9,1,200,,271458,20,0,57 14 15 9,1,95,,271460,20,0,57 14 15 9,1,290,,271465,20,,,1,80,,271466,20,,,1,36,,271467,20,0,57 14 15 9,1,100,,271469,20,0,57 14 15 9,1,100,,271471,20,0,57 14 15 9,1
3300,'20261001',624,,271481,20,,,1,185,,271485,20,,,1,146,,271488,20,0,57 14 15 9,1,200,,271491,20,0,57 14 15 9,1,200,,271494,20,0,57 14 15 9,1,95,,271496,20,0,57 14 15 9,1,290,,271501,20,,,1,80,,271502,20,,,1,36,,271503,20,0,57 14 15 9,1,100,,271505,20,0,57 14 15 9,1,100,,271507,20,0,57 14 15 9,1
3300,'20261002',624,,271517,20,,,1,185,,271521,20,,,1,146,,271524,20,0,57 14 15 9,1,200,,271527,20,0,57 14 15 9,1,200,,271530,20,0,57 14 15 9,1,95,,271532,20,0,57 14 15 9,1,290,,271537,20,,,1,80,,271538,20,,,1,36,,271539,20,0,57 14 15 9,1,100,,271541,20,0,57 14 15 9,1,100,,271543,20,0,57 14 15 9,1
3300,'20261003',701,,271546,20,,,1,155,,271547,20,,,1,97,,271548,20,0,57 14 15 9,1,100,,271549,20,,,1,200,,271550,20,,,1,200,,271551,20,,,1,200,,271552,20,,,1,205,,271554,20,,,1,200,,271555,20,,,1
3300,'20261004',701,,271557,20,,,1,155,,271558,20,,,1,97,,271559,20,0,57 14 15 9,1,100,,271560,20,,,1,200,,271561,20,,,1,200,,271562,20,,,1,200,,271563,20,,,1,205,,271565,20,,,1,200,,271566,20,,,1
3300,'20261005',624,,271575,20,,,1,185,,271579,20,,,1,146,,271582,20,0,57 14 15 9,1,200,,271585,20,0,57 14 15 9,1,200,,271588,20,0,57 14 15 9,1,95,,271590,20,0,57 14 15 9,1,290,,271595,20,,,1,80,,271596,20,,,1,36,,271597,20,0,57 14 15 9,1,100,,271599,20,0,57 14 15 9,1,100,,271601,20,0,57 14 15 9,1
3300,'20261006',624,,271611,20,,,1,185,,271615,20,,,1,146,,271618,20,0,57 14 15 9,1,200,,271621,20,0,57 14 15 9,1,200,,271624,20,0,57 14 15 9,1,95,,271626,20,0,57 14 15 9,1,290,,271631,20,,,1,80,,271632,20,,,1,36,,271633,20,0,57 14 15 9,1,100,,271635,20,0,57 14 15 9,1,100,,271637,20,0,57 14 15 9,1
3300,'20261007',624,,271647,20,,,1,185,,271651,20,,,1,146,,271654,20,0,57 14 15 9,1,200,,271657,20,0,57 14 15 9,1,200,,271660,20,0,57 14 15 9,1,95,,271662,20,0,57 14 15 9,1,290,,271667,20,,,1,80,,271668,20,,,1,36,,271669,20,0,57 14 15 9,1,100,,271671,20,0,57 14 15 9,1,100,,271673,20,0,57 14 15 9,1
3300,'20261008',624,,271683,20,,,1,185,,271687,20,,,1,146,,271690,20,0,57 14 15 9,1,200,,271693,20,0,57 14 15 9,1,200,,271696,20,0,57 14 15 9,1,95,,271698,20,0,57 14 15 9,1,290,,271703,20,,,1,80,,271704,20,,,1,36,,271705,20,0,57 14 15 9,1,100,,271707,20,0,57 14 15 9,1,100,,271709,20,0,57 14 15 9,1
3300,'20261009',624,,271719,20,,,1,185,,271723,20,,,1,146,,271726,20,0,57 14 15 9,1,200,,271729,20,0,57 14 15 9,1,200,,271732,20,0,57 14 15 9,1,95,,271734,20,0,57 14 15 9,1,290,,271739,20,,,1,80,,271740,20,,,1,36,,271741,20,0,57 14 15 9,1,100,,271743,20,0,57 14 15 9,1,100,,271745,20,0,57 14 15 9,1
3300,'20261010',701,,271748,20,,,1,155,,271749,20,,,1,97,,271750,20,0,57 14 15 9,1,100,,271751,20,,,1,200,,271752,20,,,1,200,,271753,20,,,1,200,,271754,20,,,1,205,,271756,20,,,1,200,,271757,20,,,1
3300,'20261011',701,,271759,20,,,1,155,,271760,20,,,1,97,,271761,20,0,57 14 15 9,1,100,,271762,20,,,1,200,,271763,20,,,1,200,,271764,20,,,1,200,,271765,20,,,1,205,,271767,20,,,1,200,,271768,20,,,1
3300,'20261012',701,,271770,20,,,1,155,,271771,20,,,1,97,,271772,20,0,57 14 15 9,1,100,,271773,20,,,1,200,,271774,20,,,1,200,,271775,20,,,1,200,,271776,20,,,1,205,,271778,20,,,1,200,,271779,20,,,1
3300,'20261013',624,,271788,20,,,1,185,,271792,20,,,1,146,,271795,20,0,57 14 15 9,1,200,,271798,20,0,57 14 15 9,1,200,,271801,20,0,57 14 15 9,1,95,,271803,20,0,57 14 15 9,1,290,,271808,20,,,1,80,,271809,20,,,1,36,,271810,20,0,57 14 15 9,1,100,,271812,20,0,57 14 15 9,1,100,,271814,20,0,57 14 15 9,1
3300,'20261014',624,,271824,20,,,1,185,,271828,20,,,1,146,,271831,20,0,57 14 15 9,1,200,,271834,20,0,57 14 15 9,1,200,,271837,20,0,57 14 15 9,1,95,,271839,20,0,57 14 15 9,1,290,,271844,20,,,1,80,,271845,20,,,1,36,,271846,20,0,57 14 15 9,1,100,,271848,20,0,57 14 15 9,1,100,,271850,20,0,57 14 15 9,1
3300,'20261015',624,,271860,20,,,1,185,,271864,20,,,1,146,,271867,20,0,57 14 15 9,1,200,,271870,20,0,57 14 15 9,1,200,,271873,20,0,57 14 15 9,1,95,,271875,20,0,57 14 15 9,1,290,,271880,20,,,1,80,,271881,20,,,1,36,,271882,20,0,57 14 15 9,1,100,,271884,20,0,57 14 15 9,1,100,,271886,20,0,57 14 15 9,1
3300,'20261016',624,,271896,20,,,1,185,,271900,20,,,1,146,,271903,20,0,57 14 15 9,1,200,,271906,20,0,57 14 15 9,1,200,,271909,20,0,57 14 15 9,1,95,,271911,20,0,57 14 15 9,1,290,,271916,20,,,1,80,,271917,20,,,1,36,,271918,20,0,57 14 15 9,1,100,,271920,20,0,57 14 15 9,1,100,,271922,20,0,57 14 15 9,1
3300,'20261017',701,,271925,20,,,1,155,,271926,20,,,1,97,,271927,20,0,57 14 15 9,1,100,,271928,20,,,1,200,,271929,20,,,1,200,,271930,20,,,1,200,,271931,20,,,1,205,,271933,20,,,1,200,,271934,20,,,1
3300,'20261018',701,,271936,20,,,1,155,,271937,20,,,1,97,,271938,20,0,57 14 15 9,1,100,,271939,20,,,1,200,,271940,20,,,1,200,,271941,20,,,1,200,,271942,20,,,1,205,,271944,20,,,1,200,,271945,20,,,1
3300,'20261019',624,,271954,20,,,1,185,,271958,20,,,1,146,,271961,20,0,57 14 15 9,1,200,,271964,20,0,57 14 15 9,1,200,,271967,20,0,57 14 15 9,1,95,,271969,20,0,57 14 15 9,1,290,,271974,20,,,1,80,,271975,20,,,1,36,,271976,20,0,57 14 15 9,1,100,,271978,20,0,57 14 15 9,1,100,,271980,20,0,57 14 15 9,1
3300,'20261020',624,,271990,20,,,1,185,,271994,20,,,1,146,,271997,20,0,57 14 15 9,1,200,,272000,20,0,57 14 15 9,1,200,,272003,20,0,57 14 15 9,1,95,,272005,20,0,57 14 15 9,1,290,,272010,20,,,1,80,,272011,20,,,1,36,,272012,20,0,57 14 15 9,1,100,,272014,20,0,57 14 15 9,1,100,,272016,20,0,57 14 15 9,1
3300,'20261021',624,,272026,20,,,1,185,,272030,20,,,1,146,,272033,20,0,57 14 15 9,1,200,,272036,20,0,57 14 15 9,1,200,,272039,20,0,57 14 15 9,1,95,,272041,20,0,57 14 15 9,1,290,,272046,20,,,1,80,,272047,20,,,1,36,,272048,20,0,57 14 15 9,1,100,,272050,20,0,57 14 15 9,1,100,,272052,20,0,57 14 15 9,1
3300,'20261022',624,,272062,20,,,1,185,,272066,20,,,1,146,,272069,20,0,57 14 15 9,1,200,,272072,20,0,57 14 15 9,1,200,,272075,20,0,57 14 15 9,1,95,,272077,20,0,57 14 15 9,1,290,,272082,20,,,1,80,,272083,20,,,1,36,,272084,20,0,57 14 15 9,1,100,,272086,20,0,57 14 15 9,1,100,,272088,20,0,57 14 15 9,1
3300,'20261023',624,,272098,20,,,1,185,,272102,20,,,1,146,,272105,20,0,57 14 15 9,1,200,,272108,20,0,57 14 15 9,1,200,,272111,20,0,57 14 15 9,1,95,,272113,20,0,57 14 15 9,1,290,,272118,20,,,1,80,,272119,20,,,1,36,,272120,20,0,57 14 15 9,1,100,,272122,20,0,57 14 15 9,1,100,,272124,20,0,57 14 15 9,1
3300,'20261024',701,,272127,20,,,1,155,,272128,20,,,1,97,,272129,20,0,57 14 15 9,1,100,,272130,20,,,1,200,,272131,20,,,1,200,,272132,20,,,1,200,,272133,20,,,1,205,,272135,20,,,1,200,,272136,20,,,1
3300,'20261025',701,,272138,20,,,1,155,,272139,20,,,1,97,,272140,20,0,57 14 15 9,1,100,,272141,20,,,1,200,,272142,20,,,1,200,,272143,20,,,1,200,,272144,20,,,1,205,,272146,20,,,1,200,,272147,20,,,1
3300,'20261026',624,,272156,20,,,1,185,,272160,20,,,1,146,,272163,20,0,57 14 15 9,1,200,,272166,20,0,57 14 15 9,1,200,,272169,20,0,57 14 15 9,1,95,,272171,20,0,57 14 15 9,1,290,,272176,20,,,1,80,,272177,20,,,1,36,,272178,20,0,57 14 15 9,1,100,,272180,20,0,57 14 15 9,1,100,,272182,20,0,57 14 15 9,1
3300,'20261027',624,,272192,20,,,1,185,,272196,20,,,1,146,,272199,20,0,57 14 15 9,1,200,,272202,20,0,57 14 15 9,1,200,,272205,20,0,57 14 15 9,1,95,,272207,20,0,57 14 15 9,1,290,,272212,20,,,1,80,,272213,20,,,1,36,,272214,20,0,57 14 15 9,1,100,,272216,20,0,57 14 15 9,1,100,,272218,20,0,57 14 15 9,1
3300,'20261028',624,,272228,20,,,1,185,,272232,20,,,1,146,,272235,20,0,57 14 15 9,1,200,,272238,20,0,57 14 15 9,1,200,,272241,20,0,57 14 15 9,1,95,,272243,20,0,57 14 15 9,1,290,,272248,20,,,1,80,,272249,20,,,1,36,,272250,20,0,57 14 15 9,1,100,,272252,20,0,57 14 15 9,1,100,,272254,20,0,57 14 15 9,1
3300,'20261029',624,,272264,20,,,1,185,,272268,20,,,1,146,,272271,20,0,57 14 15 9,1,200,,272274,20,0,57 14 15 9,1,200,,272277,20,0,57 14 15 9,1,95,,272279,20,0,57 14 15 9,1,290,,272284,20,,,1,80,,272285,20,,,1,36,,272286,20,0,57 14 15 9,1,100,,272288,20,0,57 14 15 9,1,100,,272290,20,0,57 14 15 9,1
3300,'20261030',624,,272300,20,,,1,185,,272304,20,,,1,146,,272307,20,0,57 14 15 9,1,200,,272310,20,0,57 14 15 9,1,200,,272313,20,0,57 14 15 9,1,95,,272315,20,0,57 14 15 9,1,290,,272320,20,,,1,80,,272321,20,,,1,36,,272322,20,0,57 14 15 9,1,100,,272324,20,0,57 14 15 9,1,100,,272326,20,0,57 14 15 9,1
3300,'20261031',701,,272329,20,,,1,155,,272330,20,,,1,97,,272331,20,0,57 14 15 9,1,100,,272332,20,,,1,200,,272333,20,,,1,200,,272334,20,,,1,200,,272335,20,,,1,205,,272337,20,,,1,200,,272338,20,,,1
3300,'20261101',701,,272340,20,,,1,155,,272341,20,,,1,97,,272342,20,0,57 14 15 9,1,100,,272343,20,,,1,200,,272344,20,,,1,200,,272345,20,,,1,200,,272346,20,,,1,205,,272348,20,,,1,200,,272349,20,,,1
3300,'20261102',624,,272358,20,,,1,185,,272362,20,,,1,146,,272365,20,0,57 14 15 9,1,200,,272368,20,0,57 14 15 9,1,200,,272371,20,0,57 14 15 9,1,95,,272373,20,0,57 14 15 9,1,290,,272378,20,,,1,80,,272379,20,,,1,36,,272380,20,0,57 14 15 9,1,100,,272382,20,0,57 14 15 9,1,100,,272384,20,0,57 14 15 9,1
3300,'20261103',624,,272394,20,,,1,185,,272398,20,,,1,146,,272401,20,0,57 14 15 9,1,200,,272404,20,0,57 14 15 9,1,200,,272407,20,0,57 14 15 9,1,95,,272409,20,0,57 14 15 9,1,290,,272414,20,,,1,80,,272415,20,,,1,36,,272416,20,0,57 14 15 9,1,100,,272418,20,0,57 14 15 9,1,100,,272420,20,0,57 14 15 9,1
3300,'20261104',624,,272430,20,,,1,185,,272434,20,,,1,146,,272437,20,0,57 14 15 9,1,200,,272440,20,0,57 14 15 9,1,200,,272443,20,0,57 14 15 9,1,95,,272445,20,0,57 14 15 9,1,290,,272450,20,,,1,80,,272451,20,,,1,36,,272452,20,0,57 14 15 9,1,100,,272454,20,0,57 14 15 9,1,100,,272456,20,0,57 14 15 9,1
3300,'20261105',624,,272466,20,,,1,185,,272470,20,,,1,146,,272473,20,0,57 14 15 9,1,200,,272476,20,0,57 14 15 9,1,200,,272479,20,0,57 14 15 9,1,95,,272481,20,0,57 14 15 9,1,290,,272486,20,,,1,80,,272487,20,,,1,36,,272488,20,0,57 14 15 9,1,100,,272490,20,0,57 14 15 9,1,100,,272492,20,0,57 14 15 9,1
3300,'20261106',624,,272502,20,,,1,185,,272506,20,,,1,146,,272509,20,0,57 14 15 9,1,200,,272512,20,0,57 14 15 9,1,200,,272515,20,0,57 14 15 9,1,95,,272517,20,0,57 14 15 9,1,290,,272522,20,,,1,80,,272523,20,,,1,36,,272524,20,0,57 14 15 9,1,100,,272526,20,0,57 14 15 9,1,100,,272528,20,0,57 14 15 9,1
3300,'20261107',701,,272531,20,,,1,155,,272532,20,,,1,97,,272533,20,0,57 14 15 9,1,100,,272534,20,,,1,200,,272535,20,,,1,200,,272536,20,,,1,200,,272537,20,,,1,205,,272539,20,,,1,200,,272540,20,,,1
3300,'20261108',701,,272542,20,,,1,155,,272543,20,,,1,97,,272544,20,0,57 14 15 9,1,100,,272545,20,,,1,200,,272546,20,,,1,200,,272547,20,,,1,200,,272548,20,,,1,205,,272550,20,,,1,200,,272551,20,,,1
3300,'20261109',624,,272560,20,,,1,185,,272564,20,,,1,146,,272567,20,0,57 14 15 9,1,200,,272570,20,0,57 14 15 9,1,200,,272573,20,0,57 14 15 9,1,95,,272575,20,0,57 14 15 9,1,290,,272580,20,,,1,80,,272581,20,,,1,36,,272582,20,0,57 14 15 9,1,100,,272584,20,0,57 14 15 9,1,100,,272586,20,0,57 14 15 9,1
3300,'20261110',624,,272596,20,,,1,185,,272600,20,,,1,146,,272603,20,0,57 14 15 9,1,200,,272606,20,0,57 14 15 9,1,200,,272609,20,0,57 14 15 9,1,95,,272611,20,0,57 14 15 9,1,290,,272616,20,,,1,80,,272617,20,,,1,36,,272618,20,0,57 14 15 9,1,100,,272620,20,0,57 14 15 9,1,100,,272622,20,0,57 14 15 9,1
3300,'20261111',624,,272632,20,,,1,185,,272636,20,,,1,146,,272639,20,0,57 14 15 9,1,200,,272642,20,0,57 14 15 9,1,200,,272645,20,0,57 14 15 9,1,95,,272647,20,0,57 14 15 9,1,290,,272652,20,,,1,80,,272653,20,,,1,36,,272654,20,0,57 14 15 9,1,100,,272656,20,0,57 14 15 9,1,100,,272658,20,0,57 14 15 9,1
3300,'20261112',624,,272668,20,,,1,185,,272672,20,,,1,146,,272675,20,0,57 14 15 9,1,200,,272678,20,0,57 14 15 9,1,200,,272681,20,0,57 14 15 9,1,95,,272683,20,0,57 14 15 9,1,290,,272688,20,,,1,80,,272689,20,,,1,36,,272690,20,0,57 14 15 9,1,100,,272692,20,0,57 14 15 9,1,100,,272694,20,0,57 14 15 9,1
3300,'20261113',624,,272704,20,,,1,185,,272708,20,,,1,146,,272711,20,0,57 14 15 9,1,200,,272714,20,0,57 14 15 9,1,200,,272717,20,0,57 14 15 9,1,95,,272719,20,0,57 14 15 9,1,290,,272724,20,,,1,80,,272725,20,,,1,36,,272726,20,0,57 14 15 9,1,100,,272728,20,0,57 14 15 9,1,100,,272730,20,0,57 14 15 9,1
3300,'20261114',701,,272733,20,,,1,155,,272734,20,,,1,97,,272735,20,0,57 14 15 9,1,100,,272736,20,,,1,200,,272737,20,,,1,200,,272738,20,,,1,200,,272739,20,,,1,205,,272741,20,,,1,200,,272742,20,,,1
3300,'20261115',701,,272744,20,,,1,155,,272745,20,,,1,97,,272746,20,0,57 14 15 9,1,100,,272747,20,,,1,200,,272748,20,,,1,200,,272749,20,,,1,200,,272750,20,,,1,205,,272752,20,,,1,200,,272753,20,,,1
3300,'20261116',624,,272762,20,,,1,185,,272766,20,,,1,146,,272769,20,0,57 14 15 9,1,200,,272772,20,0,57 14 15 9,1,200,,272775,20,0,57 14 15 9,1,95,,272777,20,0,57 14 15 9,1,290,,272782,20,,,1,80,,272783,20,,,1,36,,272784,20,0,57 14 15 9,1,100,,272786,20,0,57 14 15 9,1,100,,272788,20,0,57 14 15 9,1
3300,'20261117',624,,272798,20,,,1,185,,272802,20,,,1,146,,272805,20,0,57 14 15 9,1,200,,272808,20,0,57 14 15 9,1,200,,272811,20,0,57 14 15 9,1,95,,272813,20,0,57 14 15 9,1,290,,272818,20,,,1,80,,272819,20,,,1,36,,272820,20,0,57 14 15 9,1,100,,272822,20,0,57 14 15 9,1,100,,272824,20,0,57 14 15 9,1
3300,'20261118',624,,272834,20,,,1,185,,272838,20,,,1,146,,272841,20,0,57 14 15 9,1,200,,272844,20,0,57 14 15 9,1,200,,272847,20,0,57 14 15 9,1,95,,272849,20,0,57 14 15 9,1,290,,272854,20,,,1,80,,272855,20,,,1,36,,272856,20,0,57 14 15 9,1,100,,272858,20,0,57 14 15 9,1,100,,272860,20,0,57 14 15 9,1
3300,'20261119',624,,272870,20,,,1,185,,272874,20,,,1,146,,272877,20,0,57 14 15 9,1,200,,272880,20,0,57 14 15 9,1,200,,272883,20,0,57 14 15 9,1,95,,272885,20,0,57 14 15 9,1,290,,272890,20,,,1,80,,272891,20,,,1,36,,272892,20,0,57 14 15 9,1,100,,272894,20,0,57 14 15 9,1,100,,272896,20,0,57 14 15 9,1
3300,'20261120',624,,272906,20,,,1,185,,272910,20,,,1,146,,272913,20,0,57 14 15 9,1,200,,272916,20,0,57 14 15 9,1,200,,272919,20,0,57 14 15 9,1,95,,272921,20,0,57 14 15 9,1,290,,272926,20,,,1,80,,272927,20,,,1,36,,272928,20,0,57 14 15 9,1,100,,272930,20,0,57 14 15 9,1,100,,272932,20,0,57 14 15 9,1
3300,'20261121',701,,272935,20,,,1,155,,272936,20,,,1,97,,272937,20,0,57 14 15 9,1,100,,272938,20,,,1,200,,272939,20,,,1,200,,272940,20,,,1,200,,272941,20,,,1,205,,272943,20,,,1,200,,272944,20,,,1
3300,'20261122',701,,272946,20,,,1,155,,272947,20,,,1,97,,272948,20,0,57 14 15 9,1,100,,272949,20,,,1,200,,272950,20,,,1,200,,272951,20,,,1,200,,272952,20,,,1,205,,272954,20,,,1,200,,272955,20,,,1
3300,'20261123',624,,272964,20,,,1,185,,272968,20,,,1,146,,272971,20,0,57 14 15 9,1,200,,272974,20,0,57 14 15 9,1,200,,272977,20,0,57 14 15 9,1,95,,272979,20,0,57 14 15 9,1,290,,272984,20,,,1,80,,272985,20,,,1,36,,272986,20,0,57 14 15 9,1,100,,272988,20,0,57 14 15 9,1,100,,272990,20,0,57 14 15 9,1
3300,'20261124',624,,273000,20,,,1,185,,273004,20,,,1,146,,273007,20,0,57 14 15 9,1,200,,273010,20,0,57 14 15 9,1,200,,273013,20,0,57 14 15 9,1,95,,273015,20,0,57 14 15 9,1,290,,273020,20,,,1,80,,273021,20,,,1,36,,273022,20,0,57 14 15 9,1,100,,273024,20,0,57 14 15 9,1,100,,273026,20,0,57 14 15 9,1
3300,'20261125',624,,273036,20,,,1,185,,273040,20,,,1,146,,273043,20,0,57 14 15 9,1,200,,273046,20,0,57 14 15 9,1,200,,273049,20,0,57 14 15 9,1,95,,273051,20,0,57 14 15 9,1,290,,273056,20,,,1,80,,273057,20,,,1,36,,273058,20,0,57 14 15 9,1,100,,273060,20,0,57 14 15 9,1,100,,273062,20,0,57 14 15 9,1
3300,'20261126',624,,273072,20,,,1,185,,273076,20,,,1,146,,273079,20,0,57 14 15 9,1,200,,273082,20,0,57 14 15 9,1,200,,273085,20,0,57 14 15 9,1,95,,273087,20,0,57 14 15 9,1,290,,273092,20,,,1,80,,273093,20,,,1,36,,273094,20,0,57 14 15 9,1,100,,273096,20,0,57 14 15 9,1,100,,273098,20,0,57 14 15 9,1
3300,'20261127',624,,273108,20,,,1,185,,273112,20,,,1,146,,273115,20,0,57 14 15 9,1,200,,273118,20,0,57 14 15 9,1,200,,273121,20,0,57 14 15 9,1,95,,273123,20,0,57 14 15 9,1,290,,273128,20,,,1,80,,273129,20,,,1,36,,273130,20,0,57 14 15 9,1,100,,273132,20,0,57 14 15 9,1,100,,273134,20,0,57 14 15 9,1
