2100,'20260831',417,,143571,26,,,1,36,,143572,26,,,1,65,,143573,26,,,1,1137,,143607,26,,,1,145,,143608,26,,,1,55,,143609,26,,,1,100,,143610,26,,,1,99,,143611,26,,,1,101,,143612,26,,,1,98,,143613,26,,,1,100,,143614,26,,,1,104,,143615,26,,,1
2100,'20260901',417,,143616,26,,,1,36,,143617,26,,,1,65,,143618,26,,,1,1137,,143652,26,,,1,145,,143653,26,,,1,55,,143654,26,,,1,100,,143655,26,,,1,99,,143656,26,,,1,101,,143657,26,,,1,98,,143658,26,,,1,100,,143659,26,,,1,104,,143660,26,,,1
2100,'20260902',417,,143661,26,,,1,36,,143662,26,,,1,65,,143663,26,,,1,1137,,143697,26,,,1,145,,143698,26,,,1,55,,143699,26,,,1,100,,143700,26,,,1,99,,143701,26,,,1,101,,143702,26,,,1,98,,143703,26,,,1,100,,143704,26,,,1,104,,143705,26,,,1
2100,'20260903',417,,143706,26,,,1,36,,143707,26,,,1,65,,143708,26,,,1,1137,,143742,26,,,1,145,,143743,26,,,1,55,,143744,26,,,1,100,,143745,26,,,1,99,,143746,26,,,1,101,,143747,26,,,1,98,,143748,26,,,1,100,,143749,26,,,1,104,,143750,26,,,1
2100,'20260904',417,,143751,26,,,1,36,,143752,26,,,1,65,,143753,26,,,1,1137,,143787,26,,,1,145,,143788,26,,,1,55,,143789,26,,,1,100,,143790,26,,,1,99,,143791,26,,,1,101,,143792,26,,,1,98,,143793,26,,,1,100,,143794,26,,,1,104,,143795,26,,,1
2100,'20260905',518,,240513,26,0,57 29 30,1,100,,240514,26,0,57 29 30,1,35,,240515,26,0,57 29 30,1,150,,240518,4,0,34 29 30,1,100,,240522,4,0,34 29 30,1,100,,240526,4,0,34 29 30,1,100,,240530,4,0,34 29 30,1,100,,240533,4,0,34 29 30,1,100,,240536,4,0,34 29 30,1,100,,240539,4,0,34 29 30,1,100,,240542,4,0,34 29 30,1,100,,240545,4,0,34 29 30,1,100,,240548,4,0,34 29 30,1,100,,240551,4,0,34 29 30,1,100,,240553,4,0,34 29 30,1,53,,240555,26,0,57 29 30,1,95,,240556,26,0,57 29 30,1,100,,240557,26,0,57 29 30,1,95,,240558,26,0,57 29 30,1,102,,240559,26,0,57 29 30,1,100,,240560,26,0,57 29 30,1
2100,'20260906',518,,240561,26,0,57 29 30,1,100,,240562,26,0,57 29 30,1,35,,240563,26,0,57 29 30,1,150,,240565,4,0,34 29 30,1,100,,240568,4,0,34 29 30,1,100,,240571,4,0,34 29 30,1,100,,240574,4,0,34 29 30,1,100,,240577,4,0,34 29 30,1,100,,240580,4,0,34 29 30,1,100,,240583,4,0,34 29 30,1,100,,240586,4,0,34 29 30,1,100,,240589,4,0,34 29 30,1,100,,240592,4,0,34 29 30,1,100,,240595,4,0,34 29 30,1,100,,240597,4,0,34 29 30,1,53,,240598,26,0,57 29 30,1,95,,240599,26,0,57 29 30,1,100,,240600,26,0,57 29 30,1,95,,240601,26,0,57 29 30,1,102,,240602,26,0,57 29 30,1,100,,240603,26,0,57 29 30,1
2100,'20260907',518,,240604,26,0,57 29 30,1,100,,240605,26,0,57 29 30,1,35,,240606,26,0,57 29 30,1,150,,240609,4,0,34 29 30,1,100,,240613,4,0,34 29 30,1,100,,240617,4,0,34 29 30,1,100,,240621,4,0,34 29 30,1,100,,240624,4,0,34 29 30,1,100,,240627,4,0,34 29 30,1,100,,240630,4,0,34 29 30,1,100,,240633,4,0,34 29 30,1,100,,240636,4,0,34 29 30,1,100,,240639,4,0,34 29 30,1,100,,240642,4,0,34 29 30,1,100,,240644,4,0,34 29 30,1,53,,240646,26,0,57 29 30,1,95,,240647,26,0,57 29 30,1,100,,240648,26,0,57 29 30,1,95,,240649,26,0,57 29 30,1,102,,240650,26,0,57 29 30,1,100,,240651,26,0,57 29 30,1
2100,'20260908',417,,240652,26,,,1,36,,240653,26,,,1,65,,240654,26,,,1,1137,,240688,26,,,1,145,,240689,26,,,1,53,,240690,26,,,1,100,,240691,26,,,1,99,,240692,26,,,1,102,,240693,26,,,1,98,,240694,26,,,1,100,,240695,26,,,1,104,,240696,26,,,1
2100,'20260909',417,,240697,26,,,1,36,,240698,26,,,1,65,,240699,26,,,1,1137,,240733,26,,,1,145,,240734,26,,,1,53,,240735,26,,,1,100,,240736,26,,,1,99,,240737,26,,,1,102,,240738,26,,,1,98,,240739,26,,,1,100,,240740,26,,,1,104,,240741,26,,,1
2100,'20260910',417,,240742,26,,,1,36,,240743,26,,,1,65,,240744,26,,,1,1137,,240778,26,,,1,145,,240779,26,,,1,53,,240780,26,,,1,100,,240781,26,,,1,99,,240782,26,,,1,102,,240783,26,,,1,98,,240784,26,,,1,100,,240785,26,,,1,104,,240786,26,,,1
2100,'20260911',417,,240787,26,,,1,36,,240788,26,,,1,65,,240789,26,,,1,1137,,240823,26,,,1,145,,240824,26,,,1,53,,240825,26,,,1,100,,240826,26,,,1,99,,240827,26,,,1,102,,240828,26,,,1,98,,240829,26,,,1,100,,240830,26,,,1,104,,240831,26,,,1
2100,'20260912',518,,240832,26,0,57 29 30,1,100,,240833,26,0,57 29 30,1,35,,240834,26,0,57 29 30,1,150,,240837,4,0,34 29 30,1,100,,240841,4,0,34 29 30,1,100,,240845,4,0,34 29 30,1,100,,240849,4,0,34 29 30,1,100,,240852,4,0,34 29 30,1,100,,240855,4,0,34 29 30,1,100,,240858,4,0,34 29 30,1,100,,240861,4,0,34 29 30,1,100,,240864,4,0,34 29 30,1,100,,240867,4,0,34 29 30,1,100,,240870,4,0,34 29 30,1,100,,240872,4,0,34 29 30,1,53,,240874,26,0,57 29 30,1,95,,240875,26,0,57 29 30,1,100,,240876,26,0,57 29 30,1,95,,240877,26,0,57 29 30,1,102,,240878,26,0,57 29 30,1,100,,240879,26,0,57 29 30,1
2100,'20260913',518,,240880,26,0,57 29 30,1,100,,240881,26,0,57 29 30,1,35,,240882,26,0,57 29 30,1,150,,240884,4,0,34 29 30,1,100,,240887,4,0,34 29 30,1,100,,240890,4,0,34 29 30,1,100,,240893,4,0,34 29 30,1,100,,240896,4,0,34 29 30,1,100,,240899,4,0,34 29 30,1,100,,240902,4,0,34 29 30,1,100,,240905,4,0,34 29 30,1,100,,240908,4,0,34 29 30,1,100,,240911,4,0,34 29 30,1,100,,240914,4,0,34 29 30,1,100,,240916,4,0,34 29 30,1,53,,240917,26,0,57 29 30,1,95,,240918,26,0,57 29 30,1,100,,240919,26,0,57 29 30,1,95,,240920,26,0,57 29 30,1,102,,240921,26,0,57 29 30,1,100,,240922,26,0,57 29 30,1
2100,'20260914',417,,240923,26,,,1,36,,240924,26,,,1,65,,240925,26,,,1,1137,,240959,26,,,1,145,,240960,26,,,1,53,,240961,26,,,1,100,,240962,26,,,1,99,,240963,26,,,1,102,,240964,26,,,1,98,,240965,26,,,1,100,,240966,26,,,1,104,,240967,26,,,1
2100,'20260915',417,,240968,26,,,1,36,,240969,26,,,1,65,,240970,26,,,1,1137,,241004,26,,,1,145,,241005,26,,,1,53,,241006,26,,,1,100,,241007,26,,,1,99,,241008,26,,,1,102,,241009,26,,,1,98,,241010,26,,,1,100,,241011,26,,,1,104,,241012,26,,,1
2100,'20260916',417,,241013,26,,,1,36,,241014,26,,,1,65,,241015,26,,,1,1137,,241049,26,,,1,145,,241050,26,,,1,53,,241051,26,,,1,100,,241052,26,,,1,99,,241053,26,,,1,102,,241054,26,,,1,98,,241055,26,,,1,100,,241056,26,,,1,104,,241057,26,,,1
2100,'20260917',417,,241058,26,,,1,36,,241059,26,,,1,65,,241060,26,,,1,1137,,241094,26,,,1,145,,241095,26,,,1,53,,241096,26,,,1,100,,241097,26,,,1,99,,241098,26,,,1,102,,241099,26,,,1,98,,241100,26,,,1,100,,241101,26,,,1,104,,241102,26,,,1
2100,'20260918',417,,241103,26,,,1,36,,241104,26,,,1,65,,241105,26,,,1,1137,,241139,26,,,1,145,,241140,26,,,1,53,,241141,26,,,1,100,,241142,26,,,1,99,,241143,26,,,1,102,,241144,26,,,1,98,,241145,26,,,1,100,,241146,26,,,1,104,,241147,26,,,1
2100,'20260919',518,,241148,26,0,57 29 30,1,100,,241149,26,0,57 29 30,1,35,,241150,26,0,57 29 30,1,150,,241153,4,0,34 29 30,1,100,,241157,4,0,34 29 30,1,100,,241161,4,0,34 29 30,1,100,,241165,4,0,34 29 30,1,100,,241168,4,0,34 29 30,1,100,,241171,4,0,34 29 30,1,100,,241174,4,0,34 29 30,1,100,,241177,4,0,34 29 30,1,100,,241180,4,0,34 29 30,1,100,,241183,4,0,34 29 30,1,100,,241186,4,0,34 29 30,1,100,,241188,4,0,34 29 30,1,53,,241190,26,0,57 29 30,1,95,,241191,26,0,57 29 30,1,100,,241192,26,0,57 29 30,1,95,,241193,26,0,57 29 30,1,102,,241194,26,0,57 29 30,1,100,,241195,26,0,57 29 30,1
2100,'20260920',518,,241196,26,0,57 29 30,1,100,,241197,26,0,57 29 30,1,35,,241198,26,0,57 29 30,1,150,,241200,4,0,34 29 30,1,100,,241203,4,0,34 29 30,1,100,,241206,4,0,34 29 30,1,100,,241209,4,0,34 29 30,1,100,,241212,4,0,34 29 30,1,100,,241215,4,0,34 29 30,1,100,,241218,4,0,34 29 30,1,100,,241221,4,0,34 29 30,1,100,,241224,4,0,34 29 30,1,100,,241227,4,0,34 29 30,1,100,,241230,4,0,34 29 30,1,100,,241232,4,0,34 29 30,1,53,,241233,26,0,57 29 30,1,95,,241234,26,0,57 29 30,1,100,,241235,26,0,57 29 30,1,95,,241236,26,0,57 29 30,1,102,,241237,26,0,57 29 30,1,100,,241238,26,0,57 29 30,1
2100,'20260921',417,,241239,26,,,1,36,,241240,26,,,1,65,,241241,26,,,1,1137,,241275,26,,,1,145,,241276,26,,,1,53,,241277,26,,,1,100,,241278,26,,,1,99,,241279,26,,,1,102,,241280,26,,,1,98,,241281,26,,,1,100,,241282,26,,,1,104,,241283,26,,,1
2100,'20260922',417,,241284,26,,,1,36,,241285,26,,,1,65,,241286,26,,,1,1137,,241320,26,,,1,145,,241321,26,,,1,53,,241322,26,,,1,100,,241323,26,,,1,99,,241324,26,,,1,102,,241325,26,,,1,98,,241326,26,,,1,100,,241327,26,,,1,104,,241328,26,,,1
2100,'20260923',417,,241329,26,,,1,36,,241330,26,,,1,65,,241331,26,,,1,1137,,241365,26,,,1,145,,241366,26,,,1,53,,241367,26,,,1,100,,241368,26,,,1,99,,241369,26,,,1,102,,241370,26,,,1,98,,241371,26,,,1,100,,241372,26,,,1,104,,241373,26,,,1
2100,'20260924',417,,241374,26,,,1,36,,241375,26,,,1,65,,241376,26,,,1,1137,,241410,26,,,1,145,,241411,26,,,1,53,,241412,26,,,1,100,,241413,26,,,1,99,,241414,26,,,1,102,,241415,26,,,1,98,,241416,26,,,1,100,,241417,26,,,1,104,,241418,26,,,1
2100,'20260925',417,,241419,26,,,1,36,,241420,26,,,1,65,,241421,26,,,1,1137,,241455,26,,,1,145,,241456,26,,,1,53,,241457,26,,,1,100,,241458,26,,,1,99,,241459,26,,,1,102,,241460,26,,,1,98,,241461,26,,,1,100,,241462,26,,,1,104,,241463,26,,,1
2100,'20260926',518,,241464,26,0,57 29 30,1,100,,241465,26,0,57 29 30,1,35,,241466,26,0,57 29 30,1,150,,241469,4,0,34 29 30,1,100,,241473,4,0,34 29 30,1,100,,241477,4,0,34 29 30,1,100,,241481,4,0,34 29 30,1,100,,241484,4,0,34 29 30,1,100,,241487,4,0,34 29 30,1,100,,241490,4,0,34 29 30,1,100,,241493,4,0,34 29 30,1,100,,241496,4,0,34 29 30,1,100,,241499,4,0,34 29 30,1,100,,241502,4,0,34 29 30,1,100,,241504,4,0,34 29 30,1,53,,241506,26,0,57 29 30,1,95,,241507,26,0,57 29 30,1,100,,241508,26,0,57 29 30,1,95,,241509,26,0,57 29 30,1,102,,241510,26,0,57 29 30,1,100,,241511,26,0,57 29 30,1
2100,'20260927',518,,241512,26,0,57 29 30,1,100,,241513,26,0,57 29 30,1,35,,241514,26,0,57 29 30,1,150,,241516,4,0,34 29 30,1,100,,241519,4,0,34 29 30,1,100,,241522,4,0,34 29 30,1,100,,241525,4,0,34 29 30,1,100,,241528,4,0,34 29 30,1,100,,241531,4,0,34 29 30,1,100,,241534,4,0,34 29 30,1,100,,241537,4,0,34 29 30,1,100,,241540,4,0,34 29 30,1,100,,241543,4,0,34 29 30,1,100,,241546,4,0,34 29 30,1,100,,241548,4,0,34 29 30,1,53,,241549,26,0,57 29 30,1,95,,241550,26,0,57 29 30,1,100,,241551,26,0,57 29 30,1,95,,241552,26,0,57 29 30,1,102,,241553,26,0,57 29 30,1,100,,241554,26,0,57 29 30,1
2100,'20260928',417,,241555,26,,,1,36,,241556,26,,,1,65,,241557,26,,,1,1137,,241591,26,,,1,145,,241592,26,,,1,53,,241593,26,,,1,100,,241594,26,,,1,99,,241595,26,,,1,102,,241596,26,,,1,98,,241597,26,,,1,100,,241598,26,,,1,104,,241599,26,,,1
2100,'20260929',417,,241600,26,,,1,36,,241601,26,,,1,65,,241602,26,,,1,1137,,241636,26,,,1,145,,241637,26,,,1,53,,241638,26,,,1,100,,241639,26,,,1,99,,241640,26,,,1,102,,241641,26,,,1,98,,241642,26,,,1,100,,241643,26,,,1,104,,241644,26,,,1
2100,'20260930',417,,241645,26,,,1,36,,241646,26,,,1,65,,241647,26,,,1,1137,,241681,26,,,1,145,,241682,26,,,1,53,,241683,26,,,1,100,,241684,26,,,1,99,,241685,26,,,1,102,,241686,26,,,1,98,,241687,26,,,1,100,,241688,26,,,1,104,,241689,26,,,1
2100,'20261001',417,,241690,26,,,1,36,,241691,26,,,1,65,,241692,26,,,1,1137,,241726,26,,,1,145,,241727,26,,,1,53,,241728,26,,,1,100,,241729,26,,,1,99,,241730,26,,,1,102,,241731,26,,,1,98,,241732,26,,,1,100,,241733,26,,,1,104,,241734,26,,,1
2100,'20261002',417,,241735,26,,,1,36,,241736,26,,,1,65,,241737,26,,,1,1137,,241771,26,,,1,145,,241772,26,,,1,53,,241773,26,,,1,100,,241774,26,,,1,99,,241775,26,,,1,102,,241776,26,,,1,98,,241777,26,,,1,100,,241778,26,,,1,104,,241779,26,,,1
2100,'20261003',518,,241780,26,0,57 29 30,1,100,,241781,26,0,57 29 30,1,35,,241782,26,0,57 29 30,1,150,,241785,4,0,34 29 30,1,100,,241789,4,0,34 29 30,1,100,,241793,4,0,34 29 30,1,100,,241797,4,0,34 29 30,1,100,,241800,4,0,34 29 30,1,100,,241803,4,0,34 29 30,1,100,,241806,4,0,34 29 30,1,100,,241809,4,0,34 29 30,1,100,,241812,4,0,34 29 30,1,100,,241815,4,0,34 29 30,1,100,,241818,4,0,34 29 30,1,100,,241820,4,0,34 29 30,1,53,,241822,26,0,57 29 30,1,95,,241823,26,0,57 29 30,1,100,,241824,26,0,57 29 30,1,95,,241825,26,0,57 29 30,1,102,,241826,26,0,57 29 30,1,100,,241827,26,0,57 29 30,1
2100,'20261004',518,,241828,26,0,57 29 30,1,100,,241829,26,0,57 29 30,1,35,,241830,26,0,57 29 30,1,150,,241832,4,0,34 29 30,1,100,,241835,4,0,34 29 30,1,100,,241838,4,0,34 29 30,1,100,,241841,4,0,34 29 30,1,100,,241844,4,0,34 29 30,1,100,,241847,4,0,34 29 30,1,100,,241850,4,0,34 29 30,1,100,,241853,4,0,34 29 30,1,100,,241856,4,0,34 29 30,1,100,,241859,4,0,34 29 30,1,100,,241862,4,0,34 29 30,1,100,,241864,4,0,34 29 30,1,53,,241865,26,0,57 29 30,1,95,,241866,26,0,57 29 30,1,100,,241867,26,0,57 29 30,1,95,,241868,26,0,57 29 30,1,102,,241869,26,0,57 29 30,1,100,,241870,26,0,57 29 30,1
2100,'20261005',417,,241871,26,,,1,36,,241872,26,,,1,65,,241873,26,,,1,1137,,241907,26,,,1,145,,241908,26,,,1,53,,241909,26,,,1,100,,241910,26,,,1,99,,241911,26,,,1,102,,241912,26,,,1,98,,241913,26,,,1,100,,241914,26,,,1,104,,241915,26,,,1
2100,'20261006',417,,241916,26,,,1,36,,241917,26,,,1,65,,241918,26,,,1,1137,,241952,26,,,1,145,,241953,26,,,1,53,,241954,26,,,1,100,,241955,26,,,1,99,,241956,26,,,1,102,,241957,26,,,1,98,,241958,26,,,1,100,,241959,26,,,1,104,,241960,26,,,1
2100,'20261007',417,,241961,26,,,1,36,,241962,26,,,1,65,,241963,26,,,1,1137,,241997,26,,,1,145,,241998,26,,,1,53,,241999,26,,,1,100,,242000,26,,,1,99,,242001,26,,,1,102,,242002,26,,,1,98,,242003,26,,,1,100,,242004,26,,,1,104,,242005,26,,,1
2100,'20261008',417,,242006,26,,,1,36,,242007,26,,,1,65,,242008,26,,,1,1137,,242042,26,,,1,145,,242043,26,,,1,53,,242044,26,,,1,100,,242045,26,,,1,99,,242046,26,,,1,102,,242047,26,,,1,98,,242048,26,,,1,100,,242049,26,,,1,104,,242050,26,,,1
2100,'20261009',417,,242051,26,,,1,36,,242052,26,,,1,65,,242053,26,,,1,1137,,242087,26,,,1,145,,242088,26,,,1,53,,242089,26,,,1,100,,242090,26,,,1,99,,242091,26,,,1,102,,242092,26,,,1,98,,242093,26,,,1,100,,242094,26,,,1,104,,242095,26,,,1
2100,'20261010',518,,242096,26,0,57 29 30,1,100,,242097,26,0,57 29 30,1,35,,242098,26,0,57 29 30,1,150,,242101,4,0,34 29 30,1,100,,242105,4,0,34 29 30,1,100,,242109,4,0,34 29 30,1,100,,242113,4,0,34 29 30,1,100,,242116,4,0,34 29 30,1,100,,242119,4,0,34 29 30,1,100,,242122,4,0,34 29 30,1,100,,242125,4,0,34 29 30,1,100,,242128,4,0,34 29 30,1,100,,242131,4,0,34 29 30,1,100,,242134,4,0,34 29 30,1,100,,242136,4,0,34 29 30,1,53,,242138,26,0,57 29 30,1,95,,242139,26,0,57 29 30,1,100,,242140,26,0,57 29 30,1,95,,242141,26,0,57 29 30,1,102,,242142,26,0,57 29 30,1,100,,242143,26,0,57 29 30,1
2100,'20261011',518,,242144,26,0,57 29 30,1,100,,242145,26,0,57 29 30,1,35,,242146,26,0,57 29 30,1,150,,242148,4,0,34 29 30,1,100,,242151,4,0,34 29 30,1,100,,242154,4,0,34 29 30,1,100,,242157,4,0,34 29 30,1,100,,242160,4,0,34 29 30,1,100,,242163,4,0,34 29 30,1,100,,242166,4,0,34 29 30,1,100,,242169,4,0,34 29 30,1,100,,242172,4,0,34 29 30,1,100,,242175,4,0,34 29 30,1,100,,242178,4,0,34 29 30,1,100,,242180,4,0,34 29 30,1,53,,242181,26,0,57 29 30,1,95,,242182,26,0,57 29 30,1,100,,242183,26,0,57 29 30,1,95,,242184,26,0,57 29 30,1,102,,242185,26,0,57 29 30,1,100,,242186,26,0,57 29 30,1
2100,'20261012',518,,242187,26,0,57 29 30,1,100,,242188,26,0,57 29 30,1,35,,242189,26,0,57 29 30,1,150,,242192,4,0,34 29 30,1,100,,242196,4,0,34 29 30,1,100,,242200,4,0,34 29 30,1,100,,242204,4,0,34 29 30,1,100,,242207,4,0,34 29 30,1,100,,242210,4,0,34 29 30,1,100,,242213,4,0,34 29 30,1,100,,242216,4,0,34 29 30,1,100,,242219,4,0,34 29 30,1,100,,242222,4,0,34 29 30,1,100,,242225,4,0,34 29 30,1,100,,242227,4,0,34 29 30,1,53,,242229,26,0,57 29 30,1,95,,242230,26,0,57 29 30,1,100,,242231,26,0,57 29 30,1,95,,242232,26,0,57 29 30,1,102,,242233,26,0,57 29 30,1,100,,242234,26,0,57 29 30,1
2100,'20261013',417,,242235,26,,,1,36,,242236,26,,,1,65,,242237,26,,,1,1137,,242271,26,,,1,145,,242272,26,,,1,53,,242273,26,,,1,100,,242274,26,,,1,99,,242275,26,,,1,102,,242276,26,,,1,98,,242277,26,,,1,100,,242278,26,,,1,104,,242279,26,,,1
2100,'20261014',417,,242280,26,,,1,36,,242281,26,,,1,65,,242282,26,,,1,1137,,242316,26,,,1,145,,242317,26,,,1,53,,242318,26,,,1,100,,242319,26,,,1,99,,242320,26,,,1,102,,242321,26,,,1,98,,242322,26,,,1,100,,242323,26,,,1,104,,242324,26,,,1
2100,'20261015',417,,242325,26,,,1,36,,242326,26,,,1,65,,242327,26,,,1,1137,,242361,26,,,1,145,,242362,26,,,1,53,,242363,26,,,1,100,,242364,26,,,1,99,,242365,26,,,1,102,,242366,26,,,1,98,,242367,26,,,1,100,,242368,26,,,1,104,,242369,26,,,1
2100,'20261016',417,,242370,26,,,1,36,,242371,26,,,1,65,,242372,26,,,1,1137,,242406,26,,,1,145,,242407,26,,,1,53,,242408,26,,,1,100,,242409,26,,,1,99,,242410,26,,,1,102,,242411,26,,,1,98,,242412,26,,,1,100,,242413,26,,,1,104,,242414,26,,,1
2100,'20261017',518,,242415,26,0,57 29 30,1,100,,242416,26,0,57 29 30,1,35,,242417,26,0,57 29 30,1,150,,242420,4,0,34 29 30,1,100,,242424,4,0,34 29 30,1,100,,242428,4,0,34 29 30,1,100,,242432,4,0,34 29 30,1,100,,242435,4,0,34 29 30,1,100,,242438,4,0,34 29 30,1,100,,242441,4,0,34 29 30,1,100,,242444,4,0,34 29 30,1,100,,242447,4,0,34 29 30,1,100,,242450,4,0,34 29 30,1,100,,242453,4,0,34 29 30,1,100,,242455,4,0,34 29 30,1,53,,242457,26,0,57 29 30,1,95,,242458,26,0,57 29 30,1,100,,242459,26,0,57 29 30,1,95,,242460,26,0,57 29 30,1,102,,242461,26,0,57 29 30,1,100,,242462,26,0,57 29 30,1
2100,'20261018',518,,242463,26,0,57 29 30,1,100,,242464,26,0,57 29 30,1,35,,242465,26,0,57 29 30,1,150,,242467,4,0,34 29 30,1,100,,242470,4,0,34 29 30,1,100,,242473,4,0,34 29 30,1,100,,242476,4,0,34 29 30,1,100,,242479,4,0,34 29 30,1,100,,242482,4,0,34 29 30,1,100,,242485,4,0,34 29 30,1,100,,242488,4,0,34 29 30,1,100,,242491,4,0,34 29 30,1,100,,242494,4,0,34 29 30,1,100,,242497,4,0,34 29 30,1,100,,242499,4,0,34 29 30,1,53,,242500,26,0,57 29 30,1,95,,242501,26,0,57 29 30,1,100,,242502,26,0,57 29 30,1,95,,242503,26,0,57 29 30,1,102,,242504,26,0,57 29 30,1,100,,242505,26,0,57 29 30,1
2100,'20261019',417,,242506,26,,,1,36,,242507,26,,,1,65,,242508,26,,,1,1137,,242542,26,,,1,145,,242543,26,,,1,53,,242544,26,,,1,100,,242545,26,,,1,99,,242546,26,,,1,102,,242547,26,,,1,98,,242548,26,,,1,100,,242549,26,,,1,104,,242550,26,,,1
2100,'20261020',417,,242551,26,,,1,36,,242552,26,,,1,65,,242553,26,,,1,1137,,242587,26,,,1,145,,242588,26,,,1,53,,242589,26,,,1,100,,242590,26,,,1,99,,242591,26,,,1,102,,242592,26,,,1,98,,242593,26,,,1,100,,242594,26,,,1,104,,242595,26,,,1
2100,'20261021',417,,242596,26,,,1,36,,242597,26,,,1,65,,242598,26,,,1,1137,,242632,26,,,1,145,,242633,26,,,1,53,,242634,26,,,1,100,,242635,26,,,1,99,,242636,26,,,1,102,,242637,26,,,1,98,,242638,26,,,1,100,,242639,26,,,1,104,,242640,26,,,1
2100,'20261022',417,,242641,26,,,1,36,,242642,26,,,1,65,,242643,26,,,1,1137,,242677,26,,,1,145,,242678,26,,,1,53,,242679,26,,,1,100,,242680,26,,,1,99,,242681,26,,,1,102,,242682,26,,,1,98,,242683,26,,,1,100,,242684,26,,,1,104,,242685,26,,,1
2100,'20261023',417,,242686,26,,,1,36,,242687,26,,,1,65,,242688,26,,,1,1137,,242722,26,,,1,145,,242723,26,,,1,53,,242724,26,,,1,100,,242725,26,,,1,99,,242726,26,,,1,102,,242727,26,,,1,98,,242728,26,,,1,100,,242729,26,,,1,104,,242730,26,,,1
2100,'20261024',518,,242731,26,0,57 29 30,1,100,,242732,26,0,57 29 30,1,35,,242733,26,0,57 29 30,1,150,,242736,4,0,34 29 30,1,100,,242740,4,0,34 29 30,1,100,,242744,4,0,34 29 30,1,100,,242748,4,0,34 29 30,1,100,,242751,4,0,34 29 30,1,100,,242754,4,0,34 29 30,1,100,,242757,4,0,34 29 30,1,100,,242760,4,0,34 29 30,1,100,,242763,4,0,34 29 30,1,100,,242766,4,0,34 29 30,1,100,,242769,4,0,34 29 30,1,100,,242771,4,0,34 29 30,1,53,,242773,26,0,57 29 30,1,95,,242774,26,0,57 29 30,1,100,,242775,26,0,57 29 30,1,95,,242776,26,0,57 29 30,1,102,,242777,26,0,57 29 30,1,100,,242778,26,0,57 29 30,1
2100,'20261025',518,,242779,26,0,57 29 30,1,100,,242780,26,0,57 29 30,1,35,,242781,26,0,57 29 30,1,150,,242783,4,0,34 29 30,1,100,,242786,4,0,34 29 30,1,100,,242789,4,0,34 29 30,1,100,,242792,4,0,34 29 30,1,100,,242795,4,0,34 29 30,1,100,,242798,4,0,34 29 30,1,100,,242801,4,0,34 29 30,1,100,,242804,4,0,34 29 30,1,100,,242807,4,0,34 29 30,1,100,,242810,4,0,34 29 30,1,100,,242813,4,0,34 29 30,1,100,,242815,4,0,34 29 30,1,53,,242816,26,0,57 29 30,1,95,,242817,26,0,57 29 30,1,100,,242818,26,0,57 29 30,1,95,,242819,26,0,57 29 30,1,102,,242820,26,0,57 29 30,1,100,,242821,26,0,57 29 30,1
2100,'20261026',417,,242822,26,,,1,36,,242823,26,,,1,65,,242824,26,,,1,1137,,242858,26,,,1,145,,242859,26,,,1,53,,242860,26,,,1,100,,242861,26,,,1,99,,242862,26,,,1,102,,242863,26,,,1,98,,242864,26,,,1,100,,242865,26,,,1,104,,242866,26,,,1
2100,'20261027',417,,242867,26,,,1,36,,242868,26,,,1,65,,242869,26,,,1,1137,,242903,26,,,1,145,,242904,26,,,1,53,,242905,26,,,1,100,,242906,26,,,1,99,,242907,26,,,1,102,,242908,26,,,1,98,,242909,26,,,1,100,,242910,26,,,1,104,,242911,26,,,1
2100,'20261028',417,,242912,26,,,1,36,,242913,26,,,1,65,,242914,26,,,1,1137,,242948,26,,,1,145,,242949,26,,,1,53,,242950,26,,,1,100,,242951,26,,,1,99,,242952,26,,,1,102,,242953,26,,,1,98,,242954,26,,,1,100,,242955,26,,,1,104,,242956,26,,,1
2100,'20261029',417,,242957,26,,,1,36,,242958,26,,,1,65,,242959,26,,,1,1137,,242993,26,,,1,145,,242994,26,,,1,53,,242995,26,,,1,100,,242996,26,,,1,99,,242997,26,,,1,102,,242998,26,,,1,98,,242999,26,,,1,100,,243000,26,,,1,104,,243001,26,,,1
2100,'20261030',417,,243002,26,,,1,36,,243003,26,,,1,65,,243004,26,,,1,1137,,243038,26,,,1,145,,243039,26,,,1,53,,243040,26,,,1,100,,243041,26,,,1,99,,243042,26,,,1,102,,243043,26,,,1,98,,243044,26,,,1,100,,243045,26,,,1,104,,243046,26,,,1
2100,'20261031',518,,243047,26,0,57 29 30,1,100,,243048,26,0,57 29 30,1,35,,243049,26,0,57 29 30,1,150,,243052,4,0,34 29 30,1,100,,243056,4,0,34 29 30,1,100,,243060,4,0,34 29 30,1,100,,243064,4,0,34 29 30,1,100,,243067,4,0,34 29 30,1,100,,243070,4,0,34 29 30,1,100,,243073,4,0,34 29 30,1,100,,243076,4,0,34 29 30,1,100,,243079,4,0,34 29 30,1,100,,243082,4,0,34 29 30,1,100,,243085,4,0,34 29 30,1,100,,243087,4,0,34 29 30,1,53,,243089,26,0,57 29 30,1,95,,243090,26,0,57 29 30,1,100,,243091,26,0,57 29 30,1,95,,243092,26,0,57 29 30,1,102,,243093,26,0,57 29 30,1,100,,243094,26,0,57 29 30,1
2100,'20261101',518,,243095,26,0,57 29 30,1,100,,243096,26,0,57 29 30,1,35,,243097,26,0,57 29 30,1,150,,243099,4,0,34 29 30,1,100,,243102,4,0,34 29 30,1,100,,243105,4,0,34 29 30,1,100,,243108,4,0,34 29 30,1,100,,243111,4,0,34 29 30,1,100,,243114,4,0,34 29 30,1,100,,243117,4,0,34 29 30,1,100,,243120,4,0,34 29 30,1,100,,243123,4,0,34 29 30,1,100,,243126,4,0,34 29 30,1,100,,243129,4,0,34 29 30,1,100,,243131,4,0,34 29 30,1,53,,243132,26,0,57 29 30,1,95,,243133,26,0,57 29 30,1,100,,243134,26,0,57 29 30,1,95,,243135,26,0,57 29 30,1,102,,243136,26,0,57 29 30,1,100,,243137,26,0,57 29 30,1
2100,'20261102',417,,243138,26,,,1,36,,243139,26,,,1,65,,243140,26,,,1,1137,,243174,26,,,1,145,,243175,26,,,1,53,,243176,26,,,1,100,,243177,26,,,1,99,,243178,26,,,1,102,,243179,26,,,1,98,,243180,26,,,1,100,,243181,26,,,1,104,,243182,26,,,1
2100,'20261103',417,,243183,26,,,1,36,,243184,26,,,1,65,,243185,26,,,1,1137,,243219,26,,,1,145,,243220,26,,,1,53,,243221,26,,,1,100,,243222,26,,,1,99,,243223,26,,,1,102,,243224,26,,,1,98,,243225,26,,,1,100,,243226,26,,,1,104,,243227,26,,,1
2100,'20261104',417,,243228,26,,,1,36,,243229,26,,,1,65,,243230,26,,,1,1137,,243264,26,,,1,145,,243265,26,,,1,53,,243266,26,,,1,100,,243267,26,,,1,99,,243268,26,,,1,102,,243269,26,,,1,98,,243270,26,,,1,100,,243271,26,,,1,104,,243272,26,,,1
2100,'20261105',417,,243273,26,,,1,36,,243274,26,,,1,65,,243275,26,,,1,1137,,243309,26,,,1,145,,243310,26,,,1,53,,243311,26,,,1,100,,243312,26,,,1,99,,243313,26,,,1,102,,243314,26,,,1,98,,243315,26,,,1,100,,243316,26,,,1,104,,243317,26,,,1
2100,'20261106',417,,243318,26,,,1,36,,243319,26,,,1,65,,243320,26,,,1,1137,,243354,26,,,1,145,,243355,26,,,1,53,,243356,26,,,1,100,,243357,26,,,1,99,,243358,26,,,1,102,,243359,26,,,1,98,,243360,26,,,1,100,,243361,26,,,1,104,,243362,26,,,1
2100,'20261107',518,,243363,26,0,57 29 30,1,100,,243364,26,0,57 29 30,1,35,,243365,26,0,57 29 30,1,150,,243368,4,0,34 29 30,1,100,,243372,4,0,34 29 30,1,100,,243376,4,0,34 29 30,1,100,,243380,4,0,34 29 30,1,100,,243383,4,0,34 29 30,1,100,,243386,4,0,34 29 30,1,100,,243389,4,0,34 29 30,1,100,,243392,4,0,34 29 30,1,100,,243395,4,0,34 29 30,1,100,,243398,4,0,34 29 30,1,100,,243401,4,0,34 29 30,1,100,,243403,4,0,34 29 30,1,53,,243405,26,0,57 29 30,1,95,,243406,26,0,57 29 30,1,100,,243407,26,0,57 29 30,1,95,,243408,26,0,57 29 30,1,102,,243409,26,0,57 29 30,1,100,,243410,26,0,57 29 30,1
2100,'20261108',518,,243411,26,0,57 29 30,1,100,,243412,26,0,57 29 30,1,35,,243413,26,0,57 29 30,1,150,,243415,4,0,34 29 30,1,100,,243418,4,0,34 29 30,1,100,,243421,4,0,34 29 30,1,100,,243424,4,0,34 29 30,1,100,,243427,4,0,34 29 30,1,100,,243430,4,0,34 29 30,1,100,,243433,4,0,34 29 30,1,100,,243436,4,0,34 29 30,1,100,,243439,4,0,34 29 30,1,100,,243442,4,0,34 29 30,1,100,,243445,4,0,34 29 30,1,100,,243447,4,0,34 29 30,1,53,,243448,26,0,57 29 30,1,95,,243449,26,0,57 29 30,1,100,,243450,26,0,57 29 30,1,95,,243451,26,0,57 29 30,1,102,,243452,26,0,57 29 30,1,100,,243453,26,0,57 29 30,1
2100,'20261109',417,,243454,26,,,1,36,,243455,26,,,1,65,,243456,26,,,1,1137,,243490,26,,,1,145,,243491,26,,,1,53,,243492,26,,,1,100,,243493,26,,,1,99,,243494,26,,,1,102,,243495,26,,,1,98,,243496,26,,,1,100,,243497,26,,,1,104,,243498,26,,,1
2100,'20261110',417,,243499,26,,,1,36,,243500,26,,,1,65,,243501,26,,,1,1137,,243535,26,,,1,145,,243536,26,,,1,53,,243537,26,,,1,100,,243538,26,,,1,99,,243539,26,,,1,102,,243540,26,,,1,98,,243541,26,,,1,100,,243542,26,,,1,104,,243543,26,,,1
2100,'20261111',417,,243544,26,,,1,36,,243545,26,,,1,65,,243546,26,,,1,1137,,243580,26,,,1,145,,243581,26,,,1,53,,243582,26,,,1,100,,243583,26,,,1,99,,243584,26,,,1,102,,243585,26,,,1,98,,243586,26,,,1,100,,243587,26,,,1,104,,243588,26,,,1
2100,'20261112',417,,243589,26,,,1,36,,243590,26,,,1,65,,243591,26,,,1,1137,,243625,26,,,1,145,,243626,26,,,1,53,,243627,26,,,1,100,,243628,26,,,1,99,,243629,26,,,1,102,,243630,26,,,1,98,,243631,26,,,1,100,,243632,26,,,1,104,,243633,26,,,1
2100,'20261113',417,,243634,26,,,1,36,,243635,26,,,1,65,,243636,26,,,1,1137,,243670,26,,,1,145,,243671,26,,,1,53,,243672,26,,,1,100,,243673,26,,,1,99,,243674,26,,,1,102,,243675,26,,,1,98,,243676,26,,,1,100,,243677,26,,,1,104,,243678,26,,,1
2100,'20261114',518,,243679,26,0,57 29 30,1,100,,243680,26,0,57 29 30,1,35,,243681,26,0,57 29 30,1,150,,243684,4,0,34 29 30,1,100,,243688,4,0,34 29 30,1,100,,243692,4,0,34 29 30,1,100,,243696,4,0,34 29 30,1,100,,243699,4,0,34 29 30,1,100,,243702,4,0,34 29 30,1,100,,243705,4,0,34 29 30,1,100,,243708,4,0,34 29 30,1,100,,243711,4,0,34 29 30,1,100,,243714,4,0,34 29 30,1,100,,243717,4,0,34 29 30,1,100,,243719,4,0,34 29 30,1,53,,243721,26,0,57 29 30,1,95,,243722,26,0,57 29 30,1,100,,243723,26,0,57 29 30,1,95,,243724,26,0,57 29 30,1,102,,243725,26,0,57 29 30,1,100,,243726,26,0,57 29 30,1
2100,'20261115',518,,243727,26,0,57 29 30,1,100,,243728,26,0,57 29 30,1,35,,243729,26,0,57 29 30,1,150,,243731,4,0,34 29 30,1,100,,243734,4,0,34 29 30,1,100,,243737,4,0,34 29 30,1,100,,243740,4,0,34 29 30,1,100,,243743,4,0,34 29 30,1,100,,243746,4,0,34 29 30,1,100,,243749,4,0,34 29 30,1,100,,243752,4,0,34 29 30,1,100,,243755,4,0,34 29 30,1,100,,243758,4,0,34 29 30,1,100,,243761,4,0,34 29 30,1,100,,243763,4,0,34 29 30,1,53,,243764,26,0,57 29 30,1,95,,243765,26,0,57 29 30,1,100,,243766,26,0,57 29 30,1,95,,243767,26,0,57 29 30,1,102,,243768,26,0,57 29 30,1,100,,243769,26,0,57 29 30,1
2100,'20261116',417,,243770,26,,,1,36,,243771,26,,,1,65,,243772,26,,,1,1137,,243806,26,,,1,145,,243807,26,,,1,53,,243808,26,,,1,100,,243809,26,,,1,99,,243810,26,,,1,102,,243811,26,,,1,98,,243812,26,,,1,100,,243813,26,,,1,104,,243814,26,,,1
2100,'20261117',417,,243815,26,,,1,36,,243816,26,,,1,65,,243817,26,,,1,1137,,243851,26,,,1,145,,243852,26,,,1,53,,243853,26,,,1,100,,243854,26,,,1,99,,243855,26,,,1,102,,243856,26,,,1,98,,243857,26,,,1,100,,243858,26,,,1,104,,243859,26,,,1
2100,'20261118',417,,243860,26,,,1,36,,243861,26,,,1,65,,243862,26,,,1,1137,,243896,26,,,1,145,,243897,26,,,1,53,,243898,26,,,1,100,,243899,26,,,1,99,,243900,26,,,1,102,,243901,26,,,1,98,,243902,26,,,1,100,,243903,26,,,1,104,,243904,26,,,1
2100,'20261119',417,,243905,26,,,1,36,,243906,26,,,1,65,,243907,26,,,1,1137,,243941,26,,,1,145,,243942,26,,,1,53,,243943,26,,,1,100,,243944,26,,,1,99,,243945,26,,,1,102,,243946,26,,,1,98,,243947,26,,,1,100,,243948,26,,,1,104,,243949,26,,,1
2100,'20261120',417,,243950,26,,,1,36,,243951,26,,,1,65,,243952,26,,,1,1137,,243986,26,,,1,145,,243987,26,,,1,53,,243988,26,,,1,100,,243989,26,,,1,99,,243990,26,,,1,102,,243991,26,,,1,98,,243992,26,,,1,100,,243993,26,,,1,104,,243994,26,,,1
2100,'20261121',518,,243995,26,0,57 29 30,1,100,,243996,26,0,57 29 30,1,35,,243997,26,0,57 29 30,1,150,,244000,4,0,34 29 30,1,100,,244004,4,0,34 29 30,1,100,,244008,4,0,34 29 30,1,100,,244012,4,0,34 29 30,1,100,,244015,4,0,34 29 30,1,100,,244018,4,0,34 29 30,1,100,,244021,4,0,34 29 30,1,100,,244024,4,0,34 29 30,1,100,,244027,4,0,34 29 30,1,100,,244030,4,0,34 29 30,1,100,,244033,4,0,34 29 30,1,100,,244035,4,0,34 29 30,1,53,,244037,26,0,57 29 30,1,95,,244038,26,0,57 29 30,1,100,,244039,26,0,57 29 30,1,95,,244040,26,0,57 29 30,1,102,,244041,26,0,57 29 30,1,100,,244042,26,0,57 29 30,1
2100,'20261122',518,,244043,26,0,57 29 30,1,100,,244044,26,0,57 29 30,1,35,,244045,26,0,57 29 30,1,150,,244047,4,0,34 29 30,1,100,,244050,4,0,34 29 30,1,100,,244053,4,0,34 29 30,1,100,,244056,4,0,34 29 30,1,100,,244059,4,0,34 29 30,1,100,,244062,4,0,34 29 30,1,100,,244065,4,0,34 29 30,1,100,,244068,4,0,34 29 30,1,100,,244071,4,0,34 29 30,1,100,,244074,4,0,34 29 30,1,100,,244077,4,0,34 29 30,1,100,,244079,4,0,34 29 30,1,53,,244080,26,0,57 29 30,1,95,,244081,26,0,57 29 30,1,100,,244082,26,0,57 29 30,1,95,,244083,26,0,57 29 30,1,102,,244084,26,0,57 29 30,1,100,,244085,26,0,57 29 30,1
2100,'20261123',417,,244086,26,,,1,36,,244087,26,,,1,65,,244088,26,,,1,1137,,244122,26,,,1,145,,244123,26,,,1,53,,244124,26,,,1,100,,244125,26,,,1,99,,244126,26,,,1,102,,244127,26,,,1,98,,244128,26,,,1,100,,244129,26,,,1,104,,244130,26,,,1
2100,'20261124',417,,244131,26,,,1,36,,244132,26,,,1,65,,244133,26,,,1,1137,,244167,26,,,1,145,,244168,26,,,1,53,,244169,26,,,1,100,,244170,26,,,1,99,,244171,26,,,1,102,,244172,26,,,1,98,,244173,26,,,1,100,,244174,26,,,1,104,,244175,26,,,1
2100,'20261125',417,,244176,26,,,1,36,,244177,26,,,1,65,,244178,26,,,1,1137,,244212,26,,,1,145,,244213,26,,,1,53,,244214,26,,,1,100,,244215,26,,,1,99,,244216,26,,,1,102,,244217,26,,,1,98,,244218,26,,,1,100,,244219,26,,,1,104,,244220,26,,,1
2100,'20261126',417,,244221,26,,,1,36,,244222,26,,,1,65,,244223,26,,,1,1137,,244257,26,,,1,145,,244258,26,,,1,53,,244259,26,,,1,100,,244260,26,,,1,99,,244261,26,,,1,102,,244262,26,,,1,98,,244263,26,,,1,100,,244264,26,,,1,104,,244265,26,,,1
2100,'20261127',417,,244266,26,,,1,36,,244267,26,,,1,65,,244268,26,,,1,1137,,244302,26,,,1,145,,244303,26,,,1,53,,244304,26,,,1,100,,244305,26,,,1,99,,244306,26,,,1,102,,244307,26,,,1,98,,244308,26,,,1,100,,244309,26,,,1,104,,244310,26,,,1
