3800,'20261005',1720,,279723,19,4,,1,220,,279724,19,4,,1
3800,'20261006',1720,,279725,19,4,,1,220,,279726,19,4,,1
3800,'20261007',1720,,279727,19,4,,1,220,,279728,19,4,,1
3800,'20261008',1720,,279729,19,4,,1,220,,279730,19,4,,1
3800,'20261009',1720,,279731,19,4,,1,220,,279732,19,4,,1
3800,'20261013',1720,,279733,19,4,,1,220,,279734,19,4,,1
3800,'20261014',1720,,279735,19,4,,1,220,,279736,19,4,,1
3800,'20261015',1720,,279737,19,4,,1,220,,279738,19,4,,1
3800,'20261016',1720,,279739,19,4,,1,220,,279740,19,4,,1
3800,'20261019',1720,,279741,19,4,,1,220,,279742,19,4,,1
3800,'20261020',1720,,279743,19,4,,1,220,,279744,19,4,,1
3800,'20261021',1720,,279745,19,4,,1,220,,279746,19,4,,1
3800,'20261022',1720,,279747,19,4,,1,220,,279748,19,4,,1
3800,'20261023',1720,,279749,19,4,,1,220,,279750,19,4,,1
3800,'20261026',1720,,279751,19,4,,1,220,,279752,19,4,,1
3800,'20261027',1720,,279753,19,4,,1,220,,279754,19,4,,1
3800,'20261028',1720,,279755,19,4,,1,220,,279756,19,4,,1
3800,'20261029',1720,,279757,19,4,,1,220,,279758,19,4,,1
3800,'20261030',1720,,279759,19,4,,1,220,,279760,19,4,,1
3800,'20261102',1720,,279761,19,4,,1,220,,279762,19,4,,1
3800,'20261103',1720,,279763,19,4,,1,220,,279764,19,4,,1
3800,'20261104',1720,,279765,19,4,,1,220,,279766,19,4,,1
3800,'20261105',1720,,279767,19,4,,1,220,,279768,19,4,,1
3800,'20261106',1720,,279769,19,4,,1,220,,279770,19,4,,1
3800,'20261109',1720,,279771,19,4,,1,220,,279772,19,4,,1
3800,'20261110',1720,,279773,19,4,,1,220,,279774,19,4,,1
3800,'20261111',1720,,279775,19,4,,1,220,,279776,19,4,,1
3800,'20261112',1720,,279777,19,4,,1,220,,279778,19,4,,1
3800,'20261113',1720,,279779,19,4,,1,220,,279780,19,4,,1
3800,'20261116',1720,,279781,19,4,,1,220,,279782,19,4,,1
3800,'20261117',1720,,279783,19,4,,1,220,,279784,19,4,,1
3800,'20261118',1720,,279785,19,4,,1,220,,279786,19,4,,1
3800,'20261119',1720,,279787,19,4,,1,220,,279788,19,4,,1
3800,'20261120',1720,,279789,19,4,,1,220,,279790,19,4,,1
3800,'20261123',1720,,279791,19,4,,1,220,,279792,19,4,,1
3800,'20261124',1720,,279793,19,4,,1,220,,279794,19,4,,1
3800,'20261125',1720,,279795,19,4,,1,220,,279796,19,4,,1
3800,'20261126',1720,,279797,19,4,,1,220,,279798,19,4,,1
3800,'20261127',1720,,279799,19,4,,1,220,,279800,19,4,,1
