2100,'20260917',433,,241058,39,,,1,79,,241059,39,,,1,25,,241060,39,,,1,394,,241064,15,0,5 29 30,1,100,,241070,15,0,5 29 30,1,100,,241076,15,0,16 29 30,1,95,,241080,15,0,16 29 30,1,85,,241084,15,0,16 29 30,1,110,,241087,15,0,16 29 30,1,98,,241089,15,0,16 29 30,1,95,,241092,15,0,16 29 30,1,104,,241094,39,,,1,105,,241095,39,,,1,93,,241096,39,,,1,97,,241097,39,,,1,99,,241098,39,,,1,100,,241099,39,,,1,97,,241100,39,,,1,100,,241101,39,,,1,104,,241102,39,,,1
2100,'20260918',433,,241103,39,,,1,79,,241104,39,,,1,25,,241105,39,,,1,394,,241109,15,0,5 29 30,1,100,,241115,15,0,5 29 30,1,100,,241121,15,0,16 29 30,1,95,,241125,15,0,16 29 30,1,85,,241129,15,0,16 29 30,1,110,,241132,15,0,16 29 30,1,98,,241134,15,0,16 29 30,1,95,,241137,15,0,16 29 30,1,104,,241139,39,,,1,105,,241140,39,,,1,93,,241141,39,,,1,97,,241142,39,,,1,99,,241143,39,,,1,100,,241144,39,,,1,97,,241145,39,,,1,100,,241146,39,,,1,104,,241147,39,,,1
2100,'20260919',534,,241148,39,0,57 29 30,1,100,,241149,39,0,57 29 30,1,77,,241150,39,0,57 29 30,1,110,,241153,17,0,34 29 30,1,100,,241157,17,0,34 29 30,1,103,,241161,17,0,34 29 30,1,100,,241165,17,0,34 29 30,1,100,,241168,17,0,34 29 30,1,100,,241171,17,0,34 29 30,1,100,,241174,17,0,34 29 30,1,100,,241177,17,0,34 29 30,1,100,,241180,17,0,34 29 30,1,100,,241183,17,0,34 29 30,1,100,,241186,17,0,34 29 30,1,100,,241188,17,0,34 29 30,1,92,,241190,39,0,57 29 30,1,95,,241191,39,0,57 29 30,1,98,,241192,39,0,57 29 30,1,95,,241193,39,0,57 29 30,1,102,,241194,39,0,57 29 30,1,100,,241195,39,0,57 29 30,1
2100,'20260920',534,,241196,39,0,57 29 30,1,100,,241197,39,0,57 29 30,1,77,,241198,39,0,57 29 30,1,110,,241200,17,0,34 29 30,1,100,,241203,17,0,34 29 30,1,103,,241206,17,0,34 29 30,1,100,,241209,17,0,34 29 30,1,100,,241212,17,0,34 29 30,1,100,,241215,17,0,34 29 30,1,100,,241218,17,0,34 29 30,1,100,,241221,17,0,34 29 30,1,100,,241224,17,0,34 29 30,1,100,,241227,17,0,34 29 30,1,100,,241230,17,0,34 29 30,1,100,,241232,17,0,34 29 30,1,92,,241233,39,0,57 29 30,1,95,,241234,39,0,57 29 30,1,98,,241235,39,0,57 29 30,1,95,,241236,39,0,57 29 30,1,102,,241237,39,0,57 29 30,1,100,,241238,39,0,57 29 30,1
2100,'20260921',433,,241239,39,,,1,79,,241240,39,,,1,25,,241241,39,,,1,394,,241245,15,0,5 29 30,1,100,,241251,15,0,5 29 30,1,100,,241257,15,0,16 29 30,1,95,,241261,15,0,16 29 30,1,85,,241265,15,0,16 29 30,1,110,,241268,15,0,16 29 30,1,98,,241270,15,0,16 29 30,1,95,,241273,15,0,16 29 30,1,104,,241275,39,,,1,105,,241276,39,,,1,93,,241277,39,,,1,97,,241278,39,,,1,99,,241279,39,,,1,100,,241280,39,,,1,97,,241281,39,,,1,100,,241282,39,,,1,104,,241283,39,,,1
2100,'20260922',433,,241284,39,,,1,79,,241285,39,,,1,25,,241286,39,,,1,394,,241290,15,0,5 29 30,1,100,,241296,15,0,5 29 30,1,100,,241302,15,0,16 29 30,1,95,,241306,15,0,16 29 30,1,85,,241310,15,0,16 29 30,1,110,,241313,15,0,16 29 30,1,98,,241315,15,0,16 29 30,1,95,,241318,15,0,16 29 30,1,104,,241320,39,,,1,105,,241321,39,,,1,93,,241322,39,,,1,97,,241323,39,,,1,99,,241324,39,,,1,100,,241325,39,,,1,97,,241326,39,,,1,100,,241327,39,,,1,104,,241328,39,,,1
2100,'20260923',433,,241329,39,,,1,79,,241330,39,,,1,25,,241331,39,,,1,394,,241335,15,0,5 29 30,1,100,,241341,15,0,5 29 30,1,100,,241347,15,0,16 29 30,1,95,,241351,15,0,16 29 30,1,85,,241355,15,0,16 29 30,1,110,,241358,15,0,16 29 30,1,98,,241360,15,0,16 29 30,1,95,,241363,15,0,16 29 30,1,104,,241365,39,,,1,105,,241366,39,,,1,93,,241367,39,,,1,97,,241368,39,,,1,99,,241369,39,,,1,100,,241370,39,,,1,97,,241371,39,,,1,100,,241372,39,,,1,104,,241373,39,,,1
2100,'20260924',433,,241374,39,,,1,79,,241375,39,,,1,25,,241376,39,,,1,394,,241380,15,0,5 29 30,1,100,,241386,15,0,5 29 30,1,100,,241392,15,0,16 29 30,1,95,,241396,15,0,16 29 30,1,85,,241400,15,0,16 29 30,1,110,,241403,15,0,16 29 30,1,98,,241405,15,0,16 29 30,1,95,,241408,15,0,16 29 30,1,104,,241410,39,,,1,105,,241411,39,,,1,93,,241412,39,,,1,97,,241413,39,,,1,99,,241414,39,,,1,100,,241415,39,,,1,97,,241416,39,,,1,100,,241417,39,,,1,104,,241418,39,,,1
2100,'20260925',433,,241419,39,,,1,79,,241420,39,,,1,25,,241421,39,,,1,394,,241425,15,0,5 29 30,1,100,,241431,15,0,5 29 30,1,100,,241437,15,0,16 29 30,1,95,,241441,15,0,16 29 30,1,85,,241445,15,0,16 29 30,1,110,,241448,15,0,16 29 30,1,98,,241450,15,0,16 29 30,1,95,,241453,15,0,16 29 30,1,104,,241455,39,,,1,105,,241456,39,,,1,93,,241457,39,,,1,97,,241458,39,,,1,99,,241459,39,,,1,100,,241460,39,,,1,97,,241461,39,,,1,100,,241462,39,,,1,104,,241463,39,,,1
2100,'20260926',534,,241464,39,0,57 29 30,1,100,,241465,39,0,57 29 30,1,77,,241466,39,0,57 29 30,1,110,,241469,17,0,34 29 30,1,100,,241473,17,0,34 29 30,1,103,,241477,17,0,34 29 30,1,100,,241481,17,0,34 29 30,1,100,,241484,17,0,34 29 30,1,100,,241487,17,0,34 29 30,1,100,,241490,17,0,34 29 30,1,100,,241493,17,0,34 29 30,1,100,,241496,17,0,34 29 30,1,100,,241499,17,0,34 29 30,1,100,,241502,17,0,34 29 30,1,100,,241504,17,0,34 29 30,1,92,,241506,39,0,57 29 30,1,95,,241507,39,0,57 29 30,1,98,,241508,39,0,57 29 30,1,95,,241509,39,0,57 29 30,1,102,,241510,39,0,57 29 30,1,100,,241511,39,0,57 29 30,1
2100,'20260927',534,,241512,39,0,57 29 30,1,100,,241513,39,0,57 29 30,1,77,,241514,39,0,57 29 30,1,110,,241516,17,0,34 29 30,1,100,,241519,17,0,34 29 30,1,103,,241522,17,0,34 29 30,1,100,,241525,17,0,34 29 30,1,100,,241528,17,0,34 29 30,1,100,,241531,17,0,34 29 30,1,100,,241534,17,0,34 29 30,1,100,,241537,17,0,34 29 30,1,100,,241540,17,0,34 29 30,1,100,,241543,17,0,34 29 30,1,100,,241546,17,0,34 29 30,1,100,,241548,17,0,34 29 30,1,92,,241549,39,0,57 29 30,1,95,,241550,39,0,57 29 30,1,98,,241551,39,0,57 29 30,1,95,,241552,39,0,57 29 30,1,102,,241553,39,0,57 29 30,1,100,,241554,39,0,57 29 30,1
2100,'20260928',433,,241555,39,,,1,79,,241556,39,,,1,25,,241557,39,,,1,394,,241561,15,0,5 29 30,1,100,,241567,15,0,5 29 30,1,100,,241573,15,0,16 29 30,1,95,,241577,15,0,16 29 30,1,85,,241581,15,0,16 29 30,1,110,,241584,15,0,16 29 30,1,98,,241586,15,0,16 29 30,1,95,,241589,15,0,16 29 30,1,104,,241591,39,,,1,105,,241592,39,,,1,93,,241593,39,,,1,97,,241594,39,,,1,99,,241595,39,,,1,100,,241596,39,,,1,97,,241597,39,,,1,100,,241598,39,,,1,104,,241599,39,,,1
2100,'20260929',433,,241600,39,,,1,79,,241601,39,,,1,25,,241602,39,,,1,394,,241606,15,0,5 29 30,1,100,,241612,15,0,5 29 30,1,100,,241618,15,0,16 29 30,1,95,,241622,15,0,16 29 30,1,85,,241626,15,0,16 29 30,1,110,,241629,15,0,16 29 30,1,98,,241631,15,0,16 29 30,1,95,,241634,15,0,16 29 30,1,104,,241636,39,,,1,105,,241637,39,,,1,93,,241638,39,,,1,97,,241639,39,,,1,99,,241640,39,,,1,100,,241641,39,,,1,97,,241642,39,,,1,100,,241643,39,,,1,104,,241644,39,,,1
2100,'20260930',433,,241645,39,,,1,79,,241646,39,,,1,25,,241647,39,,,1,394,,241651,15,0,5 29 30,1,100,,241657,15,0,5 29 30,1,100,,241663,15,0,16 29 30,1,95,,241667,15,0,16 29 30,1,85,,241671,15,0,16 29 30,1,110,,241674,15,0,16 29 30,1,98,,241676,15,0,16 29 30,1,95,,241679,15,0,16 29 30,1,104,,241681,39,,,1,105,,241682,39,,,1,93,,241683,39,,,1,97,,241684,39,,,1,99,,241685,39,,,1,100,,241686,39,,,1,97,,241687,39,,,1,100,,241688,39,,,1,104,,241689,39,,,1
2100,'20261001',433,,241690,39,,,1,79,,241691,39,,,1,25,,241692,39,,,1,394,,241696,15,0,5 29 30,1,100,,241702,15,0,5 29 30,1,100,,241708,15,0,16 29 30,1,95,,241712,15,0,16 29 30,1,85,,241716,15,0,16 29 30,1,110,,241719,15,0,16 29 30,1,98,,241721,15,0,16 29 30,1,95,,241724,15,0,16 29 30,1,104,,241726,39,,,1,105,,241727,39,,,1,93,,241728,39,,,1,97,,241729,39,,,1,99,,241730,39,,,1,100,,241731,39,,,1,97,,241732,39,,,1,100,,241733,39,,,1,104,,241734,39,,,1
2100,'20261002',433,,241735,39,,,1,79,,241736,39,,,1,25,,241737,39,,,1,394,,241741,15,0,5 29 30,1,100,,241747,15,0,5 29 30,1,100,,241753,15,0,16 29 30,1,95,,241757,15,0,16 29 30,1,85,,241761,15,0,16 29 30,1,110,,241764,15,0,16 29 30,1,98,,241766,15,0,16 29 30,1,95,,241769,15,0,16 29 30,1,104,,241771,39,,,1,105,,241772,39,,,1,93,,241773,39,,,1,97,,241774,39,,,1,99,,241775,39,,,1,100,,241776,39,,,1,97,,241777,39,,,1,100,,241778,39,,,1,104,,241779,39,,,1
2100,'20261003',534,,241780,39,0,57 29 30,1,100,,241781,39,0,57 29 30,1,77,,241782,39,0,57 29 30,1,110,,241785,17,0,34 29 30,1,100,,241789,17,0,34 29 30,1,103,,241793,17,0,34 29 30,1,100,,241797,17,0,34 29 30,1,100,,241800,17,0,34 29 30,1,100,,241803,17,0,34 29 30,1,100,,241806,17,0,34 29 30,1,100,,241809,17,0,34 29 30,1,100,,241812,17,0,34 29 30,1,100,,241815,17,0,34 29 30,1,100,,241818,17,0,34 29 30,1,100,,241820,17,0,34 29 30,1,92,,241822,39,0,57 29 30,1,95,,241823,39,0,57 29 30,1,98,,241824,39,0,57 29 30,1,95,,241825,39,0,57 29 30,1,102,,241826,39,0,57 29 30,1,100,,241827,39,0,57 29 30,1
2100,'20261004',534,,241828,39,0,57 29 30,1,100,,241829,39,0,57 29 30,1,77,,241830,39,0,57 29 30,1,110,,241832,17,0,34 29 30,1,100,,241835,17,0,34 29 30,1,103,,241838,17,0,34 29 30,1,100,,241841,17,0,34 29 30,1,100,,241844,17,0,34 29 30,1,100,,241847,17,0,34 29 30,1,100,,241850,17,0,34 29 30,1,100,,241853,17,0,34 29 30,1,100,,241856,17,0,34 29 30,1,100,,241859,17,0,34 29 30,1,100,,241862,17,0,34 29 30,1,100,,241864,17,0,34 29 30,1,92,,241865,39,0,57 29 30,1,95,,241866,39,0,57 29 30,1,98,,241867,39,0,57 29 30,1,95,,241868,39,0,57 29 30,1,102,,241869,39,0,57 29 30,1,100,,241870,39,0,57 29 30,1
2100,'20261005',433,,241871,39,,,1,79,,241872,39,,,1,25,,241873,39,,,1,394,,241877,15,0,5 29 30,1,100,,241883,15,0,5 29 30,1,100,,241889,15,0,16 29 30,1,95,,241893,15,0,16 29 30,1,85,,241897,15,0,16 29 30,1,110,,241900,15,0,16 29 30,1,98,,241902,15,0,16 29 30,1,95,,241905,15,0,16 29 30,1,104,,241907,39,,,1,105,,241908,39,,,1,93,,241909,39,,,1,97,,241910,39,,,1,99,,241911,39,,,1,100,,241912,39,,,1,97,,241913,39,,,1,100,,241914,39,,,1,104,,241915,39,,,1
2100,'20261006',433,,241916,39,,,1,79,,241917,39,,,1,25,,241918,39,,,1,394,,241922,15,0,5 29 30,1,100,,241928,15,0,5 29 30,1,100,,241934,15,0,16 29 30,1,95,,241938,15,0,16 29 30,1,85,,241942,15,0,16 29 30,1,110,,241945,15,0,16 29 30,1,98,,241947,15,0,16 29 30,1,95,,241950,15,0,16 29 30,1,104,,241952,39,,,1,105,,241953,39,,,1,93,,241954,39,,,1,97,,241955,39,,,1,99,,241956,39,,,1,100,,241957,39,,,1,97,,241958,39,,,1,100,,241959,39,,,1,104,,241960,39,,,1
2100,'20261007',433,,241961,39,,,1,79,,241962,39,,,1,25,,241963,39,,,1,394,,241967,15,0,5 29 30,1,100,,241973,15,0,5 29 30,1,100,,241979,15,0,16 29 30,1,95,,241983,15,0,16 29 30,1,85,,241987,15,0,16 29 30,1,110,,241990,15,0,16 29 30,1,98,,241992,15,0,16 29 30,1,95,,241995,15,0,16 29 30,1,104,,241997,39,,,1,105,,241998,39,,,1,93,,241999,39,,,1,97,,242000,39,,,1,99,,242001,39,,,1,100,,242002,39,,,1,97,,242003,39,,,1,100,,242004,39,,,1,104,,242005,39,,,1
2100,'20261008',433,,242006,39,,,1,79,,242007,39,,,1,25,,242008,39,,,1,394,,242012,15,0,5 29 30,1,100,,242018,15,0,5 29 30,1,100,,242024,15,0,16 29 30,1,95,,242028,15,0,16 29 30,1,85,,242032,15,0,16 29 30,1,110,,242035,15,0,16 29 30,1,98,,242037,15,0,16 29 30,1,95,,242040,15,0,16 29 30,1,104,,242042,39,,,1,105,,242043,39,,,1,93,,242044,39,,,1,97,,242045,39,,,1,99,,242046,39,,,1,100,,242047,39,,,1,97,,242048,39,,,1,100,,242049,39,,,1,104,,242050,39,,,1
2100,'20261009',433,,242051,39,,,1,79,,242052,39,,,1,25,,242053,39,,,1,394,,242057,15,0,5 29 30,1,100,,242063,15,0,5 29 30,1,100,,242069,15,0,16 29 30,1,95,,242073,15,0,16 29 30,1,85,,242077,15,0,16 29 30,1,110,,242080,15,0,16 29 30,1,98,,242082,15,0,16 29 30,1,95,,242085,15,0,16 29 30,1,104,,242087,39,,,1,105,,242088,39,,,1,93,,242089,39,,,1,97,,242090,39,,,1,99,,242091,39,,,1,100,,242092,39,,,1,97,,242093,39,,,1,100,,242094,39,,,1,104,,242095,39,,,1
2100,'20261010',534,,242096,39,0,57 29 30,1,100,,242097,39,0,57 29 30,1,77,,242098,39,0,57 29 30,1,110,,242101,17,0,34 29 30,1,100,,242105,17,0,34 29 30,1,103,,242109,17,0,34 29 30,1,100,,242113,17,0,34 29 30,1,100,,242116,17,0,34 29 30,1,100,,242119,17,0,34 29 30,1,100,,242122,17,0,34 29 30,1,100,,242125,17,0,34 29 30,1,100,,242128,17,0,34 29 30,1,100,,242131,17,0,34 29 30,1,100,,242134,17,0,34 29 30,1,100,,242136,17,0,34 29 30,1,92,,242138,39,0,57 29 30,1,95,,242139,39,0,57 29 30,1,98,,242140,39,0,57 29 30,1,95,,242141,39,0,57 29 30,1,102,,242142,39,0,57 29 30,1,100,,242143,39,0,57 29 30,1
2100,'20261011',534,,242144,39,0,57 29 30,1,100,,242145,39,0,57 29 30,1,77,,242146,39,0,57 29 30,1,110,,242148,17,0,34 29 30,1,100,,242151,17,0,34 29 30,1,103,,242154,17,0,34 29 30,1,100,,242157,17,0,34 29 30,1,100,,242160,17,0,34 29 30,1,100,,242163,17,0,34 29 30,1,100,,242166,17,0,34 29 30,1,100,,242169,17,0,34 29 30,1,100,,242172,17,0,34 29 30,1,100,,242175,17,0,34 29 30,1,100,,242178,17,0,34 29 30,1,100,,242180,17,0,34 29 30,1,92,,242181,39,0,57 29 30,1,95,,242182,39,0,57 29 30,1,98,,242183,39,0,57 29 30,1,95,,242184,39,0,57 29 30,1,102,,242185,39,0,57 29 30,1,100,,242186,39,0,57 29 30,1
2100,'20261012',534,,242187,39,0,57 29 30,1,100,,242188,39,0,57 29 30,1,77,,242189,39,0,57 29 30,1,110,,242192,17,0,34 29 30,1,100,,242196,17,0,34 29 30,1,103,,242200,17,0,34 29 30,1,100,,242204,17,0,34 29 30,1,100,,242207,17,0,34 29 30,1,100,,242210,17,0,34 29 30,1,100,,242213,17,0,34 29 30,1,100,,242216,17,0,34 29 30,1,100,,242219,17,0,34 29 30,1,100,,242222,17,0,34 29 30,1,100,,242225,17,0,34 29 30,1,100,,242227,17,0,34 29 30,1,92,,242229,39,0,57 29 30,1,95,,242230,39,0,57 29 30,1,98,,242231,39,0,57 29 30,1,95,,242232,39,0,57 29 30,1,102,,242233,39,0,57 29 30,1,100,,242234,39,0,57 29 30,1
2100,'20261013',433,,242235,39,,,1,79,,242236,39,,,1,25,,242237,39,,,1,394,,242241,15,0,5 29 30,1,100,,242247,15,0,5 29 30,1,100,,242253,15,0,16 29 30,1,95,,242257,15,0,16 29 30,1,85,,242261,15,0,16 29 30,1,110,,242264,15,0,16 29 30,1,98,,242266,15,0,16 29 30,1,95,,242269,15,0,16 29 30,1,104,,242271,39,,,1,105,,242272,39,,,1,93,,242273,39,,,1,97,,242274,39,,,1,99,,242275,39,,,1,100,,242276,39,,,1,97,,242277,39,,,1,100,,242278,39,,,1,104,,242279,39,,,1
2100,'20261014',433,,242280,39,,,1,79,,242281,39,,,1,25,,242282,39,,,1,394,,242286,15,0,5 29 30,1,100,,242292,15,0,5 29 30,1,100,,242298,15,0,16 29 30,1,95,,242302,15,0,16 29 30,1,85,,242306,15,0,16 29 30,1,110,,242309,15,0,16 29 30,1,98,,242311,15,0,16 29 30,1,95,,242314,15,0,16 29 30,1,104,,242316,39,,,1,105,,242317,39,,,1,93,,242318,39,,,1,97,,242319,39,,,1,99,,242320,39,,,1,100,,242321,39,,,1,97,,242322,39,,,1,100,,242323,39,,,1,104,,242324,39,,,1
2100,'20261015',433,,242325,39,,,1,79,,242326,39,,,1,25,,242327,39,,,1,394,,242331,15,0,5 29 30,1,100,,242337,15,0,5 29 30,1,100,,242343,15,0,16 29 30,1,95,,242347,15,0,16 29 30,1,85,,242351,15,0,16 29 30,1,110,,242354,15,0,16 29 30,1,98,,242356,15,0,16 29 30,1,95,,242359,15,0,16 29 30,1,104,,242361,39,,,1,105,,242362,39,,,1,93,,242363,39,,,1,97,,242364,39,,,1,99,,242365,39,,,1,100,,242366,39,,,1,97,,242367,39,,,1,100,,242368,39,,,1,104,,242369,39,,,1
2100,'20261016',433,,242370,39,,,1,79,,242371,39,,,1,25,,242372,39,,,1,394,,242376,15,0,5 29 30,1,100,,242382,15,0,5 29 30,1,100,,242388,15,0,16 29 30,1,95,,242392,15,0,16 29 30,1,85,,242396,15,0,16 29 30,1,110,,242399,15,0,16 29 30,1,98,,242401,15,0,16 29 30,1,95,,242404,15,0,16 29 30,1,104,,242406,39,,,1,105,,242407,39,,,1,93,,242408,39,,,1,97,,242409,39,,,1,99,,242410,39,,,1,100,,242411,39,,,1,97,,242412,39,,,1,100,,242413,39,,,1,104,,242414,39,,,1
2100,'20261017',534,,242415,39,0,57 29 30,1,100,,242416,39,0,57 29 30,1,77,,242417,39,0,57 29 30,1,110,,242420,17,0,34 29 30,1,100,,242424,17,0,34 29 30,1,103,,242428,17,0,34 29 30,1,100,,242432,17,0,34 29 30,1,100,,242435,17,0,34 29 30,1,100,,242438,17,0,34 29 30,1,100,,242441,17,0,34 29 30,1,100,,242444,17,0,34 29 30,1,100,,242447,17,0,34 29 30,1,100,,242450,17,0,34 29 30,1,100,,242453,17,0,34 29 30,1,100,,242455,17,0,34 29 30,1,92,,242457,39,0,57 29 30,1,95,,242458,39,0,57 29 30,1,98,,242459,39,0,57 29 30,1,95,,242460,39,0,57 29 30,1,102,,242461,39,0,57 29 30,1,100,,242462,39,0,57 29 30,1
2100,'20261018',534,,242463,39,0,57 29 30,1,100,,242464,39,0,57 29 30,1,77,,242465,39,0,57 29 30,1,110,,242467,17,0,34 29 30,1,100,,242470,17,0,34 29 30,1,103,,242473,17,0,34 29 30,1,100,,242476,17,0,34 29 30,1,100,,242479,17,0,34 29 30,1,100,,242482,17,0,34 29 30,1,100,,242485,17,0,34 29 30,1,100,,242488,17,0,34 29 30,1,100,,242491,17,0,34 29 30,1,100,,242494,17,0,34 29 30,1,100,,242497,17,0,34 29 30,1,100,,242499,17,0,34 29 30,1,92,,242500,39,0,57 29 30,1,95,,242501,39,0,57 29 30,1,98,,242502,39,0,57 29 30,1,95,,242503,39,0,57 29 30,1,102,,242504,39,0,57 29 30,1,100,,242505,39,0,57 29 30,1
2100,'20261019',433,,242506,39,,,1,79,,242507,39,,,1,25,,242508,39,,,1,394,,242512,15,0,5 29 30,1,100,,242518,15,0,5 29 30,1,100,,242524,15,0,16 29 30,1,95,,242528,15,0,16 29 30,1,85,,242532,15,0,16 29 30,1,110,,242535,15,0,16 29 30,1,98,,242537,15,0,16 29 30,1,95,,242540,15,0,16 29 30,1,104,,242542,39,,,1,105,,242543,39,,,1,93,,242544,39,,,1,97,,242545,39,,,1,99,,242546,39,,,1,100,,242547,39,,,1,97,,242548,39,,,1,100,,242549,39,,,1,104,,242550,39,,,1
2100,'20261020',433,,242551,39,,,1,79,,242552,39,,,1,25,,242553,39,,,1,394,,242557,15,0,5 29 30,1,100,,242563,15,0,5 29 30,1,100,,242569,15,0,16 29 30,1,95,,242573,15,0,16 29 30,1,85,,242577,15,0,16 29 30,1,110,,242580,15,0,16 29 30,1,98,,242582,15,0,16 29 30,1,95,,242585,15,0,16 29 30,1,104,,242587,39,,,1,105,,242588,39,,,1,93,,242589,39,,,1,97,,242590,39,,,1,99,,242591,39,,,1,100,,242592,39,,,1,97,,242593,39,,,1,100,,242594,39,,,1,104,,242595,39,,,1
2100,'20261021',433,,242596,39,,,1,79,,242597,39,,,1,25,,242598,39,,,1,394,,242602,15,0,5 29 30,1,100,,242608,15,0,5 29 30,1,100,,242614,15,0,16 29 30,1,95,,242618,15,0,16 29 30,1,85,,242622,15,0,16 29 30,1,110,,242625,15,0,16 29 30,1,98,,242627,15,0,16 29 30,1,95,,242630,15,0,16 29 30,1,104,,242632,39,,,1,105,,242633,39,,,1,93,,242634,39,,,1,97,,242635,39,,,1,99,,242636,39,,,1,100,,242637,39,,,1,97,,242638,39,,,1,100,,242639,39,,,1,104,,242640,39,,,1
2100,'20261022',433,,242641,39,,,1,79,,242642,39,,,1,25,,242643,39,,,1,394,,242647,15,0,5 29 30,1,100,,242653,15,0,5 29 30,1,100,,242659,15,0,16 29 30,1,95,,242663,15,0,16 29 30,1,85,,242667,15,0,16 29 30,1,110,,242670,15,0,16 29 30,1,98,,242672,15,0,16 29 30,1,95,,242675,15,0,16 29 30,1,104,,242677,39,,,1,105,,242678,39,,,1,93,,242679,39,,,1,97,,242680,39,,,1,99,,242681,39,,,1,100,,242682,39,,,1,97,,242683,39,,,1,100,,242684,39,,,1,104,,242685,39,,,1
2100,'20261023',433,,242686,39,,,1,79,,242687,39,,,1,25,,242688,39,,,1,394,,242692,15,0,5 29 30,1,100,,242698,15,0,5 29 30,1,100,,242704,15,0,16 29 30,1,95,,242708,15,0,16 29 30,1,85,,242712,15,0,16 29 30,1,110,,242715,15,0,16 29 30,1,98,,242717,15,0,16 29 30,1,95,,242720,15,0,16 29 30,1,104,,242722,39,,,1,105,,242723,39,,,1,93,,242724,39,,,1,97,,242725,39,,,1,99,,242726,39,,,1,100,,242727,39,,,1,97,,242728,39,,,1,100,,242729,39,,,1,104,,242730,39,,,1
2100,'20261024',534,,242731,39,0,57 29 30,1,100,,242732,39,0,57 29 30,1,77,,242733,39,0,57 29 30,1,110,,242736,17,0,34 29 30,1,100,,242740,17,0,34 29 30,1,103,,242744,17,0,34 29 30,1,100,,242748,17,0,34 29 30,1,100,,242751,17,0,34 29 30,1,100,,242754,17,0,34 29 30,1,100,,242757,17,0,34 29 30,1,100,,242760,17,0,34 29 30,1,100,,242763,17,0,34 29 30,1,100,,242766,17,0,34 29 30,1,100,,242769,17,0,34 29 30,1,100,,242771,17,0,34 29 30,1,92,,242773,39,0,57 29 30,1,95,,242774,39,0,57 29 30,1,98,,242775,39,0,57 29 30,1,95,,242776,39,0,57 29 30,1,102,,242777,39,0,57 29 30,1,100,,242778,39,0,57 29 30,1
2100,'20261025',534,,242779,39,0,57 29 30,1,100,,242780,39,0,57 29 30,1,77,,242781,39,0,57 29 30,1,110,,242783,17,0,34 29 30,1,100,,242786,17,0,34 29 30,1,103,,242789,17,0,34 29 30,1,100,,242792,17,0,34 29 30,1,100,,242795,17,0,34 29 30,1,100,,242798,17,0,34 29 30,1,100,,242801,17,0,34 29 30,1,100,,242804,17,0,34 29 30,1,100,,242807,17,0,34 29 30,1,100,,242810,17,0,34 29 30,1,100,,242813,17,0,34 29 30,1,100,,242815,17,0,34 29 30,1,92,,242816,39,0,57 29 30,1,95,,242817,39,0,57 29 30,1,98,,242818,39,0,57 29 30,1,95,,242819,39,0,57 29 30,1,102,,242820,39,0,57 29 30,1,100,,242821,39,0,57 29 30,1
2100,'20261026',433,,242822,39,,,1,79,,242823,39,,,1,25,,242824,39,,,1,394,,242828,15,0,5 29 30,1,100,,242834,15,0,5 29 30,1,100,,242840,15,0,16 29 30,1,95,,242844,15,0,16 29 30,1,85,,242848,15,0,16 29 30,1,110,,242851,15,0,16 29 30,1,98,,242853,15,0,16 29 30,1,95,,242856,15,0,16 29 30,1,104,,242858,39,,,1,105,,242859,39,,,1,93,,242860,39,,,1,97,,242861,39,,,1,99,,242862,39,,,1,100,,242863,39,,,1,97,,242864,39,,,1,100,,242865,39,,,1,104,,242866,39,,,1
2100,'20261027',433,,242867,39,,,1,79,,242868,39,,,1,25,,242869,39,,,1,394,,242873,15,0,5 29 30,1,100,,242879,15,0,5 29 30,1,100,,242885,15,0,16 29 30,1,95,,242889,15,0,16 29 30,1,85,,242893,15,0,16 29 30,1,110,,242896,15,0,16 29 30,1,98,,242898,15,0,16 29 30,1,95,,242901,15,0,16 29 30,1,104,,242903,39,,,1,105,,242904,39,,,1,93,,242905,39,,,1,97,,242906,39,,,1,99,,242907,39,,,1,100,,242908,39,,,1,97,,242909,39,,,1,100,,242910,39,,,1,104,,242911,39,,,1
2100,'20261028',433,,242912,39,,,1,79,,242913,39,,,1,25,,242914,39,,,1,394,,242918,15,0,5 29 30,1,100,,242924,15,0,5 29 30,1,100,,242930,15,0,16 29 30,1,95,,242934,15,0,16 29 30,1,85,,242938,15,0,16 29 30,1,110,,242941,15,0,16 29 30,1,98,,242943,15,0,16 29 30,1,95,,242946,15,0,16 29 30,1,104,,242948,39,,,1,105,,242949,39,,,1,93,,242950,39,,,1,97,,242951,39,,,1,99,,242952,39,,,1,100,,242953,39,,,1,97,,242954,39,,,1,100,,242955,39,,,1,104,,242956,39,,,1
2100,'20261029',433,,242957,39,,,1,79,,242958,39,,,1,25,,242959,39,,,1,394,,242963,15,0,5 29 30,1,100,,242969,15,0,5 29 30,1,100,,242975,15,0,16 29 30,1,95,,242979,15,0,16 29 30,1,85,,242983,15,0,16 29 30,1,110,,242986,15,0,16 29 30,1,98,,242988,15,0,16 29 30,1,95,,242991,15,0,16 29 30,1,104,,242993,39,,,1,105,,242994,39,,,1,93,,242995,39,,,1,97,,242996,39,,,1,99,,242997,39,,,1,100,,242998,39,,,1,97,,242999,39,,,1,100,,243000,39,,,1,104,,243001,39,,,1
2100,'20261030',433,,243002,39,,,1,79,,243003,39,,,1,25,,243004,39,,,1,394,,243008,15,0,5 29 30,1,100,,243014,15,0,5 29 30,1,100,,243020,15,0,16 29 30,1,95,,243024,15,0,16 29 30,1,85,,243028,15,0,16 29 30,1,110,,243031,15,0,16 29 30,1,98,,243033,15,0,16 29 30,1,95,,243036,15,0,16 29 30,1,104,,243038,39,,,1,105,,243039,39,,,1,93,,243040,39,,,1,97,,243041,39,,,1,99,,243042,39,,,1,100,,243043,39,,,1,97,,243044,39,,,1,100,,243045,39,,,1,104,,243046,39,,,1
2100,'20261031',534,,243047,39,0,57 29 30,1,100,,243048,39,0,57 29 30,1,77,,243049,39,0,57 29 30,1,110,,243052,17,0,34 29 30,1,100,,243056,17,0,34 29 30,1,103,,243060,17,0,34 29 30,1,100,,243064,17,0,34 29 30,1,100,,243067,17,0,34 29 30,1,100,,243070,17,0,34 29 30,1,100,,243073,17,0,34 29 30,1,100,,243076,17,0,34 29 30,1,100,,243079,17,0,34 29 30,1,100,,243082,17,0,34 29 30,1,100,,243085,17,0,34 29 30,1,100,,243087,17,0,34 29 30,1,92,,243089,39,0,57 29 30,1,95,,243090,39,0,57 29 30,1,98,,243091,39,0,57 29 30,1,95,,243092,39,0,57 29 30,1,102,,243093,39,0,57 29 30,1,100,,243094,39,0,57 29 30,1
2100,'20261101',534,,243095,39,0,57 29 30,1,100,,243096,39,0,57 29 30,1,77,,243097,39,0,57 29 30,1,110,,243099,17,0,34 29 30,1,100,,243102,17,0,34 29 30,1,103,,243105,17,0,34 29 30,1,100,,243108,17,0,34 29 30,1,100,,243111,17,0,34 29 30,1,100,,243114,17,0,34 29 30,1,100,,243117,17,0,34 29 30,1,100,,243120,17,0,34 29 30,1,100,,243123,17,0,34 29 30,1,100,,243126,17,0,34 29 30,1,100,,243129,17,0,34 29 30,1,100,,243131,17,0,34 29 30,1,92,,243132,39,0,57 29 30,1,95,,243133,39,0,57 29 30,1,98,,243134,39,0,57 29 30,1,95,,243135,39,0,57 29 30,1,102,,243136,39,0,57 29 30,1,100,,243137,39,0,57 29 30,1
2100,'20261102',433,,243138,39,,,1,79,,243139,39,,,1,25,,243140,39,,,1,394,,243144,15,0,5 29 30,1,100,,243150,15,0,5 29 30,1,100,,243156,15,0,16 29 30,1,95,,243160,15,0,16 29 30,1,85,,243164,15,0,16 29 30,1,110,,243167,15,0,16 29 30,1,98,,243169,15,0,16 29 30,1,95,,243172,15,0,16 29 30,1,104,,243174,39,,,1,105,,243175,39,,,1,93,,243176,39,,,1,97,,243177,39,,,1,99,,243178,39,,,1,100,,243179,39,,,1,97,,243180,39,,,1,100,,243181,39,,,1,104,,243182,39,,,1
2100,'20261103',433,,243183,39,,,1,79,,243184,39,,,1,25,,243185,39,,,1,394,,243189,15,0,5 29 30,1,100,,243195,15,0,5 29 30,1,100,,243201,15,0,16 29 30,1,95,,243205,15,0,16 29 30,1,85,,243209,15,0,16 29 30,1,110,,243212,15,0,16 29 30,1,98,,243214,15,0,16 29 30,1,95,,243217,15,0,16 29 30,1,104,,243219,39,,,1,105,,243220,39,,,1,93,,243221,39,,,1,97,,243222,39,,,1,99,,243223,39,,,1,100,,243224,39,,,1,97,,243225,39,,,1,100,,243226,39,,,1,104,,243227,39,,,1
2100,'20261104',433,,243228,39,,,1,79,,243229,39,,,1,25,,243230,39,,,1,394,,243234,15,0,5 29 30,1,100,,243240,15,0,5 29 30,1,100,,243246,15,0,16 29 30,1,95,,243250,15,0,16 29 30,1,85,,243254,15,0,16 29 30,1,110,,243257,15,0,16 29 30,1,98,,243259,15,0,16 29 30,1,95,,243262,15,0,16 29 30,1,104,,243264,39,,,1,105,,243265,39,,,1,93,,243266,39,,,1,97,,243267,39,,,1,99,,243268,39,,,1,100,,243269,39,,,1,97,,243270,39,,,1,100,,243271,39,,,1,104,,243272,39,,,1
2100,'20261105',433,,243273,39,,,1,79,,243274,39,,,1,25,,243275,39,,,1,394,,243279,15,0,5 29 30,1,100,,243285,15,0,5 29 30,1,100,,243291,15,0,16 29 30,1,95,,243295,15,0,16 29 30,1,85,,243299,15,0,16 29 30,1,110,,243302,15,0,16 29 30,1,98,,243304,15,0,16 29 30,1,95,,243307,15,0,16 29 30,1,104,,243309,39,,,1,105,,243310,39,,,1,93,,243311,39,,,1,97,,243312,39,,,1,99,,243313,39,,,1,100,,243314,39,,,1,97,,243315,39,,,1,100,,243316,39,,,1,104,,243317,39,,,1
2100,'20261106',433,,243318,39,,,1,79,,243319,39,,,1,25,,243320,39,,,1,394,,243324,15,0,5 29 30,1,100,,243330,15,0,5 29 30,1,100,,243336,15,0,16 29 30,1,95,,243340,15,0,16 29 30,1,85,,243344,15,0,16 29 30,1,110,,243347,15,0,16 29 30,1,98,,243349,15,0,16 29 30,1,95,,243352,15,0,16 29 30,1,104,,243354,39,,,1,105,,243355,39,,,1,93,,243356,39,,,1,97,,243357,39,,,1,99,,243358,39,,,1,100,,243359,39,,,1,97,,243360,39,,,1,100,,243361,39,,,1,104,,243362,39,,,1
2100,'20261107',534,,243363,39,0,57 29 30,1,100,,243364,39,0,57 29 30,1,77,,243365,39,0,57 29 30,1,110,,243368,17,0,34 29 30,1,100,,243372,17,0,34 29 30,1,103,,243376,17,0,34 29 30,1,100,,243380,17,0,34 29 30,1,100,,243383,17,0,34 29 30,1,100,,243386,17,0,34 29 30,1,100,,243389,17,0,34 29 30,1,100,,243392,17,0,34 29 30,1,100,,243395,17,0,34 29 30,1,100,,243398,17,0,34 29 30,1,100,,243401,17,0,34 29 30,1,100,,243403,17,0,34 29 30,1,92,,243405,39,0,57 29 30,1,95,,243406,39,0,57 29 30,1,98,,243407,39,0,57 29 30,1,95,,243408,39,0,57 29 30,1,102,,243409,39,0,57 29 30,1,100,,243410,39,0,57 29 30,1
2100,'20261108',534,,243411,39,0,57 29 30,1,100,,243412,39,0,57 29 30,1,77,,243413,39,0,57 29 30,1,110,,243415,17,0,34 29 30,1,100,,243418,17,0,34 29 30,1,103,,243421,17,0,34 29 30,1,100,,243424,17,0,34 29 30,1,100,,243427,17,0,34 29 30,1,100,,243430,17,0,34 29 30,1,100,,243433,17,0,34 29 30,1,100,,243436,17,0,34 29 30,1,100,,243439,17,0,34 29 30,1,100,,243442,17,0,34 29 30,1,100,,243445,17,0,34 29 30,1,100,,243447,17,0,34 29 30,1,92,,243448,39,0,57 29 30,1,95,,243449,39,0,57 29 30,1,98,,243450,39,0,57 29 30,1,95,,243451,39,0,57 29 30,1,102,,243452,39,0,57 29 30,1,100,,243453,39,0,57 29 30,1
2100,'20261109',433,,243454,39,,,1,79,,243455,39,,,1,25,,243456,39,,,1,394,,243460,15,0,5 29 30,1,100,,243466,15,0,5 29 30,1,100,,243472,15,0,16 29 30,1,95,,243476,15,0,16 29 30,1,85,,243480,15,0,16 29 30,1,110,,243483,15,0,16 29 30,1,98,,243485,15,0,16 29 30,1,95,,243488,15,0,16 29 30,1,104,,243490,39,,,1,105,,243491,39,,,1,93,,243492,39,,,1,97,,243493,39,,,1,99,,243494,39,,,1,100,,243495,39,,,1,97,,243496,39,,,1,100,,243497,39,,,1,104,,243498,39,,,1
2100,'20261110',433,,243499,39,,,1,79,,243500,39,,,1,25,,243501,39,,,1,394,,243505,15,0,5 29 30,1,100,,243511,15,0,5 29 30,1,100,,243517,15,0,16 29 30,1,95,,243521,15,0,16 29 30,1,85,,243525,15,0,16 29 30,1,110,,243528,15,0,16 29 30,1,98,,243530,15,0,16 29 30,1,95,,243533,15,0,16 29 30,1,104,,243535,39,,,1,105,,243536,39,,,1,93,,243537,39,,,1,97,,243538,39,,,1,99,,243539,39,,,1,100,,243540,39,,,1,97,,243541,39,,,1,100,,243542,39,,,1,104,,243543,39,,,1
2100,'20261111',433,,243544,39,,,1,79,,243545,39,,,1,25,,243546,39,,,1,394,,243550,15,0,5 29 30,1,100,,243556,15,0,5 29 30,1,100,,243562,15,0,16 29 30,1,95,,243566,15,0,16 29 30,1,85,,243570,15,0,16 29 30,1,110,,243573,15,0,16 29 30,1,98,,243575,15,0,16 29 30,1,95,,243578,15,0,16 29 30,1,104,,243580,39,,,1,105,,243581,39,,,1,93,,243582,39,,,1,97,,243583,39,,,1,99,,243584,39,,,1,100,,243585,39,,,1,97,,243586,39,,,1,100,,243587,39,,,1,104,,243588,39,,,1
2100,'20261112',433,,243589,39,,,1,79,,243590,39,,,1,25,,243591,39,,,1,394,,243595,15,0,5 29 30,1,100,,243601,15,0,5 29 30,1,100,,243607,15,0,16 29 30,1,95,,243611,15,0,16 29 30,1,85,,243615,15,0,16 29 30,1,110,,243618,15,0,16 29 30,1,98,,243620,15,0,16 29 30,1,95,,243623,15,0,16 29 30,1,104,,243625,39,,,1,105,,243626,39,,,1,93,,243627,39,,,1,97,,243628,39,,,1,99,,243629,39,,,1,100,,243630,39,,,1,97,,243631,39,,,1,100,,243632,39,,,1,104,,243633,39,,,1
2100,'20261113',433,,243634,39,,,1,79,,243635,39,,,1,25,,243636,39,,,1,394,,243640,15,0,5 29 30,1,100,,243646,15,0,5 29 30,1,100,,243652,15,0,16 29 30,1,95,,243656,15,0,16 29 30,1,85,,243660,15,0,16 29 30,1,110,,243663,15,0,16 29 30,1,98,,243665,15,0,16 29 30,1,95,,243668,15,0,16 29 30,1,104,,243670,39,,,1,105,,243671,39,,,1,93,,243672,39,,,1,97,,243673,39,,,1,99,,243674,39,,,1,100,,243675,39,,,1,97,,243676,39,,,1,100,,243677,39,,,1,104,,243678,39,,,1
2100,'20261114',534,,243679,39,0,57 29 30,1,100,,243680,39,0,57 29 30,1,77,,243681,39,0,57 29 30,1,110,,243684,17,0,34 29 30,1,100,,243688,17,0,34 29 30,1,103,,243692,17,0,34 29 30,1,100,,243696,17,0,34 29 30,1,100,,243699,17,0,34 29 30,1,100,,243702,17,0,34 29 30,1,100,,243705,17,0,34 29 30,1,100,,243708,17,0,34 29 30,1,100,,243711,17,0,34 29 30,1,100,,243714,17,0,34 29 30,1,100,,243717,17,0,34 29 30,1,100,,243719,17,0,34 29 30,1,92,,243721,39,0,57 29 30,1,95,,243722,39,0,57 29 30,1,98,,243723,39,0,57 29 30,1,95,,243724,39,0,57 29 30,1,102,,243725,39,0,57 29 30,1,100,,243726,39,0,57 29 30,1
2100,'20261115',534,,243727,39,0,57 29 30,1,100,,243728,39,0,57 29 30,1,77,,243729,39,0,57 29 30,1,110,,243731,17,0,34 29 30,1,100,,243734,17,0,34 29 30,1,103,,243737,17,0,34 29 30,1,100,,243740,17,0,34 29 30,1,100,,243743,17,0,34 29 30,1,100,,243746,17,0,34 29 30,1,100,,243749,17,0,34 29 30,1,100,,243752,17,0,34 29 30,1,100,,243755,17,0,34 29 30,1,100,,243758,17,0,34 29 30,1,100,,243761,17,0,34 29 30,1,100,,243763,17,0,34 29 30,1,92,,243764,39,0,57 29 30,1,95,,243765,39,0,57 29 30,1,98,,243766,39,0,57 29 30,1,95,,243767,39,0,57 29 30,1,102,,243768,39,0,57 29 30,1,100,,243769,39,0,57 29 30,1
2100,'20261116',433,,243770,39,,,1,79,,243771,39,,,1,25,,243772,39,,,1,394,,243776,15,0,5 29 30,1,100,,243782,15,0,5 29 30,1,100,,243788,15,0,16 29 30,1,95,,243792,15,0,16 29 30,1,85,,243796,15,0,16 29 30,1,110,,243799,15,0,16 29 30,1,98,,243801,15,0,16 29 30,1,95,,243804,15,0,16 29 30,1,104,,243806,39,,,1,105,,243807,39,,,1,93,,243808,39,,,1,97,,243809,39,,,1,99,,243810,39,,,1,100,,243811,39,,,1,97,,243812,39,,,1,100,,243813,39,,,1,104,,243814,39,,,1
2100,'20261117',433,,243815,39,,,1,79,,243816,39,,,1,25,,243817,39,,,1,394,,243821,15,0,5 29 30,1,100,,243827,15,0,5 29 30,1,100,,243833,15,0,16 29 30,1,95,,243837,15,0,16 29 30,1,85,,243841,15,0,16 29 30,1,110,,243844,15,0,16 29 30,1,98,,243846,15,0,16 29 30,1,95,,243849,15,0,16 29 30,1,104,,243851,39,,,1,105,,243852,39,,,1,93,,243853,39,,,1,97,,243854,39,,,1,99,,243855,39,,,1,100,,243856,39,,,1,97,,243857,39,,,1,100,,243858,39,,,1,104,,243859,39,,,1
2100,'20261118',433,,243860,39,,,1,79,,243861,39,,,1,25,,243862,39,,,1,394,,243866,15,0,5 29 30,1,100,,243872,15,0,5 29 30,1,100,,243878,15,0,16 29 30,1,95,,243882,15,0,16 29 30,1,85,,243886,15,0,16 29 30,1,110,,243889,15,0,16 29 30,1,98,,243891,15,0,16 29 30,1,95,,243894,15,0,16 29 30,1,104,,243896,39,,,1,105,,243897,39,,,1,93,,243898,39,,,1,97,,243899,39,,,1,99,,243900,39,,,1,100,,243901,39,,,1,97,,243902,39,,,1,100,,243903,39,,,1,104,,243904,39,,,1
2100,'20261119',433,,243905,39,,,1,79,,243906,39,,,1,25,,243907,39,,,1,394,,243911,15,0,5 29 30,1,100,,243917,15,0,5 29 30,1,100,,243923,15,0,16 29 30,1,95,,243927,15,0,16 29 30,1,85,,243931,15,0,16 29 30,1,110,,243934,15,0,16 29 30,1,98,,243936,15,0,16 29 30,1,95,,243939,15,0,16 29 30,1,104,,243941,39,,,1,105,,243942,39,,,1,93,,243943,39,,,1,97,,243944,39,,,1,99,,243945,39,,,1,100,,243946,39,,,1,97,,243947,39,,,1,100,,243948,39,,,1,104,,243949,39,,,1
2100,'20261120',433,,243950,39,,,1,79,,243951,39,,,1,25,,243952,39,,,1,394,,243956,15,0,5 29 30,1,100,,243962,15,0,5 29 30,1,100,,243968,15,0,16 29 30,1,95,,243972,15,0,16 29 30,1,85,,243976,15,0,16 29 30,1,110,,243979,15,0,16 29 30,1,98,,243981,15,0,16 29 30,1,95,,243984,15,0,16 29 30,1,104,,243986,39,,,1,105,,243987,39,,,1,93,,243988,39,,,1,97,,243989,39,,,1,99,,243990,39,,,1,100,,243991,39,,,1,97,,243992,39,,,1,100,,243993,39,,,1,104,,243994,39,,,1
2100,'20261121',534,,243995,39,0,57 29 30,1,100,,243996,39,0,57 29 30,1,77,,243997,39,0,57 29 30,1,110,,244000,17,0,34 29 30,1,100,,244004,17,0,34 29 30,1,103,,244008,17,0,34 29 30,1,100,,244012,17,0,34 29 30,1,100,,244015,17,0,34 29 30,1,100,,244018,17,0,34 29 30,1,100,,244021,17,0,34 29 30,1,100,,244024,17,0,34 29 30,1,100,,244027,17,0,34 29 30,1,100,,244030,17,0,34 29 30,1,100,,244033,17,0,34 29 30,1,100,,244035,17,0,34 29 30,1,92,,244037,39,0,57 29 30,1,95,,244038,39,0,57 29 30,1,98,,244039,39,0,57 29 30,1,95,,244040,39,0,57 29 30,1,102,,244041,39,0,57 29 30,1,100,,244042,39,0,57 29 30,1
2100,'20261122',534,,244043,39,0,57 29 30,1,100,,244044,39,0,57 29 30,1,77,,244045,39,0,57 29 30,1,110,,244047,17,0,34 29 30,1,100,,244050,17,0,34 29 30,1,103,,244053,17,0,34 29 30,1,100,,244056,17,0,34 29 30,1,100,,244059,17,0,34 29 30,1,100,,244062,17,0,34 29 30,1,100,,244065,17,0,34 29 30,1,100,,244068,17,0,34 29 30,1,100,,244071,17,0,34 29 30,1,100,,244074,17,0,34 29 30,1,100,,244077,17,0,34 29 30,1,100,,244079,17,0,34 29 30,1,92,,244080,39,0,57 29 30,1,95,,244081,39,0,57 29 30,1,98,,244082,39,0,57 29 30,1,95,,244083,39,0,57 29 30,1,102,,244084,39,0,57 29 30,1,100,,244085,39,0,57 29 30,1
2100,'20261123',433,,244086,39,,,1,79,,244087,39,,,1,25,,244088,39,,,1,394,,244092,15,0,5 29 30,1,100,,244098,15,0,5 29 30,1,100,,244104,15,0,16 29 30,1,95,,244108,15,0,16 29 30,1,85,,244112,15,0,16 29 30,1,110,,244115,15,0,16 29 30,1,98,,244117,15,0,16 29 30,1,95,,244120,15,0,16 29 30,1,104,,244122,39,,,1,105,,244123,39,,,1,93,,244124,39,,,1,97,,244125,39,,,1,99,,244126,39,,,1,100,,244127,39,,,1,97,,244128,39,,,1,100,,244129,39,,,1,104,,244130,39,,,1
2100,'20261124',433,,244131,39,,,1,79,,244132,39,,,1,25,,244133,39,,,1,394,,244137,15,0,5 29 30,1,100,,244143,15,0,5 29 30,1,100,,244149,15,0,16 29 30,1,95,,244153,15,0,16 29 30,1,85,,244157,15,0,16 29 30,1,110,,244160,15,0,16 29 30,1,98,,244162,15,0,16 29 30,1,95,,244165,15,0,16 29 30,1,104,,244167,39,,,1,105,,244168,39,,,1,93,,244169,39,,,1,97,,244170,39,,,1,99,,244171,39,,,1,100,,244172,39,,,1,97,,244173,39,,,1,100,,244174,39,,,1,104,,244175,39,,,1
2100,'20261125',433,,244176,39,,,1,79,,244177,39,,,1,25,,244178,39,,,1,394,,244182,15,0,5 29 30,1,100,,244188,15,0,5 29 30,1,100,,244194,15,0,16 29 30,1,95,,244198,15,0,16 29 30,1,85,,244202,15,0,16 29 30,1,110,,244205,15,0,16 29 30,1,98,,244207,15,0,16 29 30,1,95,,244210,15,0,16 29 30,1,104,,244212,39,,,1,105,,244213,39,,,1,93,,244214,39,,,1,97,,244215,39,,,1,99,,244216,39,,,1,100,,244217,39,,,1,97,,244218,39,,,1,100,,244219,39,,,1,104,,244220,39,,,1
2100,'20261126',433,,244221,39,,,1,79,,244222,39,,,1,25,,244223,39,,,1,394,,244227,15,0,5 29 30,1,100,,244233,15,0,5 29 30,1,100,,244239,15,0,16 29 30,1,95,,244243,15,0,16 29 30,1,85,,244247,15,0,16 29 30,1,110,,244250,15,0,16 29 30,1,98,,244252,15,0,16 29 30,1,95,,244255,15,0,16 29 30,1,104,,244257,39,,,1,105,,244258,39,,,1,93,,244259,39,,,1,97,,244260,39,,,1,99,,244261,39,,,1,100,,244262,39,,,1,97,,244263,39,,,1,100,,244264,39,,,1,104,,244265,39,,,1
2100,'20261127',433,,244266,39,,,1,79,,244267,39,,,1,25,,244268,39,,,1,394,,244272,15,0,5 29 30,1,100,,244278,15,0,5 29 30,1,100,,244284,15,0,16 29 30,1,95,,244288,15,0,16 29 30,1,85,,244292,15,0,16 29 30,1,110,,244295,15,0,16 29 30,1,98,,244297,15,0,16 29 30,1,95,,244300,15,0,16 29 30,1,104,,244302,39,,,1,105,,244303,39,,,1,93,,244304,39,,,1,97,,244305,39,,,1,99,,244306,39,,,1,100,,244307,39,,,1,97,,244308,39,,,1,100,,244309,39,,,1,104,,244310,39,,,1
