7000,'20260921',1141,,316977,21,0,34 35,1,200,,316978,21,0,34 35,1,202,,316979,21,0,34 35,1,262,,316980,6,0,5 35,1,151,,316981,21,0,34 35,1,82,,316982,21,0,34 35,1,96,,316983,6,0,5 35,1,271,,316984,6,0,5 35,1
7000,'20260922',1141,,316985,21,0,34 35,1,200,,316986,21,0,34 35,1,202,,316987,21,0,34 35,1,262,,316988,6,0,5 35,1,151,,316989,21,0,34 35,1,82,,316990,21,0,34 35,1,96,,316991,6,0,5 35,1,271,,316992,6,0,5 35,1
7000,'20260923',1141,,316993,21,0,34 35,1,200,,316994,21,0,34 35,1,202,,316995,21,0,34 35,1,262,,316996,6,0,5 35,1,151,,316997,21,0,34 35,1,82,,316998,21,0,34 35,1,96,,316999,6,0,5 35,1,271,,317000,6,0,5 35,1
7000,'20260924',1141,,317001,21,0,34 35,1,200,,317002,21,0,34 35,1,202,,317003,21,0,34 35,1,262,,317004,6,0,5 35,1,151,,317005,21,0,34 35,1,82,,317006,21,0,34 35,1,96,,317007,6,0,5 35,1,271,,317008,6,0,5 35,1
7000,'20260925',1141,,317009,21,0,34 35,1,200,,317010,21,0,34 35,1,202,,317011,21,0,34 35,1,262,,317012,6,0,5 35,1,151,,317013,21,0,34 35,1,82,,317014,21,0,34 35,1,96,,317015,6,0,5 35,1,271,,317016,6,0,5 35,1
7000,'20260928',1141,,317017,21,0,34 35,1,200,,317018,21,0,34 35,1,202,,317019,21,0,34 35,1,262,,317020,6,0,5 35,1,151,,317021,21,0,34 35,1,82,,317022,21,0,34 35,1,96,,317023,6,0,5 35,1,271,,317024,6,0,5 35,1
7000,'20260929',1141,,317025,21,0,34 35,1,200,,317026,21,0,34 35,1,202,,317027,21,0,34 35,1,262,,317028,6,0,5 35,1,151,,317029,21,0,34 35,1,82,,317030,21,0,34 35,1,96,,317031,6,0,5 35,1,271,,317032,6,0,5 35,1
7000,'20260930',1141,,317033,21,0,34 35,1,200,,317034,21,0,34 35,1,202,,317035,21,0,34 35,1,262,,317036,6,0,5 35,1,151,,317037,21,0,34 35,1,82,,317038,21,0,34 35,1,96,,317039,6,0,5 35,1,271,,317040,6,0,5 35,1
7000,'20261001',1141,,317041,21,0,34 35,1,200,,317042,21,0,34 35,1,202,,317043,21,0,34 35,1,262,,317044,6,0,5 35,1,151,,317045,21,0,34 35,1,82,,317046,21,0,34 35,1,96,,317047,6,0,5 35,1,271,,317048,6,0,5 35,1
7000,'20261002',1141,,317049,21,0,34 35,1,200,,317050,21,0,34 35,1,202,,317051,21,0,34 35,1,262,,317052,6,0,5 35,1,151,,317053,21,0,34 35,1,82,,317054,21,0,34 35,1,96,,317055,6,0,5 35,1,271,,317056,6,0,5 35,1
7000,'20261005',1141,,317057,21,0,34 35,1,200,,317058,21,0,34 35,1,202,,317059,21,0,34 35,1,262,,317060,6,0,5 35,1,151,,317061,21,0,34 35,1,82,,317062,21,0,34 35,1,96,,317063,6,0,5 35,1,271,,317064,6,0,5 35,1
7000,'20261006',1141,,317065,21,0,34 35,1,200,,317066,21,0,34 35,1,202,,317067,21,0,34 35,1,262,,317068,6,0,5 35,1,151,,317069,21,0,34 35,1,82,,317070,21,0,34 35,1,96,,317071,6,0,5 35,1,271,,317072,6,0,5 35,1
7000,'20261007',1141,,317073,21,0,34 35,1,200,,317074,21,0,34 35,1,202,,317075,21,0,34 35,1,262,,317076,6,0,5 35,1,151,,317077,21,0,34 35,1,82,,317078,21,0,34 35,1,96,,317079,6,0,5 35,1,271,,317080,6,0,5 35,1
7000,'20261008',1141,,317081,21,0,34 35,1,200,,317082,21,0,34 35,1,202,,317083,21,0,34 35,1,262,,317084,6,0,5 35,1,151,,317085,21,0,34 35,1,82,,317086,21,0,34 35,1,96,,317087,6,0,5 35,1,271,,317088,6,0,5 35,1
7000,'20261009',1141,,317089,21,0,34 35,1,200,,317090,21,0,34 35,1,202,,317091,21,0,34 35,1,262,,317092,6,0,5 35,1,151,,317093,21,0,34 35,1,82,,317094,21,0,34 35,1,96,,317095,6,0,5 35,1,271,,317096,6,0,5 35,1
7000,'20261013',1141,,317097,21,0,34 35,1,200,,317098,21,0,34 35,1,202,,317099,21,0,34 35,1,262,,317100,6,0,5 35,1,151,,317101,21,0,34 35,1,82,,317102,21,0,34 35,1,96,,317103,6,0,5 35,1,271,,317104,6,0,5 35,1
7000,'20261014',1141,,317105,21,0,34 35,1,200,,317106,21,0,34 35,1,202,,317107,21,0,34 35,1,262,,317108,6,0,5 35,1,151,,317109,21,0,34 35,1,82,,317110,21,0,34 35,1,96,,317111,6,0,5 35,1,271,,317112,6,0,5 35,1
7000,'20261015',1141,,317113,21,0,34 35,1,200,,317114,21,0,34 35,1,202,,317115,21,0,34 35,1,262,,317116,6,0,5 35,1,151,,317117,21,0,34 35,1,82,,317118,21,0,34 35,1,96,,317119,6,0,5 35,1,271,,317120,6,0,5 35,1
7000,'20261016',1141,,317121,21,0,34 35,1,200,,317122,21,0,34 35,1,202,,317123,21,0,34 35,1,262,,317124,6,0,5 35,1,151,,317125,21,0,34 35,1,82,,317126,21,0,34 35,1,96,,317127,6,0,5 35,1,271,,317128,6,0,5 35,1
7000,'20261019',1141,,317129,21,0,34 35,1,200,,317130,21,0,34 35,1,202,,317131,21,0,34 35,1,262,,317132,6,0,5 35,1,151,,317133,21,0,34 35,1,82,,317134,21,0,34 35,1,96,,317135,6,0,5 35,1,271,,317136,6,0,5 35,1
7000,'20261020',1141,,317137,21,0,34 35,1,200,,317138,21,0,34 35,1,202,,317139,21,0,34 35,1,262,,317140,6,0,5 35,1,151,,317141,21,0,34 35,1,82,,317142,21,0,34 35,1,96,,317143,6,0,5 35,1,271,,317144,6,0,5 35,1
7000,'20261021',1141,,317145,21,0,34 35,1,200,,317146,21,0,34 35,1,202,,317147,21,0,34 35,1,262,,317148,6,0,5 35,1,151,,317149,21,0,34 35,1,82,,317150,21,0,34 35,1,96,,317151,6,0,5 35,1,271,,317152,6,0,5 35,1
7000,'20261022',1141,,317153,21,0,34 35,1,200,,317154,21,0,34 35,1,202,,317155,21,0,34 35,1,262,,317156,6,0,5 35,1,151,,317157,21,0,34 35,1,82,,317158,21,0,34 35,1,96,,317159,6,0,5 35,1,271,,317160,6,0,5 35,1
7000,'20261023',1141,,317161,21,0,34 35,1,200,,317162,21,0,34 35,1,202,,317163,21,0,34 35,1,262,,317164,6,0,5 35,1,151,,317165,21,0,34 35,1,82,,317166,21,0,34 35,1,96,,317167,6,0,5 35,1,271,,317168,6,0,5 35,1
7000,'20261026',1141,,317169,21,0,34 35,1,200,,317170,21,0,34 35,1,202,,317171,21,0,34 35,1,262,,317172,6,0,5 35,1,151,,317173,21,0,34 35,1,82,,317174,21,0,34 35,1,96,,317175,6,0,5 35,1,271,,317176,6,0,5 35,1
7000,'20261027',1141,,317177,21,0,34 35,1,200,,317178,21,0,34 35,1,202,,317179,21,0,34 35,1,262,,317180,6,0,5 35,1,151,,317181,21,0,34 35,1,82,,317182,21,0,34 35,1,96,,317183,6,0,5 35,1,271,,317184,6,0,5 35,1
7000,'20261028',1141,,317185,21,0,34 35,1,200,,317186,21,0,34 35,1,202,,317187,21,0,34 35,1,262,,317188,6,0,5 35,1,151,,317189,21,0,34 35,1,82,,317190,21,0,34 35,1,96,,317191,6,0,5 35,1,271,,317192,6,0,5 35,1
7000,'20261029',1141,,317193,21,0,34 35,1,200,,317194,21,0,34 35,1,202,,317195,21,0,34 35,1,262,,317196,6,0,5 35,1,151,,317197,21,0,34 35,1,82,,317198,21,0,34 35,1,96,,317199,6,0,5 35,1,271,,317200,6,0,5 35,1
7000,'20261030',1141,,317201,21,0,34 35,1,200,,317202,21,0,34 35,1,202,,317203,21,0,34 35,1,262,,317204,6,0,5 35,1,151,,317205,21,0,34 35,1,82,,317206,21,0,34 35,1,96,,317207,6,0,5 35,1,271,,317208,6,0,5 35,1
7000,'20261102',1141,,317209,21,0,34 35,1,200,,317210,21,0,34 35,1,202,,317211,21,0,34 35,1,262,,317212,6,0,5 35,1,151,,317213,21,0,34 35,1,82,,317214,21,0,34 35,1,96,,317215,6,0,5 35,1,271,,317216,6,0,5 35,1
7000,'20261103',1141,,317217,21,0,34 35,1,200,,317218,21,0,34 35,1,202,,317219,21,0,34 35,1,262,,317220,6,0,5 35,1,151,,317221,21,0,34 35,1,82,,317222,21,0,34 35,1,96,,317223,6,0,5 35,1,271,,317224,6,0,5 35,1
7000,'20261104',1141,,317225,21,0,34 35,1,200,,317226,21,0,34 35,1,202,,317227,21,0,34 35,1,262,,317228,6,0,5 35,1,151,,317229,21,0,34 35,1,82,,317230,21,0,34 35,1,96,,317231,6,0,5 35,1,271,,317232,6,0,5 35,1
7000,'20261105',1141,,317233,21,0,34 35,1,200,,317234,21,0,34 35,1,202,,317235,21,0,34 35,1,262,,317236,6,0,5 35,1,151,,317237,21,0,34 35,1,82,,317238,21,0,34 35,1,96,,317239,6,0,5 35,1,271,,317240,6,0,5 35,1
7000,'20261106',1141,,317241,21,0,34 35,1,200,,317242,21,0,34 35,1,202,,317243,21,0,34 35,1,262,,317244,6,0,5 35,1,151,,317245,21,0,34 35,1,82,,317246,21,0,34 35,1,96,,317247,6,0,5 35,1,271,,317248,6,0,5 35,1
7000,'20261109',1141,,317249,21,0,34 35,1,200,,317250,21,0,34 35,1,202,,317251,21,0,34 35,1,262,,317252,6,0,5 35,1,151,,317253,21,0,34 35,1,82,,317254,21,0,34 35,1,96,,317255,6,0,5 35,1,271,,317256,6,0,5 35,1
7000,'20261110',1141,,317257,21,0,34 35,1,200,,317258,21,0,34 35,1,202,,317259,21,0,34 35,1,262,,317260,6,0,5 35,1,151,,317261,21,0,34 35,1,82,,317262,21,0,34 35,1,96,,317263,6,0,5 35,1,271,,317264,6,0,5 35,1
7000,'20261111',1141,,317265,21,0,34 35,1,200,,317266,21,0,34 35,1,202,,317267,21,0,34 35,1,262,,317268,6,0,5 35,1,151,,317269,21,0,34 35,1,82,,317270,21,0,34 35,1,96,,317271,6,0,5 35,1,271,,317272,6,0,5 35,1
7000,'20261112',1141,,317273,21,0,34 35,1,200,,317274,21,0,34 35,1,202,,317275,21,0,34 35,1,262,,317276,6,0,5 35,1,151,,317277,21,0,34 35,1,82,,317278,21,0,34 35,1,96,,317279,6,0,5 35,1,271,,317280,6,0,5 35,1
7000,'20261113',1141,,317281,21,0,34 35,1,200,,317282,21,0,34 35,1,202,,317283,21,0,34 35,1,262,,317284,6,0,5 35,1,151,,317285,21,0,34 35,1,82,,317286,21,0,34 35,1,96,,317287,6,0,5 35,1,271,,317288,6,0,5 35,1
7000,'20261116',1141,,317289,21,0,34 35,1,200,,317290,21,0,34 35,1,202,,317291,21,0,34 35,1,262,,317292,6,0,5 35,1,151,,317293,21,0,34 35,1,82,,317294,21,0,34 35,1,96,,317295,6,0,5 35,1,271,,317296,6,0,5 35,1
7000,'20261117',1141,,317297,21,0,34 35,1,200,,317298,21,0,34 35,1,202,,317299,21,0,34 35,1,262,,317300,6,0,5 35,1,151,,317301,21,0,34 35,1,82,,317302,21,0,34 35,1,96,,317303,6,0,5 35,1,271,,317304,6,0,5 35,1
7000,'20261118',1141,,317305,21,0,34 35,1,200,,317306,21,0,34 35,1,202,,317307,21,0,34 35,1,262,,317308,6,0,5 35,1,151,,317309,21,0,34 35,1,82,,317310,21,0,34 35,1,96,,317311,6,0,5 35,1,271,,317312,6,0,5 35,1
7000,'20261119',1141,,317313,21,0,34 35,1,200,,317314,21,0,34 35,1,202,,317315,21,0,34 35,1,262,,317316,6,0,5 35,1,151,,317317,21,0,34 35,1,82,,317318,21,0,34 35,1,96,,317319,6,0,5 35,1,271,,317320,6,0,5 35,1
7000,'20261120',1141,,317321,21,0,34 35,1,200,,317322,21,0,34 35,1,202,,317323,21,0,34 35,1,262,,317324,6,0,5 35,1,151,,317325,21,0,34 35,1,82,,317326,21,0,34 35,1,96,,317327,6,0,5 35,1,271,,317328,6,0,5 35,1
7000,'20261123',1141,,317329,21,0,34 35,1,200,,317330,21,0,34 35,1,202,,317331,21,0,34 35,1,262,,317332,6,0,5 35,1,151,,317333,21,0,34 35,1,82,,317334,21,0,34 35,1,96,,317335,6,0,5 35,1,271,,317336,6,0,5 35,1
7000,'20261124',1141,,317337,21,0,34 35,1,200,,317338,21,0,34 35,1,202,,317339,21,0,34 35,1,262,,317340,6,0,5 35,1,151,,317341,21,0,34 35,1,82,,317342,21,0,34 35,1,96,,317343,6,0,5 35,1,271,,317344,6,0,5 35,1
7000,'20261125',1141,,317345,21,0,34 35,1,200,,317346,21,0,34 35,1,202,,317347,21,0,34 35,1,262,,317348,6,0,5 35,1,151,,317349,21,0,34 35,1,82,,317350,21,0,34 35,1,96,,317351,6,0,5 35,1,271,,317352,6,0,5 35,1
7000,'20261126',1141,,317353,21,0,34 35,1,200,,317354,21,0,34 35,1,202,,317355,21,0,34 35,1,262,,317356,6,0,5 35,1,151,,317357,21,0,34 35,1,82,,317358,21,0,34 35,1,96,,317359,6,0,5 35,1,271,,317360,6,0,5 35,1
7000,'20261127',1141,,317361,21,0,34 35,1,200,,317362,21,0,34 35,1,202,,317363,21,0,34 35,1,262,,317364,6,0,5 35,1,151,,317365,21,0,34 35,1,82,,317366,21,0,34 35,1,96,,317367,6,0,5 35,1,271,,317368,6,0,5 35,1
7100,'20260921',812,,318070,34,,,1,120,,318071,34,,,1
7100,'20260922',812,,318081,34,,,1,120,,318082,34,,,1
7100,'20260923',812,,318092,34,,,1,120,,318093,34,,,1
7100,'20260924',812,,318103,34,,,1,120,,318104,34,,,1
7100,'20260925',812,,318114,34,,,1,120,,318115,34,,,1
7100,'20260926',909,,318125,34,,,1,121,,318127,34,,,1,200,,318131,34,,,1,205,,318136,34,,,1,200,,318142,34,,,1,200,,318146,34,,,1,200,,318149,34,,,1,196,,318152,34,,,1,200,,318155,34,,,1
7100,'20260927',909,,318160,34,,,1,121,,318162,34,,,1,200,,318166,34,,,1,205,,318171,34,,,1,200,,318177,34,,,1,200,,318181,34,,,1,200,,318184,34,,,1,196,,318187,34,,,1,200,,318190,34,,,1
7100,'20260928',812,,318195,34,,,1,120,,318196,34,,,1
7100,'20260929',812,,318206,34,,,1,120,,318207,34,,,1
7100,'20260930',812,,318217,34,,,1,120,,318218,34,,,1
7100,'20261001',812,,318228,34,,,1,120,,318229,34,,,1
7100,'20261002',812,,318239,34,,,1,120,,318240,34,,,1
7100,'20261003',909,,318250,34,,,1,121,,318252,34,,,1,200,,318256,34,,,1,205,,318261,34,,,1,200,,318267,34,,,1,200,,318271,34,,,1,200,,318274,34,,,1,196,,318277,34,,,1,200,,318280,34,,,1
7100,'20261004',909,,318285,34,,,1,121,,318287,34,,,1,200,,318291,34,,,1,205,,318296,34,,,1,200,,318302,34,,,1,200,,318306,34,,,1,200,,318309,34,,,1,196,,318312,34,,,1,200,,318315,34,,,1
7100,'20261005',812,,318320,34,,,1,120,,318321,34,,,1
7100,'20261006',812,,318331,34,,,1,120,,318332,34,,,1
7100,'20261007',812,,318342,34,,,1,120,,318343,34,,,1
7100,'20261008',812,,318353,34,,,1,120,,318354,34,,,1
7100,'20261009',812,,318364,34,,,1,120,,318365,34,,,1
7100,'20261010',909,,318375,34,,,1,121,,318377,34,,,1,200,,318381,34,,,1,205,,318386,34,,,1,200,,318392,34,,,1,200,,318396,34,,,1,200,,318399,34,,,1,196,,318402,34,,,1,200,,318405,34,,,1
7100,'20261011',909,,318410,34,,,1,121,,318412,34,,,1,200,,318416,34,,,1,205,,318421,34,,,1,200,,318427,34,,,1,200,,318431,34,,,1,200,,318434,34,,,1,196,,318437,34,,,1,200,,318440,34,,,1
7100,'20261012',909,,318445,34,,,1,121,,318447,34,,,1,200,,318451,34,,,1,205,,318456,34,,,1,200,,318462,34,,,1,200,,318466,34,,,1,200,,318469,34,,,1,196,,318472,34,,,1,200,,318475,34,,,1
7100,'20261013',812,,318480,34,,,1,120,,318481,34,,,1
7100,'20261014',812,,318491,34,,,1,120,,318492,34,,,1
7100,'20261015',812,,318502,34,,,1,120,,318503,34,,,1
7100,'20261016',812,,318513,34,,,1,120,,318514,34,,,1
7100,'20261017',909,,318524,34,,,1,121,,318526,34,,,1,200,,318530,34,,,1,205,,318535,34,,,1,200,,318541,34,,,1,200,,318545,34,,,1,200,,318548,34,,,1,196,,318551,34,,,1,200,,318554,34,,,1
7100,'20261018',909,,318559,34,,,1,121,,318561,34,,,1,200,,318565,34,,,1,205,,318570,34,,,1,200,,318576,34,,,1,200,,318580,34,,,1,200,,318583,34,,,1,196,,318586,34,,,1,200,,318589,34,,,1
7100,'20261019',812,,318594,34,,,1,120,,318595,34,,,1
7100,'20261020',812,,318605,34,,,1,120,,318606,34,,,1
7100,'20261021',812,,318616,34,,,1,120,,318617,34,,,1
7100,'20261022',812,,318627,34,,,1,120,,318628,34,,,1
7100,'20261023',812,,318638,34,,,1,120,,318639,34,,,1
7100,'20261024',909,,318649,34,,,1,121,,318651,34,,,1,200,,318655,34,,,1,205,,318660,34,,,1,200,,318666,34,,,1,200,,318670,34,,,1,200,,318673,34,,,1,196,,318676,34,,,1,200,,318679,34,,,1
7100,'20261025',909,,318684,34,,,1,121,,318686,34,,,1,200,,318690,34,,,1,205,,318695,34,,,1,200,,318701,34,,,1,200,,318705,34,,,1,200,,318708,34,,,1,196,,318711,34,,,1,200,,318714,34,,,1
7100,'20261026',812,,318719,34,,,1,120,,318720,34,,,1
7100,'20261027',812,,318730,34,,,1,120,,318731,34,,,1
7100,'20261028',812,,318741,34,,,1,120,,318742,34,,,1
7100,'20261029',812,,318752,34,,,1,120,,318753,34,,,1
7100,'20261030',812,,318763,34,,,1,120,,318764,34,,,1
7100,'20261031',909,,318774,34,,,1,121,,318776,34,,,1,200,,318780,34,,,1,205,,318785,34,,,1,200,,318791,34,,,1,200,,318795,34,,,1,200,,318798,34,,,1,196,,318801,34,,,1,200,,318804,34,,,1
7100,'20261101',909,,318809,34,,,1,121,,318811,34,,,1,200,,318815,34,,,1,205,,318820,34,,,1,200,,318826,34,,,1,200,,318830,34,,,1,200,,318833,34,,,1,196,,318836,34,,,1,200,,318839,34,,,1
7100,'20261102',812,,318844,34,,,1,120,,318845,34,,,1
7100,'20261103',812,,318855,34,,,1,120,,318856,34,,,1
7100,'20261104',812,,318866,34,,,1,120,,318867,34,,,1
7100,'20261105',812,,318877,34,,,1,120,,318878,34,,,1
7100,'20261106',812,,318888,34,,,1,120,,318889,34,,,1
7100,'20261107',909,,318899,34,,,1,121,,318901,34,,,1,200,,318905,34,,,1,205,,318910,34,,,1,200,,318916,34,,,1,200,,318920,34,,,1,200,,318923,34,,,1,196,,318926,34,,,1,200,,318929,34,,,1
7100,'20261108',909,,318934,34,,,1,121,,318936,34,,,1,200,,318940,34,,,1,205,,318945,34,,,1,200,,318951,34,,,1,200,,318955,34,,,1,200,,318958,34,,,1,196,,318961,34,,,1,200,,318964,34,,,1
7100,'20261109',812,,318969,34,,,1,120,,318970,34,,,1
7100,'20261110',812,,318980,34,,,1,120,,318981,34,,,1
7100,'20261111',812,,318991,34,,,1,120,,318992,34,,,1
7100,'20261112',812,,319002,34,,,1,120,,319003,34,,,1
7100,'20261113',812,,319013,34,,,1,120,,319014,34,,,1
7100,'20261114',909,,319024,34,,,1,121,,319026,34,,,1,200,,319030,34,,,1,205,,319035,34,,,1,200,,319041,34,,,1,200,,319045,34,,,1,200,,319048,34,,,1,196,,319051,34,,,1,200,,319054,34,,,1
7100,'20261115',909,,319059,34,,,1,121,,319061,34,,,1,200,,319065,34,,,1,205,,319070,34,,,1,200,,319076,34,,,1,200,,319080,34,,,1,200,,319083,34,,,1,196,,319086,34,,,1,200,,319089,34,,,1
7100,'20261116',812,,319094,34,,,1,120,,319095,34,,,1
7100,'20261117',812,,319105,34,,,1,120,,319106,34,,,1
7100,'20261118',812,,319116,34,,,1,120,,319117,34,,,1
7100,'20261119',812,,319127,34,,,1,120,,319128,34,,,1
7100,'20261120',812,,319138,34,,,1,120,,319139,34,,,1
7100,'20261121',909,,319149,34,,,1,121,,319151,34,,,1,200,,319155,34,,,1,205,,319160,34,,,1,200,,319166,34,,,1,200,,319170,34,,,1,200,,319173,34,,,1,196,,319176,34,,,1,200,,319179,34,,,1
7100,'20261122',909,,319184,34,,,1,121,,319186,34,,,1,200,,319190,34,,,1,205,,319195,34,,,1,200,,319201,34,,,1,200,,319205,34,,,1,200,,319208,34,,,1,196,,319211,34,,,1,200,,319214,34,,,1
7100,'20261123',812,,319219,34,,,1,120,,319220,34,,,1
7100,'20261124',812,,319230,34,,,1,120,,319231,34,,,1
7100,'20261125',812,,319241,34,,,1,120,,319242,34,,,1
7100,'20261126',812,,319252,34,,,1,120,,319253,34,,,1
7100,'20261127',812,,319263,34,,,1,120,,319264,34,,,1
