3700,'20260910',1419,,278889,22,,,1,305,,278890,22,,,1,106,,278891,22,,,1,99,,278892,22,,,1,184,,278893,22,,,1
3700,'20260911',1419,,278896,22,,,1,305,,278897,22,,,1,106,,278898,22,,,1,99,,278899,22,,,1,184,,278900,22,,,1
3700,'20260914',1419,,278903,22,,,1,305,,278904,22,,,1,106,,278905,22,,,1,99,,278906,22,,,1,184,,278907,22,,,1
3700,'20260915',1419,,278910,22,,,1,305,,278911,22,,,1,106,,278912,22,,,1,99,,278913,22,,,1,184,,278914,22,,,1
3700,'20260916',1419,,278917,22,,,1,305,,278918,22,,,1,106,,278919,22,,,1,99,,278920,22,,,1,184,,278921,22,,,1
3700,'20260917',1419,,278924,22,,,1,305,,278925,22,,,1,106,,278926,22,,,1,99,,278927,22,,,1,184,,278928,22,,,1
3700,'20260918',1419,,278931,22,,,1,305,,278932,22,,,1,106,,278933,22,,,1,99,,278934,22,,,1,184,,278935,22,,,1
3700,'20260921',1419,,278938,22,,,1,305,,278939,22,,,1,106,,278940,22,,,1,99,,278941,22,,,1,184,,278942,22,,,1
3700,'20260922',1419,,278945,22,,,1,305,,278946,22,,,1,106,,278947,22,,,1,99,,278948,22,,,1,184,,278949,22,,,1
3700,'20260923',1419,,278952,22,,,1,305,,278953,22,,,1,106,,278954,22,,,1,99,,278955,22,,,1,184,,278956,22,,,1
3700,'20260924',1419,,278959,22,,,1,305,,278960,22,,,1,106,,278961,22,,,1,99,,278962,22,,,1,184,,278963,22,,,1
3700,'20260925',1419,,278966,22,,,1,305,,278967,22,,,1,106,,278968,22,,,1,99,,278969,22,,,1,184,,278970,22,,,1
3700,'20260928',1419,,278973,22,,,1,305,,278974,22,,,1,106,,278975,22,,,1,99,,278976,22,,,1,184,,278977,22,,,1
3700,'20260929',1419,,278980,22,,,1,305,,278981,22,,,1,106,,278982,22,,,1,99,,278983,22,,,1,184,,278984,22,,,1
3700,'20260930',1419,,278987,22,,,1,305,,278988,22,,,1,106,,278989,22,,,1,99,,278990,22,,,1,184,,278991,22,,,1
3700,'20261001',1419,,278994,22,,,1,305,,278995,22,,,1,106,,278996,22,,,1,99,,278997,22,,,1,184,,278998,22,,,1
3700,'20261002',1419,,279001,22,,,1,305,,279002,22,,,1,106,,279003,22,,,1,99,,279004,22,,,1,184,,279005,22,,,1
3700,'20261005',1419,,279008,22,,,1,305,,279009,22,,,1,106,,279010,22,,,1,99,,279011,22,,,1,184,,279012,22,,,1
3700,'20261006',1419,,279015,22,,,1,305,,279016,22,,,1,106,,279017,22,,,1,99,,279018,22,,,1,184,,279019,22,,,1
3700,'20261007',1419,,279022,22,,,1,305,,279023,22,,,1,106,,279024,22,,,1,99,,279025,22,,,1,184,,279026,22,,,1
3700,'20261008',1419,,279029,22,,,1,305,,279030,22,,,1,106,,279031,22,,,1,99,,279032,22,,,1,184,,279033,22,,,1
3700,'20261009',1419,,279036,22,,,1,305,,279037,22,,,1,106,,279038,22,,,1,99,,279039,22,,,1,184,,279040,22,,,1
3700,'20261013',1419,,279043,22,,,1,305,,279044,22,,,1,106,,279045,22,,,1,99,,279046,22,,,1,184,,279047,22,,,1
3700,'20261014',1419,,279050,22,,,1,305,,279051,22,,,1,106,,279052,22,,,1,99,,279053,22,,,1,184,,279054,22,,,1
3700,'20261015',1419,,279057,22,,,1,305,,279058,22,,,1,106,,279059,22,,,1,99,,279060,22,,,1,184,,279061,22,,,1
3700,'20261016',1419,,279064,22,,,1,305,,279065,22,,,1,106,,279066,22,,,1,99,,279067,22,,,1,184,,279068,22,,,1
3700,'20261019',1419,,279071,22,,,1,305,,279072,22,,,1,106,,279073,22,,,1,99,,279074,22,,,1,184,,279075,22,,,1
3700,'20261020',1419,,279078,22,,,1,305,,279079,22,,,1,106,,279080,22,,,1,99,,279081,22,,,1,184,,279082,22,,,1
3700,'20261021',1419,,279085,22,,,1,305,,279086,22,,,1,106,,279087,22,,,1,99,,279088,22,,,1,184,,279089,22,,,1
3700,'20261022',1419,,279092,22,,,1,305,,279093,22,,,1,106,,279094,22,,,1,99,,279095,22,,,1,184,,279096,22,,,1
3700,'20261023',1419,,279099,22,,,1,305,,279100,22,,,1,106,,279101,22,,,1,99,,279102,22,,,1,184,,279103,22,,,1
3700,'20261026',1419,,279106,22,,,1,305,,279107,22,,,1,106,,279108,22,,,1,99,,279109,22,,,1,184,,279110,22,,,1
3700,'20261027',1419,,279113,22,,,1,305,,279114,22,,,1,106,,279115,22,,,1,99,,279116,22,,,1,184,,279117,22,,,1
3700,'20261028',1419,,279120,22,,,1,305,,279121,22,,,1,106,,279122,22,,,1,99,,279123,22,,,1,184,,279124,22,,,1
3700,'20261029',1419,,279127,22,,,1,305,,279128,22,,,1,106,,279129,22,,,1,99,,279130,22,,,1,184,,279131,22,,,1
3700,'20261030',1419,,279134,22,,,1,305,,279135,22,,,1,106,,279136,22,,,1,99,,279137,22,,,1,184,,279138,22,,,1
3700,'20261102',1419,,279141,22,,,1,305,,279142,22,,,1,106,,279143,22,,,1,99,,279144,22,,,1,184,,279145,22,,,1
3700,'20261103',1419,,279148,22,,,1,305,,279149,22,,,1,106,,279150,22,,,1,99,,279151,22,,,1,184,,279152,22,,,1
3700,'20261104',1419,,279155,22,,,1,305,,279156,22,,,1,106,,279157,22,,,1,99,,279158,22,,,1,184,,279159,22,,,1
3700,'20261105',1419,,279162,22,,,1,305,,279163,22,,,1,106,,279164,22,,,1,99,,279165,22,,,1,184,,279166,22,,,1
3700,'20261106',1419,,279169,22,,,1,305,,279170,22,,,1,106,,279171,22,,,1,99,,279172,22,,,1,184,,279173,22,,,1
3700,'20261109',1419,,279176,22,,,1,305,,279177,22,,,1,106,,279178,22,,,1,99,,279179,22,,,1,184,,279180,22,,,1
3700,'20261110',1419,,279183,22,,,1,305,,279184,22,,,1,106,,279185,22,,,1,99,,279186,22,,,1,184,,279187,22,,,1
3700,'20261111',1419,,279190,22,,,1,305,,279191,22,,,1,106,,279192,22,,,1,99,,279193,22,,,1,184,,279194,22,,,1
3700,'20261112',1419,,279197,22,,,1,305,,279198,22,,,1,106,,279199,22,,,1,99,,279200,22,,,1,184,,279201,22,,,1
3700,'20261113',1419,,279204,22,,,1,305,,279205,22,,,1,106,,279206,22,,,1,99,,279207,22,,,1,184,,279208,22,,,1
3700,'20261116',1419,,279211,22,,,1,305,,279212,22,,,1,106,,279213,22,,,1,99,,279214,22,,,1,184,,279215,22,,,1
3700,'20261117',1419,,279218,22,,,1,305,,279219,22,,,1,106,,279220,22,,,1,99,,279221,22,,,1,184,,279222,22,,,1
3700,'20261118',1419,,279225,22,,,1,305,,279226,22,,,1,106,,279227,22,,,1,99,,279228,22,,,1,184,,279229,22,,,1
3700,'20261119',1419,,279232,22,,,1,305,,279233,22,,,1,106,,279234,22,,,1,99,,279235,22,,,1,184,,279236,22,,,1
3700,'20261120',1419,,279239,22,,,1,305,,279240,22,,,1,106,,279241,22,,,1,99,,279242,22,,,1,184,,279243,22,,,1
3700,'20261123',1419,,279246,22,,,1,305,,279247,22,,,1,106,,279248,22,,,1,99,,279249,22,,,1,184,,279250,22,,,1
3700,'20261124',1419,,279253,22,,,1,305,,279254,22,,,1,106,,279255,22,,,1,99,,279256,22,,,1,184,,279257,22,,,1
3700,'20261125',1419,,279260,22,,,1,305,,279261,22,,,1,106,,279262,22,,,1,99,,279263,22,,,1,184,,279264,22,,,1
3700,'20261126',1419,,279267,22,,,1,305,,279268,22,,,1,106,,279269,22,,,1,99,,279270,22,,,1,184,,279271,22,,,1
3700,'20261127',1419,,279274,22,,,1,305,,279275,22,,,1,106,,279276,22,,,1,99,,279277,22,,,1,184,,279278,22,,,1
3701,'20260910',441,,279293,2,,,1,187,,279294,2,,,1,95,,279295,2,,,1,881,,279296,2,0,31 18 9,1
3701,'20260911',441,,279300,2,,,1,187,,279301,2,,,1,95,,279302,2,,,1,881,,279303,2,0,31 18 9,1
3701,'20260914',441,,279307,2,,,1,187,,279308,2,,,1,95,,279309,2,,,1,881,,279310,2,0,31 18 9,1
3701,'20260915',441,,279314,2,,,1,187,,279315,2,,,1,95,,279316,2,,,1,881,,279317,2,0,31 18 9,1
3701,'20260916',441,,279321,2,,,1,187,,279322,2,,,1,95,,279323,2,,,1,881,,279324,2,0,31 18 9,1
3701,'20260917',441,,279328,2,,,1,187,,279329,2,,,1,95,,279330,2,,,1,881,,279331,2,0,31 18 9,1
3701,'20260918',441,,279335,2,,,1,187,,279336,2,,,1,95,,279337,2,,,1,881,,279338,2,0,31 18 9,1
3701,'20260921',441,,279342,2,,,1,187,,279343,2,,,1,95,,279344,2,,,1,881,,279345,2,0,31 18 9,1
3701,'20260922',441,,279349,2,,,1,187,,279350,2,,,1,95,,279351,2,,,1,881,,279352,2,0,31 18 9,1
3701,'20260923',441,,279356,2,,,1,187,,279357,2,,,1,95,,279358,2,,,1,881,,279359,2,0,31 18 9,1
3701,'20260924',441,,279363,2,,,1,187,,279364,2,,,1,95,,279365,2,,,1,881,,279366,2,0,31 18 9,1
3701,'20260925',441,,279370,2,,,1,187,,279371,2,,,1,95,,279372,2,,,1,881,,279373,2,0,31 18 9,1
3701,'20260928',441,,279377,2,,,1,187,,279378,2,,,1,95,,279379,2,,,1,881,,279380,2,0,31 18 9,1
3701,'20260929',441,,279384,2,,,1,187,,279385,2,,,1,95,,279386,2,,,1,881,,279387,2,0,31 18 9,1
3701,'20260930',441,,279391,2,,,1,187,,279392,2,,,1,95,,279393,2,,,1,881,,279394,2,0,31 18 9,1
3701,'20261001',441,,279398,2,,,1,187,,279399,2,,,1,95,,279400,2,,,1,881,,279401,2,0,31 18 9,1
3701,'20261002',441,,279405,2,,,1,187,,279406,2,,,1,95,,279407,2,,,1,881,,279408,2,0,31 18 9,1
3701,'20261005',441,,279412,2,,,1,187,,279413,2,,,1,95,,279414,2,,,1,881,,279415,2,0,31 18 9,1
3701,'20261006',441,,279419,2,,,1,187,,279420,2,,,1,95,,279421,2,,,1,881,,279422,2,0,31 18 9,1
3701,'20261007',441,,279426,2,,,1,187,,279427,2,,,1,95,,279428,2,,,1,881,,279429,2,0,31 18 9,1
3701,'20261008',441,,279433,2,,,1,187,,279434,2,,,1,95,,279435,2,,,1,881,,279436,2,0,31 18 9,1
3701,'20261009',441,,279440,2,,,1,187,,279441,2,,,1,95,,279442,2,,,1,881,,279443,2,0,31 18 9,1
3701,'20261013',441,,279447,2,,,1,187,,279448,2,,,1,95,,279449,2,,,1,881,,279450,2,0,31 18 9,1
3701,'20261014',441,,279454,2,,,1,187,,279455,2,,,1,95,,279456,2,,,1,881,,279457,2,0,31 18 9,1
3701,'20261015',441,,279461,2,,,1,187,,279462,2,,,1,95,,279463,2,,,1,881,,279464,2,0,31 18 9,1
3701,'20261016',441,,279468,2,,,1,187,,279469,2,,,1,95,,279470,2,,,1,881,,279471,2,0,31 18 9,1
3701,'20261019',441,,279475,2,,,1,187,,279476,2,,,1,95,,279477,2,,,1,881,,279478,2,0,31 18 9,1
3701,'20261020',441,,279482,2,,,1,187,,279483,2,,,1,95,,279484,2,,,1,881,,279485,2,0,31 18 9,1
3701,'20261021',441,,279489,2,,,1,187,,279490,2,,,1,95,,279491,2,,,1,881,,279492,2,0,31 18 9,1
3701,'20261022',441,,279496,2,,,1,187,,279497,2,,,1,95,,279498,2,,,1,881,,279499,2,0,31 18 9,1
3701,'20261023',441,,279503,2,,,1,187,,279504,2,,,1,95,,279505,2,,,1,881,,279506,2,0,31 18 9,1
3701,'20261026',441,,279510,2,,,1,187,,279511,2,,,1,95,,279512,2,,,1,881,,279513,2,0,31 18 9,1
3701,'20261027',441,,279517,2,,,1,187,,279518,2,,,1,95,,279519,2,,,1,881,,279520,2,0,31 18 9,1
3701,'20261028',441,,279524,2,,,1,187,,279525,2,,,1,95,,279526,2,,,1,881,,279527,2,0,31 18 9,1
3701,'20261029',441,,279531,2,,,1,187,,279532,2,,,1,95,,279533,2,,,1,881,,279534,2,0,31 18 9,1
3701,'20261030',441,,279538,2,,,1,187,,279539,2,,,1,95,,279540,2,,,1,881,,279541,2,0,31 18 9,1
3701,'20261102',441,,279545,2,,,1,187,,279546,2,,,1,95,,279547,2,,,1,881,,279548,2,0,31 18 9,1
3701,'20261103',441,,279552,2,,,1,187,,279553,2,,,1,95,,279554,2,,,1,881,,279555,2,0,31 18 9,1
3701,'20261104',441,,279559,2,,,1,187,,279560,2,,,1,95,,279561,2,,,1,881,,279562,2,0,31 18 9,1
3701,'20261105',441,,279566,2,,,1,187,,279567,2,,,1,95,,279568,2,,,1,881,,279569,2,0,31 18 9,1
3701,'20261106',441,,279573,2,,,1,187,,279574,2,,,1,95,,279575,2,,,1,881,,279576,2,0,31 18 9,1
3701,'20261109',441,,279580,2,,,1,187,,279581,2,,,1,95,,279582,2,,,1,881,,279583,2,0,31 18 9,1
3701,'20261110',441,,279587,2,,,1,187,,279588,2,,,1,95,,279589,2,,,1,881,,279590,2,0,31 18 9,1
3701,'20261111',441,,279594,2,,,1,187,,279595,2,,,1,95,,279596,2,,,1,881,,279597,2,0,31 18 9,1
3701,'20261112',441,,279601,2,,,1,187,,279602,2,,,1,95,,279603,2,,,1,881,,279604,2,0,31 18 9,1
3701,'20261113',441,,279608,2,,,1,187,,279609,2,,,1,95,,279610,2,,,1,881,,279611,2,0,31 18 9,1
3701,'20261116',441,,279615,2,,,1,187,,279616,2,,,1,95,,279617,2,,,1,881,,279618,2,0,31 18 9,1
3701,'20261117',441,,279622,2,,,1,187,,279623,2,,,1,95,,279624,2,,,1,881,,279625,2,0,31 18 9,1
3701,'20261118',441,,279629,2,,,1,187,,279630,2,,,1,95,,279631,2,,,1,881,,279632,2,0,31 18 9,1
3701,'20261119',441,,279636,2,,,1,187,,279637,2,,,1,95,,279638,2,,,1,881,,279639,2,0,31 18 9,1
3701,'20261120',441,,279643,2,,,1,187,,279644,2,,,1,95,,279645,2,,,1,881,,279646,2,0,31 18 9,1
3701,'20261123',441,,279650,2,,,1,187,,279651,2,,,1,95,,279652,2,,,1,881,,279653,2,0,31 18 9,1
3701,'20261124',441,,279657,2,,,1,187,,279658,2,,,1,95,,279659,2,,,1,881,,279660,2,0,31 18 9,1
3701,'20261125',441,,279664,2,,,1,187,,279665,2,,,1,95,,279666,2,,,1,881,,279667,2,0,31 18 9,1
3701,'20261126',441,,279671,2,,,1,187,,279672,2,,,1,95,,279673,2,,,1,881,,279674,2,0,31 18 9,1
3701,'20261127',441,,279678,2,,,1,187,,279679,2,,,1,95,,279680,2,,,1,881,,279681,2,0,31 18 9,1
