6500,'20260831',2448,,203315,4,0,16 16 26 9,1,200,,203316,4,0,16 16 26 9,1
6500,'20260901',2448,,203319,4,0,16 16 26 9,1,200,,203320,4,0,16 16 26 9,1
6500,'20260902',2448,,203323,4,0,16 16 26 9,1,200,,203324,4,0,16 16 26 9,1
6500,'20260903',2448,,203327,4,0,16 16 26 9,1,200,,203328,4,0,16 16 26 9,1
6500,'20260904',2448,,203331,4,0,16 16 26 9,1,200,,203332,4,0,16 16 26 9,1
6500,'20260905',2408,,312808,4,0,16 16 26 9,1,45,,312809,4,0,16 16 26 9,1,100,,312810,4,0,16 16 26 9,1,95,,312811,4,0,16 16 26 9,1
6500,'20260906',2408,,312813,4,0,16 16 26 9,1,45,,312814,4,0,16 16 26 9,1,195,,312815,4,0,16 16 26 9,1
6500,'20260907',2408,,312817,4,0,16 16 26 9,1,45,,312818,4,0,16 16 26 9,1,100,,312819,4,0,16 16 26 9,1,95,,312820,4,0,16 16 26 9,1
6500,'20260908',2114,,312823,4,0,7 106 107 9,1,5,,312824,4,0,57 88 9,1,229,,312828,4,0,16 16 26 9,1,100,,312829,4,0,16 16 26 9,1,200,,312830,4,0,16 16 26 9,1
6500,'20260909',2114,,312833,4,0,7 106 107 9,1,5,,312834,4,0,57 88 9,1,229,,312838,4,0,16 16 26 9,1,100,,312839,4,0,16 16 26 9,1,200,,312840,4,0,16 16 26 9,1
6500,'20260910',2114,,312843,4,0,7 106 107 9,1,5,,312844,4,0,57 88 9,1,229,,312848,4,0,16 16 26 9,1,100,,312849,4,0,16 16 26 9,1,200,,312850,4,0,16 16 26 9,1
6500,'20260911',2114,,312853,4,0,7 106 107 9,1,5,,312854,4,0,57 88 9,1,229,,312858,4,0,16 16 26 9,1,100,,312859,4,0,16 16 26 9,1,200,,312860,4,0,16 16 26 9,1
6500,'20260912',856,,312862,4,0,68 16 26 9,1,155,,312863,4,0,53 88 9,1,95,,312865,4,0,53 88 9,1,50,,312867,4,0,68 16 26 9,1,155,,312868,4,0,53 88 9,1,95,,312870,4,0,53 88 9,1,50,,312872,4,0,68 16 26 9,1,150,,312873,4,0,53 88 9,1,802,,312875,4,0,16 16 26 9,1,45,,312876,4,0,16 16 26 9,1,100,,312877,4,0,16 16 26 9,1,95,,312878,4,0,16 16 26 9,1
6500,'20260913',856,,312880,4,0,68 16 26 9,1,155,,312881,4,0,53 88 9,1,95,,312883,4,0,53 88 9,1,50,,312885,4,0,68 16 26 9,1,155,,312886,4,0,53 88 9,1,95,,312888,4,0,53 88 9,1,50,,312890,4,0,68 16 26 9,1,150,,312891,4,0,53 88 9,1,802,,312893,4,0,16 16 26 9,1,45,,312894,4,0,16 16 26 9,1,195,,312895,4,0,16 16 26 9,1
6500,'20260914',2114,,312899,4,0,7 106 107 9,1,5,,312900,4,0,57 88 9,1,229,,312904,4,0,16 16 26 9,1,100,,312905,4,0,16 16 26 9,1,200,,312906,4,0,16 16 26 9,1
6500,'20260915',2114,,312910,4,0,7 106 107 9,1,5,,312911,4,0,57 88 9,1,229,,312915,4,0,16 16 26 9,1,100,,312916,4,0,16 16 26 9,1,200,,312917,4,0,16 16 26 9,1
6500,'20260916',2114,,312920,4,0,7 106 107 9,1,5,,312921,4,0,57 88 9,1,229,,312925,4,0,16 16 26 9,1,100,,312926,4,0,16 16 26 9,1,200,,312927,4,0,16 16 26 9,1
6500,'20260917',2114,,312930,4,0,7 106 107 9,1,5,,312931,4,0,57 88 9,1,229,,312935,4,0,16 16 26 9,1,100,,312936,4,0,16 16 26 9,1,200,,312937,4,0,16 16 26 9,1
6500,'20260918',2114,,312940,4,0,7 106 107 9,1,5,,312941,4,0,57 88 9,1,229,,312945,4,0,16 16 26 9,1,100,,312946,4,0,16 16 26 9,1,200,,312947,4,0,16 16 26 9,1
6500,'20260919',856,,312949,4,0,68 16 26 9,1,155,,312950,4,0,53 88 9,1,95,,312952,4,0,53 88 9,1,50,,312954,4,0,68 16 26 9,1,155,,312955,4,0,53 88 9,1,95,,312957,4,0,53 88 9,1,50,,312959,4,0,68 16 26 9,1,150,,312960,4,0,53 88 9,1,802,,312962,4,0,16 16 26 9,1,45,,312963,4,0,16 16 26 9,1,100,,312964,4,0,16 16 26 9,1,95,,312965,4,0,16 16 26 9,1
6500,'20260920',856,,312967,4,0,68 16 26 9,1,155,,312968,4,0,53 88 9,1,95,,312970,4,0,53 88 9,1,50,,312972,4,0,68 16 26 9,1,155,,312973,4,0,53 88 9,1,95,,312975,4,0,53 88 9,1,50,,312977,4,0,68 16 26 9,1,150,,312978,4,0,53 88 9,1,802,,312980,4,0,16 16 26 9,1,45,,312981,4,0,16 16 26 9,1,195,,312982,4,0,16 16 26 9,1
6500,'20260921',2114,,312985,4,0,7 106 107 9,1,5,,312986,4,0,57 88 9,1,229,,312990,4,0,16 16 26 9,1,100,,312991,4,0,16 16 26 9,1,200,,312992,4,0,16 16 26 9,1
6500,'20260922',2114,,312995,4,0,7 106 107 9,1,5,,312996,4,0,57 88 9,1,229,,313000,4,0,16 16 26 9,1,100,,313001,4,0,16 16 26 9,1,200,,313002,4,0,16 16 26 9,1
6500,'20260923',2114,,313005,4,0,7 106 107 9,1,5,,313006,4,0,57 88 9,1,229,,313010,4,0,16 16 26 9,1,100,,313011,4,0,16 16 26 9,1,200,,313012,4,0,16 16 26 9,1
6500,'20260924',2114,,313015,4,0,7 106 107 9,1,5,,313016,4,0,57 88 9,1,229,,313020,4,0,16 16 26 9,1,100,,313021,4,0,16 16 26 9,1,200,,313022,4,0,16 16 26 9,1
6500,'20260925',2114,,313025,4,0,7 106 107 9,1,5,,313026,4,0,57 88 9,1,229,,313030,4,0,16 16 26 9,1,100,,313031,4,0,16 16 26 9,1,200,,313032,4,0,16 16 26 9,1
6500,'20260926',856,,313034,4,0,68 16 26 9,1,155,,313035,4,0,53 88 9,1,95,,313037,4,0,53 88 9,1,50,,313039,4,0,68 16 26 9,1,155,,313040,4,0,53 88 9,1,95,,313042,4,0,53 88 9,1,50,,313044,4,0,68 16 26 9,1,150,,313045,4,0,53 88 9,1,802,,313047,4,0,16 16 26 9,1,45,,313048,4,0,16 16 26 9,1,100,,313049,4,0,16 16 26 9,1,95,,313050,4,0,16 16 26 9,1
6500,'20260927',856,,313052,4,0,68 16 26 9,1,155,,313053,4,0,53 88 9,1,95,,313055,4,0,53 88 9,1,50,,313057,4,0,68 16 26 9,1,155,,313058,4,0,53 88 9,1,95,,313060,4,0,53 88 9,1,50,,313062,4,0,68 16 26 9,1,150,,313063,4,0,53 88 9,1,802,,313065,4,0,16 16 26 9,1,45,,313066,4,0,16 16 26 9,1,195,,313067,4,0,16 16 26 9,1
6500,'20260928',2114,,313070,4,0,7 106 107 9,1,5,,313071,4,0,57 88 9,1,229,,313075,4,0,16 16 26 9,1,100,,313076,4,0,16 16 26 9,1,200,,313077,4,0,16 16 26 9,1
6500,'20260929',2114,,313080,4,0,7 106 107 9,1,5,,313081,4,0,57 88 9,1,229,,313085,4,0,16 16 26 9,1,100,,313086,4,0,16 16 26 9,1,200,,313087,4,0,16 16 26 9,1
6500,'20260930',2114,,313090,4,0,7 106 107 9,1,5,,313091,4,0,57 88 9,1,229,,313095,4,0,16 16 26 9,1,100,,313096,4,0,16 16 26 9,1,200,,313097,4,0,16 16 26 9,1
6500,'20261001',2114,,313100,4,0,7 106 107 9,1,5,,313101,4,0,57 88 9,1,229,,313105,4,0,16 16 26 9,1,100,,313106,4,0,16 16 26 9,1,200,,313107,4,0,16 16 26 9,1
6500,'20261002',2114,,313110,4,0,7 106 107 9,1,5,,313111,4,0,57 88 9,1,229,,313115,4,0,16 16 26 9,1,100,,313116,4,0,16 16 26 9,1,200,,313117,4,0,16 16 26 9,1
6500,'20261003',856,,313119,4,0,68 16 26 9,1,155,,313120,4,0,53 88 9,1,95,,313122,4,0,53 88 9,1,50,,313124,4,0,68 16 26 9,1,155,,313125,4,0,53 88 9,1,95,,313127,4,0,53 88 9,1,50,,313129,4,0,68 16 26 9,1,150,,313130,4,0,53 88 9,1,802,,313132,4,0,16 16 26 9,1,45,,313133,4,0,16 16 26 9,1,100,,313134,4,0,16 16 26 9,1,95,,313135,4,0,16 16 26 9,1
6500,'20261004',856,,313137,4,0,68 16 26 9,1,155,,313138,4,0,53 88 9,1,95,,313140,4,0,53 88 9,1,50,,313142,4,0,68 16 26 9,1,155,,313143,4,0,53 88 9,1,95,,313145,4,0,53 88 9,1,50,,313147,4,0,68 16 26 9,1,150,,313148,4,0,53 88 9,1,802,,313150,4,0,16 16 26 9,1,45,,313151,4,0,16 16 26 9,1,195,,313152,4,0,16 16 26 9,1
6500,'20261005',2114,,313155,4,0,7 106 107 9,1,5,,313156,4,0,57 88 9,1,229,,313160,4,0,16 16 26 9,1,100,,313161,4,0,16 16 26 9,1,200,,313162,4,0,16 16 26 9,1
6500,'20261006',2114,,313165,4,0,7 106 107 9,1,5,,313166,4,0,57 88 9,1,229,,313170,4,0,16 16 26 9,1,100,,313171,4,0,16 16 26 9,1,200,,313172,4,0,16 16 26 9,1
6500,'20261007',2114,,313175,4,0,7 106 107 9,1,5,,313176,4,0,57 88 9,1,229,,313180,4,0,16 16 26 9,1,100,,313181,4,0,16 16 26 9,1,200,,313182,4,0,16 16 26 9,1
6500,'20261008',2114,,313185,4,0,7 106 107 9,1,5,,313186,4,0,57 88 9,1,229,,313190,4,0,16 16 26 9,1,100,,313191,4,0,16 16 26 9,1,200,,313192,4,0,16 16 26 9,1
6500,'20261009',2114,,313195,4,0,7 106 107 9,1,5,,313196,4,0,57 88 9,1,229,,313200,4,0,16 16 26 9,1,100,,313201,4,0,16 16 26 9,1,200,,313202,4,0,16 16 26 9,1
6500,'20261010',856,,313204,4,0,68 16 26 9,1,155,,313205,4,0,53 88 9,1,95,,313207,4,0,53 88 9,1,50,,313209,4,0,68 16 26 9,1,155,,313210,4,0,53 88 9,1,95,,313212,4,0,53 88 9,1,50,,313214,4,0,68 16 26 9,1,150,,313215,4,0,53 88 9,1,802,,313217,4,0,16 16 26 9,1,45,,313218,4,0,16 16 26 9,1,100,,313219,4,0,16 16 26 9,1,95,,313220,4,0,16 16 26 9,1
6500,'20261011',856,,313222,4,0,68 16 26 9,1,155,,313223,4,0,53 88 9,1,95,,313225,4,0,53 88 9,1,50,,313227,4,0,68 16 26 9,1,155,,313228,4,0,53 88 9,1,95,,313230,4,0,53 88 9,1,50,,313232,4,0,68 16 26 9,1,150,,313233,4,0,53 88 9,1,802,,313235,4,0,16 16 26 9,1,45,,313236,4,0,16 16 26 9,1,195,,313237,4,0,16 16 26 9,1
6500,'20261012',856,,313239,4,0,68 16 26 9,1,155,,313240,4,0,53 88 9,1,95,,313242,4,0,53 88 9,1,50,,313244,4,0,68 16 26 9,1,155,,313245,4,0,53 88 9,1,95,,313247,4,0,53 88 9,1,50,,313249,4,0,68 16 26 9,1,150,,313250,4,0,53 88 9,1,802,,313252,4,0,16 16 26 9,1,45,,313253,4,0,16 16 26 9,1,100,,313254,4,0,16 16 26 9,1,95,,313255,4,0,16 16 26 9,1
6500,'20261013',2114,,313258,4,0,7 106 107 9,1,5,,313259,4,0,57 88 9,1,229,,313263,4,0,16 16 26 9,1,100,,313264,4,0,16 16 26 9,1,200,,313265,4,0,16 16 26 9,1
6500,'20261014',2114,,313268,4,0,7 106 107 9,1,5,,313269,4,0,57 88 9,1,229,,313273,4,0,16 16 26 9,1,100,,313274,4,0,16 16 26 9,1,200,,313275,4,0,16 16 26 9,1
6500,'20261015',2114,,313278,4,0,7 106 107 9,1,5,,313279,4,0,57 88 9,1,229,,313283,4,0,16 16 26 9,1,100,,313284,4,0,16 16 26 9,1,200,,313285,4,0,16 16 26 9,1
6500,'20261016',2114,,313288,4,0,7 106 107 9,1,5,,313289,4,0,57 88 9,1,229,,313293,4,0,16 16 26 9,1,100,,313294,4,0,16 16 26 9,1,200,,313295,4,0,16 16 26 9,1
6500,'20261017',856,,313297,4,0,68 16 26 9,1,155,,313298,4,0,53 88 9,1,95,,313300,4,0,53 88 9,1,50,,313302,4,0,68 16 26 9,1,155,,313303,4,0,53 88 9,1,95,,313305,4,0,53 88 9,1,50,,313307,4,0,68 16 26 9,1,150,,313308,4,0,53 88 9,1,802,,313310,4,0,16 16 26 9,1,45,,313311,4,0,16 16 26 9,1,100,,313312,4,0,16 16 26 9,1,95,,313313,4,0,16 16 26 9,1
6500,'20261018',856,,313315,4,0,68 16 26 9,1,155,,313316,4,0,53 88 9,1,95,,313318,4,0,53 88 9,1,50,,313320,4,0,68 16 26 9,1,155,,313321,4,0,53 88 9,1,95,,313323,4,0,53 88 9,1,50,,313325,4,0,68 16 26 9,1,150,,313326,4,0,53 88 9,1,802,,313328,4,0,16 16 26 9,1,45,,313329,4,0,16 16 26 9,1,195,,313330,4,0,16 16 26 9,1
6500,'20261019',2114,,313333,4,0,7 106 107 9,1,5,,313334,4,0,57 88 9,1,229,,313338,4,0,16 16 26 9,1,100,,313339,4,0,16 16 26 9,1,200,,313340,4,0,16 16 26 9,1
6500,'20261020',2114,,313343,4,0,7 106 107 9,1,5,,313344,4,0,57 88 9,1,229,,313348,4,0,16 16 26 9,1,100,,313349,4,0,16 16 26 9,1,200,,313350,4,0,16 16 26 9,1
6500,'20261021',2114,,313353,4,0,7 106 107 9,1,5,,313354,4,0,57 88 9,1,229,,313358,4,0,16 16 26 9,1,100,,313359,4,0,16 16 26 9,1,200,,313360,4,0,16 16 26 9,1
6500,'20261022',2114,,313363,4,0,7 106 107 9,1,5,,313364,4,0,57 88 9,1,229,,313368,4,0,16 16 26 9,1,100,,313369,4,0,16 16 26 9,1,200,,313370,4,0,16 16 26 9,1
6500,'20261023',2114,,313373,4,0,7 106 107 9,1,5,,313374,4,0,57 88 9,1,229,,313378,4,0,16 16 26 9,1,100,,313379,4,0,16 16 26 9,1,200,,313380,4,0,16 16 26 9,1
6500,'20261024',856,,313382,4,0,68 16 26 9,1,155,,313383,4,0,53 88 9,1,95,,313385,4,0,53 88 9,1,50,,313387,4,0,68 16 26 9,1,155,,313388,4,0,53 88 9,1,95,,313390,4,0,53 88 9,1,50,,313392,4,0,68 16 26 9,1,150,,313393,4,0,53 88 9,1,802,,313395,4,0,16 16 26 9,1,45,,313396,4,0,16 16 26 9,1,100,,313397,4,0,16 16 26 9,1,95,,313398,4,0,16 16 26 9,1
6500,'20261025',856,,313400,4,0,68 16 26 9,1,155,,313401,4,0,53 88 9,1,95,,313403,4,0,53 88 9,1,50,,313405,4,0,68 16 26 9,1,155,,313406,4,0,53 88 9,1,95,,313408,4,0,53 88 9,1,50,,313410,4,0,68 16 26 9,1,150,,313411,4,0,53 88 9,1,802,,313413,4,0,16 16 26 9,1,45,,313414,4,0,16 16 26 9,1,195,,313415,4,0,16 16 26 9,1
6500,'20261026',2114,,313418,4,0,7 106 107 9,1,5,,313419,4,0,57 88 9,1,229,,313423,4,0,16 16 26 9,1,100,,313424,4,0,16 16 26 9,1,200,,313425,4,0,16 16 26 9,1
6500,'20261027',2114,,313428,4,0,7 106 107 9,1,5,,313429,4,0,57 88 9,1,229,,313433,4,0,16 16 26 9,1,100,,313434,4,0,16 16 26 9,1,200,,313435,4,0,16 16 26 9,1
6500,'20261028',2114,,313438,4,0,7 106 107 9,1,5,,313439,4,0,57 88 9,1,229,,313443,4,0,16 16 26 9,1,100,,313444,4,0,16 16 26 9,1,200,,313445,4,0,16 16 26 9,1
6500,'20261029',2114,,313448,4,0,7 106 107 9,1,5,,313449,4,0,57 88 9,1,229,,313453,4,0,16 16 26 9,1,100,,313454,4,0,16 16 26 9,1,200,,313455,4,0,16 16 26 9,1
6500,'20261030',2114,,313458,4,0,7 106 107 9,1,5,,313459,4,0,57 88 9,1,229,,313463,4,0,16 16 26 9,1,100,,313464,4,0,16 16 26 9,1,200,,313465,4,0,16 16 26 9,1
6500,'20261031',856,,313467,4,0,68 16 26 9,1,155,,313468,4,0,53 88 9,1,95,,313470,4,0,53 88 9,1,50,,313472,4,0,68 16 26 9,1,155,,313473,4,0,53 88 9,1,95,,313475,4,0,53 88 9,1,50,,313477,4,0,68 16 26 9,1,150,,313478,4,0,53 88 9,1,802,,313480,4,0,16 16 26 9,1,45,,313481,4,0,16 16 26 9,1,100,,313482,4,0,16 16 26 9,1,95,,313483,4,0,16 16 26 9,1
6500,'20261101',856,,313485,4,0,68 16 26 9,1,155,,313486,4,0,53 88 9,1,95,,313488,4,0,53 88 9,1,50,,313490,4,0,68 16 26 9,1,155,,313491,4,0,53 88 9,1,95,,313493,4,0,53 88 9,1,50,,313495,4,0,68 16 26 9,1,150,,313496,4,0,53 88 9,1,802,,313498,4,0,16 16 26 9,1,45,,313499,4,0,16 16 26 9,1,195,,313500,4,0,16 16 26 9,1
6500,'20261102',2114,,313503,4,0,7 106 107 9,1,5,,313504,4,0,57 88 9,1,229,,313508,4,0,16 16 26 9,1,100,,313509,4,0,16 16 26 9,1,200,,313510,4,0,16 16 26 9,1
6500,'20261103',2114,,313513,4,0,7 106 107 9,1,5,,313514,4,0,57 88 9,1,229,,313518,4,0,16 16 26 9,1,100,,313519,4,0,16 16 26 9,1,200,,313520,4,0,16 16 26 9,1
6500,'20261104',2114,,313523,4,0,7 106 107 9,1,5,,313524,4,0,57 88 9,1,229,,313528,4,0,16 16 26 9,1,100,,313529,4,0,16 16 26 9,1,200,,313530,4,0,16 16 26 9,1
6500,'20261105',2114,,313533,4,0,7 106 107 9,1,5,,313534,4,0,57 88 9,1,229,,313538,4,0,16 16 26 9,1,100,,313539,4,0,16 16 26 9,1,200,,313540,4,0,16 16 26 9,1
6500,'20261106',2114,,313543,4,0,7 106 107 9,1,5,,313544,4,0,57 88 9,1,229,,313548,4,0,16 16 26 9,1,100,,313549,4,0,16 16 26 9,1,200,,313550,4,0,16 16 26 9,1
6500,'20261107',856,,313552,4,0,68 16 26 9,1,155,,313553,4,0,53 88 9,1,95,,313555,4,0,53 88 9,1,50,,313557,4,0,68 16 26 9,1,155,,313558,4,0,53 88 9,1,95,,313560,4,0,53 88 9,1,50,,313562,4,0,68 16 26 9,1,150,,313563,4,0,53 88 9,1,802,,313565,4,0,16 16 26 9,1,45,,313566,4,0,16 16 26 9,1,100,,313567,4,0,16 16 26 9,1,95,,313568,4,0,16 16 26 9,1
6500,'20261108',856,,313570,4,0,68 16 26 9,1,155,,313571,4,0,53 88 9,1,95,,313573,4,0,53 88 9,1,50,,313575,4,0,68 16 26 9,1,155,,313576,4,0,53 88 9,1,95,,313578,4,0,53 88 9,1,50,,313580,4,0,68 16 26 9,1,150,,313581,4,0,53 88 9,1,802,,313583,4,0,16 16 26 9,1,45,,313584,4,0,16 16 26 9,1,195,,313585,4,0,16 16 26 9,1
6500,'20261109',2114,,313588,4,0,7 106 107 9,1,5,,313589,4,0,57 88 9,1,229,,313593,4,0,16 16 26 9,1,100,,313594,4,0,16 16 26 9,1,200,,313595,4,0,16 16 26 9,1
6500,'20261110',2114,,313598,4,0,7 106 107 9,1,5,,313599,4,0,57 88 9,1,229,,313603,4,0,16 16 26 9,1,100,,313604,4,0,16 16 26 9,1,200,,313605,4,0,16 16 26 9,1
6500,'20261111',2114,,313608,4,0,7 106 107 9,1,5,,313609,4,0,57 88 9,1,229,,313613,4,0,16 16 26 9,1,100,,313614,4,0,16 16 26 9,1,200,,313615,4,0,16 16 26 9,1
6500,'20261112',2114,,313618,4,0,7 106 107 9,1,5,,313619,4,0,57 88 9,1,229,,313623,4,0,16 16 26 9,1,100,,313624,4,0,16 16 26 9,1,200,,313625,4,0,16 16 26 9,1
6500,'20261113',2114,,313628,4,0,7 106 107 9,1,5,,313629,4,0,57 88 9,1,229,,313633,4,0,16 16 26 9,1,100,,313634,4,0,16 16 26 9,1,200,,313635,4,0,16 16 26 9,1
6500,'20261114',856,,313637,4,0,68 16 26 9,1,155,,313638,4,0,53 88 9,1,95,,313640,4,0,53 88 9,1,50,,313642,4,0,68 16 26 9,1,155,,313643,4,0,53 88 9,1,95,,313645,4,0,53 88 9,1,50,,313647,4,0,68 16 26 9,1,150,,313648,4,0,53 88 9,1,802,,313650,4,0,16 16 26 9,1,45,,313651,4,0,16 16 26 9,1,100,,313652,4,0,16 16 26 9,1,95,,313653,4,0,16 16 26 9,1
6500,'20261115',856,,313655,4,0,68 16 26 9,1,155,,313656,4,0,53 88 9,1,95,,313658,4,0,53 88 9,1,50,,313660,4,0,68 16 26 9,1,155,,313661,4,0,53 88 9,1,95,,313663,4,0,53 88 9,1,50,,313665,4,0,68 16 26 9,1,150,,313666,4,0,53 88 9,1,802,,313668,4,0,16 16 26 9,1,45,,313669,4,0,16 16 26 9,1,195,,313670,4,0,16 16 26 9,1
6500,'20261116',2114,,313673,4,0,7 106 107 9,1,5,,313674,4,0,57 88 9,1,229,,313678,4,0,16 16 26 9,1,100,,313679,4,0,16 16 26 9,1,200,,313680,4,0,16 16 26 9,1
6500,'20261117',2114,,313683,4,0,7 106 107 9,1,5,,313684,4,0,57 88 9,1,229,,313688,4,0,16 16 26 9,1,100,,313689,4,0,16 16 26 9,1,200,,313690,4,0,16 16 26 9,1
6500,'20261118',2114,,313693,4,0,7 106 107 9,1,5,,313694,4,0,57 88 9,1,229,,313698,4,0,16 16 26 9,1,100,,313699,4,0,16 16 26 9,1,200,,313700,4,0,16 16 26 9,1
6500,'20261119',2114,,313703,4,0,7 106 107 9,1,5,,313704,4,0,57 88 9,1,229,,313708,4,0,16 16 26 9,1,100,,313709,4,0,16 16 26 9,1,200,,313710,4,0,16 16 26 9,1
6500,'20261120',2114,,313713,4,0,7 106 107 9,1,5,,313714,4,0,57 88 9,1,229,,313718,4,0,16 16 26 9,1,100,,313719,4,0,16 16 26 9,1,200,,313720,4,0,16 16 26 9,1
6500,'20261121',856,,313722,4,0,68 16 26 9,1,155,,313723,4,0,53 88 9,1,95,,313725,4,0,53 88 9,1,50,,313727,4,0,68 16 26 9,1,155,,313728,4,0,53 88 9,1,95,,313730,4,0,53 88 9,1,50,,313732,4,0,68 16 26 9,1,150,,313733,4,0,53 88 9,1,802,,313735,4,0,16 16 26 9,1,45,,313736,4,0,16 16 26 9,1,100,,313737,4,0,16 16 26 9,1,95,,313738,4,0,16 16 26 9,1
6500,'20261122',856,,313740,4,0,68 16 26 9,1,155,,313741,4,0,53 88 9,1,95,,313743,4,0,53 88 9,1,50,,313745,4,0,68 16 26 9,1,155,,313746,4,0,53 88 9,1,95,,313748,4,0,53 88 9,1,50,,313750,4,0,68 16 26 9,1,150,,313751,4,0,53 88 9,1,802,,313753,4,0,16 16 26 9,1,45,,313754,4,0,16 16 26 9,1,195,,313755,4,0,16 16 26 9,1
6500,'20261123',2114,,313758,4,0,7 106 107 9,1,5,,313759,4,0,57 88 9,1,229,,313763,4,0,16 16 26 9,1,100,,313764,4,0,16 16 26 9,1,200,,313765,4,0,16 16 26 9,1
6500,'20261124',2114,,313768,4,0,7 106 107 9,1,5,,313769,4,0,57 88 9,1,229,,313773,4,0,16 16 26 9,1,100,,313774,4,0,16 16 26 9,1,200,,313775,4,0,16 16 26 9,1
6500,'20261125',2114,,313778,4,0,7 106 107 9,1,5,,313779,4,0,57 88 9,1,229,,313783,4,0,16 16 26 9,1,100,,313784,4,0,16 16 26 9,1,200,,313785,4,0,16 16 26 9,1
6500,'20261126',2114,,313788,4,0,7 106 107 9,1,5,,313789,4,0,57 88 9,1,229,,313793,4,0,16 16 26 9,1,100,,313794,4,0,16 16 26 9,1,200,,313795,4,0,16 16 26 9,1
6500,'20261127',2114,,313798,4,0,7 106 107 9,1,5,,313799,4,0,57 88 9,1,229,,313803,4,0,16 16 26 9,1,100,,313804,4,0,16 16 26 9,1,200,,313805,4,0,16 16 26 9,1
6800,'20260912',941,,315178,4,0,53 27 28 9,1,305,,315180,4,0,53 27 28 9,1,300,,315183,4,0,53 27 28 9,1
6800,'20260913',941,,315190,4,0,53 27 28 9,1,305,,315192,4,0,53 27 28 9,1,300,,315195,4,0,53 27 28 9,1
6800,'20260919',941,,315257,4,0,53 27 28 9,1,305,,315259,4,0,53 27 28 9,1,300,,315262,4,0,53 27 28 9,1
6800,'20260920',941,,315269,4,0,53 27 28 9,1,305,,315271,4,0,53 27 28 9,1,300,,315274,4,0,53 27 28 9,1
6800,'20260926',941,,315336,4,0,53 27 28 9,1,305,,315338,4,0,53 27 28 9,1,300,,315341,4,0,53 27 28 9,1
6800,'20260927',941,,315348,4,0,53 27 28 9,1,305,,315350,4,0,53 27 28 9,1,300,,315353,4,0,53 27 28 9,1
6800,'20261003',941,,315415,4,0,53 27 28 9,1,305,,315417,4,0,53 27 28 9,1,300,,315420,4,0,53 27 28 9,1
6800,'20261004',941,,315427,4,0,53 27 28 9,1,305,,315429,4,0,53 27 28 9,1,300,,315432,4,0,53 27 28 9,1
6800,'20261010',941,,315494,4,0,53 27 28 9,1,305,,315496,4,0,53 27 28 9,1,300,,315499,4,0,53 27 28 9,1
6800,'20261011',941,,315506,4,0,53 27 28 9,1,305,,315508,4,0,53 27 28 9,1,300,,315511,4,0,53 27 28 9,1
6800,'20261012',941,,315518,4,0,53 27 28 9,1,305,,315520,4,0,53 27 28 9,1,300,,315523,4,0,53 27 28 9,1
6800,'20261017',941,,315574,4,0,53 27 28 9,1,305,,315576,4,0,53 27 28 9,1,300,,315579,4,0,53 27 28 9,1
6800,'20261018',941,,315586,4,0,53 27 28 9,1,305,,315588,4,0,53 27 28 9,1,300,,315591,4,0,53 27 28 9,1
6800,'20261024',941,,315653,4,0,53 27 28 9,1,305,,315655,4,0,53 27 28 9,1,300,,315658,4,0,53 27 28 9,1
6800,'20261025',941,,315665,4,0,53 27 28 9,1,305,,315667,4,0,53 27 28 9,1,300,,315670,4,0,53 27 28 9,1
6800,'20261031',941,,315732,4,0,53 27 28 9,1,305,,315734,4,0,53 27 28 9,1,300,,315737,4,0,53 27 28 9,1
6800,'20261101',941,,315744,4,0,53 27 28 9,1,305,,315746,4,0,53 27 28 9,1,300,,315749,4,0,53 27 28 9,1
6800,'20261107',941,,315811,4,0,53 27 28 9,1,305,,315813,4,0,53 27 28 9,1,300,,315816,4,0,53 27 28 9,1
6800,'20261108',941,,315823,4,0,53 27 28 9,1,305,,315825,4,0,53 27 28 9,1,300,,315828,4,0,53 27 28 9,1
6800,'20261114',941,,315890,4,0,53 27 28 9,1,305,,315892,4,0,53 27 28 9,1,300,,315895,4,0,53 27 28 9,1
6800,'20261115',941,,315902,4,0,53 27 28 9,1,305,,315904,4,0,53 27 28 9,1,300,,315907,4,0,53 27 28 9,1
6800,'20261121',941,,315969,4,0,53 27 28 9,1,305,,315971,4,0,53 27 28 9,1,300,,315974,4,0,53 27 28 9,1
6800,'20261122',941,,315981,4,0,53 27 28 9,1,305,,315983,4,0,53 27 28 9,1,300,,315986,4,0,53 27 28 9,1
