1700,'20260917',755,,232155,24,,,1,155,,232156,24,,,1,95,,232157,24,,,1,100,,232158,24,,,1,100,,232159,24,,,1,110,,232160,24,,,1,200,,232161,24,,,1,115,,232162,24,,,1,99,,232163,24,,,1,95,,232164,24,,,1,91,,232165,24,,,1,98,,232166,24,,,1,100,,232167,24,,,1,135,,232168,24,,,1
1700,'20260918',755,,232169,24,,,1,155,,232170,24,,,1,95,,232171,24,,,1,100,,232172,24,,,1,100,,232173,24,,,1,110,,232174,24,,,1,200,,232175,24,,,1,115,,232176,24,,,1,99,,232177,24,,,1,95,,232178,24,,,1,91,,232179,24,,,1,98,,232180,24,,,1,100,,232181,24,,,1,135,,232182,24,,,1
1700,'20260921',755,,232183,24,,,1,155,,232184,24,,,1,95,,232185,24,,,1,100,,232186,24,,,1,100,,232187,24,,,1,110,,232188,24,,,1,200,,232189,24,,,1,115,,232190,24,,,1,99,,232191,24,,,1,95,,232192,24,,,1,91,,232193,24,,,1,98,,232194,24,,,1,100,,232195,24,,,1,135,,232196,24,,,1
1700,'20260922',755,,232197,24,,,1,155,,232198,24,,,1,95,,232199,24,,,1,100,,232200,24,,,1,100,,232201,24,,,1,110,,232202,24,,,1,200,,232203,24,,,1,115,,232204,24,,,1,99,,232205,24,,,1,95,,232206,24,,,1,91,,232207,24,,,1,98,,232208,24,,,1,100,,232209,24,,,1,135,,232210,24,,,1
1700,'20260923',755,,232211,24,,,1,155,,232212,24,,,1,95,,232213,24,,,1,100,,232214,24,,,1,100,,232215,24,,,1,110,,232216,24,,,1,200,,232217,24,,,1,115,,232218,24,,,1,99,,232219,24,,,1,95,,232220,24,,,1,91,,232221,24,,,1,98,,232222,24,,,1,100,,232223,24,,,1,135,,232224,24,,,1
1700,'20260924',755,,232225,24,,,1,155,,232226,24,,,1,95,,232227,24,,,1,100,,232228,24,,,1,100,,232229,24,,,1,110,,232230,24,,,1,200,,232231,24,,,1,115,,232232,24,,,1,99,,232233,24,,,1,95,,232234,24,,,1,91,,232235,24,,,1,98,,232236,24,,,1,100,,232237,24,,,1,135,,232238,24,,,1
1700,'20260925',755,,232239,24,,,1,155,,232240,24,,,1,95,,232241,24,,,1,100,,232242,24,,,1,100,,232243,24,,,1,110,,232244,24,,,1,200,,232245,24,,,1,115,,232246,24,,,1,99,,232247,24,,,1,95,,232248,24,,,1,91,,232249,24,,,1,98,,232250,24,,,1,100,,232251,24,,,1,135,,232252,24,,,1
1700,'20260928',755,,232253,24,,,1,155,,232254,24,,,1,95,,232255,24,,,1,100,,232256,24,,,1,100,,232257,24,,,1,110,,232258,24,,,1,200,,232259,24,,,1,115,,232260,24,,,1,99,,232261,24,,,1,95,,232262,24,,,1,91,,232263,24,,,1,98,,232264,24,,,1,100,,232265,24,,,1,135,,232266,24,,,1
1700,'20260929',755,,232267,24,,,1,155,,232268,24,,,1,95,,232269,24,,,1,100,,232270,24,,,1,100,,232271,24,,,1,110,,232272,24,,,1,200,,232273,24,,,1,115,,232274,24,,,1,99,,232275,24,,,1,95,,232276,24,,,1,91,,232277,24,,,1,98,,232278,24,,,1,100,,232279,24,,,1,135,,232280,24,,,1
1700,'20260930',755,,232281,24,,,1,155,,232282,24,,,1,95,,232283,24,,,1,100,,232284,24,,,1,100,,232285,24,,,1,110,,232286,24,,,1,200,,232287,24,,,1,115,,232288,24,,,1,99,,232289,24,,,1,95,,232290,24,,,1,91,,232291,24,,,1,98,,232292,24,,,1,100,,232293,24,,,1,135,,232294,24,,,1
1700,'20261001',755,,232295,24,,,1,155,,232296,24,,,1,95,,232297,24,,,1,100,,232298,24,,,1,100,,232299,24,,,1,110,,232300,24,,,1,200,,232301,24,,,1,115,,232302,24,,,1,99,,232303,24,,,1,95,,232304,24,,,1,91,,232305,24,,,1,98,,232306,24,,,1,100,,232307,24,,,1,135,,232308,24,,,1
1700,'20261002',755,,232309,24,,,1,155,,232310,24,,,1,95,,232311,24,,,1,100,,232312,24,,,1,100,,232313,24,,,1,110,,232314,24,,,1,200,,232315,24,,,1,115,,232316,24,,,1,99,,232317,24,,,1,95,,232318,24,,,1,91,,232319,24,,,1,98,,232320,24,,,1,100,,232321,24,,,1,135,,232322,24,,,1
1700,'20261005',755,,232323,24,,,1,155,,232324,24,,,1,95,,232325,24,,,1,100,,232326,24,,,1,100,,232327,24,,,1,110,,232328,24,,,1,200,,232329,24,,,1,115,,232330,24,,,1,99,,232331,24,,,1,95,,232332,24,,,1,91,,232333,24,,,1,98,,232334,24,,,1,100,,232335,24,,,1,135,,232336,24,,,1
1700,'20261006',755,,232337,24,,,1,155,,232338,24,,,1,95,,232339,24,,,1,100,,232340,24,,,1,100,,232341,24,,,1,110,,232342,24,,,1,200,,232343,24,,,1,115,,232344,24,,,1,99,,232345,24,,,1,95,,232346,24,,,1,91,,232347,24,,,1,98,,232348,24,,,1,100,,232349,24,,,1,135,,232350,24,,,1
1700,'20261007',755,,232351,24,,,1,155,,232352,24,,,1,95,,232353,24,,,1,100,,232354,24,,,1,100,,232355,24,,,1,110,,232356,24,,,1,200,,232357,24,,,1,115,,232358,24,,,1,99,,232359,24,,,1,95,,232360,24,,,1,91,,232361,24,,,1,98,,232362,24,,,1,100,,232363,24,,,1,135,,232364,24,,,1
1700,'20261008',755,,232365,24,,,1,155,,232366,24,,,1,95,,232367,24,,,1,100,,232368,24,,,1,100,,232369,24,,,1,110,,232370,24,,,1,200,,232371,24,,,1,115,,232372,24,,,1,99,,232373,24,,,1,95,,232374,24,,,1,91,,232375,24,,,1,98,,232376,24,,,1,100,,232377,24,,,1,135,,232378,24,,,1
1700,'20261009',755,,232379,24,,,1,155,,232380,24,,,1,95,,232381,24,,,1,100,,232382,24,,,1,100,,232383,24,,,1,110,,232384,24,,,1,200,,232385,24,,,1,115,,232386,24,,,1,99,,232387,24,,,1,95,,232388,24,,,1,91,,232389,24,,,1,98,,232390,24,,,1,100,,232391,24,,,1,135,,232392,24,,,1
1700,'20261013',755,,232393,24,,,1,155,,232394,24,,,1,95,,232395,24,,,1,100,,232396,24,,,1,100,,232397,24,,,1,110,,232398,24,,,1,200,,232399,24,,,1,115,,232400,24,,,1,99,,232401,24,,,1,95,,232402,24,,,1,91,,232403,24,,,1,98,,232404,24,,,1,100,,232405,24,,,1,135,,232406,24,,,1
1700,'20261014',755,,232407,24,,,1,155,,232408,24,,,1,95,,232409,24,,,1,100,,232410,24,,,1,100,,232411,24,,,1,110,,232412,24,,,1,200,,232413,24,,,1,115,,232414,24,,,1,99,,232415,24,,,1,95,,232416,24,,,1,91,,232417,24,,,1,98,,232418,24,,,1,100,,232419,24,,,1,135,,232420,24,,,1
1700,'20261015',755,,232421,24,,,1,155,,232422,24,,,1,95,,232423,24,,,1,100,,232424,24,,,1,100,,232425,24,,,1,110,,232426,24,,,1,200,,232427,24,,,1,115,,232428,24,,,1,99,,232429,24,,,1,95,,232430,24,,,1,91,,232431,24,,,1,98,,232432,24,,,1,100,,232433,24,,,1,135,,232434,24,,,1
1700,'20261016',755,,232435,24,,,1,155,,232436,24,,,1,95,,232437,24,,,1,100,,232438,24,,,1,100,,232439,24,,,1,110,,232440,24,,,1,200,,232441,24,,,1,115,,232442,24,,,1,99,,232443,24,,,1,95,,232444,24,,,1,91,,232445,24,,,1,98,,232446,24,,,1,100,,232447,24,,,1,135,,232448,24,,,1
1700,'20261019',755,,232449,24,,,1,155,,232450,24,,,1,95,,232451,24,,,1,100,,232452,24,,,1,100,,232453,24,,,1,110,,232454,24,,,1,200,,232455,24,,,1,115,,232456,24,,,1,99,,232457,24,,,1,95,,232458,24,,,1,91,,232459,24,,,1,98,,232460,24,,,1,100,,232461,24,,,1,135,,232462,24,,,1
1700,'20261020',755,,232463,24,,,1,155,,232464,24,,,1,95,,232465,24,,,1,100,,232466,24,,,1,100,,232467,24,,,1,110,,232468,24,,,1,200,,232469,24,,,1,115,,232470,24,,,1,99,,232471,24,,,1,95,,232472,24,,,1,91,,232473,24,,,1,98,,232474,24,,,1,100,,232475,24,,,1,135,,232476,24,,,1
1700,'20261021',755,,232477,24,,,1,155,,232478,24,,,1,95,,232479,24,,,1,100,,232480,24,,,1,100,,232481,24,,,1,110,,232482,24,,,1,200,,232483,24,,,1,115,,232484,24,,,1,99,,232485,24,,,1,95,,232486,24,,,1,91,,232487,24,,,1,98,,232488,24,,,1,100,,232489,24,,,1,135,,232490,24,,,1
1700,'20261022',755,,232491,24,,,1,155,,232492,24,,,1,95,,232493,24,,,1,100,,232494,24,,,1,100,,232495,24,,,1,110,,232496,24,,,1,200,,232497,24,,,1,115,,232498,24,,,1,99,,232499,24,,,1,95,,232500,24,,,1,91,,232501,24,,,1,98,,232502,24,,,1,100,,232503,24,,,1,135,,232504,24,,,1
1700,'20261023',755,,232505,24,,,1,155,,232506,24,,,1,95,,232507,24,,,1,100,,232508,24,,,1,100,,232509,24,,,1,110,,232510,24,,,1,200,,232511,24,,,1,115,,232512,24,,,1,99,,232513,24,,,1,95,,232514,24,,,1,91,,232515,24,,,1,98,,232516,24,,,1,100,,232517,24,,,1,135,,232518,24,,,1
1700,'20261026',755,,232519,24,,,1,155,,232520,24,,,1,95,,232521,24,,,1,100,,232522,24,,,1,100,,232523,24,,,1,110,,232524,24,,,1,200,,232525,24,,,1,115,,232526,24,,,1,99,,232527,24,,,1,95,,232528,24,,,1,91,,232529,24,,,1,98,,232530,24,,,1,100,,232531,24,,,1,135,,232532,24,,,1
1700,'20261027',755,,232533,24,,,1,155,,232534,24,,,1,95,,232535,24,,,1,100,,232536,24,,,1,100,,232537,24,,,1,110,,232538,24,,,1,200,,232539,24,,,1,115,,232540,24,,,1,99,,232541,24,,,1,95,,232542,24,,,1,91,,232543,24,,,1,98,,232544,24,,,1,100,,232545,24,,,1,135,,232546,24,,,1
1700,'20261028',755,,232547,24,,,1,155,,232548,24,,,1,95,,232549,24,,,1,100,,232550,24,,,1,100,,232551,24,,,1,110,,232552,24,,,1,200,,232553,24,,,1,115,,232554,24,,,1,99,,232555,24,,,1,95,,232556,24,,,1,91,,232557,24,,,1,98,,232558,24,,,1,100,,232559,24,,,1,135,,232560,24,,,1
1700,'20261029',755,,232561,24,,,1,155,,232562,24,,,1,95,,232563,24,,,1,100,,232564,24,,,1,100,,232565,24,,,1,110,,232566,24,,,1,200,,232567,24,,,1,115,,232568,24,,,1,99,,232569,24,,,1,95,,232570,24,,,1,91,,232571,24,,,1,98,,232572,24,,,1,100,,232573,24,,,1,135,,232574,24,,,1
1700,'20261030',755,,232575,24,,,1,155,,232576,24,,,1,95,,232577,24,,,1,100,,232578,24,,,1,100,,232579,24,,,1,110,,232580,24,,,1,200,,232581,24,,,1,115,,232582,24,,,1,99,,232583,24,,,1,95,,232584,24,,,1,91,,232585,24,,,1,98,,232586,24,,,1,100,,232587,24,,,1,135,,232588,24,,,1
1700,'20261102',755,,232589,24,,,1,155,,232590,24,,,1,95,,232591,24,,,1,100,,232592,24,,,1,100,,232593,24,,,1,110,,232594,24,,,1,200,,232595,24,,,1,115,,232596,24,,,1,99,,232597,24,,,1,95,,232598,24,,,1,91,,232599,24,,,1,98,,232600,24,,,1,100,,232601,24,,,1,135,,232602,24,,,1
1700,'20261103',755,,232603,24,,,1,155,,232604,24,,,1,95,,232605,24,,,1,100,,232606,24,,,1,100,,232607,24,,,1,110,,232608,24,,,1,200,,232609,24,,,1,115,,232610,24,,,1,99,,232611,24,,,1,95,,232612,24,,,1,91,,232613,24,,,1,98,,232614,24,,,1,100,,232615,24,,,1,135,,232616,24,,,1
1700,'20261104',755,,232617,24,,,1,155,,232618,24,,,1,95,,232619,24,,,1,100,,232620,24,,,1,100,,232621,24,,,1,110,,232622,24,,,1,200,,232623,24,,,1,115,,232624,24,,,1,99,,232625,24,,,1,95,,232626,24,,,1,91,,232627,24,,,1,98,,232628,24,,,1,100,,232629,24,,,1,135,,232630,24,,,1
1700,'20261105',755,,232631,24,,,1,155,,232632,24,,,1,95,,232633,24,,,1,100,,232634,24,,,1,100,,232635,24,,,1,110,,232636,24,,,1,200,,232637,24,,,1,115,,232638,24,,,1,99,,232639,24,,,1,95,,232640,24,,,1,91,,232641,24,,,1,98,,232642,24,,,1,100,,232643,24,,,1,135,,232644,24,,,1
1700,'20261106',755,,232645,24,,,1,155,,232646,24,,,1,95,,232647,24,,,1,100,,232648,24,,,1,100,,232649,24,,,1,110,,232650,24,,,1,200,,232651,24,,,1,115,,232652,24,,,1,99,,232653,24,,,1,95,,232654,24,,,1,91,,232655,24,,,1,98,,232656,24,,,1,100,,232657,24,,,1,135,,232658,24,,,1
1700,'20261109',755,,232659,24,,,1,155,,232660,24,,,1,95,,232661,24,,,1,100,,232662,24,,,1,100,,232663,24,,,1,110,,232664,24,,,1,200,,232665,24,,,1,115,,232666,24,,,1,99,,232667,24,,,1,95,,232668,24,,,1,91,,232669,24,,,1,98,,232670,24,,,1,100,,232671,24,,,1,135,,232672,24,,,1
1700,'20261110',755,,232673,24,,,1,155,,232674,24,,,1,95,,232675,24,,,1,100,,232676,24,,,1,100,,232677,24,,,1,110,,232678,24,,,1,200,,232679,24,,,1,115,,232680,24,,,1,99,,232681,24,,,1,95,,232682,24,,,1,91,,232683,24,,,1,98,,232684,24,,,1,100,,232685,24,,,1,135,,232686,24,,,1
1700,'20261111',755,,232687,24,,,1,155,,232688,24,,,1,95,,232689,24,,,1,100,,232690,24,,,1,100,,232691,24,,,1,110,,232692,24,,,1,200,,232693,24,,,1,115,,232694,24,,,1,99,,232695,24,,,1,95,,232696,24,,,1,91,,232697,24,,,1,98,,232698,24,,,1,100,,232699,24,,,1,135,,232700,24,,,1
1700,'20261112',755,,232701,24,,,1,155,,232702,24,,,1,95,,232703,24,,,1,100,,232704,24,,,1,100,,232705,24,,,1,110,,232706,24,,,1,200,,232707,24,,,1,115,,232708,24,,,1,99,,232709,24,,,1,95,,232710,24,,,1,91,,232711,24,,,1,98,,232712,24,,,1,100,,232713,24,,,1,135,,232714,24,,,1
1700,'20261113',755,,232715,24,,,1,155,,232716,24,,,1,95,,232717,24,,,1,100,,232718,24,,,1,100,,232719,24,,,1,110,,232720,24,,,1,200,,232721,24,,,1,115,,232722,24,,,1,99,,232723,24,,,1,95,,232724,24,,,1,91,,232725,24,,,1,98,,232726,24,,,1,100,,232727,24,,,1,135,,232728,24,,,1
1700,'20261116',755,,232729,24,,,1,155,,232730,24,,,1,95,,232731,24,,,1,100,,232732,24,,,1,100,,232733,24,,,1,110,,232734,24,,,1,200,,232735,24,,,1,115,,232736,24,,,1,99,,232737,24,,,1,95,,232738,24,,,1,91,,232739,24,,,1,98,,232740,24,,,1,100,,232741,24,,,1,135,,232742,24,,,1
1700,'20261117',755,,232743,24,,,1,155,,232744,24,,,1,95,,232745,24,,,1,100,,232746,24,,,1,100,,232747,24,,,1,110,,232748,24,,,1,200,,232749,24,,,1,115,,232750,24,,,1,99,,232751,24,,,1,95,,232752,24,,,1,91,,232753,24,,,1,98,,232754,24,,,1,100,,232755,24,,,1,135,,232756,24,,,1
1700,'20261118',755,,232757,24,,,1,155,,232758,24,,,1,95,,232759,24,,,1,100,,232760,24,,,1,100,,232761,24,,,1,110,,232762,24,,,1,200,,232763,24,,,1,115,,232764,24,,,1,99,,232765,24,,,1,95,,232766,24,,,1,91,,232767,24,,,1,98,,232768,24,,,1,100,,232769,24,,,1,135,,232770,24,,,1
1700,'20261119',755,,232771,24,,,1,155,,232772,24,,,1,95,,232773,24,,,1,100,,232774,24,,,1,100,,232775,24,,,1,110,,232776,24,,,1,200,,232777,24,,,1,115,,232778,24,,,1,99,,232779,24,,,1,95,,232780,24,,,1,91,,232781,24,,,1,98,,232782,24,,,1,100,,232783,24,,,1,135,,232784,24,,,1
1700,'20261120',755,,232785,24,,,1,155,,232786,24,,,1,95,,232787,24,,,1,100,,232788,24,,,1,100,,232789,24,,,1,110,,232790,24,,,1,200,,232791,24,,,1,115,,232792,24,,,1,99,,232793,24,,,1,95,,232794,24,,,1,91,,232795,24,,,1,98,,232796,24,,,1,100,,232797,24,,,1,135,,232798,24,,,1
1700,'20261123',755,,232799,24,,,1,155,,232800,24,,,1,95,,232801,24,,,1,100,,232802,24,,,1,100,,232803,24,,,1,110,,232804,24,,,1,200,,232805,24,,,1,115,,232806,24,,,1,99,,232807,24,,,1,95,,232808,24,,,1,91,,232809,24,,,1,98,,232810,24,,,1,100,,232811,24,,,1,135,,232812,24,,,1
1700,'20261124',755,,232813,24,,,1,155,,232814,24,,,1,95,,232815,24,,,1,100,,232816,24,,,1,100,,232817,24,,,1,110,,232818,24,,,1,200,,232819,24,,,1,115,,232820,24,,,1,99,,232821,24,,,1,95,,232822,24,,,1,91,,232823,24,,,1,98,,232824,24,,,1,100,,232825,24,,,1,135,,232826,24,,,1
1700,'20261125',755,,232827,24,,,1,155,,232828,24,,,1,95,,232829,24,,,1,100,,232830,24,,,1,100,,232831,24,,,1,110,,232832,24,,,1,200,,232833,24,,,1,115,,232834,24,,,1,99,,232835,24,,,1,95,,232836,24,,,1,91,,232837,24,,,1,98,,232838,24,,,1,100,,232839,24,,,1,135,,232840,24,,,1
1700,'20261126',755,,232841,24,,,1,155,,232842,24,,,1,95,,232843,24,,,1,100,,232844,24,,,1,100,,232845,24,,,1,110,,232846,24,,,1,200,,232847,24,,,1,115,,232848,24,,,1,99,,232849,24,,,1,95,,232850,24,,,1,91,,232851,24,,,1,98,,232852,24,,,1,100,,232853,24,,,1,135,,232854,24,,,1
1700,'20261127',755,,232855,24,,,1,155,,232856,24,,,1,95,,232857,24,,,1,100,,232858,24,,,1,100,,232859,24,,,1,110,,232860,24,,,1,200,,232861,24,,,1,115,,232862,24,,,1,99,,232863,24,,,1,95,,232864,24,,,1,91,,232865,24,,,1,98,,232866,24,,,1,100,,232867,24,,,1,135,,232868,24,,,1
3101,'20260918',2356,,267688,31,0,105 101 9,1
3101,'20260919',1116,,267701,52,0,71 101 9,1,10,,267702,52,0,71 101 9,1,795,,267703,52,0,71 101 9,1,590,,267704,52,0,71 101 9,1
3101,'20260920',1116,,267713,52,0,71 101 9,1,10,,267714,52,0,71 101 9,1,795,,267715,52,0,71 101 9,1,590,,267716,52,0,71 101 9,1
3101,'20261002',2356,,332718,31,0,105 101 9,1
3101,'20261003',1121,,332723,52,0,71 101 9,1,10,,332724,52,0,71 101 9,1,795,,332725,52,0,71 101 9,1,590,,332726,52,0,71 101 9,1
3101,'20261004',1121,,332727,52,0,71 101 9,1,10,,332728,52,0,71 101 9,1,795,,332729,52,0,71 101 9,1,590,,332730,52,0,71 101 9,1
