2101,'20260910',618,,244535,9,,,1,113,,244536,9,,,1,115,,244537,9,,,1,98,,244538,9,,,1,100,,244539,9,,,1,105,,244540,9,0,16 63 9,1,100,,244543,9,0,16 63 9,1,108,,244548,9,0,16 63 9,1,962,,244571,9,0,16 63 9,1,95,,244573,9,0,16 63 9,1,87,,244576,9,,,1,52,,244577,9,,,1,100,,244578,9,,,1
2101,'20260911',618,,244579,9,,,1,113,,244580,9,,,1,115,,244581,9,,,1,98,,244582,9,,,1,100,,244583,9,,,1,105,,244584,9,0,16 63 9,1,100,,244587,9,0,16 63 9,1,108,,244592,9,0,16 63 9,1,962,,244615,9,0,16 63 9,1,95,,244617,9,0,16 63 9,1,87,,244620,9,,,1,52,,244621,9,,,1,100,,244622,9,,,1
2101,'20260912',804,,244623,9,0,57 8 9,1,100,,244624,9,0,57 8 9,1,52,,244625,9,0,57 8 9,1,149,,244626,9,0,57 8 9,1,49,,244628,9,0,34 10 9,1,150,,244630,9,0,34 10 9,1,101,,244632,9,0,34 10 9,1,95,,244634,9,0,34 10 9,1,105,,244636,9,0,34 10 9,1,105,,244639,9,0,34 10 9,1,100,,244642,9,0,34 10 9,1,94,,244646,9,0,34 10 9,1,55,,244650,9,0,34 10 9,1,100,,244654,9,0,34 10 9,1,95,,244657,9,0,34 10 9,1,95,,244660,9,0,34 10 9,1,100,,244663,9,0,34 10 9,1,108,,244666,9,0,57 8 9,1,98,,244667,9,0,57 8 9,1,100,,244668,9,0,57 8 9,1
2101,'20260913',804,,244669,9,0,57 8 9,1,100,,244670,9,0,57 8 9,1,52,,244671,9,0,57 8 9,1,149,,244672,9,0,57 8 9,1,49,,244673,9,0,34 10 9,1,150,,244675,9,0,34 10 9,1,101,,244677,9,0,34 10 9,1,95,,244679,9,0,34 10 9,1,105,,244681,9,0,34 10 9,1,105,,244684,9,0,34 10 9,1,100,,244687,9,0,34 10 9,1,94,,244691,9,0,34 10 9,1,55,,244695,9,0,34 10 9,1,100,,244699,9,0,34 10 9,1,95,,244702,9,0,34 10 9,1,95,,244705,9,0,34 10 9,1,100,,244708,9,0,34 10 9,1,108,,244710,9,0,57 8 9,1,98,,244711,9,0,57 8 9,1,100,,244712,9,0,57 8 9,1
2101,'20260914',618,,244713,9,,,1,113,,244714,9,,,1,115,,244715,9,,,1,98,,244716,9,,,1,100,,244717,9,,,1,105,,244718,9,0,16 63 9,1,100,,244721,9,0,16 63 9,1,108,,244726,9,0,16 63 9,1,962,,244749,9,0,16 63 9,1,95,,244751,9,0,16 63 9,1,87,,244754,9,,,1,52,,244755,9,,,1,100,,244756,9,,,1
2101,'20260915',618,,244757,9,,,1,113,,244758,9,,,1,115,,244759,9,,,1,98,,244760,9,,,1,100,,244761,9,,,1,105,,244762,9,0,16 63 9,1,100,,244765,9,0,16 63 9,1,108,,244770,9,0,16 63 9,1,962,,244793,9,0,16 63 9,1,95,,244795,9,0,16 63 9,1,87,,244798,9,,,1,52,,244799,9,,,1,100,,244800,9,,,1
2101,'20260916',618,,244801,9,,,1,113,,244802,9,,,1,115,,244803,9,,,1,98,,244804,9,,,1,100,,244805,9,,,1,105,,244806,9,0,16 63 9,1,100,,244809,9,0,16 63 9,1,108,,244814,9,0,16 63 9,1,962,,244837,9,0,16 63 9,1,95,,244839,9,0,16 63 9,1,87,,244842,9,,,1,52,,244843,9,,,1,100,,244844,9,,,1
2101,'20260917',618,,244845,9,,,1,113,,244846,9,,,1,115,,244847,9,,,1,98,,244848,9,,,1,100,,244849,9,,,1,105,,244850,9,0,16 63 9,1,100,,244853,9,0,16 63 9,1,108,,244858,9,0,16 63 9,1,962,,244881,9,0,16 63 9,1,95,,244883,9,0,16 63 9,1,87,,244886,9,,,1,52,,244887,9,,,1,100,,244888,9,,,1
2101,'20260918',618,,244889,9,,,1,113,,244890,9,,,1,115,,244891,9,,,1,98,,244892,9,,,1,100,,244893,9,,,1,105,,244894,9,0,16 63 9,1,100,,244897,9,0,16 63 9,1,108,,244902,9,0,16 63 9,1,962,,244925,9,0,16 63 9,1,95,,244927,9,0,16 63 9,1,87,,244930,9,,,1,52,,244931,9,,,1,100,,244932,9,,,1
2101,'20260919',804,,244933,9,0,57 8 9,1,100,,244934,9,0,57 8 9,1,52,,244935,9,0,57 8 9,1,149,,244936,9,0,57 8 9,1,49,,244938,9,0,34 10 9,1,150,,244940,9,0,34 10 9,1,101,,244942,9,0,34 10 9,1,95,,244944,9,0,34 10 9,1,105,,244946,9,0,34 10 9,1,105,,244949,9,0,34 10 9,1,100,,244952,9,0,34 10 9,1,94,,244956,9,0,34 10 9,1,55,,244960,9,0,34 10 9,1,100,,244964,9,0,34 10 9,1,95,,244967,9,0,34 10 9,1,95,,244970,9,0,34 10 9,1,100,,244973,9,0,34 10 9,1,108,,244976,9,0,57 8 9,1,98,,244977,9,0,57 8 9,1,100,,244978,9,0,57 8 9,1
2101,'20260920',804,,244979,9,0,57 8 9,1,100,,244980,9,0,57 8 9,1,52,,244981,9,0,57 8 9,1,149,,244982,9,0,57 8 9,1,49,,244983,9,0,34 10 9,1,150,,244985,9,0,34 10 9,1,101,,244987,9,0,34 10 9,1,95,,244989,9,0,34 10 9,1,105,,244991,9,0,34 10 9,1,105,,244994,9,0,34 10 9,1,100,,244997,9,0,34 10 9,1,94,,245001,9,0,34 10 9,1,55,,245005,9,0,34 10 9,1,100,,245009,9,0,34 10 9,1,95,,245012,9,0,34 10 9,1,95,,245015,9,0,34 10 9,1,100,,245018,9,0,34 10 9,1,108,,245020,9,0,57 8 9,1,98,,245021,9,0,57 8 9,1,100,,245022,9,0,57 8 9,1
2101,'20260921',618,,245023,9,,,1,113,,245024,9,,,1,115,,245025,9,,,1,98,,245026,9,,,1,100,,245027,9,,,1,105,,245028,9,0,16 63 9,1,100,,245031,9,0,16 63 9,1,108,,245036,9,0,16 63 9,1,962,,245059,9,0,16 63 9,1,95,,245061,9,0,16 63 9,1,87,,245064,9,,,1,52,,245065,9,,,1,100,,245066,9,,,1
2101,'20260922',618,,245067,9,,,1,113,,245068,9,,,1,115,,245069,9,,,1,98,,245070,9,,,1,100,,245071,9,,,1,105,,245072,9,0,16 63 9,1,100,,245075,9,0,16 63 9,1,108,,245080,9,0,16 63 9,1,962,,245103,9,0,16 63 9,1,95,,245105,9,0,16 63 9,1,87,,245108,9,,,1,52,,245109,9,,,1,100,,245110,9,,,1
2101,'20260923',618,,245111,9,,,1,113,,245112,9,,,1,115,,245113,9,,,1,98,,245114,9,,,1,100,,245115,9,,,1,105,,245116,9,0,16 63 9,1,100,,245119,9,0,16 63 9,1,108,,245124,9,0,16 63 9,1,962,,245147,9,0,16 63 9,1,95,,245149,9,0,16 63 9,1,87,,245152,9,,,1,52,,245153,9,,,1,100,,245154,9,,,1
2101,'20260924',618,,245155,9,,,1,113,,245156,9,,,1,115,,245157,9,,,1,98,,245158,9,,,1,100,,245159,9,,,1,105,,245160,9,0,16 63 9,1,100,,245163,9,0,16 63 9,1,108,,245168,9,0,16 63 9,1,962,,245191,9,0,16 63 9,1,95,,245193,9,0,16 63 9,1,87,,245196,9,,,1,52,,245197,9,,,1,100,,245198,9,,,1
2101,'20260925',618,,245199,9,,,1,113,,245200,9,,,1,115,,245201,9,,,1,98,,245202,9,,,1,100,,245203,9,,,1,105,,245204,9,0,16 63 9,1,100,,245207,9,0,16 63 9,1,108,,245212,9,0,16 63 9,1,962,,245235,9,0,16 63 9,1,95,,245237,9,0,16 63 9,1,87,,245240,9,,,1,52,,245241,9,,,1,100,,245242,9,,,1
2101,'20260926',804,,245243,9,0,57 8 9,1,100,,245244,9,0,57 8 9,1,52,,245245,9,0,57 8 9,1,149,,245246,9,0,57 8 9,1,49,,245248,9,0,34 10 9,1,150,,245250,9,0,34 10 9,1,101,,245252,9,0,34 10 9,1,95,,245254,9,0,34 10 9,1,105,,245256,9,0,34 10 9,1,105,,245259,9,0,34 10 9,1,100,,245262,9,0,34 10 9,1,94,,245266,9,0,34 10 9,1,55,,245270,9,0,34 10 9,1,100,,245274,9,0,34 10 9,1,95,,245277,9,0,34 10 9,1,95,,245280,9,0,34 10 9,1,100,,245283,9,0,34 10 9,1,108,,245286,9,0,57 8 9,1,98,,245287,9,0,57 8 9,1,100,,245288,9,0,57 8 9,1
2101,'20260927',804,,245289,9,0,57 8 9,1,100,,245290,9,0,57 8 9,1,52,,245291,9,0,57 8 9,1,149,,245292,9,0,57 8 9,1,49,,245293,9,0,34 10 9,1,150,,245295,9,0,34 10 9,1,101,,245297,9,0,34 10 9,1,95,,245299,9,0,34 10 9,1,105,,245301,9,0,34 10 9,1,105,,245304,9,0,34 10 9,1,100,,245307,9,0,34 10 9,1,94,,245311,9,0,34 10 9,1,55,,245315,9,0,34 10 9,1,100,,245319,9,0,34 10 9,1,95,,245322,9,0,34 10 9,1,95,,245325,9,0,34 10 9,1,100,,245328,9,0,34 10 9,1,108,,245330,9,0,57 8 9,1,98,,245331,9,0,57 8 9,1,100,,245332,9,0,57 8 9,1
2101,'20260928',618,,245333,9,,,1,113,,245334,9,,,1,115,,245335,9,,,1,98,,245336,9,,,1,100,,245337,9,,,1,105,,245338,9,0,16 63 9,1,100,,245341,9,0,16 63 9,1,108,,245346,9,0,16 63 9,1,962,,245369,9,0,16 63 9,1,95,,245371,9,0,16 63 9,1,87,,245374,9,,,1,52,,245375,9,,,1,100,,245376,9,,,1
2101,'20260929',618,,245377,9,,,1,113,,245378,9,,,1,115,,245379,9,,,1,98,,245380,9,,,1,100,,245381,9,,,1,105,,245382,9,0,16 63 9,1,100,,245385,9,0,16 63 9,1,108,,245390,9,0,16 63 9,1,962,,245413,9,0,16 63 9,1,95,,245415,9,0,16 63 9,1,87,,245418,9,,,1,52,,245419,9,,,1,100,,245420,9,,,1
2101,'20260930',618,,245421,9,,,1,113,,245422,9,,,1,115,,245423,9,,,1,98,,245424,9,,,1,100,,245425,9,,,1,105,,245426,9,0,16 63 9,1,100,,245429,9,0,16 63 9,1,108,,245434,9,0,16 63 9,1,962,,245457,9,0,16 63 9,1,95,,245459,9,0,16 63 9,1,87,,245462,9,,,1,52,,245463,9,,,1,100,,245464,9,,,1
2101,'20261001',618,,245465,9,,,1,113,,245466,9,,,1,115,,245467,9,,,1,98,,245468,9,,,1,100,,245469,9,,,1,105,,245470,9,0,16 63 9,1,100,,245473,9,0,16 63 9,1,108,,245478,9,0,16 63 9,1,962,,245501,9,0,16 63 9,1,95,,245503,9,0,16 63 9,1,87,,245506,9,,,1,52,,245507,9,,,1,100,,245508,9,,,1
2101,'20261002',618,,245509,9,,,1,113,,245510,9,,,1,115,,245511,9,,,1,98,,245512,9,,,1,100,,245513,9,,,1,105,,245514,9,0,16 63 9,1,100,,245517,9,0,16 63 9,1,108,,245522,9,0,16 63 9,1,962,,245545,9,0,16 63 9,1,95,,245547,9,0,16 63 9,1,87,,245550,9,,,1,52,,245551,9,,,1,100,,245552,9,,,1
2101,'20261003',804,,245553,9,0,57 8 9,1,100,,245554,9,0,57 8 9,1,52,,245555,9,0,57 8 9,1,149,,245556,9,0,57 8 9,1,49,,245558,9,0,34 10 9,1,150,,245560,9,0,34 10 9,1,101,,245562,9,0,34 10 9,1,95,,245564,9,0,34 10 9,1,105,,245566,9,0,34 10 9,1,105,,245569,9,0,34 10 9,1,100,,245572,9,0,34 10 9,1,94,,245576,9,0,34 10 9,1,55,,245580,9,0,34 10 9,1,100,,245584,9,0,34 10 9,1,95,,245587,9,0,34 10 9,1,95,,245590,9,0,34 10 9,1,100,,245593,9,0,34 10 9,1,108,,245596,9,0,57 8 9,1,98,,245597,9,0,57 8 9,1,100,,245598,9,0,57 8 9,1
2101,'20261004',804,,245599,9,0,57 8 9,1,100,,245600,9,0,57 8 9,1,52,,245601,9,0,57 8 9,1,149,,245602,9,0,57 8 9,1,49,,245603,9,0,34 10 9,1,150,,245605,9,0,34 10 9,1,101,,245607,9,0,34 10 9,1,95,,245609,9,0,34 10 9,1,105,,245611,9,0,34 10 9,1,105,,245614,9,0,34 10 9,1,100,,245617,9,0,34 10 9,1,94,,245621,9,0,34 10 9,1,55,,245625,9,0,34 10 9,1,100,,245629,9,0,34 10 9,1,95,,245632,9,0,34 10 9,1,95,,245635,9,0,34 10 9,1,100,,245638,9,0,34 10 9,1,108,,245640,9,0,57 8 9,1,98,,245641,9,0,57 8 9,1,100,,245642,9,0,57 8 9,1
2101,'20261005',618,,245643,9,,,1,113,,245644,9,,,1,115,,245645,9,,,1,98,,245646,9,,,1,100,,245647,9,,,1,105,,245648,9,0,16 63 9,1,100,,245651,9,0,16 63 9,1,108,,245656,9,0,16 63 9,1,962,,245679,9,0,16 63 9,1,95,,245681,9,0,16 63 9,1,87,,245684,9,,,1,52,,245685,9,,,1,100,,245686,9,,,1
2101,'20261006',618,,245687,9,,,1,113,,245688,9,,,1,115,,245689,9,,,1,98,,245690,9,,,1,100,,245691,9,,,1,105,,245692,9,0,16 63 9,1,100,,245695,9,0,16 63 9,1,108,,245700,9,0,16 63 9,1,962,,245723,9,0,16 63 9,1,95,,245725,9,0,16 63 9,1,87,,245728,9,,,1,52,,245729,9,,,1,100,,245730,9,,,1
2101,'20261007',618,,245731,9,,,1,113,,245732,9,,,1,115,,245733,9,,,1,98,,245734,9,,,1,100,,245735,9,,,1,105,,245736,9,0,16 63 9,1,100,,245739,9,0,16 63 9,1,108,,245744,9,0,16 63 9,1,962,,245767,9,0,16 63 9,1,95,,245769,9,0,16 63 9,1,87,,245772,9,,,1,52,,245773,9,,,1,100,,245774,9,,,1
2101,'20261008',618,,245775,9,,,1,113,,245776,9,,,1,115,,245777,9,,,1,98,,245778,9,,,1,100,,245779,9,,,1,105,,245780,9,0,16 63 9,1,100,,245783,9,0,16 63 9,1,108,,245788,9,0,16 63 9,1,962,,245811,9,0,16 63 9,1,95,,245813,9,0,16 63 9,1,87,,245816,9,,,1,52,,245817,9,,,1,100,,245818,9,,,1
2101,'20261009',618,,245819,9,,,1,113,,245820,9,,,1,115,,245821,9,,,1,98,,245822,9,,,1,100,,245823,9,,,1,105,,245824,9,0,16 63 9,1,100,,245827,9,0,16 63 9,1,108,,245832,9,0,16 63 9,1,962,,245855,9,0,16 63 9,1,95,,245857,9,0,16 63 9,1,87,,245860,9,,,1,52,,245861,9,,,1,100,,245862,9,,,1
2101,'20261010',804,,245863,9,0,57 8 9,1,100,,245864,9,0,57 8 9,1,52,,245865,9,0,57 8 9,1,149,,245866,9,0,57 8 9,1,49,,245868,9,0,34 10 9,1,150,,245870,9,0,34 10 9,1,101,,245872,9,0,34 10 9,1,95,,245874,9,0,34 10 9,1,105,,245876,9,0,34 10 9,1,105,,245879,9,0,34 10 9,1,100,,245882,9,0,34 10 9,1,94,,245886,9,0,34 10 9,1,55,,245890,9,0,34 10 9,1,100,,245894,9,0,34 10 9,1,95,,245897,9,0,34 10 9,1,95,,245900,9,0,34 10 9,1,100,,245903,9,0,34 10 9,1,108,,245906,9,0,57 8 9,1,98,,245907,9,0,57 8 9,1,100,,245908,9,0,57 8 9,1
2101,'20261011',804,,245909,9,0,57 8 9,1,100,,245910,9,0,57 8 9,1,52,,245911,9,0,57 8 9,1,149,,245912,9,0,57 8 9,1,49,,245913,9,0,34 10 9,1,150,,245915,9,0,34 10 9,1,101,,245917,9,0,34 10 9,1,95,,245919,9,0,34 10 9,1,105,,245921,9,0,34 10 9,1,105,,245924,9,0,34 10 9,1,100,,245927,9,0,34 10 9,1,94,,245931,9,0,34 10 9,1,55,,245935,9,0,34 10 9,1,100,,245939,9,0,34 10 9,1,95,,245942,9,0,34 10 9,1,95,,245945,9,0,34 10 9,1,100,,245948,9,0,34 10 9,1,108,,245950,9,0,57 8 9,1,98,,245951,9,0,57 8 9,1,100,,245952,9,0,57 8 9,1
2101,'20261012',804,,245953,9,0,57 8 9,1,100,,245954,9,0,57 8 9,1,52,,245955,9,0,57 8 9,1,149,,245956,9,0,57 8 9,1,49,,245958,9,0,34 10 9,1,150,,245960,9,0,34 10 9,1,101,,245962,9,0,34 10 9,1,95,,245964,9,0,34 10 9,1,105,,245966,9,0,34 10 9,1,105,,245969,9,0,34 10 9,1,100,,245972,9,0,34 10 9,1,94,,245976,9,0,34 10 9,1,55,,245980,9,0,34 10 9,1,100,,245984,9,0,34 10 9,1,95,,245987,9,0,34 10 9,1,95,,245990,9,0,34 10 9,1,100,,245993,9,0,34 10 9,1,108,,245996,9,0,57 8 9,1,98,,245997,9,0,57 8 9,1,100,,245998,9,0,57 8 9,1
2101,'20261013',618,,245999,9,,,1,113,,246000,9,,,1,115,,246001,9,,,1,98,,246002,9,,,1,100,,246003,9,,,1,105,,246004,9,0,16 63 9,1,100,,246007,9,0,16 63 9,1,108,,246012,9,0,16 63 9,1,962,,246035,9,0,16 63 9,1,95,,246037,9,0,16 63 9,1,87,,246040,9,,,1,52,,246041,9,,,1,100,,246042,9,,,1
2101,'20261014',618,,246043,9,,,1,113,,246044,9,,,1,115,,246045,9,,,1,98,,246046,9,,,1,100,,246047,9,,,1,105,,246048,9,0,16 63 9,1,100,,246051,9,0,16 63 9,1,108,,246056,9,0,16 63 9,1,962,,246079,9,0,16 63 9,1,95,,246081,9,0,16 63 9,1,87,,246084,9,,,1,52,,246085,9,,,1,100,,246086,9,,,1
2101,'20261015',618,,246087,9,,,1,113,,246088,9,,,1,115,,246089,9,,,1,98,,246090,9,,,1,100,,246091,9,,,1,105,,246092,9,0,16 63 9,1,100,,246095,9,0,16 63 9,1,108,,246100,9,0,16 63 9,1,962,,246123,9,0,16 63 9,1,95,,246125,9,0,16 63 9,1,87,,246128,9,,,1,52,,246129,9,,,1,100,,246130,9,,,1
2101,'20261016',618,,246131,9,,,1,113,,246132,9,,,1,115,,246133,9,,,1,98,,246134,9,,,1,100,,246135,9,,,1,105,,246136,9,0,16 63 9,1,100,,246139,9,0,16 63 9,1,108,,246144,9,0,16 63 9,1,962,,246167,9,0,16 63 9,1,95,,246169,9,0,16 63 9,1,87,,246172,9,,,1,52,,246173,9,,,1,100,,246174,9,,,1
2101,'20261017',804,,246175,9,0,57 8 9,1,100,,246176,9,0,57 8 9,1,52,,246177,9,0,57 8 9,1,149,,246178,9,0,57 8 9,1,49,,246180,9,0,34 10 9,1,150,,246182,9,0,34 10 9,1,101,,246184,9,0,34 10 9,1,95,,246186,9,0,34 10 9,1,105,,246188,9,0,34 10 9,1,105,,246191,9,0,34 10 9,1,100,,246194,9,0,34 10 9,1,94,,246198,9,0,34 10 9,1,55,,246202,9,0,34 10 9,1,100,,246206,9,0,34 10 9,1,95,,246209,9,0,34 10 9,1,95,,246212,9,0,34 10 9,1,100,,246215,9,0,34 10 9,1,108,,246218,9,0,57 8 9,1,98,,246219,9,0,57 8 9,1,100,,246220,9,0,57 8 9,1
2101,'20261018',804,,246221,9,0,57 8 9,1,100,,246222,9,0,57 8 9,1,52,,246223,9,0,57 8 9,1,149,,246224,9,0,57 8 9,1,49,,246225,9,0,34 10 9,1,150,,246227,9,0,34 10 9,1,101,,246229,9,0,34 10 9,1,95,,246231,9,0,34 10 9,1,105,,246233,9,0,34 10 9,1,105,,246236,9,0,34 10 9,1,100,,246239,9,0,34 10 9,1,94,,246243,9,0,34 10 9,1,55,,246247,9,0,34 10 9,1,100,,246251,9,0,34 10 9,1,95,,246254,9,0,34 10 9,1,95,,246257,9,0,34 10 9,1,100,,246260,9,0,34 10 9,1,108,,246262,9,0,57 8 9,1,98,,246263,9,0,57 8 9,1,100,,246264,9,0,57 8 9,1
2101,'20261019',618,,246265,9,,,1,113,,246266,9,,,1,115,,246267,9,,,1,98,,246268,9,,,1,100,,246269,9,,,1,105,,246270,9,0,16 63 9,1,100,,246273,9,0,16 63 9,1,108,,246278,9,0,16 63 9,1,962,,246301,9,0,16 63 9,1,95,,246303,9,0,16 63 9,1,87,,246306,9,,,1,52,,246307,9,,,1,100,,246308,9,,,1
2101,'20261020',618,,246309,9,,,1,113,,246310,9,,,1,115,,246311,9,,,1,98,,246312,9,,,1,100,,246313,9,,,1,105,,246314,9,0,16 63 9,1,100,,246317,9,0,16 63 9,1,108,,246322,9,0,16 63 9,1,962,,246345,9,0,16 63 9,1,95,,246347,9,0,16 63 9,1,87,,246350,9,,,1,52,,246351,9,,,1,100,,246352,9,,,1
2101,'20261021',618,,246353,9,,,1,113,,246354,9,,,1,115,,246355,9,,,1,98,,246356,9,,,1,100,,246357,9,,,1,105,,246358,9,0,16 63 9,1,100,,246361,9,0,16 63 9,1,108,,246366,9,0,16 63 9,1,962,,246389,9,0,16 63 9,1,95,,246391,9,0,16 63 9,1,87,,246394,9,,,1,52,,246395,9,,,1,100,,246396,9,,,1
2101,'20261022',618,,246397,9,,,1,113,,246398,9,,,1,115,,246399,9,,,1,98,,246400,9,,,1,100,,246401,9,,,1,105,,246402,9,0,16 63 9,1,100,,246405,9,0,16 63 9,1,108,,246410,9,0,16 63 9,1,962,,246433,9,0,16 63 9,1,95,,246435,9,0,16 63 9,1,87,,246438,9,,,1,52,,246439,9,,,1,100,,246440,9,,,1
2101,'20261023',618,,246441,9,,,1,113,,246442,9,,,1,115,,246443,9,,,1,98,,246444,9,,,1,100,,246445,9,,,1,105,,246446,9,0,16 63 9,1,100,,246449,9,0,16 63 9,1,108,,246454,9,0,16 63 9,1,962,,246477,9,0,16 63 9,1,95,,246479,9,0,16 63 9,1,87,,246482,9,,,1,52,,246483,9,,,1,100,,246484,9,,,1
2101,'20261024',804,,246485,9,0,57 8 9,1,100,,246486,9,0,57 8 9,1,52,,246487,9,0,57 8 9,1,149,,246488,9,0,57 8 9,1,49,,246490,9,0,34 10 9,1,150,,246492,9,0,34 10 9,1,101,,246494,9,0,34 10 9,1,95,,246496,9,0,34 10 9,1,105,,246498,9,0,34 10 9,1,105,,246501,9,0,34 10 9,1,100,,246504,9,0,34 10 9,1,94,,246508,9,0,34 10 9,1,55,,246512,9,0,34 10 9,1,100,,246516,9,0,34 10 9,1,95,,246519,9,0,34 10 9,1,95,,246522,9,0,34 10 9,1,100,,246525,9,0,34 10 9,1,108,,246528,9,0,57 8 9,1,98,,246529,9,0,57 8 9,1,100,,246530,9,0,57 8 9,1
2101,'20261025',804,,246531,9,0,57 8 9,1,100,,246532,9,0,57 8 9,1,52,,246533,9,0,57 8 9,1,149,,246534,9,0,57 8 9,1,49,,246535,9,0,34 10 9,1,150,,246537,9,0,34 10 9,1,101,,246539,9,0,34 10 9,1,95,,246541,9,0,34 10 9,1,105,,246543,9,0,34 10 9,1,105,,246546,9,0,34 10 9,1,100,,246549,9,0,34 10 9,1,94,,246553,9,0,34 10 9,1,55,,246557,9,0,34 10 9,1,100,,246561,9,0,34 10 9,1,95,,246564,9,0,34 10 9,1,95,,246567,9,0,34 10 9,1,100,,246570,9,0,34 10 9,1,108,,246572,9,0,57 8 9,1,98,,246573,9,0,57 8 9,1,100,,246574,9,0,57 8 9,1
2101,'20261026',618,,246575,9,,,1,113,,246576,9,,,1,115,,246577,9,,,1,98,,246578,9,,,1,100,,246579,9,,,1,105,,246580,9,0,16 63 9,1,100,,246583,9,0,16 63 9,1,108,,246588,9,0,16 63 9,1,962,,246611,9,0,16 63 9,1,95,,246613,9,0,16 63 9,1,87,,246616,9,,,1,52,,246617,9,,,1,100,,246618,9,,,1
2101,'20261027',618,,246619,9,,,1,113,,246620,9,,,1,115,,246621,9,,,1,98,,246622,9,,,1,100,,246623,9,,,1,105,,246624,9,0,16 63 9,1,100,,246627,9,0,16 63 9,1,108,,246632,9,0,16 63 9,1,962,,246655,9,0,16 63 9,1,95,,246657,9,0,16 63 9,1,87,,246660,9,,,1,52,,246661,9,,,1,100,,246662,9,,,1
2101,'20261028',618,,246663,9,,,1,113,,246664,9,,,1,115,,246665,9,,,1,98,,246666,9,,,1,100,,246667,9,,,1,105,,246668,9,0,16 63 9,1,100,,246671,9,0,16 63 9,1,108,,246676,9,0,16 63 9,1,962,,246699,9,0,16 63 9,1,95,,246701,9,0,16 63 9,1,87,,246704,9,,,1,52,,246705,9,,,1,100,,246706,9,,,1
2101,'20261029',618,,246707,9,,,1,113,,246708,9,,,1,115,,246709,9,,,1,98,,246710,9,,,1,100,,246711,9,,,1,105,,246712,9,0,16 63 9,1,100,,246715,9,0,16 63 9,1,108,,246720,9,0,16 63 9,1,962,,246743,9,0,16 63 9,1,95,,246745,9,0,16 63 9,1,87,,246748,9,,,1,52,,246749,9,,,1,100,,246750,9,,,1
2101,'20261030',618,,246751,9,,,1,113,,246752,9,,,1,115,,246753,9,,,1,98,,246754,9,,,1,100,,246755,9,,,1,105,,246756,9,0,16 63 9,1,100,,246759,9,0,16 63 9,1,108,,246764,9,0,16 63 9,1,962,,246787,9,0,16 63 9,1,95,,246789,9,0,16 63 9,1,87,,246792,9,,,1,52,,246793,9,,,1,100,,246794,9,,,1
2101,'20261031',804,,246795,9,0,57 8 9,1,100,,246796,9,0,57 8 9,1,52,,246797,9,0,57 8 9,1,149,,246798,9,0,57 8 9,1,49,,246800,9,0,34 10 9,1,150,,246802,9,0,34 10 9,1,101,,246804,9,0,34 10 9,1,95,,246806,9,0,34 10 9,1,105,,246808,9,0,34 10 9,1,105,,246811,9,0,34 10 9,1,100,,246814,9,0,34 10 9,1,94,,246818,9,0,34 10 9,1,55,,246822,9,0,34 10 9,1,100,,246826,9,0,34 10 9,1,95,,246829,9,0,34 10 9,1,95,,246832,9,0,34 10 9,1,100,,246835,9,0,34 10 9,1,108,,246838,9,0,57 8 9,1,98,,246839,9,0,57 8 9,1,100,,246840,9,0,57 8 9,1
2101,'20261101',804,,246841,9,0,57 8 9,1,100,,246842,9,0,57 8 9,1,52,,246843,9,0,57 8 9,1,149,,246844,9,0,57 8 9,1,49,,246845,9,0,34 10 9,1,150,,246847,9,0,34 10 9,1,101,,246849,9,0,34 10 9,1,95,,246851,9,0,34 10 9,1,105,,246853,9,0,34 10 9,1,105,,246856,9,0,34 10 9,1,100,,246859,9,0,34 10 9,1,94,,246863,9,0,34 10 9,1,55,,246867,9,0,34 10 9,1,100,,246871,9,0,34 10 9,1,95,,246874,9,0,34 10 9,1,95,,246877,9,0,34 10 9,1,100,,246880,9,0,34 10 9,1,108,,246882,9,0,57 8 9,1,98,,246883,9,0,57 8 9,1,100,,246884,9,0,57 8 9,1
2101,'20261102',618,,246885,9,,,1,113,,246886,9,,,1,115,,246887,9,,,1,98,,246888,9,,,1,100,,246889,9,,,1,105,,246890,9,0,16 63 9,1,100,,246893,9,0,16 63 9,1,108,,246898,9,0,16 63 9,1,962,,246921,9,0,16 63 9,1,95,,246923,9,0,16 63 9,1,87,,246926,9,,,1,52,,246927,9,,,1,100,,246928,9,,,1
2101,'20261103',618,,246929,9,,,1,113,,246930,9,,,1,115,,246931,9,,,1,98,,246932,9,,,1,100,,246933,9,,,1,105,,246934,9,0,16 63 9,1,100,,246937,9,0,16 63 9,1,108,,246942,9,0,16 63 9,1,962,,246965,9,0,16 63 9,1,95,,246967,9,0,16 63 9,1,87,,246970,9,,,1,52,,246971,9,,,1,100,,246972,9,,,1
2101,'20261104',618,,246973,9,,,1,113,,246974,9,,,1,115,,246975,9,,,1,98,,246976,9,,,1,100,,246977,9,,,1,105,,246978,9,0,16 63 9,1,100,,246981,9,0,16 63 9,1,108,,246986,9,0,16 63 9,1,962,,247009,9,0,16 63 9,1,95,,247011,9,0,16 63 9,1,87,,247014,9,,,1,52,,247015,9,,,1,100,,247016,9,,,1
2101,'20261105',618,,247017,9,,,1,113,,247018,9,,,1,115,,247019,9,,,1,98,,247020,9,,,1,100,,247021,9,,,1,105,,247022,9,0,16 63 9,1,100,,247025,9,0,16 63 9,1,108,,247030,9,0,16 63 9,1,962,,247053,9,0,16 63 9,1,95,,247055,9,0,16 63 9,1,87,,247058,9,,,1,52,,247059,9,,,1,100,,247060,9,,,1
2101,'20261106',618,,247061,9,,,1,113,,247062,9,,,1,115,,247063,9,,,1,98,,247064,9,,,1,100,,247065,9,,,1,105,,247066,9,0,16 63 9,1,100,,247069,9,0,16 63 9,1,108,,247074,9,0,16 63 9,1,962,,247097,9,0,16 63 9,1,95,,247099,9,0,16 63 9,1,87,,247102,9,,,1,52,,247103,9,,,1,100,,247104,9,,,1
2101,'20261107',804,,247105,9,0,57 8 9,1,100,,247106,9,0,57 8 9,1,52,,247107,9,0,57 8 9,1,149,,247108,9,0,57 8 9,1,49,,247110,9,0,34 10 9,1,150,,247112,9,0,34 10 9,1,101,,247114,9,0,34 10 9,1,95,,247116,9,0,34 10 9,1,105,,247118,9,0,34 10 9,1,105,,247121,9,0,34 10 9,1,100,,247124,9,0,34 10 9,1,94,,247128,9,0,34 10 9,1,55,,247132,9,0,34 10 9,1,100,,247136,9,0,34 10 9,1,95,,247139,9,0,34 10 9,1,95,,247142,9,0,34 10 9,1,100,,247145,9,0,34 10 9,1,108,,247148,9,0,57 8 9,1,98,,247149,9,0,57 8 9,1,100,,247150,9,0,57 8 9,1
2101,'20261108',804,,247151,9,0,57 8 9,1,100,,247152,9,0,57 8 9,1,52,,247153,9,0,57 8 9,1,149,,247154,9,0,57 8 9,1,49,,247155,9,0,34 10 9,1,150,,247157,9,0,34 10 9,1,101,,247159,9,0,34 10 9,1,95,,247161,9,0,34 10 9,1,105,,247163,9,0,34 10 9,1,105,,247166,9,0,34 10 9,1,100,,247169,9,0,34 10 9,1,94,,247173,9,0,34 10 9,1,55,,247177,9,0,34 10 9,1,100,,247181,9,0,34 10 9,1,95,,247184,9,0,34 10 9,1,95,,247187,9,0,34 10 9,1,100,,247190,9,0,34 10 9,1,108,,247192,9,0,57 8 9,1,98,,247193,9,0,57 8 9,1,100,,247194,9,0,57 8 9,1
2101,'20261109',618,,247195,9,,,1,113,,247196,9,,,1,115,,247197,9,,,1,98,,247198,9,,,1,100,,247199,9,,,1,105,,247200,9,0,16 63 9,1,100,,247203,9,0,16 63 9,1,108,,247208,9,0,16 63 9,1,962,,247231,9,0,16 63 9,1,95,,247233,9,0,16 63 9,1,87,,247236,9,,,1,52,,247237,9,,,1,100,,247238,9,,,1
2101,'20261110',618,,247239,9,,,1,113,,247240,9,,,1,115,,247241,9,,,1,98,,247242,9,,,1,100,,247243,9,,,1,105,,247244,9,0,16 63 9,1,100,,247247,9,0,16 63 9,1,108,,247252,9,0,16 63 9,1,962,,247275,9,0,16 63 9,1,95,,247277,9,0,16 63 9,1,87,,247280,9,,,1,52,,247281,9,,,1,100,,247282,9,,,1
2101,'20261111',618,,247283,9,,,1,113,,247284,9,,,1,115,,247285,9,,,1,98,,247286,9,,,1,100,,247287,9,,,1,105,,247288,9,0,16 63 9,1,100,,247291,9,0,16 63 9,1,108,,247296,9,0,16 63 9,1,962,,247319,9,0,16 63 9,1,95,,247321,9,0,16 63 9,1,87,,247324,9,,,1,52,,247325,9,,,1,100,,247326,9,,,1
2101,'20261112',618,,247327,9,,,1,113,,247328,9,,,1,115,,247329,9,,,1,98,,247330,9,,,1,100,,247331,9,,,1,105,,247332,9,0,16 63 9,1,100,,247335,9,0,16 63 9,1,108,,247340,9,0,16 63 9,1,962,,247363,9,0,16 63 9,1,95,,247365,9,0,16 63 9,1,87,,247368,9,,,1,52,,247369,9,,,1,100,,247370,9,,,1
2101,'20261113',618,,247371,9,,,1,113,,247372,9,,,1,115,,247373,9,,,1,98,,247374,9,,,1,100,,247375,9,,,1,105,,247376,9,0,16 63 9,1,100,,247379,9,0,16 63 9,1,108,,247384,9,0,16 63 9,1,962,,247407,9,0,16 63 9,1,95,,247409,9,0,16 63 9,1,87,,247412,9,,,1,52,,247413,9,,,1,100,,247414,9,,,1
2101,'20261114',804,,247415,9,0,57 8 9,1,100,,247416,9,0,57 8 9,1,52,,247417,9,0,57 8 9,1,149,,247418,9,0,57 8 9,1,49,,247420,9,0,34 10 9,1,150,,247422,9,0,34 10 9,1,101,,247424,9,0,34 10 9,1,95,,247426,9,0,34 10 9,1,105,,247428,9,0,34 10 9,1,105,,247431,9,0,34 10 9,1,100,,247434,9,0,34 10 9,1,94,,247438,9,0,34 10 9,1,55,,247442,9,0,34 10 9,1,100,,247446,9,0,34 10 9,1,95,,247449,9,0,34 10 9,1,95,,247452,9,0,34 10 9,1,100,,247455,9,0,34 10 9,1,108,,247458,9,0,57 8 9,1,98,,247459,9,0,57 8 9,1,100,,247460,9,0,57 8 9,1
2101,'20261115',804,,247461,9,0,57 8 9,1,100,,247462,9,0,57 8 9,1,52,,247463,9,0,57 8 9,1,149,,247464,9,0,57 8 9,1,49,,247465,9,0,34 10 9,1,150,,247467,9,0,34 10 9,1,101,,247469,9,0,34 10 9,1,95,,247471,9,0,34 10 9,1,105,,247473,9,0,34 10 9,1,105,,247476,9,0,34 10 9,1,100,,247479,9,0,34 10 9,1,94,,247483,9,0,34 10 9,1,55,,247487,9,0,34 10 9,1,100,,247491,9,0,34 10 9,1,95,,247494,9,0,34 10 9,1,95,,247497,9,0,34 10 9,1,100,,247500,9,0,34 10 9,1,108,,247502,9,0,57 8 9,1,98,,247503,9,0,57 8 9,1,100,,247504,9,0,57 8 9,1
2101,'20261116',618,,247505,9,,,1,113,,247506,9,,,1,115,,247507,9,,,1,98,,247508,9,,,1,100,,247509,9,,,1,105,,247510,9,0,16 63 9,1,100,,247513,9,0,16 63 9,1,108,,247518,9,0,16 63 9,1,962,,247541,9,0,16 63 9,1,95,,247543,9,0,16 63 9,1,87,,247546,9,,,1,52,,247547,9,,,1,100,,247548,9,,,1
2101,'20261117',618,,247549,9,,,1,113,,247550,9,,,1,115,,247551,9,,,1,98,,247552,9,,,1,100,,247553,9,,,1,105,,247554,9,0,16 63 9,1,100,,247557,9,0,16 63 9,1,108,,247562,9,0,16 63 9,1,962,,247585,9,0,16 63 9,1,95,,247587,9,0,16 63 9,1,87,,247590,9,,,1,52,,247591,9,,,1,100,,247592,9,,,1
2101,'20261118',618,,247593,9,,,1,113,,247594,9,,,1,115,,247595,9,,,1,98,,247596,9,,,1,100,,247597,9,,,1,105,,247598,9,0,16 63 9,1,100,,247601,9,0,16 63 9,1,108,,247606,9,0,16 63 9,1,962,,247629,9,0,16 63 9,1,95,,247631,9,0,16 63 9,1,87,,247634,9,,,1,52,,247635,9,,,1,100,,247636,9,,,1
2101,'20261119',618,,247637,9,,,1,113,,247638,9,,,1,115,,247639,9,,,1,98,,247640,9,,,1,100,,247641,9,,,1,105,,247642,9,0,16 63 9,1,100,,247645,9,0,16 63 9,1,108,,247650,9,0,16 63 9,1,962,,247673,9,0,16 63 9,1,95,,247675,9,0,16 63 9,1,87,,247678,9,,,1,52,,247679,9,,,1,100,,247680,9,,,1
2101,'20261120',618,,247681,9,,,1,113,,247682,9,,,1,115,,247683,9,,,1,98,,247684,9,,,1,100,,247685,9,,,1,105,,247686,9,0,16 63 9,1,100,,247689,9,0,16 63 9,1,108,,247694,9,0,16 63 9,1,962,,247717,9,0,16 63 9,1,95,,247719,9,0,16 63 9,1,87,,247722,9,,,1,52,,247723,9,,,1,100,,247724,9,,,1
2101,'20261121',804,,247725,9,0,57 8 9,1,100,,247726,9,0,57 8 9,1,52,,247727,9,0,57 8 9,1,149,,247728,9,0,57 8 9,1,49,,247730,9,0,34 10 9,1,150,,247732,9,0,34 10 9,1,101,,247734,9,0,34 10 9,1,95,,247736,9,0,34 10 9,1,105,,247738,9,0,34 10 9,1,105,,247741,9,0,34 10 9,1,100,,247744,9,0,34 10 9,1,94,,247748,9,0,34 10 9,1,55,,247752,9,0,34 10 9,1,100,,247756,9,0,34 10 9,1,95,,247759,9,0,34 10 9,1,95,,247762,9,0,34 10 9,1,100,,247765,9,0,34 10 9,1,108,,247768,9,0,57 8 9,1,98,,247769,9,0,57 8 9,1,100,,247770,9,0,57 8 9,1
2101,'20261122',804,,247771,9,0,57 8 9,1,100,,247772,9,0,57 8 9,1,52,,247773,9,0,57 8 9,1,149,,247774,9,0,57 8 9,1,49,,247775,9,0,34 10 9,1,150,,247777,9,0,34 10 9,1,101,,247779,9,0,34 10 9,1,95,,247781,9,0,34 10 9,1,105,,247783,9,0,34 10 9,1,105,,247786,9,0,34 10 9,1,100,,247789,9,0,34 10 9,1,94,,247793,9,0,34 10 9,1,55,,247797,9,0,34 10 9,1,100,,247801,9,0,34 10 9,1,95,,247804,9,0,34 10 9,1,95,,247807,9,0,34 10 9,1,100,,247810,9,0,34 10 9,1,108,,247812,9,0,57 8 9,1,98,,247813,9,0,57 8 9,1,100,,247814,9,0,57 8 9,1
2101,'20261123',618,,247815,9,,,1,113,,247816,9,,,1,115,,247817,9,,,1,98,,247818,9,,,1,100,,247819,9,,,1,105,,247820,9,0,16 63 9,1,100,,247823,9,0,16 63 9,1,108,,247828,9,0,16 63 9,1,962,,247851,9,0,16 63 9,1,95,,247853,9,0,16 63 9,1,87,,247856,9,,,1,52,,247857,9,,,1,100,,247858,9,,,1
2101,'20261124',618,,247859,9,,,1,113,,247860,9,,,1,115,,247861,9,,,1,98,,247862,9,,,1,100,,247863,9,,,1,105,,247864,9,0,16 63 9,1,100,,247867,9,0,16 63 9,1,108,,247872,9,0,16 63 9,1,962,,247895,9,0,16 63 9,1,95,,247897,9,0,16 63 9,1,87,,247900,9,,,1,52,,247901,9,,,1,100,,247902,9,,,1
2101,'20261125',618,,247903,9,,,1,113,,247904,9,,,1,115,,247905,9,,,1,98,,247906,9,,,1,100,,247907,9,,,1,105,,247908,9,0,16 63 9,1,100,,247911,9,0,16 63 9,1,108,,247916,9,0,16 63 9,1,962,,247939,9,0,16 63 9,1,95,,247941,9,0,16 63 9,1,87,,247944,9,,,1,52,,247945,9,,,1,100,,247946,9,,,1
2101,'20261126',618,,247947,9,,,1,113,,247948,9,,,1,115,,247949,9,,,1,98,,247950,9,,,1,100,,247951,9,,,1,105,,247952,9,0,16 63 9,1,100,,247955,9,0,16 63 9,1,108,,247960,9,0,16 63 9,1,962,,247983,9,0,16 63 9,1,95,,247985,9,0,16 63 9,1,87,,247988,9,,,1,52,,247989,9,,,1,100,,247990,9,,,1
2101,'20261127',618,,247991,9,,,1,113,,247992,9,,,1,115,,247993,9,,,1,98,,247994,9,,,1,100,,247995,9,,,1,105,,247996,9,0,16 63 9,1,100,,247999,9,0,16 63 9,1,108,,248004,9,0,16 63 9,1,962,,248027,9,0,16 63 9,1,95,,248029,9,0,16 63 9,1,87,,248032,9,,,1,52,,248033,9,,,1,100,,248034,9,,,1
