9201,'20260917',444,,325049,22,,,1,67,,325050,22,,,1,41,,325052,11,0,7 23,1,56,,325051,22,,,1,31,,325053,11,0,7 23,1,64,,325054,22,,,1,42,,325056,11,0,7 23,1,61,,325055,22,,,1,100,,325057,22,,,1,100,,325058,22,,,1,100,,325059,22,,,1,100,,325060,22,,,1,105,,325061,22,,,1,100,,325062,22,,,1,100,,325063,22,,,1,100,,325064,22,,,1,100,,325065,22,,,1,100,,325066,22,,,1,105,,325067,22,,,1,200,,325068,22,,,1,198,,325069,22,,,1,205,,325070,22,,,1
9201,'20260918',444,,325071,22,,,1,67,,325072,22,,,1,41,,325074,11,0,7 23,1,56,,325073,22,,,1,31,,325075,11,0,7 23,1,64,,325076,22,,,1,42,,325078,11,0,7 23,1,61,,325077,22,,,1,100,,325079,22,,,1,100,,325080,22,,,1,100,,325081,22,,,1,100,,325082,22,,,1,105,,325083,22,,,1,100,,325084,22,,,1,100,,325085,22,,,1,100,,325086,22,,,1,100,,325087,22,,,1,100,,325088,22,,,1,105,,325089,22,,,1,200,,325090,22,,,1,198,,325091,22,,,1,205,,325092,22,,,1
9201,'20260919',600,,325093,22,,,1,101,,325094,22,,,1,102,,325095,22,,,1,55,,325096,22,,,1,99,,325097,22,,,1,95,,325098,22,,,1,96,,325099,22,,,1,100,,325100,22,,,1,100,,325101,22,,,1,100,,325102,22,,,1,105,,325103,22,,,1,105,,325104,22,,,1,99,,325105,22,,,1,100,,325106,22,,,1,148,,325107,22,,,1,205,,325108,22,,,1,191,,325109,22,,,1
9201,'20260920',600,,325110,22,,,1,101,,325111,22,,,1,102,,325112,22,,,1,55,,325113,22,,,1,99,,325114,22,,,1,95,,325115,22,,,1,96,,325116,22,,,1,100,,325117,22,,,1,100,,325118,22,,,1,100,,325119,22,,,1,105,,325120,22,,,1,105,,325121,22,,,1,99,,325122,22,,,1,100,,325123,22,,,1,148,,325124,22,,,1,205,,325125,22,,,1,191,,325126,22,,,1
9201,'20260921',444,,325127,22,,,1,67,,325128,22,,,1,41,,325130,11,0,7 23,1,56,,325129,22,,,1,31,,325131,11,0,7 23,1,64,,325132,22,,,1,42,,325134,11,0,7 23,1,61,,325133,22,,,1,100,,325135,22,,,1,100,,325136,22,,,1,100,,325137,22,,,1,100,,325138,22,,,1,105,,325139,22,,,1,100,,325140,22,,,1,100,,325141,22,,,1,100,,325142,22,,,1,100,,325143,22,,,1,100,,325144,22,,,1,105,,325145,22,,,1,200,,325146,22,,,1,198,,325147,22,,,1,205,,325148,22,,,1
9201,'20260922',444,,325149,22,,,1,67,,325150,22,,,1,41,,325152,11,0,7 23,1,56,,325151,22,,,1,31,,325153,11,0,7 23,1,64,,325154,22,,,1,42,,325156,11,0,7 23,1,61,,325155,22,,,1,100,,325157,22,,,1,100,,325158,22,,,1,100,,325159,22,,,1,100,,325160,22,,,1,105,,325161,22,,,1,100,,325162,22,,,1,100,,325163,22,,,1,100,,325164,22,,,1,100,,325165,22,,,1,100,,325166,22,,,1,105,,325167,22,,,1,200,,325168,22,,,1,198,,325169,22,,,1,205,,325170,22,,,1
9201,'20260923',444,,325171,22,,,1,67,,325172,22,,,1,41,,325174,11,0,7 23,1,56,,325173,22,,,1,31,,325175,11,0,7 23,1,64,,325176,22,,,1,42,,325178,11,0,7 23,1,61,,325177,22,,,1,100,,325179,22,,,1,100,,325180,22,,,1,100,,325181,22,,,1,100,,325182,22,,,1,105,,325183,22,,,1,100,,325184,22,,,1,100,,325185,22,,,1,100,,325186,22,,,1,100,,325187,22,,,1,100,,325188,22,,,1,105,,325189,22,,,1,200,,325190,22,,,1,198,,325191,22,,,1,205,,325192,22,,,1
9201,'20260924',444,,325193,22,,,1,67,,325194,22,,,1,41,,325196,11,0,7 23,1,56,,325195,22,,,1,31,,325197,11,0,7 23,1,64,,325198,22,,,1,42,,325200,11,0,7 23,1,61,,325199,22,,,1,100,,325201,22,,,1,100,,325202,22,,,1,100,,325203,22,,,1,100,,325204,22,,,1,105,,325205,22,,,1,100,,325206,22,,,1,100,,325207,22,,,1,100,,325208,22,,,1,100,,325209,22,,,1,100,,325210,22,,,1,105,,325211,22,,,1,200,,325212,22,,,1,198,,325213,22,,,1,205,,325214,22,,,1
9201,'20260925',444,,325215,22,,,1,67,,325216,22,,,1,41,,325218,11,0,7 23,1,56,,325217,22,,,1,31,,325219,11,0,7 23,1,64,,325220,22,,,1,42,,325222,11,0,7 23,1,61,,325221,22,,,1,100,,325223,22,,,1,100,,325224,22,,,1,100,,325225,22,,,1,100,,325226,22,,,1,105,,325227,22,,,1,100,,325228,22,,,1,100,,325229,22,,,1,100,,325230,22,,,1,100,,325231,22,,,1,100,,325232,22,,,1,105,,325233,22,,,1,200,,325234,22,,,1,198,,325235,22,,,1,205,,325236,22,,,1
9201,'20260926',600,,325237,22,,,1,101,,325238,22,,,1,102,,325239,22,,,1,55,,325240,22,,,1,99,,325241,22,,,1,95,,325242,22,,,1,96,,325243,22,,,1,100,,325244,22,,,1,100,,325245,22,,,1,100,,325246,22,,,1,105,,325247,22,,,1,105,,325248,22,,,1,99,,325249,22,,,1,100,,325250,22,,,1,148,,325251,22,,,1,205,,325252,22,,,1,191,,325253,22,,,1
9201,'20260927',600,,325254,22,,,1,101,,325255,22,,,1,102,,325256,22,,,1,55,,325257,22,,,1,99,,325258,22,,,1,95,,325259,22,,,1,96,,325260,22,,,1,100,,325261,22,,,1,100,,325262,22,,,1,100,,325263,22,,,1,105,,325264,22,,,1,105,,325265,22,,,1,99,,325266,22,,,1,100,,325267,22,,,1,148,,325268,22,,,1,205,,325269,22,,,1,191,,325270,22,,,1
9201,'20260928',444,,325271,22,,,1,67,,325272,22,,,1,41,,325274,11,0,7 23,1,56,,325273,22,,,1,31,,325275,11,0,7 23,1,64,,325276,22,,,1,42,,325278,11,0,7 23,1,61,,325277,22,,,1,100,,325279,22,,,1,100,,325280,22,,,1,100,,325281,22,,,1,100,,325282,22,,,1,105,,325283,22,,,1,100,,325284,22,,,1,100,,325285,22,,,1,100,,325286,22,,,1,100,,325287,22,,,1,100,,325288,22,,,1,105,,325289,22,,,1,200,,325290,22,,,1,198,,325291,22,,,1,205,,325292,22,,,1
9201,'20260929',444,,325293,22,,,1,67,,325294,22,,,1,41,,325296,11,0,7 23,1,56,,325295,22,,,1,31,,325297,11,0,7 23,1,64,,325298,22,,,1,42,,325300,11,0,7 23,1,61,,325299,22,,,1,100,,325301,22,,,1,100,,325302,22,,,1,100,,325303,22,,,1,100,,325304,22,,,1,105,,325305,22,,,1,100,,325306,22,,,1,100,,325307,22,,,1,100,,325308,22,,,1,100,,325309,22,,,1,100,,325310,22,,,1,105,,325311,22,,,1,200,,325312,22,,,1,198,,325313,22,,,1,205,,325314,22,,,1
9201,'20260930',444,,325315,22,,,1,67,,325316,22,,,1,41,,325318,11,0,7 23,1,56,,325317,22,,,1,31,,325319,11,0,7 23,1,64,,325320,22,,,1,42,,325322,11,0,7 23,1,61,,325321,22,,,1,100,,325323,22,,,1,100,,325324,22,,,1,100,,325325,22,,,1,100,,325326,22,,,1,105,,325327,22,,,1,100,,325328,22,,,1,100,,325329,22,,,1,100,,325330,22,,,1,100,,325331,22,,,1,100,,325332,22,,,1,105,,325333,22,,,1,200,,325334,22,,,1,198,,325335,22,,,1,205,,325336,22,,,1
9201,'20261001',444,,325337,22,,,1,67,,325338,22,,,1,41,,325340,11,0,7 23,1,56,,325339,22,,,1,31,,325341,11,0,7 23,1,64,,325342,22,,,1,42,,325344,11,0,7 23,1,61,,325343,22,,,1,100,,325345,22,,,1,100,,325346,22,,,1,100,,325347,22,,,1,100,,325348,22,,,1,105,,325349,22,,,1,100,,325350,22,,,1,100,,325351,22,,,1,100,,325352,22,,,1,100,,325353,22,,,1,100,,325354,22,,,1,105,,325355,22,,,1,200,,325356,22,,,1,198,,325357,22,,,1,205,,325358,22,,,1
9201,'20261002',444,,325359,22,,,1,67,,325360,22,,,1,41,,325362,11,0,7 23,1,56,,325361,22,,,1,31,,325363,11,0,7 23,1,64,,325364,22,,,1,42,,325366,11,0,7 23,1,61,,325365,22,,,1,100,,325367,22,,,1,100,,325368,22,,,1,100,,325369,22,,,1,100,,325370,22,,,1,105,,325371,22,,,1,100,,325372,22,,,1,100,,325373,22,,,1,100,,325374,22,,,1,100,,325375,22,,,1,100,,325376,22,,,1,105,,325377,22,,,1,200,,325378,22,,,1,198,,325379,22,,,1,205,,325380,22,,,1
9201,'20261003',600,,325381,22,,,1,101,,325382,22,,,1,102,,325383,22,,,1,55,,325384,22,,,1,99,,325385,22,,,1,95,,325386,22,,,1,96,,325387,22,,,1,100,,325388,22,,,1,100,,325389,22,,,1,100,,325390,22,,,1,105,,325391,22,,,1,105,,325392,22,,,1,99,,325393,22,,,1,100,,325394,22,,,1,148,,325395,22,,,1,205,,325396,22,,,1,191,,325397,22,,,1
9201,'20261004',600,,325398,22,,,1,101,,325399,22,,,1,102,,325400,22,,,1,55,,325401,22,,,1,99,,325402,22,,,1,95,,325403,22,,,1,96,,325404,22,,,1,100,,325405,22,,,1,100,,325406,22,,,1,100,,325407,22,,,1,105,,325408,22,,,1,105,,325409,22,,,1,99,,325410,22,,,1,100,,325411,22,,,1,148,,325412,22,,,1,205,,325413,22,,,1,191,,325414,22,,,1
9201,'20261005',444,,325415,22,,,1,67,,325416,22,,,1,41,,325418,11,0,7 23,1,56,,325417,22,,,1,31,,325419,11,0,7 23,1,64,,325420,22,,,1,42,,325422,11,0,7 23,1,61,,325421,22,,,1,100,,325423,22,,,1,100,,325424,22,,,1,100,,325425,22,,,1,100,,325426,22,,,1,105,,325427,22,,,1,100,,325428,22,,,1,100,,325429,22,,,1,100,,325430,22,,,1,100,,325431,22,,,1,100,,325432,22,,,1,105,,325433,22,,,1,200,,325434,22,,,1,198,,325435,22,,,1,205,,325436,22,,,1
9201,'20261006',444,,325437,22,,,1,67,,325438,22,,,1,41,,325440,11,0,7 23,1,56,,325439,22,,,1,31,,325441,11,0,7 23,1,64,,325442,22,,,1,42,,325444,11,0,7 23,1,61,,325443,22,,,1,100,,325445,22,,,1,100,,325446,22,,,1,100,,325447,22,,,1,100,,325448,22,,,1,105,,325449,22,,,1,100,,325450,22,,,1,100,,325451,22,,,1,100,,325452,22,,,1,100,,325453,22,,,1,100,,325454,22,,,1,105,,325455,22,,,1,200,,325456,22,,,1,198,,325457,22,,,1,205,,325458,22,,,1
9201,'20261007',444,,325459,22,,,1,67,,325460,22,,,1,41,,325462,11,0,7 23,1,56,,325461,22,,,1,31,,325463,11,0,7 23,1,64,,325464,22,,,1,42,,325466,11,0,7 23,1,61,,325465,22,,,1,100,,325467,22,,,1,100,,325468,22,,,1,100,,325469,22,,,1,100,,325470,22,,,1,105,,325471,22,,,1,100,,325472,22,,,1,100,,325473,22,,,1,100,,325474,22,,,1,100,,325475,22,,,1,100,,325476,22,,,1,105,,325477,22,,,1,200,,325478,22,,,1,198,,325479,22,,,1,205,,325480,22,,,1
9201,'20261008',444,,325481,22,,,1,67,,325482,22,,,1,41,,325484,11,0,7 23,1,56,,325483,22,,,1,31,,325485,11,0,7 23,1,64,,325486,22,,,1,42,,325488,11,0,7 23,1,61,,325487,22,,,1,100,,325489,22,,,1,100,,325490,22,,,1,100,,325491,22,,,1,100,,325492,22,,,1,105,,325493,22,,,1,100,,325494,22,,,1,100,,325495,22,,,1,100,,325496,22,,,1,100,,325497,22,,,1,100,,325498,22,,,1,105,,325499,22,,,1,200,,325500,22,,,1,198,,325501,22,,,1,205,,325502,22,,,1
9201,'20261009',444,,325503,22,,,1,67,,325504,22,,,1,41,,325506,11,0,7 23,1,56,,325505,22,,,1,31,,325507,11,0,7 23,1,64,,325508,22,,,1,42,,325510,11,0,7 23,1,61,,325509,22,,,1,100,,325511,22,,,1,100,,325512,22,,,1,100,,325513,22,,,1,100,,325514,22,,,1,105,,325515,22,,,1,100,,325516,22,,,1,100,,325517,22,,,1,100,,325518,22,,,1,100,,325519,22,,,1,100,,325520,22,,,1,105,,325521,22,,,1,200,,325522,22,,,1,198,,325523,22,,,1,205,,325524,22,,,1
9201,'20261010',600,,325525,22,,,1,101,,325526,22,,,1,102,,325527,22,,,1,55,,325528,22,,,1,99,,325529,22,,,1,95,,325530,22,,,1,96,,325531,22,,,1,100,,325532,22,,,1,100,,325533,22,,,1,100,,325534,22,,,1,105,,325535,22,,,1,105,,325536,22,,,1,99,,325537,22,,,1,100,,325538,22,,,1,148,,325539,22,,,1,205,,325540,22,,,1,191,,325541,22,,,1
9201,'20261011',600,,325542,22,,,1,101,,325543,22,,,1,102,,325544,22,,,1,55,,325545,22,,,1,99,,325546,22,,,1,95,,325547,22,,,1,96,,325548,22,,,1,100,,325549,22,,,1,100,,325550,22,,,1,100,,325551,22,,,1,105,,325552,22,,,1,105,,325553,22,,,1,99,,325554,22,,,1,100,,325555,22,,,1,148,,325556,22,,,1,205,,325557,22,,,1,191,,325558,22,,,1
9201,'20261012',600,,325559,22,,,1,101,,325560,22,,,1,102,,325561,22,,,1,55,,325562,22,,,1,99,,325563,22,,,1,95,,325564,22,,,1,96,,325565,22,,,1,100,,325566,22,,,1,100,,325567,22,,,1,100,,325568,22,,,1,105,,325569,22,,,1,105,,325570,22,,,1,99,,325571,22,,,1,100,,325572,22,,,1,148,,325573,22,,,1,205,,325574,22,,,1,191,,325575,22,,,1
9201,'20261013',444,,325576,22,,,1,67,,325577,22,,,1,41,,325579,11,0,7 23,1,56,,325578,22,,,1,31,,325580,11,0,7 23,1,64,,325581,22,,,1,42,,325583,11,0,7 23,1,61,,325582,22,,,1,100,,325584,22,,,1,100,,325585,22,,,1,100,,325586,22,,,1,100,,325587,22,,,1,105,,325588,22,,,1,100,,325589,22,,,1,100,,325590,22,,,1,100,,325591,22,,,1,100,,325592,22,,,1,100,,325593,22,,,1,105,,325594,22,,,1,200,,325595,22,,,1,198,,325596,22,,,1,205,,325597,22,,,1
9201,'20261014',444,,325598,22,,,1,67,,325599,22,,,1,41,,325601,11,0,7 23,1,56,,325600,22,,,1,31,,325602,11,0,7 23,1,64,,325603,22,,,1,42,,325605,11,0,7 23,1,61,,325604,22,,,1,100,,325606,22,,,1,100,,325607,22,,,1,100,,325608,22,,,1,100,,325609,22,,,1,105,,325610,22,,,1,100,,325611,22,,,1,100,,325612,22,,,1,100,,325613,22,,,1,100,,325614,22,,,1,100,,325615,22,,,1,105,,325616,22,,,1,200,,325617,22,,,1,198,,325618,22,,,1,205,,325619,22,,,1
9201,'20261015',444,,325620,22,,,1,67,,325621,22,,,1,41,,325623,11,0,7 23,1,56,,325622,22,,,1,31,,325624,11,0,7 23,1,64,,325625,22,,,1,42,,325627,11,0,7 23,1,61,,325626,22,,,1,100,,325628,22,,,1,100,,325629,22,,,1,100,,325630,22,,,1,100,,325631,22,,,1,105,,325632,22,,,1,100,,325633,22,,,1,100,,325634,22,,,1,100,,325635,22,,,1,100,,325636,22,,,1,100,,325637,22,,,1,105,,325638,22,,,1,200,,325639,22,,,1,198,,325640,22,,,1,205,,325641,22,,,1
9201,'20261016',444,,325642,22,,,1,67,,325643,22,,,1,41,,325645,11,0,7 23,1,56,,325644,22,,,1,31,,325646,11,0,7 23,1,64,,325647,22,,,1,42,,325649,11,0,7 23,1,61,,325648,22,,,1,100,,325650,22,,,1,100,,325651,22,,,1,100,,325652,22,,,1,100,,325653,22,,,1,105,,325654,22,,,1,100,,325655,22,,,1,100,,325656,22,,,1,100,,325657,22,,,1,100,,325658,22,,,1,100,,325659,22,,,1,105,,325660,22,,,1,200,,325661,22,,,1,198,,325662,22,,,1,205,,325663,22,,,1
9201,'20261017',600,,325664,22,,,1,101,,325665,22,,,1,102,,325666,22,,,1,55,,325667,22,,,1,99,,325668,22,,,1,95,,325669,22,,,1,96,,325670,22,,,1,100,,325671,22,,,1,100,,325672,22,,,1,100,,325673,22,,,1,105,,325674,22,,,1,105,,325675,22,,,1,99,,325676,22,,,1,100,,325677,22,,,1,148,,325678,22,,,1,205,,325679,22,,,1,191,,325680,22,,,1
9201,'20261018',600,,325681,22,,,1,101,,325682,22,,,1,102,,325683,22,,,1,55,,325684,22,,,1,99,,325685,22,,,1,95,,325686,22,,,1,96,,325687,22,,,1,100,,325688,22,,,1,100,,325689,22,,,1,100,,325690,22,,,1,105,,325691,22,,,1,105,,325692,22,,,1,99,,325693,22,,,1,100,,325694,22,,,1,148,,325695,22,,,1,205,,325696,22,,,1,191,,325697,22,,,1
9201,'20261019',444,,325698,22,,,1,67,,325699,22,,,1,41,,325701,11,0,7 23,1,56,,325700,22,,,1,31,,325702,11,0,7 23,1,64,,325703,22,,,1,42,,325705,11,0,7 23,1,61,,325704,22,,,1,100,,325706,22,,,1,100,,325707,22,,,1,100,,325708,22,,,1,100,,325709,22,,,1,105,,325710,22,,,1,100,,325711,22,,,1,100,,325712,22,,,1,100,,325713,22,,,1,100,,325714,22,,,1,100,,325715,22,,,1,105,,325716,22,,,1,200,,325717,22,,,1,198,,325718,22,,,1,205,,325719,22,,,1
9201,'20261020',444,,325720,22,,,1,67,,325721,22,,,1,41,,325723,11,0,7 23,1,56,,325722,22,,,1,31,,325724,11,0,7 23,1,64,,325725,22,,,1,42,,325727,11,0,7 23,1,61,,325726,22,,,1,100,,325728,22,,,1,100,,325729,22,,,1,100,,325730,22,,,1,100,,325731,22,,,1,105,,325732,22,,,1,100,,325733,22,,,1,100,,325734,22,,,1,100,,325735,22,,,1,100,,325736,22,,,1,100,,325737,22,,,1,105,,325738,22,,,1,200,,325739,22,,,1,198,,325740,22,,,1,205,,325741,22,,,1
9201,'20261021',444,,325742,22,,,1,67,,325743,22,,,1,41,,325745,11,0,7 23,1,56,,325744,22,,,1,31,,325746,11,0,7 23,1,64,,325747,22,,,1,42,,325749,11,0,7 23,1,61,,325748,22,,,1,100,,325750,22,,,1,100,,325751,22,,,1,100,,325752,22,,,1,100,,325753,22,,,1,105,,325754,22,,,1,100,,325755,22,,,1,100,,325756,22,,,1,100,,325757,22,,,1,100,,325758,22,,,1,100,,325759,22,,,1,105,,325760,22,,,1,200,,325761,22,,,1,198,,325762,22,,,1,205,,325763,22,,,1
9201,'20261022',444,,325764,22,,,1,67,,325765,22,,,1,41,,325767,11,0,7 23,1,56,,325766,22,,,1,31,,325768,11,0,7 23,1,64,,325769,22,,,1,42,,325771,11,0,7 23,1,61,,325770,22,,,1,100,,325772,22,,,1,100,,325773,22,,,1,100,,325774,22,,,1,100,,325775,22,,,1,105,,325776,22,,,1,100,,325777,22,,,1,100,,325778,22,,,1,100,,325779,22,,,1,100,,325780,22,,,1,100,,325781,22,,,1,105,,325782,22,,,1,200,,325783,22,,,1,198,,325784,22,,,1,205,,325785,22,,,1
9201,'20261023',444,,325786,22,,,1,67,,325787,22,,,1,41,,325789,11,0,7 23,1,56,,325788,22,,,1,31,,325790,11,0,7 23,1,64,,325791,22,,,1,42,,325793,11,0,7 23,1,61,,325792,22,,,1,100,,325794,22,,,1,100,,325795,22,,,1,100,,325796,22,,,1,100,,325797,22,,,1,105,,325798,22,,,1,100,,325799,22,,,1,100,,325800,22,,,1,100,,325801,22,,,1,100,,325802,22,,,1,100,,325803,22,,,1,105,,325804,22,,,1,200,,325805,22,,,1,198,,325806,22,,,1,205,,325807,22,,,1
9201,'20261024',600,,325808,22,,,1,101,,325809,22,,,1,102,,325810,22,,,1,55,,325811,22,,,1,99,,325812,22,,,1,95,,325813,22,,,1,96,,325814,22,,,1,100,,325815,22,,,1,100,,325816,22,,,1,100,,325817,22,,,1,105,,325818,22,,,1,105,,325819,22,,,1,99,,325820,22,,,1,100,,325821,22,,,1,148,,325822,22,,,1,205,,325823,22,,,1,191,,325824,22,,,1
9201,'20261025',600,,325825,22,,,1,101,,325826,22,,,1,102,,325827,22,,,1,55,,325828,22,,,1,99,,325829,22,,,1,95,,325830,22,,,1,96,,325831,22,,,1,100,,325832,22,,,1,100,,325833,22,,,1,100,,325834,22,,,1,105,,325835,22,,,1,105,,325836,22,,,1,99,,325837,22,,,1,100,,325838,22,,,1,148,,325839,22,,,1,205,,325840,22,,,1,191,,325841,22,,,1
9201,'20261026',444,,325842,22,,,1,67,,325843,22,,,1,41,,325845,11,0,7 23,1,56,,325844,22,,,1,31,,325846,11,0,7 23,1,64,,325847,22,,,1,42,,325849,11,0,7 23,1,61,,325848,22,,,1,100,,325850,22,,,1,100,,325851,22,,,1,100,,325852,22,,,1,100,,325853,22,,,1,105,,325854,22,,,1,100,,325855,22,,,1,100,,325856,22,,,1,100,,325857,22,,,1,100,,325858,22,,,1,100,,325859,22,,,1,105,,325860,22,,,1,200,,325861,22,,,1,198,,325862,22,,,1,205,,325863,22,,,1
9201,'20261027',444,,325864,22,,,1,67,,325865,22,,,1,41,,325867,11,0,7 23,1,56,,325866,22,,,1,31,,325868,11,0,7 23,1,64,,325869,22,,,1,42,,325871,11,0,7 23,1,61,,325870,22,,,1,100,,325872,22,,,1,100,,325873,22,,,1,100,,325874,22,,,1,100,,325875,22,,,1,105,,325876,22,,,1,100,,325877,22,,,1,100,,325878,22,,,1,100,,325879,22,,,1,100,,325880,22,,,1,100,,325881,22,,,1,105,,325882,22,,,1,200,,325883,22,,,1,198,,325884,22,,,1,205,,325885,22,,,1
9201,'20261028',444,,325886,22,,,1,67,,325887,22,,,1,41,,325889,11,0,7 23,1,56,,325888,22,,,1,31,,325890,11,0,7 23,1,64,,325891,22,,,1,42,,325893,11,0,7 23,1,61,,325892,22,,,1,100,,325894,22,,,1,100,,325895,22,,,1,100,,325896,22,,,1,100,,325897,22,,,1,105,,325898,22,,,1,100,,325899,22,,,1,100,,325900,22,,,1,100,,325901,22,,,1,100,,325902,22,,,1,100,,325903,22,,,1,105,,325904,22,,,1,200,,325905,22,,,1,198,,325906,22,,,1,205,,325907,22,,,1
9201,'20261029',444,,325908,22,,,1,67,,325909,22,,,1,41,,325911,11,0,7 23,1,56,,325910,22,,,1,31,,325912,11,0,7 23,1,64,,325913,22,,,1,42,,325915,11,0,7 23,1,61,,325914,22,,,1,100,,325916,22,,,1,100,,325917,22,,,1,100,,325918,22,,,1,100,,325919,22,,,1,105,,325920,22,,,1,100,,325921,22,,,1,100,,325922,22,,,1,100,,325923,22,,,1,100,,325924,22,,,1,100,,325925,22,,,1,105,,325926,22,,,1,200,,325927,22,,,1,198,,325928,22,,,1,205,,325929,22,,,1
9201,'20261030',444,,325930,22,,,1,67,,325931,22,,,1,41,,325933,11,0,7 23,1,56,,325932,22,,,1,31,,325934,11,0,7 23,1,64,,325935,22,,,1,42,,325937,11,0,7 23,1,61,,325936,22,,,1,100,,325938,22,,,1,100,,325939,22,,,1,100,,325940,22,,,1,100,,325941,22,,,1,105,,325942,22,,,1,100,,325943,22,,,1,100,,325944,22,,,1,100,,325945,22,,,1,100,,325946,22,,,1,100,,325947,22,,,1,105,,325948,22,,,1,200,,325949,22,,,1,198,,325950,22,,,1,205,,325951,22,,,1
9201,'20261031',600,,325952,22,,,1,101,,325953,22,,,1,102,,325954,22,,,1,55,,325955,22,,,1,99,,325956,22,,,1,95,,325957,22,,,1,96,,325958,22,,,1,100,,325959,22,,,1,100,,325960,22,,,1,100,,325961,22,,,1,105,,325962,22,,,1,105,,325963,22,,,1,99,,325964,22,,,1,100,,325965,22,,,1,148,,325966,22,,,1,205,,325967,22,,,1,191,,325968,22,,,1
9201,'20261101',600,,325969,22,,,1,101,,325970,22,,,1,102,,325971,22,,,1,55,,325972,22,,,1,99,,325973,22,,,1,95,,325974,22,,,1,96,,325975,22,,,1,100,,325976,22,,,1,100,,325977,22,,,1,100,,325978,22,,,1,105,,325979,22,,,1,105,,325980,22,,,1,99,,325981,22,,,1,100,,325982,22,,,1,148,,325983,22,,,1,205,,325984,22,,,1,191,,325985,22,,,1
9201,'20261102',444,,325986,22,,,1,67,,325987,22,,,1,41,,325989,11,0,7 23,1,56,,325988,22,,,1,31,,325990,11,0,7 23,1,64,,325991,22,,,1,42,,325993,11,0,7 23,1,61,,325992,22,,,1,100,,325994,22,,,1,100,,325995,22,,,1,100,,325996,22,,,1,100,,325997,22,,,1,105,,325998,22,,,1,100,,325999,22,,,1,100,,326000,22,,,1,100,,326001,22,,,1,100,,326002,22,,,1,100,,326003,22,,,1,105,,326004,22,,,1,200,,326005,22,,,1,198,,326006,22,,,1,205,,326007,22,,,1
9201,'20261103',444,,326008,22,,,1,67,,326009,22,,,1,41,,326011,11,0,7 23,1,56,,326010,22,,,1,31,,326012,11,0,7 23,1,64,,326013,22,,,1,42,,326015,11,0,7 23,1,61,,326014,22,,,1,100,,326016,22,,,1,100,,326017,22,,,1,100,,326018,22,,,1,100,,326019,22,,,1,105,,326020,22,,,1,100,,326021,22,,,1,100,,326022,22,,,1,100,,326023,22,,,1,100,,326024,22,,,1,100,,326025,22,,,1,105,,326026,22,,,1,200,,326027,22,,,1,198,,326028,22,,,1,205,,326029,22,,,1
9201,'20261104',444,,326030,22,,,1,67,,326031,22,,,1,41,,326033,11,0,7 23,1,56,,326032,22,,,1,31,,326034,11,0,7 23,1,64,,326035,22,,,1,42,,326037,11,0,7 23,1,61,,326036,22,,,1,100,,326038,22,,,1,100,,326039,22,,,1,100,,326040,22,,,1,100,,326041,22,,,1,105,,326042,22,,,1,100,,326043,22,,,1,100,,326044,22,,,1,100,,326045,22,,,1,100,,326046,22,,,1,100,,326047,22,,,1,105,,326048,22,,,1,200,,326049,22,,,1,198,,326050,22,,,1,205,,326051,22,,,1
9201,'20261105',444,,326052,22,,,1,67,,326053,22,,,1,41,,326055,11,0,7 23,1,56,,326054,22,,,1,31,,326056,11,0,7 23,1,64,,326057,22,,,1,42,,326059,11,0,7 23,1,61,,326058,22,,,1,100,,326060,22,,,1,100,,326061,22,,,1,100,,326062,22,,,1,100,,326063,22,,,1,105,,326064,22,,,1,100,,326065,22,,,1,100,,326066,22,,,1,100,,326067,22,,,1,100,,326068,22,,,1,100,,326069,22,,,1,105,,326070,22,,,1,200,,326071,22,,,1,198,,326072,22,,,1,205,,326073,22,,,1
9201,'20261106',444,,326074,22,,,1,67,,326075,22,,,1,41,,326077,11,0,7 23,1,56,,326076,22,,,1,31,,326078,11,0,7 23,1,64,,326079,22,,,1,42,,326081,11,0,7 23,1,61,,326080,22,,,1,100,,326082,22,,,1,100,,326083,22,,,1,100,,326084,22,,,1,100,,326085,22,,,1,105,,326086,22,,,1,100,,326087,22,,,1,100,,326088,22,,,1,100,,326089,22,,,1,100,,326090,22,,,1,100,,326091,22,,,1,105,,326092,22,,,1,200,,326093,22,,,1,198,,326094,22,,,1,205,,326095,22,,,1
9201,'20261107',600,,326096,22,,,1,101,,326097,22,,,1,102,,326098,22,,,1,55,,326099,22,,,1,99,,326100,22,,,1,95,,326101,22,,,1,96,,326102,22,,,1,100,,326103,22,,,1,100,,326104,22,,,1,100,,326105,22,,,1,105,,326106,22,,,1,105,,326107,22,,,1,99,,326108,22,,,1,100,,326109,22,,,1,148,,326110,22,,,1,205,,326111,22,,,1,191,,326112,22,,,1
9201,'20261108',600,,326113,22,,,1,101,,326114,22,,,1,102,,326115,22,,,1,55,,326116,22,,,1,99,,326117,22,,,1,95,,326118,22,,,1,96,,326119,22,,,1,100,,326120,22,,,1,100,,326121,22,,,1,100,,326122,22,,,1,105,,326123,22,,,1,105,,326124,22,,,1,99,,326125,22,,,1,100,,326126,22,,,1,148,,326127,22,,,1,205,,326128,22,,,1,191,,326129,22,,,1
9201,'20261109',444,,326130,22,,,1,67,,326131,22,,,1,41,,326133,11,0,7 23,1,56,,326132,22,,,1,31,,326134,11,0,7 23,1,64,,326135,22,,,1,42,,326137,11,0,7 23,1,61,,326136,22,,,1,100,,326138,22,,,1,100,,326139,22,,,1,100,,326140,22,,,1,100,,326141,22,,,1,105,,326142,22,,,1,100,,326143,22,,,1,100,,326144,22,,,1,100,,326145,22,,,1,100,,326146,22,,,1,100,,326147,22,,,1,105,,326148,22,,,1,200,,326149,22,,,1,198,,326150,22,,,1,205,,326151,22,,,1
9201,'20261110',444,,326152,22,,,1,67,,326153,22,,,1,41,,326155,11,0,7 23,1,56,,326154,22,,,1,31,,326156,11,0,7 23,1,64,,326157,22,,,1,42,,326159,11,0,7 23,1,61,,326158,22,,,1,100,,326160,22,,,1,100,,326161,22,,,1,100,,326162,22,,,1,100,,326163,22,,,1,105,,326164,22,,,1,100,,326165,22,,,1,100,,326166,22,,,1,100,,326167,22,,,1,100,,326168,22,,,1,100,,326169,22,,,1,105,,326170,22,,,1,200,,326171,22,,,1,198,,326172,22,,,1,205,,326173,22,,,1
9201,'20261111',444,,326174,22,,,1,67,,326175,22,,,1,41,,326177,11,0,7 23,1,56,,326176,22,,,1,31,,326178,11,0,7 23,1,64,,326179,22,,,1,42,,326181,11,0,7 23,1,61,,326180,22,,,1,100,,326182,22,,,1,100,,326183,22,,,1,100,,326184,22,,,1,100,,326185,22,,,1,105,,326186,22,,,1,100,,326187,22,,,1,100,,326188,22,,,1,100,,326189,22,,,1,100,,326190,22,,,1,100,,326191,22,,,1,105,,326192,22,,,1,200,,326193,22,,,1,198,,326194,22,,,1,205,,326195,22,,,1
9201,'20261112',444,,326196,22,,,1,67,,326197,22,,,1,41,,326199,11,0,7 23,1,56,,326198,22,,,1,31,,326200,11,0,7 23,1,64,,326201,22,,,1,42,,326203,11,0,7 23,1,61,,326202,22,,,1,100,,326204,22,,,1,100,,326205,22,,,1,100,,326206,22,,,1,100,,326207,22,,,1,105,,326208,22,,,1,100,,326209,22,,,1,100,,326210,22,,,1,100,,326211,22,,,1,100,,326212,22,,,1,100,,326213,22,,,1,105,,326214,22,,,1,200,,326215,22,,,1,198,,326216,22,,,1,205,,326217,22,,,1
9201,'20261113',444,,326218,22,,,1,67,,326219,22,,,1,41,,326221,11,0,7 23,1,56,,326220,22,,,1,31,,326222,11,0,7 23,1,64,,326223,22,,,1,42,,326225,11,0,7 23,1,61,,326224,22,,,1,100,,326226,22,,,1,100,,326227,22,,,1,100,,326228,22,,,1,100,,326229,22,,,1,105,,326230,22,,,1,100,,326231,22,,,1,100,,326232,22,,,1,100,,326233,22,,,1,100,,326234,22,,,1,100,,326235,22,,,1,105,,326236,22,,,1,200,,326237,22,,,1,198,,326238,22,,,1,205,,326239,22,,,1
9201,'20261114',600,,326240,22,,,1,101,,326241,22,,,1,102,,326242,22,,,1,55,,326243,22,,,1,99,,326244,22,,,1,95,,326245,22,,,1,96,,326246,22,,,1,100,,326247,22,,,1,100,,326248,22,,,1,100,,326249,22,,,1,105,,326250,22,,,1,105,,326251,22,,,1,99,,326252,22,,,1,100,,326253,22,,,1,148,,326254,22,,,1,205,,326255,22,,,1,191,,326256,22,,,1
9201,'20261115',600,,326257,22,,,1,101,,326258,22,,,1,102,,326259,22,,,1,55,,326260,22,,,1,99,,326261,22,,,1,95,,326262,22,,,1,96,,326263,22,,,1,100,,326264,22,,,1,100,,326265,22,,,1,100,,326266,22,,,1,105,,326267,22,,,1,105,,326268,22,,,1,99,,326269,22,,,1,100,,326270,22,,,1,148,,326271,22,,,1,205,,326272,22,,,1,191,,326273,22,,,1
9201,'20261116',444,,326274,22,,,1,67,,326275,22,,,1,41,,326277,11,0,7 23,1,56,,326276,22,,,1,31,,326278,11,0,7 23,1,64,,326279,22,,,1,42,,326281,11,0,7 23,1,61,,326280,22,,,1,100,,326282,22,,,1,100,,326283,22,,,1,100,,326284,22,,,1,100,,326285,22,,,1,105,,326286,22,,,1,100,,326287,22,,,1,100,,326288,22,,,1,100,,326289,22,,,1,100,,326290,22,,,1,100,,326291,22,,,1,105,,326292,22,,,1,200,,326293,22,,,1,198,,326294,22,,,1,205,,326295,22,,,1
9201,'20261117',444,,326296,22,,,1,67,,326297,22,,,1,41,,326299,11,0,7 23,1,56,,326298,22,,,1,31,,326300,11,0,7 23,1,64,,326301,22,,,1,42,,326303,11,0,7 23,1,61,,326302,22,,,1,100,,326304,22,,,1,100,,326305,22,,,1,100,,326306,22,,,1,100,,326307,22,,,1,105,,326308,22,,,1,100,,326309,22,,,1,100,,326310,22,,,1,100,,326311,22,,,1,100,,326312,22,,,1,100,,326313,22,,,1,105,,326314,22,,,1,200,,326315,22,,,1,198,,326316,22,,,1,205,,326317,22,,,1
9201,'20261118',444,,326318,22,,,1,67,,326319,22,,,1,41,,326321,11,0,7 23,1,56,,326320,22,,,1,31,,326322,11,0,7 23,1,64,,326323,22,,,1,42,,326325,11,0,7 23,1,61,,326324,22,,,1,100,,326326,22,,,1,100,,326327,22,,,1,100,,326328,22,,,1,100,,326329,22,,,1,105,,326330,22,,,1,100,,326331,22,,,1,100,,326332,22,,,1,100,,326333,22,,,1,100,,326334,22,,,1,100,,326335,22,,,1,105,,326336,22,,,1,200,,326337,22,,,1,198,,326338,22,,,1,205,,326339,22,,,1
9201,'20261119',444,,326340,22,,,1,67,,326341,22,,,1,41,,326343,11,0,7 23,1,56,,326342,22,,,1,31,,326344,11,0,7 23,1,64,,326345,22,,,1,42,,326347,11,0,7 23,1,61,,326346,22,,,1,100,,326348,22,,,1,100,,326349,22,,,1,100,,326350,22,,,1,100,,326351,22,,,1,105,,326352,22,,,1,100,,326353,22,,,1,100,,326354,22,,,1,100,,326355,22,,,1,100,,326356,22,,,1,100,,326357,22,,,1,105,,326358,22,,,1,200,,326359,22,,,1,198,,326360,22,,,1,205,,326361,22,,,1
9201,'20261120',444,,326362,22,,,1,67,,326363,22,,,1,41,,326365,11,0,7 23,1,56,,326364,22,,,1,31,,326366,11,0,7 23,1,64,,326367,22,,,1,42,,326369,11,0,7 23,1,61,,326368,22,,,1,100,,326370,22,,,1,100,,326371,22,,,1,100,,326372,22,,,1,100,,326373,22,,,1,105,,326374,22,,,1,100,,326375,22,,,1,100,,326376,22,,,1,100,,326377,22,,,1,100,,326378,22,,,1,100,,326379,22,,,1,105,,326380,22,,,1,200,,326381,22,,,1,198,,326382,22,,,1,205,,326383,22,,,1
9201,'20261121',600,,326384,22,,,1,101,,326385,22,,,1,102,,326386,22,,,1,55,,326387,22,,,1,99,,326388,22,,,1,95,,326389,22,,,1,96,,326390,22,,,1,100,,326391,22,,,1,100,,326392,22,,,1,100,,326393,22,,,1,105,,326394,22,,,1,105,,326395,22,,,1,99,,326396,22,,,1,100,,326397,22,,,1,148,,326398,22,,,1,205,,326399,22,,,1,191,,326400,22,,,1
9201,'20261122',600,,326401,22,,,1,101,,326402,22,,,1,102,,326403,22,,,1,55,,326404,22,,,1,99,,326405,22,,,1,95,,326406,22,,,1,96,,326407,22,,,1,100,,326408,22,,,1,100,,326409,22,,,1,100,,326410,22,,,1,105,,326411,22,,,1,105,,326412,22,,,1,99,,326413,22,,,1,100,,326414,22,,,1,148,,326415,22,,,1,205,,326416,22,,,1,191,,326417,22,,,1
9201,'20261123',444,,326418,22,,,1,67,,326419,22,,,1,41,,326421,11,0,7 23,1,56,,326420,22,,,1,31,,326422,11,0,7 23,1,64,,326423,22,,,1,42,,326425,11,0,7 23,1,61,,326424,22,,,1,100,,326426,22,,,1,100,,326427,22,,,1,100,,326428,22,,,1,100,,326429,22,,,1,105,,326430,22,,,1,100,,326431,22,,,1,100,,326432,22,,,1,100,,326433,22,,,1,100,,326434,22,,,1,100,,326435,22,,,1,105,,326436,22,,,1,200,,326437,22,,,1,198,,326438,22,,,1,205,,326439,22,,,1
9201,'20261124',444,,326440,22,,,1,67,,326441,22,,,1,41,,326443,11,0,7 23,1,56,,326442,22,,,1,31,,326444,11,0,7 23,1,64,,326445,22,,,1,42,,326447,11,0,7 23,1,61,,326446,22,,,1,100,,326448,22,,,1,100,,326449,22,,,1,100,,326450,22,,,1,100,,326451,22,,,1,105,,326452,22,,,1,100,,326453,22,,,1,100,,326454,22,,,1,100,,326455,22,,,1,100,,326456,22,,,1,100,,326457,22,,,1,105,,326458,22,,,1,200,,326459,22,,,1,198,,326460,22,,,1,205,,326461,22,,,1
9201,'20261125',444,,326462,22,,,1,67,,326463,22,,,1,41,,326465,11,0,7 23,1,56,,326464,22,,,1,31,,326466,11,0,7 23,1,64,,326467,22,,,1,42,,326469,11,0,7 23,1,61,,326468,22,,,1,100,,326470,22,,,1,100,,326471,22,,,1,100,,326472,22,,,1,100,,326473,22,,,1,105,,326474,22,,,1,100,,326475,22,,,1,100,,326476,22,,,1,100,,326477,22,,,1,100,,326478,22,,,1,100,,326479,22,,,1,105,,326480,22,,,1,200,,326481,22,,,1,198,,326482,22,,,1,205,,326483,22,,,1
9201,'20261126',444,,326484,22,,,1,67,,326485,22,,,1,41,,326487,11,0,7 23,1,56,,326486,22,,,1,31,,326488,11,0,7 23,1,64,,326489,22,,,1,42,,326491,11,0,7 23,1,61,,326490,22,,,1,100,,326492,22,,,1,100,,326493,22,,,1,100,,326494,22,,,1,100,,326495,22,,,1,105,,326496,22,,,1,100,,326497,22,,,1,100,,326498,22,,,1,100,,326499,22,,,1,100,,326500,22,,,1,100,,326501,22,,,1,105,,326502,22,,,1,200,,326503,22,,,1,198,,326504,22,,,1,205,,326505,22,,,1
9201,'20261127',444,,326506,22,,,1,67,,326507,22,,,1,41,,326509,11,0,7 23,1,56,,326508,22,,,1,31,,326510,11,0,7 23,1,64,,326511,22,,,1,42,,326513,11,0,7 23,1,61,,326512,22,,,1,100,,326514,22,,,1,100,,326515,22,,,1,100,,326516,22,,,1,100,,326517,22,,,1,105,,326518,22,,,1,100,,326519,22,,,1,100,,326520,22,,,1,100,,326521,22,,,1,100,,326522,22,,,1,100,,326523,22,,,1,105,,326524,22,,,1,200,,326525,22,,,1,198,,326526,22,,,1,205,,326527,22,,,1
