1500,'20260910',623,,226675,2,0,5 64 9,1,310,,226679,2,0,5 64 9,1,768,,226685,2,0,5 64 9,1
1500,'20260911',623,,226691,2,0,5 64 9,1,310,,226695,2,0,5 64 9,1,768,,226707,2,0,5 64 9,1
1500,'20260912',747,,226712,2,0,5 64 9,1,385,,226716,2,0,5 64 9,1,605,,226720,2,0,5 64 9,1
1500,'20260913',747,,226724,2,0,5 64 9,1,385,,226728,2,0,5 64 9,1,605,,226732,2,0,5 64 9,1
1500,'20260914',623,,226737,2,0,5 64 9,1,310,,226741,2,0,5 64 9,1,768,,226747,2,0,5 64 9,1
1500,'20260915',623,,226753,2,0,5 64 9,1,310,,226757,2,0,5 64 9,1,768,,226763,2,0,5 64 9,1
1500,'20260916',623,,226769,2,0,5 64 9,1,310,,226773,2,0,5 64 9,1,768,,226779,2,0,5 64 9,1
1500,'20260917',623,,226785,2,0,5 64 9,1,310,,226789,2,0,5 64 9,1,768,,226795,2,0,5 64 9,1
1500,'20260918',623,,226801,2,0,5 64 9,1,310,,226805,2,0,5 64 9,1,768,,226817,2,0,5 64 9,1
1500,'20260919',747,,226822,2,0,5 64 9,1,385,,226826,2,0,5 64 9,1,605,,226830,2,0,5 64 9,1
1500,'20260920',747,,226834,2,0,5 64 9,1,385,,226838,2,0,5 64 9,1,605,,226842,2,0,5 64 9,1
1500,'20260921',623,,226847,2,0,5 64 9,1,310,,226851,2,0,5 64 9,1,768,,226857,2,0,5 64 9,1
1500,'20260922',623,,226863,2,0,5 64 9,1,310,,226867,2,0,5 64 9,1,768,,226873,2,0,5 64 9,1
1500,'20260923',623,,226879,2,0,5 64 9,1,310,,226883,2,0,5 64 9,1,768,,226889,2,0,5 64 9,1
1500,'20260924',623,,226895,2,0,5 64 9,1,310,,226899,2,0,5 64 9,1,768,,226905,2,0,5 64 9,1
1500,'20260925',623,,226911,2,0,5 64 9,1,310,,226915,2,0,5 64 9,1,768,,226927,2,0,5 64 9,1
1500,'20260926',747,,226932,2,0,5 64 9,1,385,,226936,2,0,5 64 9,1,605,,226940,2,0,5 64 9,1
1500,'20260927',747,,226944,2,0,5 64 9,1,385,,226948,2,0,5 64 9,1,605,,226952,2,0,5 64 9,1
1500,'20260928',623,,226957,2,0,5 64 9,1,310,,226961,2,0,5 64 9,1,768,,226967,2,0,5 64 9,1
1500,'20260929',623,,226973,2,0,5 64 9,1,310,,226977,2,0,5 64 9,1,768,,226983,2,0,5 64 9,1
1500,'20260930',623,,226989,2,0,5 64 9,1,310,,226993,2,0,5 64 9,1,768,,226999,2,0,5 64 9,1
1500,'20261001',623,,227005,2,0,5 64 9,1,310,,227009,2,0,5 64 9,1,768,,227015,2,0,5 64 9,1
1500,'20261002',623,,227021,2,0,5 64 9,1,310,,227025,2,0,5 64 9,1,768,,227037,2,0,5 64 9,1
1500,'20261003',747,,227042,2,0,5 64 9,1,385,,227046,2,0,5 64 9,1,605,,227050,2,0,5 64 9,1
1500,'20261004',747,,227054,2,0,5 64 9,1,385,,227058,2,0,5 64 9,1,605,,227062,2,0,5 64 9,1
1500,'20261005',623,,227067,2,0,5 64 9,1,310,,227071,2,0,5 64 9,1,768,,227077,2,0,5 64 9,1
1500,'20261006',623,,227083,2,0,5 64 9,1,310,,227087,2,0,5 64 9,1,768,,227093,2,0,5 64 9,1
1500,'20261007',623,,227099,2,0,5 64 9,1,310,,227103,2,0,5 64 9,1,768,,227109,2,0,5 64 9,1
1500,'20261008',623,,227115,2,0,5 64 9,1,310,,227119,2,0,5 64 9,1,768,,227125,2,0,5 64 9,1
1500,'20261009',623,,227131,2,0,5 64 9,1,310,,227135,2,0,5 64 9,1,768,,227147,2,0,5 64 9,1
1500,'20261010',747,,227152,2,0,5 64 9,1,385,,227156,2,0,5 64 9,1,605,,227160,2,0,5 64 9,1
1500,'20261011',747,,227164,2,0,5 64 9,1,385,,227168,2,0,5 64 9,1,605,,227172,2,0,5 64 9,1
1500,'20261012',747,,227176,2,0,5 64 9,1,385,,227180,2,0,5 64 9,1,605,,227184,2,0,5 64 9,1
1500,'20261013',623,,227189,2,0,5 64 9,1,310,,227193,2,0,5 64 9,1,768,,227199,2,0,5 64 9,1
1500,'20261014',623,,227205,2,0,5 64 9,1,310,,227209,2,0,5 64 9,1,768,,227215,2,0,5 64 9,1
1500,'20261015',623,,227221,2,0,5 64 9,1,310,,227225,2,0,5 64 9,1,768,,227231,2,0,5 64 9,1
1500,'20261016',623,,227237,2,0,5 64 9,1,310,,227241,2,0,5 64 9,1,768,,227253,2,0,5 64 9,1
1500,'20261017',747,,227258,2,0,5 64 9,1,385,,227262,2,0,5 64 9,1,605,,227266,2,0,5 64 9,1
1500,'20261018',747,,227270,2,0,5 64 9,1,385,,227274,2,0,5 64 9,1,605,,227278,2,0,5 64 9,1
1500,'20261019',623,,227283,2,0,5 64 9,1,310,,227287,2,0,5 64 9,1,768,,227293,2,0,5 64 9,1
1500,'20261020',623,,227299,2,0,5 64 9,1,310,,227303,2,0,5 64 9,1,768,,227309,2,0,5 64 9,1
1500,'20261021',623,,227315,2,0,5 64 9,1,310,,227319,2,0,5 64 9,1,768,,227325,2,0,5 64 9,1
1500,'20261022',623,,227331,2,0,5 64 9,1,310,,227335,2,0,5 64 9,1,768,,227341,2,0,5 64 9,1
1500,'20261023',623,,227347,2,0,5 64 9,1,310,,227351,2,0,5 64 9,1,768,,227363,2,0,5 64 9,1
1500,'20261024',747,,227368,2,0,5 64 9,1,385,,227372,2,0,5 64 9,1,605,,227376,2,0,5 64 9,1
1500,'20261025',747,,227380,2,0,5 64 9,1,385,,227384,2,0,5 64 9,1,605,,227388,2,0,5 64 9,1
1500,'20261026',623,,227393,2,0,5 64 9,1,310,,227397,2,0,5 64 9,1,768,,227403,2,0,5 64 9,1
1500,'20261027',623,,227409,2,0,5 64 9,1,310,,227413,2,0,5 64 9,1,768,,227419,2,0,5 64 9,1
1500,'20261028',623,,227425,2,0,5 64 9,1,310,,227429,2,0,5 64 9,1,768,,227435,2,0,5 64 9,1
1500,'20261029',623,,227441,2,0,5 64 9,1,310,,227445,2,0,5 64 9,1,768,,227451,2,0,5 64 9,1
1500,'20261030',623,,227457,2,0,5 64 9,1,310,,227461,2,0,5 64 9,1,768,,227473,2,0,5 64 9,1
1500,'20261031',747,,227478,2,0,5 64 9,1,385,,227482,2,0,5 64 9,1,605,,227486,2,0,5 64 9,1
1500,'20261101',747,,227490,2,0,5 64 9,1,385,,227494,2,0,5 64 9,1,605,,227498,2,0,5 64 9,1
1500,'20261102',623,,227503,2,0,5 64 9,1,310,,227507,2,0,5 64 9,1,768,,227513,2,0,5 64 9,1
1500,'20261103',623,,227519,2,0,5 64 9,1,310,,227523,2,0,5 64 9,1,768,,227529,2,0,5 64 9,1
1500,'20261104',623,,227535,2,0,5 64 9,1,310,,227539,2,0,5 64 9,1,768,,227545,2,0,5 64 9,1
1500,'20261105',623,,227551,2,0,5 64 9,1,310,,227555,2,0,5 64 9,1,768,,227561,2,0,5 64 9,1
1500,'20261106',623,,227567,2,0,5 64 9,1,310,,227571,2,0,5 64 9,1,768,,227583,2,0,5 64 9,1
1500,'20261107',747,,227588,2,0,5 64 9,1,385,,227592,2,0,5 64 9,1,605,,227596,2,0,5 64 9,1
1500,'20261108',747,,227600,2,0,5 64 9,1,385,,227604,2,0,5 64 9,1,605,,227608,2,0,5 64 9,1
1500,'20261109',623,,227613,2,0,5 64 9,1,310,,227617,2,0,5 64 9,1,768,,227623,2,0,5 64 9,1
1500,'20261110',623,,227629,2,0,5 64 9,1,310,,227633,2,0,5 64 9,1,768,,227639,2,0,5 64 9,1
1500,'20261111',623,,227645,2,0,5 64 9,1,310,,227649,2,0,5 64 9,1,768,,227655,2,0,5 64 9,1
1500,'20261112',623,,227661,2,0,5 64 9,1,310,,227665,2,0,5 64 9,1,768,,227671,2,0,5 64 9,1
1500,'20261113',623,,227677,2,0,5 64 9,1,310,,227681,2,0,5 64 9,1,768,,227693,2,0,5 64 9,1
1500,'20261114',747,,227698,2,0,5 64 9,1,385,,227702,2,0,5 64 9,1,605,,227706,2,0,5 64 9,1
1500,'20261115',747,,227710,2,0,5 64 9,1,385,,227714,2,0,5 64 9,1,605,,227718,2,0,5 64 9,1
1500,'20261116',623,,227723,2,0,5 64 9,1,310,,227727,2,0,5 64 9,1,768,,227733,2,0,5 64 9,1
1500,'20261117',623,,227739,2,0,5 64 9,1,310,,227743,2,0,5 64 9,1,768,,227749,2,0,5 64 9,1
1500,'20261118',623,,227755,2,0,5 64 9,1,310,,227759,2,0,5 64 9,1,768,,227765,2,0,5 64 9,1
1500,'20261119',623,,227771,2,0,5 64 9,1,310,,227775,2,0,5 64 9,1,768,,227781,2,0,5 64 9,1
1500,'20261120',623,,227787,2,0,5 64 9,1,310,,227791,2,0,5 64 9,1,768,,227803,2,0,5 64 9,1
1500,'20261121',747,,227808,2,0,5 64 9,1,385,,227812,2,0,5 64 9,1,605,,227816,2,0,5 64 9,1
1500,'20261122',747,,227820,2,0,5 64 9,1,385,,227824,2,0,5 64 9,1,605,,227828,2,0,5 64 9,1
1500,'20261123',623,,227833,2,0,5 64 9,1,310,,227837,2,0,5 64 9,1,768,,227843,2,0,5 64 9,1
1500,'20261124',623,,227849,2,0,5 64 9,1,310,,227853,2,0,5 64 9,1,768,,227859,2,0,5 64 9,1
1500,'20261125',623,,227865,2,0,5 64 9,1,310,,227869,2,0,5 64 9,1,768,,227875,2,0,5 64 9,1
1500,'20261126',623,,227881,2,0,5 64 9,1,310,,227885,2,0,5 64 9,1,768,,227891,2,0,5 64 9,1
1500,'20261127',623,,227897,2,0,5 64 9,1,310,,227901,2,0,5 64 9,1,768,,227913,2,0,5 64 9,1
