6800,'20260910',729,,315153,37,,,1,100,,315154,29,0,5 27 28 9,1,110,,315155,29,0,5 27 28 9,1,386,,315156,37,,,1,99,,315157,37,,,1,303,,315158,29,0,5 27 28 9,1,397,,315160,37,,,1,92,,315161,37,,,1,100,,315162,37,,,1,134,,315163,30,0,7 27 28 9,1
6800,'20260911',729,,315164,37,,,1,100,,315165,29,0,5 27 28 9,1,110,,315166,29,0,5 27 28 9,1,386,,315167,37,,,1,99,,315168,37,,,1,303,,315169,29,0,5 27 28 9,1,397,,315171,37,,,1,92,,315172,37,,,1,100,,315173,37,,,1,134,,315174,30,0,7 27 28 9,1
6800,'20260912',916,,315175,37,,,1,94,,315177,7,0,57 27 28 9,1,125,,315178,47,0,53 27 28 9,1,84,,315176,37,,,1,100,,315179,7,0,57 27 28 9,1,128,,315180,47,0,53 27 28 9,1,72,,315181,37,,,1,100,,315182,7,0,57 27 28 9,1,128,,315183,47,0,53 27 28 9,1,172,,315184,37,,,1,200,,315185,37,,,1,439,,315186,29,0,5 27 28 9,1
6800,'20260913',916,,315187,37,,,1,94,,315189,7,0,57 27 28 9,1,125,,315190,47,0,53 27 28 9,1,84,,315188,37,,,1,100,,315191,7,0,57 27 28 9,1,128,,315192,47,0,53 27 28 9,1,72,,315193,37,,,1,100,,315194,7,0,57 27 28 9,1,128,,315195,47,0,53 27 28 9,1,172,,315196,37,,,1,200,,315197,37,,,1,439,,315198,29,0,5 27 28 9,1
6800,'20260914',729,,315199,37,,,1,100,,315200,29,0,5 27 28 9,1,110,,315201,29,0,5 27 28 9,1,386,,315202,37,,,1,99,,315203,37,,,1,303,,315204,29,0,5 27 28 9,1,397,,315206,37,,,1,92,,315207,37,,,1,100,,315208,37,,,1,134,,315209,30,0,7 27 28 9,1
6800,'20260915',729,,315210,37,,,1,100,,315211,29,0,5 27 28 9,1,110,,315212,29,0,5 27 28 9,1,386,,315213,37,,,1,99,,315214,37,,,1,303,,315215,29,0,5 27 28 9,1,397,,315217,37,,,1,92,,315218,37,,,1,100,,315219,37,,,1,134,,315220,30,0,7 27 28 9,1
6800,'20260916',729,,315221,37,,,1,100,,315222,29,0,5 27 28 9,1,110,,315223,29,0,5 27 28 9,1,386,,315224,37,,,1,99,,315225,37,,,1,303,,315226,29,0,5 27 28 9,1,397,,315228,37,,,1,92,,315229,37,,,1,100,,315230,37,,,1,134,,315231,30,0,7 27 28 9,1
6800,'20260917',729,,315232,37,,,1,100,,315233,29,0,5 27 28 9,1,110,,315234,29,0,5 27 28 9,1,386,,315235,37,,,1,99,,315236,37,,,1,303,,315237,29,0,5 27 28 9,1,397,,315239,37,,,1,92,,315240,37,,,1,100,,315241,37,,,1,134,,315242,30,0,7 27 28 9,1
6800,'20260918',729,,315243,37,,,1,100,,315244,29,0,5 27 28 9,1,110,,315245,29,0,5 27 28 9,1,386,,315246,37,,,1,99,,315247,37,,,1,303,,315248,29,0,5 27 28 9,1,397,,315250,37,,,1,92,,315251,37,,,1,100,,315252,37,,,1,134,,315253,30,0,7 27 28 9,1
6800,'20260919',916,,315254,37,,,1,94,,315256,7,0,57 27 28 9,1,125,,315257,47,0,53 27 28 9,1,84,,315255,37,,,1,100,,315258,7,0,57 27 28 9,1,128,,315259,47,0,53 27 28 9,1,72,,315260,37,,,1,100,,315261,7,0,57 27 28 9,1,128,,315262,47,0,53 27 28 9,1,172,,315263,37,,,1,200,,315264,37,,,1,439,,315265,29,0,5 27 28 9,1
6800,'20260920',916,,315266,37,,,1,94,,315268,7,0,57 27 28 9,1,125,,315269,47,0,53 27 28 9,1,84,,315267,37,,,1,100,,315270,7,0,57 27 28 9,1,128,,315271,47,0,53 27 28 9,1,72,,315272,37,,,1,100,,315273,7,0,57 27 28 9,1,128,,315274,47,0,53 27 28 9,1,172,,315275,37,,,1,200,,315276,37,,,1,439,,315277,29,0,5 27 28 9,1
6800,'20260921',729,,315278,37,,,1,100,,315279,29,0,5 27 28 9,1,110,,315280,29,0,5 27 28 9,1,386,,315281,37,,,1,99,,315282,37,,,1,303,,315283,29,0,5 27 28 9,1,397,,315285,37,,,1,92,,315286,37,,,1,100,,315287,37,,,1,134,,315288,30,0,7 27 28 9,1
6800,'20260922',729,,315289,37,,,1,100,,315290,29,0,5 27 28 9,1,110,,315291,29,0,5 27 28 9,1,386,,315292,37,,,1,99,,315293,37,,,1,303,,315294,29,0,5 27 28 9,1,397,,315296,37,,,1,92,,315297,37,,,1,100,,315298,37,,,1,134,,315299,30,0,7 27 28 9,1
6800,'20260923',729,,315300,37,,,1,100,,315301,29,0,5 27 28 9,1,110,,315302,29,0,5 27 28 9,1,386,,315303,37,,,1,99,,315304,37,,,1,303,,315305,29,0,5 27 28 9,1,397,,315307,37,,,1,92,,315308,37,,,1,100,,315309,37,,,1,134,,315310,30,0,7 27 28 9,1
6800,'20260924',729,,315311,37,,,1,100,,315312,29,0,5 27 28 9,1,110,,315313,29,0,5 27 28 9,1,386,,315314,37,,,1,99,,315315,37,,,1,303,,315316,29,0,5 27 28 9,1,397,,315318,37,,,1,92,,315319,37,,,1,100,,315320,37,,,1,134,,315321,30,0,7 27 28 9,1
6800,'20260925',729,,315322,37,,,1,100,,315323,29,0,5 27 28 9,1,110,,315324,29,0,5 27 28 9,1,386,,315325,37,,,1,99,,315326,37,,,1,303,,315327,29,0,5 27 28 9,1,397,,315329,37,,,1,92,,315330,37,,,1,100,,315331,37,,,1,134,,315332,30,0,7 27 28 9,1
6800,'20260926',916,,315333,37,,,1,94,,315335,7,0,57 27 28 9,1,125,,315336,47,0,53 27 28 9,1,84,,315334,37,,,1,100,,315337,7,0,57 27 28 9,1,128,,315338,47,0,53 27 28 9,1,72,,315339,37,,,1,100,,315340,7,0,57 27 28 9,1,128,,315341,47,0,53 27 28 9,1,172,,315342,37,,,1,200,,315343,37,,,1,439,,315344,29,0,5 27 28 9,1
6800,'20260927',916,,315345,37,,,1,94,,315347,7,0,57 27 28 9,1,125,,315348,47,0,53 27 28 9,1,84,,315346,37,,,1,100,,315349,7,0,57 27 28 9,1,128,,315350,47,0,53 27 28 9,1,72,,315351,37,,,1,100,,315352,7,0,57 27 28 9,1,128,,315353,47,0,53 27 28 9,1,172,,315354,37,,,1,200,,315355,37,,,1,439,,315356,29,0,5 27 28 9,1
6800,'20260928',729,,315357,37,,,1,100,,315358,29,0,5 27 28 9,1,110,,315359,29,0,5 27 28 9,1,386,,315360,37,,,1,99,,315361,37,,,1,303,,315362,29,0,5 27 28 9,1,397,,315364,37,,,1,92,,315365,37,,,1,100,,315366,37,,,1,134,,315367,30,0,7 27 28 9,1
6800,'20260929',729,,315368,37,,,1,100,,315369,29,0,5 27 28 9,1,110,,315370,29,0,5 27 28 9,1,386,,315371,37,,,1,99,,315372,37,,,1,303,,315373,29,0,5 27 28 9,1,397,,315375,37,,,1,92,,315376,37,,,1,100,,315377,37,,,1,134,,315378,30,0,7 27 28 9,1
6800,'20260930',729,,315379,37,,,1,100,,315380,29,0,5 27 28 9,1,110,,315381,29,0,5 27 28 9,1,386,,315382,37,,,1,99,,315383,37,,,1,303,,315384,29,0,5 27 28 9,1,397,,315386,37,,,1,92,,315387,37,,,1,100,,315388,37,,,1,134,,315389,30,0,7 27 28 9,1
6800,'20261001',729,,315390,37,,,1,100,,315391,29,0,5 27 28 9,1,110,,315392,29,0,5 27 28 9,1,386,,315393,37,,,1,99,,315394,37,,,1,303,,315395,29,0,5 27 28 9,1,397,,315397,37,,,1,92,,315398,37,,,1,100,,315399,37,,,1,134,,315400,30,0,7 27 28 9,1
6800,'20261002',729,,315401,37,,,1,100,,315402,29,0,5 27 28 9,1,110,,315403,29,0,5 27 28 9,1,386,,315404,37,,,1,99,,315405,37,,,1,303,,315406,29,0,5 27 28 9,1,397,,315408,37,,,1,92,,315409,37,,,1,100,,315410,37,,,1,134,,315411,30,0,7 27 28 9,1
6800,'20261003',916,,315412,37,,,1,94,,315414,7,0,57 27 28 9,1,125,,315415,47,0,53 27 28 9,1,84,,315413,37,,,1,100,,315416,7,0,57 27 28 9,1,128,,315417,47,0,53 27 28 9,1,72,,315418,37,,,1,100,,315419,7,0,57 27 28 9,1,128,,315420,47,0,53 27 28 9,1,172,,315421,37,,,1,200,,315422,37,,,1,439,,315423,29,0,5 27 28 9,1
6800,'20261004',916,,315424,37,,,1,94,,315426,7,0,57 27 28 9,1,125,,315427,47,0,53 27 28 9,1,84,,315425,37,,,1,100,,315428,7,0,57 27 28 9,1,128,,315429,47,0,53 27 28 9,1,72,,315430,37,,,1,100,,315431,7,0,57 27 28 9,1,128,,315432,47,0,53 27 28 9,1,172,,315433,37,,,1,200,,315434,37,,,1,439,,315435,29,0,5 27 28 9,1
6800,'20261005',729,,315436,37,,,1,100,,315437,29,0,5 27 28 9,1,110,,315438,29,0,5 27 28 9,1,386,,315439,37,,,1,99,,315440,37,,,1,303,,315441,29,0,5 27 28 9,1,397,,315443,37,,,1,92,,315444,37,,,1,100,,315445,37,,,1,134,,315446,30,0,7 27 28 9,1
6800,'20261006',729,,315447,37,,,1,100,,315448,29,0,5 27 28 9,1,110,,315449,29,0,5 27 28 9,1,386,,315450,37,,,1,99,,315451,37,,,1,303,,315452,29,0,5 27 28 9,1,397,,315454,37,,,1,92,,315455,37,,,1,100,,315456,37,,,1,134,,315457,30,0,7 27 28 9,1
6800,'20261007',729,,315458,37,,,1,100,,315459,29,0,5 27 28 9,1,110,,315460,29,0,5 27 28 9,1,386,,315461,37,,,1,99,,315462,37,,,1,303,,315463,29,0,5 27 28 9,1,397,,315465,37,,,1,92,,315466,37,,,1,100,,315467,37,,,1,134,,315468,30,0,7 27 28 9,1
6800,'20261008',729,,315469,37,,,1,100,,315470,29,0,5 27 28 9,1,110,,315471,29,0,5 27 28 9,1,386,,315472,37,,,1,99,,315473,37,,,1,303,,315474,29,0,5 27 28 9,1,397,,315476,37,,,1,92,,315477,37,,,1,100,,315478,37,,,1,134,,315479,30,0,7 27 28 9,1
6800,'20261009',729,,315480,37,,,1,100,,315481,29,0,5 27 28 9,1,110,,315482,29,0,5 27 28 9,1,386,,315483,37,,,1,99,,315484,37,,,1,303,,315485,29,0,5 27 28 9,1,397,,315487,37,,,1,92,,315488,37,,,1,100,,315489,37,,,1,134,,315490,30,0,7 27 28 9,1
6800,'20261010',916,,315491,37,,,1,94,,315493,7,0,57 27 28 9,1,125,,315494,47,0,53 27 28 9,1,84,,315492,37,,,1,100,,315495,7,0,57 27 28 9,1,128,,315496,47,0,53 27 28 9,1,72,,315497,37,,,1,100,,315498,7,0,57 27 28 9,1,128,,315499,47,0,53 27 28 9,1,172,,315500,37,,,1,200,,315501,37,,,1,439,,315502,29,0,5 27 28 9,1
6800,'20261011',916,,315503,37,,,1,94,,315505,7,0,57 27 28 9,1,125,,315506,47,0,53 27 28 9,1,84,,315504,37,,,1,100,,315507,7,0,57 27 28 9,1,128,,315508,47,0,53 27 28 9,1,72,,315509,37,,,1,100,,315510,7,0,57 27 28 9,1,128,,315511,47,0,53 27 28 9,1,172,,315512,37,,,1,200,,315513,37,,,1,439,,315514,29,0,5 27 28 9,1
6800,'20261012',916,,315515,37,,,1,94,,315517,7,0,57 27 28 9,1,125,,315518,47,0,53 27 28 9,1,84,,315516,37,,,1,100,,315519,7,0,57 27 28 9,1,128,,315520,47,0,53 27 28 9,1,72,,315521,37,,,1,100,,315522,7,0,57 27 28 9,1,128,,315523,47,0,53 27 28 9,1,172,,315524,37,,,1,200,,315525,37,,,1,439,,315526,29,0,5 27 28 9,1
6800,'20261013',729,,315527,37,,,1,100,,315528,29,0,5 27 28 9,1,110,,315529,29,0,5 27 28 9,1,386,,315530,37,,,1,99,,315531,37,,,1,303,,315532,29,0,5 27 28 9,1,397,,315534,37,,,1,92,,315535,37,,,1,100,,315536,37,,,1,134,,315537,30,0,7 27 28 9,1
6800,'20261014',729,,315538,37,,,1,100,,315539,29,0,5 27 28 9,1,110,,315540,29,0,5 27 28 9,1,386,,315541,37,,,1,99,,315542,37,,,1,303,,315543,29,0,5 27 28 9,1,397,,315545,37,,,1,92,,315546,37,,,1,100,,315547,37,,,1,134,,315548,30,0,7 27 28 9,1
6800,'20261015',729,,315549,37,,,1,100,,315550,29,0,5 27 28 9,1,110,,315551,29,0,5 27 28 9,1,386,,315552,37,,,1,99,,315553,37,,,1,303,,315554,29,0,5 27 28 9,1,397,,315556,37,,,1,92,,315557,37,,,1,100,,315558,37,,,1,134,,315559,30,0,7 27 28 9,1
6800,'20261016',729,,315560,37,,,1,100,,315561,29,0,5 27 28 9,1,110,,315562,29,0,5 27 28 9,1,386,,315563,37,,,1,99,,315564,37,,,1,303,,315565,29,0,5 27 28 9,1,397,,315567,37,,,1,92,,315568,37,,,1,100,,315569,37,,,1,134,,315570,30,0,7 27 28 9,1
6800,'20261017',916,,315571,37,,,1,94,,315573,7,0,57 27 28 9,1,125,,315574,47,0,53 27 28 9,1,84,,315572,37,,,1,100,,315575,7,0,57 27 28 9,1,128,,315576,47,0,53 27 28 9,1,72,,315577,37,,,1,100,,315578,7,0,57 27 28 9,1,128,,315579,47,0,53 27 28 9,1,172,,315580,37,,,1,200,,315581,37,,,1,439,,315582,29,0,5 27 28 9,1
6800,'20261018',916,,315583,37,,,1,94,,315585,7,0,57 27 28 9,1,125,,315586,47,0,53 27 28 9,1,84,,315584,37,,,1,100,,315587,7,0,57 27 28 9,1,128,,315588,47,0,53 27 28 9,1,72,,315589,37,,,1,100,,315590,7,0,57 27 28 9,1,128,,315591,47,0,53 27 28 9,1,172,,315592,37,,,1,200,,315593,37,,,1,439,,315594,29,0,5 27 28 9,1
6800,'20261019',729,,315595,37,,,1,100,,315596,29,0,5 27 28 9,1,110,,315597,29,0,5 27 28 9,1,386,,315598,37,,,1,99,,315599,37,,,1,303,,315600,29,0,5 27 28 9,1,397,,315602,37,,,1,92,,315603,37,,,1,100,,315604,37,,,1,134,,315605,30,0,7 27 28 9,1
6800,'20261020',729,,315606,37,,,1,100,,315607,29,0,5 27 28 9,1,110,,315608,29,0,5 27 28 9,1,386,,315609,37,,,1,99,,315610,37,,,1,303,,315611,29,0,5 27 28 9,1,397,,315613,37,,,1,92,,315614,37,,,1,100,,315615,37,,,1,134,,315616,30,0,7 27 28 9,1
6800,'20261021',729,,315617,37,,,1,100,,315618,29,0,5 27 28 9,1,110,,315619,29,0,5 27 28 9,1,386,,315620,37,,,1,99,,315621,37,,,1,303,,315622,29,0,5 27 28 9,1,397,,315624,37,,,1,92,,315625,37,,,1,100,,315626,37,,,1,134,,315627,30,0,7 27 28 9,1
6800,'20261022',729,,315628,37,,,1,100,,315629,29,0,5 27 28 9,1,110,,315630,29,0,5 27 28 9,1,386,,315631,37,,,1,99,,315632,37,,,1,303,,315633,29,0,5 27 28 9,1,397,,315635,37,,,1,92,,315636,37,,,1,100,,315637,37,,,1,134,,315638,30,0,7 27 28 9,1
6800,'20261023',729,,315639,37,,,1,100,,315640,29,0,5 27 28 9,1,110,,315641,29,0,5 27 28 9,1,386,,315642,37,,,1,99,,315643,37,,,1,303,,315644,29,0,5 27 28 9,1,397,,315646,37,,,1,92,,315647,37,,,1,100,,315648,37,,,1,134,,315649,30,0,7 27 28 9,1
6800,'20261024',916,,315650,37,,,1,94,,315652,7,0,57 27 28 9,1,125,,315653,47,0,53 27 28 9,1,84,,315651,37,,,1,100,,315654,7,0,57 27 28 9,1,128,,315655,47,0,53 27 28 9,1,72,,315656,37,,,1,100,,315657,7,0,57 27 28 9,1,128,,315658,47,0,53 27 28 9,1,172,,315659,37,,,1,200,,315660,37,,,1,439,,315661,29,0,5 27 28 9,1
6800,'20261025',916,,315662,37,,,1,94,,315664,7,0,57 27 28 9,1,125,,315665,47,0,53 27 28 9,1,84,,315663,37,,,1,100,,315666,7,0,57 27 28 9,1,128,,315667,47,0,53 27 28 9,1,72,,315668,37,,,1,100,,315669,7,0,57 27 28 9,1,128,,315670,47,0,53 27 28 9,1,172,,315671,37,,,1,200,,315672,37,,,1,439,,315673,29,0,5 27 28 9,1
6800,'20261026',729,,315674,37,,,1,100,,315675,29,0,5 27 28 9,1,110,,315676,29,0,5 27 28 9,1,386,,315677,37,,,1,99,,315678,37,,,1,303,,315679,29,0,5 27 28 9,1,397,,315681,37,,,1,92,,315682,37,,,1,100,,315683,37,,,1,134,,315684,30,0,7 27 28 9,1
6800,'20261027',729,,315685,37,,,1,100,,315686,29,0,5 27 28 9,1,110,,315687,29,0,5 27 28 9,1,386,,315688,37,,,1,99,,315689,37,,,1,303,,315690,29,0,5 27 28 9,1,397,,315692,37,,,1,92,,315693,37,,,1,100,,315694,37,,,1,134,,315695,30,0,7 27 28 9,1
6800,'20261028',729,,315696,37,,,1,100,,315697,29,0,5 27 28 9,1,110,,315698,29,0,5 27 28 9,1,386,,315699,37,,,1,99,,315700,37,,,1,303,,315701,29,0,5 27 28 9,1,397,,315703,37,,,1,92,,315704,37,,,1,100,,315705,37,,,1,134,,315706,30,0,7 27 28 9,1
6800,'20261029',729,,315707,37,,,1,100,,315708,29,0,5 27 28 9,1,110,,315709,29,0,5 27 28 9,1,386,,315710,37,,,1,99,,315711,37,,,1,303,,315712,29,0,5 27 28 9,1,397,,315714,37,,,1,92,,315715,37,,,1,100,,315716,37,,,1,134,,315717,30,0,7 27 28 9,1
6800,'20261030',729,,315718,37,,,1,100,,315719,29,0,5 27 28 9,1,110,,315720,29,0,5 27 28 9,1,386,,315721,37,,,1,99,,315722,37,,,1,303,,315723,29,0,5 27 28 9,1,397,,315725,37,,,1,92,,315726,37,,,1,100,,315727,37,,,1,134,,315728,30,0,7 27 28 9,1
6800,'20261031',916,,315729,37,,,1,94,,315731,7,0,57 27 28 9,1,125,,315732,47,0,53 27 28 9,1,84,,315730,37,,,1,100,,315733,7,0,57 27 28 9,1,128,,315734,47,0,53 27 28 9,1,72,,315735,37,,,1,100,,315736,7,0,57 27 28 9,1,128,,315737,47,0,53 27 28 9,1,172,,315738,37,,,1,200,,315739,37,,,1,439,,315740,29,0,5 27 28 9,1
6800,'20261101',916,,315741,37,,,1,94,,315743,7,0,57 27 28 9,1,125,,315744,47,0,53 27 28 9,1,84,,315742,37,,,1,100,,315745,7,0,57 27 28 9,1,128,,315746,47,0,53 27 28 9,1,72,,315747,37,,,1,100,,315748,7,0,57 27 28 9,1,128,,315749,47,0,53 27 28 9,1,172,,315750,37,,,1,200,,315751,37,,,1,439,,315752,29,0,5 27 28 9,1
6800,'20261102',729,,315753,37,,,1,100,,315754,29,0,5 27 28 9,1,110,,315755,29,0,5 27 28 9,1,386,,315756,37,,,1,99,,315757,37,,,1,303,,315758,29,0,5 27 28 9,1,397,,315760,37,,,1,92,,315761,37,,,1,100,,315762,37,,,1,134,,315763,30,0,7 27 28 9,1
6800,'20261103',729,,315764,37,,,1,100,,315765,29,0,5 27 28 9,1,110,,315766,29,0,5 27 28 9,1,386,,315767,37,,,1,99,,315768,37,,,1,303,,315769,29,0,5 27 28 9,1,397,,315771,37,,,1,92,,315772,37,,,1,100,,315773,37,,,1,134,,315774,30,0,7 27 28 9,1
6800,'20261104',729,,315775,37,,,1,100,,315776,29,0,5 27 28 9,1,110,,315777,29,0,5 27 28 9,1,386,,315778,37,,,1,99,,315779,37,,,1,303,,315780,29,0,5 27 28 9,1,397,,315782,37,,,1,92,,315783,37,,,1,100,,315784,37,,,1,134,,315785,30,0,7 27 28 9,1
6800,'20261105',729,,315786,37,,,1,100,,315787,29,0,5 27 28 9,1,110,,315788,29,0,5 27 28 9,1,386,,315789,37,,,1,99,,315790,37,,,1,303,,315791,29,0,5 27 28 9,1,397,,315793,37,,,1,92,,315794,37,,,1,100,,315795,37,,,1,134,,315796,30,0,7 27 28 9,1
6800,'20261106',729,,315797,37,,,1,100,,315798,29,0,5 27 28 9,1,110,,315799,29,0,5 27 28 9,1,386,,315800,37,,,1,99,,315801,37,,,1,303,,315802,29,0,5 27 28 9,1,397,,315804,37,,,1,92,,315805,37,,,1,100,,315806,37,,,1,134,,315807,30,0,7 27 28 9,1
6800,'20261107',916,,315808,37,,,1,94,,315810,7,0,57 27 28 9,1,125,,315811,47,0,53 27 28 9,1,84,,315809,37,,,1,100,,315812,7,0,57 27 28 9,1,128,,315813,47,0,53 27 28 9,1,72,,315814,37,,,1,100,,315815,7,0,57 27 28 9,1,128,,315816,47,0,53 27 28 9,1,172,,315817,37,,,1,200,,315818,37,,,1,439,,315819,29,0,5 27 28 9,1
6800,'20261108',916,,315820,37,,,1,94,,315822,7,0,57 27 28 9,1,125,,315823,47,0,53 27 28 9,1,84,,315821,37,,,1,100,,315824,7,0,57 27 28 9,1,128,,315825,47,0,53 27 28 9,1,72,,315826,37,,,1,100,,315827,7,0,57 27 28 9,1,128,,315828,47,0,53 27 28 9,1,172,,315829,37,,,1,200,,315830,37,,,1,439,,315831,29,0,5 27 28 9,1
6800,'20261109',729,,315832,37,,,1,100,,315833,29,0,5 27 28 9,1,110,,315834,29,0,5 27 28 9,1,386,,315835,37,,,1,99,,315836,37,,,1,303,,315837,29,0,5 27 28 9,1,397,,315839,37,,,1,92,,315840,37,,,1,100,,315841,37,,,1,134,,315842,30,0,7 27 28 9,1
6800,'20261110',729,,315843,37,,,1,100,,315844,29,0,5 27 28 9,1,110,,315845,29,0,5 27 28 9,1,386,,315846,37,,,1,99,,315847,37,,,1,303,,315848,29,0,5 27 28 9,1,397,,315850,37,,,1,92,,315851,37,,,1,100,,315852,37,,,1,134,,315853,30,0,7 27 28 9,1
6800,'20261111',729,,315854,37,,,1,100,,315855,29,0,5 27 28 9,1,110,,315856,29,0,5 27 28 9,1,386,,315857,37,,,1,99,,315858,37,,,1,303,,315859,29,0,5 27 28 9,1,397,,315861,37,,,1,92,,315862,37,,,1,100,,315863,37,,,1,134,,315864,30,0,7 27 28 9,1
6800,'20261112',729,,315865,37,,,1,100,,315866,29,0,5 27 28 9,1,110,,315867,29,0,5 27 28 9,1,386,,315868,37,,,1,99,,315869,37,,,1,303,,315870,29,0,5 27 28 9,1,397,,315872,37,,,1,92,,315873,37,,,1,100,,315874,37,,,1,134,,315875,30,0,7 27 28 9,1
6800,'20261113',729,,315876,37,,,1,100,,315877,29,0,5 27 28 9,1,110,,315878,29,0,5 27 28 9,1,386,,315879,37,,,1,99,,315880,37,,,1,303,,315881,29,0,5 27 28 9,1,397,,315883,37,,,1,92,,315884,37,,,1,100,,315885,37,,,1,134,,315886,30,0,7 27 28 9,1
6800,'20261114',916,,315887,37,,,1,94,,315889,7,0,57 27 28 9,1,125,,315890,47,0,53 27 28 9,1,84,,315888,37,,,1,100,,315891,7,0,57 27 28 9,1,128,,315892,47,0,53 27 28 9,1,72,,315893,37,,,1,100,,315894,7,0,57 27 28 9,1,128,,315895,47,0,53 27 28 9,1,172,,315896,37,,,1,200,,315897,37,,,1,439,,315898,29,0,5 27 28 9,1
6800,'20261115',916,,315899,37,,,1,94,,315901,7,0,57 27 28 9,1,125,,315902,47,0,53 27 28 9,1,84,,315900,37,,,1,100,,315903,7,0,57 27 28 9,1,128,,315904,47,0,53 27 28 9,1,72,,315905,37,,,1,100,,315906,7,0,57 27 28 9,1,128,,315907,47,0,53 27 28 9,1,172,,315908,37,,,1,200,,315909,37,,,1,439,,315910,29,0,5 27 28 9,1
6800,'20261116',729,,315911,37,,,1,100,,315912,29,0,5 27 28 9,1,110,,315913,29,0,5 27 28 9,1,386,,315914,37,,,1,99,,315915,37,,,1,303,,315916,29,0,5 27 28 9,1,397,,315918,37,,,1,92,,315919,37,,,1,100,,315920,37,,,1,134,,315921,30,0,7 27 28 9,1
6800,'20261117',729,,315922,37,,,1,100,,315923,29,0,5 27 28 9,1,110,,315924,29,0,5 27 28 9,1,386,,315925,37,,,1,99,,315926,37,,,1,303,,315927,29,0,5 27 28 9,1,397,,315929,37,,,1,92,,315930,37,,,1,100,,315931,37,,,1,134,,315932,30,0,7 27 28 9,1
6800,'20261118',729,,315933,37,,,1,100,,315934,29,0,5 27 28 9,1,110,,315935,29,0,5 27 28 9,1,386,,315936,37,,,1,99,,315937,37,,,1,303,,315938,29,0,5 27 28 9,1,397,,315940,37,,,1,92,,315941,37,,,1,100,,315942,37,,,1,134,,315943,30,0,7 27 28 9,1
6800,'20261119',729,,315944,37,,,1,100,,315945,29,0,5 27 28 9,1,110,,315946,29,0,5 27 28 9,1,386,,315947,37,,,1,99,,315948,37,,,1,303,,315949,29,0,5 27 28 9,1,397,,315951,37,,,1,92,,315952,37,,,1,100,,315953,37,,,1,134,,315954,30,0,7 27 28 9,1
6800,'20261120',729,,315955,37,,,1,100,,315956,29,0,5 27 28 9,1,110,,315957,29,0,5 27 28 9,1,386,,315958,37,,,1,99,,315959,37,,,1,303,,315960,29,0,5 27 28 9,1,397,,315962,37,,,1,92,,315963,37,,,1,100,,315964,37,,,1,134,,315965,30,0,7 27 28 9,1
6800,'20261121',916,,315966,37,,,1,94,,315968,7,0,57 27 28 9,1,125,,315969,47,0,53 27 28 9,1,84,,315967,37,,,1,100,,315970,7,0,57 27 28 9,1,128,,315971,47,0,53 27 28 9,1,72,,315972,37,,,1,100,,315973,7,0,57 27 28 9,1,128,,315974,47,0,53 27 28 9,1,172,,315975,37,,,1,200,,315976,37,,,1,439,,315977,29,0,5 27 28 9,1
6800,'20261122',916,,315978,37,,,1,94,,315980,7,0,57 27 28 9,1,125,,315981,47,0,53 27 28 9,1,84,,315979,37,,,1,100,,315982,7,0,57 27 28 9,1,128,,315983,47,0,53 27 28 9,1,72,,315984,37,,,1,100,,315985,7,0,57 27 28 9,1,128,,315986,47,0,53 27 28 9,1,172,,315987,37,,,1,200,,315988,37,,,1,439,,315989,29,0,5 27 28 9,1
6800,'20261123',729,,315990,37,,,1,100,,315991,29,0,5 27 28 9,1,110,,315992,29,0,5 27 28 9,1,386,,315993,37,,,1,99,,315994,37,,,1,303,,315995,29,0,5 27 28 9,1,397,,315997,37,,,1,92,,315998,37,,,1,100,,315999,37,,,1,134,,316000,30,0,7 27 28 9,1
6800,'20261124',729,,316001,37,,,1,100,,316002,29,0,5 27 28 9,1,110,,316003,29,0,5 27 28 9,1,386,,316004,37,,,1,99,,316005,37,,,1,303,,316006,29,0,5 27 28 9,1,397,,316008,37,,,1,92,,316009,37,,,1,100,,316010,37,,,1,134,,316011,30,0,7 27 28 9,1
6800,'20261125',729,,316012,37,,,1,100,,316013,29,0,5 27 28 9,1,110,,316014,29,0,5 27 28 9,1,386,,316015,37,,,1,99,,316016,37,,,1,303,,316017,29,0,5 27 28 9,1,397,,316019,37,,,1,92,,316020,37,,,1,100,,316021,37,,,1,134,,316022,30,0,7 27 28 9,1
6800,'20261126',729,,316023,37,,,1,100,,316024,29,0,5 27 28 9,1,110,,316025,29,0,5 27 28 9,1,386,,316026,37,,,1,99,,316027,37,,,1,303,,316028,29,0,5 27 28 9,1,397,,316030,37,,,1,92,,316031,37,,,1,100,,316032,37,,,1,134,,316033,30,0,7 27 28 9,1
6800,'20261127',729,,316034,37,,,1,100,,316035,29,0,5 27 28 9,1,110,,316036,29,0,5 27 28 9,1,386,,316037,37,,,1,99,,316038,37,,,1,303,,316039,29,0,5 27 28 9,1,397,,316041,37,,,1,92,,316042,37,,,1,100,,316043,37,,,1,134,,316044,30,0,7 27 28 9,1
