6801,'20260917',421,,316149,10,0,5 16 26 9,1,593,,316150,10,0,88 9,1,100,,316151,10,0,88 9,1,342,,316152,10,0,5 16 26 9,1,200,,316153,10,0,5 16 26 9,1,158,,316154,10,0,88 9,1,107,,316155,10,0,88 9,1,200,,316156,10,0,5 16 26 9,1,185,,316157,10,0,5 16 26 9,1
6801,'20260918',421,,316158,10,0,5 16 26 9,1,593,,316159,10,0,88 9,1,100,,316160,10,0,88 9,1,342,,316161,10,0,5 16 26 9,1,200,,316162,10,0,5 16 26 9,1,158,,316163,10,0,88 9,1,107,,316164,10,0,88 9,1,200,,316165,10,0,5 16 26 9,1,185,,316166,10,0,5 16 26 9,1
6801,'20260919',548,,316167,10,0,53 20 39,1,164,,316168,10,0,57 20 39,1,6,,316169,10,0,53 20 39,1,94,,316170,10,0,57 20 39,1,6,,316171,10,0,53 20 39,1,110,,316172,10,0,88 9,1,179,,316173,10,0,57 20 39,1,11,,316174,10,0,53 20 39,1,110,,316175,10,0,88 9,1,595,,316176,10,0,88 9,1,184,,316177,10,0,57 20 39,1,31,,316178,10,0,53 20 39,1,290,,316179,10,0,5 16 26 9,1
6801,'20260920',548,,316180,10,0,53 20 39,1,164,,316181,10,0,57 20 39,1,6,,316182,10,0,53 20 39,1,94,,316183,10,0,57 20 39,1,6,,316184,10,0,53 20 39,1,110,,316185,10,0,88 9,1,179,,316186,10,0,57 20 39,1,11,,316187,10,0,53 20 39,1,110,,316188,10,0,88 9,1,595,,316189,10,0,88 9,1,184,,316190,10,0,57 20 39,1,31,,316191,10,0,53 20 39,1,290,,316192,10,0,5 16 26 9,1
6801,'20260921',421,,316193,10,0,5 16 26 9,1,593,,316194,10,0,88 9,1,100,,316195,10,0,88 9,1,342,,316196,10,0,5 16 26 9,1,200,,316197,10,0,5 16 26 9,1,158,,316198,10,0,88 9,1,107,,316199,10,0,88 9,1,200,,316200,10,0,5 16 26 9,1,185,,316201,10,0,5 16 26 9,1
6801,'20260922',421,,316202,10,0,5 16 26 9,1,593,,316203,10,0,88 9,1,100,,316204,10,0,88 9,1,342,,316205,10,0,5 16 26 9,1,200,,316206,10,0,5 16 26 9,1,158,,316207,10,0,88 9,1,107,,316208,10,0,88 9,1,200,,316209,10,0,5 16 26 9,1,185,,316210,10,0,5 16 26 9,1
6801,'20260923',421,,316211,10,0,5 16 26 9,1,593,,316212,10,0,88 9,1,100,,316213,10,0,88 9,1,342,,316214,10,0,5 16 26 9,1,200,,316215,10,0,5 16 26 9,1,158,,316216,10,0,88 9,1,107,,316217,10,0,88 9,1,200,,316218,10,0,5 16 26 9,1,185,,316219,10,0,5 16 26 9,1
6801,'20260924',421,,316220,10,0,5 16 26 9,1,593,,316221,10,0,88 9,1,100,,316222,10,0,88 9,1,342,,316223,10,0,5 16 26 9,1,200,,316224,10,0,5 16 26 9,1,158,,316225,10,0,88 9,1,107,,316226,10,0,88 9,1,200,,316227,10,0,5 16 26 9,1,185,,316228,10,0,5 16 26 9,1
6801,'20260925',421,,316229,10,0,5 16 26 9,1,593,,316230,10,0,88 9,1,100,,316231,10,0,88 9,1,342,,316232,10,0,5 16 26 9,1,200,,316233,10,0,5 16 26 9,1,158,,316234,10,0,88 9,1,107,,316235,10,0,88 9,1,200,,316236,10,0,5 16 26 9,1,185,,316237,10,0,5 16 26 9,1
6801,'20260926',548,,316238,10,0,53 20 39,1,164,,316239,10,0,57 20 39,1,6,,316240,10,0,53 20 39,1,94,,316241,10,0,57 20 39,1,6,,316242,10,0,53 20 39,1,110,,316243,10,0,88 9,1,179,,316244,10,0,57 20 39,1,11,,316245,10,0,53 20 39,1,110,,316246,10,0,88 9,1,595,,316247,10,0,88 9,1,184,,316248,10,0,57 20 39,1,31,,316249,10,0,53 20 39,1,290,,316250,10,0,5 16 26 9,1
6801,'20260927',548,,316251,10,0,53 20 39,1,164,,316252,10,0,57 20 39,1,6,,316253,10,0,53 20 39,1,94,,316254,10,0,57 20 39,1,6,,316255,10,0,53 20 39,1,110,,316256,10,0,88 9,1,179,,316257,10,0,57 20 39,1,11,,316258,10,0,53 20 39,1,110,,316259,10,0,88 9,1,595,,316260,10,0,88 9,1,184,,316261,10,0,57 20 39,1,31,,316262,10,0,53 20 39,1,290,,316263,10,0,5 16 26 9,1
6801,'20260928',421,,316264,10,0,5 16 26 9,1,593,,316265,10,0,88 9,1,100,,316266,10,0,88 9,1,342,,316267,10,0,5 16 26 9,1,200,,316268,10,0,5 16 26 9,1,158,,316269,10,0,88 9,1,107,,316270,10,0,88 9,1,200,,316271,10,0,5 16 26 9,1,185,,316272,10,0,5 16 26 9,1
6801,'20260929',421,,316273,10,0,5 16 26 9,1,593,,316274,10,0,88 9,1,100,,316275,10,0,88 9,1,342,,316276,10,0,5 16 26 9,1,200,,316277,10,0,5 16 26 9,1,158,,316278,10,0,88 9,1,107,,316279,10,0,88 9,1,200,,316280,10,0,5 16 26 9,1,185,,316281,10,0,5 16 26 9,1
6801,'20260930',421,,316282,10,0,5 16 26 9,1,593,,316283,10,0,88 9,1,100,,316284,10,0,88 9,1,342,,316285,10,0,5 16 26 9,1,200,,316286,10,0,5 16 26 9,1,158,,316287,10,0,88 9,1,107,,316288,10,0,88 9,1,200,,316289,10,0,5 16 26 9,1,185,,316290,10,0,5 16 26 9,1
6801,'20261001',421,,316291,10,0,5 16 26 9,1,593,,316292,10,0,88 9,1,100,,316293,10,0,88 9,1,342,,316294,10,0,5 16 26 9,1,200,,316295,10,0,5 16 26 9,1,158,,316296,10,0,88 9,1,107,,316297,10,0,88 9,1,200,,316298,10,0,5 16 26 9,1,185,,316299,10,0,5 16 26 9,1
6801,'20261002',421,,316300,10,0,5 16 26 9,1,593,,316301,10,0,88 9,1,100,,316302,10,0,88 9,1,342,,316303,10,0,5 16 26 9,1,200,,316304,10,0,5 16 26 9,1,158,,316305,10,0,88 9,1,107,,316306,10,0,88 9,1,200,,316307,10,0,5 16 26 9,1,185,,316308,10,0,5 16 26 9,1
6801,'20261003',548,,316309,10,0,53 20 39,1,164,,316310,10,0,57 20 39,1,6,,316311,10,0,53 20 39,1,94,,316312,10,0,57 20 39,1,6,,316313,10,0,53 20 39,1,110,,316314,10,0,88 9,1,179,,316315,10,0,57 20 39,1,11,,316316,10,0,53 20 39,1,110,,316317,10,0,88 9,1,179,,333046,10,0,57 20 39,1,11,,333047,10,0,53 20 39,1,199,,333048,10,0,57 20 39,1,11,,333049,10,0,53 20 39,1,195,,316318,10,0,88 9,1,184,,316319,10,0,57 20 39,1,31,,316320,10,0,53 20 39,1,290,,316321,10,0,5 16 26 9,1
6801,'20261004',548,,316322,10,0,53 20 39,1,164,,316323,10,0,57 20 39,1,6,,316324,10,0,53 20 39,1,94,,316325,10,0,57 20 39,1,6,,316326,10,0,53 20 39,1,110,,316327,10,0,88 9,1,179,,316328,10,0,57 20 39,1,11,,316329,10,0,53 20 39,1,110,,316330,10,0,88 9,1,179,,333050,10,0,57 20 39,1,11,,333051,10,0,53 20 39,1,199,,333052,10,0,57 20 39,1,11,,333053,10,0,53 20 39,1,195,,316331,10,0,88 9,1,184,,316332,10,0,57 20 39,1,31,,316333,10,0,53 20 39,1,290,,316334,10,0,5 16 26 9,1
6801,'20261005',421,,316335,10,0,5 16 26 9,1,593,,316336,10,0,88 9,1,100,,316337,10,0,88 9,1,342,,316338,10,0,5 16 26 9,1,200,,316339,10,0,5 16 26 9,1,158,,316340,10,0,88 9,1,107,,316341,10,0,88 9,1,200,,316342,10,0,5 16 26 9,1,185,,316343,10,0,5 16 26 9,1
6801,'20261006',421,,316344,10,0,5 16 26 9,1,593,,316345,10,0,88 9,1,100,,316346,10,0,88 9,1,342,,316347,10,0,5 16 26 9,1,200,,316348,10,0,5 16 26 9,1,158,,316349,10,0,88 9,1,107,,316350,10,0,88 9,1,200,,316351,10,0,5 16 26 9,1,185,,316352,10,0,5 16 26 9,1
6801,'20261007',421,,316353,10,0,5 16 26 9,1,593,,316354,10,0,88 9,1,100,,316355,10,0,88 9,1,342,,316356,10,0,5 16 26 9,1,200,,316357,10,0,5 16 26 9,1,158,,316358,10,0,88 9,1,107,,316359,10,0,88 9,1,200,,316360,10,0,5 16 26 9,1,185,,316361,10,0,5 16 26 9,1
6801,'20261008',421,,316362,10,0,5 16 26 9,1,593,,316363,10,0,88 9,1,100,,316364,10,0,88 9,1,342,,316365,10,0,5 16 26 9,1,200,,316366,10,0,5 16 26 9,1,158,,316367,10,0,88 9,1,107,,316368,10,0,88 9,1,200,,316369,10,0,5 16 26 9,1,185,,316370,10,0,5 16 26 9,1
6801,'20261009',421,,316371,10,0,5 16 26 9,1,593,,316372,10,0,88 9,1,100,,316373,10,0,88 9,1,342,,316374,10,0,5 16 26 9,1,200,,316375,10,0,5 16 26 9,1,158,,316376,10,0,88 9,1,107,,316377,10,0,88 9,1,200,,316378,10,0,5 16 26 9,1,185,,316379,10,0,5 16 26 9,1
6801,'20261010',548,,316380,10,0,53 20 39,1,164,,316381,10,0,57 20 39,1,6,,316382,10,0,53 20 39,1,94,,316383,10,0,57 20 39,1,6,,316384,10,0,53 20 39,1,110,,316385,10,0,88 9,1,179,,316386,10,0,57 20 39,1,11,,316387,10,0,53 20 39,1,110,,316388,10,0,88 9,1,595,,316389,10,0,88 9,1,184,,316390,10,0,57 20 39,1,31,,316391,10,0,53 20 39,1,290,,316392,10,0,5 16 26 9,1
6801,'20261011',548,,316393,10,0,53 20 39,1,164,,316394,10,0,57 20 39,1,6,,316395,10,0,53 20 39,1,94,,316396,10,0,57 20 39,1,6,,316397,10,0,53 20 39,1,110,,316398,10,0,88 9,1,179,,316399,10,0,57 20 39,1,11,,316400,10,0,53 20 39,1,110,,316401,10,0,88 9,1,595,,316402,10,0,88 9,1,184,,316403,10,0,57 20 39,1,31,,316404,10,0,53 20 39,1,290,,316405,10,0,5 16 26 9,1
6801,'20261012',548,,316406,10,0,53 20 39,1,164,,316407,10,0,57 20 39,1,6,,316408,10,0,53 20 39,1,94,,316409,10,0,57 20 39,1,6,,316410,10,0,53 20 39,1,110,,316411,10,0,88 9,1,179,,316412,10,0,57 20 39,1,11,,316413,10,0,53 20 39,1,110,,316414,10,0,88 9,1,595,,316415,10,0,88 9,1,184,,316416,10,0,57 20 39,1,31,,316417,10,0,53 20 39,1,290,,316418,10,0,5 16 26 9,1
6801,'20261013',421,,316419,10,0,5 16 26 9,1,593,,316420,10,0,88 9,1,100,,316421,10,0,88 9,1,342,,316422,10,0,5 16 26 9,1,200,,316423,10,0,5 16 26 9,1,158,,316424,10,0,88 9,1,107,,316425,10,0,88 9,1,200,,316426,10,0,5 16 26 9,1,185,,316427,10,0,5 16 26 9,1
6801,'20261014',421,,316428,10,0,5 16 26 9,1,593,,316429,10,0,88 9,1,100,,316430,10,0,88 9,1,342,,316431,10,0,5 16 26 9,1,200,,316432,10,0,5 16 26 9,1,158,,316433,10,0,88 9,1,107,,316434,10,0,88 9,1,200,,316435,10,0,5 16 26 9,1,185,,316436,10,0,5 16 26 9,1
6801,'20261015',421,,316437,10,0,5 16 26 9,1,593,,316438,10,0,88 9,1,100,,316439,10,0,88 9,1,342,,316440,10,0,5 16 26 9,1,200,,316441,10,0,5 16 26 9,1,158,,316442,10,0,88 9,1,107,,316443,10,0,88 9,1,200,,316444,10,0,5 16 26 9,1,185,,316445,10,0,5 16 26 9,1
6801,'20261016',421,,316446,10,0,5 16 26 9,1,593,,316447,10,0,88 9,1,100,,316448,10,0,88 9,1,342,,316449,10,0,5 16 26 9,1,200,,316450,10,0,5 16 26 9,1,158,,316451,10,0,88 9,1,107,,316452,10,0,88 9,1,200,,316453,10,0,5 16 26 9,1,185,,316454,10,0,5 16 26 9,1
6801,'20261017',548,,316455,10,0,53 20 39,1,164,,316456,10,0,57 20 39,1,6,,316457,10,0,53 20 39,1,94,,316458,10,0,57 20 39,1,6,,316459,10,0,53 20 39,1,110,,316460,10,0,88 9,1,179,,316461,10,0,57 20 39,1,11,,316462,10,0,53 20 39,1,110,,316463,10,0,88 9,1,595,,316464,10,0,88 9,1,184,,316465,10,0,57 20 39,1,31,,316466,10,0,53 20 39,1,290,,316467,10,0,5 16 26 9,1
6801,'20261018',548,,316468,10,0,53 20 39,1,164,,316469,10,0,57 20 39,1,6,,316470,10,0,53 20 39,1,94,,316471,10,0,57 20 39,1,6,,316472,10,0,53 20 39,1,110,,316473,10,0,88 9,1,179,,316474,10,0,57 20 39,1,11,,316475,10,0,53 20 39,1,110,,316476,10,0,88 9,1,595,,316477,10,0,88 9,1,184,,316478,10,0,57 20 39,1,31,,316479,10,0,53 20 39,1,290,,316480,10,0,5 16 26 9,1
6801,'20261019',421,,316481,10,0,5 16 26 9,1,593,,316482,10,0,88 9,1,100,,316483,10,0,88 9,1,342,,316484,10,0,5 16 26 9,1,200,,316485,10,0,5 16 26 9,1,158,,316486,10,0,88 9,1,107,,316487,10,0,88 9,1,200,,316488,10,0,5 16 26 9,1,185,,316489,10,0,5 16 26 9,1
6801,'20261020',421,,316490,10,0,5 16 26 9,1,593,,316491,10,0,88 9,1,100,,316492,10,0,88 9,1,342,,316493,10,0,5 16 26 9,1,200,,316494,10,0,5 16 26 9,1,158,,316495,10,0,88 9,1,107,,316496,10,0,88 9,1,200,,316497,10,0,5 16 26 9,1,185,,316498,10,0,5 16 26 9,1
6801,'20261021',421,,316499,10,0,5 16 26 9,1,593,,316500,10,0,88 9,1,100,,316501,10,0,88 9,1,342,,316502,10,0,5 16 26 9,1,200,,316503,10,0,5 16 26 9,1,158,,316504,10,0,88 9,1,107,,316505,10,0,88 9,1,200,,316506,10,0,5 16 26 9,1,185,,316507,10,0,5 16 26 9,1
6801,'20261022',421,,316508,10,0,5 16 26 9,1,593,,316509,10,0,88 9,1,100,,316510,10,0,88 9,1,342,,316511,10,0,5 16 26 9,1,200,,316512,10,0,5 16 26 9,1,158,,316513,10,0,88 9,1,107,,316514,10,0,88 9,1,200,,316515,10,0,5 16 26 9,1,185,,316516,10,0,5 16 26 9,1
6801,'20261023',421,,316517,10,0,5 16 26 9,1,593,,316518,10,0,88 9,1,100,,316519,10,0,88 9,1,342,,316520,10,0,5 16 26 9,1,200,,316521,10,0,5 16 26 9,1,158,,316522,10,0,88 9,1,107,,316523,10,0,88 9,1,200,,316524,10,0,5 16 26 9,1,185,,316525,10,0,5 16 26 9,1
6801,'20261024',548,,316526,10,0,53 20 39,1,164,,316527,10,0,57 20 39,1,6,,316528,10,0,53 20 39,1,94,,316529,10,0,57 20 39,1,6,,316530,10,0,53 20 39,1,110,,316531,10,0,88 9,1,179,,316532,10,0,57 20 39,1,11,,316533,10,0,53 20 39,1,110,,316534,10,0,88 9,1,595,,316535,10,0,88 9,1,184,,316536,10,0,57 20 39,1,31,,316537,10,0,53 20 39,1,290,,316538,10,0,5 16 26 9,1
6801,'20261025',548,,316539,10,0,53 20 39,1,164,,316540,10,0,57 20 39,1,6,,316541,10,0,53 20 39,1,94,,316542,10,0,57 20 39,1,6,,316543,10,0,53 20 39,1,110,,316544,10,0,88 9,1,179,,316545,10,0,57 20 39,1,11,,316546,10,0,53 20 39,1,110,,316547,10,0,88 9,1,595,,316548,10,0,88 9,1,184,,316549,10,0,57 20 39,1,31,,316550,10,0,53 20 39,1,290,,316551,10,0,5 16 26 9,1
6801,'20261026',421,,316552,10,0,5 16 26 9,1,593,,316553,10,0,88 9,1,100,,316554,10,0,88 9,1,342,,316555,10,0,5 16 26 9,1,200,,316556,10,0,5 16 26 9,1,158,,316557,10,0,88 9,1,107,,316558,10,0,88 9,1,200,,316559,10,0,5 16 26 9,1,185,,316560,10,0,5 16 26 9,1
6801,'20261027',421,,316561,10,0,5 16 26 9,1,593,,316562,10,0,88 9,1,100,,316563,10,0,88 9,1,342,,316564,10,0,5 16 26 9,1,200,,316565,10,0,5 16 26 9,1,158,,316566,10,0,88 9,1,107,,316567,10,0,88 9,1,200,,316568,10,0,5 16 26 9,1,185,,316569,10,0,5 16 26 9,1
6801,'20261028',421,,316570,10,0,5 16 26 9,1,593,,316571,10,0,88 9,1,100,,316572,10,0,88 9,1,342,,316573,10,0,5 16 26 9,1,200,,316574,10,0,5 16 26 9,1,158,,316575,10,0,88 9,1,107,,316576,10,0,88 9,1,200,,316577,10,0,5 16 26 9,1,185,,316578,10,0,5 16 26 9,1
6801,'20261029',421,,316579,10,0,5 16 26 9,1,593,,316580,10,0,88 9,1,100,,316581,10,0,88 9,1,342,,316582,10,0,5 16 26 9,1,200,,316583,10,0,5 16 26 9,1,158,,316584,10,0,88 9,1,107,,316585,10,0,88 9,1,200,,316586,10,0,5 16 26 9,1,185,,316587,10,0,5 16 26 9,1
6801,'20261030',421,,316588,10,0,5 16 26 9,1,593,,316589,10,0,88 9,1,100,,316590,10,0,88 9,1,342,,316591,10,0,5 16 26 9,1,200,,316592,10,0,5 16 26 9,1,158,,316593,10,0,88 9,1,107,,316594,10,0,88 9,1,200,,316595,10,0,5 16 26 9,1,185,,316596,10,0,5 16 26 9,1
6801,'20261031',548,,316597,10,0,53 20 39,1,164,,316598,10,0,57 20 39,1,6,,316599,10,0,53 20 39,1,94,,316600,10,0,57 20 39,1,6,,316601,10,0,53 20 39,1,110,,316602,10,0,88 9,1,179,,316603,10,0,57 20 39,1,11,,316604,10,0,53 20 39,1,110,,316605,10,0,88 9,1,595,,316606,10,0,88 9,1,184,,316607,10,0,57 20 39,1,31,,316608,10,0,53 20 39,1,290,,316609,10,0,5 16 26 9,1
6801,'20261101',548,,316610,10,0,53 20 39,1,164,,316611,10,0,57 20 39,1,6,,316612,10,0,53 20 39,1,94,,316613,10,0,57 20 39,1,6,,316614,10,0,53 20 39,1,110,,316615,10,0,88 9,1,179,,316616,10,0,57 20 39,1,11,,316617,10,0,53 20 39,1,110,,316618,10,0,88 9,1,595,,316619,10,0,88 9,1,184,,316620,10,0,57 20 39,1,31,,316621,10,0,53 20 39,1,290,,316622,10,0,5 16 26 9,1
6801,'20261102',421,,316623,10,0,5 16 26 9,1,593,,316624,10,0,88 9,1,100,,316625,10,0,88 9,1,342,,316626,10,0,5 16 26 9,1,200,,316627,10,0,5 16 26 9,1,158,,316628,10,0,88 9,1,107,,316629,10,0,88 9,1,200,,316630,10,0,5 16 26 9,1,185,,316631,10,0,5 16 26 9,1
6801,'20261103',421,,316632,10,0,5 16 26 9,1,593,,316633,10,0,88 9,1,100,,316634,10,0,88 9,1,342,,316635,10,0,5 16 26 9,1,200,,316636,10,0,5 16 26 9,1,158,,316637,10,0,88 9,1,107,,316638,10,0,88 9,1,200,,316639,10,0,5 16 26 9,1,185,,316640,10,0,5 16 26 9,1
6801,'20261104',421,,316641,10,0,5 16 26 9,1,593,,316642,10,0,88 9,1,100,,316643,10,0,88 9,1,342,,316644,10,0,5 16 26 9,1,200,,316645,10,0,5 16 26 9,1,158,,316646,10,0,88 9,1,107,,316647,10,0,88 9,1,200,,316648,10,0,5 16 26 9,1,185,,316649,10,0,5 16 26 9,1
6801,'20261105',421,,316650,10,0,5 16 26 9,1,593,,316651,10,0,88 9,1,100,,316652,10,0,88 9,1,342,,316653,10,0,5 16 26 9,1,200,,316654,10,0,5 16 26 9,1,158,,316655,10,0,88 9,1,107,,316656,10,0,88 9,1,200,,316657,10,0,5 16 26 9,1,185,,316658,10,0,5 16 26 9,1
6801,'20261106',421,,316659,10,0,5 16 26 9,1,593,,316660,10,0,88 9,1,100,,316661,10,0,88 9,1,342,,316662,10,0,5 16 26 9,1,200,,316663,10,0,5 16 26 9,1,158,,316664,10,0,88 9,1,107,,316665,10,0,88 9,1,200,,316666,10,0,5 16 26 9,1,185,,316667,10,0,5 16 26 9,1
6801,'20261107',548,,316668,10,0,53 20 39,1,164,,316669,10,0,57 20 39,1,6,,316670,10,0,53 20 39,1,94,,316671,10,0,57 20 39,1,6,,316672,10,0,53 20 39,1,110,,316673,10,0,88 9,1,179,,316674,10,0,57 20 39,1,11,,316675,10,0,53 20 39,1,110,,316676,10,0,88 9,1,595,,316677,10,0,88 9,1,184,,316678,10,0,57 20 39,1,31,,316679,10,0,53 20 39,1,290,,316680,10,0,5 16 26 9,1
6801,'20261108',548,,316681,10,0,53 20 39,1,164,,316682,10,0,57 20 39,1,6,,316683,10,0,53 20 39,1,94,,316684,10,0,57 20 39,1,6,,316685,10,0,53 20 39,1,110,,316686,10,0,88 9,1,179,,316687,10,0,57 20 39,1,11,,316688,10,0,53 20 39,1,110,,316689,10,0,88 9,1,595,,316690,10,0,88 9,1,184,,316691,10,0,57 20 39,1,31,,316692,10,0,53 20 39,1,290,,316693,10,0,5 16 26 9,1
6801,'20261109',421,,316694,10,0,5 16 26 9,1,593,,316695,10,0,88 9,1,100,,316696,10,0,88 9,1,342,,316697,10,0,5 16 26 9,1,200,,316698,10,0,5 16 26 9,1,158,,316699,10,0,88 9,1,107,,316700,10,0,88 9,1,200,,316701,10,0,5 16 26 9,1,185,,316702,10,0,5 16 26 9,1
6801,'20261110',421,,316703,10,0,5 16 26 9,1,593,,316704,10,0,88 9,1,100,,316705,10,0,88 9,1,342,,316706,10,0,5 16 26 9,1,200,,316707,10,0,5 16 26 9,1,158,,316708,10,0,88 9,1,107,,316709,10,0,88 9,1,200,,316710,10,0,5 16 26 9,1,185,,316711,10,0,5 16 26 9,1
6801,'20261111',421,,316712,10,0,5 16 26 9,1,593,,316713,10,0,88 9,1,100,,316714,10,0,88 9,1,342,,316715,10,0,5 16 26 9,1,200,,316716,10,0,5 16 26 9,1,158,,316717,10,0,88 9,1,107,,316718,10,0,88 9,1,200,,316719,10,0,5 16 26 9,1,185,,316720,10,0,5 16 26 9,1
6801,'20261112',421,,316721,10,0,5 16 26 9,1,593,,316722,10,0,88 9,1,100,,316723,10,0,88 9,1,342,,316724,10,0,5 16 26 9,1,200,,316725,10,0,5 16 26 9,1,158,,316726,10,0,88 9,1,107,,316727,10,0,88 9,1,200,,316728,10,0,5 16 26 9,1,185,,316729,10,0,5 16 26 9,1
6801,'20261113',421,,316730,10,0,5 16 26 9,1,593,,316731,10,0,88 9,1,100,,316732,10,0,88 9,1,342,,316733,10,0,5 16 26 9,1,200,,316734,10,0,5 16 26 9,1,158,,316735,10,0,88 9,1,107,,316736,10,0,88 9,1,200,,316737,10,0,5 16 26 9,1,185,,316738,10,0,5 16 26 9,1
6801,'20261114',548,,316739,10,0,53 20 39,1,164,,316740,10,0,57 20 39,1,6,,316741,10,0,53 20 39,1,94,,316742,10,0,57 20 39,1,6,,316743,10,0,53 20 39,1,110,,316744,10,0,88 9,1,179,,316745,10,0,57 20 39,1,11,,316746,10,0,53 20 39,1,110,,316747,10,0,88 9,1,595,,316748,10,0,88 9,1,184,,316749,10,0,57 20 39,1,31,,316750,10,0,53 20 39,1,290,,316751,10,0,5 16 26 9,1
6801,'20261115',548,,316752,10,0,53 20 39,1,164,,316753,10,0,57 20 39,1,6,,316754,10,0,53 20 39,1,94,,316755,10,0,57 20 39,1,6,,316756,10,0,53 20 39,1,110,,316757,10,0,88 9,1,179,,316758,10,0,57 20 39,1,11,,316759,10,0,53 20 39,1,110,,316760,10,0,88 9,1,595,,316761,10,0,88 9,1,184,,316762,10,0,57 20 39,1,31,,316763,10,0,53 20 39,1,290,,316764,10,0,5 16 26 9,1
6801,'20261116',421,,316765,10,0,5 16 26 9,1,593,,316766,10,0,88 9,1,100,,316767,10,0,88 9,1,342,,316768,10,0,5 16 26 9,1,200,,316769,10,0,5 16 26 9,1,158,,316770,10,0,88 9,1,107,,316771,10,0,88 9,1,200,,316772,10,0,5 16 26 9,1,185,,316773,10,0,5 16 26 9,1
6801,'20261117',421,,316774,10,0,5 16 26 9,1,593,,316775,10,0,88 9,1,100,,316776,10,0,88 9,1,342,,316777,10,0,5 16 26 9,1,200,,316778,10,0,5 16 26 9,1,158,,316779,10,0,88 9,1,107,,316780,10,0,88 9,1,200,,316781,10,0,5 16 26 9,1,185,,316782,10,0,5 16 26 9,1
6801,'20261118',421,,316783,10,0,5 16 26 9,1,593,,316784,10,0,88 9,1,100,,316785,10,0,88 9,1,342,,316786,10,0,5 16 26 9,1,200,,316787,10,0,5 16 26 9,1,158,,316788,10,0,88 9,1,107,,316789,10,0,88 9,1,200,,316790,10,0,5 16 26 9,1,185,,316791,10,0,5 16 26 9,1
6801,'20261119',421,,316792,10,0,5 16 26 9,1,593,,316793,10,0,88 9,1,100,,316794,10,0,88 9,1,342,,316795,10,0,5 16 26 9,1,200,,316796,10,0,5 16 26 9,1,158,,316797,10,0,88 9,1,107,,316798,10,0,88 9,1,200,,316799,10,0,5 16 26 9,1,185,,316800,10,0,5 16 26 9,1
6801,'20261120',421,,316801,10,0,5 16 26 9,1,593,,316802,10,0,88 9,1,100,,316803,10,0,88 9,1,342,,316804,10,0,5 16 26 9,1,200,,316805,10,0,5 16 26 9,1,158,,316806,10,0,88 9,1,107,,316807,10,0,88 9,1,200,,316808,10,0,5 16 26 9,1,185,,316809,10,0,5 16 26 9,1
6801,'20261121',548,,316810,10,0,53 20 39,1,164,,316811,10,0,57 20 39,1,6,,316812,10,0,53 20 39,1,94,,316813,10,0,57 20 39,1,6,,316814,10,0,53 20 39,1,110,,316815,10,0,88 9,1,179,,316816,10,0,57 20 39,1,11,,316817,10,0,53 20 39,1,110,,316818,10,0,88 9,1,595,,316819,10,0,88 9,1,184,,316820,10,0,57 20 39,1,31,,316821,10,0,53 20 39,1,290,,316822,10,0,5 16 26 9,1
6801,'20261122',548,,316823,10,0,53 20 39,1,164,,316824,10,0,57 20 39,1,6,,316825,10,0,53 20 39,1,94,,316826,10,0,57 20 39,1,6,,316827,10,0,53 20 39,1,110,,316828,10,0,88 9,1,179,,316829,10,0,57 20 39,1,11,,316830,10,0,53 20 39,1,110,,316831,10,0,88 9,1,595,,316832,10,0,88 9,1,184,,316833,10,0,57 20 39,1,31,,316834,10,0,53 20 39,1,290,,316835,10,0,5 16 26 9,1
6801,'20261123',421,,316836,10,0,5 16 26 9,1,593,,316837,10,0,88 9,1,100,,316838,10,0,88 9,1,342,,316839,10,0,5 16 26 9,1,200,,316840,10,0,5 16 26 9,1,158,,316841,10,0,88 9,1,107,,316842,10,0,88 9,1,200,,316843,10,0,5 16 26 9,1,185,,316844,10,0,5 16 26 9,1
6801,'20261124',421,,316845,10,0,5 16 26 9,1,593,,316846,10,0,88 9,1,100,,316847,10,0,88 9,1,342,,316848,10,0,5 16 26 9,1,200,,316849,10,0,5 16 26 9,1,158,,316850,10,0,88 9,1,107,,316851,10,0,88 9,1,200,,316852,10,0,5 16 26 9,1,185,,316853,10,0,5 16 26 9,1
6801,'20261125',421,,316854,10,0,5 16 26 9,1,593,,316855,10,0,88 9,1,100,,316856,10,0,88 9,1,342,,316857,10,0,5 16 26 9,1,200,,316858,10,0,5 16 26 9,1,158,,316859,10,0,88 9,1,107,,316860,10,0,88 9,1,200,,316861,10,0,5 16 26 9,1,185,,316862,10,0,5 16 26 9,1
6801,'20261126',421,,316863,10,0,5 16 26 9,1,593,,316864,10,0,88 9,1,100,,316865,10,0,88 9,1,342,,316866,10,0,5 16 26 9,1,200,,316867,10,0,5 16 26 9,1,158,,316868,10,0,88 9,1,107,,316869,10,0,88 9,1,200,,316870,10,0,5 16 26 9,1,185,,316871,10,0,5 16 26 9,1
6801,'20261127',421,,316872,10,0,5 16 26 9,1,593,,316873,10,0,88 9,1,100,,316874,10,0,88 9,1,342,,316875,10,0,5 16 26 9,1,200,,316876,10,0,5 16 26 9,1,158,,316877,10,0,88 9,1,107,,316878,10,0,88 9,1,200,,316879,10,0,5 16 26 9,1,185,,316880,10,0,5 16 26 9,1
