1201,'20260831',807,,126196,9,,,1,103,,126197,9,,,1,107,,126198,9,,,1,31,,126200,3,0,5 75 76,1,70,,126199,9,,,1,30,,126202,3,0,5 75 76,1,70,,126201,9,,,1,35,,126204,3,0,5 75 76,1,65,,126203,9,,,1,35,,126206,3,0,5 75 76,1,68,,126205,9,,,1,32,,126208,3,0,5 75 76,1,68,,126207,9,,,1,79,,126210,3,0,5 75 76,1,21,,126209,9,,,1,79,,126212,3,0,5 75 76,1,29,,126211,9,,,1,74,,126214,3,0,5 75 76,1,26,,126213,9,,,1,72,,126215,5,0,34 75 76,1,25,,126216,9,,,1,32,,126218,3,0,5 75 76,1,63,,126217,9,,,1,93,,126219,9,,,1,100,,126220,9,,,1,100,,126221,9,,,1,100,,126222,9,,,1,102,,126223,9,,,1
1201,'20260901',807,,126224,9,,,1,103,,126225,9,,,1,107,,126226,9,,,1,31,,126228,3,0,5 75 76,1,70,,126227,9,,,1,30,,126230,3,0,5 75 76,1,70,,126229,9,,,1,35,,126232,3,0,5 75 76,1,65,,126231,9,,,1,35,,126234,3,0,5 75 76,1,68,,126233,9,,,1,32,,126236,3,0,5 75 76,1,68,,126235,9,,,1,79,,126238,3,0,5 75 76,1,21,,126237,9,,,1,79,,126240,3,0,5 75 76,1,29,,126239,9,,,1,74,,126242,3,0,5 75 76,1,26,,126241,9,,,1,72,,126243,5,0,34 75 76,1,25,,126244,9,,,1,32,,126246,3,0,5 75 76,1,63,,126245,9,,,1,93,,126247,9,,,1,100,,126248,9,,,1,100,,126249,9,,,1,100,,126250,9,,,1,102,,126251,9,,,1
1201,'20260902',807,,126252,9,,,1,103,,126253,9,,,1,107,,126254,9,,,1,31,,126256,3,0,5 75 76,1,70,,126255,9,,,1,30,,126258,3,0,5 75 76,1,70,,126257,9,,,1,35,,126260,3,0,5 75 76,1,65,,126259,9,,,1,35,,126262,3,0,5 75 76,1,68,,126261,9,,,1,32,,126264,3,0,5 75 76,1,68,,126263,9,,,1,79,,126266,3,0,5 75 76,1,21,,126265,9,,,1,79,,126268,3,0,5 75 76,1,29,,126267,9,,,1,74,,126270,3,0,5 75 76,1,26,,126269,9,,,1,72,,126271,5,0,34 75 76,1,25,,126272,9,,,1,32,,126274,3,0,5 75 76,1,63,,126273,9,,,1,93,,126275,9,,,1,100,,126276,9,,,1,100,,126277,9,,,1,100,,126278,9,,,1,102,,126279,9,,,1
1201,'20260903',807,,126280,9,,,1,103,,126281,9,,,1,107,,126282,9,,,1,31,,126284,3,0,5 75 76,1,70,,126283,9,,,1,30,,126286,3,0,5 75 76,1,70,,126285,9,,,1,35,,126288,3,0,5 75 76,1,65,,126287,9,,,1,35,,126290,3,0,5 75 76,1,68,,126289,9,,,1,32,,126292,3,0,5 75 76,1,68,,126291,9,,,1,79,,126294,3,0,5 75 76,1,21,,126293,9,,,1,79,,126296,3,0,5 75 76,1,29,,126295,9,,,1,74,,126298,3,0,5 75 76,1,26,,126297,9,,,1,72,,126299,5,0,34 75 76,1,25,,126300,9,,,1,32,,126302,3,0,5 75 76,1,63,,126301,9,,,1,93,,126303,9,,,1,100,,126304,9,,,1,100,,126305,9,,,1,100,,126306,9,,,1,102,,126307,9,,,1
1201,'20260904',807,,126308,9,,,1,103,,126309,9,,,1,107,,126310,9,,,1,31,,126312,3,0,5 75 76,1,70,,126311,9,,,1,30,,126314,3,0,5 75 76,1,70,,126313,9,,,1,35,,126316,3,0,5 75 76,1,65,,126315,9,,,1,35,,126318,3,0,5 75 76,1,68,,126317,9,,,1,32,,126320,3,0,5 75 76,1,68,,126319,9,,,1,79,,126322,3,0,5 75 76,1,21,,126321,9,,,1,79,,126324,3,0,5 75 76,1,29,,126323,9,,,1,74,,126326,3,0,5 75 76,1,26,,126325,9,,,1,72,,126327,5,0,34 75 76,1,25,,126328,9,,,1,32,,126330,3,0,5 75 76,1,63,,126329,9,,,1,93,,126331,9,,,1,100,,126332,9,,,1,100,,126333,9,,,1,100,,126334,9,,,1,102,,126335,9,,,1
1201,'20260905',925,,224149,9,,,1,80,,224151,3,0,5 75 76,1,30,,224150,9,,,1,13,,224153,3,0,5 75 76,1,75,,224152,9,,,1,30,,224155,3,0,5 75 76,1,50,,224156,5,0,34 75 76,1,30,,224154,9,,,1,70,,224158,3,0,5 75 76,1,10,,224159,5,0,34 75 76,1,25,,224157,9,,,1,70,,224161,3,0,5 75 76,1,5,,224162,5,0,34 75 76,1,25,,224160,9,,,1,70,,224164,3,0,5 75 76,1,25,,224163,9,,,1,75,,224166,3,0,5 75 76,1,20,,224165,9,,,1,75,,224168,3,0,5 75 76,1,20,,224167,9,,,1,30,,224170,3,0,5 75 76,1,70,,224169,9,,,1,30,,224172,3,0,5 75 76,1,70,,224171,9,,,1,26,,224174,3,0,5 75 76,1,70,,224173,9,,,1,30,,224176,3,0,5 75 76,1,70,,224175,9,,,1,100,,224177,9,,,1,95,,224178,9,,,1,100,,224179,9,,,1,102,,224180,9,,,1
1201,'20260906',925,,224181,9,,,1,80,,224183,3,0,5 75 76,1,30,,224182,9,,,1,13,,224185,3,0,5 75 76,1,75,,224184,9,,,1,30,,224187,3,0,5 75 76,1,50,,224188,5,0,34 75 76,1,30,,224186,9,,,1,70,,224190,3,0,5 75 76,1,10,,224191,5,0,34 75 76,1,25,,224189,9,,,1,70,,224193,3,0,5 75 76,1,5,,224194,5,0,34 75 76,1,25,,224192,9,,,1,70,,224196,3,0,5 75 76,1,25,,224195,9,,,1,75,,224198,3,0,5 75 76,1,20,,224197,9,,,1,75,,224200,3,0,5 75 76,1,20,,224199,9,,,1,30,,224202,3,0,5 75 76,1,70,,224201,9,,,1,30,,224204,3,0,5 75 76,1,70,,224203,9,,,1,26,,224206,3,0,5 75 76,1,70,,224205,9,,,1,30,,224208,3,0,5 75 76,1,70,,224207,9,,,1,100,,224209,9,,,1,95,,224210,9,,,1,100,,224211,9,,,1,102,,224212,9,,,1
1201,'20260907',925,,224213,9,,,1,80,,224215,3,0,5 75 76,1,30,,224214,9,,,1,13,,224217,3,0,5 75 76,1,75,,224216,9,,,1,30,,224219,3,0,5 75 76,1,50,,224220,5,0,34 75 76,1,30,,224218,9,,,1,70,,224222,3,0,5 75 76,1,10,,224223,5,0,34 75 76,1,25,,224221,9,,,1,70,,224225,3,0,5 75 76,1,5,,224226,5,0,34 75 76,1,25,,224224,9,,,1,70,,224228,3,0,5 75 76,1,25,,224227,9,,,1,75,,224230,3,0,5 75 76,1,20,,224229,9,,,1,75,,224232,3,0,5 75 76,1,20,,224231,9,,,1,30,,224234,3,0,5 75 76,1,70,,224233,9,,,1,30,,224236,3,0,5 75 76,1,70,,224235,9,,,1,26,,224238,3,0,5 75 76,1,70,,224237,9,,,1,30,,224240,3,0,5 75 76,1,70,,224239,9,,,1,100,,224241,9,,,1,95,,224242,9,,,1,100,,224243,9,,,1,102,,224244,9,,,1
1201,'20260908',807,,224245,9,,,1,103,,224246,9,,,1,107,,224247,9,,,1,31,,224249,3,0,5 75 76,1,70,,224248,9,,,1,30,,224251,3,0,5 75 76,1,70,,224250,9,,,1,35,,224253,3,0,5 75 76,1,65,,224252,9,,,1,35,,224255,3,0,5 75 76,1,68,,224254,9,,,1,32,,224257,3,0,5 75 76,1,68,,224256,9,,,1,79,,224259,3,0,5 75 76,1,21,,224258,9,,,1,79,,224261,3,0,5 75 76,1,29,,224260,9,,,1,74,,224263,3,0,5 75 76,1,26,,224262,9,,,1,72,,224264,5,0,34 75 76,1,25,,224265,9,,,1,32,,224267,3,0,5 75 76,1,63,,224266,9,,,1,93,,224268,9,,,1,100,,224269,9,,,1,100,,224270,9,,,1,100,,224271,9,,,1,102,,224272,9,,,1
1201,'20260909',807,,224273,9,,,1,103,,224274,9,,,1,107,,224275,9,,,1,31,,224277,3,0,5 75 76,1,70,,224276,9,,,1,30,,224279,3,0,5 75 76,1,70,,224278,9,,,1,35,,224281,3,0,5 75 76,1,65,,224280,9,,,1,35,,224283,3,0,5 75 76,1,68,,224282,9,,,1,32,,224285,3,0,5 75 76,1,68,,224284,9,,,1,79,,224287,3,0,5 75 76,1,21,,224286,9,,,1,79,,224289,3,0,5 75 76,1,29,,224288,9,,,1,74,,224291,3,0,5 75 76,1,26,,224290,9,,,1,72,,224292,5,0,34 75 76,1,25,,224293,9,,,1,32,,224295,3,0,5 75 76,1,63,,224294,9,,,1,93,,224296,9,,,1,100,,224297,9,,,1,100,,224298,9,,,1,100,,224299,9,,,1,102,,224300,9,,,1
1201,'20260910',807,,224301,9,,,1,103,,224302,9,,,1,107,,224303,9,,,1,31,,224305,3,0,5 75 76,1,70,,224304,9,,,1,30,,224307,3,0,5 75 76,1,70,,224306,9,,,1,35,,224309,3,0,5 75 76,1,65,,224308,9,,,1,35,,224311,3,0,5 75 76,1,68,,224310,9,,,1,32,,224313,3,0,5 75 76,1,68,,224312,9,,,1,79,,224315,3,0,5 75 76,1,21,,224314,9,,,1,79,,224317,3,0,5 75 76,1,29,,224316,9,,,1,74,,224319,3,0,5 75 76,1,26,,224318,9,,,1,72,,224320,5,0,34 75 76,1,25,,224321,9,,,1,32,,224323,3,0,5 75 76,1,63,,224322,9,,,1,93,,224324,9,,,1,100,,224325,9,,,1,100,,224326,9,,,1,100,,224327,9,,,1,102,,224328,9,,,1
1201,'20260911',807,,224329,9,,,1,103,,224330,9,,,1,107,,224331,9,,,1,31,,224333,3,0,5 75 76,1,70,,224332,9,,,1,30,,224335,3,0,5 75 76,1,70,,224334,9,,,1,35,,224337,3,0,5 75 76,1,65,,224336,9,,,1,35,,224339,3,0,5 75 76,1,68,,224338,9,,,1,32,,224341,3,0,5 75 76,1,68,,224340,9,,,1,79,,224343,3,0,5 75 76,1,21,,224342,9,,,1,79,,224345,3,0,5 75 76,1,29,,224344,9,,,1,74,,224347,3,0,5 75 76,1,26,,224346,9,,,1,72,,224348,5,0,34 75 76,1,25,,224349,9,,,1,32,,224351,3,0,5 75 76,1,63,,224350,9,,,1,93,,224352,9,,,1,100,,224353,9,,,1,100,,224354,9,,,1,100,,224355,9,,,1,102,,224356,9,,,1
1201,'20260912',925,,224357,9,,,1,80,,224359,3,0,5 75 76,1,30,,224358,9,,,1,13,,224361,3,0,5 75 76,1,75,,224360,9,,,1,30,,224363,3,0,5 75 76,1,50,,224364,5,0,34 75 76,1,30,,224362,9,,,1,70,,224366,3,0,5 75 76,1,10,,224367,5,0,34 75 76,1,25,,224365,9,,,1,70,,224369,3,0,5 75 76,1,5,,224370,5,0,34 75 76,1,25,,224368,9,,,1,70,,224372,3,0,5 75 76,1,25,,224371,9,,,1,75,,224374,3,0,5 75 76,1,20,,224373,9,,,1,75,,224376,3,0,5 75 76,1,20,,224375,9,,,1,30,,224378,3,0,5 75 76,1,70,,224377,9,,,1,30,,224380,3,0,5 75 76,1,70,,224379,9,,,1,26,,224382,3,0,5 75 76,1,70,,224381,9,,,1,30,,224384,3,0,5 75 76,1,70,,224383,9,,,1,100,,224385,9,,,1,95,,224386,9,,,1,100,,224387,9,,,1,102,,224388,9,,,1
1201,'20260913',925,,224389,9,,,1,80,,224391,3,0,5 75 76,1,30,,224390,9,,,1,13,,224393,3,0,5 75 76,1,75,,224392,9,,,1,30,,224395,3,0,5 75 76,1,50,,224396,5,0,34 75 76,1,30,,224394,9,,,1,70,,224398,3,0,5 75 76,1,10,,224399,5,0,34 75 76,1,25,,224397,9,,,1,70,,224401,3,0,5 75 76,1,5,,224402,5,0,34 75 76,1,25,,224400,9,,,1,70,,224404,3,0,5 75 76,1,25,,224403,9,,,1,75,,224406,3,0,5 75 76,1,20,,224405,9,,,1,75,,224408,3,0,5 75 76,1,20,,224407,9,,,1,30,,224410,3,0,5 75 76,1,70,,224409,9,,,1,30,,224412,3,0,5 75 76,1,70,,224411,9,,,1,26,,224414,3,0,5 75 76,1,70,,224413,9,,,1,30,,224416,3,0,5 75 76,1,70,,224415,9,,,1,100,,224417,9,,,1,95,,224418,9,,,1,100,,224419,9,,,1,102,,224420,9,,,1
1201,'20260914',807,,224421,9,,,1,103,,224422,9,,,1,107,,224423,9,,,1,31,,224425,3,0,5 75 76,1,70,,224424,9,,,1,30,,224427,3,0,5 75 76,1,70,,224426,9,,,1,35,,224429,3,0,5 75 76,1,65,,224428,9,,,1,35,,224431,3,0,5 75 76,1,68,,224430,9,,,1,32,,224433,3,0,5 75 76,1,68,,224432,9,,,1,79,,224435,3,0,5 75 76,1,21,,224434,9,,,1,79,,224437,3,0,5 75 76,1,29,,224436,9,,,1,74,,224439,3,0,5 75 76,1,26,,224438,9,,,1,72,,224440,5,0,34 75 76,1,25,,224441,9,,,1,32,,224443,3,0,5 75 76,1,63,,224442,9,,,1,93,,224444,9,,,1,100,,224445,9,,,1,100,,224446,9,,,1,100,,224447,9,,,1,102,,224448,9,,,1
1201,'20260915',807,,224449,9,,,1,103,,224450,9,,,1,107,,224451,9,,,1,31,,224453,3,0,5 75 76,1,70,,224452,9,,,1,30,,224455,3,0,5 75 76,1,70,,224454,9,,,1,35,,224457,3,0,5 75 76,1,65,,224456,9,,,1,35,,224459,3,0,5 75 76,1,68,,224458,9,,,1,32,,224461,3,0,5 75 76,1,68,,224460,9,,,1,79,,224463,3,0,5 75 76,1,21,,224462,9,,,1,79,,224465,3,0,5 75 76,1,29,,224464,9,,,1,74,,224467,3,0,5 75 76,1,26,,224466,9,,,1,72,,224468,5,0,34 75 76,1,25,,224469,9,,,1,32,,224471,3,0,5 75 76,1,63,,224470,9,,,1,93,,224472,9,,,1,100,,224473,9,,,1,100,,224474,9,,,1,100,,224475,9,,,1,102,,224476,9,,,1
1201,'20260916',807,,224477,9,,,1,103,,224478,9,,,1,107,,224479,9,,,1,31,,224481,3,0,5 75 76,1,70,,224480,9,,,1,30,,224483,3,0,5 75 76,1,70,,224482,9,,,1,35,,224485,3,0,5 75 76,1,65,,224484,9,,,1,35,,224487,3,0,5 75 76,1,68,,224486,9,,,1,32,,224489,3,0,5 75 76,1,68,,224488,9,,,1,79,,224491,3,0,5 75 76,1,21,,224490,9,,,1,79,,224493,3,0,5 75 76,1,29,,224492,9,,,1,74,,224495,3,0,5 75 76,1,26,,224494,9,,,1,72,,224496,5,0,34 75 76,1,25,,224497,9,,,1,32,,224499,3,0,5 75 76,1,63,,224498,9,,,1,93,,224500,9,,,1,100,,224501,9,,,1,100,,224502,9,,,1,100,,224503,9,,,1,102,,224504,9,,,1
1201,'20260917',807,,224505,9,,,1,103,,224506,9,,,1,107,,224507,9,,,1,31,,224509,3,0,5 75 76,1,70,,224508,9,,,1,30,,224511,3,0,5 75 76,1,70,,224510,9,,,1,35,,224513,3,0,5 75 76,1,65,,224512,9,,,1,35,,224515,3,0,5 75 76,1,68,,224514,9,,,1,32,,224517,3,0,5 75 76,1,68,,224516,9,,,1,79,,224519,3,0,5 75 76,1,21,,224518,9,,,1,79,,224521,3,0,5 75 76,1,29,,224520,9,,,1,74,,224523,3,0,5 75 76,1,26,,224522,9,,,1,72,,224524,5,0,34 75 76,1,25,,224525,9,,,1,32,,224527,3,0,5 75 76,1,63,,224526,9,,,1,93,,224528,9,,,1,100,,224529,9,,,1,100,,224530,9,,,1,100,,224531,9,,,1,102,,224532,9,,,1
1201,'20260918',807,,224533,9,,,1,103,,224534,9,,,1,107,,224535,9,,,1,31,,224537,3,0,5 75 76,1,70,,224536,9,,,1,30,,224539,3,0,5 75 76,1,70,,224538,9,,,1,35,,224541,3,0,5 75 76,1,65,,224540,9,,,1,35,,224543,3,0,5 75 76,1,68,,224542,9,,,1,32,,224545,3,0,5 75 76,1,68,,224544,9,,,1,79,,224547,3,0,5 75 76,1,21,,224546,9,,,1,79,,224549,3,0,5 75 76,1,29,,224548,9,,,1,74,,224551,3,0,5 75 76,1,26,,224550,9,,,1,72,,224552,5,0,34 75 76,1,25,,224553,9,,,1,32,,224555,3,0,5 75 76,1,63,,224554,9,,,1,93,,224556,9,,,1,100,,224557,9,,,1,100,,224558,9,,,1,100,,224559,9,,,1,102,,224560,9,,,1
1201,'20260919',925,,224561,9,,,1,80,,224563,3,0,5 75 76,1,30,,224562,9,,,1,13,,224565,3,0,5 75 76,1,75,,224564,9,,,1,30,,224567,3,0,5 75 76,1,50,,224568,5,0,34 75 76,1,30,,224566,9,,,1,70,,224570,3,0,5 75 76,1,10,,224571,5,0,34 75 76,1,25,,224569,9,,,1,70,,224573,3,0,5 75 76,1,5,,224574,5,0,34 75 76,1,25,,224572,9,,,1,70,,224576,3,0,5 75 76,1,25,,224575,9,,,1,75,,224578,3,0,5 75 76,1,20,,224577,9,,,1,75,,224580,3,0,5 75 76,1,20,,224579,9,,,1,30,,224582,3,0,5 75 76,1,70,,224581,9,,,1,30,,224584,3,0,5 75 76,1,70,,224583,9,,,1,26,,224586,3,0,5 75 76,1,70,,224585,9,,,1,30,,224588,3,0,5 75 76,1,70,,224587,9,,,1,100,,224589,9,,,1,95,,224590,9,,,1,100,,224591,9,,,1,102,,224592,9,,,1
1201,'20260920',925,,224593,9,,,1,80,,224595,3,0,5 75 76,1,30,,224594,9,,,1,13,,224597,3,0,5 75 76,1,75,,224596,9,,,1,30,,224599,3,0,5 75 76,1,50,,224600,5,0,34 75 76,1,30,,224598,9,,,1,70,,224602,3,0,5 75 76,1,10,,224603,5,0,34 75 76,1,25,,224601,9,,,1,70,,224605,3,0,5 75 76,1,5,,224606,5,0,34 75 76,1,25,,224604,9,,,1,70,,224608,3,0,5 75 76,1,25,,224607,9,,,1,75,,224610,3,0,5 75 76,1,20,,224609,9,,,1,75,,224612,3,0,5 75 76,1,20,,224611,9,,,1,30,,224614,3,0,5 75 76,1,70,,224613,9,,,1,30,,224616,3,0,5 75 76,1,70,,224615,9,,,1,26,,224618,3,0,5 75 76,1,70,,224617,9,,,1,30,,224620,3,0,5 75 76,1,70,,224619,9,,,1,100,,224621,9,,,1,95,,224622,9,,,1,100,,224623,9,,,1,102,,224624,9,,,1
1201,'20260921',807,,224625,9,,,1,103,,224626,9,,,1,107,,224627,9,,,1,31,,224629,3,0,5 75 76,1,70,,224628,9,,,1,30,,224631,3,0,5 75 76,1,70,,224630,9,,,1,35,,224633,3,0,5 75 76,1,65,,224632,9,,,1,35,,224635,3,0,5 75 76,1,68,,224634,9,,,1,32,,224637,3,0,5 75 76,1,68,,224636,9,,,1,79,,224639,3,0,5 75 76,1,21,,224638,9,,,1,79,,224641,3,0,5 75 76,1,29,,224640,9,,,1,74,,224643,3,0,5 75 76,1,26,,224642,9,,,1,72,,224644,5,0,34 75 76,1,25,,224645,9,,,1,32,,224647,3,0,5 75 76,1,63,,224646,9,,,1,93,,224648,9,,,1,100,,224649,9,,,1,100,,224650,9,,,1,100,,224651,9,,,1,102,,224652,9,,,1
1201,'20260922',807,,224653,9,,,1,103,,224654,9,,,1,107,,224655,9,,,1,31,,224657,3,0,5 75 76,1,70,,224656,9,,,1,30,,224659,3,0,5 75 76,1,70,,224658,9,,,1,35,,224661,3,0,5 75 76,1,65,,224660,9,,,1,35,,224663,3,0,5 75 76,1,68,,224662,9,,,1,32,,224665,3,0,5 75 76,1,68,,224664,9,,,1,79,,224667,3,0,5 75 76,1,21,,224666,9,,,1,79,,224669,3,0,5 75 76,1,29,,224668,9,,,1,74,,224671,3,0,5 75 76,1,26,,224670,9,,,1,72,,224672,5,0,34 75 76,1,25,,224673,9,,,1,32,,224675,3,0,5 75 76,1,63,,224674,9,,,1,93,,224676,9,,,1,100,,224677,9,,,1,100,,224678,9,,,1,100,,224679,9,,,1,102,,224680,9,,,1
1201,'20260923',807,,224681,9,,,1,103,,224682,9,,,1,107,,224683,9,,,1,31,,224685,3,0,5 75 76,1,70,,224684,9,,,1,30,,224687,3,0,5 75 76,1,70,,224686,9,,,1,35,,224689,3,0,5 75 76,1,65,,224688,9,,,1,35,,224691,3,0,5 75 76,1,68,,224690,9,,,1,32,,224693,3,0,5 75 76,1,68,,224692,9,,,1,79,,224695,3,0,5 75 76,1,21,,224694,9,,,1,79,,224697,3,0,5 75 76,1,29,,224696,9,,,1,74,,224699,3,0,5 75 76,1,26,,224698,9,,,1,72,,224700,5,0,34 75 76,1,25,,224701,9,,,1,32,,224703,3,0,5 75 76,1,63,,224702,9,,,1,93,,224704,9,,,1,100,,224705,9,,,1,100,,224706,9,,,1,100,,224707,9,,,1,102,,224708,9,,,1
1201,'20260924',807,,224709,9,,,1,103,,224710,9,,,1,107,,224711,9,,,1,31,,224713,3,0,5 75 76,1,70,,224712,9,,,1,30,,224715,3,0,5 75 76,1,70,,224714,9,,,1,35,,224717,3,0,5 75 76,1,65,,224716,9,,,1,35,,224719,3,0,5 75 76,1,68,,224718,9,,,1,32,,224721,3,0,5 75 76,1,68,,224720,9,,,1,79,,224723,3,0,5 75 76,1,21,,224722,9,,,1,79,,224725,3,0,5 75 76,1,29,,224724,9,,,1,74,,224727,3,0,5 75 76,1,26,,224726,9,,,1,72,,224728,5,0,34 75 76,1,25,,224729,9,,,1,32,,224731,3,0,5 75 76,1,63,,224730,9,,,1,93,,224732,9,,,1,100,,224733,9,,,1,100,,224734,9,,,1,100,,224735,9,,,1,102,,224736,9,,,1
1201,'20260925',807,,224737,9,,,1,103,,224738,9,,,1,107,,224739,9,,,1,31,,224741,3,0,5 75 76,1,70,,224740,9,,,1,30,,224743,3,0,5 75 76,1,70,,224742,9,,,1,35,,224745,3,0,5 75 76,1,65,,224744,9,,,1,35,,224747,3,0,5 75 76,1,68,,224746,9,,,1,32,,224749,3,0,5 75 76,1,68,,224748,9,,,1,79,,224751,3,0,5 75 76,1,21,,224750,9,,,1,79,,224753,3,0,5 75 76,1,29,,224752,9,,,1,74,,224755,3,0,5 75 76,1,26,,224754,9,,,1,72,,224756,5,0,34 75 76,1,25,,224757,9,,,1,32,,224759,3,0,5 75 76,1,63,,224758,9,,,1,93,,224760,9,,,1,100,,224761,9,,,1,100,,224762,9,,,1,100,,224763,9,,,1,102,,224764,9,,,1
1201,'20260926',925,,224765,9,,,1,80,,224767,3,0,5 75 76,1,30,,224766,9,,,1,13,,224769,3,0,5 75 76,1,75,,224768,9,,,1,30,,224771,3,0,5 75 76,1,50,,224772,5,0,34 75 76,1,30,,224770,9,,,1,70,,224774,3,0,5 75 76,1,10,,224775,5,0,34 75 76,1,25,,224773,9,,,1,70,,224777,3,0,5 75 76,1,5,,224778,5,0,34 75 76,1,25,,224776,9,,,1,70,,224780,3,0,5 75 76,1,25,,224779,9,,,1,75,,224782,3,0,5 75 76,1,20,,224781,9,,,1,75,,224784,3,0,5 75 76,1,20,,224783,9,,,1,30,,224786,3,0,5 75 76,1,70,,224785,9,,,1,30,,224788,3,0,5 75 76,1,70,,224787,9,,,1,26,,224790,3,0,5 75 76,1,70,,224789,9,,,1,30,,224792,3,0,5 75 76,1,70,,224791,9,,,1,100,,224793,9,,,1,95,,224794,9,,,1,100,,224795,9,,,1,102,,224796,9,,,1
1201,'20260927',925,,224797,9,,,1,80,,224799,3,0,5 75 76,1,30,,224798,9,,,1,13,,224801,3,0,5 75 76,1,75,,224800,9,,,1,30,,224803,3,0,5 75 76,1,50,,224804,5,0,34 75 76,1,30,,224802,9,,,1,70,,224806,3,0,5 75 76,1,10,,224807,5,0,34 75 76,1,25,,224805,9,,,1,70,,224809,3,0,5 75 76,1,5,,224810,5,0,34 75 76,1,25,,224808,9,,,1,70,,224812,3,0,5 75 76,1,25,,224811,9,,,1,75,,224814,3,0,5 75 76,1,20,,224813,9,,,1,75,,224816,3,0,5 75 76,1,20,,224815,9,,,1,30,,224818,3,0,5 75 76,1,70,,224817,9,,,1,30,,224820,3,0,5 75 76,1,70,,224819,9,,,1,26,,224822,3,0,5 75 76,1,70,,224821,9,,,1,30,,224824,3,0,5 75 76,1,70,,224823,9,,,1,100,,224825,9,,,1,95,,224826,9,,,1,100,,224827,9,,,1,102,,224828,9,,,1
1201,'20260928',807,,224829,9,,,1,103,,224830,9,,,1,107,,224831,9,,,1,31,,224833,3,0,5 75 76,1,70,,224832,9,,,1,30,,224835,3,0,5 75 76,1,70,,224834,9,,,1,35,,224837,3,0,5 75 76,1,65,,224836,9,,,1,35,,224839,3,0,5 75 76,1,68,,224838,9,,,1,32,,224841,3,0,5 75 76,1,68,,224840,9,,,1,79,,224843,3,0,5 75 76,1,21,,224842,9,,,1,79,,224845,3,0,5 75 76,1,29,,224844,9,,,1,74,,224847,3,0,5 75 76,1,26,,224846,9,,,1,72,,224848,5,0,34 75 76,1,25,,224849,9,,,1,32,,224851,3,0,5 75 76,1,63,,224850,9,,,1,93,,224852,9,,,1,100,,224853,9,,,1,100,,224854,9,,,1,100,,224855,9,,,1,102,,224856,9,,,1
1201,'20260929',807,,224857,9,,,1,103,,224858,9,,,1,107,,224859,9,,,1,31,,224861,3,0,5 75 76,1,70,,224860,9,,,1,30,,224863,3,0,5 75 76,1,70,,224862,9,,,1,35,,224865,3,0,5 75 76,1,65,,224864,9,,,1,35,,224867,3,0,5 75 76,1,68,,224866,9,,,1,32,,224869,3,0,5 75 76,1,68,,224868,9,,,1,79,,224871,3,0,5 75 76,1,21,,224870,9,,,1,79,,224873,3,0,5 75 76,1,29,,224872,9,,,1,74,,224875,3,0,5 75 76,1,26,,224874,9,,,1,72,,224876,5,0,34 75 76,1,25,,224877,9,,,1,32,,224879,3,0,5 75 76,1,63,,224878,9,,,1,93,,224880,9,,,1,100,,224881,9,,,1,100,,224882,9,,,1,100,,224883,9,,,1,102,,224884,9,,,1
1201,'20260930',807,,224885,9,,,1,103,,224886,9,,,1,107,,224887,9,,,1,31,,224889,3,0,5 75 76,1,70,,224888,9,,,1,30,,224891,3,0,5 75 76,1,70,,224890,9,,,1,35,,224893,3,0,5 75 76,1,65,,224892,9,,,1,35,,224895,3,0,5 75 76,1,68,,224894,9,,,1,32,,224897,3,0,5 75 76,1,68,,224896,9,,,1,79,,224899,3,0,5 75 76,1,21,,224898,9,,,1,79,,224901,3,0,5 75 76,1,29,,224900,9,,,1,74,,224903,3,0,5 75 76,1,26,,224902,9,,,1,72,,224904,5,0,34 75 76,1,25,,224905,9,,,1,32,,224907,3,0,5 75 76,1,63,,224906,9,,,1,93,,224908,9,,,1,100,,224909,9,,,1,100,,224910,9,,,1,100,,224911,9,,,1,102,,224912,9,,,1
1201,'20261001',807,,224913,9,,,1,103,,224914,9,,,1,107,,224915,9,,,1,31,,224917,3,0,5 75 76,1,70,,224916,9,,,1,30,,224919,3,0,5 75 76,1,70,,224918,9,,,1,35,,224921,3,0,5 75 76,1,65,,224920,9,,,1,35,,224923,3,0,5 75 76,1,68,,224922,9,,,1,32,,224925,3,0,5 75 76,1,68,,224924,9,,,1,79,,224927,3,0,5 75 76,1,21,,224926,9,,,1,79,,224929,3,0,5 75 76,1,29,,224928,9,,,1,74,,224931,3,0,5 75 76,1,26,,224930,9,,,1,72,,224932,5,0,34 75 76,1,25,,224933,9,,,1,32,,224935,3,0,5 75 76,1,63,,224934,9,,,1,93,,224936,9,,,1,100,,224937,9,,,1,100,,224938,9,,,1,100,,224939,9,,,1,102,,224940,9,,,1
1201,'20261002',807,,224941,9,,,1,103,,224942,9,,,1,107,,224943,9,,,1,31,,224945,3,0,5 75 76,1,70,,224944,9,,,1,30,,224947,3,0,5 75 76,1,70,,224946,9,,,1,35,,224949,3,0,5 75 76,1,65,,224948,9,,,1,35,,224951,3,0,5 75 76,1,68,,224950,9,,,1,32,,224953,3,0,5 75 76,1,68,,224952,9,,,1,79,,224955,3,0,5 75 76,1,21,,224954,9,,,1,79,,224957,3,0,5 75 76,1,29,,224956,9,,,1,74,,224959,3,0,5 75 76,1,26,,224958,9,,,1,72,,224960,5,0,34 75 76,1,25,,224961,9,,,1,32,,224963,3,0,5 75 76,1,63,,224962,9,,,1,93,,224964,9,,,1,100,,224965,9,,,1,100,,224966,9,,,1,100,,224967,9,,,1,102,,224968,9,,,1
1201,'20261003',925,,224969,9,,,1,80,,224971,3,0,5 75 76,1,30,,224970,9,,,1,13,,224973,3,0,5 75 76,1,75,,224972,9,,,1,30,,224975,3,0,5 75 76,1,50,,224976,5,0,34 75 76,1,30,,224974,9,,,1,70,,224978,3,0,5 75 76,1,10,,224979,5,0,34 75 76,1,25,,224977,9,,,1,70,,224981,3,0,5 75 76,1,5,,224982,5,0,34 75 76,1,25,,224980,9,,,1,70,,224984,3,0,5 75 76,1,25,,224983,9,,,1,75,,224986,3,0,5 75 76,1,20,,224985,9,,,1,75,,224988,3,0,5 75 76,1,20,,224987,9,,,1,30,,224990,3,0,5 75 76,1,70,,224989,9,,,1,30,,224992,3,0,5 75 76,1,70,,224991,9,,,1,26,,224994,3,0,5 75 76,1,70,,224993,9,,,1,30,,224996,3,0,5 75 76,1,70,,224995,9,,,1,100,,224997,9,,,1,95,,224998,9,,,1,100,,224999,9,,,1,102,,225000,9,,,1
1201,'20261004',925,,225001,9,,,1,80,,225003,3,0,5 75 76,1,30,,225002,9,,,1,13,,225005,3,0,5 75 76,1,75,,225004,9,,,1,30,,225007,3,0,5 75 76,1,50,,225008,5,0,34 75 76,1,30,,225006,9,,,1,70,,225010,3,0,5 75 76,1,10,,225011,5,0,34 75 76,1,25,,225009,9,,,1,70,,225013,3,0,5 75 76,1,5,,225014,5,0,34 75 76,1,25,,225012,9,,,1,70,,225016,3,0,5 75 76,1,25,,225015,9,,,1,75,,225018,3,0,5 75 76,1,20,,225017,9,,,1,75,,225020,3,0,5 75 76,1,20,,225019,9,,,1,30,,225022,3,0,5 75 76,1,70,,225021,9,,,1,30,,225024,3,0,5 75 76,1,70,,225023,9,,,1,26,,225026,3,0,5 75 76,1,70,,225025,9,,,1,30,,225028,3,0,5 75 76,1,70,,225027,9,,,1,100,,225029,9,,,1,95,,225030,9,,,1,100,,225031,9,,,1,102,,225032,9,,,1
1201,'20261005',807,,225033,9,,,1,103,,225034,9,,,1,107,,225035,9,,,1,31,,225037,3,0,5 75 76,1,70,,225036,9,,,1,30,,225039,3,0,5 75 76,1,70,,225038,9,,,1,35,,225041,3,0,5 75 76,1,65,,225040,9,,,1,35,,225043,3,0,5 75 76,1,68,,225042,9,,,1,32,,225045,3,0,5 75 76,1,68,,225044,9,,,1,79,,225047,3,0,5 75 76,1,21,,225046,9,,,1,79,,225049,3,0,5 75 76,1,29,,225048,9,,,1,74,,225051,3,0,5 75 76,1,26,,225050,9,,,1,72,,225052,5,0,34 75 76,1,25,,225053,9,,,1,32,,225055,3,0,5 75 76,1,63,,225054,9,,,1,93,,225056,9,,,1,100,,225057,9,,,1,100,,225058,9,,,1,100,,225059,9,,,1,102,,225060,9,,,1
1201,'20261006',807,,225061,9,,,1,103,,225062,9,,,1,107,,225063,9,,,1,31,,225065,3,0,5 75 76,1,70,,225064,9,,,1,30,,225067,3,0,5 75 76,1,70,,225066,9,,,1,35,,225069,3,0,5 75 76,1,65,,225068,9,,,1,35,,225071,3,0,5 75 76,1,68,,225070,9,,,1,32,,225073,3,0,5 75 76,1,68,,225072,9,,,1,79,,225075,3,0,5 75 76,1,21,,225074,9,,,1,79,,225077,3,0,5 75 76,1,29,,225076,9,,,1,74,,225079,3,0,5 75 76,1,26,,225078,9,,,1,72,,225080,5,0,34 75 76,1,25,,225081,9,,,1,32,,225083,3,0,5 75 76,1,63,,225082,9,,,1,93,,225084,9,,,1,100,,225085,9,,,1,100,,225086,9,,,1,100,,225087,9,,,1,102,,225088,9,,,1
1201,'20261007',807,,225089,9,,,1,103,,225090,9,,,1,107,,225091,9,,,1,31,,225093,3,0,5 75 76,1,70,,225092,9,,,1,30,,225095,3,0,5 75 76,1,70,,225094,9,,,1,35,,225097,3,0,5 75 76,1,65,,225096,9,,,1,35,,225099,3,0,5 75 76,1,68,,225098,9,,,1,32,,225101,3,0,5 75 76,1,68,,225100,9,,,1,79,,225103,3,0,5 75 76,1,21,,225102,9,,,1,79,,225105,3,0,5 75 76,1,29,,225104,9,,,1,74,,225107,3,0,5 75 76,1,26,,225106,9,,,1,72,,225108,5,0,34 75 76,1,25,,225109,9,,,1,32,,225111,3,0,5 75 76,1,63,,225110,9,,,1,93,,225112,9,,,1,100,,225113,9,,,1,100,,225114,9,,,1,100,,225115,9,,,1,102,,225116,9,,,1
1201,'20261008',807,,225117,9,,,1,103,,225118,9,,,1,107,,225119,9,,,1,31,,225121,3,0,5 75 76,1,70,,225120,9,,,1,30,,225123,3,0,5 75 76,1,70,,225122,9,,,1,35,,225125,3,0,5 75 76,1,65,,225124,9,,,1,35,,225127,3,0,5 75 76,1,68,,225126,9,,,1,32,,225129,3,0,5 75 76,1,68,,225128,9,,,1,79,,225131,3,0,5 75 76,1,21,,225130,9,,,1,79,,225133,3,0,5 75 76,1,29,,225132,9,,,1,74,,225135,3,0,5 75 76,1,26,,225134,9,,,1,72,,225136,5,0,34 75 76,1,25,,225137,9,,,1,32,,225139,3,0,5 75 76,1,63,,225138,9,,,1,93,,225140,9,,,1,100,,225141,9,,,1,100,,225142,9,,,1,100,,225143,9,,,1,102,,225144,9,,,1
1201,'20261009',807,,225145,9,,,1,103,,225146,9,,,1,107,,225147,9,,,1,31,,225149,3,0,5 75 76,1,70,,225148,9,,,1,30,,225151,3,0,5 75 76,1,70,,225150,9,,,1,35,,225153,3,0,5 75 76,1,65,,225152,9,,,1,35,,225155,3,0,5 75 76,1,68,,225154,9,,,1,32,,225157,3,0,5 75 76,1,68,,225156,9,,,1,79,,225159,3,0,5 75 76,1,21,,225158,9,,,1,79,,225161,3,0,5 75 76,1,29,,225160,9,,,1,74,,225163,3,0,5 75 76,1,26,,225162,9,,,1,72,,225164,5,0,34 75 76,1,25,,225165,9,,,1,32,,225167,3,0,5 75 76,1,63,,225166,9,,,1,93,,225168,9,,,1,100,,225169,9,,,1,100,,225170,9,,,1,100,,225171,9,,,1,102,,225172,9,,,1
1201,'20261010',925,,225173,9,,,1,80,,225175,3,0,5 75 76,1,30,,225174,9,,,1,13,,225177,3,0,5 75 76,1,75,,225176,9,,,1,30,,225179,3,0,5 75 76,1,50,,225180,5,0,34 75 76,1,30,,225178,9,,,1,70,,225182,3,0,5 75 76,1,10,,225183,5,0,34 75 76,1,25,,225181,9,,,1,70,,225185,3,0,5 75 76,1,5,,225186,5,0,34 75 76,1,25,,225184,9,,,1,70,,225188,3,0,5 75 76,1,25,,225187,9,,,1,75,,225190,3,0,5 75 76,1,20,,225189,9,,,1,75,,225192,3,0,5 75 76,1,20,,225191,9,,,1,30,,225194,3,0,5 75 76,1,70,,225193,9,,,1,30,,225196,3,0,5 75 76,1,70,,225195,9,,,1,26,,225198,3,0,5 75 76,1,70,,225197,9,,,1,30,,225200,3,0,5 75 76,1,70,,225199,9,,,1,100,,225201,9,,,1,95,,225202,9,,,1,100,,225203,9,,,1,102,,225204,9,,,1
1201,'20261011',925,,225205,9,,,1,80,,225207,3,0,5 75 76,1,30,,225206,9,,,1,13,,225209,3,0,5 75 76,1,75,,225208,9,,,1,30,,225211,3,0,5 75 76,1,50,,225212,5,0,34 75 76,1,30,,225210,9,,,1,70,,225214,3,0,5 75 76,1,10,,225215,5,0,34 75 76,1,25,,225213,9,,,1,70,,225217,3,0,5 75 76,1,5,,225218,5,0,34 75 76,1,25,,225216,9,,,1,70,,225220,3,0,5 75 76,1,25,,225219,9,,,1,75,,225222,3,0,5 75 76,1,20,,225221,9,,,1,75,,225224,3,0,5 75 76,1,20,,225223,9,,,1,30,,225226,3,0,5 75 76,1,70,,225225,9,,,1,30,,225228,3,0,5 75 76,1,70,,225227,9,,,1,26,,225230,3,0,5 75 76,1,70,,225229,9,,,1,30,,225232,3,0,5 75 76,1,70,,225231,9,,,1,100,,225233,9,,,1,95,,225234,9,,,1,100,,225235,9,,,1,102,,225236,9,,,1
1201,'20261012',925,,225237,9,,,1,80,,225239,3,0,5 75 76,1,30,,225238,9,,,1,13,,225241,3,0,5 75 76,1,75,,225240,9,,,1,30,,225243,3,0,5 75 76,1,50,,225244,5,0,34 75 76,1,30,,225242,9,,,1,70,,225246,3,0,5 75 76,1,10,,225247,5,0,34 75 76,1,25,,225245,9,,,1,70,,225249,3,0,5 75 76,1,5,,225250,5,0,34 75 76,1,25,,225248,9,,,1,70,,225252,3,0,5 75 76,1,25,,225251,9,,,1,75,,225254,3,0,5 75 76,1,20,,225253,9,,,1,75,,225256,3,0,5 75 76,1,20,,225255,9,,,1,30,,225258,3,0,5 75 76,1,70,,225257,9,,,1,30,,225260,3,0,5 75 76,1,70,,225259,9,,,1,26,,225262,3,0,5 75 76,1,70,,225261,9,,,1,30,,225264,3,0,5 75 76,1,70,,225263,9,,,1,100,,225265,9,,,1,95,,225266,9,,,1,100,,225267,9,,,1,102,,225268,9,,,1
1201,'20261013',807,,225269,9,,,1,103,,225270,9,,,1,107,,225271,9,,,1,31,,225273,3,0,5 75 76,1,70,,225272,9,,,1,30,,225275,3,0,5 75 76,1,70,,225274,9,,,1,35,,225277,3,0,5 75 76,1,65,,225276,9,,,1,35,,225279,3,0,5 75 76,1,68,,225278,9,,,1,32,,225281,3,0,5 75 76,1,68,,225280,9,,,1,79,,225283,3,0,5 75 76,1,21,,225282,9,,,1,79,,225285,3,0,5 75 76,1,29,,225284,9,,,1,74,,225287,3,0,5 75 76,1,26,,225286,9,,,1,72,,225288,5,0,34 75 76,1,25,,225289,9,,,1,32,,225291,3,0,5 75 76,1,63,,225290,9,,,1,93,,225292,9,,,1,100,,225293,9,,,1,100,,225294,9,,,1,100,,225295,9,,,1,102,,225296,9,,,1
1201,'20261014',807,,225297,9,,,1,103,,225298,9,,,1,107,,225299,9,,,1,31,,225301,3,0,5 75 76,1,70,,225300,9,,,1,30,,225303,3,0,5 75 76,1,70,,225302,9,,,1,35,,225305,3,0,5 75 76,1,65,,225304,9,,,1,35,,225307,3,0,5 75 76,1,68,,225306,9,,,1,32,,225309,3,0,5 75 76,1,68,,225308,9,,,1,79,,225311,3,0,5 75 76,1,21,,225310,9,,,1,79,,225313,3,0,5 75 76,1,29,,225312,9,,,1,74,,225315,3,0,5 75 76,1,26,,225314,9,,,1,72,,225316,5,0,34 75 76,1,25,,225317,9,,,1,32,,225319,3,0,5 75 76,1,63,,225318,9,,,1,93,,225320,9,,,1,100,,225321,9,,,1,100,,225322,9,,,1,100,,225323,9,,,1,102,,225324,9,,,1
1201,'20261015',807,,225325,9,,,1,103,,225326,9,,,1,107,,225327,9,,,1,31,,225329,3,0,5 75 76,1,70,,225328,9,,,1,30,,225331,3,0,5 75 76,1,70,,225330,9,,,1,35,,225333,3,0,5 75 76,1,65,,225332,9,,,1,35,,225335,3,0,5 75 76,1,68,,225334,9,,,1,32,,225337,3,0,5 75 76,1,68,,225336,9,,,1,79,,225339,3,0,5 75 76,1,21,,225338,9,,,1,79,,225341,3,0,5 75 76,1,29,,225340,9,,,1,74,,225343,3,0,5 75 76,1,26,,225342,9,,,1,72,,225344,5,0,34 75 76,1,25,,225345,9,,,1,32,,225347,3,0,5 75 76,1,63,,225346,9,,,1,93,,225348,9,,,1,100,,225349,9,,,1,100,,225350,9,,,1,100,,225351,9,,,1,102,,225352,9,,,1
1201,'20261016',807,,225353,9,,,1,103,,225354,9,,,1,107,,225355,9,,,1,31,,225357,3,0,5 75 76,1,70,,225356,9,,,1,30,,225359,3,0,5 75 76,1,70,,225358,9,,,1,35,,225361,3,0,5 75 76,1,65,,225360,9,,,1,35,,225363,3,0,5 75 76,1,68,,225362,9,,,1,32,,225365,3,0,5 75 76,1,68,,225364,9,,,1,79,,225367,3,0,5 75 76,1,21,,225366,9,,,1,79,,225369,3,0,5 75 76,1,29,,225368,9,,,1,74,,225371,3,0,5 75 76,1,26,,225370,9,,,1,72,,225372,5,0,34 75 76,1,25,,225373,9,,,1,32,,225375,3,0,5 75 76,1,63,,225374,9,,,1,93,,225376,9,,,1,100,,225377,9,,,1,100,,225378,9,,,1,100,,225379,9,,,1,102,,225380,9,,,1
1201,'20261017',925,,225381,9,,,1,80,,225383,3,0,5 75 76,1,30,,225382,9,,,1,13,,225385,3,0,5 75 76,1,75,,225384,9,,,1,30,,225387,3,0,5 75 76,1,50,,225388,5,0,34 75 76,1,30,,225386,9,,,1,70,,225390,3,0,5 75 76,1,10,,225391,5,0,34 75 76,1,25,,225389,9,,,1,70,,225393,3,0,5 75 76,1,5,,225394,5,0,34 75 76,1,25,,225392,9,,,1,70,,225396,3,0,5 75 76,1,25,,225395,9,,,1,75,,225398,3,0,5 75 76,1,20,,225397,9,,,1,75,,225400,3,0,5 75 76,1,20,,225399,9,,,1,30,,225402,3,0,5 75 76,1,70,,225401,9,,,1,30,,225404,3,0,5 75 76,1,70,,225403,9,,,1,26,,225406,3,0,5 75 76,1,70,,225405,9,,,1,30,,225408,3,0,5 75 76,1,70,,225407,9,,,1,100,,225409,9,,,1,95,,225410,9,,,1,100,,225411,9,,,1,102,,225412,9,,,1
1201,'20261018',925,,225413,9,,,1,80,,225415,3,0,5 75 76,1,30,,225414,9,,,1,13,,225417,3,0,5 75 76,1,75,,225416,9,,,1,30,,225419,3,0,5 75 76,1,50,,225420,5,0,34 75 76,1,30,,225418,9,,,1,70,,225422,3,0,5 75 76,1,10,,225423,5,0,34 75 76,1,25,,225421,9,,,1,70,,225425,3,0,5 75 76,1,5,,225426,5,0,34 75 76,1,25,,225424,9,,,1,70,,225428,3,0,5 75 76,1,25,,225427,9,,,1,75,,225430,3,0,5 75 76,1,20,,225429,9,,,1,75,,225432,3,0,5 75 76,1,20,,225431,9,,,1,30,,225434,3,0,5 75 76,1,70,,225433,9,,,1,30,,225436,3,0,5 75 76,1,70,,225435,9,,,1,26,,225438,3,0,5 75 76,1,70,,225437,9,,,1,30,,225440,3,0,5 75 76,1,70,,225439,9,,,1,100,,225441,9,,,1,95,,225442,9,,,1,100,,225443,9,,,1,102,,225444,9,,,1
1201,'20261019',807,,225445,9,,,1,103,,225446,9,,,1,107,,225447,9,,,1,31,,225449,3,0,5 75 76,1,70,,225448,9,,,1,30,,225451,3,0,5 75 76,1,70,,225450,9,,,1,35,,225453,3,0,5 75 76,1,65,,225452,9,,,1,35,,225455,3,0,5 75 76,1,68,,225454,9,,,1,32,,225457,3,0,5 75 76,1,68,,225456,9,,,1,79,,225459,3,0,5 75 76,1,21,,225458,9,,,1,79,,225461,3,0,5 75 76,1,29,,225460,9,,,1,74,,225463,3,0,5 75 76,1,26,,225462,9,,,1,72,,225464,5,0,34 75 76,1,25,,225465,9,,,1,32,,225467,3,0,5 75 76,1,63,,225466,9,,,1,93,,225468,9,,,1,100,,225469,9,,,1,100,,225470,9,,,1,100,,225471,9,,,1,102,,225472,9,,,1
1201,'20261020',807,,225473,9,,,1,103,,225474,9,,,1,107,,225475,9,,,1,31,,225477,3,0,5 75 76,1,70,,225476,9,,,1,30,,225479,3,0,5 75 76,1,70,,225478,9,,,1,35,,225481,3,0,5 75 76,1,65,,225480,9,,,1,35,,225483,3,0,5 75 76,1,68,,225482,9,,,1,32,,225485,3,0,5 75 76,1,68,,225484,9,,,1,79,,225487,3,0,5 75 76,1,21,,225486,9,,,1,79,,225489,3,0,5 75 76,1,29,,225488,9,,,1,74,,225491,3,0,5 75 76,1,26,,225490,9,,,1,72,,225492,5,0,34 75 76,1,25,,225493,9,,,1,32,,225495,3,0,5 75 76,1,63,,225494,9,,,1,93,,225496,9,,,1,100,,225497,9,,,1,100,,225498,9,,,1,100,,225499,9,,,1,102,,225500,9,,,1
1201,'20261021',807,,225501,9,,,1,103,,225502,9,,,1,107,,225503,9,,,1,31,,225505,3,0,5 75 76,1,70,,225504,9,,,1,30,,225507,3,0,5 75 76,1,70,,225506,9,,,1,35,,225509,3,0,5 75 76,1,65,,225508,9,,,1,35,,225511,3,0,5 75 76,1,68,,225510,9,,,1,32,,225513,3,0,5 75 76,1,68,,225512,9,,,1,79,,225515,3,0,5 75 76,1,21,,225514,9,,,1,79,,225517,3,0,5 75 76,1,29,,225516,9,,,1,74,,225519,3,0,5 75 76,1,26,,225518,9,,,1,72,,225520,5,0,34 75 76,1,25,,225521,9,,,1,32,,225523,3,0,5 75 76,1,63,,225522,9,,,1,93,,225524,9,,,1,100,,225525,9,,,1,100,,225526,9,,,1,100,,225527,9,,,1,102,,225528,9,,,1
1201,'20261022',807,,225529,9,,,1,103,,225530,9,,,1,107,,225531,9,,,1,31,,225533,3,0,5 75 76,1,70,,225532,9,,,1,30,,225535,3,0,5 75 76,1,70,,225534,9,,,1,35,,225537,3,0,5 75 76,1,65,,225536,9,,,1,35,,225539,3,0,5 75 76,1,68,,225538,9,,,1,32,,225541,3,0,5 75 76,1,68,,225540,9,,,1,79,,225543,3,0,5 75 76,1,21,,225542,9,,,1,79,,225545,3,0,5 75 76,1,29,,225544,9,,,1,74,,225547,3,0,5 75 76,1,26,,225546,9,,,1,72,,225548,5,0,34 75 76,1,25,,225549,9,,,1,32,,225551,3,0,5 75 76,1,63,,225550,9,,,1,93,,225552,9,,,1,100,,225553,9,,,1,100,,225554,9,,,1,100,,225555,9,,,1,102,,225556,9,,,1
1201,'20261023',807,,225557,9,,,1,103,,225558,9,,,1,107,,225559,9,,,1,31,,225561,3,0,5 75 76,1,70,,225560,9,,,1,30,,225563,3,0,5 75 76,1,70,,225562,9,,,1,35,,225565,3,0,5 75 76,1,65,,225564,9,,,1,35,,225567,3,0,5 75 76,1,68,,225566,9,,,1,32,,225569,3,0,5 75 76,1,68,,225568,9,,,1,79,,225571,3,0,5 75 76,1,21,,225570,9,,,1,79,,225573,3,0,5 75 76,1,29,,225572,9,,,1,74,,225575,3,0,5 75 76,1,26,,225574,9,,,1,72,,225576,5,0,34 75 76,1,25,,225577,9,,,1,32,,225579,3,0,5 75 76,1,63,,225578,9,,,1,93,,225580,9,,,1,100,,225581,9,,,1,100,,225582,9,,,1,100,,225583,9,,,1,102,,225584,9,,,1
1201,'20261024',925,,225585,9,,,1,80,,225587,3,0,5 75 76,1,30,,225586,9,,,1,13,,225589,3,0,5 75 76,1,75,,225588,9,,,1,30,,225591,3,0,5 75 76,1,50,,225592,5,0,34 75 76,1,30,,225590,9,,,1,70,,225594,3,0,5 75 76,1,10,,225595,5,0,34 75 76,1,25,,225593,9,,,1,70,,225597,3,0,5 75 76,1,5,,225598,5,0,34 75 76,1,25,,225596,9,,,1,70,,225600,3,0,5 75 76,1,25,,225599,9,,,1,75,,225602,3,0,5 75 76,1,20,,225601,9,,,1,75,,225604,3,0,5 75 76,1,20,,225603,9,,,1,30,,225606,3,0,5 75 76,1,70,,225605,9,,,1,30,,225608,3,0,5 75 76,1,70,,225607,9,,,1,26,,225610,3,0,5 75 76,1,70,,225609,9,,,1,30,,225612,3,0,5 75 76,1,70,,225611,9,,,1,100,,225613,9,,,1,95,,225614,9,,,1,100,,225615,9,,,1,102,,225616,9,,,1
1201,'20261025',925,,225617,9,,,1,80,,225619,3,0,5 75 76,1,30,,225618,9,,,1,13,,225621,3,0,5 75 76,1,75,,225620,9,,,1,30,,225623,3,0,5 75 76,1,50,,225624,5,0,34 75 76,1,30,,225622,9,,,1,70,,225626,3,0,5 75 76,1,10,,225627,5,0,34 75 76,1,25,,225625,9,,,1,70,,225629,3,0,5 75 76,1,5,,225630,5,0,34 75 76,1,25,,225628,9,,,1,70,,225632,3,0,5 75 76,1,25,,225631,9,,,1,75,,225634,3,0,5 75 76,1,20,,225633,9,,,1,75,,225636,3,0,5 75 76,1,20,,225635,9,,,1,30,,225638,3,0,5 75 76,1,70,,225637,9,,,1,30,,225640,3,0,5 75 76,1,70,,225639,9,,,1,26,,225642,3,0,5 75 76,1,70,,225641,9,,,1,30,,225644,3,0,5 75 76,1,70,,225643,9,,,1,100,,225645,9,,,1,95,,225646,9,,,1,100,,225647,9,,,1,102,,225648,9,,,1
1201,'20261026',807,,225649,9,,,1,103,,225650,9,,,1,107,,225651,9,,,1,31,,225653,3,0,5 75 76,1,70,,225652,9,,,1,30,,225655,3,0,5 75 76,1,70,,225654,9,,,1,35,,225657,3,0,5 75 76,1,65,,225656,9,,,1,35,,225659,3,0,5 75 76,1,68,,225658,9,,,1,32,,225661,3,0,5 75 76,1,68,,225660,9,,,1,79,,225663,3,0,5 75 76,1,21,,225662,9,,,1,79,,225665,3,0,5 75 76,1,29,,225664,9,,,1,74,,225667,3,0,5 75 76,1,26,,225666,9,,,1,72,,225668,5,0,34 75 76,1,25,,225669,9,,,1,32,,225671,3,0,5 75 76,1,63,,225670,9,,,1,93,,225672,9,,,1,100,,225673,9,,,1,100,,225674,9,,,1,100,,225675,9,,,1,102,,225676,9,,,1
1201,'20261027',807,,225677,9,,,1,103,,225678,9,,,1,107,,225679,9,,,1,31,,225681,3,0,5 75 76,1,70,,225680,9,,,1,30,,225683,3,0,5 75 76,1,70,,225682,9,,,1,35,,225685,3,0,5 75 76,1,65,,225684,9,,,1,35,,225687,3,0,5 75 76,1,68,,225686,9,,,1,32,,225689,3,0,5 75 76,1,68,,225688,9,,,1,79,,225691,3,0,5 75 76,1,21,,225690,9,,,1,79,,225693,3,0,5 75 76,1,29,,225692,9,,,1,74,,225695,3,0,5 75 76,1,26,,225694,9,,,1,72,,225696,5,0,34 75 76,1,25,,225697,9,,,1,32,,225699,3,0,5 75 76,1,63,,225698,9,,,1,93,,225700,9,,,1,100,,225701,9,,,1,100,,225702,9,,,1,100,,225703,9,,,1,102,,225704,9,,,1
1201,'20261028',807,,225705,9,,,1,103,,225706,9,,,1,107,,225707,9,,,1,31,,225709,3,0,5 75 76,1,70,,225708,9,,,1,30,,225711,3,0,5 75 76,1,70,,225710,9,,,1,35,,225713,3,0,5 75 76,1,65,,225712,9,,,1,35,,225715,3,0,5 75 76,1,68,,225714,9,,,1,32,,225717,3,0,5 75 76,1,68,,225716,9,,,1,79,,225719,3,0,5 75 76,1,21,,225718,9,,,1,79,,225721,3,0,5 75 76,1,29,,225720,9,,,1,74,,225723,3,0,5 75 76,1,26,,225722,9,,,1,72,,225724,5,0,34 75 76,1,25,,225725,9,,,1,32,,225727,3,0,5 75 76,1,63,,225726,9,,,1,93,,225728,9,,,1,100,,225729,9,,,1,100,,225730,9,,,1,100,,225731,9,,,1,102,,225732,9,,,1
1201,'20261029',807,,225733,9,,,1,103,,225734,9,,,1,107,,225735,9,,,1,31,,225737,3,0,5 75 76,1,70,,225736,9,,,1,30,,225739,3,0,5 75 76,1,70,,225738,9,,,1,35,,225741,3,0,5 75 76,1,65,,225740,9,,,1,35,,225743,3,0,5 75 76,1,68,,225742,9,,,1,32,,225745,3,0,5 75 76,1,68,,225744,9,,,1,79,,225747,3,0,5 75 76,1,21,,225746,9,,,1,79,,225749,3,0,5 75 76,1,29,,225748,9,,,1,74,,225751,3,0,5 75 76,1,26,,225750,9,,,1,72,,225752,5,0,34 75 76,1,25,,225753,9,,,1,32,,225755,3,0,5 75 76,1,63,,225754,9,,,1,93,,225756,9,,,1,100,,225757,9,,,1,100,,225758,9,,,1,100,,225759,9,,,1,102,,225760,9,,,1
1201,'20261030',807,,225761,9,,,1,103,,225762,9,,,1,107,,225763,9,,,1,31,,225765,3,0,5 75 76,1,70,,225764,9,,,1,30,,225767,3,0,5 75 76,1,70,,225766,9,,,1,35,,225769,3,0,5 75 76,1,65,,225768,9,,,1,35,,225771,3,0,5 75 76,1,68,,225770,9,,,1,32,,225773,3,0,5 75 76,1,68,,225772,9,,,1,79,,225775,3,0,5 75 76,1,21,,225774,9,,,1,79,,225777,3,0,5 75 76,1,29,,225776,9,,,1,74,,225779,3,0,5 75 76,1,26,,225778,9,,,1,72,,225780,5,0,34 75 76,1,25,,225781,9,,,1,32,,225783,3,0,5 75 76,1,63,,225782,9,,,1,93,,225784,9,,,1,100,,225785,9,,,1,100,,225786,9,,,1,100,,225787,9,,,1,102,,225788,9,,,1
1201,'20261031',925,,225789,9,,,1,80,,225791,3,0,5 75 76,1,30,,225790,9,,,1,13,,225793,3,0,5 75 76,1,75,,225792,9,,,1,30,,225795,3,0,5 75 76,1,50,,225796,5,0,34 75 76,1,30,,225794,9,,,1,70,,225798,3,0,5 75 76,1,10,,225799,5,0,34 75 76,1,25,,225797,9,,,1,70,,225801,3,0,5 75 76,1,5,,225802,5,0,34 75 76,1,25,,225800,9,,,1,70,,225804,3,0,5 75 76,1,25,,225803,9,,,1,75,,225806,3,0,5 75 76,1,20,,225805,9,,,1,75,,225808,3,0,5 75 76,1,20,,225807,9,,,1,30,,225810,3,0,5 75 76,1,70,,225809,9,,,1,30,,225812,3,0,5 75 76,1,70,,225811,9,,,1,26,,225814,3,0,5 75 76,1,70,,225813,9,,,1,30,,225816,3,0,5 75 76,1,70,,225815,9,,,1,100,,225817,9,,,1,95,,225818,9,,,1,100,,225819,9,,,1,102,,225820,9,,,1
1201,'20261101',925,,225821,9,,,1,80,,225823,3,0,5 75 76,1,30,,225822,9,,,1,13,,225825,3,0,5 75 76,1,75,,225824,9,,,1,30,,225827,3,0,5 75 76,1,50,,225828,5,0,34 75 76,1,30,,225826,9,,,1,70,,225830,3,0,5 75 76,1,10,,225831,5,0,34 75 76,1,25,,225829,9,,,1,70,,225833,3,0,5 75 76,1,5,,225834,5,0,34 75 76,1,25,,225832,9,,,1,70,,225836,3,0,5 75 76,1,25,,225835,9,,,1,75,,225838,3,0,5 75 76,1,20,,225837,9,,,1,75,,225840,3,0,5 75 76,1,20,,225839,9,,,1,30,,225842,3,0,5 75 76,1,70,,225841,9,,,1,30,,225844,3,0,5 75 76,1,70,,225843,9,,,1,26,,225846,3,0,5 75 76,1,70,,225845,9,,,1,30,,225848,3,0,5 75 76,1,70,,225847,9,,,1,100,,225849,9,,,1,95,,225850,9,,,1,100,,225851,9,,,1,102,,225852,9,,,1
1201,'20261102',807,,225853,9,,,1,103,,225854,9,,,1,107,,225855,9,,,1,31,,225857,3,0,5 75 76,1,70,,225856,9,,,1,30,,225859,3,0,5 75 76,1,70,,225858,9,,,1,35,,225861,3,0,5 75 76,1,65,,225860,9,,,1,35,,225863,3,0,5 75 76,1,68,,225862,9,,,1,32,,225865,3,0,5 75 76,1,68,,225864,9,,,1,79,,225867,3,0,5 75 76,1,21,,225866,9,,,1,79,,225869,3,0,5 75 76,1,29,,225868,9,,,1,74,,225871,3,0,5 75 76,1,26,,225870,9,,,1,72,,225872,5,0,34 75 76,1,25,,225873,9,,,1,32,,225875,3,0,5 75 76,1,63,,225874,9,,,1,93,,225876,9,,,1,100,,225877,9,,,1,100,,225878,9,,,1,100,,225879,9,,,1,102,,225880,9,,,1
1201,'20261103',807,,225881,9,,,1,103,,225882,9,,,1,107,,225883,9,,,1,31,,225885,3,0,5 75 76,1,70,,225884,9,,,1,30,,225887,3,0,5 75 76,1,70,,225886,9,,,1,35,,225889,3,0,5 75 76,1,65,,225888,9,,,1,35,,225891,3,0,5 75 76,1,68,,225890,9,,,1,32,,225893,3,0,5 75 76,1,68,,225892,9,,,1,79,,225895,3,0,5 75 76,1,21,,225894,9,,,1,79,,225897,3,0,5 75 76,1,29,,225896,9,,,1,74,,225899,3,0,5 75 76,1,26,,225898,9,,,1,72,,225900,5,0,34 75 76,1,25,,225901,9,,,1,32,,225903,3,0,5 75 76,1,63,,225902,9,,,1,93,,225904,9,,,1,100,,225905,9,,,1,100,,225906,9,,,1,100,,225907,9,,,1,102,,225908,9,,,1
1201,'20261104',807,,225909,9,,,1,103,,225910,9,,,1,107,,225911,9,,,1,31,,225913,3,0,5 75 76,1,70,,225912,9,,,1,30,,225915,3,0,5 75 76,1,70,,225914,9,,,1,35,,225917,3,0,5 75 76,1,65,,225916,9,,,1,35,,225919,3,0,5 75 76,1,68,,225918,9,,,1,32,,225921,3,0,5 75 76,1,68,,225920,9,,,1,79,,225923,3,0,5 75 76,1,21,,225922,9,,,1,79,,225925,3,0,5 75 76,1,29,,225924,9,,,1,74,,225927,3,0,5 75 76,1,26,,225926,9,,,1,72,,225928,5,0,34 75 76,1,25,,225929,9,,,1,32,,225931,3,0,5 75 76,1,63,,225930,9,,,1,93,,225932,9,,,1,100,,225933,9,,,1,100,,225934,9,,,1,100,,225935,9,,,1,102,,225936,9,,,1
1201,'20261105',807,,225937,9,,,1,103,,225938,9,,,1,107,,225939,9,,,1,31,,225941,3,0,5 75 76,1,70,,225940,9,,,1,30,,225943,3,0,5 75 76,1,70,,225942,9,,,1,35,,225945,3,0,5 75 76,1,65,,225944,9,,,1,35,,225947,3,0,5 75 76,1,68,,225946,9,,,1,32,,225949,3,0,5 75 76,1,68,,225948,9,,,1,79,,225951,3,0,5 75 76,1,21,,225950,9,,,1,79,,225953,3,0,5 75 76,1,29,,225952,9,,,1,74,,225955,3,0,5 75 76,1,26,,225954,9,,,1,72,,225956,5,0,34 75 76,1,25,,225957,9,,,1,32,,225959,3,0,5 75 76,1,63,,225958,9,,,1,93,,225960,9,,,1,100,,225961,9,,,1,100,,225962,9,,,1,100,,225963,9,,,1,102,,225964,9,,,1
1201,'20261106',807,,225965,9,,,1,103,,225966,9,,,1,107,,225967,9,,,1,31,,225969,3,0,5 75 76,1,70,,225968,9,,,1,30,,225971,3,0,5 75 76,1,70,,225970,9,,,1,35,,225973,3,0,5 75 76,1,65,,225972,9,,,1,35,,225975,3,0,5 75 76,1,68,,225974,9,,,1,32,,225977,3,0,5 75 76,1,68,,225976,9,,,1,79,,225979,3,0,5 75 76,1,21,,225978,9,,,1,79,,225981,3,0,5 75 76,1,29,,225980,9,,,1,74,,225983,3,0,5 75 76,1,26,,225982,9,,,1,72,,225984,5,0,34 75 76,1,25,,225985,9,,,1,32,,225987,3,0,5 75 76,1,63,,225986,9,,,1,93,,225988,9,,,1,100,,225989,9,,,1,100,,225990,9,,,1,100,,225991,9,,,1,102,,225992,9,,,1
1201,'20261107',925,,225993,9,,,1,80,,225995,3,0,5 75 76,1,30,,225994,9,,,1,13,,225997,3,0,5 75 76,1,75,,225996,9,,,1,30,,225999,3,0,5 75 76,1,50,,226000,5,0,34 75 76,1,30,,225998,9,,,1,70,,226002,3,0,5 75 76,1,10,,226003,5,0,34 75 76,1,25,,226001,9,,,1,70,,226005,3,0,5 75 76,1,5,,226006,5,0,34 75 76,1,25,,226004,9,,,1,70,,226008,3,0,5 75 76,1,25,,226007,9,,,1,75,,226010,3,0,5 75 76,1,20,,226009,9,,,1,75,,226012,3,0,5 75 76,1,20,,226011,9,,,1,30,,226014,3,0,5 75 76,1,70,,226013,9,,,1,30,,226016,3,0,5 75 76,1,70,,226015,9,,,1,26,,226018,3,0,5 75 76,1,70,,226017,9,,,1,30,,226020,3,0,5 75 76,1,70,,226019,9,,,1,100,,226021,9,,,1,95,,226022,9,,,1,100,,226023,9,,,1,102,,226024,9,,,1
1201,'20261108',925,,226025,9,,,1,80,,226027,3,0,5 75 76,1,30,,226026,9,,,1,13,,226029,3,0,5 75 76,1,75,,226028,9,,,1,30,,226031,3,0,5 75 76,1,50,,226032,5,0,34 75 76,1,30,,226030,9,,,1,70,,226034,3,0,5 75 76,1,10,,226035,5,0,34 75 76,1,25,,226033,9,,,1,70,,226037,3,0,5 75 76,1,5,,226038,5,0,34 75 76,1,25,,226036,9,,,1,70,,226040,3,0,5 75 76,1,25,,226039,9,,,1,75,,226042,3,0,5 75 76,1,20,,226041,9,,,1,75,,226044,3,0,5 75 76,1,20,,226043,9,,,1,30,,226046,3,0,5 75 76,1,70,,226045,9,,,1,30,,226048,3,0,5 75 76,1,70,,226047,9,,,1,26,,226050,3,0,5 75 76,1,70,,226049,9,,,1,30,,226052,3,0,5 75 76,1,70,,226051,9,,,1,100,,226053,9,,,1,95,,226054,9,,,1,100,,226055,9,,,1,102,,226056,9,,,1
1201,'20261109',807,,226057,9,,,1,103,,226058,9,,,1,107,,226059,9,,,1,31,,226061,3,0,5 75 76,1,70,,226060,9,,,1,30,,226063,3,0,5 75 76,1,70,,226062,9,,,1,35,,226065,3,0,5 75 76,1,65,,226064,9,,,1,35,,226067,3,0,5 75 76,1,68,,226066,9,,,1,32,,226069,3,0,5 75 76,1,68,,226068,9,,,1,79,,226071,3,0,5 75 76,1,21,,226070,9,,,1,79,,226073,3,0,5 75 76,1,29,,226072,9,,,1,74,,226075,3,0,5 75 76,1,26,,226074,9,,,1,72,,226076,5,0,34 75 76,1,25,,226077,9,,,1,32,,226079,3,0,5 75 76,1,63,,226078,9,,,1,93,,226080,9,,,1,100,,226081,9,,,1,100,,226082,9,,,1,100,,226083,9,,,1,102,,226084,9,,,1
1201,'20261110',807,,226085,9,,,1,103,,226086,9,,,1,107,,226087,9,,,1,31,,226089,3,0,5 75 76,1,70,,226088,9,,,1,30,,226091,3,0,5 75 76,1,70,,226090,9,,,1,35,,226093,3,0,5 75 76,1,65,,226092,9,,,1,35,,226095,3,0,5 75 76,1,68,,226094,9,,,1,32,,226097,3,0,5 75 76,1,68,,226096,9,,,1,79,,226099,3,0,5 75 76,1,21,,226098,9,,,1,79,,226101,3,0,5 75 76,1,29,,226100,9,,,1,74,,226103,3,0,5 75 76,1,26,,226102,9,,,1,72,,226104,5,0,34 75 76,1,25,,226105,9,,,1,32,,226107,3,0,5 75 76,1,63,,226106,9,,,1,93,,226108,9,,,1,100,,226109,9,,,1,100,,226110,9,,,1,100,,226111,9,,,1,102,,226112,9,,,1
1201,'20261111',807,,226113,9,,,1,103,,226114,9,,,1,107,,226115,9,,,1,31,,226117,3,0,5 75 76,1,70,,226116,9,,,1,30,,226119,3,0,5 75 76,1,70,,226118,9,,,1,35,,226121,3,0,5 75 76,1,65,,226120,9,,,1,35,,226123,3,0,5 75 76,1,68,,226122,9,,,1,32,,226125,3,0,5 75 76,1,68,,226124,9,,,1,79,,226127,3,0,5 75 76,1,21,,226126,9,,,1,79,,226129,3,0,5 75 76,1,29,,226128,9,,,1,74,,226131,3,0,5 75 76,1,26,,226130,9,,,1,72,,226132,5,0,34 75 76,1,25,,226133,9,,,1,32,,226135,3,0,5 75 76,1,63,,226134,9,,,1,93,,226136,9,,,1,100,,226137,9,,,1,100,,226138,9,,,1,100,,226139,9,,,1,102,,226140,9,,,1
1201,'20261112',807,,226141,9,,,1,103,,226142,9,,,1,107,,226143,9,,,1,31,,226145,3,0,5 75 76,1,70,,226144,9,,,1,30,,226147,3,0,5 75 76,1,70,,226146,9,,,1,35,,226149,3,0,5 75 76,1,65,,226148,9,,,1,35,,226151,3,0,5 75 76,1,68,,226150,9,,,1,32,,226153,3,0,5 75 76,1,68,,226152,9,,,1,79,,226155,3,0,5 75 76,1,21,,226154,9,,,1,79,,226157,3,0,5 75 76,1,29,,226156,9,,,1,74,,226159,3,0,5 75 76,1,26,,226158,9,,,1,72,,226160,5,0,34 75 76,1,25,,226161,9,,,1,32,,226163,3,0,5 75 76,1,63,,226162,9,,,1,93,,226164,9,,,1,100,,226165,9,,,1,100,,226166,9,,,1,100,,226167,9,,,1,102,,226168,9,,,1
1201,'20261113',807,,226169,9,,,1,103,,226170,9,,,1,107,,226171,9,,,1,31,,226173,3,0,5 75 76,1,70,,226172,9,,,1,30,,226175,3,0,5 75 76,1,70,,226174,9,,,1,35,,226177,3,0,5 75 76,1,65,,226176,9,,,1,35,,226179,3,0,5 75 76,1,68,,226178,9,,,1,32,,226181,3,0,5 75 76,1,68,,226180,9,,,1,79,,226183,3,0,5 75 76,1,21,,226182,9,,,1,79,,226185,3,0,5 75 76,1,29,,226184,9,,,1,74,,226187,3,0,5 75 76,1,26,,226186,9,,,1,72,,226188,5,0,34 75 76,1,25,,226189,9,,,1,32,,226191,3,0,5 75 76,1,63,,226190,9,,,1,93,,226192,9,,,1,100,,226193,9,,,1,100,,226194,9,,,1,100,,226195,9,,,1,102,,226196,9,,,1
1201,'20261114',925,,226197,9,,,1,80,,226199,3,0,5 75 76,1,30,,226198,9,,,1,13,,226201,3,0,5 75 76,1,75,,226200,9,,,1,30,,226203,3,0,5 75 76,1,50,,226204,5,0,34 75 76,1,30,,226202,9,,,1,70,,226206,3,0,5 75 76,1,10,,226207,5,0,34 75 76,1,25,,226205,9,,,1,70,,226209,3,0,5 75 76,1,5,,226210,5,0,34 75 76,1,25,,226208,9,,,1,70,,226212,3,0,5 75 76,1,25,,226211,9,,,1,75,,226214,3,0,5 75 76,1,20,,226213,9,,,1,75,,226216,3,0,5 75 76,1,20,,226215,9,,,1,30,,226218,3,0,5 75 76,1,70,,226217,9,,,1,30,,226220,3,0,5 75 76,1,70,,226219,9,,,1,26,,226222,3,0,5 75 76,1,70,,226221,9,,,1,30,,226224,3,0,5 75 76,1,70,,226223,9,,,1,100,,226225,9,,,1,95,,226226,9,,,1,100,,226227,9,,,1,102,,226228,9,,,1
1201,'20261115',925,,226229,9,,,1,80,,226231,3,0,5 75 76,1,30,,226230,9,,,1,13,,226233,3,0,5 75 76,1,75,,226232,9,,,1,30,,226235,3,0,5 75 76,1,50,,226236,5,0,34 75 76,1,30,,226234,9,,,1,70,,226238,3,0,5 75 76,1,10,,226239,5,0,34 75 76,1,25,,226237,9,,,1,70,,226241,3,0,5 75 76,1,5,,226242,5,0,34 75 76,1,25,,226240,9,,,1,70,,226244,3,0,5 75 76,1,25,,226243,9,,,1,75,,226246,3,0,5 75 76,1,20,,226245,9,,,1,75,,226248,3,0,5 75 76,1,20,,226247,9,,,1,30,,226250,3,0,5 75 76,1,70,,226249,9,,,1,30,,226252,3,0,5 75 76,1,70,,226251,9,,,1,26,,226254,3,0,5 75 76,1,70,,226253,9,,,1,30,,226256,3,0,5 75 76,1,70,,226255,9,,,1,100,,226257,9,,,1,95,,226258,9,,,1,100,,226259,9,,,1,102,,226260,9,,,1
1201,'20261116',807,,226261,9,,,1,103,,226262,9,,,1,107,,226263,9,,,1,31,,226265,3,0,5 75 76,1,70,,226264,9,,,1,30,,226267,3,0,5 75 76,1,70,,226266,9,,,1,35,,226269,3,0,5 75 76,1,65,,226268,9,,,1,35,,226271,3,0,5 75 76,1,68,,226270,9,,,1,32,,226273,3,0,5 75 76,1,68,,226272,9,,,1,79,,226275,3,0,5 75 76,1,21,,226274,9,,,1,79,,226277,3,0,5 75 76,1,29,,226276,9,,,1,74,,226279,3,0,5 75 76,1,26,,226278,9,,,1,72,,226280,5,0,34 75 76,1,25,,226281,9,,,1,32,,226283,3,0,5 75 76,1,63,,226282,9,,,1,93,,226284,9,,,1,100,,226285,9,,,1,100,,226286,9,,,1,100,,226287,9,,,1,102,,226288,9,,,1
1201,'20261117',807,,226289,9,,,1,103,,226290,9,,,1,107,,226291,9,,,1,31,,226293,3,0,5 75 76,1,70,,226292,9,,,1,30,,226295,3,0,5 75 76,1,70,,226294,9,,,1,35,,226297,3,0,5 75 76,1,65,,226296,9,,,1,35,,226299,3,0,5 75 76,1,68,,226298,9,,,1,32,,226301,3,0,5 75 76,1,68,,226300,9,,,1,79,,226303,3,0,5 75 76,1,21,,226302,9,,,1,79,,226305,3,0,5 75 76,1,29,,226304,9,,,1,74,,226307,3,0,5 75 76,1,26,,226306,9,,,1,72,,226308,5,0,34 75 76,1,25,,226309,9,,,1,32,,226311,3,0,5 75 76,1,63,,226310,9,,,1,93,,226312,9,,,1,100,,226313,9,,,1,100,,226314,9,,,1,100,,226315,9,,,1,102,,226316,9,,,1
1201,'20261118',807,,226317,9,,,1,103,,226318,9,,,1,107,,226319,9,,,1,31,,226321,3,0,5 75 76,1,70,,226320,9,,,1,30,,226323,3,0,5 75 76,1,70,,226322,9,,,1,35,,226325,3,0,5 75 76,1,65,,226324,9,,,1,35,,226327,3,0,5 75 76,1,68,,226326,9,,,1,32,,226329,3,0,5 75 76,1,68,,226328,9,,,1,79,,226331,3,0,5 75 76,1,21,,226330,9,,,1,79,,226333,3,0,5 75 76,1,29,,226332,9,,,1,74,,226335,3,0,5 75 76,1,26,,226334,9,,,1,72,,226336,5,0,34 75 76,1,25,,226337,9,,,1,32,,226339,3,0,5 75 76,1,63,,226338,9,,,1,93,,226340,9,,,1,100,,226341,9,,,1,100,,226342,9,,,1,100,,226343,9,,,1,102,,226344,9,,,1
1201,'20261119',807,,226345,9,,,1,103,,226346,9,,,1,107,,226347,9,,,1,31,,226349,3,0,5 75 76,1,70,,226348,9,,,1,30,,226351,3,0,5 75 76,1,70,,226350,9,,,1,35,,226353,3,0,5 75 76,1,65,,226352,9,,,1,35,,226355,3,0,5 75 76,1,68,,226354,9,,,1,32,,226357,3,0,5 75 76,1,68,,226356,9,,,1,79,,226359,3,0,5 75 76,1,21,,226358,9,,,1,79,,226361,3,0,5 75 76,1,29,,226360,9,,,1,74,,226363,3,0,5 75 76,1,26,,226362,9,,,1,72,,226364,5,0,34 75 76,1,25,,226365,9,,,1,32,,226367,3,0,5 75 76,1,63,,226366,9,,,1,93,,226368,9,,,1,100,,226369,9,,,1,100,,226370,9,,,1,100,,226371,9,,,1,102,,226372,9,,,1
1201,'20261120',807,,226373,9,,,1,103,,226374,9,,,1,107,,226375,9,,,1,31,,226377,3,0,5 75 76,1,70,,226376,9,,,1,30,,226379,3,0,5 75 76,1,70,,226378,9,,,1,35,,226381,3,0,5 75 76,1,65,,226380,9,,,1,35,,226383,3,0,5 75 76,1,68,,226382,9,,,1,32,,226385,3,0,5 75 76,1,68,,226384,9,,,1,79,,226387,3,0,5 75 76,1,21,,226386,9,,,1,79,,226389,3,0,5 75 76,1,29,,226388,9,,,1,74,,226391,3,0,5 75 76,1,26,,226390,9,,,1,72,,226392,5,0,34 75 76,1,25,,226393,9,,,1,32,,226395,3,0,5 75 76,1,63,,226394,9,,,1,93,,226396,9,,,1,100,,226397,9,,,1,100,,226398,9,,,1,100,,226399,9,,,1,102,,226400,9,,,1
1201,'20261121',925,,226401,9,,,1,80,,226403,3,0,5 75 76,1,30,,226402,9,,,1,13,,226405,3,0,5 75 76,1,75,,226404,9,,,1,30,,226407,3,0,5 75 76,1,50,,226408,5,0,34 75 76,1,30,,226406,9,,,1,70,,226410,3,0,5 75 76,1,10,,226411,5,0,34 75 76,1,25,,226409,9,,,1,70,,226413,3,0,5 75 76,1,5,,226414,5,0,34 75 76,1,25,,226412,9,,,1,70,,226416,3,0,5 75 76,1,25,,226415,9,,,1,75,,226418,3,0,5 75 76,1,20,,226417,9,,,1,75,,226420,3,0,5 75 76,1,20,,226419,9,,,1,30,,226422,3,0,5 75 76,1,70,,226421,9,,,1,30,,226424,3,0,5 75 76,1,70,,226423,9,,,1,26,,226426,3,0,5 75 76,1,70,,226425,9,,,1,30,,226428,3,0,5 75 76,1,70,,226427,9,,,1,100,,226429,9,,,1,95,,226430,9,,,1,100,,226431,9,,,1,102,,226432,9,,,1
1201,'20261122',925,,226433,9,,,1,80,,226435,3,0,5 75 76,1,30,,226434,9,,,1,13,,226437,3,0,5 75 76,1,75,,226436,9,,,1,30,,226439,3,0,5 75 76,1,50,,226440,5,0,34 75 76,1,30,,226438,9,,,1,70,,226442,3,0,5 75 76,1,10,,226443,5,0,34 75 76,1,25,,226441,9,,,1,70,,226445,3,0,5 75 76,1,5,,226446,5,0,34 75 76,1,25,,226444,9,,,1,70,,226448,3,0,5 75 76,1,25,,226447,9,,,1,75,,226450,3,0,5 75 76,1,20,,226449,9,,,1,75,,226452,3,0,5 75 76,1,20,,226451,9,,,1,30,,226454,3,0,5 75 76,1,70,,226453,9,,,1,30,,226456,3,0,5 75 76,1,70,,226455,9,,,1,26,,226458,3,0,5 75 76,1,70,,226457,9,,,1,30,,226460,3,0,5 75 76,1,70,,226459,9,,,1,100,,226461,9,,,1,95,,226462,9,,,1,100,,226463,9,,,1,102,,226464,9,,,1
1201,'20261123',807,,226465,9,,,1,103,,226466,9,,,1,107,,226467,9,,,1,31,,226469,3,0,5 75 76,1,70,,226468,9,,,1,30,,226471,3,0,5 75 76,1,70,,226470,9,,,1,35,,226473,3,0,5 75 76,1,65,,226472,9,,,1,35,,226475,3,0,5 75 76,1,68,,226474,9,,,1,32,,226477,3,0,5 75 76,1,68,,226476,9,,,1,79,,226479,3,0,5 75 76,1,21,,226478,9,,,1,79,,226481,3,0,5 75 76,1,29,,226480,9,,,1,74,,226483,3,0,5 75 76,1,26,,226482,9,,,1,72,,226484,5,0,34 75 76,1,25,,226485,9,,,1,32,,226487,3,0,5 75 76,1,63,,226486,9,,,1,93,,226488,9,,,1,100,,226489,9,,,1,100,,226490,9,,,1,100,,226491,9,,,1,102,,226492,9,,,1
1201,'20261124',807,,226493,9,,,1,103,,226494,9,,,1,107,,226495,9,,,1,31,,226497,3,0,5 75 76,1,70,,226496,9,,,1,30,,226499,3,0,5 75 76,1,70,,226498,9,,,1,35,,226501,3,0,5 75 76,1,65,,226500,9,,,1,35,,226503,3,0,5 75 76,1,68,,226502,9,,,1,32,,226505,3,0,5 75 76,1,68,,226504,9,,,1,79,,226507,3,0,5 75 76,1,21,,226506,9,,,1,79,,226509,3,0,5 75 76,1,29,,226508,9,,,1,74,,226511,3,0,5 75 76,1,26,,226510,9,,,1,72,,226512,5,0,34 75 76,1,25,,226513,9,,,1,32,,226515,3,0,5 75 76,1,63,,226514,9,,,1,93,,226516,9,,,1,100,,226517,9,,,1,100,,226518,9,,,1,100,,226519,9,,,1,102,,226520,9,,,1
1201,'20261125',807,,226521,9,,,1,103,,226522,9,,,1,107,,226523,9,,,1,31,,226525,3,0,5 75 76,1,70,,226524,9,,,1,30,,226527,3,0,5 75 76,1,70,,226526,9,,,1,35,,226529,3,0,5 75 76,1,65,,226528,9,,,1,35,,226531,3,0,5 75 76,1,68,,226530,9,,,1,32,,226533,3,0,5 75 76,1,68,,226532,9,,,1,79,,226535,3,0,5 75 76,1,21,,226534,9,,,1,79,,226537,3,0,5 75 76,1,29,,226536,9,,,1,74,,226539,3,0,5 75 76,1,26,,226538,9,,,1,72,,226540,5,0,34 75 76,1,25,,226541,9,,,1,32,,226543,3,0,5 75 76,1,63,,226542,9,,,1,93,,226544,9,,,1,100,,226545,9,,,1,100,,226546,9,,,1,100,,226547,9,,,1,102,,226548,9,,,1
1201,'20261126',807,,226549,9,,,1,103,,226550,9,,,1,107,,226551,9,,,1,31,,226553,3,0,5 75 76,1,70,,226552,9,,,1,30,,226555,3,0,5 75 76,1,70,,226554,9,,,1,35,,226557,3,0,5 75 76,1,65,,226556,9,,,1,35,,226559,3,0,5 75 76,1,68,,226558,9,,,1,32,,226561,3,0,5 75 76,1,68,,226560,9,,,1,79,,226563,3,0,5 75 76,1,21,,226562,9,,,1,79,,226565,3,0,5 75 76,1,29,,226564,9,,,1,74,,226567,3,0,5 75 76,1,26,,226566,9,,,1,72,,226568,5,0,34 75 76,1,25,,226569,9,,,1,32,,226571,3,0,5 75 76,1,63,,226570,9,,,1,93,,226572,9,,,1,100,,226573,9,,,1,100,,226574,9,,,1,100,,226575,9,,,1,102,,226576,9,,,1
1201,'20261127',807,,226577,9,,,1,103,,226578,9,,,1,107,,226579,9,,,1,31,,226581,3,0,5 75 76,1,70,,226580,9,,,1,30,,226583,3,0,5 75 76,1,70,,226582,9,,,1,35,,226585,3,0,5 75 76,1,65,,226584,9,,,1,35,,226587,3,0,5 75 76,1,68,,226586,9,,,1,32,,226589,3,0,5 75 76,1,68,,226588,9,,,1,79,,226591,3,0,5 75 76,1,21,,226590,9,,,1,79,,226593,3,0,5 75 76,1,29,,226592,9,,,1,74,,226595,3,0,5 75 76,1,26,,226594,9,,,1,72,,226596,5,0,34 75 76,1,25,,226597,9,,,1,32,,226599,3,0,5 75 76,1,63,,226598,9,,,1,93,,226600,9,,,1,100,,226601,9,,,1,100,,226602,9,,,1,100,,226603,9,,,1,102,,226604,9,,,1
