6700,'20260921',1645,,314734,15,,,1,175,,314735,15,,,1,100,,314736,15,,,1
6700,'20260922',1645,,314737,15,,,1,175,,314738,15,,,1,100,,314739,15,,,1
6700,'20260923',1645,,314740,15,,,1,175,,314741,15,,,1,100,,314742,15,,,1
6700,'20260924',1645,,314743,15,,,1,175,,314744,15,,,1,100,,314745,15,,,1
6700,'20260925',1645,,314746,15,,,1,175,,314747,15,,,1,100,,314748,15,,,1
6700,'20260928',1645,,314749,15,,,1,175,,314750,15,,,1,100,,314751,15,,,1
6700,'20260929',1645,,314752,15,,,1,175,,314753,15,,,1,100,,314754,15,,,1
6700,'20260930',1645,,314755,15,,,1,175,,314756,15,,,1,100,,314757,15,,,1
6700,'20261001',1645,,314758,15,,,1,175,,314759,15,,,1,100,,314760,15,,,1
6700,'20261002',1645,,314761,15,,,1,175,,314762,15,,,1,100,,314763,15,,,1
6700,'20261005',1645,,314764,15,,,1,175,,314765,15,,,1,100,,314766,15,,,1
6700,'20261006',1645,,314767,15,,,1,175,,314768,15,,,1,100,,314769,15,,,1
6700,'20261007',1645,,314770,15,,,1,175,,314771,15,,,1,100,,314772,15,,,1
6700,'20261008',1645,,314773,15,,,1,175,,314774,15,,,1,100,,314775,15,,,1
6700,'20261009',1645,,314776,15,,,1,175,,314777,15,,,1,100,,314778,15,,,1
6700,'20261013',1645,,314779,15,,,1,175,,314780,15,,,1,100,,314781,15,,,1
6700,'20261014',1645,,314782,15,,,1,175,,314783,15,,,1,100,,314784,15,,,1
6700,'20261015',1645,,314785,15,,,1,175,,314786,15,,,1,100,,314787,15,,,1
6700,'20261016',1645,,314788,15,,,1,175,,314789,15,,,1,100,,314790,15,,,1
6700,'20261019',1645,,314791,15,,,1,175,,314792,15,,,1,100,,314793,15,,,1
6700,'20261020',1645,,314794,15,,,1,175,,314795,15,,,1,100,,314796,15,,,1
6700,'20261021',1645,,314797,15,,,1,175,,314798,15,,,1,100,,314799,15,,,1
6700,'20261022',1645,,314800,15,,,1,175,,314801,15,,,1,100,,314802,15,,,1
6700,'20261023',1645,,314803,15,,,1,175,,314804,15,,,1,100,,314805,15,,,1
6700,'20261026',1645,,314806,15,,,1,175,,314807,15,,,1,100,,314808,15,,,1
6700,'20261027',1645,,314809,15,,,1,175,,314810,15,,,1,100,,314811,15,,,1
6700,'20261028',1645,,314812,15,,,1,175,,314813,15,,,1,100,,314814,15,,,1
6700,'20261029',1645,,314815,15,,,1,175,,314816,15,,,1,100,,314817,15,,,1
6700,'20261030',1645,,314818,15,,,1,175,,314819,15,,,1,100,,314820,15,,,1
6700,'20261102',1645,,314821,15,,,1,175,,314822,15,,,1,100,,314823,15,,,1
6700,'20261103',1645,,314824,15,,,1,175,,314825,15,,,1,100,,314826,15,,,1
6700,'20261104',1645,,314827,15,,,1,175,,314828,15,,,1,100,,314829,15,,,1
6700,'20261105',1645,,314830,15,,,1,175,,314831,15,,,1,100,,314832,15,,,1
6700,'20261106',1645,,314833,15,,,1,175,,314834,15,,,1,100,,314835,15,,,1
6700,'20261109',1645,,314836,15,,,1,175,,314837,15,,,1,100,,314838,15,,,1
6700,'20261110',1645,,314839,15,,,1,175,,314840,15,,,1,100,,314841,15,,,1
6700,'20261111',1645,,314842,15,,,1,175,,314843,15,,,1,100,,314844,15,,,1
6700,'20261112',1645,,314845,15,,,1,175,,314846,15,,,1,100,,314847,15,,,1
6700,'20261113',1645,,314848,15,,,1,175,,314849,15,,,1,100,,314850,15,,,1
6700,'20261116',1645,,314851,15,,,1,175,,314852,15,,,1,100,,314853,15,,,1
6700,'20261117',1645,,314854,15,,,1,175,,314855,15,,,1,100,,314856,15,,,1
6700,'20261118',1645,,314857,15,,,1,175,,314858,15,,,1,100,,314859,15,,,1
6700,'20261119',1645,,314860,15,,,1,175,,314861,15,,,1,100,,314862,15,,,1
6700,'20261120',1645,,314863,15,,,1,175,,314864,15,,,1,100,,314865,15,,,1
6700,'20261123',1645,,314866,15,,,1,175,,314867,15,,,1,100,,314868,15,,,1
6700,'20261124',1645,,314869,15,,,1,175,,314870,15,,,1,100,,314871,15,,,1
6700,'20261125',1645,,314872,15,,,1,175,,314873,15,,,1,100,,314874,15,,,1
6700,'20261126',1645,,314875,15,,,1,175,,314876,15,,,1,100,,314877,15,,,1
6700,'20261127',1645,,314878,15,,,1,175,,314879,15,,,1,100,,314880,15,,,1
6701,'20260921',619,,314917,4,,,1,30,,314918,4,,,1,80,,314919,4,,,1,80,,314920,4,,,1
6701,'20260922',619,,314921,4,,,1,30,,314922,4,,,1,80,,314923,4,,,1,80,,314924,4,,,1
6701,'20260923',619,,314925,4,,,1,30,,314926,4,,,1,80,,314927,4,,,1,80,,314928,4,,,1
6701,'20260924',619,,314929,4,,,1,30,,314930,4,,,1,80,,314931,4,,,1,80,,314932,4,,,1
6701,'20260925',619,,314933,4,,,1,30,,314934,4,,,1,80,,314935,4,,,1,80,,314936,4,,,1
6701,'20260928',619,,314937,4,,,1,30,,314938,4,,,1,80,,314939,4,,,1,80,,314940,4,,,1
6701,'20260929',619,,314941,4,,,1,30,,314942,4,,,1,80,,314943,4,,,1,80,,314944,4,,,1
6701,'20260930',619,,314945,4,,,1,30,,314946,4,,,1,80,,314947,4,,,1,80,,314948,4,,,1
6701,'20261001',619,,314949,4,,,1,30,,314950,4,,,1,80,,314951,4,,,1,80,,314952,4,,,1
6701,'20261002',619,,314953,4,,,1,30,,314954,4,,,1,80,,314955,4,,,1,80,,314956,4,,,1
6701,'20261005',619,,314957,4,,,1,30,,314958,4,,,1,80,,314959,4,,,1,80,,314960,4,,,1
6701,'20261006',619,,314961,4,,,1,30,,314962,4,,,1,80,,314963,4,,,1,80,,314964,4,,,1
6701,'20261007',619,,314965,4,,,1,30,,314966,4,,,1,80,,314967,4,,,1,80,,314968,4,,,1
6701,'20261008',619,,314969,4,,,1,30,,314970,4,,,1,80,,314971,4,,,1,80,,314972,4,,,1
6701,'20261009',619,,314973,4,,,1,30,,314974,4,,,1,80,,314975,4,,,1,80,,314976,4,,,1
6701,'20261013',619,,314977,4,,,1,30,,314978,4,,,1,80,,314979,4,,,1,80,,314980,4,,,1
6701,'20261014',619,,314981,4,,,1,30,,314982,4,,,1,80,,314983,4,,,1,80,,314984,4,,,1
6701,'20261015',619,,314985,4,,,1,30,,314986,4,,,1,80,,314987,4,,,1,80,,314988,4,,,1
6701,'20261016',619,,314989,4,,,1,30,,314990,4,,,1,80,,314991,4,,,1,80,,314992,4,,,1
6701,'20261019',619,,314993,4,,,1,30,,314994,4,,,1,80,,314995,4,,,1,80,,314996,4,,,1
6701,'20261020',619,,314997,4,,,1,30,,314998,4,,,1,80,,314999,4,,,1,80,,315000,4,,,1
6701,'20261021',619,,315001,4,,,1,30,,315002,4,,,1,80,,315003,4,,,1,80,,315004,4,,,1
6701,'20261022',619,,315005,4,,,1,30,,315006,4,,,1,80,,315007,4,,,1,80,,315008,4,,,1
6701,'20261023',619,,315009,4,,,1,30,,315010,4,,,1,80,,315011,4,,,1,80,,315012,4,,,1
6701,'20261026',619,,315013,4,,,1,30,,315014,4,,,1,80,,315015,4,,,1,80,,315016,4,,,1
6701,'20261027',619,,315017,4,,,1,30,,315018,4,,,1,80,,315019,4,,,1,80,,315020,4,,,1
6701,'20261028',619,,315021,4,,,1,30,,315022,4,,,1,80,,315023,4,,,1,80,,315024,4,,,1
6701,'20261029',619,,315025,4,,,1,30,,315026,4,,,1,80,,315027,4,,,1,80,,315028,4,,,1
6701,'20261030',619,,315029,4,,,1,30,,315030,4,,,1,80,,315031,4,,,1,80,,315032,4,,,1
6701,'20261102',619,,315033,4,,,1,30,,315034,4,,,1,80,,315035,4,,,1,80,,315036,4,,,1
6701,'20261103',619,,315037,4,,,1,30,,315038,4,,,1,80,,315039,4,,,1,80,,315040,4,,,1
6701,'20261104',619,,315041,4,,,1,30,,315042,4,,,1,80,,315043,4,,,1,80,,315044,4,,,1
6701,'20261105',619,,315045,4,,,1,30,,315046,4,,,1,80,,315047,4,,,1,80,,315048,4,,,1
6701,'20261106',619,,315049,4,,,1,30,,315050,4,,,1,80,,315051,4,,,1,80,,315052,4,,,1
6701,'20261109',619,,315053,4,,,1,30,,315054,4,,,1,80,,315055,4,,,1,80,,315056,4,,,1
6701,'20261110',619,,315057,4,,,1,30,,315058,4,,,1,80,,315059,4,,,1,80,,315060,4,,,1
6701,'20261111',619,,315061,4,,,1,30,,315062,4,,,1,80,,315063,4,,,1,80,,315064,4,,,1
6701,'20261112',619,,315065,4,,,1,30,,315066,4,,,1,80,,315067,4,,,1,80,,315068,4,,,1
6701,'20261113',619,,315069,4,,,1,30,,315070,4,,,1,80,,315071,4,,,1,80,,315072,4,,,1
6701,'20261116',619,,315073,4,,,1,30,,315074,4,,,1,80,,315075,4,,,1,80,,315076,4,,,1
6701,'20261117',619,,315077,4,,,1,30,,315078,4,,,1,80,,315079,4,,,1,80,,315080,4,,,1
6701,'20261118',619,,315081,4,,,1,30,,315082,4,,,1,80,,315083,4,,,1,80,,315084,4,,,1
6701,'20261119',619,,315085,4,,,1,30,,315086,4,,,1,80,,315087,4,,,1,80,,315088,4,,,1
6701,'20261120',619,,315089,4,,,1,30,,315090,4,,,1,80,,315091,4,,,1,80,,315092,4,,,1
6701,'20261123',619,,315093,4,,,1,30,,315094,4,,,1,80,,315095,4,,,1,80,,315096,4,,,1
6701,'20261124',619,,315097,4,,,1,30,,315098,4,,,1,80,,315099,4,,,1,80,,315100,4,,,1
6701,'20261125',619,,315101,4,,,1,30,,315102,4,,,1,80,,315103,4,,,1,80,,315104,4,,,1
6701,'20261126',619,,315105,4,,,1,30,,315106,4,,,1,80,,315107,4,,,1,80,,315108,4,,,1
6701,'20261127',619,,315109,4,,,1,30,,315110,4,,,1,80,,315111,4,,,1,80,,315112,4,,,1
