2100,'20260910',346,,240742,3,,,1,75,,240743,3,,,1,25,,240744,3,,,1,455,,240746,3,0,7 29 30,1,20,,240749,3,0,7 29 30,1,20,,240751,3,0,7 29 30,1,65,,240752,3,0,7 29 30,1,15,,240755,3,0,7 29 30,1,20,,240757,3,0,7 29 30,1,60,,240758,3,0,7 29 30,1,20,,240761,3,0,7 29 30,1,30,,240762,3,0,7 29 30,1,70,,240765,3,0,7 29 30,1,30,,240766,3,0,7 29 30,1,70,,240769,3,0,7 29 30,1,95,,240772,3,0,7 29 30,1,101,,240774,3,0,7 29 30,1,95,,240778,3,,,1,105,,240779,3,,,1,95,,240780,3,,,1,100,,240781,3,,,1,100,,240782,3,,,1,104,,240783,3,,,1,100,,240784,3,,,1,100,,240785,3,,,1,110,,240786,3,,,1
2100,'20260911',346,,240787,3,,,1,75,,240788,3,,,1,25,,240789,3,,,1,455,,240791,3,0,7 29 30,1,20,,240794,3,0,7 29 30,1,20,,240796,3,0,7 29 30,1,65,,240797,3,0,7 29 30,1,15,,240800,3,0,7 29 30,1,20,,240802,3,0,7 29 30,1,60,,240803,3,0,7 29 30,1,20,,240806,3,0,7 29 30,1,30,,240807,3,0,7 29 30,1,70,,240810,3,0,7 29 30,1,30,,240811,3,0,7 29 30,1,70,,240814,3,0,7 29 30,1,95,,240817,3,0,7 29 30,1,101,,240819,3,0,7 29 30,1,95,,240823,3,,,1,105,,240824,3,,,1,95,,240825,3,,,1,100,,240826,3,,,1,100,,240827,3,,,1,104,,240828,3,,,1,100,,240829,3,,,1,100,,240830,3,,,1,110,,240831,3,,,1
2100,'20260912',456,,240832,3,0,57 29 30,1,100,,240833,3,0,57 29 30,1,70,,240834,3,0,57 29 30,1,105,,240836,3,0,7 29 30,1,100,,240839,3,0,7 29 30,1,100,,240843,3,0,7 29 30,1,91,,240847,3,0,7 29 30,1,105,,240851,3,0,7 29 30,1,100,,240854,3,0,7 29 30,1,100,,240857,3,0,7 29 30,1,100,,240860,3,0,7 29 30,1,100,,240863,3,0,7 29 30,1,94,,240866,3,0,7 29 30,1,100,,240869,3,0,7 29 30,1,105,,240871,3,0,7 29 30,1,100,,240874,3,0,57 29 30,1,95,,240875,3,0,57 29 30,1,105,,240876,3,0,57 29 30,1,95,,240877,3,0,57 29 30,1,105,,240878,3,0,57 29 30,1,100,,240879,3,0,57 29 30,1
2100,'20260913',456,,240880,3,0,57 29 30,1,100,,240881,3,0,57 29 30,1,70,,240882,3,0,57 29 30,1,105,,240883,3,0,7 29 30,1,100,,240885,3,0,7 29 30,1,100,,240888,3,0,7 29 30,1,91,,240891,3,0,7 29 30,1,105,,240895,3,0,7 29 30,1,100,,240898,3,0,7 29 30,1,100,,240901,3,0,7 29 30,1,100,,240904,3,0,7 29 30,1,100,,240907,3,0,7 29 30,1,94,,240910,3,0,7 29 30,1,100,,240913,3,0,7 29 30,1,105,,240915,3,0,7 29 30,1,100,,240917,3,0,57 29 30,1,95,,240918,3,0,57 29 30,1,105,,240919,3,0,57 29 30,1,95,,240920,3,0,57 29 30,1,105,,240921,3,0,57 29 30,1,100,,240922,3,0,57 29 30,1
2100,'20260914',346,,240923,3,,,1,75,,240924,3,,,1,25,,240925,3,,,1,455,,240927,3,0,7 29 30,1,20,,240930,3,0,7 29 30,1,20,,240932,3,0,7 29 30,1,65,,240933,3,0,7 29 30,1,15,,240936,3,0,7 29 30,1,20,,240938,3,0,7 29 30,1,60,,240939,3,0,7 29 30,1,20,,240942,3,0,7 29 30,1,30,,240943,3,0,7 29 30,1,70,,240946,3,0,7 29 30,1,30,,240947,3,0,7 29 30,1,70,,240950,3,0,7 29 30,1,95,,240953,3,0,7 29 30,1,101,,240955,3,0,7 29 30,1,95,,240959,3,,,1,105,,240960,3,,,1,95,,240961,3,,,1,100,,240962,3,,,1,100,,240963,3,,,1,104,,240964,3,,,1,100,,240965,3,,,1,100,,240966,3,,,1,110,,240967,3,,,1
2100,'20260915',346,,240968,3,,,1,75,,240969,3,,,1,25,,240970,3,,,1,455,,240972,3,0,7 29 30,1,20,,240975,3,0,7 29 30,1,20,,240977,3,0,7 29 30,1,65,,240978,3,0,7 29 30,1,15,,240981,3,0,7 29 30,1,20,,240983,3,0,7 29 30,1,60,,240984,3,0,7 29 30,1,20,,240987,3,0,7 29 30,1,30,,240988,3,0,7 29 30,1,70,,240991,3,0,7 29 30,1,30,,240992,3,0,7 29 30,1,70,,240995,3,0,7 29 30,1,95,,240998,3,0,7 29 30,1,101,,241000,3,0,7 29 30,1,95,,241004,3,,,1,105,,241005,3,,,1,95,,241006,3,,,1,100,,241007,3,,,1,100,,241008,3,,,1,104,,241009,3,,,1,100,,241010,3,,,1,100,,241011,3,,,1,110,,241012,3,,,1
2100,'20260916',346,,241013,3,,,1,75,,241014,3,,,1,25,,241015,3,,,1,455,,241017,3,0,7 29 30,1,20,,241020,3,0,7 29 30,1,20,,241022,3,0,7 29 30,1,65,,241023,3,0,7 29 30,1,15,,241026,3,0,7 29 30,1,20,,241028,3,0,7 29 30,1,60,,241029,3,0,7 29 30,1,20,,241032,3,0,7 29 30,1,30,,241033,3,0,7 29 30,1,70,,241036,3,0,7 29 30,1,30,,241037,3,0,7 29 30,1,70,,241040,3,0,7 29 30,1,95,,241043,3,0,7 29 30,1,101,,241045,3,0,7 29 30,1,95,,241049,3,,,1,105,,241050,3,,,1,95,,241051,3,,,1,100,,241052,3,,,1,100,,241053,3,,,1,104,,241054,3,,,1,100,,241055,3,,,1,100,,241056,3,,,1,110,,241057,3,,,1
2100,'20260917',346,,241058,3,,,1,75,,241059,3,,,1,25,,241060,3,,,1,455,,241062,3,0,7 29 30,1,20,,241065,3,0,7 29 30,1,20,,241067,3,0,7 29 30,1,65,,241068,3,0,7 29 30,1,15,,241071,3,0,7 29 30,1,20,,241073,3,0,7 29 30,1,60,,241074,3,0,7 29 30,1,20,,241077,3,0,7 29 30,1,30,,241078,3,0,7 29 30,1,70,,241081,3,0,7 29 30,1,30,,241082,3,0,7 29 30,1,70,,241085,3,0,7 29 30,1,95,,241088,3,0,7 29 30,1,101,,241090,3,0,7 29 30,1,95,,241094,3,,,1,105,,241095,3,,,1,95,,241096,3,,,1,100,,241097,3,,,1,100,,241098,3,,,1,104,,241099,3,,,1,100,,241100,3,,,1,100,,241101,3,,,1,110,,241102,3,,,1
2100,'20260918',346,,241103,3,,,1,75,,241104,3,,,1,25,,241105,3,,,1,455,,241107,3,0,7 29 30,1,20,,241110,3,0,7 29 30,1,20,,241112,3,0,7 29 30,1,65,,241113,3,0,7 29 30,1,15,,241116,3,0,7 29 30,1,20,,241118,3,0,7 29 30,1,60,,241119,3,0,7 29 30,1,20,,241122,3,0,7 29 30,1,30,,241123,3,0,7 29 30,1,70,,241126,3,0,7 29 30,1,30,,241127,3,0,7 29 30,1,70,,241130,3,0,7 29 30,1,95,,241133,3,0,7 29 30,1,101,,241135,3,0,7 29 30,1,95,,241139,3,,,1,105,,241140,3,,,1,95,,241141,3,,,1,100,,241142,3,,,1,100,,241143,3,,,1,104,,241144,3,,,1,100,,241145,3,,,1,100,,241146,3,,,1,110,,241147,3,,,1
2100,'20260919',456,,241148,3,0,57 29 30,1,100,,241149,3,0,57 29 30,1,70,,241150,3,0,57 29 30,1,105,,241152,3,0,7 29 30,1,100,,241155,3,0,7 29 30,1,100,,241159,3,0,7 29 30,1,91,,241163,3,0,7 29 30,1,105,,241167,3,0,7 29 30,1,100,,241170,3,0,7 29 30,1,100,,241173,3,0,7 29 30,1,100,,241176,3,0,7 29 30,1,100,,241179,3,0,7 29 30,1,94,,241182,3,0,7 29 30,1,100,,241185,3,0,7 29 30,1,105,,241187,3,0,7 29 30,1,100,,241190,3,0,57 29 30,1,95,,241191,3,0,57 29 30,1,105,,241192,3,0,57 29 30,1,95,,241193,3,0,57 29 30,1,105,,241194,3,0,57 29 30,1,100,,241195,3,0,57 29 30,1
2100,'20260920',456,,241196,3,0,57 29 30,1,100,,241197,3,0,57 29 30,1,70,,241198,3,0,57 29 30,1,105,,241199,3,0,7 29 30,1,100,,241201,3,0,7 29 30,1,100,,241204,3,0,7 29 30,1,91,,241207,3,0,7 29 30,1,105,,241211,3,0,7 29 30,1,100,,241214,3,0,7 29 30,1,100,,241217,3,0,7 29 30,1,100,,241220,3,0,7 29 30,1,100,,241223,3,0,7 29 30,1,94,,241226,3,0,7 29 30,1,100,,241229,3,0,7 29 30,1,105,,241231,3,0,7 29 30,1,100,,241233,3,0,57 29 30,1,95,,241234,3,0,57 29 30,1,105,,241235,3,0,57 29 30,1,95,,241236,3,0,57 29 30,1,105,,241237,3,0,57 29 30,1,100,,241238,3,0,57 29 30,1
2100,'20260921',346,,241239,3,,,1,75,,241240,3,,,1,25,,241241,3,,,1,455,,241243,3,0,7 29 30,1,20,,241246,3,0,7 29 30,1,20,,241248,3,0,7 29 30,1,65,,241249,3,0,7 29 30,1,15,,241252,3,0,7 29 30,1,20,,241254,3,0,7 29 30,1,60,,241255,3,0,7 29 30,1,20,,241258,3,0,7 29 30,1,30,,241259,3,0,7 29 30,1,70,,241262,3,0,7 29 30,1,30,,241263,3,0,7 29 30,1,70,,241266,3,0,7 29 30,1,95,,241269,3,0,7 29 30,1,101,,241271,3,0,7 29 30,1,95,,241275,3,,,1,105,,241276,3,,,1,95,,241277,3,,,1,100,,241278,3,,,1,100,,241279,3,,,1,104,,241280,3,,,1,100,,241281,3,,,1,100,,241282,3,,,1,110,,241283,3,,,1
2100,'20260922',346,,241284,3,,,1,75,,241285,3,,,1,25,,241286,3,,,1,455,,241288,3,0,7 29 30,1,20,,241291,3,0,7 29 30,1,20,,241293,3,0,7 29 30,1,65,,241294,3,0,7 29 30,1,15,,241297,3,0,7 29 30,1,20,,241299,3,0,7 29 30,1,60,,241300,3,0,7 29 30,1,20,,241303,3,0,7 29 30,1,30,,241304,3,0,7 29 30,1,70,,241307,3,0,7 29 30,1,30,,241308,3,0,7 29 30,1,70,,241311,3,0,7 29 30,1,95,,241314,3,0,7 29 30,1,101,,241316,3,0,7 29 30,1,95,,241320,3,,,1,105,,241321,3,,,1,95,,241322,3,,,1,100,,241323,3,,,1,100,,241324,3,,,1,104,,241325,3,,,1,100,,241326,3,,,1,100,,241327,3,,,1,110,,241328,3,,,1
2100,'20260923',346,,241329,3,,,1,75,,241330,3,,,1,25,,241331,3,,,1,455,,241333,3,0,7 29 30,1,20,,241336,3,0,7 29 30,1,20,,241338,3,0,7 29 30,1,65,,241339,3,0,7 29 30,1,15,,241342,3,0,7 29 30,1,20,,241344,3,0,7 29 30,1,60,,241345,3,0,7 29 30,1,20,,241348,3,0,7 29 30,1,30,,241349,3,0,7 29 30,1,70,,241352,3,0,7 29 30,1,30,,241353,3,0,7 29 30,1,70,,241356,3,0,7 29 30,1,95,,241359,3,0,7 29 30,1,101,,241361,3,0,7 29 30,1,95,,241365,3,,,1,105,,241366,3,,,1,95,,241367,3,,,1,100,,241368,3,,,1,100,,241369,3,,,1,104,,241370,3,,,1,100,,241371,3,,,1,100,,241372,3,,,1,110,,241373,3,,,1
2100,'20260924',346,,241374,3,,,1,75,,241375,3,,,1,25,,241376,3,,,1,455,,241378,3,0,7 29 30,1,20,,241381,3,0,7 29 30,1,20,,241383,3,0,7 29 30,1,65,,241384,3,0,7 29 30,1,15,,241387,3,0,7 29 30,1,20,,241389,3,0,7 29 30,1,60,,241390,3,0,7 29 30,1,20,,241393,3,0,7 29 30,1,30,,241394,3,0,7 29 30,1,70,,241397,3,0,7 29 30,1,30,,241398,3,0,7 29 30,1,70,,241401,3,0,7 29 30,1,95,,241404,3,0,7 29 30,1,101,,241406,3,0,7 29 30,1,95,,241410,3,,,1,105,,241411,3,,,1,95,,241412,3,,,1,100,,241413,3,,,1,100,,241414,3,,,1,104,,241415,3,,,1,100,,241416,3,,,1,100,,241417,3,,,1,110,,241418,3,,,1
2100,'20260925',346,,241419,3,,,1,75,,241420,3,,,1,25,,241421,3,,,1,455,,241423,3,0,7 29 30,1,20,,241426,3,0,7 29 30,1,20,,241428,3,0,7 29 30,1,65,,241429,3,0,7 29 30,1,15,,241432,3,0,7 29 30,1,20,,241434,3,0,7 29 30,1,60,,241435,3,0,7 29 30,1,20,,241438,3,0,7 29 30,1,30,,241439,3,0,7 29 30,1,70,,241442,3,0,7 29 30,1,30,,241443,3,0,7 29 30,1,70,,241446,3,0,7 29 30,1,95,,241449,3,0,7 29 30,1,101,,241451,3,0,7 29 30,1,95,,241455,3,,,1,105,,241456,3,,,1,95,,241457,3,,,1,100,,241458,3,,,1,100,,241459,3,,,1,104,,241460,3,,,1,100,,241461,3,,,1,100,,241462,3,,,1,110,,241463,3,,,1
2100,'20260926',456,,241464,3,0,57 29 30,1,100,,241465,3,0,57 29 30,1,70,,241466,3,0,57 29 30,1,105,,241468,3,0,7 29 30,1,100,,241471,3,0,7 29 30,1,100,,241475,3,0,7 29 30,1,91,,241479,3,0,7 29 30,1,105,,241483,3,0,7 29 30,1,100,,241486,3,0,7 29 30,1,100,,241489,3,0,7 29 30,1,100,,241492,3,0,7 29 30,1,100,,241495,3,0,7 29 30,1,94,,241498,3,0,7 29 30,1,100,,241501,3,0,7 29 30,1,105,,241503,3,0,7 29 30,1,100,,241506,3,0,57 29 30,1,95,,241507,3,0,57 29 30,1,105,,241508,3,0,57 29 30,1,95,,241509,3,0,57 29 30,1,105,,241510,3,0,57 29 30,1,100,,241511,3,0,57 29 30,1
2100,'20260927',456,,241512,3,0,57 29 30,1,100,,241513,3,0,57 29 30,1,70,,241514,3,0,57 29 30,1,105,,241515,3,0,7 29 30,1,100,,241517,3,0,7 29 30,1,100,,241520,3,0,7 29 30,1,91,,241523,3,0,7 29 30,1,105,,241527,3,0,7 29 30,1,100,,241530,3,0,7 29 30,1,100,,241533,3,0,7 29 30,1,100,,241536,3,0,7 29 30,1,100,,241539,3,0,7 29 30,1,94,,241542,3,0,7 29 30,1,100,,241545,3,0,7 29 30,1,105,,241547,3,0,7 29 30,1,100,,241549,3,0,57 29 30,1,95,,241550,3,0,57 29 30,1,105,,241551,3,0,57 29 30,1,95,,241552,3,0,57 29 30,1,105,,241553,3,0,57 29 30,1,100,,241554,3,0,57 29 30,1
2100,'20260928',346,,241555,3,,,1,75,,241556,3,,,1,25,,241557,3,,,1,455,,241559,3,0,7 29 30,1,20,,241562,3,0,7 29 30,1,20,,241564,3,0,7 29 30,1,65,,241565,3,0,7 29 30,1,15,,241568,3,0,7 29 30,1,20,,241570,3,0,7 29 30,1,60,,241571,3,0,7 29 30,1,20,,241574,3,0,7 29 30,1,30,,241575,3,0,7 29 30,1,70,,241578,3,0,7 29 30,1,30,,241579,3,0,7 29 30,1,70,,241582,3,0,7 29 30,1,95,,241585,3,0,7 29 30,1,101,,241587,3,0,7 29 30,1,95,,241591,3,,,1,105,,241592,3,,,1,95,,241593,3,,,1,100,,241594,3,,,1,100,,241595,3,,,1,104,,241596,3,,,1,100,,241597,3,,,1,100,,241598,3,,,1,110,,241599,3,,,1
2100,'20260929',346,,241600,3,,,1,75,,241601,3,,,1,25,,241602,3,,,1,455,,241604,3,0,7 29 30,1,20,,241607,3,0,7 29 30,1,20,,241609,3,0,7 29 30,1,65,,241610,3,0,7 29 30,1,15,,241613,3,0,7 29 30,1,20,,241615,3,0,7 29 30,1,60,,241616,3,0,7 29 30,1,20,,241619,3,0,7 29 30,1,30,,241620,3,0,7 29 30,1,70,,241623,3,0,7 29 30,1,30,,241624,3,0,7 29 30,1,70,,241627,3,0,7 29 30,1,95,,241630,3,0,7 29 30,1,101,,241632,3,0,7 29 30,1,95,,241636,3,,,1,105,,241637,3,,,1,95,,241638,3,,,1,100,,241639,3,,,1,100,,241640,3,,,1,104,,241641,3,,,1,100,,241642,3,,,1,100,,241643,3,,,1,110,,241644,3,,,1
2100,'20260930',346,,241645,3,,,1,75,,241646,3,,,1,25,,241647,3,,,1,455,,241649,3,0,7 29 30,1,20,,241652,3,0,7 29 30,1,20,,241654,3,0,7 29 30,1,65,,241655,3,0,7 29 30,1,15,,241658,3,0,7 29 30,1,20,,241660,3,0,7 29 30,1,60,,241661,3,0,7 29 30,1,20,,241664,3,0,7 29 30,1,30,,241665,3,0,7 29 30,1,70,,241668,3,0,7 29 30,1,30,,241669,3,0,7 29 30,1,70,,241672,3,0,7 29 30,1,95,,241675,3,0,7 29 30,1,101,,241677,3,0,7 29 30,1,95,,241681,3,,,1,105,,241682,3,,,1,95,,241683,3,,,1,100,,241684,3,,,1,100,,241685,3,,,1,104,,241686,3,,,1,100,,241687,3,,,1,100,,241688,3,,,1,110,,241689,3,,,1
2100,'20261001',346,,241690,3,,,1,75,,241691,3,,,1,25,,241692,3,,,1,455,,241694,3,0,7 29 30,1,20,,241697,3,0,7 29 30,1,20,,241699,3,0,7 29 30,1,65,,241700,3,0,7 29 30,1,15,,241703,3,0,7 29 30,1,20,,241705,3,0,7 29 30,1,60,,241706,3,0,7 29 30,1,20,,241709,3,0,7 29 30,1,30,,241710,3,0,7 29 30,1,70,,241713,3,0,7 29 30,1,30,,241714,3,0,7 29 30,1,70,,241717,3,0,7 29 30,1,95,,241720,3,0,7 29 30,1,101,,241722,3,0,7 29 30,1,95,,241726,3,,,1,105,,241727,3,,,1,95,,241728,3,,,1,100,,241729,3,,,1,100,,241730,3,,,1,104,,241731,3,,,1,100,,241732,3,,,1,100,,241733,3,,,1,110,,241734,3,,,1
2100,'20261002',346,,241735,3,,,1,75,,241736,3,,,1,25,,241737,3,,,1,455,,241739,3,0,7 29 30,1,20,,241742,3,0,7 29 30,1,20,,241744,3,0,7 29 30,1,65,,241745,3,0,7 29 30,1,15,,241748,3,0,7 29 30,1,20,,241750,3,0,7 29 30,1,60,,241751,3,0,7 29 30,1,20,,241754,3,0,7 29 30,1,30,,241755,3,0,7 29 30,1,70,,241758,3,0,7 29 30,1,30,,241759,3,0,7 29 30,1,70,,241762,3,0,7 29 30,1,95,,241765,3,0,7 29 30,1,101,,241767,3,0,7 29 30,1,95,,241771,3,,,1,105,,241772,3,,,1,95,,241773,3,,,1,100,,241774,3,,,1,100,,241775,3,,,1,104,,241776,3,,,1,100,,241777,3,,,1,100,,241778,3,,,1,110,,241779,3,,,1
2100,'20261003',456,,241780,3,0,57 29 30,1,100,,241781,3,0,57 29 30,1,70,,241782,3,0,57 29 30,1,105,,241784,3,0,7 29 30,1,100,,241787,3,0,7 29 30,1,100,,241791,3,0,7 29 30,1,91,,241795,3,0,7 29 30,1,105,,241799,3,0,7 29 30,1,100,,241802,3,0,7 29 30,1,100,,241805,3,0,7 29 30,1,100,,241808,3,0,7 29 30,1,100,,241811,3,0,7 29 30,1,94,,241814,3,0,7 29 30,1,100,,241817,3,0,7 29 30,1,105,,241819,3,0,7 29 30,1,100,,241822,3,0,57 29 30,1,95,,241823,3,0,57 29 30,1,105,,241824,3,0,57 29 30,1,95,,241825,3,0,57 29 30,1,105,,241826,3,0,57 29 30,1,100,,241827,3,0,57 29 30,1
2100,'20261004',456,,241828,3,0,57 29 30,1,100,,241829,3,0,57 29 30,1,70,,241830,3,0,57 29 30,1,105,,241831,3,0,7 29 30,1,100,,241833,3,0,7 29 30,1,100,,241836,3,0,7 29 30,1,91,,241839,3,0,7 29 30,1,105,,241843,3,0,7 29 30,1,100,,241846,3,0,7 29 30,1,100,,241849,3,0,7 29 30,1,100,,241852,3,0,7 29 30,1,100,,241855,3,0,7 29 30,1,94,,241858,3,0,7 29 30,1,100,,241861,3,0,7 29 30,1,105,,241863,3,0,7 29 30,1,100,,241865,3,0,57 29 30,1,95,,241866,3,0,57 29 30,1,105,,241867,3,0,57 29 30,1,95,,241868,3,0,57 29 30,1,105,,241869,3,0,57 29 30,1,100,,241870,3,0,57 29 30,1
2100,'20261005',346,,241871,3,,,1,75,,241872,3,,,1,25,,241873,3,,,1,455,,241875,3,0,7 29 30,1,20,,241878,3,0,7 29 30,1,20,,241880,3,0,7 29 30,1,65,,241881,3,0,7 29 30,1,15,,241884,3,0,7 29 30,1,20,,241886,3,0,7 29 30,1,60,,241887,3,0,7 29 30,1,20,,241890,3,0,7 29 30,1,30,,241891,3,0,7 29 30,1,70,,241894,3,0,7 29 30,1,30,,241895,3,0,7 29 30,1,70,,241898,3,0,7 29 30,1,95,,241901,3,0,7 29 30,1,101,,241903,3,0,7 29 30,1,95,,241907,3,,,1,105,,241908,3,,,1,95,,241909,3,,,1,100,,241910,3,,,1,100,,241911,3,,,1,104,,241912,3,,,1,100,,241913,3,,,1,100,,241914,3,,,1,110,,241915,3,,,1
2100,'20261006',346,,241916,3,,,1,75,,241917,3,,,1,25,,241918,3,,,1,455,,241920,3,0,7 29 30,1,20,,241923,3,0,7 29 30,1,20,,241925,3,0,7 29 30,1,65,,241926,3,0,7 29 30,1,15,,241929,3,0,7 29 30,1,20,,241931,3,0,7 29 30,1,60,,241932,3,0,7 29 30,1,20,,241935,3,0,7 29 30,1,30,,241936,3,0,7 29 30,1,70,,241939,3,0,7 29 30,1,30,,241940,3,0,7 29 30,1,70,,241943,3,0,7 29 30,1,95,,241946,3,0,7 29 30,1,101,,241948,3,0,7 29 30,1,95,,241952,3,,,1,105,,241953,3,,,1,95,,241954,3,,,1,100,,241955,3,,,1,100,,241956,3,,,1,104,,241957,3,,,1,100,,241958,3,,,1,100,,241959,3,,,1,110,,241960,3,,,1
2100,'20261007',346,,241961,3,,,1,75,,241962,3,,,1,25,,241963,3,,,1,455,,241965,3,0,7 29 30,1,20,,241968,3,0,7 29 30,1,20,,241970,3,0,7 29 30,1,65,,241971,3,0,7 29 30,1,15,,241974,3,0,7 29 30,1,20,,241976,3,0,7 29 30,1,60,,241977,3,0,7 29 30,1,20,,241980,3,0,7 29 30,1,30,,241981,3,0,7 29 30,1,70,,241984,3,0,7 29 30,1,30,,241985,3,0,7 29 30,1,70,,241988,3,0,7 29 30,1,95,,241991,3,0,7 29 30,1,101,,241993,3,0,7 29 30,1,95,,241997,3,,,1,105,,241998,3,,,1,95,,241999,3,,,1,100,,242000,3,,,1,100,,242001,3,,,1,104,,242002,3,,,1,100,,242003,3,,,1,100,,242004,3,,,1,110,,242005,3,,,1
2100,'20261008',346,,242006,3,,,1,75,,242007,3,,,1,25,,242008,3,,,1,455,,242010,3,0,7 29 30,1,20,,242013,3,0,7 29 30,1,20,,242015,3,0,7 29 30,1,65,,242016,3,0,7 29 30,1,15,,242019,3,0,7 29 30,1,20,,242021,3,0,7 29 30,1,60,,242022,3,0,7 29 30,1,20,,242025,3,0,7 29 30,1,30,,242026,3,0,7 29 30,1,70,,242029,3,0,7 29 30,1,30,,242030,3,0,7 29 30,1,70,,242033,3,0,7 29 30,1,95,,242036,3,0,7 29 30,1,101,,242038,3,0,7 29 30,1,95,,242042,3,,,1,105,,242043,3,,,1,95,,242044,3,,,1,100,,242045,3,,,1,100,,242046,3,,,1,104,,242047,3,,,1,100,,242048,3,,,1,100,,242049,3,,,1,110,,242050,3,,,1
2100,'20261009',346,,242051,3,,,1,75,,242052,3,,,1,25,,242053,3,,,1,455,,242055,3,0,7 29 30,1,20,,242058,3,0,7 29 30,1,20,,242060,3,0,7 29 30,1,65,,242061,3,0,7 29 30,1,15,,242064,3,0,7 29 30,1,20,,242066,3,0,7 29 30,1,60,,242067,3,0,7 29 30,1,20,,242070,3,0,7 29 30,1,30,,242071,3,0,7 29 30,1,70,,242074,3,0,7 29 30,1,30,,242075,3,0,7 29 30,1,70,,242078,3,0,7 29 30,1,95,,242081,3,0,7 29 30,1,101,,242083,3,0,7 29 30,1,95,,242087,3,,,1,105,,242088,3,,,1,95,,242089,3,,,1,100,,242090,3,,,1,100,,242091,3,,,1,104,,242092,3,,,1,100,,242093,3,,,1,100,,242094,3,,,1,110,,242095,3,,,1
2100,'20261010',456,,242096,3,0,57 29 30,1,100,,242097,3,0,57 29 30,1,70,,242098,3,0,57 29 30,1,105,,242100,3,0,7 29 30,1,100,,242103,3,0,7 29 30,1,100,,242107,3,0,7 29 30,1,91,,242111,3,0,7 29 30,1,105,,242115,3,0,7 29 30,1,100,,242118,3,0,7 29 30,1,100,,242121,3,0,7 29 30,1,100,,242124,3,0,7 29 30,1,100,,242127,3,0,7 29 30,1,94,,242130,3,0,7 29 30,1,100,,242133,3,0,7 29 30,1,105,,242135,3,0,7 29 30,1,100,,242138,3,0,57 29 30,1,95,,242139,3,0,57 29 30,1,105,,242140,3,0,57 29 30,1,95,,242141,3,0,57 29 30,1,105,,242142,3,0,57 29 30,1,100,,242143,3,0,57 29 30,1
2100,'20261011',456,,242144,3,0,57 29 30,1,100,,242145,3,0,57 29 30,1,70,,242146,3,0,57 29 30,1,105,,242147,3,0,7 29 30,1,100,,242149,3,0,7 29 30,1,100,,242152,3,0,7 29 30,1,91,,242155,3,0,7 29 30,1,105,,242159,3,0,7 29 30,1,100,,242162,3,0,7 29 30,1,100,,242165,3,0,7 29 30,1,100,,242168,3,0,7 29 30,1,100,,242171,3,0,7 29 30,1,94,,242174,3,0,7 29 30,1,100,,242177,3,0,7 29 30,1,105,,242179,3,0,7 29 30,1,100,,242181,3,0,57 29 30,1,95,,242182,3,0,57 29 30,1,105,,242183,3,0,57 29 30,1,95,,242184,3,0,57 29 30,1,105,,242185,3,0,57 29 30,1,100,,242186,3,0,57 29 30,1
2100,'20261012',456,,242187,3,0,57 29 30,1,100,,242188,3,0,57 29 30,1,70,,242189,3,0,57 29 30,1,105,,242191,3,0,7 29 30,1,100,,242194,3,0,7 29 30,1,100,,242198,3,0,7 29 30,1,91,,242202,3,0,7 29 30,1,105,,242206,3,0,7 29 30,1,100,,242209,3,0,7 29 30,1,100,,242212,3,0,7 29 30,1,100,,242215,3,0,7 29 30,1,100,,242218,3,0,7 29 30,1,94,,242221,3,0,7 29 30,1,100,,242224,3,0,7 29 30,1,105,,242226,3,0,7 29 30,1,100,,242229,3,0,57 29 30,1,95,,242230,3,0,57 29 30,1,105,,242231,3,0,57 29 30,1,95,,242232,3,0,57 29 30,1,105,,242233,3,0,57 29 30,1,100,,242234,3,0,57 29 30,1
2100,'20261013',346,,242235,3,,,1,75,,242236,3,,,1,25,,242237,3,,,1,455,,242239,3,0,7 29 30,1,20,,242242,3,0,7 29 30,1,20,,242244,3,0,7 29 30,1,65,,242245,3,0,7 29 30,1,15,,242248,3,0,7 29 30,1,20,,242250,3,0,7 29 30,1,60,,242251,3,0,7 29 30,1,20,,242254,3,0,7 29 30,1,30,,242255,3,0,7 29 30,1,70,,242258,3,0,7 29 30,1,30,,242259,3,0,7 29 30,1,70,,242262,3,0,7 29 30,1,95,,242265,3,0,7 29 30,1,101,,242267,3,0,7 29 30,1,95,,242271,3,,,1,105,,242272,3,,,1,95,,242273,3,,,1,100,,242274,3,,,1,100,,242275,3,,,1,104,,242276,3,,,1,100,,242277,3,,,1,100,,242278,3,,,1,110,,242279,3,,,1
2100,'20261014',346,,242280,3,,,1,75,,242281,3,,,1,25,,242282,3,,,1,455,,242284,3,0,7 29 30,1,20,,242287,3,0,7 29 30,1,20,,242289,3,0,7 29 30,1,65,,242290,3,0,7 29 30,1,15,,242293,3,0,7 29 30,1,20,,242295,3,0,7 29 30,1,60,,242296,3,0,7 29 30,1,20,,242299,3,0,7 29 30,1,30,,242300,3,0,7 29 30,1,70,,242303,3,0,7 29 30,1,30,,242304,3,0,7 29 30,1,70,,242307,3,0,7 29 30,1,95,,242310,3,0,7 29 30,1,101,,242312,3,0,7 29 30,1,95,,242316,3,,,1,105,,242317,3,,,1,95,,242318,3,,,1,100,,242319,3,,,1,100,,242320,3,,,1,104,,242321,3,,,1,100,,242322,3,,,1,100,,242323,3,,,1,110,,242324,3,,,1
2100,'20261015',346,,242325,3,,,1,75,,242326,3,,,1,25,,242327,3,,,1,455,,242329,3,0,7 29 30,1,20,,242332,3,0,7 29 30,1,20,,242334,3,0,7 29 30,1,65,,242335,3,0,7 29 30,1,15,,242338,3,0,7 29 30,1,20,,242340,3,0,7 29 30,1,60,,242341,3,0,7 29 30,1,20,,242344,3,0,7 29 30,1,30,,242345,3,0,7 29 30,1,70,,242348,3,0,7 29 30,1,30,,242349,3,0,7 29 30,1,70,,242352,3,0,7 29 30,1,95,,242355,3,0,7 29 30,1,101,,242357,3,0,7 29 30,1,95,,242361,3,,,1,105,,242362,3,,,1,95,,242363,3,,,1,100,,242364,3,,,1,100,,242365,3,,,1,104,,242366,3,,,1,100,,242367,3,,,1,100,,242368,3,,,1,110,,242369,3,,,1
2100,'20261016',346,,242370,3,,,1,75,,242371,3,,,1,25,,242372,3,,,1,455,,242374,3,0,7 29 30,1,20,,242377,3,0,7 29 30,1,20,,242379,3,0,7 29 30,1,65,,242380,3,0,7 29 30,1,15,,242383,3,0,7 29 30,1,20,,242385,3,0,7 29 30,1,60,,242386,3,0,7 29 30,1,20,,242389,3,0,7 29 30,1,30,,242390,3,0,7 29 30,1,70,,242393,3,0,7 29 30,1,30,,242394,3,0,7 29 30,1,70,,242397,3,0,7 29 30,1,95,,242400,3,0,7 29 30,1,101,,242402,3,0,7 29 30,1,95,,242406,3,,,1,105,,242407,3,,,1,95,,242408,3,,,1,100,,242409,3,,,1,100,,242410,3,,,1,104,,242411,3,,,1,100,,242412,3,,,1,100,,242413,3,,,1,110,,242414,3,,,1
2100,'20261017',456,,242415,3,0,57 29 30,1,100,,242416,3,0,57 29 30,1,70,,242417,3,0,57 29 30,1,105,,242419,3,0,7 29 30,1,100,,242422,3,0,7 29 30,1,100,,242426,3,0,7 29 30,1,91,,242430,3,0,7 29 30,1,105,,242434,3,0,7 29 30,1,100,,242437,3,0,7 29 30,1,100,,242440,3,0,7 29 30,1,100,,242443,3,0,7 29 30,1,100,,242446,3,0,7 29 30,1,94,,242449,3,0,7 29 30,1,100,,242452,3,0,7 29 30,1,105,,242454,3,0,7 29 30,1,100,,242457,3,0,57 29 30,1,95,,242458,3,0,57 29 30,1,105,,242459,3,0,57 29 30,1,95,,242460,3,0,57 29 30,1,105,,242461,3,0,57 29 30,1,100,,242462,3,0,57 29 30,1
2100,'20261018',456,,242463,3,0,57 29 30,1,100,,242464,3,0,57 29 30,1,70,,242465,3,0,57 29 30,1,105,,242466,3,0,7 29 30,1,100,,242468,3,0,7 29 30,1,100,,242471,3,0,7 29 30,1,91,,242474,3,0,7 29 30,1,105,,242478,3,0,7 29 30,1,100,,242481,3,0,7 29 30,1,100,,242484,3,0,7 29 30,1,100,,242487,3,0,7 29 30,1,100,,242490,3,0,7 29 30,1,94,,242493,3,0,7 29 30,1,100,,242496,3,0,7 29 30,1,105,,242498,3,0,7 29 30,1,100,,242500,3,0,57 29 30,1,95,,242501,3,0,57 29 30,1,105,,242502,3,0,57 29 30,1,95,,242503,3,0,57 29 30,1,105,,242504,3,0,57 29 30,1,100,,242505,3,0,57 29 30,1
2100,'20261019',346,,242506,3,,,1,75,,242507,3,,,1,25,,242508,3,,,1,455,,242510,3,0,7 29 30,1,20,,242513,3,0,7 29 30,1,20,,242515,3,0,7 29 30,1,65,,242516,3,0,7 29 30,1,15,,242519,3,0,7 29 30,1,20,,242521,3,0,7 29 30,1,60,,242522,3,0,7 29 30,1,20,,242525,3,0,7 29 30,1,30,,242526,3,0,7 29 30,1,70,,242529,3,0,7 29 30,1,30,,242530,3,0,7 29 30,1,70,,242533,3,0,7 29 30,1,95,,242536,3,0,7 29 30,1,101,,242538,3,0,7 29 30,1,95,,242542,3,,,1,105,,242543,3,,,1,95,,242544,3,,,1,100,,242545,3,,,1,100,,242546,3,,,1,104,,242547,3,,,1,100,,242548,3,,,1,100,,242549,3,,,1,110,,242550,3,,,1
2100,'20261020',346,,242551,3,,,1,75,,242552,3,,,1,25,,242553,3,,,1,455,,242555,3,0,7 29 30,1,20,,242558,3,0,7 29 30,1,20,,242560,3,0,7 29 30,1,65,,242561,3,0,7 29 30,1,15,,242564,3,0,7 29 30,1,20,,242566,3,0,7 29 30,1,60,,242567,3,0,7 29 30,1,20,,242570,3,0,7 29 30,1,30,,242571,3,0,7 29 30,1,70,,242574,3,0,7 29 30,1,30,,242575,3,0,7 29 30,1,70,,242578,3,0,7 29 30,1,95,,242581,3,0,7 29 30,1,101,,242583,3,0,7 29 30,1,95,,242587,3,,,1,105,,242588,3,,,1,95,,242589,3,,,1,100,,242590,3,,,1,100,,242591,3,,,1,104,,242592,3,,,1,100,,242593,3,,,1,100,,242594,3,,,1,110,,242595,3,,,1
2100,'20261021',346,,242596,3,,,1,75,,242597,3,,,1,25,,242598,3,,,1,455,,242600,3,0,7 29 30,1,20,,242603,3,0,7 29 30,1,20,,242605,3,0,7 29 30,1,65,,242606,3,0,7 29 30,1,15,,242609,3,0,7 29 30,1,20,,242611,3,0,7 29 30,1,60,,242612,3,0,7 29 30,1,20,,242615,3,0,7 29 30,1,30,,242616,3,0,7 29 30,1,70,,242619,3,0,7 29 30,1,30,,242620,3,0,7 29 30,1,70,,242623,3,0,7 29 30,1,95,,242626,3,0,7 29 30,1,101,,242628,3,0,7 29 30,1,95,,242632,3,,,1,105,,242633,3,,,1,95,,242634,3,,,1,100,,242635,3,,,1,100,,242636,3,,,1,104,,242637,3,,,1,100,,242638,3,,,1,100,,242639,3,,,1,110,,242640,3,,,1
2100,'20261022',346,,242641,3,,,1,75,,242642,3,,,1,25,,242643,3,,,1,455,,242645,3,0,7 29 30,1,20,,242648,3,0,7 29 30,1,20,,242650,3,0,7 29 30,1,65,,242651,3,0,7 29 30,1,15,,242654,3,0,7 29 30,1,20,,242656,3,0,7 29 30,1,60,,242657,3,0,7 29 30,1,20,,242660,3,0,7 29 30,1,30,,242661,3,0,7 29 30,1,70,,242664,3,0,7 29 30,1,30,,242665,3,0,7 29 30,1,70,,242668,3,0,7 29 30,1,95,,242671,3,0,7 29 30,1,101,,242673,3,0,7 29 30,1,95,,242677,3,,,1,105,,242678,3,,,1,95,,242679,3,,,1,100,,242680,3,,,1,100,,242681,3,,,1,104,,242682,3,,,1,100,,242683,3,,,1,100,,242684,3,,,1,110,,242685,3,,,1
2100,'20261023',346,,242686,3,,,1,75,,242687,3,,,1,25,,242688,3,,,1,455,,242690,3,0,7 29 30,1,20,,242693,3,0,7 29 30,1,20,,242695,3,0,7 29 30,1,65,,242696,3,0,7 29 30,1,15,,242699,3,0,7 29 30,1,20,,242701,3,0,7 29 30,1,60,,242702,3,0,7 29 30,1,20,,242705,3,0,7 29 30,1,30,,242706,3,0,7 29 30,1,70,,242709,3,0,7 29 30,1,30,,242710,3,0,7 29 30,1,70,,242713,3,0,7 29 30,1,95,,242716,3,0,7 29 30,1,101,,242718,3,0,7 29 30,1,95,,242722,3,,,1,105,,242723,3,,,1,95,,242724,3,,,1,100,,242725,3,,,1,100,,242726,3,,,1,104,,242727,3,,,1,100,,242728,3,,,1,100,,242729,3,,,1,110,,242730,3,,,1
2100,'20261024',456,,242731,3,0,57 29 30,1,100,,242732,3,0,57 29 30,1,70,,242733,3,0,57 29 30,1,105,,242735,3,0,7 29 30,1,100,,242738,3,0,7 29 30,1,100,,242742,3,0,7 29 30,1,91,,242746,3,0,7 29 30,1,105,,242750,3,0,7 29 30,1,100,,242753,3,0,7 29 30,1,100,,242756,3,0,7 29 30,1,100,,242759,3,0,7 29 30,1,100,,242762,3,0,7 29 30,1,94,,242765,3,0,7 29 30,1,100,,242768,3,0,7 29 30,1,105,,242770,3,0,7 29 30,1,100,,242773,3,0,57 29 30,1,95,,242774,3,0,57 29 30,1,105,,242775,3,0,57 29 30,1,95,,242776,3,0,57 29 30,1,105,,242777,3,0,57 29 30,1,100,,242778,3,0,57 29 30,1
2100,'20261025',456,,242779,3,0,57 29 30,1,100,,242780,3,0,57 29 30,1,70,,242781,3,0,57 29 30,1,105,,242782,3,0,7 29 30,1,100,,242784,3,0,7 29 30,1,100,,242787,3,0,7 29 30,1,91,,242790,3,0,7 29 30,1,105,,242794,3,0,7 29 30,1,100,,242797,3,0,7 29 30,1,100,,242800,3,0,7 29 30,1,100,,242803,3,0,7 29 30,1,100,,242806,3,0,7 29 30,1,94,,242809,3,0,7 29 30,1,100,,242812,3,0,7 29 30,1,105,,242814,3,0,7 29 30,1,100,,242816,3,0,57 29 30,1,95,,242817,3,0,57 29 30,1,105,,242818,3,0,57 29 30,1,95,,242819,3,0,57 29 30,1,105,,242820,3,0,57 29 30,1,100,,242821,3,0,57 29 30,1
2100,'20261026',346,,242822,3,,,1,75,,242823,3,,,1,25,,242824,3,,,1,455,,242826,3,0,7 29 30,1,20,,242829,3,0,7 29 30,1,20,,242831,3,0,7 29 30,1,65,,242832,3,0,7 29 30,1,15,,242835,3,0,7 29 30,1,20,,242837,3,0,7 29 30,1,60,,242838,3,0,7 29 30,1,20,,242841,3,0,7 29 30,1,30,,242842,3,0,7 29 30,1,70,,242845,3,0,7 29 30,1,30,,242846,3,0,7 29 30,1,70,,242849,3,0,7 29 30,1,95,,242852,3,0,7 29 30,1,101,,242854,3,0,7 29 30,1,95,,242858,3,,,1,105,,242859,3,,,1,95,,242860,3,,,1,100,,242861,3,,,1,100,,242862,3,,,1,104,,242863,3,,,1,100,,242864,3,,,1,100,,242865,3,,,1,110,,242866,3,,,1
2100,'20261027',346,,242867,3,,,1,75,,242868,3,,,1,25,,242869,3,,,1,455,,242871,3,0,7 29 30,1,20,,242874,3,0,7 29 30,1,20,,242876,3,0,7 29 30,1,65,,242877,3,0,7 29 30,1,15,,242880,3,0,7 29 30,1,20,,242882,3,0,7 29 30,1,60,,242883,3,0,7 29 30,1,20,,242886,3,0,7 29 30,1,30,,242887,3,0,7 29 30,1,70,,242890,3,0,7 29 30,1,30,,242891,3,0,7 29 30,1,70,,242894,3,0,7 29 30,1,95,,242897,3,0,7 29 30,1,101,,242899,3,0,7 29 30,1,95,,242903,3,,,1,105,,242904,3,,,1,95,,242905,3,,,1,100,,242906,3,,,1,100,,242907,3,,,1,104,,242908,3,,,1,100,,242909,3,,,1,100,,242910,3,,,1,110,,242911,3,,,1
2100,'20261028',346,,242912,3,,,1,75,,242913,3,,,1,25,,242914,3,,,1,455,,242916,3,0,7 29 30,1,20,,242919,3,0,7 29 30,1,20,,242921,3,0,7 29 30,1,65,,242922,3,0,7 29 30,1,15,,242925,3,0,7 29 30,1,20,,242927,3,0,7 29 30,1,60,,242928,3,0,7 29 30,1,20,,242931,3,0,7 29 30,1,30,,242932,3,0,7 29 30,1,70,,242935,3,0,7 29 30,1,30,,242936,3,0,7 29 30,1,70,,242939,3,0,7 29 30,1,95,,242942,3,0,7 29 30,1,101,,242944,3,0,7 29 30,1,95,,242948,3,,,1,105,,242949,3,,,1,95,,242950,3,,,1,100,,242951,3,,,1,100,,242952,3,,,1,104,,242953,3,,,1,100,,242954,3,,,1,100,,242955,3,,,1,110,,242956,3,,,1
2100,'20261029',346,,242957,3,,,1,75,,242958,3,,,1,25,,242959,3,,,1,455,,242961,3,0,7 29 30,1,20,,242964,3,0,7 29 30,1,20,,242966,3,0,7 29 30,1,65,,242967,3,0,7 29 30,1,15,,242970,3,0,7 29 30,1,20,,242972,3,0,7 29 30,1,60,,242973,3,0,7 29 30,1,20,,242976,3,0,7 29 30,1,30,,242977,3,0,7 29 30,1,70,,242980,3,0,7 29 30,1,30,,242981,3,0,7 29 30,1,70,,242984,3,0,7 29 30,1,95,,242987,3,0,7 29 30,1,101,,242989,3,0,7 29 30,1,95,,242993,3,,,1,105,,242994,3,,,1,95,,242995,3,,,1,100,,242996,3,,,1,100,,242997,3,,,1,104,,242998,3,,,1,100,,242999,3,,,1,100,,243000,3,,,1,110,,243001,3,,,1
2100,'20261030',346,,243002,3,,,1,75,,243003,3,,,1,25,,243004,3,,,1,455,,243006,3,0,7 29 30,1,20,,243009,3,0,7 29 30,1,20,,243011,3,0,7 29 30,1,65,,243012,3,0,7 29 30,1,15,,243015,3,0,7 29 30,1,20,,243017,3,0,7 29 30,1,60,,243018,3,0,7 29 30,1,20,,243021,3,0,7 29 30,1,30,,243022,3,0,7 29 30,1,70,,243025,3,0,7 29 30,1,30,,243026,3,0,7 29 30,1,70,,243029,3,0,7 29 30,1,95,,243032,3,0,7 29 30,1,101,,243034,3,0,7 29 30,1,95,,243038,3,,,1,105,,243039,3,,,1,95,,243040,3,,,1,100,,243041,3,,,1,100,,243042,3,,,1,104,,243043,3,,,1,100,,243044,3,,,1,100,,243045,3,,,1,110,,243046,3,,,1
2100,'20261031',456,,243047,3,0,57 29 30,1,100,,243048,3,0,57 29 30,1,70,,243049,3,0,57 29 30,1,105,,243051,3,0,7 29 30,1,100,,243054,3,0,7 29 30,1,100,,243058,3,0,7 29 30,1,91,,243062,3,0,7 29 30,1,105,,243066,3,0,7 29 30,1,100,,243069,3,0,7 29 30,1,100,,243072,3,0,7 29 30,1,100,,243075,3,0,7 29 30,1,100,,243078,3,0,7 29 30,1,94,,243081,3,0,7 29 30,1,100,,243084,3,0,7 29 30,1,105,,243086,3,0,7 29 30,1,100,,243089,3,0,57 29 30,1,95,,243090,3,0,57 29 30,1,105,,243091,3,0,57 29 30,1,95,,243092,3,0,57 29 30,1,105,,243093,3,0,57 29 30,1,100,,243094,3,0,57 29 30,1
2100,'20261101',456,,243095,3,0,57 29 30,1,100,,243096,3,0,57 29 30,1,70,,243097,3,0,57 29 30,1,105,,243098,3,0,7 29 30,1,100,,243100,3,0,7 29 30,1,100,,243103,3,0,7 29 30,1,91,,243106,3,0,7 29 30,1,105,,243110,3,0,7 29 30,1,100,,243113,3,0,7 29 30,1,100,,243116,3,0,7 29 30,1,100,,243119,3,0,7 29 30,1,100,,243122,3,0,7 29 30,1,94,,243125,3,0,7 29 30,1,100,,243128,3,0,7 29 30,1,105,,243130,3,0,7 29 30,1,100,,243132,3,0,57 29 30,1,95,,243133,3,0,57 29 30,1,105,,243134,3,0,57 29 30,1,95,,243135,3,0,57 29 30,1,105,,243136,3,0,57 29 30,1,100,,243137,3,0,57 29 30,1
2100,'20261102',346,,243138,3,,,1,75,,243139,3,,,1,25,,243140,3,,,1,455,,243142,3,0,7 29 30,1,20,,243145,3,0,7 29 30,1,20,,243147,3,0,7 29 30,1,65,,243148,3,0,7 29 30,1,15,,243151,3,0,7 29 30,1,20,,243153,3,0,7 29 30,1,60,,243154,3,0,7 29 30,1,20,,243157,3,0,7 29 30,1,30,,243158,3,0,7 29 30,1,70,,243161,3,0,7 29 30,1,30,,243162,3,0,7 29 30,1,70,,243165,3,0,7 29 30,1,95,,243168,3,0,7 29 30,1,101,,243170,3,0,7 29 30,1,95,,243174,3,,,1,105,,243175,3,,,1,95,,243176,3,,,1,100,,243177,3,,,1,100,,243178,3,,,1,104,,243179,3,,,1,100,,243180,3,,,1,100,,243181,3,,,1,110,,243182,3,,,1
2100,'20261103',346,,243183,3,,,1,75,,243184,3,,,1,25,,243185,3,,,1,455,,243187,3,0,7 29 30,1,20,,243190,3,0,7 29 30,1,20,,243192,3,0,7 29 30,1,65,,243193,3,0,7 29 30,1,15,,243196,3,0,7 29 30,1,20,,243198,3,0,7 29 30,1,60,,243199,3,0,7 29 30,1,20,,243202,3,0,7 29 30,1,30,,243203,3,0,7 29 30,1,70,,243206,3,0,7 29 30,1,30,,243207,3,0,7 29 30,1,70,,243210,3,0,7 29 30,1,95,,243213,3,0,7 29 30,1,101,,243215,3,0,7 29 30,1,95,,243219,3,,,1,105,,243220,3,,,1,95,,243221,3,,,1,100,,243222,3,,,1,100,,243223,3,,,1,104,,243224,3,,,1,100,,243225,3,,,1,100,,243226,3,,,1,110,,243227,3,,,1
2100,'20261104',346,,243228,3,,,1,75,,243229,3,,,1,25,,243230,3,,,1,455,,243232,3,0,7 29 30,1,20,,243235,3,0,7 29 30,1,20,,243237,3,0,7 29 30,1,65,,243238,3,0,7 29 30,1,15,,243241,3,0,7 29 30,1,20,,243243,3,0,7 29 30,1,60,,243244,3,0,7 29 30,1,20,,243247,3,0,7 29 30,1,30,,243248,3,0,7 29 30,1,70,,243251,3,0,7 29 30,1,30,,243252,3,0,7 29 30,1,70,,243255,3,0,7 29 30,1,95,,243258,3,0,7 29 30,1,101,,243260,3,0,7 29 30,1,95,,243264,3,,,1,105,,243265,3,,,1,95,,243266,3,,,1,100,,243267,3,,,1,100,,243268,3,,,1,104,,243269,3,,,1,100,,243270,3,,,1,100,,243271,3,,,1,110,,243272,3,,,1
2100,'20261105',346,,243273,3,,,1,75,,243274,3,,,1,25,,243275,3,,,1,455,,243277,3,0,7 29 30,1,20,,243280,3,0,7 29 30,1,20,,243282,3,0,7 29 30,1,65,,243283,3,0,7 29 30,1,15,,243286,3,0,7 29 30,1,20,,243288,3,0,7 29 30,1,60,,243289,3,0,7 29 30,1,20,,243292,3,0,7 29 30,1,30,,243293,3,0,7 29 30,1,70,,243296,3,0,7 29 30,1,30,,243297,3,0,7 29 30,1,70,,243300,3,0,7 29 30,1,95,,243303,3,0,7 29 30,1,101,,243305,3,0,7 29 30,1,95,,243309,3,,,1,105,,243310,3,,,1,95,,243311,3,,,1,100,,243312,3,,,1,100,,243313,3,,,1,104,,243314,3,,,1,100,,243315,3,,,1,100,,243316,3,,,1,110,,243317,3,,,1
2100,'20261106',346,,243318,3,,,1,75,,243319,3,,,1,25,,243320,3,,,1,455,,243322,3,0,7 29 30,1,20,,243325,3,0,7 29 30,1,20,,243327,3,0,7 29 30,1,65,,243328,3,0,7 29 30,1,15,,243331,3,0,7 29 30,1,20,,243333,3,0,7 29 30,1,60,,243334,3,0,7 29 30,1,20,,243337,3,0,7 29 30,1,30,,243338,3,0,7 29 30,1,70,,243341,3,0,7 29 30,1,30,,243342,3,0,7 29 30,1,70,,243345,3,0,7 29 30,1,95,,243348,3,0,7 29 30,1,101,,243350,3,0,7 29 30,1,95,,243354,3,,,1,105,,243355,3,,,1,95,,243356,3,,,1,100,,243357,3,,,1,100,,243358,3,,,1,104,,243359,3,,,1,100,,243360,3,,,1,100,,243361,3,,,1,110,,243362,3,,,1
2100,'20261107',456,,243363,3,0,57 29 30,1,100,,243364,3,0,57 29 30,1,70,,243365,3,0,57 29 30,1,105,,243367,3,0,7 29 30,1,100,,243370,3,0,7 29 30,1,100,,243374,3,0,7 29 30,1,91,,243378,3,0,7 29 30,1,105,,243382,3,0,7 29 30,1,100,,243385,3,0,7 29 30,1,100,,243388,3,0,7 29 30,1,100,,243391,3,0,7 29 30,1,100,,243394,3,0,7 29 30,1,94,,243397,3,0,7 29 30,1,100,,243400,3,0,7 29 30,1,105,,243402,3,0,7 29 30,1,100,,243405,3,0,57 29 30,1,95,,243406,3,0,57 29 30,1,105,,243407,3,0,57 29 30,1,95,,243408,3,0,57 29 30,1,105,,243409,3,0,57 29 30,1,100,,243410,3,0,57 29 30,1
2100,'20261108',456,,243411,3,0,57 29 30,1,100,,243412,3,0,57 29 30,1,70,,243413,3,0,57 29 30,1,105,,243414,3,0,7 29 30,1,100,,243416,3,0,7 29 30,1,100,,243419,3,0,7 29 30,1,91,,243422,3,0,7 29 30,1,105,,243426,3,0,7 29 30,1,100,,243429,3,0,7 29 30,1,100,,243432,3,0,7 29 30,1,100,,243435,3,0,7 29 30,1,100,,243438,3,0,7 29 30,1,94,,243441,3,0,7 29 30,1,100,,243444,3,0,7 29 30,1,105,,243446,3,0,7 29 30,1,100,,243448,3,0,57 29 30,1,95,,243449,3,0,57 29 30,1,105,,243450,3,0,57 29 30,1,95,,243451,3,0,57 29 30,1,105,,243452,3,0,57 29 30,1,100,,243453,3,0,57 29 30,1
2100,'20261109',346,,243454,3,,,1,75,,243455,3,,,1,25,,243456,3,,,1,455,,243458,3,0,7 29 30,1,20,,243461,3,0,7 29 30,1,20,,243463,3,0,7 29 30,1,65,,243464,3,0,7 29 30,1,15,,243467,3,0,7 29 30,1,20,,243469,3,0,7 29 30,1,60,,243470,3,0,7 29 30,1,20,,243473,3,0,7 29 30,1,30,,243474,3,0,7 29 30,1,70,,243477,3,0,7 29 30,1,30,,243478,3,0,7 29 30,1,70,,243481,3,0,7 29 30,1,95,,243484,3,0,7 29 30,1,101,,243486,3,0,7 29 30,1,95,,243490,3,,,1,105,,243491,3,,,1,95,,243492,3,,,1,100,,243493,3,,,1,100,,243494,3,,,1,104,,243495,3,,,1,100,,243496,3,,,1,100,,243497,3,,,1,110,,243498,3,,,1
2100,'20261110',346,,243499,3,,,1,75,,243500,3,,,1,25,,243501,3,,,1,455,,243503,3,0,7 29 30,1,20,,243506,3,0,7 29 30,1,20,,243508,3,0,7 29 30,1,65,,243509,3,0,7 29 30,1,15,,243512,3,0,7 29 30,1,20,,243514,3,0,7 29 30,1,60,,243515,3,0,7 29 30,1,20,,243518,3,0,7 29 30,1,30,,243519,3,0,7 29 30,1,70,,243522,3,0,7 29 30,1,30,,243523,3,0,7 29 30,1,70,,243526,3,0,7 29 30,1,95,,243529,3,0,7 29 30,1,101,,243531,3,0,7 29 30,1,95,,243535,3,,,1,105,,243536,3,,,1,95,,243537,3,,,1,100,,243538,3,,,1,100,,243539,3,,,1,104,,243540,3,,,1,100,,243541,3,,,1,100,,243542,3,,,1,110,,243543,3,,,1
2100,'20261111',346,,243544,3,,,1,75,,243545,3,,,1,25,,243546,3,,,1,455,,243548,3,0,7 29 30,1,20,,243551,3,0,7 29 30,1,20,,243553,3,0,7 29 30,1,65,,243554,3,0,7 29 30,1,15,,243557,3,0,7 29 30,1,20,,243559,3,0,7 29 30,1,60,,243560,3,0,7 29 30,1,20,,243563,3,0,7 29 30,1,30,,243564,3,0,7 29 30,1,70,,243567,3,0,7 29 30,1,30,,243568,3,0,7 29 30,1,70,,243571,3,0,7 29 30,1,95,,243574,3,0,7 29 30,1,101,,243576,3,0,7 29 30,1,95,,243580,3,,,1,105,,243581,3,,,1,95,,243582,3,,,1,100,,243583,3,,,1,100,,243584,3,,,1,104,,243585,3,,,1,100,,243586,3,,,1,100,,243587,3,,,1,110,,243588,3,,,1
2100,'20261112',346,,243589,3,,,1,75,,243590,3,,,1,25,,243591,3,,,1,455,,243593,3,0,7 29 30,1,20,,243596,3,0,7 29 30,1,20,,243598,3,0,7 29 30,1,65,,243599,3,0,7 29 30,1,15,,243602,3,0,7 29 30,1,20,,243604,3,0,7 29 30,1,60,,243605,3,0,7 29 30,1,20,,243608,3,0,7 29 30,1,30,,243609,3,0,7 29 30,1,70,,243612,3,0,7 29 30,1,30,,243613,3,0,7 29 30,1,70,,243616,3,0,7 29 30,1,95,,243619,3,0,7 29 30,1,101,,243621,3,0,7 29 30,1,95,,243625,3,,,1,105,,243626,3,,,1,95,,243627,3,,,1,100,,243628,3,,,1,100,,243629,3,,,1,104,,243630,3,,,1,100,,243631,3,,,1,100,,243632,3,,,1,110,,243633,3,,,1
2100,'20261113',346,,243634,3,,,1,75,,243635,3,,,1,25,,243636,3,,,1,455,,243638,3,0,7 29 30,1,20,,243641,3,0,7 29 30,1,20,,243643,3,0,7 29 30,1,65,,243644,3,0,7 29 30,1,15,,243647,3,0,7 29 30,1,20,,243649,3,0,7 29 30,1,60,,243650,3,0,7 29 30,1,20,,243653,3,0,7 29 30,1,30,,243654,3,0,7 29 30,1,70,,243657,3,0,7 29 30,1,30,,243658,3,0,7 29 30,1,70,,243661,3,0,7 29 30,1,95,,243664,3,0,7 29 30,1,101,,243666,3,0,7 29 30,1,95,,243670,3,,,1,105,,243671,3,,,1,95,,243672,3,,,1,100,,243673,3,,,1,100,,243674,3,,,1,104,,243675,3,,,1,100,,243676,3,,,1,100,,243677,3,,,1,110,,243678,3,,,1
2100,'20261114',456,,243679,3,0,57 29 30,1,100,,243680,3,0,57 29 30,1,70,,243681,3,0,57 29 30,1,105,,243683,3,0,7 29 30,1,100,,243686,3,0,7 29 30,1,100,,243690,3,0,7 29 30,1,91,,243694,3,0,7 29 30,1,105,,243698,3,0,7 29 30,1,100,,243701,3,0,7 29 30,1,100,,243704,3,0,7 29 30,1,100,,243707,3,0,7 29 30,1,100,,243710,3,0,7 29 30,1,94,,243713,3,0,7 29 30,1,100,,243716,3,0,7 29 30,1,105,,243718,3,0,7 29 30,1,100,,243721,3,0,57 29 30,1,95,,243722,3,0,57 29 30,1,105,,243723,3,0,57 29 30,1,95,,243724,3,0,57 29 30,1,105,,243725,3,0,57 29 30,1,100,,243726,3,0,57 29 30,1
2100,'20261115',456,,243727,3,0,57 29 30,1,100,,243728,3,0,57 29 30,1,70,,243729,3,0,57 29 30,1,105,,243730,3,0,7 29 30,1,100,,243732,3,0,7 29 30,1,100,,243735,3,0,7 29 30,1,91,,243738,3,0,7 29 30,1,105,,243742,3,0,7 29 30,1,100,,243745,3,0,7 29 30,1,100,,243748,3,0,7 29 30,1,100,,243751,3,0,7 29 30,1,100,,243754,3,0,7 29 30,1,94,,243757,3,0,7 29 30,1,100,,243760,3,0,7 29 30,1,105,,243762,3,0,7 29 30,1,100,,243764,3,0,57 29 30,1,95,,243765,3,0,57 29 30,1,105,,243766,3,0,57 29 30,1,95,,243767,3,0,57 29 30,1,105,,243768,3,0,57 29 30,1,100,,243769,3,0,57 29 30,1
2100,'20261116',346,,243770,3,,,1,75,,243771,3,,,1,25,,243772,3,,,1,455,,243774,3,0,7 29 30,1,20,,243777,3,0,7 29 30,1,20,,243779,3,0,7 29 30,1,65,,243780,3,0,7 29 30,1,15,,243783,3,0,7 29 30,1,20,,243785,3,0,7 29 30,1,60,,243786,3,0,7 29 30,1,20,,243789,3,0,7 29 30,1,30,,243790,3,0,7 29 30,1,70,,243793,3,0,7 29 30,1,30,,243794,3,0,7 29 30,1,70,,243797,3,0,7 29 30,1,95,,243800,3,0,7 29 30,1,101,,243802,3,0,7 29 30,1,95,,243806,3,,,1,105,,243807,3,,,1,95,,243808,3,,,1,100,,243809,3,,,1,100,,243810,3,,,1,104,,243811,3,,,1,100,,243812,3,,,1,100,,243813,3,,,1,110,,243814,3,,,1
2100,'20261117',346,,243815,3,,,1,75,,243816,3,,,1,25,,243817,3,,,1,455,,243819,3,0,7 29 30,1,20,,243822,3,0,7 29 30,1,20,,243824,3,0,7 29 30,1,65,,243825,3,0,7 29 30,1,15,,243828,3,0,7 29 30,1,20,,243830,3,0,7 29 30,1,60,,243831,3,0,7 29 30,1,20,,243834,3,0,7 29 30,1,30,,243835,3,0,7 29 30,1,70,,243838,3,0,7 29 30,1,30,,243839,3,0,7 29 30,1,70,,243842,3,0,7 29 30,1,95,,243845,3,0,7 29 30,1,101,,243847,3,0,7 29 30,1,95,,243851,3,,,1,105,,243852,3,,,1,95,,243853,3,,,1,100,,243854,3,,,1,100,,243855,3,,,1,104,,243856,3,,,1,100,,243857,3,,,1,100,,243858,3,,,1,110,,243859,3,,,1
2100,'20261118',346,,243860,3,,,1,75,,243861,3,,,1,25,,243862,3,,,1,455,,243864,3,0,7 29 30,1,20,,243867,3,0,7 29 30,1,20,,243869,3,0,7 29 30,1,65,,243870,3,0,7 29 30,1,15,,243873,3,0,7 29 30,1,20,,243875,3,0,7 29 30,1,60,,243876,3,0,7 29 30,1,20,,243879,3,0,7 29 30,1,30,,243880,3,0,7 29 30,1,70,,243883,3,0,7 29 30,1,30,,243884,3,0,7 29 30,1,70,,243887,3,0,7 29 30,1,95,,243890,3,0,7 29 30,1,101,,243892,3,0,7 29 30,1,95,,243896,3,,,1,105,,243897,3,,,1,95,,243898,3,,,1,100,,243899,3,,,1,100,,243900,3,,,1,104,,243901,3,,,1,100,,243902,3,,,1,100,,243903,3,,,1,110,,243904,3,,,1
2100,'20261119',346,,243905,3,,,1,75,,243906,3,,,1,25,,243907,3,,,1,455,,243909,3,0,7 29 30,1,20,,243912,3,0,7 29 30,1,20,,243914,3,0,7 29 30,1,65,,243915,3,0,7 29 30,1,15,,243918,3,0,7 29 30,1,20,,243920,3,0,7 29 30,1,60,,243921,3,0,7 29 30,1,20,,243924,3,0,7 29 30,1,30,,243925,3,0,7 29 30,1,70,,243928,3,0,7 29 30,1,30,,243929,3,0,7 29 30,1,70,,243932,3,0,7 29 30,1,95,,243935,3,0,7 29 30,1,101,,243937,3,0,7 29 30,1,95,,243941,3,,,1,105,,243942,3,,,1,95,,243943,3,,,1,100,,243944,3,,,1,100,,243945,3,,,1,104,,243946,3,,,1,100,,243947,3,,,1,100,,243948,3,,,1,110,,243949,3,,,1
2100,'20261120',346,,243950,3,,,1,75,,243951,3,,,1,25,,243952,3,,,1,455,,243954,3,0,7 29 30,1,20,,243957,3,0,7 29 30,1,20,,243959,3,0,7 29 30,1,65,,243960,3,0,7 29 30,1,15,,243963,3,0,7 29 30,1,20,,243965,3,0,7 29 30,1,60,,243966,3,0,7 29 30,1,20,,243969,3,0,7 29 30,1,30,,243970,3,0,7 29 30,1,70,,243973,3,0,7 29 30,1,30,,243974,3,0,7 29 30,1,70,,243977,3,0,7 29 30,1,95,,243980,3,0,7 29 30,1,101,,243982,3,0,7 29 30,1,95,,243986,3,,,1,105,,243987,3,,,1,95,,243988,3,,,1,100,,243989,3,,,1,100,,243990,3,,,1,104,,243991,3,,,1,100,,243992,3,,,1,100,,243993,3,,,1,110,,243994,3,,,1
2100,'20261121',456,,243995,3,0,57 29 30,1,100,,243996,3,0,57 29 30,1,70,,243997,3,0,57 29 30,1,105,,243999,3,0,7 29 30,1,100,,244002,3,0,7 29 30,1,100,,244006,3,0,7 29 30,1,91,,244010,3,0,7 29 30,1,105,,244014,3,0,7 29 30,1,100,,244017,3,0,7 29 30,1,100,,244020,3,0,7 29 30,1,100,,244023,3,0,7 29 30,1,100,,244026,3,0,7 29 30,1,94,,244029,3,0,7 29 30,1,100,,244032,3,0,7 29 30,1,105,,244034,3,0,7 29 30,1,100,,244037,3,0,57 29 30,1,95,,244038,3,0,57 29 30,1,105,,244039,3,0,57 29 30,1,95,,244040,3,0,57 29 30,1,105,,244041,3,0,57 29 30,1,100,,244042,3,0,57 29 30,1
2100,'20261122',456,,244043,3,0,57 29 30,1,100,,244044,3,0,57 29 30,1,70,,244045,3,0,57 29 30,1,105,,244046,3,0,7 29 30,1,100,,244048,3,0,7 29 30,1,100,,244051,3,0,7 29 30,1,91,,244054,3,0,7 29 30,1,105,,244058,3,0,7 29 30,1,100,,244061,3,0,7 29 30,1,100,,244064,3,0,7 29 30,1,100,,244067,3,0,7 29 30,1,100,,244070,3,0,7 29 30,1,94,,244073,3,0,7 29 30,1,100,,244076,3,0,7 29 30,1,105,,244078,3,0,7 29 30,1,100,,244080,3,0,57 29 30,1,95,,244081,3,0,57 29 30,1,105,,244082,3,0,57 29 30,1,95,,244083,3,0,57 29 30,1,105,,244084,3,0,57 29 30,1,100,,244085,3,0,57 29 30,1
2100,'20261123',346,,244086,3,,,1,75,,244087,3,,,1,25,,244088,3,,,1,455,,244090,3,0,7 29 30,1,20,,244093,3,0,7 29 30,1,20,,244095,3,0,7 29 30,1,65,,244096,3,0,7 29 30,1,15,,244099,3,0,7 29 30,1,20,,244101,3,0,7 29 30,1,60,,244102,3,0,7 29 30,1,20,,244105,3,0,7 29 30,1,30,,244106,3,0,7 29 30,1,70,,244109,3,0,7 29 30,1,30,,244110,3,0,7 29 30,1,70,,244113,3,0,7 29 30,1,95,,244116,3,0,7 29 30,1,101,,244118,3,0,7 29 30,1,95,,244122,3,,,1,105,,244123,3,,,1,95,,244124,3,,,1,100,,244125,3,,,1,100,,244126,3,,,1,104,,244127,3,,,1,100,,244128,3,,,1,100,,244129,3,,,1,110,,244130,3,,,1
2100,'20261124',346,,244131,3,,,1,75,,244132,3,,,1,25,,244133,3,,,1,455,,244135,3,0,7 29 30,1,20,,244138,3,0,7 29 30,1,20,,244140,3,0,7 29 30,1,65,,244141,3,0,7 29 30,1,15,,244144,3,0,7 29 30,1,20,,244146,3,0,7 29 30,1,60,,244147,3,0,7 29 30,1,20,,244150,3,0,7 29 30,1,30,,244151,3,0,7 29 30,1,70,,244154,3,0,7 29 30,1,30,,244155,3,0,7 29 30,1,70,,244158,3,0,7 29 30,1,95,,244161,3,0,7 29 30,1,101,,244163,3,0,7 29 30,1,95,,244167,3,,,1,105,,244168,3,,,1,95,,244169,3,,,1,100,,244170,3,,,1,100,,244171,3,,,1,104,,244172,3,,,1,100,,244173,3,,,1,100,,244174,3,,,1,110,,244175,3,,,1
2100,'20261125',346,,244176,3,,,1,75,,244177,3,,,1,25,,244178,3,,,1,455,,244180,3,0,7 29 30,1,20,,244183,3,0,7 29 30,1,20,,244185,3,0,7 29 30,1,65,,244186,3,0,7 29 30,1,15,,244189,3,0,7 29 30,1,20,,244191,3,0,7 29 30,1,60,,244192,3,0,7 29 30,1,20,,244195,3,0,7 29 30,1,30,,244196,3,0,7 29 30,1,70,,244199,3,0,7 29 30,1,30,,244200,3,0,7 29 30,1,70,,244203,3,0,7 29 30,1,95,,244206,3,0,7 29 30,1,101,,244208,3,0,7 29 30,1,95,,244212,3,,,1,105,,244213,3,,,1,95,,244214,3,,,1,100,,244215,3,,,1,100,,244216,3,,,1,104,,244217,3,,,1,100,,244218,3,,,1,100,,244219,3,,,1,110,,244220,3,,,1
2100,'20261126',346,,244221,3,,,1,75,,244222,3,,,1,25,,244223,3,,,1,455,,244225,3,0,7 29 30,1,20,,244228,3,0,7 29 30,1,20,,244230,3,0,7 29 30,1,65,,244231,3,0,7 29 30,1,15,,244234,3,0,7 29 30,1,20,,244236,3,0,7 29 30,1,60,,244237,3,0,7 29 30,1,20,,244240,3,0,7 29 30,1,30,,244241,3,0,7 29 30,1,70,,244244,3,0,7 29 30,1,30,,244245,3,0,7 29 30,1,70,,244248,3,0,7 29 30,1,95,,244251,3,0,7 29 30,1,101,,244253,3,0,7 29 30,1,95,,244257,3,,,1,105,,244258,3,,,1,95,,244259,3,,,1,100,,244260,3,,,1,100,,244261,3,,,1,104,,244262,3,,,1,100,,244263,3,,,1,100,,244264,3,,,1,110,,244265,3,,,1
2100,'20261127',346,,244266,3,,,1,75,,244267,3,,,1,25,,244268,3,,,1,455,,244270,3,0,7 29 30,1,20,,244273,3,0,7 29 30,1,20,,244275,3,0,7 29 30,1,65,,244276,3,0,7 29 30,1,15,,244279,3,0,7 29 30,1,20,,244281,3,0,7 29 30,1,60,,244282,3,0,7 29 30,1,20,,244285,3,0,7 29 30,1,30,,244286,3,0,7 29 30,1,70,,244289,3,0,7 29 30,1,30,,244290,3,0,7 29 30,1,70,,244293,3,0,7 29 30,1,95,,244296,3,0,7 29 30,1,101,,244298,3,0,7 29 30,1,95,,244302,3,,,1,105,,244303,3,,,1,95,,244304,3,,,1,100,,244305,3,,,1,100,,244306,3,,,1,104,,244307,3,,,1,100,,244308,3,,,1,100,,244309,3,,,1,110,,244310,3,,,1
2201,'20260910',706,,248515,4,,,1,97,,248516,4,,,1,204,,248517,4,,,1,200,,248518,4,,,1,200,,248519,4,,,1,201,,248520,4,,,1,204,,248521,4,,,1,194,,248522,4,,,1
2201,'20260911',706,,248523,4,,,1,97,,248524,4,,,1,204,,248525,4,,,1,200,,248526,4,,,1,200,,248527,4,,,1,201,,248528,4,,,1,204,,248529,4,,,1,194,,248530,4,,,1
2201,'20260914',706,,248531,4,,,1,97,,248532,4,,,1,204,,248533,4,,,1,200,,248534,4,,,1,200,,248535,4,,,1,201,,248536,4,,,1,204,,248537,4,,,1,194,,248538,4,,,1
2201,'20260915',706,,248539,4,,,1,97,,248540,4,,,1,204,,248541,4,,,1,200,,248542,4,,,1,200,,248543,4,,,1,201,,248544,4,,,1,204,,248545,4,,,1,194,,248546,4,,,1
2201,'20260916',706,,248547,4,,,1,97,,248548,4,,,1,204,,248549,4,,,1,200,,248550,4,,,1,200,,248551,4,,,1,201,,248552,4,,,1,204,,248553,4,,,1,194,,248554,4,,,1
2201,'20260917',706,,248555,4,,,1,97,,248556,4,,,1,204,,248557,4,,,1,200,,248558,4,,,1,200,,248559,4,,,1,201,,248560,4,,,1,204,,248561,4,,,1,194,,248562,4,,,1
2201,'20260918',706,,248563,4,,,1,97,,248564,4,,,1,204,,248565,4,,,1,200,,248566,4,,,1,200,,248567,4,,,1,201,,248568,4,,,1,204,,248569,4,,,1,194,,248570,4,,,1
2201,'20260921',706,,248571,4,,,1,97,,248572,4,,,1,204,,248573,4,,,1,200,,248574,4,,,1,200,,248575,4,,,1,201,,248576,4,,,1,204,,248577,4,,,1,194,,248578,4,,,1
2201,'20260922',706,,248579,4,,,1,97,,248580,4,,,1,204,,248581,4,,,1,200,,248582,4,,,1,200,,248583,4,,,1,201,,248584,4,,,1,204,,248585,4,,,1,194,,248586,4,,,1
2201,'20260923',706,,248587,4,,,1,97,,248588,4,,,1,204,,248589,4,,,1,200,,248590,4,,,1,200,,248591,4,,,1,201,,248592,4,,,1,204,,248593,4,,,1,194,,248594,4,,,1
2201,'20260924',706,,248595,4,,,1,97,,248596,4,,,1,204,,248597,4,,,1,200,,248598,4,,,1,200,,248599,4,,,1,201,,248600,4,,,1,204,,248601,4,,,1,194,,248602,4,,,1
2201,'20260925',706,,248603,4,,,1,97,,248604,4,,,1,204,,248605,4,,,1,200,,248606,4,,,1,200,,248607,4,,,1,201,,248608,4,,,1,204,,248609,4,,,1,194,,248610,4,,,1
2201,'20260928',706,,248611,4,,,1,97,,248612,4,,,1,204,,248613,4,,,1,200,,248614,4,,,1,200,,248615,4,,,1,201,,248616,4,,,1,204,,248617,4,,,1,194,,248618,4,,,1
2201,'20260929',706,,248619,4,,,1,97,,248620,4,,,1,204,,248621,4,,,1,200,,248622,4,,,1,200,,248623,4,,,1,201,,248624,4,,,1,204,,248625,4,,,1,194,,248626,4,,,1
2201,'20260930',706,,248627,4,,,1,97,,248628,4,,,1,204,,248629,4,,,1,200,,248630,4,,,1,200,,248631,4,,,1,201,,248632,4,,,1,204,,248633,4,,,1,194,,248634,4,,,1
2201,'20261001',706,,248635,4,,,1,97,,248636,4,,,1,204,,248637,4,,,1,200,,248638,4,,,1,200,,248639,4,,,1,201,,248640,4,,,1,204,,248641,4,,,1,194,,248642,4,,,1
2201,'20261002',706,,248643,4,,,1,97,,248644,4,,,1,204,,248645,4,,,1,200,,248646,4,,,1,200,,248647,4,,,1,201,,248648,4,,,1,204,,248649,4,,,1,194,,248650,4,,,1
2201,'20261005',706,,248651,4,,,1,97,,248652,4,,,1,204,,248653,4,,,1,200,,248654,4,,,1,200,,248655,4,,,1,201,,248656,4,,,1,204,,248657,4,,,1,194,,248658,4,,,1
2201,'20261006',706,,248659,4,,,1,97,,248660,4,,,1,204,,248661,4,,,1,200,,248662,4,,,1,200,,248663,4,,,1,201,,248664,4,,,1,204,,248665,4,,,1,194,,248666,4,,,1
2201,'20261007',706,,248667,4,,,1,97,,248668,4,,,1,204,,248669,4,,,1,200,,248670,4,,,1,200,,248671,4,,,1,201,,248672,4,,,1,204,,248673,4,,,1,194,,248674,4,,,1
2201,'20261008',706,,248675,4,,,1,97,,248676,4,,,1,204,,248677,4,,,1,200,,248678,4,,,1,200,,248679,4,,,1,201,,248680,4,,,1,204,,248681,4,,,1,194,,248682,4,,,1
2201,'20261009',706,,248683,4,,,1,97,,248684,4,,,1,204,,248685,4,,,1,200,,248686,4,,,1,200,,248687,4,,,1,201,,248688,4,,,1,204,,248689,4,,,1,194,,248690,4,,,1
2201,'20261013',706,,248691,4,,,1,97,,248692,4,,,1,204,,248693,4,,,1,200,,248694,4,,,1,200,,248695,4,,,1,201,,248696,4,,,1,204,,248697,4,,,1,194,,248698,4,,,1
2201,'20261014',706,,248699,4,,,1,97,,248700,4,,,1,204,,248701,4,,,1,200,,248702,4,,,1,200,,248703,4,,,1,201,,248704,4,,,1,204,,248705,4,,,1,194,,248706,4,,,1
2201,'20261015',706,,248707,4,,,1,97,,248708,4,,,1,204,,248709,4,,,1,200,,248710,4,,,1,200,,248711,4,,,1,201,,248712,4,,,1,204,,248713,4,,,1,194,,248714,4,,,1
2201,'20261016',706,,248715,4,,,1,97,,248716,4,,,1,204,,248717,4,,,1,200,,248718,4,,,1,200,,248719,4,,,1,201,,248720,4,,,1,204,,248721,4,,,1,194,,248722,4,,,1
2201,'20261019',706,,248723,4,,,1,97,,248724,4,,,1,204,,248725,4,,,1,200,,248726,4,,,1,200,,248727,4,,,1,201,,248728,4,,,1,204,,248729,4,,,1,194,,248730,4,,,1
2201,'20261020',706,,248731,4,,,1,97,,248732,4,,,1,204,,248733,4,,,1,200,,248734,4,,,1,200,,248735,4,,,1,201,,248736,4,,,1,204,,248737,4,,,1,194,,248738,4,,,1
2201,'20261021',706,,248739,4,,,1,97,,248740,4,,,1,204,,248741,4,,,1,200,,248742,4,,,1,200,,248743,4,,,1,201,,248744,4,,,1,204,,248745,4,,,1,194,,248746,4,,,1
2201,'20261022',706,,248747,4,,,1,97,,248748,4,,,1,204,,248749,4,,,1,200,,248750,4,,,1,200,,248751,4,,,1,201,,248752,4,,,1,204,,248753,4,,,1,194,,248754,4,,,1
2201,'20261023',706,,248755,4,,,1,97,,248756,4,,,1,204,,248757,4,,,1,200,,248758,4,,,1,200,,248759,4,,,1,201,,248760,4,,,1,204,,248761,4,,,1,194,,248762,4,,,1
2201,'20261026',706,,248763,4,,,1,97,,248764,4,,,1,204,,248765,4,,,1,200,,248766,4,,,1,200,,248767,4,,,1,201,,248768,4,,,1,204,,248769,4,,,1,194,,248770,4,,,1
2201,'20261027',706,,248771,4,,,1,97,,248772,4,,,1,204,,248773,4,,,1,200,,248774,4,,,1,200,,248775,4,,,1,201,,248776,4,,,1,204,,248777,4,,,1,194,,248778,4,,,1
2201,'20261028',706,,248779,4,,,1,97,,248780,4,,,1,204,,248781,4,,,1,200,,248782,4,,,1,200,,248783,4,,,1,201,,248784,4,,,1,204,,248785,4,,,1,194,,248786,4,,,1
2201,'20261029',706,,248787,4,,,1,97,,248788,4,,,1,204,,248789,4,,,1,200,,248790,4,,,1,200,,248791,4,,,1,201,,248792,4,,,1,204,,248793,4,,,1,194,,248794,4,,,1
2201,'20261030',706,,248795,4,,,1,97,,248796,4,,,1,204,,248797,4,,,1,200,,248798,4,,,1,200,,248799,4,,,1,201,,248800,4,,,1,204,,248801,4,,,1,194,,248802,4,,,1
2201,'20261102',706,,248803,4,,,1,97,,248804,4,,,1,204,,248805,4,,,1,200,,248806,4,,,1,200,,248807,4,,,1,201,,248808,4,,,1,204,,248809,4,,,1,194,,248810,4,,,1
2201,'20261103',706,,248811,4,,,1,97,,248812,4,,,1,204,,248813,4,,,1,200,,248814,4,,,1,200,,248815,4,,,1,201,,248816,4,,,1,204,,248817,4,,,1,194,,248818,4,,,1
2201,'20261104',706,,248819,4,,,1,97,,248820,4,,,1,204,,248821,4,,,1,200,,248822,4,,,1,200,,248823,4,,,1,201,,248824,4,,,1,204,,248825,4,,,1,194,,248826,4,,,1
2201,'20261105',706,,248827,4,,,1,97,,248828,4,,,1,204,,248829,4,,,1,200,,248830,4,,,1,200,,248831,4,,,1,201,,248832,4,,,1,204,,248833,4,,,1,194,,248834,4,,,1
2201,'20261106',706,,248835,4,,,1,97,,248836,4,,,1,204,,248837,4,,,1,200,,248838,4,,,1,200,,248839,4,,,1,201,,248840,4,,,1,204,,248841,4,,,1,194,,248842,4,,,1
2201,'20261109',706,,248843,4,,,1,97,,248844,4,,,1,204,,248845,4,,,1,200,,248846,4,,,1,200,,248847,4,,,1,201,,248848,4,,,1,204,,248849,4,,,1,194,,248850,4,,,1
2201,'20261110',706,,248851,4,,,1,97,,248852,4,,,1,204,,248853,4,,,1,200,,248854,4,,,1,200,,248855,4,,,1,201,,248856,4,,,1,204,,248857,4,,,1,194,,248858,4,,,1
2201,'20261111',706,,248859,4,,,1,97,,248860,4,,,1,204,,248861,4,,,1,200,,248862,4,,,1,200,,248863,4,,,1,201,,248864,4,,,1,204,,248865,4,,,1,194,,248866,4,,,1
2201,'20261112',706,,248867,4,,,1,97,,248868,4,,,1,204,,248869,4,,,1,200,,248870,4,,,1,200,,248871,4,,,1,201,,248872,4,,,1,204,,248873,4,,,1,194,,248874,4,,,1
2201,'20261113',706,,248875,4,,,1,97,,248876,4,,,1,204,,248877,4,,,1,200,,248878,4,,,1,200,,248879,4,,,1,201,,248880,4,,,1,204,,248881,4,,,1,194,,248882,4,,,1
2201,'20261116',706,,248883,4,,,1,97,,248884,4,,,1,204,,248885,4,,,1,200,,248886,4,,,1,200,,248887,4,,,1,201,,248888,4,,,1,204,,248889,4,,,1,194,,248890,4,,,1
2201,'20261117',706,,248891,4,,,1,97,,248892,4,,,1,204,,248893,4,,,1,200,,248894,4,,,1,200,,248895,4,,,1,201,,248896,4,,,1,204,,248897,4,,,1,194,,248898,4,,,1
2201,'20261118',706,,248899,4,,,1,97,,248900,4,,,1,204,,248901,4,,,1,200,,248902,4,,,1,200,,248903,4,,,1,201,,248904,4,,,1,204,,248905,4,,,1,194,,248906,4,,,1
2201,'20261119',706,,248907,4,,,1,97,,248908,4,,,1,204,,248909,4,,,1,200,,248910,4,,,1,200,,248911,4,,,1,201,,248912,4,,,1,204,,248913,4,,,1,194,,248914,4,,,1
2201,'20261120',706,,248915,4,,,1,97,,248916,4,,,1,204,,248917,4,,,1,200,,248918,4,,,1,200,,248919,4,,,1,201,,248920,4,,,1,204,,248921,4,,,1,194,,248922,4,,,1
2201,'20261123',706,,248923,4,,,1,97,,248924,4,,,1,204,,248925,4,,,1,200,,248926,4,,,1,200,,248927,4,,,1,201,,248928,4,,,1,204,,248929,4,,,1,194,,248930,4,,,1
2201,'20261124',706,,248931,4,,,1,97,,248932,4,,,1,204,,248933,4,,,1,200,,248934,4,,,1,200,,248935,4,,,1,201,,248936,4,,,1,204,,248937,4,,,1,194,,248938,4,,,1
2201,'20261125',706,,248939,4,,,1,97,,248940,4,,,1,204,,248941,4,,,1,200,,248942,4,,,1,200,,248943,4,,,1,201,,248944,4,,,1,204,,248945,4,,,1,194,,248946,4,,,1
2201,'20261126',706,,248947,4,,,1,97,,248948,4,,,1,204,,248949,4,,,1,200,,248950,4,,,1,200,,248951,4,,,1,201,,248952,4,,,1,204,,248953,4,,,1,194,,248954,4,,,1
2201,'20261127',706,,248955,4,,,1,97,,248956,4,,,1,204,,248957,4,,,1,200,,248958,4,,,1,200,,248959,4,,,1,201,,248960,4,,,1,204,,248961,4,,,1,194,,248962,4,,,1
2700,'20260910',506,,254534,3,0,7 6,1,20,,254535,3,0,7 6,1,25,,254536,3,0,57 6,1,60,,254537,3,0,57 6,1,15,,254538,3,0,57 6,1,25,,254539,3,0,57 6,1,65,,254540,3,0,57 6,1,30,,254541,3,0,57 6,1,80,,254542,3,0,7 6,1,100,,254543,3,0,7 6,1,100,,254544,3,0,7 6,1,421,,254549,3,0,57 6,1,70,,254550,3,0,57 6,1,30,,254551,3,0,57 6,1,75,,254553,3,0,57 6,1,35,,254555,3,0,57 6,1,80,,254556,3,0,57 6,1,90,,254557,3,0,7 6,1
2700,'20260911',506,,254561,3,0,7 6,1,20,,254562,3,0,7 6,1,25,,254563,3,0,57 6,1,60,,254564,3,0,57 6,1,15,,254565,3,0,57 6,1,25,,254566,3,0,57 6,1,65,,254567,3,0,57 6,1,30,,254568,3,0,57 6,1,80,,254569,3,0,7 6,1,100,,254570,3,0,7 6,1,100,,254571,3,0,7 6,1,421,,254576,3,0,57 6,1,70,,254577,3,0,57 6,1,30,,254578,3,0,57 6,1,75,,254580,3,0,57 6,1,35,,254582,3,0,57 6,1,80,,254583,3,0,57 6,1,90,,254584,3,0,7 6,1
2700,'20260912',536,,254588,3,0,7 6,1
2700,'20260913',536,,254605,3,0,7 6,1
2700,'20260914',506,,254622,3,0,7 6,1,20,,254623,3,0,7 6,1,25,,254624,3,0,57 6,1,60,,254625,3,0,57 6,1,15,,254626,3,0,57 6,1,25,,254627,3,0,57 6,1,65,,254628,3,0,57 6,1,30,,254629,3,0,57 6,1,80,,254630,3,0,7 6,1,100,,254631,3,0,7 6,1,100,,254632,3,0,7 6,1,421,,254637,3,0,57 6,1,70,,254638,3,0,57 6,1,30,,254639,3,0,57 6,1,75,,254641,3,0,57 6,1,35,,254643,3,0,57 6,1,80,,254644,3,0,57 6,1,90,,254645,3,0,7 6,1
2700,'20260915',506,,254649,3,0,7 6,1,20,,254650,3,0,7 6,1,25,,254651,3,0,57 6,1,60,,254652,3,0,57 6,1,15,,254653,3,0,57 6,1,25,,254654,3,0,57 6,1,65,,254655,3,0,57 6,1,30,,254656,3,0,57 6,1,80,,254657,3,0,7 6,1,100,,254658,3,0,7 6,1,100,,254659,3,0,7 6,1,421,,254664,3,0,57 6,1,70,,254665,3,0,57 6,1,30,,254666,3,0,57 6,1,75,,254668,3,0,57 6,1,35,,254670,3,0,57 6,1,80,,254671,3,0,57 6,1,90,,254672,3,0,7 6,1
2700,'20260916',506,,254676,3,0,7 6,1,20,,254677,3,0,7 6,1,25,,254678,3,0,57 6,1,60,,254679,3,0,57 6,1,15,,254680,3,0,57 6,1,25,,254681,3,0,57 6,1,65,,254682,3,0,57 6,1,30,,254683,3,0,57 6,1,80,,254684,3,0,7 6,1,100,,254685,3,0,7 6,1,100,,254686,3,0,7 6,1,421,,254691,3,0,57 6,1,70,,254692,3,0,57 6,1,30,,254693,3,0,57 6,1,75,,254695,3,0,57 6,1,35,,254697,3,0,57 6,1,80,,254698,3,0,57 6,1,90,,254699,3,0,7 6,1
2700,'20260917',506,,254703,3,0,7 6,1,20,,254704,3,0,7 6,1,25,,254705,3,0,57 6,1,60,,254706,3,0,57 6,1,15,,254707,3,0,57 6,1,25,,254708,3,0,57 6,1,65,,254709,3,0,57 6,1,30,,254710,3,0,57 6,1,80,,254711,3,0,7 6,1,100,,254712,3,0,7 6,1,100,,254713,3,0,7 6,1,421,,254718,3,0,57 6,1,70,,254719,3,0,57 6,1,30,,254720,3,0,57 6,1,75,,254722,3,0,57 6,1,35,,254724,3,0,57 6,1,80,,254725,3,0,57 6,1,90,,254726,3,0,7 6,1
2700,'20260918',506,,254730,3,0,7 6,1,20,,254731,3,0,7 6,1,25,,254732,3,0,57 6,1,60,,254733,3,0,57 6,1,15,,254734,3,0,57 6,1,25,,254735,3,0,57 6,1,65,,254736,3,0,57 6,1,30,,254737,3,0,57 6,1,80,,254738,3,0,7 6,1,100,,254739,3,0,7 6,1,100,,254740,3,0,7 6,1,421,,254745,3,0,57 6,1,70,,254746,3,0,57 6,1,30,,254747,3,0,57 6,1,75,,254749,3,0,57 6,1,35,,254751,3,0,57 6,1,80,,254752,3,0,57 6,1,90,,254753,3,0,7 6,1
2700,'20260919',536,,254757,3,0,7 6,1
2700,'20260920',536,,254774,3,0,7 6,1
2700,'20260921',506,,254791,3,0,7 6,1,20,,254792,3,0,7 6,1,25,,254793,3,0,57 6,1,60,,254794,3,0,57 6,1,15,,254795,3,0,57 6,1,25,,254796,3,0,57 6,1,65,,254797,3,0,57 6,1,30,,254798,3,0,57 6,1,80,,254799,3,0,7 6,1,100,,254800,3,0,7 6,1,100,,254801,3,0,7 6,1,421,,254806,3,0,57 6,1,70,,254807,3,0,57 6,1,30,,254808,3,0,57 6,1,75,,254810,3,0,57 6,1,35,,254812,3,0,57 6,1,80,,254813,3,0,57 6,1,90,,254814,3,0,7 6,1
2700,'20260922',506,,254818,3,0,7 6,1,20,,254819,3,0,7 6,1,25,,254820,3,0,57 6,1,60,,254821,3,0,57 6,1,15,,254822,3,0,57 6,1,25,,254823,3,0,57 6,1,65,,254824,3,0,57 6,1,30,,254825,3,0,57 6,1,80,,254826,3,0,7 6,1,100,,254827,3,0,7 6,1,100,,254828,3,0,7 6,1,421,,254833,3,0,57 6,1,70,,254834,3,0,57 6,1,30,,254835,3,0,57 6,1,75,,254837,3,0,57 6,1,35,,254839,3,0,57 6,1,80,,254840,3,0,57 6,1,90,,254841,3,0,7 6,1
2700,'20260923',506,,254845,3,0,7 6,1,20,,254846,3,0,7 6,1,25,,254847,3,0,57 6,1,60,,254848,3,0,57 6,1,15,,254849,3,0,57 6,1,25,,254850,3,0,57 6,1,65,,254851,3,0,57 6,1,30,,254852,3,0,57 6,1,80,,254853,3,0,7 6,1,100,,254854,3,0,7 6,1,100,,254855,3,0,7 6,1,421,,254860,3,0,57 6,1,70,,254861,3,0,57 6,1,30,,254862,3,0,57 6,1,75,,254864,3,0,57 6,1,35,,254866,3,0,57 6,1,80,,254867,3,0,57 6,1,90,,254868,3,0,7 6,1
2700,'20260924',506,,254872,3,0,7 6,1,20,,254873,3,0,7 6,1,25,,254874,3,0,57 6,1,60,,254875,3,0,57 6,1,15,,254876,3,0,57 6,1,25,,254877,3,0,57 6,1,65,,254878,3,0,57 6,1,30,,254879,3,0,57 6,1,80,,254880,3,0,7 6,1,100,,254881,3,0,7 6,1,100,,254882,3,0,7 6,1,421,,254887,3,0,57 6,1,70,,254888,3,0,57 6,1,30,,254889,3,0,57 6,1,75,,254891,3,0,57 6,1,35,,254893,3,0,57 6,1,80,,254894,3,0,57 6,1,90,,254895,3,0,7 6,1
2700,'20260925',506,,254899,3,0,7 6,1,20,,254900,3,0,7 6,1,25,,254901,3,0,57 6,1,60,,254902,3,0,57 6,1,15,,254903,3,0,57 6,1,25,,254904,3,0,57 6,1,65,,254905,3,0,57 6,1,30,,254906,3,0,57 6,1,80,,254907,3,0,7 6,1,100,,254908,3,0,7 6,1,100,,254909,3,0,7 6,1,421,,254914,3,0,57 6,1,70,,254915,3,0,57 6,1,30,,254916,3,0,57 6,1,75,,254918,3,0,57 6,1,35,,254920,3,0,57 6,1,80,,254921,3,0,57 6,1,90,,254922,3,0,7 6,1
2700,'20260926',536,,254926,3,0,7 6,1
2700,'20260927',536,,254943,3,0,7 6,1
2700,'20260928',506,,254960,3,0,7 6,1,20,,254961,3,0,7 6,1,25,,254962,3,0,57 6,1,60,,254963,3,0,57 6,1,15,,254964,3,0,57 6,1,25,,254965,3,0,57 6,1,65,,254966,3,0,57 6,1,30,,254967,3,0,57 6,1,80,,254968,3,0,7 6,1,100,,254969,3,0,7 6,1,100,,254970,3,0,7 6,1,421,,254975,3,0,57 6,1,70,,254976,3,0,57 6,1,30,,254977,3,0,57 6,1,75,,254979,3,0,57 6,1,35,,254981,3,0,57 6,1,80,,254982,3,0,57 6,1,90,,254983,3,0,7 6,1
2700,'20260929',506,,254987,3,0,7 6,1,20,,254988,3,0,7 6,1,25,,254989,3,0,57 6,1,60,,254990,3,0,57 6,1,15,,254991,3,0,57 6,1,25,,254992,3,0,57 6,1,65,,254993,3,0,57 6,1,30,,254994,3,0,57 6,1,80,,254995,3,0,7 6,1,100,,254996,3,0,7 6,1,100,,254997,3,0,7 6,1,421,,255002,3,0,57 6,1,70,,255003,3,0,57 6,1,30,,255004,3,0,57 6,1,75,,255006,3,0,57 6,1,35,,255008,3,0,57 6,1,80,,255009,3,0,57 6,1,90,,255010,3,0,7 6,1
2700,'20260930',506,,255014,3,0,7 6,1,20,,255015,3,0,7 6,1,25,,255016,3,0,57 6,1,60,,255017,3,0,57 6,1,15,,255018,3,0,57 6,1,25,,255019,3,0,57 6,1,65,,255020,3,0,57 6,1,30,,255021,3,0,57 6,1,80,,255022,3,0,7 6,1,100,,255023,3,0,7 6,1,100,,255024,3,0,7 6,1,421,,255029,3,0,57 6,1,70,,255030,3,0,57 6,1,30,,255031,3,0,57 6,1,75,,255033,3,0,57 6,1,35,,255035,3,0,57 6,1,80,,255036,3,0,57 6,1,90,,255037,3,0,7 6,1
2700,'20261001',506,,255041,3,0,7 6,1,20,,255042,3,0,7 6,1,25,,255043,3,0,57 6,1,60,,255044,3,0,57 6,1,15,,255045,3,0,57 6,1,25,,255046,3,0,57 6,1,65,,255047,3,0,57 6,1,30,,255048,3,0,57 6,1,80,,255049,3,0,7 6,1,100,,255050,3,0,7 6,1,100,,255051,3,0,7 6,1,421,,255056,3,0,57 6,1,70,,255057,3,0,57 6,1,30,,255058,3,0,57 6,1,75,,255060,3,0,57 6,1,35,,255062,3,0,57 6,1,80,,255063,3,0,57 6,1,90,,255064,3,0,7 6,1
2700,'20261002',506,,255068,3,0,7 6,1,20,,255069,3,0,7 6,1,25,,255070,3,0,57 6,1,60,,255071,3,0,57 6,1,15,,255072,3,0,57 6,1,25,,255073,3,0,57 6,1,65,,255074,3,0,57 6,1,30,,255075,3,0,57 6,1,80,,255076,3,0,7 6,1,100,,255077,3,0,7 6,1,100,,255078,3,0,7 6,1,421,,255083,3,0,57 6,1,70,,255084,3,0,57 6,1,30,,255085,3,0,57 6,1,75,,255087,3,0,57 6,1,35,,255089,3,0,57 6,1,80,,255090,3,0,57 6,1,90,,255091,3,0,7 6,1
2700,'20261003',536,,255095,3,0,7 6,1
2700,'20261004',536,,255112,3,0,7 6,1
2700,'20261005',506,,255129,3,0,7 6,1,20,,255130,3,0,7 6,1,25,,255131,3,0,57 6,1,60,,255132,3,0,57 6,1,15,,255133,3,0,57 6,1,25,,255134,3,0,57 6,1,65,,255135,3,0,57 6,1,30,,255136,3,0,57 6,1,80,,255137,3,0,7 6,1,100,,255138,3,0,7 6,1,100,,255139,3,0,7 6,1,421,,255144,3,0,57 6,1,70,,255145,3,0,57 6,1,30,,255146,3,0,57 6,1,75,,255148,3,0,57 6,1,35,,255150,3,0,57 6,1,80,,255151,3,0,57 6,1,90,,255152,3,0,7 6,1
2700,'20261006',506,,255156,3,0,7 6,1,20,,255157,3,0,7 6,1,25,,255158,3,0,57 6,1,60,,255159,3,0,57 6,1,15,,255160,3,0,57 6,1,25,,255161,3,0,57 6,1,65,,255162,3,0,57 6,1,30,,255163,3,0,57 6,1,80,,255164,3,0,7 6,1,100,,255165,3,0,7 6,1,100,,255166,3,0,7 6,1,421,,255171,3,0,57 6,1,70,,255172,3,0,57 6,1,30,,255173,3,0,57 6,1,75,,255175,3,0,57 6,1,35,,255177,3,0,57 6,1,80,,255178,3,0,57 6,1,90,,255179,3,0,7 6,1
2700,'20261007',506,,255183,3,0,7 6,1,20,,255184,3,0,7 6,1,25,,255185,3,0,57 6,1,60,,255186,3,0,57 6,1,15,,255187,3,0,57 6,1,25,,255188,3,0,57 6,1,65,,255189,3,0,57 6,1,30,,255190,3,0,57 6,1,80,,255191,3,0,7 6,1,100,,255192,3,0,7 6,1,100,,255193,3,0,7 6,1,421,,255198,3,0,57 6,1,70,,255199,3,0,57 6,1,30,,255200,3,0,57 6,1,75,,255202,3,0,57 6,1,35,,255204,3,0,57 6,1,80,,255205,3,0,57 6,1,90,,255206,3,0,7 6,1
2700,'20261008',506,,255210,3,0,7 6,1,20,,255211,3,0,7 6,1,25,,255212,3,0,57 6,1,60,,255213,3,0,57 6,1,15,,255214,3,0,57 6,1,25,,255215,3,0,57 6,1,65,,255216,3,0,57 6,1,30,,255217,3,0,57 6,1,80,,255218,3,0,7 6,1,100,,255219,3,0,7 6,1,100,,255220,3,0,7 6,1,421,,255225,3,0,57 6,1,70,,255226,3,0,57 6,1,30,,255227,3,0,57 6,1,75,,255229,3,0,57 6,1,35,,255231,3,0,57 6,1,80,,255232,3,0,57 6,1,90,,255233,3,0,7 6,1
2700,'20261009',506,,255237,3,0,7 6,1,20,,255238,3,0,7 6,1,25,,255239,3,0,57 6,1,60,,255240,3,0,57 6,1,15,,255241,3,0,57 6,1,25,,255242,3,0,57 6,1,65,,255243,3,0,57 6,1,30,,255244,3,0,57 6,1,80,,255245,3,0,7 6,1,100,,255246,3,0,7 6,1,100,,255247,3,0,7 6,1,421,,255252,3,0,57 6,1,70,,255253,3,0,57 6,1,30,,255254,3,0,57 6,1,75,,255256,3,0,57 6,1,35,,255258,3,0,57 6,1,80,,255259,3,0,57 6,1,90,,255260,3,0,7 6,1
2700,'20261010',536,,255264,3,0,7 6,1
2700,'20261011',536,,255281,3,0,7 6,1
2700,'20261012',536,,255298,3,0,7 6,1
2700,'20261013',506,,255315,3,0,7 6,1,20,,255316,3,0,7 6,1,25,,255317,3,0,57 6,1,60,,255318,3,0,57 6,1,15,,255319,3,0,57 6,1,25,,255320,3,0,57 6,1,65,,255321,3,0,57 6,1,30,,255322,3,0,57 6,1,80,,255323,3,0,7 6,1,100,,255324,3,0,7 6,1,100,,255325,3,0,7 6,1,421,,255330,3,0,57 6,1,70,,255331,3,0,57 6,1,30,,255332,3,0,57 6,1,75,,255334,3,0,57 6,1,35,,255336,3,0,57 6,1,80,,255337,3,0,57 6,1,90,,255338,3,0,7 6,1
2700,'20261014',506,,255342,3,0,7 6,1,20,,255343,3,0,7 6,1,25,,255344,3,0,57 6,1,60,,255345,3,0,57 6,1,15,,255346,3,0,57 6,1,25,,255347,3,0,57 6,1,65,,255348,3,0,57 6,1,30,,255349,3,0,57 6,1,80,,255350,3,0,7 6,1,100,,255351,3,0,7 6,1,100,,255352,3,0,7 6,1,421,,255357,3,0,57 6,1,70,,255358,3,0,57 6,1,30,,255359,3,0,57 6,1,75,,255361,3,0,57 6,1,35,,255363,3,0,57 6,1,80,,255364,3,0,57 6,1,90,,255365,3,0,7 6,1
2700,'20261015',506,,255369,3,0,7 6,1,20,,255370,3,0,7 6,1,25,,255371,3,0,57 6,1,60,,255372,3,0,57 6,1,15,,255373,3,0,57 6,1,25,,255374,3,0,57 6,1,65,,255375,3,0,57 6,1,30,,255376,3,0,57 6,1,80,,255377,3,0,7 6,1,100,,255378,3,0,7 6,1,100,,255379,3,0,7 6,1,421,,255384,3,0,57 6,1,70,,255385,3,0,57 6,1,30,,255386,3,0,57 6,1,75,,255388,3,0,57 6,1,35,,255390,3,0,57 6,1,80,,255391,3,0,57 6,1,90,,255392,3,0,7 6,1
2700,'20261016',506,,255396,3,0,7 6,1,20,,255397,3,0,7 6,1,25,,255398,3,0,57 6,1,60,,255399,3,0,57 6,1,15,,255400,3,0,57 6,1,25,,255401,3,0,57 6,1,65,,255402,3,0,57 6,1,30,,255403,3,0,57 6,1,80,,255404,3,0,7 6,1,100,,255405,3,0,7 6,1,100,,255406,3,0,7 6,1,421,,255411,3,0,57 6,1,70,,255412,3,0,57 6,1,30,,255413,3,0,57 6,1,75,,255415,3,0,57 6,1,35,,255417,3,0,57 6,1,80,,255418,3,0,57 6,1,90,,255419,3,0,7 6,1
2700,'20261017',536,,255423,3,0,7 6,1
2700,'20261018',536,,255440,3,0,7 6,1
2700,'20261019',506,,255457,3,0,7 6,1,20,,255458,3,0,7 6,1,25,,255459,3,0,57 6,1,60,,255460,3,0,57 6,1,15,,255461,3,0,57 6,1,25,,255462,3,0,57 6,1,65,,255463,3,0,57 6,1,30,,255464,3,0,57 6,1,80,,255465,3,0,7 6,1,100,,255466,3,0,7 6,1,100,,255467,3,0,7 6,1,421,,255472,3,0,57 6,1,70,,255473,3,0,57 6,1,30,,255474,3,0,57 6,1,75,,255476,3,0,57 6,1,35,,255478,3,0,57 6,1,80,,255479,3,0,57 6,1,90,,255480,3,0,7 6,1
2700,'20261020',506,,255484,3,0,7 6,1,20,,255485,3,0,7 6,1,25,,255486,3,0,57 6,1,60,,255487,3,0,57 6,1,15,,255488,3,0,57 6,1,25,,255489,3,0,57 6,1,65,,255490,3,0,57 6,1,30,,255491,3,0,57 6,1,80,,255492,3,0,7 6,1,100,,255493,3,0,7 6,1,100,,255494,3,0,7 6,1,421,,255499,3,0,57 6,1,70,,255500,3,0,57 6,1,30,,255501,3,0,57 6,1,75,,255503,3,0,57 6,1,35,,255505,3,0,57 6,1,80,,255506,3,0,57 6,1,90,,255507,3,0,7 6,1
2700,'20261021',506,,255511,3,0,7 6,1,20,,255512,3,0,7 6,1,25,,255513,3,0,57 6,1,60,,255514,3,0,57 6,1,15,,255515,3,0,57 6,1,25,,255516,3,0,57 6,1,65,,255517,3,0,57 6,1,30,,255518,3,0,57 6,1,80,,255519,3,0,7 6,1,100,,255520,3,0,7 6,1,100,,255521,3,0,7 6,1,421,,255526,3,0,57 6,1,70,,255527,3,0,57 6,1,30,,255528,3,0,57 6,1,75,,255530,3,0,57 6,1,35,,255532,3,0,57 6,1,80,,255533,3,0,57 6,1,90,,255534,3,0,7 6,1
2700,'20261022',506,,255538,3,0,7 6,1,20,,255539,3,0,7 6,1,25,,255540,3,0,57 6,1,60,,255541,3,0,57 6,1,15,,255542,3,0,57 6,1,25,,255543,3,0,57 6,1,65,,255544,3,0,57 6,1,30,,255545,3,0,57 6,1,80,,255546,3,0,7 6,1,100,,255547,3,0,7 6,1,100,,255548,3,0,7 6,1,421,,255553,3,0,57 6,1,70,,255554,3,0,57 6,1,30,,255555,3,0,57 6,1,75,,255557,3,0,57 6,1,35,,255559,3,0,57 6,1,80,,255560,3,0,57 6,1,90,,255561,3,0,7 6,1
2700,'20261023',506,,255565,3,0,7 6,1,20,,255566,3,0,7 6,1,25,,255567,3,0,57 6,1,60,,255568,3,0,57 6,1,15,,255569,3,0,57 6,1,25,,255570,3,0,57 6,1,65,,255571,3,0,57 6,1,30,,255572,3,0,57 6,1,80,,255573,3,0,7 6,1,100,,255574,3,0,7 6,1,100,,255575,3,0,7 6,1,421,,255580,3,0,57 6,1,70,,255581,3,0,57 6,1,30,,255582,3,0,57 6,1,75,,255584,3,0,57 6,1,35,,255586,3,0,57 6,1,80,,255587,3,0,57 6,1,90,,255588,3,0,7 6,1
2700,'20261024',536,,255592,3,0,7 6,1
2700,'20261025',536,,255609,3,0,7 6,1
2700,'20261026',506,,255626,3,0,7 6,1,20,,255627,3,0,7 6,1,25,,255628,3,0,57 6,1,60,,255629,3,0,57 6,1,15,,255630,3,0,57 6,1,25,,255631,3,0,57 6,1,65,,255632,3,0,57 6,1,30,,255633,3,0,57 6,1,80,,255634,3,0,7 6,1,100,,255635,3,0,7 6,1,100,,255636,3,0,7 6,1,421,,255641,3,0,57 6,1,70,,255642,3,0,57 6,1,30,,255643,3,0,57 6,1,75,,255645,3,0,57 6,1,35,,255647,3,0,57 6,1,80,,255648,3,0,57 6,1,90,,255649,3,0,7 6,1
2700,'20261027',506,,255653,3,0,7 6,1,20,,255654,3,0,7 6,1,25,,255655,3,0,57 6,1,60,,255656,3,0,57 6,1,15,,255657,3,0,57 6,1,25,,255658,3,0,57 6,1,65,,255659,3,0,57 6,1,30,,255660,3,0,57 6,1,80,,255661,3,0,7 6,1,100,,255662,3,0,7 6,1,100,,255663,3,0,7 6,1,421,,255668,3,0,57 6,1,70,,255669,3,0,57 6,1,30,,255670,3,0,57 6,1,75,,255672,3,0,57 6,1,35,,255674,3,0,57 6,1,80,,255675,3,0,57 6,1,90,,255676,3,0,7 6,1
2700,'20261028',506,,255680,3,0,7 6,1,20,,255681,3,0,7 6,1,25,,255682,3,0,57 6,1,60,,255683,3,0,57 6,1,15,,255684,3,0,57 6,1,25,,255685,3,0,57 6,1,65,,255686,3,0,57 6,1,30,,255687,3,0,57 6,1,80,,255688,3,0,7 6,1,100,,255689,3,0,7 6,1,100,,255690,3,0,7 6,1,421,,255695,3,0,57 6,1,70,,255696,3,0,57 6,1,30,,255697,3,0,57 6,1,75,,255699,3,0,57 6,1,35,,255701,3,0,57 6,1,80,,255702,3,0,57 6,1,90,,255703,3,0,7 6,1
2700,'20261029',506,,255707,3,0,7 6,1,20,,255708,3,0,7 6,1,25,,255709,3,0,57 6,1,60,,255710,3,0,57 6,1,15,,255711,3,0,57 6,1,25,,255712,3,0,57 6,1,65,,255713,3,0,57 6,1,30,,255714,3,0,57 6,1,80,,255715,3,0,7 6,1,100,,255716,3,0,7 6,1,100,,255717,3,0,7 6,1,421,,255722,3,0,57 6,1,70,,255723,3,0,57 6,1,30,,255724,3,0,57 6,1,75,,255726,3,0,57 6,1,35,,255728,3,0,57 6,1,80,,255729,3,0,57 6,1,90,,255730,3,0,7 6,1
2700,'20261030',506,,255734,3,0,7 6,1,20,,255735,3,0,7 6,1,25,,255736,3,0,57 6,1,60,,255737,3,0,57 6,1,15,,255738,3,0,57 6,1,25,,255739,3,0,57 6,1,65,,255740,3,0,57 6,1,30,,255741,3,0,57 6,1,80,,255742,3,0,7 6,1,100,,255743,3,0,7 6,1,100,,255744,3,0,7 6,1,421,,255749,3,0,57 6,1,70,,255750,3,0,57 6,1,30,,255751,3,0,57 6,1,75,,255753,3,0,57 6,1,35,,255755,3,0,57 6,1,80,,255756,3,0,57 6,1,90,,255757,3,0,7 6,1
2700,'20261031',536,,255761,3,0,7 6,1
2700,'20261101',536,,255778,3,0,7 6,1
2700,'20261102',506,,255795,3,0,7 6,1,20,,255796,3,0,7 6,1,25,,255797,3,0,57 6,1,60,,255798,3,0,57 6,1,15,,255799,3,0,57 6,1,25,,255800,3,0,57 6,1,65,,255801,3,0,57 6,1,30,,255802,3,0,57 6,1,80,,255803,3,0,7 6,1,100,,255804,3,0,7 6,1,100,,255805,3,0,7 6,1,421,,255810,3,0,57 6,1,70,,255811,3,0,57 6,1,30,,255812,3,0,57 6,1,75,,255814,3,0,57 6,1,35,,255816,3,0,57 6,1,80,,255817,3,0,57 6,1,90,,255818,3,0,7 6,1
2700,'20261103',506,,255822,3,0,7 6,1,20,,255823,3,0,7 6,1,25,,255824,3,0,57 6,1,60,,255825,3,0,57 6,1,15,,255826,3,0,57 6,1,25,,255827,3,0,57 6,1,65,,255828,3,0,57 6,1,30,,255829,3,0,57 6,1,80,,255830,3,0,7 6,1,100,,255831,3,0,7 6,1,100,,255832,3,0,7 6,1,421,,255837,3,0,57 6,1,70,,255838,3,0,57 6,1,30,,255839,3,0,57 6,1,75,,255841,3,0,57 6,1,35,,255843,3,0,57 6,1,80,,255844,3,0,57 6,1,90,,255845,3,0,7 6,1
2700,'20261104',506,,255849,3,0,7 6,1,20,,255850,3,0,7 6,1,25,,255851,3,0,57 6,1,60,,255852,3,0,57 6,1,15,,255853,3,0,57 6,1,25,,255854,3,0,57 6,1,65,,255855,3,0,57 6,1,30,,255856,3,0,57 6,1,80,,255857,3,0,7 6,1,100,,255858,3,0,7 6,1,100,,255859,3,0,7 6,1,421,,255864,3,0,57 6,1,70,,255865,3,0,57 6,1,30,,255866,3,0,57 6,1,75,,255868,3,0,57 6,1,35,,255870,3,0,57 6,1,80,,255871,3,0,57 6,1,90,,255872,3,0,7 6,1
2700,'20261105',506,,255876,3,0,7 6,1,20,,255877,3,0,7 6,1,25,,255878,3,0,57 6,1,60,,255879,3,0,57 6,1,15,,255880,3,0,57 6,1,25,,255881,3,0,57 6,1,65,,255882,3,0,57 6,1,30,,255883,3,0,57 6,1,80,,255884,3,0,7 6,1,100,,255885,3,0,7 6,1,100,,255886,3,0,7 6,1,421,,255891,3,0,57 6,1,70,,255892,3,0,57 6,1,30,,255893,3,0,57 6,1,75,,255895,3,0,57 6,1,35,,255897,3,0,57 6,1,80,,255898,3,0,57 6,1,90,,255899,3,0,7 6,1
2700,'20261106',506,,255903,3,0,7 6,1,20,,255904,3,0,7 6,1,25,,255905,3,0,57 6,1,60,,255906,3,0,57 6,1,15,,255907,3,0,57 6,1,25,,255908,3,0,57 6,1,65,,255909,3,0,57 6,1,30,,255910,3,0,57 6,1,80,,255911,3,0,7 6,1,100,,255912,3,0,7 6,1,100,,255913,3,0,7 6,1,421,,255918,3,0,57 6,1,70,,255919,3,0,57 6,1,30,,255920,3,0,57 6,1,75,,255922,3,0,57 6,1,35,,255924,3,0,57 6,1,80,,255925,3,0,57 6,1,90,,255926,3,0,7 6,1
2700,'20261107',536,,255930,3,0,7 6,1
2700,'20261108',536,,255947,3,0,7 6,1
2700,'20261109',506,,255964,3,0,7 6,1,20,,255965,3,0,7 6,1,25,,255966,3,0,57 6,1,60,,255967,3,0,57 6,1,15,,255968,3,0,57 6,1,25,,255969,3,0,57 6,1,65,,255970,3,0,57 6,1,30,,255971,3,0,57 6,1,80,,255972,3,0,7 6,1,100,,255973,3,0,7 6,1,100,,255974,3,0,7 6,1,421,,255979,3,0,57 6,1,70,,255980,3,0,57 6,1,30,,255981,3,0,57 6,1,75,,255983,3,0,57 6,1,35,,255985,3,0,57 6,1,80,,255986,3,0,57 6,1,90,,255987,3,0,7 6,1
2700,'20261110',506,,255991,3,0,7 6,1,20,,255992,3,0,7 6,1,25,,255993,3,0,57 6,1,60,,255994,3,0,57 6,1,15,,255995,3,0,57 6,1,25,,255996,3,0,57 6,1,65,,255997,3,0,57 6,1,30,,255998,3,0,57 6,1,80,,255999,3,0,7 6,1,100,,256000,3,0,7 6,1,100,,256001,3,0,7 6,1,421,,256006,3,0,57 6,1,70,,256007,3,0,57 6,1,30,,256008,3,0,57 6,1,75,,256010,3,0,57 6,1,35,,256012,3,0,57 6,1,80,,256013,3,0,57 6,1,90,,256014,3,0,7 6,1
2700,'20261111',506,,256018,3,0,7 6,1,20,,256019,3,0,7 6,1,25,,256020,3,0,57 6,1,60,,256021,3,0,57 6,1,15,,256022,3,0,57 6,1,25,,256023,3,0,57 6,1,65,,256024,3,0,57 6,1,30,,256025,3,0,57 6,1,80,,256026,3,0,7 6,1,100,,256027,3,0,7 6,1,100,,256028,3,0,7 6,1,421,,256033,3,0,57 6,1,70,,256034,3,0,57 6,1,30,,256035,3,0,57 6,1,75,,256037,3,0,57 6,1,35,,256039,3,0,57 6,1,80,,256040,3,0,57 6,1,90,,256041,3,0,7 6,1
2700,'20261112',506,,256045,3,0,7 6,1,20,,256046,3,0,7 6,1,25,,256047,3,0,57 6,1,60,,256048,3,0,57 6,1,15,,256049,3,0,57 6,1,25,,256050,3,0,57 6,1,65,,256051,3,0,57 6,1,30,,256052,3,0,57 6,1,80,,256053,3,0,7 6,1,100,,256054,3,0,7 6,1,100,,256055,3,0,7 6,1,421,,256060,3,0,57 6,1,70,,256061,3,0,57 6,1,30,,256062,3,0,57 6,1,75,,256064,3,0,57 6,1,35,,256066,3,0,57 6,1,80,,256067,3,0,57 6,1,90,,256068,3,0,7 6,1
2700,'20261113',506,,256072,3,0,7 6,1,20,,256073,3,0,7 6,1,25,,256074,3,0,57 6,1,60,,256075,3,0,57 6,1,15,,256076,3,0,57 6,1,25,,256077,3,0,57 6,1,65,,256078,3,0,57 6,1,30,,256079,3,0,57 6,1,80,,256080,3,0,7 6,1,100,,256081,3,0,7 6,1,100,,256082,3,0,7 6,1,421,,256087,3,0,57 6,1,70,,256088,3,0,57 6,1,30,,256089,3,0,57 6,1,75,,256091,3,0,57 6,1,35,,256093,3,0,57 6,1,80,,256094,3,0,57 6,1,90,,256095,3,0,7 6,1
2700,'20261114',536,,256099,3,0,7 6,1
2700,'20261115',536,,256116,3,0,7 6,1
2700,'20261116',506,,256133,3,0,7 6,1,20,,256134,3,0,7 6,1,25,,256135,3,0,57 6,1,60,,256136,3,0,57 6,1,15,,256137,3,0,57 6,1,25,,256138,3,0,57 6,1,65,,256139,3,0,57 6,1,30,,256140,3,0,57 6,1,80,,256141,3,0,7 6,1,100,,256142,3,0,7 6,1,100,,256143,3,0,7 6,1,421,,256148,3,0,57 6,1,70,,256149,3,0,57 6,1,30,,256150,3,0,57 6,1,75,,256152,3,0,57 6,1,35,,256154,3,0,57 6,1,80,,256155,3,0,57 6,1,90,,256156,3,0,7 6,1
2700,'20261117',506,,256160,3,0,7 6,1,20,,256161,3,0,7 6,1,25,,256162,3,0,57 6,1,60,,256163,3,0,57 6,1,15,,256164,3,0,57 6,1,25,,256165,3,0,57 6,1,65,,256166,3,0,57 6,1,30,,256167,3,0,57 6,1,80,,256168,3,0,7 6,1,100,,256169,3,0,7 6,1,100,,256170,3,0,7 6,1,421,,256175,3,0,57 6,1,70,,256176,3,0,57 6,1,30,,256177,3,0,57 6,1,75,,256179,3,0,57 6,1,35,,256181,3,0,57 6,1,80,,256182,3,0,57 6,1,90,,256183,3,0,7 6,1
2700,'20261118',506,,256187,3,0,7 6,1,20,,256188,3,0,7 6,1,25,,256189,3,0,57 6,1,60,,256190,3,0,57 6,1,15,,256191,3,0,57 6,1,25,,256192,3,0,57 6,1,65,,256193,3,0,57 6,1,30,,256194,3,0,57 6,1,80,,256195,3,0,7 6,1,100,,256196,3,0,7 6,1,100,,256197,3,0,7 6,1,421,,256202,3,0,57 6,1,70,,256203,3,0,57 6,1,30,,256204,3,0,57 6,1,75,,256206,3,0,57 6,1,35,,256208,3,0,57 6,1,80,,256209,3,0,57 6,1,90,,256210,3,0,7 6,1
2700,'20261119',506,,256214,3,0,7 6,1,20,,256215,3,0,7 6,1,25,,256216,3,0,57 6,1,60,,256217,3,0,57 6,1,15,,256218,3,0,57 6,1,25,,256219,3,0,57 6,1,65,,256220,3,0,57 6,1,30,,256221,3,0,57 6,1,80,,256222,3,0,7 6,1,100,,256223,3,0,7 6,1,100,,256224,3,0,7 6,1,421,,256229,3,0,57 6,1,70,,256230,3,0,57 6,1,30,,256231,3,0,57 6,1,75,,256233,3,0,57 6,1,35,,256235,3,0,57 6,1,80,,256236,3,0,57 6,1,90,,256237,3,0,7 6,1
2700,'20261120',506,,256241,3,0,7 6,1,20,,256242,3,0,7 6,1,25,,256243,3,0,57 6,1,60,,256244,3,0,57 6,1,15,,256245,3,0,57 6,1,25,,256246,3,0,57 6,1,65,,256247,3,0,57 6,1,30,,256248,3,0,57 6,1,80,,256249,3,0,7 6,1,100,,256250,3,0,7 6,1,100,,256251,3,0,7 6,1,421,,256256,3,0,57 6,1,70,,256257,3,0,57 6,1,30,,256258,3,0,57 6,1,75,,256260,3,0,57 6,1,35,,256262,3,0,57 6,1,80,,256263,3,0,57 6,1,90,,256264,3,0,7 6,1
2700,'20261121',536,,256268,3,0,7 6,1
2700,'20261122',536,,256285,3,0,7 6,1
2700,'20261123',506,,256302,3,0,7 6,1,20,,256303,3,0,7 6,1,25,,256304,3,0,57 6,1,60,,256305,3,0,57 6,1,15,,256306,3,0,57 6,1,25,,256307,3,0,57 6,1,65,,256308,3,0,57 6,1,30,,256309,3,0,57 6,1,80,,256310,3,0,7 6,1,100,,256311,3,0,7 6,1,100,,256312,3,0,7 6,1,421,,256317,3,0,57 6,1,70,,256318,3,0,57 6,1,30,,256319,3,0,57 6,1,75,,256321,3,0,57 6,1,35,,256323,3,0,57 6,1,80,,256324,3,0,57 6,1,90,,256325,3,0,7 6,1
2700,'20261124',506,,256329,3,0,7 6,1,20,,256330,3,0,7 6,1,25,,256331,3,0,57 6,1,60,,256332,3,0,57 6,1,15,,256333,3,0,57 6,1,25,,256334,3,0,57 6,1,65,,256335,3,0,57 6,1,30,,256336,3,0,57 6,1,80,,256337,3,0,7 6,1,100,,256338,3,0,7 6,1,100,,256339,3,0,7 6,1,421,,256344,3,0,57 6,1,70,,256345,3,0,57 6,1,30,,256346,3,0,57 6,1,75,,256348,3,0,57 6,1,35,,256350,3,0,57 6,1,80,,256351,3,0,57 6,1,90,,256352,3,0,7 6,1
2700,'20261125',506,,256356,3,0,7 6,1,20,,256357,3,0,7 6,1,25,,256358,3,0,57 6,1,60,,256359,3,0,57 6,1,15,,256360,3,0,57 6,1,25,,256361,3,0,57 6,1,65,,256362,3,0,57 6,1,30,,256363,3,0,57 6,1,80,,256364,3,0,7 6,1,100,,256365,3,0,7 6,1,100,,256366,3,0,7 6,1,421,,256371,3,0,57 6,1,70,,256372,3,0,57 6,1,30,,256373,3,0,57 6,1,75,,256375,3,0,57 6,1,35,,256377,3,0,57 6,1,80,,256378,3,0,57 6,1,90,,256379,3,0,7 6,1
2700,'20261126',506,,256383,3,0,7 6,1,20,,256384,3,0,7 6,1,25,,256385,3,0,57 6,1,60,,256386,3,0,57 6,1,15,,256387,3,0,57 6,1,25,,256388,3,0,57 6,1,65,,256389,3,0,57 6,1,30,,256390,3,0,57 6,1,80,,256391,3,0,7 6,1,100,,256392,3,0,7 6,1,100,,256393,3,0,7 6,1,421,,256398,3,0,57 6,1,70,,256399,3,0,57 6,1,30,,256400,3,0,57 6,1,75,,256402,3,0,57 6,1,35,,256404,3,0,57 6,1,80,,256405,3,0,57 6,1,90,,256406,3,0,7 6,1
2700,'20261127',506,,256410,3,0,7 6,1,20,,256411,3,0,7 6,1,25,,256412,3,0,57 6,1,60,,256413,3,0,57 6,1,15,,256414,3,0,57 6,1,25,,256415,3,0,57 6,1,65,,256416,3,0,57 6,1,30,,256417,3,0,57 6,1,80,,256418,3,0,7 6,1,100,,256419,3,0,7 6,1,100,,256420,3,0,7 6,1,421,,256425,3,0,57 6,1,70,,256426,3,0,57 6,1,30,,256427,3,0,57 6,1,75,,256429,3,0,57 6,1,35,,256431,3,0,57 6,1,80,,256432,3,0,57 6,1,90,,256433,3,0,7 6,1
