7000,'20260917',1116,,316961,8,0,34 35,1,200,,316962,8,0,34 35,1,202,,316963,8,0,34 35,1,413,,316965,8,0,34 35,1,84,,316966,8,0,34 35,1
7000,'20260918',1116,,316969,8,0,34 35,1,200,,316970,8,0,34 35,1,202,,316971,8,0,34 35,1,413,,316973,8,0,34 35,1,84,,316974,8,0,34 35,1
7000,'20260921',1116,,316977,8,0,34 35,1,200,,316978,8,0,34 35,1,202,,316979,8,0,34 35,1,413,,316981,8,0,34 35,1,84,,316982,8,0,34 35,1
7000,'20260922',1116,,316985,8,0,34 35,1,200,,316986,8,0,34 35,1,202,,316987,8,0,34 35,1,413,,316989,8,0,34 35,1,84,,316990,8,0,34 35,1
7000,'20260923',1116,,316993,8,0,34 35,1,200,,316994,8,0,34 35,1,202,,316995,8,0,34 35,1,413,,316997,8,0,34 35,1,84,,316998,8,0,34 35,1
7000,'20260924',1116,,317001,8,0,34 35,1,200,,317002,8,0,34 35,1,202,,317003,8,0,34 35,1,413,,317005,8,0,34 35,1,84,,317006,8,0,34 35,1
7000,'20260925',1116,,317009,8,0,34 35,1,200,,317010,8,0,34 35,1,202,,317011,8,0,34 35,1,413,,317013,8,0,34 35,1,84,,317014,8,0,34 35,1
7000,'20260928',1116,,317017,8,0,34 35,1,200,,317018,8,0,34 35,1,202,,317019,8,0,34 35,1,413,,317021,8,0,34 35,1,84,,317022,8,0,34 35,1
7000,'20260929',1116,,317025,8,0,34 35,1,200,,317026,8,0,34 35,1,202,,317027,8,0,34 35,1,413,,317029,8,0,34 35,1,84,,317030,8,0,34 35,1
7000,'20260930',1116,,317033,8,0,34 35,1,200,,317034,8,0,34 35,1,202,,317035,8,0,34 35,1,413,,317037,8,0,34 35,1,84,,317038,8,0,34 35,1
7000,'20261001',1116,,317041,8,0,34 35,1,200,,317042,8,0,34 35,1,202,,317043,8,0,34 35,1,413,,317045,8,0,34 35,1,84,,317046,8,0,34 35,1
7000,'20261002',1116,,317049,8,0,34 35,1,200,,317050,8,0,34 35,1,202,,317051,8,0,34 35,1,413,,317053,8,0,34 35,1,84,,317054,8,0,34 35,1
7000,'20261005',1116,,317057,8,0,34 35,1,200,,317058,8,0,34 35,1,202,,317059,8,0,34 35,1,413,,317061,8,0,34 35,1,84,,317062,8,0,34 35,1
7000,'20261006',1116,,317065,8,0,34 35,1,200,,317066,8,0,34 35,1,202,,317067,8,0,34 35,1,413,,317069,8,0,34 35,1,84,,317070,8,0,34 35,1
7000,'20261007',1116,,317073,8,0,34 35,1,200,,317074,8,0,34 35,1,202,,317075,8,0,34 35,1,413,,317077,8,0,34 35,1,84,,317078,8,0,34 35,1
7000,'20261008',1116,,317081,8,0,34 35,1,200,,317082,8,0,34 35,1,202,,317083,8,0,34 35,1,413,,317085,8,0,34 35,1,84,,317086,8,0,34 35,1
7000,'20261009',1116,,317089,8,0,34 35,1,200,,317090,8,0,34 35,1,202,,317091,8,0,34 35,1,413,,317093,8,0,34 35,1,84,,317094,8,0,34 35,1
7000,'20261013',1116,,317097,8,0,34 35,1,200,,317098,8,0,34 35,1,202,,317099,8,0,34 35,1,413,,317101,8,0,34 35,1,84,,317102,8,0,34 35,1
7000,'20261014',1116,,317105,8,0,34 35,1,200,,317106,8,0,34 35,1,202,,317107,8,0,34 35,1,413,,317109,8,0,34 35,1,84,,317110,8,0,34 35,1
7000,'20261015',1116,,317113,8,0,34 35,1,200,,317114,8,0,34 35,1,202,,317115,8,0,34 35,1,413,,317117,8,0,34 35,1,84,,317118,8,0,34 35,1
7000,'20261016',1116,,317121,8,0,34 35,1,200,,317122,8,0,34 35,1,202,,317123,8,0,34 35,1,413,,317125,8,0,34 35,1,84,,317126,8,0,34 35,1
7000,'20261019',1116,,317129,8,0,34 35,1,200,,317130,8,0,34 35,1,202,,317131,8,0,34 35,1,413,,317133,8,0,34 35,1,84,,317134,8,0,34 35,1
7000,'20261020',1116,,317137,8,0,34 35,1,200,,317138,8,0,34 35,1,202,,317139,8,0,34 35,1,413,,317141,8,0,34 35,1,84,,317142,8,0,34 35,1
7000,'20261021',1116,,317145,8,0,34 35,1,200,,317146,8,0,34 35,1,202,,317147,8,0,34 35,1,413,,317149,8,0,34 35,1,84,,317150,8,0,34 35,1
7000,'20261022',1116,,317153,8,0,34 35,1,200,,317154,8,0,34 35,1,202,,317155,8,0,34 35,1,413,,317157,8,0,34 35,1,84,,317158,8,0,34 35,1
7000,'20261023',1116,,317161,8,0,34 35,1,200,,317162,8,0,34 35,1,202,,317163,8,0,34 35,1,413,,317165,8,0,34 35,1,84,,317166,8,0,34 35,1
7000,'20261026',1116,,317169,8,0,34 35,1,200,,317170,8,0,34 35,1,202,,317171,8,0,34 35,1,413,,317173,8,0,34 35,1,84,,317174,8,0,34 35,1
7000,'20261027',1116,,317177,8,0,34 35,1,200,,317178,8,0,34 35,1,202,,317179,8,0,34 35,1,413,,317181,8,0,34 35,1,84,,317182,8,0,34 35,1
7000,'20261028',1116,,317185,8,0,34 35,1,200,,317186,8,0,34 35,1,202,,317187,8,0,34 35,1,413,,317189,8,0,34 35,1,84,,317190,8,0,34 35,1
7000,'20261029',1116,,317193,8,0,34 35,1,200,,317194,8,0,34 35,1,202,,317195,8,0,34 35,1,413,,317197,8,0,34 35,1,84,,317198,8,0,34 35,1
7000,'20261030',1116,,317201,8,0,34 35,1,200,,317202,8,0,34 35,1,202,,317203,8,0,34 35,1,413,,317205,8,0,34 35,1,84,,317206,8,0,34 35,1
7000,'20261102',1116,,317209,8,0,34 35,1,200,,317210,8,0,34 35,1,202,,317211,8,0,34 35,1,413,,317213,8,0,34 35,1,84,,317214,8,0,34 35,1
7000,'20261103',1116,,317217,8,0,34 35,1,200,,317218,8,0,34 35,1,202,,317219,8,0,34 35,1,413,,317221,8,0,34 35,1,84,,317222,8,0,34 35,1
7000,'20261104',1116,,317225,8,0,34 35,1,200,,317226,8,0,34 35,1,202,,317227,8,0,34 35,1,413,,317229,8,0,34 35,1,84,,317230,8,0,34 35,1
7000,'20261105',1116,,317233,8,0,34 35,1,200,,317234,8,0,34 35,1,202,,317235,8,0,34 35,1,413,,317237,8,0,34 35,1,84,,317238,8,0,34 35,1
7000,'20261106',1116,,317241,8,0,34 35,1,200,,317242,8,0,34 35,1,202,,317243,8,0,34 35,1,413,,317245,8,0,34 35,1,84,,317246,8,0,34 35,1
7000,'20261109',1116,,317249,8,0,34 35,1,200,,317250,8,0,34 35,1,202,,317251,8,0,34 35,1,413,,317253,8,0,34 35,1,84,,317254,8,0,34 35,1
7000,'20261110',1116,,317257,8,0,34 35,1,200,,317258,8,0,34 35,1,202,,317259,8,0,34 35,1,413,,317261,8,0,34 35,1,84,,317262,8,0,34 35,1
7000,'20261111',1116,,317265,8,0,34 35,1,200,,317266,8,0,34 35,1,202,,317267,8,0,34 35,1,413,,317269,8,0,34 35,1,84,,317270,8,0,34 35,1
7000,'20261112',1116,,317273,8,0,34 35,1,200,,317274,8,0,34 35,1,202,,317275,8,0,34 35,1,413,,317277,8,0,34 35,1,84,,317278,8,0,34 35,1
7000,'20261113',1116,,317281,8,0,34 35,1,200,,317282,8,0,34 35,1,202,,317283,8,0,34 35,1,413,,317285,8,0,34 35,1,84,,317286,8,0,34 35,1
7000,'20261116',1116,,317289,8,0,34 35,1,200,,317290,8,0,34 35,1,202,,317291,8,0,34 35,1,413,,317293,8,0,34 35,1,84,,317294,8,0,34 35,1
7000,'20261117',1116,,317297,8,0,34 35,1,200,,317298,8,0,34 35,1,202,,317299,8,0,34 35,1,413,,317301,8,0,34 35,1,84,,317302,8,0,34 35,1
7000,'20261118',1116,,317305,8,0,34 35,1,200,,317306,8,0,34 35,1,202,,317307,8,0,34 35,1,413,,317309,8,0,34 35,1,84,,317310,8,0,34 35,1
7000,'20261119',1116,,317313,8,0,34 35,1,200,,317314,8,0,34 35,1,202,,317315,8,0,34 35,1,413,,317317,8,0,34 35,1,84,,317318,8,0,34 35,1
7000,'20261120',1116,,317321,8,0,34 35,1,200,,317322,8,0,34 35,1,202,,317323,8,0,34 35,1,413,,317325,8,0,34 35,1,84,,317326,8,0,34 35,1
7000,'20261123',1116,,317329,8,0,34 35,1,200,,317330,8,0,34 35,1,202,,317331,8,0,34 35,1,413,,317333,8,0,34 35,1,84,,317334,8,0,34 35,1
7000,'20261124',1116,,317337,8,0,34 35,1,200,,317338,8,0,34 35,1,202,,317339,8,0,34 35,1,413,,317341,8,0,34 35,1,84,,317342,8,0,34 35,1
7000,'20261125',1116,,317345,8,0,34 35,1,200,,317346,8,0,34 35,1,202,,317347,8,0,34 35,1,413,,317349,8,0,34 35,1,84,,317350,8,0,34 35,1
7000,'20261126',1116,,317353,8,0,34 35,1,200,,317354,8,0,34 35,1,202,,317355,8,0,34 35,1,413,,317357,8,0,34 35,1,84,,317358,8,0,34 35,1
7000,'20261127',1116,,317361,8,0,34 35,1,200,,317362,8,0,34 35,1,202,,317363,8,0,34 35,1,413,,317365,8,0,34 35,1,84,,317366,8,0,34 35,1
7100,'20260917',747,,317978,21,,,1,159,,317979,21,,,1,1508,,317984,21,0,31 32 33 9,1,100,,317986,21,0,31 32 33 9,1,45,,317987,21,0,31 32 33 9,1,175,,317988,21,0,31 32 33 9,1
7100,'20260918',747,,317989,21,,,1,159,,317990,21,,,1,1508,,317995,21,0,31 32 33 9,1,100,,317997,21,0,31 32 33 9,1,45,,317998,21,0,31 32 33 9,1,175,,317999,21,0,31 32 33 9,1
7100,'20260919',844,,318000,21,,,1,161,,318002,21,,,1,200,,318006,21,,,1,205,,318011,21,,,1,200,,318017,21,,,1,200,,318021,21,,,1,200,,318024,21,,,1,199,,318027,21,,,1,200,,318030,21,,,1,107,,318032,21,0,31 32 33 9,1,93,,318033,21,0,31 32 33 9,1,125,,318034,21,0,31 32 33 9,1
7100,'20260920',844,,318035,21,,,1,161,,318037,21,,,1,200,,318041,21,,,1,205,,318046,21,,,1,200,,318052,21,,,1,200,,318056,21,,,1,200,,318059,21,,,1,199,,318062,21,,,1,200,,318065,21,,,1,107,,318067,21,0,31 32 33 9,1,93,,318068,21,0,31 32 33 9,1,125,,318069,21,0,31 32 33 9,1
7100,'20260921',747,,318070,21,,,1,159,,318071,21,,,1,1508,,318076,21,0,31 32 33 9,1,100,,318078,21,0,31 32 33 9,1,45,,318079,21,0,31 32 33 9,1,175,,318080,21,0,31 32 33 9,1
7100,'20260922',747,,318081,21,,,1,159,,318082,21,,,1,1508,,318087,21,0,31 32 33 9,1,100,,318089,21,0,31 32 33 9,1,45,,318090,21,0,31 32 33 9,1,175,,318091,21,0,31 32 33 9,1
7100,'20260923',747,,318092,21,,,1,159,,318093,21,,,1,1508,,318098,21,0,31 32 33 9,1,100,,318100,21,0,31 32 33 9,1,45,,318101,21,0,31 32 33 9,1,175,,318102,21,0,31 32 33 9,1
7100,'20260924',747,,318103,21,,,1,159,,318104,21,,,1,1508,,318109,21,0,31 32 33 9,1,100,,318111,21,0,31 32 33 9,1,45,,318112,21,0,31 32 33 9,1,175,,318113,21,0,31 32 33 9,1
7100,'20260925',747,,318114,21,,,1,159,,318115,21,,,1,1508,,318120,21,0,31 32 33 9,1,100,,318122,21,0,31 32 33 9,1,45,,318123,21,0,31 32 33 9,1,175,,318124,21,0,31 32 33 9,1
7100,'20260926',844,,318125,21,,,1,161,,318127,21,,,1,200,,318131,21,,,1,205,,318136,21,,,1,200,,318142,21,,,1,200,,318146,21,,,1,200,,318149,21,,,1,199,,318152,21,,,1,50,,332324,21,0,31 32 33 9,1,45,,332325,21,0,31 32 33 9,1,105,,318155,21,,,1,107,,318157,21,0,31 32 33 9,1,93,,318158,21,0,31 32 33 9,1,125,,318159,21,0,31 32 33 9,1
7100,'20260927',844,,318160,21,,,1,161,,318162,21,,,1,200,,318166,21,,,1,205,,318171,21,,,1,200,,318177,21,,,1,200,,318181,21,,,1,200,,318184,21,,,1,199,,318187,21,,,1,50,,332332,21,0,31 32 33 9,1,45,,332333,21,0,31 32 33 9,1,105,,318190,21,,,1,107,,318192,21,0,31 32 33 9,1,93,,318193,21,0,31 32 33 9,1,125,,318194,21,0,31 32 33 9,1
7100,'20260928',747,,318195,21,,,1,159,,318196,21,,,1,1508,,318201,21,0,31 32 33 9,1,100,,318203,21,0,31 32 33 9,1,45,,318204,21,0,31 32 33 9,1,175,,318205,21,0,31 32 33 9,1
7100,'20260929',747,,318206,21,,,1,159,,318207,21,,,1,1508,,318212,21,0,31 32 33 9,1,100,,318214,21,0,31 32 33 9,1,45,,318215,21,0,31 32 33 9,1,175,,318216,21,0,31 32 33 9,1
7100,'20260930',747,,318217,21,,,1,159,,318218,21,,,1,1508,,318223,21,0,31 32 33 9,1,100,,318225,21,0,31 32 33 9,1,45,,318226,21,0,31 32 33 9,1,175,,318227,21,0,31 32 33 9,1
7100,'20261001',747,,318228,21,,,1,159,,318229,21,,,1,1508,,318234,21,0,31 32 33 9,1,100,,318236,21,0,31 32 33 9,1,45,,318237,21,0,31 32 33 9,1,175,,318238,21,0,31 32 33 9,1
7100,'20261002',747,,318239,21,,,1,159,,318240,21,,,1,1508,,318245,21,0,31 32 33 9,1,100,,318247,21,0,31 32 33 9,1,45,,318248,21,0,31 32 33 9,1,175,,318249,21,0,31 32 33 9,1
7100,'20261003',844,,318250,21,,,1,161,,318252,21,,,1,200,,318256,21,,,1,205,,318261,21,,,1,200,,318267,21,,,1,200,,318271,21,,,1,200,,318274,21,,,1,199,,318277,21,,,1,200,,318280,21,,,1,107,,318282,21,0,31 32 33 9,1,93,,318283,21,0,31 32 33 9,1,125,,318284,21,0,31 32 33 9,1
7100,'20261004',844,,318285,21,,,1,161,,318287,21,,,1,200,,318291,21,,,1,205,,318296,21,,,1,200,,318302,21,,,1,200,,318306,21,,,1,200,,318309,21,,,1,199,,318312,21,,,1,200,,318315,21,,,1,107,,318317,21,0,31 32 33 9,1,93,,318318,21,0,31 32 33 9,1,125,,318319,21,0,31 32 33 9,1
7100,'20261005',747,,318320,21,,,1,159,,318321,21,,,1,1508,,318326,21,0,31 32 33 9,1,100,,318328,21,0,31 32 33 9,1,45,,318329,21,0,31 32 33 9,1,175,,318330,21,0,31 32 33 9,1
7100,'20261006',747,,318331,21,,,1,159,,318332,21,,,1,1508,,318337,21,0,31 32 33 9,1,100,,318339,21,0,31 32 33 9,1,45,,318340,21,0,31 32 33 9,1,175,,318341,21,0,31 32 33 9,1
7100,'20261007',747,,318342,21,,,1,159,,318343,21,,,1,1508,,318348,21,0,31 32 33 9,1,100,,318350,21,0,31 32 33 9,1,45,,318351,21,0,31 32 33 9,1,175,,318352,21,0,31 32 33 9,1
7100,'20261008',747,,318353,21,,,1,159,,318354,21,,,1,1508,,318359,21,0,31 32 33 9,1,100,,318361,21,0,31 32 33 9,1,45,,318362,21,0,31 32 33 9,1,175,,318363,21,0,31 32 33 9,1
7100,'20261009',747,,318364,21,,,1,159,,318365,21,,,1,1508,,318370,21,0,31 32 33 9,1,100,,318372,21,0,31 32 33 9,1,45,,318373,21,0,31 32 33 9,1,175,,318374,21,0,31 32 33 9,1
7100,'20261010',844,,318375,21,,,1,161,,318377,21,,,1,200,,318381,21,,,1,205,,318386,21,,,1,200,,318392,21,,,1,200,,318396,21,,,1,200,,318399,21,,,1,199,,318402,21,,,1,200,,318405,21,,,1,107,,318407,21,0,31 32 33 9,1,93,,318408,21,0,31 32 33 9,1,125,,318409,21,0,31 32 33 9,1
7100,'20261011',844,,318410,21,,,1,161,,318412,21,,,1,200,,318416,21,,,1,205,,318421,21,,,1,200,,318427,21,,,1,200,,318431,21,,,1,200,,318434,21,,,1,199,,318437,21,,,1,200,,318440,21,,,1,107,,318442,21,0,31 32 33 9,1,93,,318443,21,0,31 32 33 9,1,125,,318444,21,0,31 32 33 9,1
7100,'20261012',844,,318445,21,,,1,161,,318447,21,,,1,200,,318451,21,,,1,205,,318456,21,,,1,200,,318462,21,,,1,200,,318466,21,,,1,200,,318469,21,,,1,199,,318472,21,,,1,200,,318475,21,,,1,107,,318477,21,0,31 32 33 9,1,93,,318478,21,0,31 32 33 9,1,125,,318479,21,0,31 32 33 9,1
7100,'20261013',747,,318480,21,,,1,159,,318481,21,,,1,1508,,318486,21,0,31 32 33 9,1,100,,318488,21,0,31 32 33 9,1,45,,318489,21,0,31 32 33 9,1,175,,318490,21,0,31 32 33 9,1
7100,'20261014',747,,318491,21,,,1,159,,318492,21,,,1,1508,,318497,21,0,31 32 33 9,1,100,,318499,21,0,31 32 33 9,1,45,,318500,21,0,31 32 33 9,1,175,,318501,21,0,31 32 33 9,1
7100,'20261015',747,,318502,21,,,1,159,,318503,21,,,1,1508,,318508,21,0,31 32 33 9,1,100,,318510,21,0,31 32 33 9,1,45,,318511,21,0,31 32 33 9,1,175,,318512,21,0,31 32 33 9,1
7100,'20261016',747,,318513,21,,,1,159,,318514,21,,,1,1508,,318519,21,0,31 32 33 9,1,100,,318521,21,0,31 32 33 9,1,45,,318522,21,0,31 32 33 9,1,175,,318523,21,0,31 32 33 9,1
7100,'20261017',844,,318524,21,,,1,161,,318526,21,,,1,200,,318530,21,,,1,205,,318535,21,,,1,200,,318541,21,,,1,200,,318545,21,,,1,200,,318548,21,,,1,199,,318551,21,,,1,200,,318554,21,,,1,107,,318556,21,0,31 32 33 9,1,93,,318557,21,0,31 32 33 9,1,125,,318558,21,0,31 32 33 9,1
7100,'20261018',844,,318559,21,,,1,161,,318561,21,,,1,200,,318565,21,,,1,205,,318570,21,,,1,200,,318576,21,,,1,200,,318580,21,,,1,200,,318583,21,,,1,199,,318586,21,,,1,200,,318589,21,,,1,107,,318591,21,0,31 32 33 9,1,93,,318592,21,0,31 32 33 9,1,125,,318593,21,0,31 32 33 9,1
7100,'20261019',747,,318594,21,,,1,159,,318595,21,,,1,1508,,318600,21,0,31 32 33 9,1,100,,318602,21,0,31 32 33 9,1,45,,318603,21,0,31 32 33 9,1,175,,318604,21,0,31 32 33 9,1
7100,'20261020',747,,318605,21,,,1,159,,318606,21,,,1,1508,,318611,21,0,31 32 33 9,1,100,,318613,21,0,31 32 33 9,1,45,,318614,21,0,31 32 33 9,1,175,,318615,21,0,31 32 33 9,1
7100,'20261021',747,,318616,21,,,1,159,,318617,21,,,1,1508,,318622,21,0,31 32 33 9,1,100,,318624,21,0,31 32 33 9,1,45,,318625,21,0,31 32 33 9,1,175,,318626,21,0,31 32 33 9,1
7100,'20261022',747,,318627,21,,,1,159,,318628,21,,,1,1508,,318633,21,0,31 32 33 9,1,100,,318635,21,0,31 32 33 9,1,45,,318636,21,0,31 32 33 9,1,175,,318637,21,0,31 32 33 9,1
7100,'20261023',747,,318638,21,,,1,159,,318639,21,,,1,1508,,318644,21,0,31 32 33 9,1,100,,318646,21,0,31 32 33 9,1,45,,318647,21,0,31 32 33 9,1,175,,318648,21,0,31 32 33 9,1
7100,'20261024',844,,318649,21,,,1,161,,318651,21,,,1,200,,318655,21,,,1,205,,318660,21,,,1,200,,318666,21,,,1,200,,318670,21,,,1,200,,318673,21,,,1,199,,318676,21,,,1,200,,318679,21,,,1,107,,318681,21,0,31 32 33 9,1,93,,318682,21,0,31 32 33 9,1,125,,318683,21,0,31 32 33 9,1
7100,'20261025',844,,318684,21,,,1,161,,318686,21,,,1,200,,318690,21,,,1,205,,318695,21,,,1,200,,318701,21,,,1,200,,318705,21,,,1,200,,318708,21,,,1,199,,318711,21,,,1,200,,318714,21,,,1,107,,318716,21,0,31 32 33 9,1,93,,318717,21,0,31 32 33 9,1,125,,318718,21,0,31 32 33 9,1
7100,'20261026',747,,318719,21,,,1,159,,318720,21,,,1,1508,,318725,21,0,31 32 33 9,1,100,,318727,21,0,31 32 33 9,1,45,,318728,21,0,31 32 33 9,1,175,,318729,21,0,31 32 33 9,1
7100,'20261027',747,,318730,21,,,1,159,,318731,21,,,1,1508,,318736,21,0,31 32 33 9,1,100,,318738,21,0,31 32 33 9,1,45,,318739,21,0,31 32 33 9,1,175,,318740,21,0,31 32 33 9,1
7100,'20261028',747,,318741,21,,,1,159,,318742,21,,,1,1508,,318747,21,0,31 32 33 9,1,100,,318749,21,0,31 32 33 9,1,45,,318750,21,0,31 32 33 9,1,175,,318751,21,0,31 32 33 9,1
7100,'20261029',747,,318752,21,,,1,159,,318753,21,,,1,1508,,318758,21,0,31 32 33 9,1,100,,318760,21,0,31 32 33 9,1,45,,318761,21,0,31 32 33 9,1,175,,318762,21,0,31 32 33 9,1
7100,'20261030',747,,318763,21,,,1,159,,318764,21,,,1,1508,,318769,21,0,31 32 33 9,1,100,,318771,21,0,31 32 33 9,1,45,,318772,21,0,31 32 33 9,1,175,,318773,21,0,31 32 33 9,1
7100,'20261031',844,,318774,21,,,1,161,,318776,21,,,1,200,,318780,21,,,1,205,,318785,21,,,1,200,,318791,21,,,1,200,,318795,21,,,1,200,,318798,21,,,1,199,,318801,21,,,1,200,,318804,21,,,1,107,,318806,21,0,31 32 33 9,1,93,,318807,21,0,31 32 33 9,1,125,,318808,21,0,31 32 33 9,1
7100,'20261101',844,,318809,21,,,1,161,,318811,21,,,1,200,,318815,21,,,1,205,,318820,21,,,1,200,,318826,21,,,1,200,,318830,21,,,1,200,,318833,21,,,1,199,,318836,21,,,1,200,,318839,21,,,1,107,,318841,21,0,31 32 33 9,1,93,,318842,21,0,31 32 33 9,1,125,,318843,21,0,31 32 33 9,1
7100,'20261102',747,,318844,21,,,1,159,,318845,21,,,1,1508,,318850,21,0,31 32 33 9,1,100,,318852,21,0,31 32 33 9,1,45,,318853,21,0,31 32 33 9,1,175,,318854,21,0,31 32 33 9,1
7100,'20261103',747,,318855,21,,,1,159,,318856,21,,,1,1508,,318861,21,0,31 32 33 9,1,100,,318863,21,0,31 32 33 9,1,45,,318864,21,0,31 32 33 9,1,175,,318865,21,0,31 32 33 9,1
7100,'20261104',747,,318866,21,,,1,159,,318867,21,,,1,1508,,318872,21,0,31 32 33 9,1,100,,318874,21,0,31 32 33 9,1,45,,318875,21,0,31 32 33 9,1,175,,318876,21,0,31 32 33 9,1
7100,'20261105',747,,318877,21,,,1,159,,318878,21,,,1,1508,,318883,21,0,31 32 33 9,1,100,,318885,21,0,31 32 33 9,1,45,,318886,21,0,31 32 33 9,1,175,,318887,21,0,31 32 33 9,1
7100,'20261106',747,,318888,21,,,1,159,,318889,21,,,1,1508,,318894,21,0,31 32 33 9,1,100,,318896,21,0,31 32 33 9,1,45,,318897,21,0,31 32 33 9,1,175,,318898,21,0,31 32 33 9,1
7100,'20261107',844,,318899,21,,,1,161,,318901,21,,,1,200,,318905,21,,,1,205,,318910,21,,,1,200,,318916,21,,,1,200,,318920,21,,,1,200,,318923,21,,,1,199,,318926,21,,,1,200,,318929,21,,,1,107,,318931,21,0,31 32 33 9,1,93,,318932,21,0,31 32 33 9,1,125,,318933,21,0,31 32 33 9,1
7100,'20261108',844,,318934,21,,,1,161,,318936,21,,,1,200,,318940,21,,,1,205,,318945,21,,,1,200,,318951,21,,,1,200,,318955,21,,,1,200,,318958,21,,,1,199,,318961,21,,,1,200,,318964,21,,,1,107,,318966,21,0,31 32 33 9,1,93,,318967,21,0,31 32 33 9,1,125,,318968,21,0,31 32 33 9,1
7100,'20261109',747,,318969,21,,,1,159,,318970,21,,,1,1508,,318975,21,0,31 32 33 9,1,100,,318977,21,0,31 32 33 9,1,45,,318978,21,0,31 32 33 9,1,175,,318979,21,0,31 32 33 9,1
7100,'20261110',747,,318980,21,,,1,159,,318981,21,,,1,1508,,318986,21,0,31 32 33 9,1,100,,318988,21,0,31 32 33 9,1,45,,318989,21,0,31 32 33 9,1,175,,318990,21,0,31 32 33 9,1
7100,'20261111',747,,318991,21,,,1,159,,318992,21,,,1,1508,,318997,21,0,31 32 33 9,1,100,,318999,21,0,31 32 33 9,1,45,,319000,21,0,31 32 33 9,1,175,,319001,21,0,31 32 33 9,1
7100,'20261112',747,,319002,21,,,1,159,,319003,21,,,1,1508,,319008,21,0,31 32 33 9,1,100,,319010,21,0,31 32 33 9,1,45,,319011,21,0,31 32 33 9,1,175,,319012,21,0,31 32 33 9,1
7100,'20261113',747,,319013,21,,,1,159,,319014,21,,,1,1508,,319019,21,0,31 32 33 9,1,100,,319021,21,0,31 32 33 9,1,45,,319022,21,0,31 32 33 9,1,175,,319023,21,0,31 32 33 9,1
7100,'20261114',844,,319024,21,,,1,161,,319026,21,,,1,200,,319030,21,,,1,205,,319035,21,,,1,200,,319041,21,,,1,200,,319045,21,,,1,200,,319048,21,,,1,199,,319051,21,,,1,200,,319054,21,,,1,107,,319056,21,0,31 32 33 9,1,93,,319057,21,0,31 32 33 9,1,125,,319058,21,0,31 32 33 9,1
7100,'20261115',844,,319059,21,,,1,161,,319061,21,,,1,200,,319065,21,,,1,205,,319070,21,,,1,200,,319076,21,,,1,200,,319080,21,,,1,200,,319083,21,,,1,199,,319086,21,,,1,200,,319089,21,,,1,107,,319091,21,0,31 32 33 9,1,93,,319092,21,0,31 32 33 9,1,125,,319093,21,0,31 32 33 9,1
7100,'20261116',747,,319094,21,,,1,159,,319095,21,,,1,1508,,319100,21,0,31 32 33 9,1,100,,319102,21,0,31 32 33 9,1,45,,319103,21,0,31 32 33 9,1,175,,319104,21,0,31 32 33 9,1
7100,'20261117',747,,319105,21,,,1,159,,319106,21,,,1,1508,,319111,21,0,31 32 33 9,1,100,,319113,21,0,31 32 33 9,1,45,,319114,21,0,31 32 33 9,1,175,,319115,21,0,31 32 33 9,1
7100,'20261118',747,,319116,21,,,1,159,,319117,21,,,1,1508,,319122,21,0,31 32 33 9,1,100,,319124,21,0,31 32 33 9,1,45,,319125,21,0,31 32 33 9,1,175,,319126,21,0,31 32 33 9,1
7100,'20261119',747,,319127,21,,,1,159,,319128,21,,,1,1508,,319133,21,0,31 32 33 9,1,100,,319135,21,0,31 32 33 9,1,45,,319136,21,0,31 32 33 9,1,175,,319137,21,0,31 32 33 9,1
7100,'20261120',747,,319138,21,,,1,159,,319139,21,,,1,1508,,319144,21,0,31 32 33 9,1,100,,319146,21,0,31 32 33 9,1,45,,319147,21,0,31 32 33 9,1,175,,319148,21,0,31 32 33 9,1
7100,'20261121',844,,319149,21,,,1,161,,319151,21,,,1,200,,319155,21,,,1,205,,319160,21,,,1,200,,319166,21,,,1,200,,319170,21,,,1,200,,319173,21,,,1,199,,319176,21,,,1,200,,319179,21,,,1,107,,319181,21,0,31 32 33 9,1,93,,319182,21,0,31 32 33 9,1,125,,319183,21,0,31 32 33 9,1
7100,'20261122',844,,319184,21,,,1,161,,319186,21,,,1,200,,319190,21,,,1,205,,319195,21,,,1,200,,319201,21,,,1,200,,319205,21,,,1,200,,319208,21,,,1,199,,319211,21,,,1,200,,319214,21,,,1,107,,319216,21,0,31 32 33 9,1,93,,319217,21,0,31 32 33 9,1,125,,319218,21,0,31 32 33 9,1
7100,'20261123',747,,319219,21,,,1,159,,319220,21,,,1,1508,,319225,21,0,31 32 33 9,1,100,,319227,21,0,31 32 33 9,1,45,,319228,21,0,31 32 33 9,1,175,,319229,21,0,31 32 33 9,1
7100,'20261124',747,,319230,21,,,1,159,,319231,21,,,1,1508,,319236,21,0,31 32 33 9,1,100,,319238,21,0,31 32 33 9,1,45,,319239,21,0,31 32 33 9,1,175,,319240,21,0,31 32 33 9,1
7100,'20261125',747,,319241,21,,,1,159,,319242,21,,,1,1508,,319247,21,0,31 32 33 9,1,100,,319249,21,0,31 32 33 9,1,45,,319250,21,0,31 32 33 9,1,175,,319251,21,0,31 32 33 9,1
7100,'20261126',747,,319252,21,,,1,159,,319253,21,,,1,1508,,319258,21,0,31 32 33 9,1,100,,319260,21,0,31 32 33 9,1,45,,319261,21,0,31 32 33 9,1,175,,319262,21,0,31 32 33 9,1
7100,'20261127',747,,319263,21,,,1,159,,319264,21,,,1,1508,,319269,21,0,31 32 33 9,1,100,,319271,21,0,31 32 33 9,1,45,,319272,21,0,31 32 33 9,1,175,,319273,21,0,31 32 33 9,1
