3101,'20260921',709,,267721,29,0,37 43 44 47,1,20,,267722,29,0,37 43 44 47,1,21,,267723,39,0,43 44 47,1,64,,267724,29,0,37 43 44 47,1,35,,267725,37,0,5 43 44 47,1,100,,267726,37,0,5 43 44 47,1,1663,,267730,37,0,7 43 44 47,1
3101,'20260922',709,,267733,29,0,37 43 44 47,1,20,,267734,29,0,37 43 44 47,1,21,,267735,39,0,43 44 47,1,64,,267736,29,0,37 43 44 47,1,35,,267737,37,0,5 43 44 47,1,100,,267738,37,0,5 43 44 47,1,1663,,267742,37,0,7 43 44 47,1
3101,'20260923',709,,267745,29,0,37 43 44 47,1,20,,267746,29,0,37 43 44 47,1,21,,267747,39,0,43 44 47,1,64,,267748,29,0,37 43 44 47,1,35,,267749,37,0,5 43 44 47,1,100,,267750,37,0,5 43 44 47,1,1663,,267754,37,0,7 43 44 47,1
3101,'20260924',709,,267757,29,0,37 43 44 47,1,20,,267758,29,0,37 43 44 47,1,21,,267759,39,0,43 44 47,1,64,,267760,29,0,37 43 44 47,1,35,,267761,37,0,5 43 44 47,1,100,,267762,37,0,5 43 44 47,1,1663,,267766,37,0,7 43 44 47,1
3101,'20260925',709,,267769,29,0,37 43 44 47,1,20,,267770,29,0,37 43 44 47,1,21,,267771,39,0,43 44 47,1,64,,267772,29,0,37 43 44 47,1,35,,267773,37,0,5 43 44 47,1,100,,267774,37,0,5 43 44 47,1,1663,,267778,37,0,7 43 44 47,1
3101,'20260926',926,,267781,37,0,7 43 44 47,1
3101,'20260927',926,,267789,37,0,7 43 44 47,1
3101,'20260928',709,,267795,29,0,37 43 44 47,1,20,,267796,29,0,37 43 44 47,1,21,,267797,39,0,43 44 47,1,64,,267798,29,0,37 43 44 47,1,35,,267799,37,0,5 43 44 47,1,100,,267800,37,0,5 43 44 47,1,1663,,267804,37,0,7 43 44 47,1
3101,'20260929',709,,267807,29,0,37 43 44 47,1,20,,267808,29,0,37 43 44 47,1,21,,267809,39,0,43 44 47,1,64,,267810,29,0,37 43 44 47,1,35,,267811,37,0,5 43 44 47,1,100,,267812,37,0,5 43 44 47,1,1663,,267816,37,0,7 43 44 47,1
3101,'20260930',709,,267819,29,0,37 43 44 47,1,20,,267820,29,0,37 43 44 47,1,21,,267821,39,0,43 44 47,1,64,,267822,29,0,37 43 44 47,1,35,,267823,37,0,5 43 44 47,1,100,,267824,37,0,5 43 44 47,1,1663,,267828,37,0,7 43 44 47,1
3101,'20261001',709,,267831,29,0,37 43 44 47,1,20,,267832,29,0,37 43 44 47,1,21,,267833,39,0,43 44 47,1,64,,267834,29,0,37 43 44 47,1,35,,267835,37,0,5 43 44 47,1,100,,267836,37,0,5 43 44 47,1,1663,,267840,37,0,7 43 44 47,1
3101,'20261002',709,,267843,29,0,37 43 44 47,1,20,,267844,29,0,37 43 44 47,1,21,,267845,39,0,43 44 47,1,64,,267846,29,0,37 43 44 47,1,35,,267847,37,0,5 43 44 47,1,100,,267848,37,0,5 43 44 47,1,1353,,332718,10,0,105 101 9,1,310,,267852,37,0,7 43 44 47,1
3101,'20261003',926,,267855,37,0,7 43 44 47,1,94,,332723,31,0,71 101 9,1,10,,332724,31,0,71 101 9,1,802,,332725,31,0,71 101 9,1,590,,332726,31,0,71 101 9,1
3101,'20261004',926,,267863,37,0,7 43 44 47,1,94,,332727,31,0,71 101 9,1,10,,332728,31,0,71 101 9,1,802,,332729,31,0,71 101 9,1,590,,332730,31,0,71 101 9,1
3101,'20261005',709,,267869,29,0,37 43 44 47,1,20,,267870,29,0,37 43 44 47,1,21,,267871,39,0,43 44 47,1,64,,267872,29,0,37 43 44 47,1,35,,267873,37,0,5 43 44 47,1,100,,267874,37,0,5 43 44 47,1,1663,,267878,37,0,7 43 44 47,1
3101,'20261006',709,,267881,29,0,37 43 44 47,1,20,,267882,29,0,37 43 44 47,1,21,,267883,39,0,43 44 47,1,64,,267884,29,0,37 43 44 47,1,35,,267885,37,0,5 43 44 47,1,100,,267886,37,0,5 43 44 47,1,1663,,267890,37,0,7 43 44 47,1
3101,'20261007',709,,267893,29,0,37 43 44 47,1,20,,267894,29,0,37 43 44 47,1,21,,267895,39,0,43 44 47,1,64,,267896,29,0,37 43 44 47,1,35,,267897,37,0,5 43 44 47,1,100,,267898,37,0,5 43 44 47,1,1663,,267902,37,0,7 43 44 47,1
3101,'20261008',709,,267905,29,0,37 43 44 47,1,20,,267906,29,0,37 43 44 47,1,21,,267907,39,0,43 44 47,1,64,,267908,29,0,37 43 44 47,1,35,,267909,37,0,5 43 44 47,1,100,,267910,37,0,5 43 44 47,1,1663,,267914,37,0,7 43 44 47,1
3101,'20261009',709,,267917,29,0,37 43 44 47,1,20,,267918,29,0,37 43 44 47,1,21,,267919,39,0,43 44 47,1,64,,267920,29,0,37 43 44 47,1,35,,267921,37,0,5 43 44 47,1,100,,267922,37,0,5 43 44 47,1,1663,,267926,37,0,7 43 44 47,1
3101,'20261010',926,,267929,37,0,7 43 44 47,1
3101,'20261011',926,,267937,37,0,7 43 44 47,1
3101,'20261012',926,,267943,37,0,7 43 44 47,1
3101,'20261013',709,,267951,29,0,37 43 44 47,1,20,,267952,29,0,37 43 44 47,1,21,,267953,39,0,43 44 47,1,64,,267954,29,0,37 43 44 47,1,35,,267955,37,0,5 43 44 47,1,100,,267956,37,0,5 43 44 47,1,1663,,267960,37,0,7 43 44 47,1
3101,'20261014',709,,267963,29,0,37 43 44 47,1,20,,267964,29,0,37 43 44 47,1,21,,267965,39,0,43 44 47,1,64,,267966,29,0,37 43 44 47,1,35,,267967,37,0,5 43 44 47,1,100,,267968,37,0,5 43 44 47,1,1663,,267972,37,0,7 43 44 47,1
3101,'20261015',709,,267975,29,0,37 43 44 47,1,20,,267976,29,0,37 43 44 47,1,21,,267977,39,0,43 44 47,1,64,,267978,29,0,37 43 44 47,1,35,,267979,37,0,5 43 44 47,1,100,,267980,37,0,5 43 44 47,1,1663,,267984,37,0,7 43 44 47,1
3101,'20261016',709,,267987,29,0,37 43 44 47,1,20,,267988,29,0,37 43 44 47,1,21,,267989,39,0,43 44 47,1,64,,267990,29,0,37 43 44 47,1,35,,267991,37,0,5 43 44 47,1,100,,267992,37,0,5 43 44 47,1,1663,,267996,37,0,7 43 44 47,1
3101,'20261017',926,,267999,37,0,7 43 44 47,1
3101,'20261018',926,,268007,37,0,7 43 44 47,1
3101,'20261019',709,,268013,29,0,37 43 44 47,1,20,,268014,29,0,37 43 44 47,1,21,,268015,39,0,43 44 47,1,64,,268016,29,0,37 43 44 47,1,35,,268017,37,0,5 43 44 47,1,100,,268018,37,0,5 43 44 47,1,1663,,268022,37,0,7 43 44 47,1
3101,'20261020',709,,268025,29,0,37 43 44 47,1,20,,268026,29,0,37 43 44 47,1,21,,268027,39,0,43 44 47,1,64,,268028,29,0,37 43 44 47,1,35,,268029,37,0,5 43 44 47,1,100,,268030,37,0,5 43 44 47,1,1663,,268034,37,0,7 43 44 47,1
3101,'20261021',709,,268037,29,0,37 43 44 47,1,20,,268038,29,0,37 43 44 47,1,21,,268039,39,0,43 44 47,1,64,,268040,29,0,37 43 44 47,1,35,,268041,37,0,5 43 44 47,1,100,,268042,37,0,5 43 44 47,1,1663,,268046,37,0,7 43 44 47,1
3101,'20261022',709,,268049,29,0,37 43 44 47,1,20,,268050,29,0,37 43 44 47,1,21,,268051,39,0,43 44 47,1,64,,268052,29,0,37 43 44 47,1,35,,268053,37,0,5 43 44 47,1,100,,268054,37,0,5 43 44 47,1,1663,,268058,37,0,7 43 44 47,1
3101,'20261023',709,,268061,29,0,37 43 44 47,1,20,,268062,29,0,37 43 44 47,1,21,,268063,39,0,43 44 47,1,64,,268064,29,0,37 43 44 47,1,35,,268065,37,0,5 43 44 47,1,100,,268066,37,0,5 43 44 47,1,1663,,268070,37,0,7 43 44 47,1
3101,'20261024',926,,268073,37,0,7 43 44 47,1
3101,'20261025',926,,268081,37,0,7 43 44 47,1
3101,'20261026',709,,268087,29,0,37 43 44 47,1,20,,268088,29,0,37 43 44 47,1,21,,268089,39,0,43 44 47,1,64,,268090,29,0,37 43 44 47,1,35,,268091,37,0,5 43 44 47,1,100,,268092,37,0,5 43 44 47,1,1663,,268096,37,0,7 43 44 47,1
3101,'20261027',709,,268099,29,0,37 43 44 47,1,20,,268100,29,0,37 43 44 47,1,21,,268101,39,0,43 44 47,1,64,,268102,29,0,37 43 44 47,1,35,,268103,37,0,5 43 44 47,1,100,,268104,37,0,5 43 44 47,1,1663,,268108,37,0,7 43 44 47,1
3101,'20261028',709,,268111,29,0,37 43 44 47,1,20,,268112,29,0,37 43 44 47,1,21,,268113,39,0,43 44 47,1,64,,268114,29,0,37 43 44 47,1,35,,268115,37,0,5 43 44 47,1,100,,268116,37,0,5 43 44 47,1,1663,,268120,37,0,7 43 44 47,1
3101,'20261029',709,,268123,29,0,37 43 44 47,1,20,,268124,29,0,37 43 44 47,1,21,,268125,39,0,43 44 47,1,64,,268126,29,0,37 43 44 47,1,35,,268127,37,0,5 43 44 47,1,100,,268128,37,0,5 43 44 47,1,1663,,268132,37,0,7 43 44 47,1
3101,'20261030',709,,268135,29,0,37 43 44 47,1,20,,268136,29,0,37 43 44 47,1,21,,268137,39,0,43 44 47,1,64,,268138,29,0,37 43 44 47,1,35,,268139,37,0,5 43 44 47,1,100,,268140,37,0,5 43 44 47,1,1663,,268144,37,0,7 43 44 47,1
3101,'20261031',926,,268147,37,0,7 43 44 47,1
3101,'20261101',926,,268155,37,0,7 43 44 47,1
3101,'20261102',709,,268161,29,0,37 43 44 47,1,20,,268162,29,0,37 43 44 47,1,21,,268163,39,0,43 44 47,1,64,,268164,29,0,37 43 44 47,1,35,,268165,37,0,5 43 44 47,1,100,,268166,37,0,5 43 44 47,1,1663,,268170,37,0,7 43 44 47,1
3101,'20261103',709,,268173,29,0,37 43 44 47,1,20,,268174,29,0,37 43 44 47,1,21,,268175,39,0,43 44 47,1,64,,268176,29,0,37 43 44 47,1,35,,268177,37,0,5 43 44 47,1,100,,268178,37,0,5 43 44 47,1,1663,,268182,37,0,7 43 44 47,1
3101,'20261104',709,,268185,29,0,37 43 44 47,1,20,,268186,29,0,37 43 44 47,1,21,,268187,39,0,43 44 47,1,64,,268188,29,0,37 43 44 47,1,35,,268189,37,0,5 43 44 47,1,100,,268190,37,0,5 43 44 47,1,1663,,268194,37,0,7 43 44 47,1
3101,'20261105',709,,268197,29,0,37 43 44 47,1,20,,268198,29,0,37 43 44 47,1,21,,268199,39,0,43 44 47,1,64,,268200,29,0,37 43 44 47,1,35,,268201,37,0,5 43 44 47,1,100,,268202,37,0,5 43 44 47,1,1663,,268206,37,0,7 43 44 47,1
3101,'20261106',709,,268209,29,0,37 43 44 47,1,20,,268210,29,0,37 43 44 47,1,21,,268211,39,0,43 44 47,1,64,,268212,29,0,37 43 44 47,1,35,,268213,37,0,5 43 44 47,1,100,,268214,37,0,5 43 44 47,1,1663,,268218,37,0,7 43 44 47,1
3101,'20261107',926,,268221,37,0,7 43 44 47,1
3101,'20261108',926,,268229,37,0,7 43 44 47,1
3101,'20261109',709,,268235,29,0,37 43 44 47,1,20,,268236,29,0,37 43 44 47,1,21,,268237,39,0,43 44 47,1,64,,268238,29,0,37 43 44 47,1,35,,268239,37,0,5 43 44 47,1,100,,268240,37,0,5 43 44 47,1,1663,,268244,37,0,7 43 44 47,1
3101,'20261110',709,,268247,29,0,37 43 44 47,1,20,,268248,29,0,37 43 44 47,1,21,,268249,39,0,43 44 47,1,64,,268250,29,0,37 43 44 47,1,35,,268251,37,0,5 43 44 47,1,100,,268252,37,0,5 43 44 47,1,1663,,268256,37,0,7 43 44 47,1
3101,'20261111',709,,268259,29,0,37 43 44 47,1,20,,268260,29,0,37 43 44 47,1,21,,268261,39,0,43 44 47,1,64,,268262,29,0,37 43 44 47,1,35,,268263,37,0,5 43 44 47,1,100,,268264,37,0,5 43 44 47,1,1663,,268268,37,0,7 43 44 47,1
3101,'20261112',709,,268271,29,0,37 43 44 47,1,20,,268272,29,0,37 43 44 47,1,21,,268273,39,0,43 44 47,1,64,,268274,29,0,37 43 44 47,1,35,,268275,37,0,5 43 44 47,1,100,,268276,37,0,5 43 44 47,1,1663,,268280,37,0,7 43 44 47,1
3101,'20261113',709,,268283,29,0,37 43 44 47,1,20,,268284,29,0,37 43 44 47,1,21,,268285,39,0,43 44 47,1,64,,268286,29,0,37 43 44 47,1,35,,268287,37,0,5 43 44 47,1,100,,268288,37,0,5 43 44 47,1,1663,,268292,37,0,7 43 44 47,1
3101,'20261114',926,,268295,37,0,7 43 44 47,1
3101,'20261115',926,,268303,37,0,7 43 44 47,1
3101,'20261116',709,,268309,29,0,37 43 44 47,1,20,,268310,29,0,37 43 44 47,1,21,,268311,39,0,43 44 47,1,64,,268312,29,0,37 43 44 47,1,35,,268313,37,0,5 43 44 47,1,100,,268314,37,0,5 43 44 47,1,1663,,268318,37,0,7 43 44 47,1
3101,'20261117',709,,268321,29,0,37 43 44 47,1,20,,268322,29,0,37 43 44 47,1,21,,268323,39,0,43 44 47,1,64,,268324,29,0,37 43 44 47,1,35,,268325,37,0,5 43 44 47,1,100,,268326,37,0,5 43 44 47,1,1663,,268330,37,0,7 43 44 47,1
3101,'20261118',709,,268333,29,0,37 43 44 47,1,20,,268334,29,0,37 43 44 47,1,21,,268335,39,0,43 44 47,1,64,,268336,29,0,37 43 44 47,1,35,,268337,37,0,5 43 44 47,1,100,,268338,37,0,5 43 44 47,1,1663,,268342,37,0,7 43 44 47,1
3101,'20261119',709,,268345,29,0,37 43 44 47,1,20,,268346,29,0,37 43 44 47,1,21,,268347,39,0,43 44 47,1,64,,268348,29,0,37 43 44 47,1,35,,268349,37,0,5 43 44 47,1,100,,268350,37,0,5 43 44 47,1,1663,,268354,37,0,7 43 44 47,1
3101,'20261120',709,,268357,29,0,37 43 44 47,1,20,,268358,29,0,37 43 44 47,1,21,,268359,39,0,43 44 47,1,64,,268360,29,0,37 43 44 47,1,35,,268361,37,0,5 43 44 47,1,100,,268362,37,0,5 43 44 47,1,1663,,268366,37,0,7 43 44 47,1
3101,'20261121',926,,268369,37,0,7 43 44 47,1
3101,'20261122',926,,268377,37,0,7 43 44 47,1
3101,'20261123',709,,268383,29,0,37 43 44 47,1,20,,268384,29,0,37 43 44 47,1,21,,268385,39,0,43 44 47,1,64,,268386,29,0,37 43 44 47,1,35,,268387,37,0,5 43 44 47,1,100,,268388,37,0,5 43 44 47,1,1663,,268392,37,0,7 43 44 47,1
3101,'20261124',709,,268395,29,0,37 43 44 47,1,20,,268396,29,0,37 43 44 47,1,21,,268397,39,0,43 44 47,1,64,,268398,29,0,37 43 44 47,1,35,,268399,37,0,5 43 44 47,1,100,,268400,37,0,5 43 44 47,1,1663,,268404,37,0,7 43 44 47,1
3101,'20261125',709,,268407,29,0,37 43 44 47,1,20,,268408,29,0,37 43 44 47,1,21,,268409,39,0,43 44 47,1,64,,268410,29,0,37 43 44 47,1,35,,268411,37,0,5 43 44 47,1,100,,268412,37,0,5 43 44 47,1,1663,,268416,37,0,7 43 44 47,1
3101,'20261126',709,,268419,29,0,37 43 44 47,1,20,,268420,29,0,37 43 44 47,1,21,,268421,39,0,43 44 47,1,64,,268422,29,0,37 43 44 47,1,35,,268423,37,0,5 43 44 47,1,100,,268424,37,0,5 43 44 47,1,1663,,268428,37,0,7 43 44 47,1
3101,'20261127',709,,268431,29,0,37 43 44 47,1,20,,268432,29,0,37 43 44 47,1,21,,268433,39,0,43 44 47,1,64,,268434,29,0,37 43 44 47,1,35,,268435,37,0,5 43 44 47,1,100,,268436,37,0,5 43 44 47,1,1663,,268440,37,0,7 43 44 47,1
3301,'20260921',1027,,273511,41,,,1,100,,273512,41,,,1,100,,273513,41,,,1,102,,273514,41,,,1,108,,273515,41,,,1,105,,273516,41,,,1,100,,273518,41,,,1,112,,273521,41,,,1,93,,273523,41,,,1,191,,273530,41,,,1,185,,273534,41,,,1,189,,273538,41,,,1
3301,'20260922',1027,,273543,41,,,1,100,,273544,41,,,1,100,,273545,41,,,1,102,,273546,41,,,1,108,,273547,41,,,1,105,,273548,41,,,1,100,,273550,41,,,1,112,,273553,41,,,1,93,,273555,41,,,1,191,,273562,41,,,1,185,,273566,41,,,1,189,,273570,41,,,1
3301,'20260923',1027,,273575,41,,,1,100,,273576,41,,,1,100,,273577,41,,,1,102,,273578,41,,,1,108,,273579,41,,,1,105,,273580,41,,,1,100,,273582,41,,,1,112,,273585,41,,,1,93,,273587,41,,,1,191,,273594,41,,,1,185,,273598,41,,,1,189,,273602,41,,,1
3301,'20260924',1027,,273607,41,,,1,100,,273608,41,,,1,100,,273609,41,,,1,102,,273610,41,,,1,108,,273611,41,,,1,105,,273612,41,,,1,100,,273614,41,,,1,112,,273617,41,,,1,93,,273619,41,,,1,191,,273626,41,,,1,185,,273630,41,,,1,189,,273634,41,,,1
3301,'20260925',1027,,273639,41,,,1,100,,273640,41,,,1,100,,273641,41,,,1,102,,273642,41,,,1,108,,273643,41,,,1,105,,273644,41,,,1,100,,273646,41,,,1,112,,273649,41,,,1,93,,273651,41,,,1,191,,273658,41,,,1,185,,273662,41,,,1,189,,273666,41,,,1
3301,'20260926',1124,,273670,41,,,1,205,,273672,41,,,1,197,,273674,41,,,1,200,,273676,41,,,1,196,,273677,41,,,1,200,,273678,41,,,1,200,,273679,41,,,1,199,,273680,41,,,1
3301,'20260927',1124,,273682,41,,,1,205,,273684,41,,,1,197,,273686,41,,,1,200,,273688,41,,,1,196,,273689,41,,,1,200,,273690,41,,,1,200,,273691,41,,,1,199,,273692,41,,,1
3301,'20260928',1027,,273695,41,,,1,100,,273696,41,,,1,100,,273697,41,,,1,102,,273698,41,,,1,108,,273699,41,,,1,105,,273700,41,,,1,100,,273702,41,,,1,112,,273705,41,,,1,93,,273707,41,,,1,191,,273714,41,,,1,185,,273718,41,,,1,189,,273722,41,,,1
3301,'20260929',1027,,273727,41,,,1,100,,273728,41,,,1,100,,273729,41,,,1,102,,273730,41,,,1,108,,273731,41,,,1,105,,273732,41,,,1,100,,273734,41,,,1,112,,273737,41,,,1,93,,273739,41,,,1,191,,273746,41,,,1,185,,273750,41,,,1,189,,273754,41,,,1
3301,'20260930',1027,,273759,41,,,1,100,,273760,41,,,1,100,,273761,41,,,1,102,,273762,41,,,1,108,,273763,41,,,1,105,,273764,41,,,1,100,,273766,41,,,1,112,,273769,41,,,1,93,,273771,41,,,1,191,,273778,41,,,1,185,,273782,41,,,1,189,,273786,41,,,1
3301,'20261001',1027,,273791,41,,,1,100,,273792,41,,,1,100,,273793,41,,,1,102,,273794,41,,,1,108,,273795,41,,,1,105,,273796,41,,,1,100,,273798,41,,,1,112,,273801,41,,,1,93,,273803,41,,,1,191,,273810,41,,,1,185,,273814,41,,,1,189,,273818,41,,,1
3301,'20261002',1027,,273823,41,,,1,100,,273824,41,,,1,100,,273825,41,,,1,102,,273826,41,,,1,108,,273827,41,,,1,105,,273828,41,,,1,100,,273830,41,,,1,112,,273833,41,,,1,93,,273835,41,,,1,191,,273842,41,,,1,185,,273846,41,,,1,189,,273850,41,,,1
3301,'20261003',1124,,273854,41,,,1,205,,273856,41,,,1,197,,273858,41,,,1,200,,273860,41,,,1,196,,273861,41,,,1,200,,273862,41,,,1,200,,273863,41,,,1,199,,273864,41,,,1
3301,'20261004',1124,,273866,41,,,1,205,,273868,41,,,1,197,,273870,41,,,1,200,,273872,41,,,1,196,,273873,41,,,1,200,,273874,41,,,1,200,,273875,41,,,1,199,,273876,41,,,1
3301,'20261005',1027,,273879,41,,,1,100,,273880,41,,,1,100,,273881,41,,,1,102,,273882,41,,,1,108,,273883,41,,,1,105,,273884,41,,,1,100,,273886,41,,,1,112,,273889,41,,,1,93,,273891,41,,,1,191,,273898,41,,,1,185,,273902,41,,,1,189,,273906,41,,,1
3301,'20261006',1027,,273911,41,,,1,100,,273912,41,,,1,100,,273913,41,,,1,102,,273914,41,,,1,108,,273915,41,,,1,105,,273916,41,,,1,100,,273918,41,,,1,112,,273921,41,,,1,93,,273923,41,,,1,191,,273930,41,,,1,185,,273934,41,,,1,189,,273938,41,,,1
3301,'20261007',1027,,273943,41,,,1,100,,273944,41,,,1,100,,273945,41,,,1,102,,273946,41,,,1,108,,273947,41,,,1,105,,273948,41,,,1,100,,273950,41,,,1,112,,273953,41,,,1,93,,273955,41,,,1,191,,273962,41,,,1,185,,273966,41,,,1,189,,273970,41,,,1
3301,'20261008',1027,,273975,41,,,1,100,,273976,41,,,1,100,,273977,41,,,1,102,,273978,41,,,1,108,,273979,41,,,1,105,,273980,41,,,1,100,,273982,41,,,1,112,,273985,41,,,1,93,,273987,41,,,1,191,,273994,41,,,1,185,,273998,41,,,1,189,,274002,41,,,1
3301,'20261009',1027,,274007,41,,,1,100,,274008,41,,,1,100,,274009,41,,,1,102,,274010,41,,,1,108,,274011,41,,,1,105,,274012,41,,,1,100,,274014,41,,,1,112,,274017,41,,,1,93,,274019,41,,,1,191,,274026,41,,,1,185,,274030,41,,,1,189,,274034,41,,,1
3301,'20261010',1124,,274038,41,,,1,205,,274040,41,,,1,197,,274042,41,,,1,200,,274044,41,,,1,196,,274045,41,,,1,200,,274046,41,,,1,200,,274047,41,,,1,199,,274048,41,,,1
3301,'20261011',1124,,274050,41,,,1,205,,274052,41,,,1,197,,274054,41,,,1,200,,274056,41,,,1,196,,274057,41,,,1,200,,274058,41,,,1,200,,274059,41,,,1,199,,274060,41,,,1
3301,'20261012',1124,,274062,41,,,1,205,,274064,41,,,1,197,,274066,41,,,1,200,,274068,41,,,1,196,,274069,41,,,1,200,,274070,41,,,1,200,,274071,41,,,1,199,,274072,41,,,1
3301,'20261013',1027,,274075,41,,,1,100,,274076,41,,,1,100,,274077,41,,,1,102,,274078,41,,,1,108,,274079,41,,,1,105,,274080,41,,,1,100,,274082,41,,,1,112,,274085,41,,,1,93,,274087,41,,,1,191,,274094,41,,,1,185,,274098,41,,,1,189,,274102,41,,,1
3301,'20261014',1027,,274107,41,,,1,100,,274108,41,,,1,100,,274109,41,,,1,102,,274110,41,,,1,108,,274111,41,,,1,105,,274112,41,,,1,100,,274114,41,,,1,112,,274117,41,,,1,93,,274119,41,,,1,191,,274126,41,,,1,185,,274130,41,,,1,189,,274134,41,,,1
3301,'20261015',1027,,274139,41,,,1,100,,274140,41,,,1,100,,274141,41,,,1,102,,274142,41,,,1,108,,274143,41,,,1,105,,274144,41,,,1,100,,274146,41,,,1,112,,274149,41,,,1,93,,274151,41,,,1,191,,274158,41,,,1,185,,274162,41,,,1,189,,274166,41,,,1
3301,'20261016',1027,,274171,41,,,1,100,,274172,41,,,1,100,,274173,41,,,1,102,,274174,41,,,1,108,,274175,41,,,1,105,,274176,41,,,1,100,,274178,41,,,1,112,,274181,41,,,1,93,,274183,41,,,1,191,,274190,41,,,1,185,,274194,41,,,1,189,,274198,41,,,1
3301,'20261017',1124,,274202,41,,,1,205,,274204,41,,,1,197,,274206,41,,,1,200,,274208,41,,,1,196,,274209,41,,,1,200,,274210,41,,,1,200,,274211,41,,,1,199,,274212,41,,,1
3301,'20261018',1124,,274214,41,,,1,205,,274216,41,,,1,197,,274218,41,,,1,200,,274220,41,,,1,196,,274221,41,,,1,200,,274222,41,,,1,200,,274223,41,,,1,199,,274224,41,,,1
3301,'20261019',1027,,274227,41,,,1,100,,274228,41,,,1,100,,274229,41,,,1,102,,274230,41,,,1,108,,274231,41,,,1,105,,274232,41,,,1,100,,274234,41,,,1,112,,274237,41,,,1,93,,274239,41,,,1,191,,274246,41,,,1,185,,274250,41,,,1,189,,274254,41,,,1
3301,'20261020',1027,,274259,41,,,1,100,,274260,41,,,1,100,,274261,41,,,1,102,,274262,41,,,1,108,,274263,41,,,1,105,,274264,41,,,1,100,,274266,41,,,1,112,,274269,41,,,1,93,,274271,41,,,1,191,,274278,41,,,1,185,,274282,41,,,1,189,,274286,41,,,1
3301,'20261021',1027,,274291,41,,,1,100,,274292,41,,,1,100,,274293,41,,,1,102,,274294,41,,,1,108,,274295,41,,,1,105,,274296,41,,,1,100,,274298,41,,,1,112,,274301,41,,,1,93,,274303,41,,,1,191,,274310,41,,,1,185,,274314,41,,,1,189,,274318,41,,,1
3301,'20261022',1027,,274323,41,,,1,100,,274324,41,,,1,100,,274325,41,,,1,102,,274326,41,,,1,108,,274327,41,,,1,105,,274328,41,,,1,100,,274330,41,,,1,112,,274333,41,,,1,93,,274335,41,,,1,191,,274342,41,,,1,185,,274346,41,,,1,189,,274350,41,,,1
3301,'20261023',1027,,274355,41,,,1,100,,274356,41,,,1,100,,274357,41,,,1,102,,274358,41,,,1,108,,274359,41,,,1,105,,274360,41,,,1,100,,274362,41,,,1,112,,274365,41,,,1,93,,274367,41,,,1,191,,274374,41,,,1,185,,274378,41,,,1,189,,274382,41,,,1
3301,'20261024',1124,,274386,41,,,1,205,,274388,41,,,1,197,,274390,41,,,1,200,,274392,41,,,1,196,,274393,41,,,1,200,,274394,41,,,1,200,,274395,41,,,1,199,,274396,41,,,1
3301,'20261025',1124,,274398,41,,,1,205,,274400,41,,,1,197,,274402,41,,,1,200,,274404,41,,,1,196,,274405,41,,,1,200,,274406,41,,,1,200,,274407,41,,,1,199,,274408,41,,,1
3301,'20261026',1027,,274411,41,,,1,100,,274412,41,,,1,100,,274413,41,,,1,102,,274414,41,,,1,108,,274415,41,,,1,105,,274416,41,,,1,100,,274418,41,,,1,112,,274421,41,,,1,93,,274423,41,,,1,191,,274430,41,,,1,185,,274434,41,,,1,189,,274438,41,,,1
3301,'20261027',1027,,274443,41,,,1,100,,274444,41,,,1,100,,274445,41,,,1,102,,274446,41,,,1,108,,274447,41,,,1,105,,274448,41,,,1,100,,274450,41,,,1,112,,274453,41,,,1,93,,274455,41,,,1,191,,274462,41,,,1,185,,274466,41,,,1,189,,274470,41,,,1
3301,'20261028',1027,,274475,41,,,1,100,,274476,41,,,1,100,,274477,41,,,1,102,,274478,41,,,1,108,,274479,41,,,1,105,,274480,41,,,1,100,,274482,41,,,1,112,,274485,41,,,1,93,,274487,41,,,1,191,,274494,41,,,1,185,,274498,41,,,1,189,,274502,41,,,1
3301,'20261029',1027,,274507,41,,,1,100,,274508,41,,,1,100,,274509,41,,,1,102,,274510,41,,,1,108,,274511,41,,,1,105,,274512,41,,,1,100,,274514,41,,,1,112,,274517,41,,,1,93,,274519,41,,,1,191,,274526,41,,,1,185,,274530,41,,,1,189,,274534,41,,,1
3301,'20261030',1027,,274539,41,,,1,100,,274540,41,,,1,100,,274541,41,,,1,102,,274542,41,,,1,108,,274543,41,,,1,105,,274544,41,,,1,100,,274546,41,,,1,112,,274549,41,,,1,93,,274551,41,,,1,191,,274558,41,,,1,185,,274562,41,,,1,189,,274566,41,,,1
3301,'20261031',1124,,274570,41,,,1,205,,274572,41,,,1,197,,274574,41,,,1,200,,274576,41,,,1,196,,274577,41,,,1,200,,274578,41,,,1,200,,274579,41,,,1,199,,274580,41,,,1
3301,'20261101',1124,,274582,41,,,1,205,,274584,41,,,1,197,,274586,41,,,1,200,,274588,41,,,1,196,,274589,41,,,1,200,,274590,41,,,1,200,,274591,41,,,1,199,,274592,41,,,1
3301,'20261102',1027,,274595,41,,,1,100,,274596,41,,,1,100,,274597,41,,,1,102,,274598,41,,,1,108,,274599,41,,,1,105,,274600,41,,,1,100,,274602,41,,,1,112,,274605,41,,,1,93,,274607,41,,,1,191,,274614,41,,,1,185,,274618,41,,,1,189,,274622,41,,,1
3301,'20261103',1027,,274627,41,,,1,100,,274628,41,,,1,100,,274629,41,,,1,102,,274630,41,,,1,108,,274631,41,,,1,105,,274632,41,,,1,100,,274634,41,,,1,112,,274637,41,,,1,93,,274639,41,,,1,191,,274646,41,,,1,185,,274650,41,,,1,189,,274654,41,,,1
3301,'20261104',1027,,274659,41,,,1,100,,274660,41,,,1,100,,274661,41,,,1,102,,274662,41,,,1,108,,274663,41,,,1,105,,274664,41,,,1,100,,274666,41,,,1,112,,274669,41,,,1,93,,274671,41,,,1,191,,274678,41,,,1,185,,274682,41,,,1,189,,274686,41,,,1
3301,'20261105',1027,,274691,41,,,1,100,,274692,41,,,1,100,,274693,41,,,1,102,,274694,41,,,1,108,,274695,41,,,1,105,,274696,41,,,1,100,,274698,41,,,1,112,,274701,41,,,1,93,,274703,41,,,1,191,,274710,41,,,1,185,,274714,41,,,1,189,,274718,41,,,1
3301,'20261106',1027,,274723,41,,,1,100,,274724,41,,,1,100,,274725,41,,,1,102,,274726,41,,,1,108,,274727,41,,,1,105,,274728,41,,,1,100,,274730,41,,,1,112,,274733,41,,,1,93,,274735,41,,,1,191,,274742,41,,,1,185,,274746,41,,,1,189,,274750,41,,,1
3301,'20261107',1124,,274754,41,,,1,205,,274756,41,,,1,197,,274758,41,,,1,200,,274760,41,,,1,196,,274761,41,,,1,200,,274762,41,,,1,200,,274763,41,,,1,199,,274764,41,,,1
3301,'20261108',1124,,274766,41,,,1,205,,274768,41,,,1,197,,274770,41,,,1,200,,274772,41,,,1,196,,274773,41,,,1,200,,274774,41,,,1,200,,274775,41,,,1,199,,274776,41,,,1
3301,'20261109',1027,,274779,41,,,1,100,,274780,41,,,1,100,,274781,41,,,1,102,,274782,41,,,1,108,,274783,41,,,1,105,,274784,41,,,1,100,,274786,41,,,1,112,,274789,41,,,1,93,,274791,41,,,1,191,,274798,41,,,1,185,,274802,41,,,1,189,,274806,41,,,1
3301,'20261110',1027,,274811,41,,,1,100,,274812,41,,,1,100,,274813,41,,,1,102,,274814,41,,,1,108,,274815,41,,,1,105,,274816,41,,,1,100,,274818,41,,,1,112,,274821,41,,,1,93,,274823,41,,,1,191,,274830,41,,,1,185,,274834,41,,,1,189,,274838,41,,,1
3301,'20261111',1027,,274843,41,,,1,100,,274844,41,,,1,100,,274845,41,,,1,102,,274846,41,,,1,108,,274847,41,,,1,105,,274848,41,,,1,100,,274850,41,,,1,112,,274853,41,,,1,93,,274855,41,,,1,191,,274862,41,,,1,185,,274866,41,,,1,189,,274870,41,,,1
3301,'20261112',1027,,274875,41,,,1,100,,274876,41,,,1,100,,274877,41,,,1,102,,274878,41,,,1,108,,274879,41,,,1,105,,274880,41,,,1,100,,274882,41,,,1,112,,274885,41,,,1,93,,274887,41,,,1,191,,274894,41,,,1,185,,274898,41,,,1,189,,274902,41,,,1
3301,'20261113',1027,,274907,41,,,1,100,,274908,41,,,1,100,,274909,41,,,1,102,,274910,41,,,1,108,,274911,41,,,1,105,,274912,41,,,1,100,,274914,41,,,1,112,,274917,41,,,1,93,,274919,41,,,1,191,,274926,41,,,1,185,,274930,41,,,1,189,,274934,41,,,1
3301,'20261114',1124,,274938,41,,,1,205,,274940,41,,,1,197,,274942,41,,,1,200,,274944,41,,,1,196,,274945,41,,,1,200,,274946,41,,,1,200,,274947,41,,,1,199,,274948,41,,,1
3301,'20261115',1124,,274950,41,,,1,205,,274952,41,,,1,197,,274954,41,,,1,200,,274956,41,,,1,196,,274957,41,,,1,200,,274958,41,,,1,200,,274959,41,,,1,199,,274960,41,,,1
3301,'20261116',1027,,274963,41,,,1,100,,274964,41,,,1,100,,274965,41,,,1,102,,274966,41,,,1,108,,274967,41,,,1,105,,274968,41,,,1,100,,274970,41,,,1,112,,274973,41,,,1,93,,274975,41,,,1,191,,274982,41,,,1,185,,274986,41,,,1,189,,274990,41,,,1
3301,'20261117',1027,,274995,41,,,1,100,,274996,41,,,1,100,,274997,41,,,1,102,,274998,41,,,1,108,,274999,41,,,1,105,,275000,41,,,1,100,,275002,41,,,1,112,,275005,41,,,1,93,,275007,41,,,1,191,,275014,41,,,1,185,,275018,41,,,1,189,,275022,41,,,1
3301,'20261118',1027,,275027,41,,,1,100,,275028,41,,,1,100,,275029,41,,,1,102,,275030,41,,,1,108,,275031,41,,,1,105,,275032,41,,,1,100,,275034,41,,,1,112,,275037,41,,,1,93,,275039,41,,,1,191,,275046,41,,,1,185,,275050,41,,,1,189,,275054,41,,,1
3301,'20261119',1027,,275059,41,,,1,100,,275060,41,,,1,100,,275061,41,,,1,102,,275062,41,,,1,108,,275063,41,,,1,105,,275064,41,,,1,100,,275066,41,,,1,112,,275069,41,,,1,93,,275071,41,,,1,191,,275078,41,,,1,185,,275082,41,,,1,189,,275086,41,,,1
3301,'20261120',1027,,275091,41,,,1,100,,275092,41,,,1,100,,275093,41,,,1,102,,275094,41,,,1,108,,275095,41,,,1,105,,275096,41,,,1,100,,275098,41,,,1,112,,275101,41,,,1,93,,275103,41,,,1,191,,275110,41,,,1,185,,275114,41,,,1,189,,275118,41,,,1
3301,'20261121',1124,,275122,41,,,1,205,,275124,41,,,1,197,,275126,41,,,1,200,,275128,41,,,1,196,,275129,41,,,1,200,,275130,41,,,1,200,,275131,41,,,1,199,,275132,41,,,1
3301,'20261122',1124,,275134,41,,,1,205,,275136,41,,,1,197,,275138,41,,,1,200,,275140,41,,,1,196,,275141,41,,,1,200,,275142,41,,,1,200,,275143,41,,,1,199,,275144,41,,,1
3301,'20261123',1027,,275147,41,,,1,100,,275148,41,,,1,100,,275149,41,,,1,102,,275150,41,,,1,108,,275151,41,,,1,105,,275152,41,,,1,100,,275154,41,,,1,112,,275157,41,,,1,93,,275159,41,,,1,191,,275166,41,,,1,185,,275170,41,,,1,189,,275174,41,,,1
3301,'20261124',1027,,275179,41,,,1,100,,275180,41,,,1,100,,275181,41,,,1,102,,275182,41,,,1,108,,275183,41,,,1,105,,275184,41,,,1,100,,275186,41,,,1,112,,275189,41,,,1,93,,275191,41,,,1,191,,275198,41,,,1,185,,275202,41,,,1,189,,275206,41,,,1
3301,'20261125',1027,,275211,41,,,1,100,,275212,41,,,1,100,,275213,41,,,1,102,,275214,41,,,1,108,,275215,41,,,1,105,,275216,41,,,1,100,,275218,41,,,1,112,,275221,41,,,1,93,,275223,41,,,1,191,,275230,41,,,1,185,,275234,41,,,1,189,,275238,41,,,1
3301,'20261126',1027,,275243,41,,,1,100,,275244,41,,,1,100,,275245,41,,,1,102,,275246,41,,,1,108,,275247,41,,,1,105,,275248,41,,,1,100,,275250,41,,,1,112,,275253,41,,,1,93,,275255,41,,,1,191,,275262,41,,,1,185,,275266,41,,,1,189,,275270,41,,,1
3301,'20261127',1027,,275275,41,,,1,100,,275276,41,,,1,100,,275277,41,,,1,102,,275278,41,,,1,108,,275279,41,,,1,105,,275280,41,,,1,100,,275282,41,,,1,112,,275285,41,,,1,93,,275287,41,,,1,191,,275294,41,,,1,185,,275298,41,,,1,189,,275302,41,,,1
