2101,'20260910',630,,244535,14,,,1,114,,244536,14,,,1,115,,244537,14,,,1,97,,244538,14,,,1,100,,244539,14,,,1,145,,244540,14,0,16 63 9,1,100,,244543,14,0,16 63 9,1,108,,244548,14,0,16 63 9,1,92,,244552,6,0,5 63 9,1,520,,244558,6,0,5 63 9,1,95,,244563,6,0,5 63 9,1,95,,244568,6,0,5 63 9,1,120,,244571,14,0,16 63 9,1,95,,244573,14,0,16 63 9,1,86,,244576,14,,,1,91,,244577,14,,,1,100,,244578,14,,,1
2101,'20260911',630,,244579,14,,,1,114,,244580,14,,,1,115,,244581,14,,,1,97,,244582,14,,,1,100,,244583,14,,,1,145,,244584,14,0,16 63 9,1,100,,244587,14,0,16 63 9,1,108,,244592,14,0,16 63 9,1,92,,244596,6,0,5 63 9,1,520,,244602,6,0,5 63 9,1,95,,244607,6,0,5 63 9,1,95,,244612,6,0,5 63 9,1,120,,244615,14,0,16 63 9,1,95,,244617,14,0,16 63 9,1,86,,244620,14,,,1,91,,244621,14,,,1,100,,244622,14,,,1
2101,'20260912',815,,244623,14,0,57 8 9,1,100,,244624,14,0,57 8 9,1,93,,244625,14,0,57 8 9,1,109,,244626,14,0,57 8 9,1,89,,244628,14,0,34 10 9,1,110,,244630,14,0,34 10 9,1,101,,244632,14,0,34 10 9,1,95,,244634,14,0,34 10 9,1,105,,244636,14,0,34 10 9,1,105,,244639,14,0,34 10 9,1,100,,244642,14,0,34 10 9,1,94,,244646,14,0,34 10 9,1,95,,244650,14,0,34 10 9,1,100,,244654,14,0,34 10 9,1,95,,244657,14,0,34 10 9,1,95,,244660,14,0,34 10 9,1,100,,244663,14,0,34 10 9,1,106,,244666,14,0,57 8 9,1,98,,244667,14,0,57 8 9,1,100,,244668,14,0,57 8 9,1
2101,'20260913',815,,244669,14,0,57 8 9,1,100,,244670,14,0,57 8 9,1,93,,244671,14,0,57 8 9,1,109,,244672,14,0,57 8 9,1,89,,244673,14,0,34 10 9,1,110,,244675,14,0,34 10 9,1,101,,244677,14,0,34 10 9,1,95,,244679,14,0,34 10 9,1,105,,244681,14,0,34 10 9,1,105,,244684,14,0,34 10 9,1,100,,244687,14,0,34 10 9,1,94,,244691,14,0,34 10 9,1,95,,244695,14,0,34 10 9,1,100,,244699,14,0,34 10 9,1,95,,244702,14,0,34 10 9,1,95,,244705,14,0,34 10 9,1,100,,244708,14,0,34 10 9,1,106,,244710,14,0,57 8 9,1,98,,244711,14,0,57 8 9,1,100,,244712,14,0,57 8 9,1
2101,'20260914',630,,244713,14,,,1,114,,244714,14,,,1,115,,244715,14,,,1,97,,244716,14,,,1,100,,244717,14,,,1,145,,244718,14,0,16 63 9,1,100,,244721,14,0,16 63 9,1,108,,244726,14,0,16 63 9,1,92,,244730,6,0,5 63 9,1,520,,244736,6,0,5 63 9,1,95,,244741,6,0,5 63 9,1,95,,244746,6,0,5 63 9,1,120,,244749,14,0,16 63 9,1,95,,244751,14,0,16 63 9,1,86,,244754,14,,,1,91,,244755,14,,,1,100,,244756,14,,,1
2101,'20260915',630,,244757,14,,,1,114,,244758,14,,,1,115,,244759,14,,,1,97,,244760,14,,,1,100,,244761,14,,,1,145,,244762,14,0,16 63 9,1,100,,244765,14,0,16 63 9,1,108,,244770,14,0,16 63 9,1,92,,244774,6,0,5 63 9,1,520,,244780,6,0,5 63 9,1,95,,244785,6,0,5 63 9,1,95,,244790,6,0,5 63 9,1,120,,244793,14,0,16 63 9,1,95,,244795,14,0,16 63 9,1,86,,244798,14,,,1,91,,244799,14,,,1,100,,244800,14,,,1
2101,'20260916',630,,244801,14,,,1,114,,244802,14,,,1,115,,244803,14,,,1,97,,244804,14,,,1,100,,244805,14,,,1,145,,244806,14,0,16 63 9,1,100,,244809,14,0,16 63 9,1,108,,244814,14,0,16 63 9,1,92,,244818,6,0,5 63 9,1,520,,244824,6,0,5 63 9,1,95,,244829,6,0,5 63 9,1,95,,244834,6,0,5 63 9,1,120,,244837,14,0,16 63 9,1,95,,244839,14,0,16 63 9,1,86,,244842,14,,,1,91,,244843,14,,,1,100,,244844,14,,,1
2101,'20260917',630,,244845,14,,,1,114,,244846,14,,,1,115,,244847,14,,,1,97,,244848,14,,,1,100,,244849,14,,,1,145,,244850,14,0,16 63 9,1,100,,244853,14,0,16 63 9,1,108,,244858,14,0,16 63 9,1,92,,244862,6,0,5 63 9,1,520,,244868,6,0,5 63 9,1,95,,244873,6,0,5 63 9,1,95,,244878,6,0,5 63 9,1,120,,244881,14,0,16 63 9,1,95,,244883,14,0,16 63 9,1,86,,244886,14,,,1,91,,244887,14,,,1,100,,244888,14,,,1
2101,'20260918',630,,244889,14,,,1,114,,244890,14,,,1,115,,244891,14,,,1,97,,244892,14,,,1,100,,244893,14,,,1,145,,244894,14,0,16 63 9,1,100,,244897,14,0,16 63 9,1,108,,244902,14,0,16 63 9,1,92,,244906,6,0,5 63 9,1,520,,244912,6,0,5 63 9,1,95,,244917,6,0,5 63 9,1,95,,244922,6,0,5 63 9,1,120,,244925,14,0,16 63 9,1,95,,244927,14,0,16 63 9,1,86,,244930,14,,,1,91,,244931,14,,,1,100,,244932,14,,,1
2101,'20260919',815,,244933,14,0,57 8 9,1,100,,244934,14,0,57 8 9,1,93,,244935,14,0,57 8 9,1,109,,244936,14,0,57 8 9,1,89,,244938,14,0,34 10 9,1,110,,244940,14,0,34 10 9,1,101,,244942,14,0,34 10 9,1,95,,244944,14,0,34 10 9,1,105,,244946,14,0,34 10 9,1,105,,244949,14,0,34 10 9,1,100,,244952,14,0,34 10 9,1,94,,244956,14,0,34 10 9,1,95,,244960,14,0,34 10 9,1,100,,244964,14,0,34 10 9,1,95,,244967,14,0,34 10 9,1,95,,244970,14,0,34 10 9,1,100,,244973,14,0,34 10 9,1,106,,244976,14,0,57 8 9,1,98,,244977,14,0,57 8 9,1,100,,244978,14,0,57 8 9,1
2101,'20260920',815,,244979,14,0,57 8 9,1,100,,244980,14,0,57 8 9,1,93,,244981,14,0,57 8 9,1,109,,244982,14,0,57 8 9,1,89,,244983,14,0,34 10 9,1,110,,244985,14,0,34 10 9,1,101,,244987,14,0,34 10 9,1,95,,244989,14,0,34 10 9,1,105,,244991,14,0,34 10 9,1,105,,244994,14,0,34 10 9,1,100,,244997,14,0,34 10 9,1,94,,245001,14,0,34 10 9,1,95,,245005,14,0,34 10 9,1,100,,245009,14,0,34 10 9,1,95,,245012,14,0,34 10 9,1,95,,245015,14,0,34 10 9,1,100,,245018,14,0,34 10 9,1,106,,245020,14,0,57 8 9,1,98,,245021,14,0,57 8 9,1,100,,245022,14,0,57 8 9,1
2101,'20260921',630,,245023,14,,,1,114,,245024,14,,,1,115,,245025,14,,,1,97,,245026,14,,,1,100,,245027,14,,,1,145,,245028,14,0,16 63 9,1,100,,245031,14,0,16 63 9,1,108,,245036,14,0,16 63 9,1,92,,245040,6,0,5 63 9,1,520,,245046,6,0,5 63 9,1,95,,245051,6,0,5 63 9,1,95,,245056,6,0,5 63 9,1,120,,245059,14,0,16 63 9,1,95,,245061,14,0,16 63 9,1,86,,245064,14,,,1,91,,245065,14,,,1,100,,245066,14,,,1
2101,'20260922',630,,245067,14,,,1,114,,245068,14,,,1,115,,245069,14,,,1,97,,245070,14,,,1,100,,245071,14,,,1,145,,245072,14,0,16 63 9,1,100,,245075,14,0,16 63 9,1,108,,245080,14,0,16 63 9,1,92,,245084,6,0,5 63 9,1,520,,245090,6,0,5 63 9,1,95,,245095,6,0,5 63 9,1,95,,245100,6,0,5 63 9,1,120,,245103,14,0,16 63 9,1,95,,245105,14,0,16 63 9,1,86,,245108,14,,,1,91,,245109,14,,,1,100,,245110,14,,,1
2101,'20260923',630,,245111,14,,,1,114,,245112,14,,,1,115,,245113,14,,,1,97,,245114,14,,,1,100,,245115,14,,,1,145,,245116,14,0,16 63 9,1,100,,245119,14,0,16 63 9,1,108,,245124,14,0,16 63 9,1,92,,245128,6,0,5 63 9,1,520,,245134,6,0,5 63 9,1,95,,245139,6,0,5 63 9,1,95,,245144,6,0,5 63 9,1,120,,245147,14,0,16 63 9,1,95,,245149,14,0,16 63 9,1,86,,245152,14,,,1,91,,245153,14,,,1,100,,245154,14,,,1
2101,'20260924',630,,245155,14,,,1,114,,245156,14,,,1,115,,245157,14,,,1,97,,245158,14,,,1,100,,245159,14,,,1,145,,245160,14,0,16 63 9,1,100,,245163,14,0,16 63 9,1,108,,245168,14,0,16 63 9,1,92,,245172,6,0,5 63 9,1,520,,245178,6,0,5 63 9,1,95,,245183,6,0,5 63 9,1,95,,245188,6,0,5 63 9,1,120,,245191,14,0,16 63 9,1,95,,245193,14,0,16 63 9,1,86,,245196,14,,,1,91,,245197,14,,,1,100,,245198,14,,,1
2101,'20260925',630,,245199,14,,,1,114,,245200,14,,,1,115,,245201,14,,,1,97,,245202,14,,,1,100,,245203,14,,,1,145,,245204,14,0,16 63 9,1,100,,245207,14,0,16 63 9,1,108,,245212,14,0,16 63 9,1,92,,245216,6,0,5 63 9,1,520,,245222,6,0,5 63 9,1,95,,245227,6,0,5 63 9,1,95,,245232,6,0,5 63 9,1,120,,245235,14,0,16 63 9,1,95,,245237,14,0,16 63 9,1,86,,245240,14,,,1,91,,245241,14,,,1,100,,245242,14,,,1
2101,'20260926',815,,245243,14,0,57 8 9,1,100,,245244,14,0,57 8 9,1,93,,245245,14,0,57 8 9,1,109,,245246,14,0,57 8 9,1,89,,245248,14,0,34 10 9,1,110,,245250,14,0,34 10 9,1,101,,245252,14,0,34 10 9,1,95,,245254,14,0,34 10 9,1,105,,245256,14,0,34 10 9,1,105,,245259,14,0,34 10 9,1,100,,245262,14,0,34 10 9,1,94,,245266,14,0,34 10 9,1,95,,245270,14,0,34 10 9,1,100,,245274,14,0,34 10 9,1,95,,245277,14,0,34 10 9,1,95,,245280,14,0,34 10 9,1,100,,245283,14,0,34 10 9,1,106,,245286,14,0,57 8 9,1,98,,245287,14,0,57 8 9,1,100,,245288,14,0,57 8 9,1
2101,'20260927',815,,245289,14,0,57 8 9,1,100,,245290,14,0,57 8 9,1,93,,245291,14,0,57 8 9,1,109,,245292,14,0,57 8 9,1,89,,245293,14,0,34 10 9,1,110,,245295,14,0,34 10 9,1,101,,245297,14,0,34 10 9,1,95,,245299,14,0,34 10 9,1,105,,245301,14,0,34 10 9,1,105,,245304,14,0,34 10 9,1,100,,245307,14,0,34 10 9,1,94,,245311,14,0,34 10 9,1,95,,245315,14,0,34 10 9,1,100,,245319,14,0,34 10 9,1,95,,245322,14,0,34 10 9,1,95,,245325,14,0,34 10 9,1,100,,245328,14,0,34 10 9,1,106,,245330,14,0,57 8 9,1,98,,245331,14,0,57 8 9,1,100,,245332,14,0,57 8 9,1
2101,'20260928',630,,245333,14,,,1,114,,245334,14,,,1,115,,245335,14,,,1,97,,245336,14,,,1,100,,245337,14,,,1,145,,245338,14,0,16 63 9,1,100,,245341,14,0,16 63 9,1,108,,245346,14,0,16 63 9,1,92,,245350,6,0,5 63 9,1,520,,245356,6,0,5 63 9,1,95,,245361,6,0,5 63 9,1,95,,245366,6,0,5 63 9,1,120,,245369,14,0,16 63 9,1,95,,245371,14,0,16 63 9,1,86,,245374,14,,,1,91,,245375,14,,,1,100,,245376,14,,,1
2101,'20260929',630,,245377,14,,,1,114,,245378,14,,,1,115,,245379,14,,,1,97,,245380,14,,,1,100,,245381,14,,,1,145,,245382,14,0,16 63 9,1,100,,245385,14,0,16 63 9,1,108,,245390,14,0,16 63 9,1,92,,245394,6,0,5 63 9,1,520,,245400,6,0,5 63 9,1,95,,245405,6,0,5 63 9,1,95,,245410,6,0,5 63 9,1,120,,245413,14,0,16 63 9,1,95,,245415,14,0,16 63 9,1,86,,245418,14,,,1,91,,245419,14,,,1,100,,245420,14,,,1
2101,'20260930',630,,245421,14,,,1,114,,245422,14,,,1,115,,245423,14,,,1,97,,245424,14,,,1,100,,245425,14,,,1,145,,245426,14,0,16 63 9,1,100,,245429,14,0,16 63 9,1,108,,245434,14,0,16 63 9,1,92,,245438,6,0,5 63 9,1,520,,245444,6,0,5 63 9,1,95,,245449,6,0,5 63 9,1,95,,245454,6,0,5 63 9,1,120,,245457,14,0,16 63 9,1,95,,245459,14,0,16 63 9,1,86,,245462,14,,,1,91,,245463,14,,,1,100,,245464,14,,,1
2101,'20261001',630,,245465,14,,,1,114,,245466,14,,,1,115,,245467,14,,,1,97,,245468,14,,,1,100,,245469,14,,,1,145,,245470,14,0,16 63 9,1,100,,245473,14,0,16 63 9,1,108,,245478,14,0,16 63 9,1,92,,245482,6,0,5 63 9,1,520,,245488,6,0,5 63 9,1,95,,245493,6,0,5 63 9,1,95,,245498,6,0,5 63 9,1,120,,245501,14,0,16 63 9,1,95,,245503,14,0,16 63 9,1,86,,245506,14,,,1,91,,245507,14,,,1,100,,245508,14,,,1
2101,'20261002',630,,245509,14,,,1,114,,245510,14,,,1,115,,245511,14,,,1,97,,245512,14,,,1,100,,245513,14,,,1,145,,245514,14,0,16 63 9,1,100,,245517,14,0,16 63 9,1,108,,245522,14,0,16 63 9,1,92,,245526,6,0,5 63 9,1,520,,245532,6,0,5 63 9,1,95,,245537,6,0,5 63 9,1,95,,245542,6,0,5 63 9,1,120,,245545,14,0,16 63 9,1,95,,245547,14,0,16 63 9,1,86,,245550,14,,,1,91,,245551,14,,,1,100,,245552,14,,,1
2101,'20261003',815,,245553,14,0,57 8 9,1,100,,245554,14,0,57 8 9,1,93,,245555,14,0,57 8 9,1,109,,245556,14,0,57 8 9,1,89,,245558,14,0,34 10 9,1,110,,245560,14,0,34 10 9,1,101,,245562,14,0,34 10 9,1,95,,245564,14,0,34 10 9,1,105,,245566,14,0,34 10 9,1,105,,245569,14,0,34 10 9,1,100,,245572,14,0,34 10 9,1,94,,245576,14,0,34 10 9,1,95,,245580,14,0,34 10 9,1,100,,245584,14,0,34 10 9,1,95,,245587,14,0,34 10 9,1,95,,245590,14,0,34 10 9,1,100,,245593,14,0,34 10 9,1,106,,245596,14,0,57 8 9,1,98,,245597,14,0,57 8 9,1,100,,245598,14,0,57 8 9,1
2101,'20261004',815,,245599,14,0,57 8 9,1,100,,245600,14,0,57 8 9,1,93,,245601,14,0,57 8 9,1,109,,245602,14,0,57 8 9,1,89,,245603,14,0,34 10 9,1,110,,245605,14,0,34 10 9,1,101,,245607,14,0,34 10 9,1,95,,245609,14,0,34 10 9,1,105,,245611,14,0,34 10 9,1,105,,245614,14,0,34 10 9,1,100,,245617,14,0,34 10 9,1,94,,245621,14,0,34 10 9,1,95,,245625,14,0,34 10 9,1,100,,245629,14,0,34 10 9,1,95,,245632,14,0,34 10 9,1,95,,245635,14,0,34 10 9,1,100,,245638,14,0,34 10 9,1,106,,245640,14,0,57 8 9,1,98,,245641,14,0,57 8 9,1,100,,245642,14,0,57 8 9,1
2101,'20261005',630,,245643,14,,,1,114,,245644,14,,,1,115,,245645,14,,,1,97,,245646,14,,,1,100,,245647,14,,,1,145,,245648,14,0,16 63 9,1,100,,245651,14,0,16 63 9,1,108,,245656,14,0,16 63 9,1,92,,245660,6,0,5 63 9,1,520,,245666,6,0,5 63 9,1,95,,245671,6,0,5 63 9,1,95,,245676,6,0,5 63 9,1,120,,245679,14,0,16 63 9,1,95,,245681,14,0,16 63 9,1,86,,245684,14,,,1,91,,245685,14,,,1,100,,245686,14,,,1
2101,'20261006',630,,245687,14,,,1,114,,245688,14,,,1,115,,245689,14,,,1,97,,245690,14,,,1,100,,245691,14,,,1,145,,245692,14,0,16 63 9,1,100,,245695,14,0,16 63 9,1,108,,245700,14,0,16 63 9,1,92,,245704,6,0,5 63 9,1,520,,245710,6,0,5 63 9,1,95,,245715,6,0,5 63 9,1,95,,245720,6,0,5 63 9,1,120,,245723,14,0,16 63 9,1,95,,245725,14,0,16 63 9,1,86,,245728,14,,,1,91,,245729,14,,,1,100,,245730,14,,,1
2101,'20261007',630,,245731,14,,,1,114,,245732,14,,,1,115,,245733,14,,,1,97,,245734,14,,,1,100,,245735,14,,,1,145,,245736,14,0,16 63 9,1,100,,245739,14,0,16 63 9,1,108,,245744,14,0,16 63 9,1,92,,245748,6,0,5 63 9,1,520,,245754,6,0,5 63 9,1,95,,245759,6,0,5 63 9,1,95,,245764,6,0,5 63 9,1,120,,245767,14,0,16 63 9,1,95,,245769,14,0,16 63 9,1,86,,245772,14,,,1,91,,245773,14,,,1,100,,245774,14,,,1
2101,'20261008',630,,245775,14,,,1,114,,245776,14,,,1,115,,245777,14,,,1,97,,245778,14,,,1,100,,245779,14,,,1,145,,245780,14,0,16 63 9,1,100,,245783,14,0,16 63 9,1,108,,245788,14,0,16 63 9,1,92,,245792,6,0,5 63 9,1,520,,245798,6,0,5 63 9,1,95,,245803,6,0,5 63 9,1,95,,245808,6,0,5 63 9,1,120,,245811,14,0,16 63 9,1,95,,245813,14,0,16 63 9,1,86,,245816,14,,,1,91,,245817,14,,,1,100,,245818,14,,,1
2101,'20261009',630,,245819,14,,,1,114,,245820,14,,,1,115,,245821,14,,,1,97,,245822,14,,,1,100,,245823,14,,,1,145,,245824,14,0,16 63 9,1,100,,245827,14,0,16 63 9,1,108,,245832,14,0,16 63 9,1,92,,245836,6,0,5 63 9,1,520,,245842,6,0,5 63 9,1,95,,245847,6,0,5 63 9,1,95,,245852,6,0,5 63 9,1,120,,245855,14,0,16 63 9,1,95,,245857,14,0,16 63 9,1,86,,245860,14,,,1,91,,245861,14,,,1,100,,245862,14,,,1
2101,'20261010',815,,245863,14,0,57 8 9,1,100,,245864,14,0,57 8 9,1,93,,245865,14,0,57 8 9,1,109,,245866,14,0,57 8 9,1,89,,245868,14,0,34 10 9,1,110,,245870,14,0,34 10 9,1,101,,245872,14,0,34 10 9,1,95,,245874,14,0,34 10 9,1,105,,245876,14,0,34 10 9,1,105,,245879,14,0,34 10 9,1,100,,245882,14,0,34 10 9,1,94,,245886,14,0,34 10 9,1,95,,245890,14,0,34 10 9,1,100,,245894,14,0,34 10 9,1,95,,245897,14,0,34 10 9,1,95,,245900,14,0,34 10 9,1,100,,245903,14,0,34 10 9,1,106,,245906,14,0,57 8 9,1,98,,245907,14,0,57 8 9,1,100,,245908,14,0,57 8 9,1
2101,'20261011',815,,245909,14,0,57 8 9,1,100,,245910,14,0,57 8 9,1,93,,245911,14,0,57 8 9,1,109,,245912,14,0,57 8 9,1,89,,245913,14,0,34 10 9,1,110,,245915,14,0,34 10 9,1,101,,245917,14,0,34 10 9,1,95,,245919,14,0,34 10 9,1,105,,245921,14,0,34 10 9,1,105,,245924,14,0,34 10 9,1,100,,245927,14,0,34 10 9,1,94,,245931,14,0,34 10 9,1,95,,245935,14,0,34 10 9,1,100,,245939,14,0,34 10 9,1,95,,245942,14,0,34 10 9,1,95,,245945,14,0,34 10 9,1,100,,245948,14,0,34 10 9,1,106,,245950,14,0,57 8 9,1,98,,245951,14,0,57 8 9,1,100,,245952,14,0,57 8 9,1
2101,'20261012',815,,245953,14,0,57 8 9,1,100,,245954,14,0,57 8 9,1,93,,245955,14,0,57 8 9,1,109,,245956,14,0,57 8 9,1,89,,245958,14,0,34 10 9,1,110,,245960,14,0,34 10 9,1,101,,245962,14,0,34 10 9,1,95,,245964,14,0,34 10 9,1,105,,245966,14,0,34 10 9,1,105,,245969,14,0,34 10 9,1,100,,245972,14,0,34 10 9,1,94,,245976,14,0,34 10 9,1,95,,245980,14,0,34 10 9,1,100,,245984,14,0,34 10 9,1,95,,245987,14,0,34 10 9,1,95,,245990,14,0,34 10 9,1,100,,245993,14,0,34 10 9,1,106,,245996,14,0,57 8 9,1,98,,245997,14,0,57 8 9,1,100,,245998,14,0,57 8 9,1
2101,'20261013',630,,245999,14,,,1,114,,246000,14,,,1,115,,246001,14,,,1,97,,246002,14,,,1,100,,246003,14,,,1,145,,246004,14,0,16 63 9,1,100,,246007,14,0,16 63 9,1,108,,246012,14,0,16 63 9,1,92,,246016,6,0,5 63 9,1,520,,246022,6,0,5 63 9,1,95,,246027,6,0,5 63 9,1,95,,246032,6,0,5 63 9,1,120,,246035,14,0,16 63 9,1,95,,246037,14,0,16 63 9,1,86,,246040,14,,,1,91,,246041,14,,,1,100,,246042,14,,,1
2101,'20261014',630,,246043,14,,,1,114,,246044,14,,,1,115,,246045,14,,,1,97,,246046,14,,,1,100,,246047,14,,,1,145,,246048,14,0,16 63 9,1,100,,246051,14,0,16 63 9,1,108,,246056,14,0,16 63 9,1,92,,246060,6,0,5 63 9,1,520,,246066,6,0,5 63 9,1,95,,246071,6,0,5 63 9,1,95,,246076,6,0,5 63 9,1,120,,246079,14,0,16 63 9,1,95,,246081,14,0,16 63 9,1,86,,246084,14,,,1,91,,246085,14,,,1,100,,246086,14,,,1
2101,'20261015',630,,246087,14,,,1,114,,246088,14,,,1,115,,246089,14,,,1,97,,246090,14,,,1,100,,246091,14,,,1,145,,246092,14,0,16 63 9,1,100,,246095,14,0,16 63 9,1,108,,246100,14,0,16 63 9,1,92,,246104,6,0,5 63 9,1,520,,246110,6,0,5 63 9,1,95,,246115,6,0,5 63 9,1,95,,246120,6,0,5 63 9,1,120,,246123,14,0,16 63 9,1,95,,246125,14,0,16 63 9,1,86,,246128,14,,,1,91,,246129,14,,,1,100,,246130,14,,,1
2101,'20261016',630,,246131,14,,,1,114,,246132,14,,,1,115,,246133,14,,,1,97,,246134,14,,,1,100,,246135,14,,,1,145,,246136,14,0,16 63 9,1,100,,246139,14,0,16 63 9,1,108,,246144,14,0,16 63 9,1,92,,246148,6,0,5 63 9,1,520,,246154,6,0,5 63 9,1,95,,246159,6,0,5 63 9,1,95,,246164,6,0,5 63 9,1,120,,246167,14,0,16 63 9,1,95,,246169,14,0,16 63 9,1,86,,246172,14,,,1,91,,246173,14,,,1,100,,246174,14,,,1
2101,'20261017',815,,246175,14,0,57 8 9,1,100,,246176,14,0,57 8 9,1,93,,246177,14,0,57 8 9,1,109,,246178,14,0,57 8 9,1,89,,246180,14,0,34 10 9,1,110,,246182,14,0,34 10 9,1,101,,246184,14,0,34 10 9,1,95,,246186,14,0,34 10 9,1,105,,246188,14,0,34 10 9,1,105,,246191,14,0,34 10 9,1,100,,246194,14,0,34 10 9,1,94,,246198,14,0,34 10 9,1,95,,246202,14,0,34 10 9,1,100,,246206,14,0,34 10 9,1,95,,246209,14,0,34 10 9,1,95,,246212,14,0,34 10 9,1,100,,246215,14,0,34 10 9,1,106,,246218,14,0,57 8 9,1,98,,246219,14,0,57 8 9,1,100,,246220,14,0,57 8 9,1
2101,'20261018',815,,246221,14,0,57 8 9,1,100,,246222,14,0,57 8 9,1,93,,246223,14,0,57 8 9,1,109,,246224,14,0,57 8 9,1,89,,246225,14,0,34 10 9,1,110,,246227,14,0,34 10 9,1,101,,246229,14,0,34 10 9,1,95,,246231,14,0,34 10 9,1,105,,246233,14,0,34 10 9,1,105,,246236,14,0,34 10 9,1,100,,246239,14,0,34 10 9,1,94,,246243,14,0,34 10 9,1,95,,246247,14,0,34 10 9,1,100,,246251,14,0,34 10 9,1,95,,246254,14,0,34 10 9,1,95,,246257,14,0,34 10 9,1,100,,246260,14,0,34 10 9,1,106,,246262,14,0,57 8 9,1,98,,246263,14,0,57 8 9,1,100,,246264,14,0,57 8 9,1
2101,'20261019',630,,246265,14,,,1,114,,246266,14,,,1,115,,246267,14,,,1,97,,246268,14,,,1,100,,246269,14,,,1,145,,246270,14,0,16 63 9,1,100,,246273,14,0,16 63 9,1,108,,246278,14,0,16 63 9,1,92,,246282,6,0,5 63 9,1,520,,246288,6,0,5 63 9,1,95,,246293,6,0,5 63 9,1,95,,246298,6,0,5 63 9,1,120,,246301,14,0,16 63 9,1,95,,246303,14,0,16 63 9,1,86,,246306,14,,,1,91,,246307,14,,,1,100,,246308,14,,,1
2101,'20261020',630,,246309,14,,,1,114,,246310,14,,,1,115,,246311,14,,,1,97,,246312,14,,,1,100,,246313,14,,,1,145,,246314,14,0,16 63 9,1,100,,246317,14,0,16 63 9,1,108,,246322,14,0,16 63 9,1,92,,246326,6,0,5 63 9,1,520,,246332,6,0,5 63 9,1,95,,246337,6,0,5 63 9,1,95,,246342,6,0,5 63 9,1,120,,246345,14,0,16 63 9,1,95,,246347,14,0,16 63 9,1,86,,246350,14,,,1,91,,246351,14,,,1,100,,246352,14,,,1
2101,'20261021',630,,246353,14,,,1,114,,246354,14,,,1,115,,246355,14,,,1,97,,246356,14,,,1,100,,246357,14,,,1,145,,246358,14,0,16 63 9,1,100,,246361,14,0,16 63 9,1,108,,246366,14,0,16 63 9,1,92,,246370,6,0,5 63 9,1,520,,246376,6,0,5 63 9,1,95,,246381,6,0,5 63 9,1,95,,246386,6,0,5 63 9,1,120,,246389,14,0,16 63 9,1,95,,246391,14,0,16 63 9,1,86,,246394,14,,,1,91,,246395,14,,,1,100,,246396,14,,,1
2101,'20261022',630,,246397,14,,,1,114,,246398,14,,,1,115,,246399,14,,,1,97,,246400,14,,,1,100,,246401,14,,,1,145,,246402,14,0,16 63 9,1,100,,246405,14,0,16 63 9,1,108,,246410,14,0,16 63 9,1,92,,246414,6,0,5 63 9,1,520,,246420,6,0,5 63 9,1,95,,246425,6,0,5 63 9,1,95,,246430,6,0,5 63 9,1,120,,246433,14,0,16 63 9,1,95,,246435,14,0,16 63 9,1,86,,246438,14,,,1,91,,246439,14,,,1,100,,246440,14,,,1
2101,'20261023',630,,246441,14,,,1,114,,246442,14,,,1,115,,246443,14,,,1,97,,246444,14,,,1,100,,246445,14,,,1,145,,246446,14,0,16 63 9,1,100,,246449,14,0,16 63 9,1,108,,246454,14,0,16 63 9,1,92,,246458,6,0,5 63 9,1,520,,246464,6,0,5 63 9,1,95,,246469,6,0,5 63 9,1,95,,246474,6,0,5 63 9,1,120,,246477,14,0,16 63 9,1,95,,246479,14,0,16 63 9,1,86,,246482,14,,,1,91,,246483,14,,,1,100,,246484,14,,,1
2101,'20261024',815,,246485,14,0,57 8 9,1,100,,246486,14,0,57 8 9,1,93,,246487,14,0,57 8 9,1,109,,246488,14,0,57 8 9,1,89,,246490,14,0,34 10 9,1,110,,246492,14,0,34 10 9,1,101,,246494,14,0,34 10 9,1,95,,246496,14,0,34 10 9,1,105,,246498,14,0,34 10 9,1,105,,246501,14,0,34 10 9,1,100,,246504,14,0,34 10 9,1,94,,246508,14,0,34 10 9,1,95,,246512,14,0,34 10 9,1,100,,246516,14,0,34 10 9,1,95,,246519,14,0,34 10 9,1,95,,246522,14,0,34 10 9,1,100,,246525,14,0,34 10 9,1,106,,246528,14,0,57 8 9,1,98,,246529,14,0,57 8 9,1,100,,246530,14,0,57 8 9,1
2101,'20261025',815,,246531,14,0,57 8 9,1,100,,246532,14,0,57 8 9,1,93,,246533,14,0,57 8 9,1,109,,246534,14,0,57 8 9,1,89,,246535,14,0,34 10 9,1,110,,246537,14,0,34 10 9,1,101,,246539,14,0,34 10 9,1,95,,246541,14,0,34 10 9,1,105,,246543,14,0,34 10 9,1,105,,246546,14,0,34 10 9,1,100,,246549,14,0,34 10 9,1,94,,246553,14,0,34 10 9,1,95,,246557,14,0,34 10 9,1,100,,246561,14,0,34 10 9,1,95,,246564,14,0,34 10 9,1,95,,246567,14,0,34 10 9,1,100,,246570,14,0,34 10 9,1,106,,246572,14,0,57 8 9,1,98,,246573,14,0,57 8 9,1,100,,246574,14,0,57 8 9,1
2101,'20261026',630,,246575,14,,,1,114,,246576,14,,,1,115,,246577,14,,,1,97,,246578,14,,,1,100,,246579,14,,,1,145,,246580,14,0,16 63 9,1,100,,246583,14,0,16 63 9,1,108,,246588,14,0,16 63 9,1,92,,246592,6,0,5 63 9,1,520,,246598,6,0,5 63 9,1,95,,246603,6,0,5 63 9,1,95,,246608,6,0,5 63 9,1,120,,246611,14,0,16 63 9,1,95,,246613,14,0,16 63 9,1,86,,246616,14,,,1,91,,246617,14,,,1,100,,246618,14,,,1
2101,'20261027',630,,246619,14,,,1,114,,246620,14,,,1,115,,246621,14,,,1,97,,246622,14,,,1,100,,246623,14,,,1,145,,246624,14,0,16 63 9,1,100,,246627,14,0,16 63 9,1,108,,246632,14,0,16 63 9,1,92,,246636,6,0,5 63 9,1,520,,246642,6,0,5 63 9,1,95,,246647,6,0,5 63 9,1,95,,246652,6,0,5 63 9,1,120,,246655,14,0,16 63 9,1,95,,246657,14,0,16 63 9,1,86,,246660,14,,,1,91,,246661,14,,,1,100,,246662,14,,,1
2101,'20261028',630,,246663,14,,,1,114,,246664,14,,,1,115,,246665,14,,,1,97,,246666,14,,,1,100,,246667,14,,,1,145,,246668,14,0,16 63 9,1,100,,246671,14,0,16 63 9,1,108,,246676,14,0,16 63 9,1,92,,246680,6,0,5 63 9,1,520,,246686,6,0,5 63 9,1,95,,246691,6,0,5 63 9,1,95,,246696,6,0,5 63 9,1,120,,246699,14,0,16 63 9,1,95,,246701,14,0,16 63 9,1,86,,246704,14,,,1,91,,246705,14,,,1,100,,246706,14,,,1
2101,'20261029',630,,246707,14,,,1,114,,246708,14,,,1,115,,246709,14,,,1,97,,246710,14,,,1,100,,246711,14,,,1,145,,246712,14,0,16 63 9,1,100,,246715,14,0,16 63 9,1,108,,246720,14,0,16 63 9,1,92,,246724,6,0,5 63 9,1,520,,246730,6,0,5 63 9,1,95,,246735,6,0,5 63 9,1,95,,246740,6,0,5 63 9,1,120,,246743,14,0,16 63 9,1,95,,246745,14,0,16 63 9,1,86,,246748,14,,,1,91,,246749,14,,,1,100,,246750,14,,,1
2101,'20261030',630,,246751,14,,,1,114,,246752,14,,,1,115,,246753,14,,,1,97,,246754,14,,,1,100,,246755,14,,,1,145,,246756,14,0,16 63 9,1,100,,246759,14,0,16 63 9,1,108,,246764,14,0,16 63 9,1,92,,246768,6,0,5 63 9,1,520,,246774,6,0,5 63 9,1,95,,246779,6,0,5 63 9,1,95,,246784,6,0,5 63 9,1,120,,246787,14,0,16 63 9,1,95,,246789,14,0,16 63 9,1,86,,246792,14,,,1,91,,246793,14,,,1,100,,246794,14,,,1
2101,'20261031',815,,246795,14,0,57 8 9,1,100,,246796,14,0,57 8 9,1,93,,246797,14,0,57 8 9,1,109,,246798,14,0,57 8 9,1,89,,246800,14,0,34 10 9,1,110,,246802,14,0,34 10 9,1,101,,246804,14,0,34 10 9,1,95,,246806,14,0,34 10 9,1,105,,246808,14,0,34 10 9,1,105,,246811,14,0,34 10 9,1,100,,246814,14,0,34 10 9,1,94,,246818,14,0,34 10 9,1,95,,246822,14,0,34 10 9,1,100,,246826,14,0,34 10 9,1,95,,246829,14,0,34 10 9,1,95,,246832,14,0,34 10 9,1,100,,246835,14,0,34 10 9,1,106,,246838,14,0,57 8 9,1,98,,246839,14,0,57 8 9,1,100,,246840,14,0,57 8 9,1
2101,'20261101',815,,246841,14,0,57 8 9,1,100,,246842,14,0,57 8 9,1,93,,246843,14,0,57 8 9,1,109,,246844,14,0,57 8 9,1,89,,246845,14,0,34 10 9,1,110,,246847,14,0,34 10 9,1,101,,246849,14,0,34 10 9,1,95,,246851,14,0,34 10 9,1,105,,246853,14,0,34 10 9,1,105,,246856,14,0,34 10 9,1,100,,246859,14,0,34 10 9,1,94,,246863,14,0,34 10 9,1,95,,246867,14,0,34 10 9,1,100,,246871,14,0,34 10 9,1,95,,246874,14,0,34 10 9,1,95,,246877,14,0,34 10 9,1,100,,246880,14,0,34 10 9,1,106,,246882,14,0,57 8 9,1,98,,246883,14,0,57 8 9,1,100,,246884,14,0,57 8 9,1
2101,'20261102',630,,246885,14,,,1,114,,246886,14,,,1,115,,246887,14,,,1,97,,246888,14,,,1,100,,246889,14,,,1,145,,246890,14,0,16 63 9,1,100,,246893,14,0,16 63 9,1,108,,246898,14,0,16 63 9,1,92,,246902,6,0,5 63 9,1,520,,246908,6,0,5 63 9,1,95,,246913,6,0,5 63 9,1,95,,246918,6,0,5 63 9,1,120,,246921,14,0,16 63 9,1,95,,246923,14,0,16 63 9,1,86,,246926,14,,,1,91,,246927,14,,,1,100,,246928,14,,,1
2101,'20261103',630,,246929,14,,,1,114,,246930,14,,,1,115,,246931,14,,,1,97,,246932,14,,,1,100,,246933,14,,,1,145,,246934,14,0,16 63 9,1,100,,246937,14,0,16 63 9,1,108,,246942,14,0,16 63 9,1,92,,246946,6,0,5 63 9,1,520,,246952,6,0,5 63 9,1,95,,246957,6,0,5 63 9,1,95,,246962,6,0,5 63 9,1,120,,246965,14,0,16 63 9,1,95,,246967,14,0,16 63 9,1,86,,246970,14,,,1,91,,246971,14,,,1,100,,246972,14,,,1
2101,'20261104',630,,246973,14,,,1,114,,246974,14,,,1,115,,246975,14,,,1,97,,246976,14,,,1,100,,246977,14,,,1,145,,246978,14,0,16 63 9,1,100,,246981,14,0,16 63 9,1,108,,246986,14,0,16 63 9,1,92,,246990,6,0,5 63 9,1,520,,246996,6,0,5 63 9,1,95,,247001,6,0,5 63 9,1,95,,247006,6,0,5 63 9,1,120,,247009,14,0,16 63 9,1,95,,247011,14,0,16 63 9,1,86,,247014,14,,,1,91,,247015,14,,,1,100,,247016,14,,,1
2101,'20261105',630,,247017,14,,,1,114,,247018,14,,,1,115,,247019,14,,,1,97,,247020,14,,,1,100,,247021,14,,,1,145,,247022,14,0,16 63 9,1,100,,247025,14,0,16 63 9,1,108,,247030,14,0,16 63 9,1,92,,247034,6,0,5 63 9,1,520,,247040,6,0,5 63 9,1,95,,247045,6,0,5 63 9,1,95,,247050,6,0,5 63 9,1,120,,247053,14,0,16 63 9,1,95,,247055,14,0,16 63 9,1,86,,247058,14,,,1,91,,247059,14,,,1,100,,247060,14,,,1
2101,'20261106',630,,247061,14,,,1,114,,247062,14,,,1,115,,247063,14,,,1,97,,247064,14,,,1,100,,247065,14,,,1,145,,247066,14,0,16 63 9,1,100,,247069,14,0,16 63 9,1,108,,247074,14,0,16 63 9,1,92,,247078,6,0,5 63 9,1,520,,247084,6,0,5 63 9,1,95,,247089,6,0,5 63 9,1,95,,247094,6,0,5 63 9,1,120,,247097,14,0,16 63 9,1,95,,247099,14,0,16 63 9,1,86,,247102,14,,,1,91,,247103,14,,,1,100,,247104,14,,,1
2101,'20261107',815,,247105,14,0,57 8 9,1,100,,247106,14,0,57 8 9,1,93,,247107,14,0,57 8 9,1,109,,247108,14,0,57 8 9,1,89,,247110,14,0,34 10 9,1,110,,247112,14,0,34 10 9,1,101,,247114,14,0,34 10 9,1,95,,247116,14,0,34 10 9,1,105,,247118,14,0,34 10 9,1,105,,247121,14,0,34 10 9,1,100,,247124,14,0,34 10 9,1,94,,247128,14,0,34 10 9,1,95,,247132,14,0,34 10 9,1,100,,247136,14,0,34 10 9,1,95,,247139,14,0,34 10 9,1,95,,247142,14,0,34 10 9,1,100,,247145,14,0,34 10 9,1,106,,247148,14,0,57 8 9,1,98,,247149,14,0,57 8 9,1,100,,247150,14,0,57 8 9,1
2101,'20261108',815,,247151,14,0,57 8 9,1,100,,247152,14,0,57 8 9,1,93,,247153,14,0,57 8 9,1,109,,247154,14,0,57 8 9,1,89,,247155,14,0,34 10 9,1,110,,247157,14,0,34 10 9,1,101,,247159,14,0,34 10 9,1,95,,247161,14,0,34 10 9,1,105,,247163,14,0,34 10 9,1,105,,247166,14,0,34 10 9,1,100,,247169,14,0,34 10 9,1,94,,247173,14,0,34 10 9,1,95,,247177,14,0,34 10 9,1,100,,247181,14,0,34 10 9,1,95,,247184,14,0,34 10 9,1,95,,247187,14,0,34 10 9,1,100,,247190,14,0,34 10 9,1,106,,247192,14,0,57 8 9,1,98,,247193,14,0,57 8 9,1,100,,247194,14,0,57 8 9,1
2101,'20261109',630,,247195,14,,,1,114,,247196,14,,,1,115,,247197,14,,,1,97,,247198,14,,,1,100,,247199,14,,,1,145,,247200,14,0,16 63 9,1,100,,247203,14,0,16 63 9,1,108,,247208,14,0,16 63 9,1,92,,247212,6,0,5 63 9,1,520,,247218,6,0,5 63 9,1,95,,247223,6,0,5 63 9,1,95,,247228,6,0,5 63 9,1,120,,247231,14,0,16 63 9,1,95,,247233,14,0,16 63 9,1,86,,247236,14,,,1,91,,247237,14,,,1,100,,247238,14,,,1
2101,'20261110',630,,247239,14,,,1,114,,247240,14,,,1,115,,247241,14,,,1,97,,247242,14,,,1,100,,247243,14,,,1,145,,247244,14,0,16 63 9,1,100,,247247,14,0,16 63 9,1,108,,247252,14,0,16 63 9,1,92,,247256,6,0,5 63 9,1,520,,247262,6,0,5 63 9,1,95,,247267,6,0,5 63 9,1,95,,247272,6,0,5 63 9,1,120,,247275,14,0,16 63 9,1,95,,247277,14,0,16 63 9,1,86,,247280,14,,,1,91,,247281,14,,,1,100,,247282,14,,,1
2101,'20261111',630,,247283,14,,,1,114,,247284,14,,,1,115,,247285,14,,,1,97,,247286,14,,,1,100,,247287,14,,,1,145,,247288,14,0,16 63 9,1,100,,247291,14,0,16 63 9,1,108,,247296,14,0,16 63 9,1,92,,247300,6,0,5 63 9,1,520,,247306,6,0,5 63 9,1,95,,247311,6,0,5 63 9,1,95,,247316,6,0,5 63 9,1,120,,247319,14,0,16 63 9,1,95,,247321,14,0,16 63 9,1,86,,247324,14,,,1,91,,247325,14,,,1,100,,247326,14,,,1
2101,'20261112',630,,247327,14,,,1,114,,247328,14,,,1,115,,247329,14,,,1,97,,247330,14,,,1,100,,247331,14,,,1,145,,247332,14,0,16 63 9,1,100,,247335,14,0,16 63 9,1,108,,247340,14,0,16 63 9,1,92,,247344,6,0,5 63 9,1,520,,247350,6,0,5 63 9,1,95,,247355,6,0,5 63 9,1,95,,247360,6,0,5 63 9,1,120,,247363,14,0,16 63 9,1,95,,247365,14,0,16 63 9,1,86,,247368,14,,,1,91,,247369,14,,,1,100,,247370,14,,,1
2101,'20261113',630,,247371,14,,,1,114,,247372,14,,,1,115,,247373,14,,,1,97,,247374,14,,,1,100,,247375,14,,,1,145,,247376,14,0,16 63 9,1,100,,247379,14,0,16 63 9,1,108,,247384,14,0,16 63 9,1,92,,247388,6,0,5 63 9,1,520,,247394,6,0,5 63 9,1,95,,247399,6,0,5 63 9,1,95,,247404,6,0,5 63 9,1,120,,247407,14,0,16 63 9,1,95,,247409,14,0,16 63 9,1,86,,247412,14,,,1,91,,247413,14,,,1,100,,247414,14,,,1
2101,'20261114',815,,247415,14,0,57 8 9,1,100,,247416,14,0,57 8 9,1,93,,247417,14,0,57 8 9,1,109,,247418,14,0,57 8 9,1,89,,247420,14,0,34 10 9,1,110,,247422,14,0,34 10 9,1,101,,247424,14,0,34 10 9,1,95,,247426,14,0,34 10 9,1,105,,247428,14,0,34 10 9,1,105,,247431,14,0,34 10 9,1,100,,247434,14,0,34 10 9,1,94,,247438,14,0,34 10 9,1,95,,247442,14,0,34 10 9,1,100,,247446,14,0,34 10 9,1,95,,247449,14,0,34 10 9,1,95,,247452,14,0,34 10 9,1,100,,247455,14,0,34 10 9,1,106,,247458,14,0,57 8 9,1,98,,247459,14,0,57 8 9,1,100,,247460,14,0,57 8 9,1
2101,'20261115',815,,247461,14,0,57 8 9,1,100,,247462,14,0,57 8 9,1,93,,247463,14,0,57 8 9,1,109,,247464,14,0,57 8 9,1,89,,247465,14,0,34 10 9,1,110,,247467,14,0,34 10 9,1,101,,247469,14,0,34 10 9,1,95,,247471,14,0,34 10 9,1,105,,247473,14,0,34 10 9,1,105,,247476,14,0,34 10 9,1,100,,247479,14,0,34 10 9,1,94,,247483,14,0,34 10 9,1,95,,247487,14,0,34 10 9,1,100,,247491,14,0,34 10 9,1,95,,247494,14,0,34 10 9,1,95,,247497,14,0,34 10 9,1,100,,247500,14,0,34 10 9,1,106,,247502,14,0,57 8 9,1,98,,247503,14,0,57 8 9,1,100,,247504,14,0,57 8 9,1
2101,'20261116',630,,247505,14,,,1,114,,247506,14,,,1,115,,247507,14,,,1,97,,247508,14,,,1,100,,247509,14,,,1,145,,247510,14,0,16 63 9,1,100,,247513,14,0,16 63 9,1,108,,247518,14,0,16 63 9,1,92,,247522,6,0,5 63 9,1,520,,247528,6,0,5 63 9,1,95,,247533,6,0,5 63 9,1,95,,247538,6,0,5 63 9,1,120,,247541,14,0,16 63 9,1,95,,247543,14,0,16 63 9,1,86,,247546,14,,,1,91,,247547,14,,,1,100,,247548,14,,,1
2101,'20261117',630,,247549,14,,,1,114,,247550,14,,,1,115,,247551,14,,,1,97,,247552,14,,,1,100,,247553,14,,,1,145,,247554,14,0,16 63 9,1,100,,247557,14,0,16 63 9,1,108,,247562,14,0,16 63 9,1,92,,247566,6,0,5 63 9,1,520,,247572,6,0,5 63 9,1,95,,247577,6,0,5 63 9,1,95,,247582,6,0,5 63 9,1,120,,247585,14,0,16 63 9,1,95,,247587,14,0,16 63 9,1,86,,247590,14,,,1,91,,247591,14,,,1,100,,247592,14,,,1
2101,'20261118',630,,247593,14,,,1,114,,247594,14,,,1,115,,247595,14,,,1,97,,247596,14,,,1,100,,247597,14,,,1,145,,247598,14,0,16 63 9,1,100,,247601,14,0,16 63 9,1,108,,247606,14,0,16 63 9,1,92,,247610,6,0,5 63 9,1,520,,247616,6,0,5 63 9,1,95,,247621,6,0,5 63 9,1,95,,247626,6,0,5 63 9,1,120,,247629,14,0,16 63 9,1,95,,247631,14,0,16 63 9,1,86,,247634,14,,,1,91,,247635,14,,,1,100,,247636,14,,,1
2101,'20261119',630,,247637,14,,,1,114,,247638,14,,,1,115,,247639,14,,,1,97,,247640,14,,,1,100,,247641,14,,,1,145,,247642,14,0,16 63 9,1,100,,247645,14,0,16 63 9,1,108,,247650,14,0,16 63 9,1,92,,247654,6,0,5 63 9,1,520,,247660,6,0,5 63 9,1,95,,247665,6,0,5 63 9,1,95,,247670,6,0,5 63 9,1,120,,247673,14,0,16 63 9,1,95,,247675,14,0,16 63 9,1,86,,247678,14,,,1,91,,247679,14,,,1,100,,247680,14,,,1
2101,'20261120',630,,247681,14,,,1,114,,247682,14,,,1,115,,247683,14,,,1,97,,247684,14,,,1,100,,247685,14,,,1,145,,247686,14,0,16 63 9,1,100,,247689,14,0,16 63 9,1,108,,247694,14,0,16 63 9,1,92,,247698,6,0,5 63 9,1,520,,247704,6,0,5 63 9,1,95,,247709,6,0,5 63 9,1,95,,247714,6,0,5 63 9,1,120,,247717,14,0,16 63 9,1,95,,247719,14,0,16 63 9,1,86,,247722,14,,,1,91,,247723,14,,,1,100,,247724,14,,,1
2101,'20261121',815,,247725,14,0,57 8 9,1,100,,247726,14,0,57 8 9,1,93,,247727,14,0,57 8 9,1,109,,247728,14,0,57 8 9,1,89,,247730,14,0,34 10 9,1,110,,247732,14,0,34 10 9,1,101,,247734,14,0,34 10 9,1,95,,247736,14,0,34 10 9,1,105,,247738,14,0,34 10 9,1,105,,247741,14,0,34 10 9,1,100,,247744,14,0,34 10 9,1,94,,247748,14,0,34 10 9,1,95,,247752,14,0,34 10 9,1,100,,247756,14,0,34 10 9,1,95,,247759,14,0,34 10 9,1,95,,247762,14,0,34 10 9,1,100,,247765,14,0,34 10 9,1,106,,247768,14,0,57 8 9,1,98,,247769,14,0,57 8 9,1,100,,247770,14,0,57 8 9,1
2101,'20261122',815,,247771,14,0,57 8 9,1,100,,247772,14,0,57 8 9,1,93,,247773,14,0,57 8 9,1,109,,247774,14,0,57 8 9,1,89,,247775,14,0,34 10 9,1,110,,247777,14,0,34 10 9,1,101,,247779,14,0,34 10 9,1,95,,247781,14,0,34 10 9,1,105,,247783,14,0,34 10 9,1,105,,247786,14,0,34 10 9,1,100,,247789,14,0,34 10 9,1,94,,247793,14,0,34 10 9,1,95,,247797,14,0,34 10 9,1,100,,247801,14,0,34 10 9,1,95,,247804,14,0,34 10 9,1,95,,247807,14,0,34 10 9,1,100,,247810,14,0,34 10 9,1,106,,247812,14,0,57 8 9,1,98,,247813,14,0,57 8 9,1,100,,247814,14,0,57 8 9,1
2101,'20261123',630,,247815,14,,,1,114,,247816,14,,,1,115,,247817,14,,,1,97,,247818,14,,,1,100,,247819,14,,,1,145,,247820,14,0,16 63 9,1,100,,247823,14,0,16 63 9,1,108,,247828,14,0,16 63 9,1,92,,247832,6,0,5 63 9,1,520,,247838,6,0,5 63 9,1,95,,247843,6,0,5 63 9,1,95,,247848,6,0,5 63 9,1,120,,247851,14,0,16 63 9,1,95,,247853,14,0,16 63 9,1,86,,247856,14,,,1,91,,247857,14,,,1,100,,247858,14,,,1
2101,'20261124',630,,247859,14,,,1,114,,247860,14,,,1,115,,247861,14,,,1,97,,247862,14,,,1,100,,247863,14,,,1,145,,247864,14,0,16 63 9,1,100,,247867,14,0,16 63 9,1,108,,247872,14,0,16 63 9,1,92,,247876,6,0,5 63 9,1,520,,247882,6,0,5 63 9,1,95,,247887,6,0,5 63 9,1,95,,247892,6,0,5 63 9,1,120,,247895,14,0,16 63 9,1,95,,247897,14,0,16 63 9,1,86,,247900,14,,,1,91,,247901,14,,,1,100,,247902,14,,,1
2101,'20261125',630,,247903,14,,,1,114,,247904,14,,,1,115,,247905,14,,,1,97,,247906,14,,,1,100,,247907,14,,,1,145,,247908,14,0,16 63 9,1,100,,247911,14,0,16 63 9,1,108,,247916,14,0,16 63 9,1,92,,247920,6,0,5 63 9,1,520,,247926,6,0,5 63 9,1,95,,247931,6,0,5 63 9,1,95,,247936,6,0,5 63 9,1,120,,247939,14,0,16 63 9,1,95,,247941,14,0,16 63 9,1,86,,247944,14,,,1,91,,247945,14,,,1,100,,247946,14,,,1
2101,'20261126',630,,247947,14,,,1,114,,247948,14,,,1,115,,247949,14,,,1,97,,247950,14,,,1,100,,247951,14,,,1,145,,247952,14,0,16 63 9,1,100,,247955,14,0,16 63 9,1,108,,247960,14,0,16 63 9,1,92,,247964,6,0,5 63 9,1,520,,247970,6,0,5 63 9,1,95,,247975,6,0,5 63 9,1,95,,247980,6,0,5 63 9,1,120,,247983,14,0,16 63 9,1,95,,247985,14,0,16 63 9,1,86,,247988,14,,,1,91,,247989,14,,,1,100,,247990,14,,,1
2101,'20261127',630,,247991,14,,,1,114,,247992,14,,,1,115,,247993,14,,,1,97,,247994,14,,,1,100,,247995,14,,,1,145,,247996,14,0,16 63 9,1,100,,247999,14,0,16 63 9,1,108,,248004,14,0,16 63 9,1,92,,248008,6,0,5 63 9,1,520,,248014,6,0,5 63 9,1,95,,248019,6,0,5 63 9,1,95,,248024,6,0,5 63 9,1,120,,248027,14,0,16 63 9,1,95,,248029,14,0,16 63 9,1,86,,248032,14,,,1,91,,248033,14,,,1,100,,248034,14,,,1
