2101,'20260910',644,,244535,22,,,1,115,,244536,22,,,1,156,,244537,22,,,1,95,,244538,22,,,1,100,,244539,22,,,1,105,,244540,22,0,16 63 9,1,101,,244543,22,0,16 63 9,1,109,,244548,22,0,16 63 9,1,92,,244552,14,0,5 63 9,1,519,,244558,14,0,5 63 9,1,94,,244563,14,0,5 63 9,1,95,,244568,14,0,5 63 9,1,120,,244571,22,0,16 63 9,1,95,,244573,22,0,16 63 9,1,83,,244576,22,,,1,91,,244577,22,,,1,100,,244578,22,,,1
2101,'20260911',644,,244579,22,,,1,115,,244580,22,,,1,156,,244581,22,,,1,95,,244582,22,,,1,100,,244583,22,,,1,105,,244584,22,0,16 63 9,1,101,,244587,22,0,16 63 9,1,109,,244592,22,0,16 63 9,1,92,,244596,14,0,5 63 9,1,519,,244602,14,0,5 63 9,1,94,,244607,14,0,5 63 9,1,95,,244612,14,0,5 63 9,1,120,,244615,22,0,16 63 9,1,95,,244617,22,0,16 63 9,1,83,,244620,22,,,1,91,,244621,22,,,1,100,,244622,22,,,1
2101,'20260912',828,,244623,22,0,57 8 9,1,100,,244624,22,0,57 8 9,1,94,,244625,22,0,57 8 9,1,110,,244626,22,0,57 8 9,1,88,,244628,22,0,34 10 9,1,110,,244630,22,0,34 10 9,1,104,,244632,22,0,34 10 9,1,95,,244634,22,0,34 10 9,1,105,,244636,22,0,34 10 9,1,105,,244639,22,0,34 10 9,1,100,,244642,22,0,34 10 9,1,91,,244646,22,0,34 10 9,1,95,,244650,22,0,34 10 9,1,100,,244654,22,0,34 10 9,1,95,,244657,22,0,34 10 9,1,95,,244660,22,0,34 10 9,1,100,,244663,22,0,34 10 9,1,104,,244666,22,0,57 8 9,1,98,,244667,22,0,57 8 9,1,100,,244668,22,0,57 8 9,1
2101,'20260913',828,,244669,22,0,57 8 9,1,100,,244670,22,0,57 8 9,1,94,,244671,22,0,57 8 9,1,110,,244672,22,0,57 8 9,1,88,,244673,22,0,34 10 9,1,110,,244675,22,0,34 10 9,1,104,,244677,22,0,34 10 9,1,95,,244679,22,0,34 10 9,1,105,,244681,22,0,34 10 9,1,105,,244684,22,0,34 10 9,1,100,,244687,22,0,34 10 9,1,91,,244691,22,0,34 10 9,1,95,,244695,22,0,34 10 9,1,100,,244699,22,0,34 10 9,1,95,,244702,22,0,34 10 9,1,95,,244705,22,0,34 10 9,1,100,,244708,22,0,34 10 9,1,104,,244710,22,0,57 8 9,1,98,,244711,22,0,57 8 9,1,100,,244712,22,0,57 8 9,1
2101,'20260914',644,,244713,22,,,1,115,,244714,22,,,1,156,,244715,22,,,1,95,,244716,22,,,1,100,,244717,22,,,1,105,,244718,22,0,16 63 9,1,101,,244721,22,0,16 63 9,1,109,,244726,22,0,16 63 9,1,92,,244730,14,0,5 63 9,1,519,,244736,14,0,5 63 9,1,94,,244741,14,0,5 63 9,1,95,,244746,14,0,5 63 9,1,120,,244749,22,0,16 63 9,1,95,,244751,22,0,16 63 9,1,83,,244754,22,,,1,91,,244755,22,,,1,100,,244756,22,,,1
2101,'20260915',644,,244757,22,,,1,115,,244758,22,,,1,156,,244759,22,,,1,95,,244760,22,,,1,100,,244761,22,,,1,105,,244762,22,0,16 63 9,1,101,,244765,22,0,16 63 9,1,109,,244770,22,0,16 63 9,1,92,,244774,14,0,5 63 9,1,519,,244780,14,0,5 63 9,1,94,,244785,14,0,5 63 9,1,95,,244790,14,0,5 63 9,1,120,,244793,22,0,16 63 9,1,95,,244795,22,0,16 63 9,1,83,,244798,22,,,1,91,,244799,22,,,1,100,,244800,22,,,1
2101,'20260916',644,,244801,22,,,1,115,,244802,22,,,1,156,,244803,22,,,1,95,,244804,22,,,1,100,,244805,22,,,1,105,,244806,22,0,16 63 9,1,101,,244809,22,0,16 63 9,1,109,,244814,22,0,16 63 9,1,92,,244818,14,0,5 63 9,1,519,,244824,14,0,5 63 9,1,94,,244829,14,0,5 63 9,1,95,,244834,14,0,5 63 9,1,120,,244837,22,0,16 63 9,1,95,,244839,22,0,16 63 9,1,83,,244842,22,,,1,91,,244843,22,,,1,100,,244844,22,,,1
2101,'20260917',644,,244845,22,,,1,115,,244846,22,,,1,156,,244847,22,,,1,95,,244848,22,,,1,100,,244849,22,,,1,105,,244850,22,0,16 63 9,1,101,,244853,22,0,16 63 9,1,109,,244858,22,0,16 63 9,1,92,,244862,14,0,5 63 9,1,519,,244868,14,0,5 63 9,1,94,,244873,14,0,5 63 9,1,95,,244878,14,0,5 63 9,1,120,,244881,22,0,16 63 9,1,95,,244883,22,0,16 63 9,1,83,,244886,22,,,1,91,,244887,22,,,1,100,,244888,22,,,1
2101,'20260918',644,,244889,22,,,1,115,,244890,22,,,1,156,,244891,22,,,1,95,,244892,22,,,1,100,,244893,22,,,1,105,,244894,22,0,16 63 9,1,101,,244897,22,0,16 63 9,1,109,,244902,22,0,16 63 9,1,92,,244906,14,0,5 63 9,1,519,,244912,14,0,5 63 9,1,94,,244917,14,0,5 63 9,1,95,,244922,14,0,5 63 9,1,120,,244925,22,0,16 63 9,1,95,,244927,22,0,16 63 9,1,83,,244930,22,,,1,91,,244931,22,,,1,100,,244932,22,,,1
2101,'20260919',828,,244933,22,0,57 8 9,1,100,,244934,22,0,57 8 9,1,94,,244935,22,0,57 8 9,1,110,,244936,22,0,57 8 9,1,88,,244938,22,0,34 10 9,1,110,,244940,22,0,34 10 9,1,104,,244942,22,0,34 10 9,1,95,,244944,22,0,34 10 9,1,105,,244946,22,0,34 10 9,1,105,,244949,22,0,34 10 9,1,100,,244952,22,0,34 10 9,1,91,,244956,22,0,34 10 9,1,95,,244960,22,0,34 10 9,1,100,,244964,22,0,34 10 9,1,95,,244967,22,0,34 10 9,1,95,,244970,22,0,34 10 9,1,100,,244973,22,0,34 10 9,1,104,,244976,22,0,57 8 9,1,98,,244977,22,0,57 8 9,1,100,,244978,22,0,57 8 9,1
2101,'20260920',828,,244979,22,0,57 8 9,1,100,,244980,22,0,57 8 9,1,94,,244981,22,0,57 8 9,1,110,,244982,22,0,57 8 9,1,88,,244983,22,0,34 10 9,1,110,,244985,22,0,34 10 9,1,104,,244987,22,0,34 10 9,1,95,,244989,22,0,34 10 9,1,105,,244991,22,0,34 10 9,1,105,,244994,22,0,34 10 9,1,100,,244997,22,0,34 10 9,1,91,,245001,22,0,34 10 9,1,95,,245005,22,0,34 10 9,1,100,,245009,22,0,34 10 9,1,95,,245012,22,0,34 10 9,1,95,,245015,22,0,34 10 9,1,100,,245018,22,0,34 10 9,1,104,,245020,22,0,57 8 9,1,98,,245021,22,0,57 8 9,1,100,,245022,22,0,57 8 9,1
2101,'20260921',644,,245023,22,,,1,115,,245024,22,,,1,156,,245025,22,,,1,95,,245026,22,,,1,100,,245027,22,,,1,105,,245028,22,0,16 63 9,1,101,,245031,22,0,16 63 9,1,109,,245036,22,0,16 63 9,1,92,,245040,14,0,5 63 9,1,519,,245046,14,0,5 63 9,1,94,,245051,14,0,5 63 9,1,95,,245056,14,0,5 63 9,1,120,,245059,22,0,16 63 9,1,95,,245061,22,0,16 63 9,1,83,,245064,22,,,1,91,,245065,22,,,1,100,,245066,22,,,1
2101,'20260922',644,,245067,22,,,1,115,,245068,22,,,1,156,,245069,22,,,1,95,,245070,22,,,1,100,,245071,22,,,1,105,,245072,22,0,16 63 9,1,101,,245075,22,0,16 63 9,1,109,,245080,22,0,16 63 9,1,92,,245084,14,0,5 63 9,1,519,,245090,14,0,5 63 9,1,94,,245095,14,0,5 63 9,1,95,,245100,14,0,5 63 9,1,120,,245103,22,0,16 63 9,1,95,,245105,22,0,16 63 9,1,83,,245108,22,,,1,91,,245109,22,,,1,100,,245110,22,,,1
2101,'20260923',644,,245111,22,,,1,115,,245112,22,,,1,156,,245113,22,,,1,95,,245114,22,,,1,100,,245115,22,,,1,105,,245116,22,0,16 63 9,1,101,,245119,22,0,16 63 9,1,109,,245124,22,0,16 63 9,1,92,,245128,14,0,5 63 9,1,519,,245134,14,0,5 63 9,1,94,,245139,14,0,5 63 9,1,95,,245144,14,0,5 63 9,1,120,,245147,22,0,16 63 9,1,95,,245149,22,0,16 63 9,1,83,,245152,22,,,1,91,,245153,22,,,1,100,,245154,22,,,1
2101,'20260924',644,,245155,22,,,1,115,,245156,22,,,1,156,,245157,22,,,1,95,,245158,22,,,1,100,,245159,22,,,1,105,,245160,22,0,16 63 9,1,101,,245163,22,0,16 63 9,1,109,,245168,22,0,16 63 9,1,92,,245172,14,0,5 63 9,1,519,,245178,14,0,5 63 9,1,94,,245183,14,0,5 63 9,1,95,,245188,14,0,5 63 9,1,120,,245191,22,0,16 63 9,1,95,,245193,22,0,16 63 9,1,83,,245196,22,,,1,91,,245197,22,,,1,100,,245198,22,,,1
2101,'20260925',644,,245199,22,,,1,115,,245200,22,,,1,156,,245201,22,,,1,95,,245202,22,,,1,100,,245203,22,,,1,105,,245204,22,0,16 63 9,1,101,,245207,22,0,16 63 9,1,109,,245212,22,0,16 63 9,1,92,,245216,14,0,5 63 9,1,519,,245222,14,0,5 63 9,1,94,,245227,14,0,5 63 9,1,95,,245232,14,0,5 63 9,1,120,,245235,22,0,16 63 9,1,95,,245237,22,0,16 63 9,1,83,,245240,22,,,1,91,,245241,22,,,1,100,,245242,22,,,1
2101,'20260926',828,,245243,22,0,57 8 9,1,100,,245244,22,0,57 8 9,1,94,,245245,22,0,57 8 9,1,110,,245246,22,0,57 8 9,1,88,,245248,22,0,34 10 9,1,110,,245250,22,0,34 10 9,1,104,,245252,22,0,34 10 9,1,95,,245254,22,0,34 10 9,1,105,,245256,22,0,34 10 9,1,105,,245259,22,0,34 10 9,1,100,,245262,22,0,34 10 9,1,91,,245266,22,0,34 10 9,1,95,,245270,22,0,34 10 9,1,100,,245274,22,0,34 10 9,1,95,,245277,22,0,34 10 9,1,95,,245280,22,0,34 10 9,1,100,,245283,22,0,34 10 9,1,104,,245286,22,0,57 8 9,1,98,,245287,22,0,57 8 9,1,100,,245288,22,0,57 8 9,1
2101,'20260927',828,,245289,22,0,57 8 9,1,100,,245290,22,0,57 8 9,1,94,,245291,22,0,57 8 9,1,110,,245292,22,0,57 8 9,1,88,,245293,22,0,34 10 9,1,110,,245295,22,0,34 10 9,1,104,,245297,22,0,34 10 9,1,95,,245299,22,0,34 10 9,1,105,,245301,22,0,34 10 9,1,105,,245304,22,0,34 10 9,1,100,,245307,22,0,34 10 9,1,91,,245311,22,0,34 10 9,1,95,,245315,22,0,34 10 9,1,100,,245319,22,0,34 10 9,1,95,,245322,22,0,34 10 9,1,95,,245325,22,0,34 10 9,1,100,,245328,22,0,34 10 9,1,104,,245330,22,0,57 8 9,1,98,,245331,22,0,57 8 9,1,100,,245332,22,0,57 8 9,1
2101,'20260928',644,,245333,22,,,1,115,,245334,22,,,1,156,,245335,22,,,1,95,,245336,22,,,1,100,,245337,22,,,1,105,,245338,22,0,16 63 9,1,101,,245341,22,0,16 63 9,1,109,,245346,22,0,16 63 9,1,92,,245350,14,0,5 63 9,1,519,,245356,14,0,5 63 9,1,94,,245361,14,0,5 63 9,1,95,,245366,14,0,5 63 9,1,120,,245369,22,0,16 63 9,1,95,,245371,22,0,16 63 9,1,83,,245374,22,,,1,91,,245375,22,,,1,100,,245376,22,,,1
2101,'20260929',644,,245377,22,,,1,115,,245378,22,,,1,156,,245379,22,,,1,95,,245380,22,,,1,100,,245381,22,,,1,105,,245382,22,0,16 63 9,1,101,,245385,22,0,16 63 9,1,109,,245390,22,0,16 63 9,1,92,,245394,14,0,5 63 9,1,519,,245400,14,0,5 63 9,1,94,,245405,14,0,5 63 9,1,95,,245410,14,0,5 63 9,1,120,,245413,22,0,16 63 9,1,95,,245415,22,0,16 63 9,1,83,,245418,22,,,1,91,,245419,22,,,1,100,,245420,22,,,1
2101,'20260930',644,,245421,22,,,1,115,,245422,22,,,1,156,,245423,22,,,1,95,,245424,22,,,1,100,,245425,22,,,1,105,,245426,22,0,16 63 9,1,101,,245429,22,0,16 63 9,1,109,,245434,22,0,16 63 9,1,92,,245438,14,0,5 63 9,1,519,,245444,14,0,5 63 9,1,94,,245449,14,0,5 63 9,1,95,,245454,14,0,5 63 9,1,120,,245457,22,0,16 63 9,1,95,,245459,22,0,16 63 9,1,83,,245462,22,,,1,91,,245463,22,,,1,100,,245464,22,,,1
2101,'20261001',644,,245465,22,,,1,115,,245466,22,,,1,156,,245467,22,,,1,95,,245468,22,,,1,100,,245469,22,,,1,105,,245470,22,0,16 63 9,1,101,,245473,22,0,16 63 9,1,109,,245478,22,0,16 63 9,1,92,,245482,14,0,5 63 9,1,519,,245488,14,0,5 63 9,1,94,,245493,14,0,5 63 9,1,95,,245498,14,0,5 63 9,1,120,,245501,22,0,16 63 9,1,95,,245503,22,0,16 63 9,1,83,,245506,22,,,1,91,,245507,22,,,1,100,,245508,22,,,1
2101,'20261002',644,,245509,22,,,1,115,,245510,22,,,1,156,,245511,22,,,1,95,,245512,22,,,1,100,,245513,22,,,1,105,,245514,22,0,16 63 9,1,101,,245517,22,0,16 63 9,1,109,,245522,22,0,16 63 9,1,92,,245526,14,0,5 63 9,1,519,,245532,14,0,5 63 9,1,94,,245537,14,0,5 63 9,1,95,,245542,14,0,5 63 9,1,120,,245545,22,0,16 63 9,1,95,,245547,22,0,16 63 9,1,83,,245550,22,,,1,91,,245551,22,,,1,100,,245552,22,,,1
2101,'20261003',828,,245553,22,0,57 8 9,1,100,,245554,22,0,57 8 9,1,94,,245555,22,0,57 8 9,1,110,,245556,22,0,57 8 9,1,88,,245558,22,0,34 10 9,1,110,,245560,22,0,34 10 9,1,104,,245562,22,0,34 10 9,1,95,,245564,22,0,34 10 9,1,105,,245566,22,0,34 10 9,1,105,,245569,22,0,34 10 9,1,100,,245572,22,0,34 10 9,1,91,,245576,22,0,34 10 9,1,95,,245580,22,0,34 10 9,1,100,,245584,22,0,34 10 9,1,95,,245587,22,0,34 10 9,1,95,,245590,22,0,34 10 9,1,100,,245593,22,0,34 10 9,1,104,,245596,22,0,57 8 9,1,98,,245597,22,0,57 8 9,1,100,,245598,22,0,57 8 9,1
2101,'20261004',828,,245599,22,0,57 8 9,1,100,,245600,22,0,57 8 9,1,94,,245601,22,0,57 8 9,1,110,,245602,22,0,57 8 9,1,88,,245603,22,0,34 10 9,1,110,,245605,22,0,34 10 9,1,104,,245607,22,0,34 10 9,1,95,,245609,22,0,34 10 9,1,105,,245611,22,0,34 10 9,1,105,,245614,22,0,34 10 9,1,100,,245617,22,0,34 10 9,1,91,,245621,22,0,34 10 9,1,95,,245625,22,0,34 10 9,1,100,,245629,22,0,34 10 9,1,95,,245632,22,0,34 10 9,1,95,,245635,22,0,34 10 9,1,100,,245638,22,0,34 10 9,1,104,,245640,22,0,57 8 9,1,98,,245641,22,0,57 8 9,1,100,,245642,22,0,57 8 9,1
2101,'20261005',644,,245643,22,,,1,115,,245644,22,,,1,156,,245645,22,,,1,95,,245646,22,,,1,100,,245647,22,,,1,105,,245648,22,0,16 63 9,1,101,,245651,22,0,16 63 9,1,109,,245656,22,0,16 63 9,1,92,,245660,14,0,5 63 9,1,519,,245666,14,0,5 63 9,1,94,,245671,14,0,5 63 9,1,95,,245676,14,0,5 63 9,1,120,,245679,22,0,16 63 9,1,95,,245681,22,0,16 63 9,1,83,,245684,22,,,1,91,,245685,22,,,1,100,,245686,22,,,1
2101,'20261006',644,,245687,22,,,1,115,,245688,22,,,1,156,,245689,22,,,1,95,,245690,22,,,1,100,,245691,22,,,1,105,,245692,22,0,16 63 9,1,101,,245695,22,0,16 63 9,1,109,,245700,22,0,16 63 9,1,92,,245704,14,0,5 63 9,1,519,,245710,14,0,5 63 9,1,94,,245715,14,0,5 63 9,1,95,,245720,14,0,5 63 9,1,120,,245723,22,0,16 63 9,1,95,,245725,22,0,16 63 9,1,83,,245728,22,,,1,91,,245729,22,,,1,100,,245730,22,,,1
2101,'20261007',644,,245731,22,,,1,115,,245732,22,,,1,156,,245733,22,,,1,95,,245734,22,,,1,100,,245735,22,,,1,105,,245736,22,0,16 63 9,1,101,,245739,22,0,16 63 9,1,109,,245744,22,0,16 63 9,1,92,,245748,14,0,5 63 9,1,519,,245754,14,0,5 63 9,1,94,,245759,14,0,5 63 9,1,95,,245764,14,0,5 63 9,1,120,,245767,22,0,16 63 9,1,95,,245769,22,0,16 63 9,1,83,,245772,22,,,1,91,,245773,22,,,1,100,,245774,22,,,1
2101,'20261008',644,,245775,22,,,1,115,,245776,22,,,1,156,,245777,22,,,1,95,,245778,22,,,1,100,,245779,22,,,1,105,,245780,22,0,16 63 9,1,101,,245783,22,0,16 63 9,1,109,,245788,22,0,16 63 9,1,92,,245792,14,0,5 63 9,1,519,,245798,14,0,5 63 9,1,94,,245803,14,0,5 63 9,1,95,,245808,14,0,5 63 9,1,120,,245811,22,0,16 63 9,1,95,,245813,22,0,16 63 9,1,83,,245816,22,,,1,91,,245817,22,,,1,100,,245818,22,,,1
2101,'20261009',644,,245819,22,,,1,115,,245820,22,,,1,156,,245821,22,,,1,95,,245822,22,,,1,100,,245823,22,,,1,105,,245824,22,0,16 63 9,1,101,,245827,22,0,16 63 9,1,109,,245832,22,0,16 63 9,1,92,,245836,14,0,5 63 9,1,519,,245842,14,0,5 63 9,1,94,,245847,14,0,5 63 9,1,95,,245852,14,0,5 63 9,1,120,,245855,22,0,16 63 9,1,95,,245857,22,0,16 63 9,1,83,,245860,22,,,1,91,,245861,22,,,1,100,,245862,22,,,1
2101,'20261010',828,,245863,22,0,57 8 9,1,100,,245864,22,0,57 8 9,1,94,,245865,22,0,57 8 9,1,110,,245866,22,0,57 8 9,1,88,,245868,22,0,34 10 9,1,110,,245870,22,0,34 10 9,1,104,,245872,22,0,34 10 9,1,95,,245874,22,0,34 10 9,1,105,,245876,22,0,34 10 9,1,105,,245879,22,0,34 10 9,1,100,,245882,22,0,34 10 9,1,91,,245886,22,0,34 10 9,1,95,,245890,22,0,34 10 9,1,100,,245894,22,0,34 10 9,1,95,,245897,22,0,34 10 9,1,95,,245900,22,0,34 10 9,1,100,,245903,22,0,34 10 9,1,104,,245906,22,0,57 8 9,1,98,,245907,22,0,57 8 9,1,100,,245908,22,0,57 8 9,1
2101,'20261011',828,,245909,22,0,57 8 9,1,100,,245910,22,0,57 8 9,1,94,,245911,22,0,57 8 9,1,110,,245912,22,0,57 8 9,1,88,,245913,22,0,34 10 9,1,110,,245915,22,0,34 10 9,1,104,,245917,22,0,34 10 9,1,95,,245919,22,0,34 10 9,1,105,,245921,22,0,34 10 9,1,105,,245924,22,0,34 10 9,1,100,,245927,22,0,34 10 9,1,91,,245931,22,0,34 10 9,1,95,,245935,22,0,34 10 9,1,100,,245939,22,0,34 10 9,1,95,,245942,22,0,34 10 9,1,95,,245945,22,0,34 10 9,1,100,,245948,22,0,34 10 9,1,104,,245950,22,0,57 8 9,1,98,,245951,22,0,57 8 9,1,100,,245952,22,0,57 8 9,1
2101,'20261012',828,,245953,22,0,57 8 9,1,100,,245954,22,0,57 8 9,1,94,,245955,22,0,57 8 9,1,110,,245956,22,0,57 8 9,1,88,,245958,22,0,34 10 9,1,110,,245960,22,0,34 10 9,1,104,,245962,22,0,34 10 9,1,95,,245964,22,0,34 10 9,1,105,,245966,22,0,34 10 9,1,105,,245969,22,0,34 10 9,1,100,,245972,22,0,34 10 9,1,91,,245976,22,0,34 10 9,1,95,,245980,22,0,34 10 9,1,100,,245984,22,0,34 10 9,1,95,,245987,22,0,34 10 9,1,95,,245990,22,0,34 10 9,1,100,,245993,22,0,34 10 9,1,104,,245996,22,0,57 8 9,1,98,,245997,22,0,57 8 9,1,100,,245998,22,0,57 8 9,1
2101,'20261013',644,,245999,22,,,1,115,,246000,22,,,1,156,,246001,22,,,1,95,,246002,22,,,1,100,,246003,22,,,1,105,,246004,22,0,16 63 9,1,101,,246007,22,0,16 63 9,1,109,,246012,22,0,16 63 9,1,92,,246016,14,0,5 63 9,1,519,,246022,14,0,5 63 9,1,94,,246027,14,0,5 63 9,1,95,,246032,14,0,5 63 9,1,120,,246035,22,0,16 63 9,1,95,,246037,22,0,16 63 9,1,83,,246040,22,,,1,91,,246041,22,,,1,100,,246042,22,,,1
2101,'20261014',644,,246043,22,,,1,115,,246044,22,,,1,156,,246045,22,,,1,95,,246046,22,,,1,100,,246047,22,,,1,105,,246048,22,0,16 63 9,1,101,,246051,22,0,16 63 9,1,109,,246056,22,0,16 63 9,1,92,,246060,14,0,5 63 9,1,519,,246066,14,0,5 63 9,1,94,,246071,14,0,5 63 9,1,95,,246076,14,0,5 63 9,1,120,,246079,22,0,16 63 9,1,95,,246081,22,0,16 63 9,1,83,,246084,22,,,1,91,,246085,22,,,1,100,,246086,22,,,1
2101,'20261015',644,,246087,22,,,1,115,,246088,22,,,1,156,,246089,22,,,1,95,,246090,22,,,1,100,,246091,22,,,1,105,,246092,22,0,16 63 9,1,101,,246095,22,0,16 63 9,1,109,,246100,22,0,16 63 9,1,92,,246104,14,0,5 63 9,1,519,,246110,14,0,5 63 9,1,94,,246115,14,0,5 63 9,1,95,,246120,14,0,5 63 9,1,120,,246123,22,0,16 63 9,1,95,,246125,22,0,16 63 9,1,83,,246128,22,,,1,91,,246129,22,,,1,100,,246130,22,,,1
2101,'20261016',644,,246131,22,,,1,115,,246132,22,,,1,156,,246133,22,,,1,95,,246134,22,,,1,100,,246135,22,,,1,105,,246136,22,0,16 63 9,1,101,,246139,22,0,16 63 9,1,109,,246144,22,0,16 63 9,1,92,,246148,14,0,5 63 9,1,519,,246154,14,0,5 63 9,1,94,,246159,14,0,5 63 9,1,95,,246164,14,0,5 63 9,1,120,,246167,22,0,16 63 9,1,95,,246169,22,0,16 63 9,1,83,,246172,22,,,1,91,,246173,22,,,1,100,,246174,22,,,1
2101,'20261017',828,,246175,22,0,57 8 9,1,100,,246176,22,0,57 8 9,1,94,,246177,22,0,57 8 9,1,110,,246178,22,0,57 8 9,1,88,,246180,22,0,34 10 9,1,110,,246182,22,0,34 10 9,1,104,,246184,22,0,34 10 9,1,95,,246186,22,0,34 10 9,1,105,,246188,22,0,34 10 9,1,105,,246191,22,0,34 10 9,1,100,,246194,22,0,34 10 9,1,91,,246198,22,0,34 10 9,1,95,,246202,22,0,34 10 9,1,100,,246206,22,0,34 10 9,1,95,,246209,22,0,34 10 9,1,95,,246212,22,0,34 10 9,1,100,,246215,22,0,34 10 9,1,104,,246218,22,0,57 8 9,1,98,,246219,22,0,57 8 9,1,100,,246220,22,0,57 8 9,1
2101,'20261018',828,,246221,22,0,57 8 9,1,100,,246222,22,0,57 8 9,1,94,,246223,22,0,57 8 9,1,110,,246224,22,0,57 8 9,1,88,,246225,22,0,34 10 9,1,110,,246227,22,0,34 10 9,1,104,,246229,22,0,34 10 9,1,95,,246231,22,0,34 10 9,1,105,,246233,22,0,34 10 9,1,105,,246236,22,0,34 10 9,1,100,,246239,22,0,34 10 9,1,91,,246243,22,0,34 10 9,1,95,,246247,22,0,34 10 9,1,100,,246251,22,0,34 10 9,1,95,,246254,22,0,34 10 9,1,95,,246257,22,0,34 10 9,1,100,,246260,22,0,34 10 9,1,104,,246262,22,0,57 8 9,1,98,,246263,22,0,57 8 9,1,100,,246264,22,0,57 8 9,1
2101,'20261019',644,,246265,22,,,1,115,,246266,22,,,1,156,,246267,22,,,1,95,,246268,22,,,1,100,,246269,22,,,1,105,,246270,22,0,16 63 9,1,101,,246273,22,0,16 63 9,1,109,,246278,22,0,16 63 9,1,92,,246282,14,0,5 63 9,1,519,,246288,14,0,5 63 9,1,94,,246293,14,0,5 63 9,1,95,,246298,14,0,5 63 9,1,120,,246301,22,0,16 63 9,1,95,,246303,22,0,16 63 9,1,83,,246306,22,,,1,91,,246307,22,,,1,100,,246308,22,,,1
2101,'20261020',644,,246309,22,,,1,115,,246310,22,,,1,156,,246311,22,,,1,95,,246312,22,,,1,100,,246313,22,,,1,105,,246314,22,0,16 63 9,1,101,,246317,22,0,16 63 9,1,109,,246322,22,0,16 63 9,1,92,,246326,14,0,5 63 9,1,519,,246332,14,0,5 63 9,1,94,,246337,14,0,5 63 9,1,95,,246342,14,0,5 63 9,1,120,,246345,22,0,16 63 9,1,95,,246347,22,0,16 63 9,1,83,,246350,22,,,1,91,,246351,22,,,1,100,,246352,22,,,1
2101,'20261021',644,,246353,22,,,1,115,,246354,22,,,1,156,,246355,22,,,1,95,,246356,22,,,1,100,,246357,22,,,1,105,,246358,22,0,16 63 9,1,101,,246361,22,0,16 63 9,1,109,,246366,22,0,16 63 9,1,92,,246370,14,0,5 63 9,1,519,,246376,14,0,5 63 9,1,94,,246381,14,0,5 63 9,1,95,,246386,14,0,5 63 9,1,120,,246389,22,0,16 63 9,1,95,,246391,22,0,16 63 9,1,83,,246394,22,,,1,91,,246395,22,,,1,100,,246396,22,,,1
2101,'20261022',644,,246397,22,,,1,115,,246398,22,,,1,156,,246399,22,,,1,95,,246400,22,,,1,100,,246401,22,,,1,105,,246402,22,0,16 63 9,1,101,,246405,22,0,16 63 9,1,109,,246410,22,0,16 63 9,1,92,,246414,14,0,5 63 9,1,519,,246420,14,0,5 63 9,1,94,,246425,14,0,5 63 9,1,95,,246430,14,0,5 63 9,1,120,,246433,22,0,16 63 9,1,95,,246435,22,0,16 63 9,1,83,,246438,22,,,1,91,,246439,22,,,1,100,,246440,22,,,1
2101,'20261023',644,,246441,22,,,1,115,,246442,22,,,1,156,,246443,22,,,1,95,,246444,22,,,1,100,,246445,22,,,1,105,,246446,22,0,16 63 9,1,101,,246449,22,0,16 63 9,1,109,,246454,22,0,16 63 9,1,92,,246458,14,0,5 63 9,1,519,,246464,14,0,5 63 9,1,94,,246469,14,0,5 63 9,1,95,,246474,14,0,5 63 9,1,120,,246477,22,0,16 63 9,1,95,,246479,22,0,16 63 9,1,83,,246482,22,,,1,91,,246483,22,,,1,100,,246484,22,,,1
2101,'20261024',828,,246485,22,0,57 8 9,1,100,,246486,22,0,57 8 9,1,94,,246487,22,0,57 8 9,1,110,,246488,22,0,57 8 9,1,88,,246490,22,0,34 10 9,1,110,,246492,22,0,34 10 9,1,104,,246494,22,0,34 10 9,1,95,,246496,22,0,34 10 9,1,105,,246498,22,0,34 10 9,1,105,,246501,22,0,34 10 9,1,100,,246504,22,0,34 10 9,1,91,,246508,22,0,34 10 9,1,95,,246512,22,0,34 10 9,1,100,,246516,22,0,34 10 9,1,95,,246519,22,0,34 10 9,1,95,,246522,22,0,34 10 9,1,100,,246525,22,0,34 10 9,1,104,,246528,22,0,57 8 9,1,98,,246529,22,0,57 8 9,1,100,,246530,22,0,57 8 9,1
2101,'20261025',828,,246531,22,0,57 8 9,1,100,,246532,22,0,57 8 9,1,94,,246533,22,0,57 8 9,1,110,,246534,22,0,57 8 9,1,88,,246535,22,0,34 10 9,1,110,,246537,22,0,34 10 9,1,104,,246539,22,0,34 10 9,1,95,,246541,22,0,34 10 9,1,105,,246543,22,0,34 10 9,1,105,,246546,22,0,34 10 9,1,100,,246549,22,0,34 10 9,1,91,,246553,22,0,34 10 9,1,95,,246557,22,0,34 10 9,1,100,,246561,22,0,34 10 9,1,95,,246564,22,0,34 10 9,1,95,,246567,22,0,34 10 9,1,100,,246570,22,0,34 10 9,1,104,,246572,22,0,57 8 9,1,98,,246573,22,0,57 8 9,1,100,,246574,22,0,57 8 9,1
2101,'20261026',644,,246575,22,,,1,115,,246576,22,,,1,156,,246577,22,,,1,95,,246578,22,,,1,100,,246579,22,,,1,105,,246580,22,0,16 63 9,1,101,,246583,22,0,16 63 9,1,109,,246588,22,0,16 63 9,1,92,,246592,14,0,5 63 9,1,519,,246598,14,0,5 63 9,1,94,,246603,14,0,5 63 9,1,95,,246608,14,0,5 63 9,1,120,,246611,22,0,16 63 9,1,95,,246613,22,0,16 63 9,1,83,,246616,22,,,1,91,,246617,22,,,1,100,,246618,22,,,1
2101,'20261027',644,,246619,22,,,1,115,,246620,22,,,1,156,,246621,22,,,1,95,,246622,22,,,1,100,,246623,22,,,1,105,,246624,22,0,16 63 9,1,101,,246627,22,0,16 63 9,1,109,,246632,22,0,16 63 9,1,92,,246636,14,0,5 63 9,1,519,,246642,14,0,5 63 9,1,94,,246647,14,0,5 63 9,1,95,,246652,14,0,5 63 9,1,120,,246655,22,0,16 63 9,1,95,,246657,22,0,16 63 9,1,83,,246660,22,,,1,91,,246661,22,,,1,100,,246662,22,,,1
2101,'20261028',644,,246663,22,,,1,115,,246664,22,,,1,156,,246665,22,,,1,95,,246666,22,,,1,100,,246667,22,,,1,105,,246668,22,0,16 63 9,1,101,,246671,22,0,16 63 9,1,109,,246676,22,0,16 63 9,1,92,,246680,14,0,5 63 9,1,519,,246686,14,0,5 63 9,1,94,,246691,14,0,5 63 9,1,95,,246696,14,0,5 63 9,1,120,,246699,22,0,16 63 9,1,95,,246701,22,0,16 63 9,1,83,,246704,22,,,1,91,,246705,22,,,1,100,,246706,22,,,1
2101,'20261029',644,,246707,22,,,1,115,,246708,22,,,1,156,,246709,22,,,1,95,,246710,22,,,1,100,,246711,22,,,1,105,,246712,22,0,16 63 9,1,101,,246715,22,0,16 63 9,1,109,,246720,22,0,16 63 9,1,92,,246724,14,0,5 63 9,1,519,,246730,14,0,5 63 9,1,94,,246735,14,0,5 63 9,1,95,,246740,14,0,5 63 9,1,120,,246743,22,0,16 63 9,1,95,,246745,22,0,16 63 9,1,83,,246748,22,,,1,91,,246749,22,,,1,100,,246750,22,,,1
2101,'20261030',644,,246751,22,,,1,115,,246752,22,,,1,156,,246753,22,,,1,95,,246754,22,,,1,100,,246755,22,,,1,105,,246756,22,0,16 63 9,1,101,,246759,22,0,16 63 9,1,109,,246764,22,0,16 63 9,1,92,,246768,14,0,5 63 9,1,519,,246774,14,0,5 63 9,1,94,,246779,14,0,5 63 9,1,95,,246784,14,0,5 63 9,1,120,,246787,22,0,16 63 9,1,95,,246789,22,0,16 63 9,1,83,,246792,22,,,1,91,,246793,22,,,1,100,,246794,22,,,1
2101,'20261031',828,,246795,22,0,57 8 9,1,100,,246796,22,0,57 8 9,1,94,,246797,22,0,57 8 9,1,110,,246798,22,0,57 8 9,1,88,,246800,22,0,34 10 9,1,110,,246802,22,0,34 10 9,1,104,,246804,22,0,34 10 9,1,95,,246806,22,0,34 10 9,1,105,,246808,22,0,34 10 9,1,105,,246811,22,0,34 10 9,1,100,,246814,22,0,34 10 9,1,91,,246818,22,0,34 10 9,1,95,,246822,22,0,34 10 9,1,100,,246826,22,0,34 10 9,1,95,,246829,22,0,34 10 9,1,95,,246832,22,0,34 10 9,1,100,,246835,22,0,34 10 9,1,104,,246838,22,0,57 8 9,1,98,,246839,22,0,57 8 9,1,100,,246840,22,0,57 8 9,1
2101,'20261101',828,,246841,22,0,57 8 9,1,100,,246842,22,0,57 8 9,1,94,,246843,22,0,57 8 9,1,110,,246844,22,0,57 8 9,1,88,,246845,22,0,34 10 9,1,110,,246847,22,0,34 10 9,1,104,,246849,22,0,34 10 9,1,95,,246851,22,0,34 10 9,1,105,,246853,22,0,34 10 9,1,105,,246856,22,0,34 10 9,1,100,,246859,22,0,34 10 9,1,91,,246863,22,0,34 10 9,1,95,,246867,22,0,34 10 9,1,100,,246871,22,0,34 10 9,1,95,,246874,22,0,34 10 9,1,95,,246877,22,0,34 10 9,1,100,,246880,22,0,34 10 9,1,104,,246882,22,0,57 8 9,1,98,,246883,22,0,57 8 9,1,100,,246884,22,0,57 8 9,1
2101,'20261102',644,,246885,22,,,1,115,,246886,22,,,1,156,,246887,22,,,1,95,,246888,22,,,1,100,,246889,22,,,1,105,,246890,22,0,16 63 9,1,101,,246893,22,0,16 63 9,1,109,,246898,22,0,16 63 9,1,92,,246902,14,0,5 63 9,1,519,,246908,14,0,5 63 9,1,94,,246913,14,0,5 63 9,1,95,,246918,14,0,5 63 9,1,120,,246921,22,0,16 63 9,1,95,,246923,22,0,16 63 9,1,83,,246926,22,,,1,91,,246927,22,,,1,100,,246928,22,,,1
2101,'20261103',644,,246929,22,,,1,115,,246930,22,,,1,156,,246931,22,,,1,95,,246932,22,,,1,100,,246933,22,,,1,105,,246934,22,0,16 63 9,1,101,,246937,22,0,16 63 9,1,109,,246942,22,0,16 63 9,1,92,,246946,14,0,5 63 9,1,519,,246952,14,0,5 63 9,1,94,,246957,14,0,5 63 9,1,95,,246962,14,0,5 63 9,1,120,,246965,22,0,16 63 9,1,95,,246967,22,0,16 63 9,1,83,,246970,22,,,1,91,,246971,22,,,1,100,,246972,22,,,1
2101,'20261104',644,,246973,22,,,1,115,,246974,22,,,1,156,,246975,22,,,1,95,,246976,22,,,1,100,,246977,22,,,1,105,,246978,22,0,16 63 9,1,101,,246981,22,0,16 63 9,1,109,,246986,22,0,16 63 9,1,92,,246990,14,0,5 63 9,1,519,,246996,14,0,5 63 9,1,94,,247001,14,0,5 63 9,1,95,,247006,14,0,5 63 9,1,120,,247009,22,0,16 63 9,1,95,,247011,22,0,16 63 9,1,83,,247014,22,,,1,91,,247015,22,,,1,100,,247016,22,,,1
2101,'20261105',644,,247017,22,,,1,115,,247018,22,,,1,156,,247019,22,,,1,95,,247020,22,,,1,100,,247021,22,,,1,105,,247022,22,0,16 63 9,1,101,,247025,22,0,16 63 9,1,109,,247030,22,0,16 63 9,1,92,,247034,14,0,5 63 9,1,519,,247040,14,0,5 63 9,1,94,,247045,14,0,5 63 9,1,95,,247050,14,0,5 63 9,1,120,,247053,22,0,16 63 9,1,95,,247055,22,0,16 63 9,1,83,,247058,22,,,1,91,,247059,22,,,1,100,,247060,22,,,1
2101,'20261106',644,,247061,22,,,1,115,,247062,22,,,1,156,,247063,22,,,1,95,,247064,22,,,1,100,,247065,22,,,1,105,,247066,22,0,16 63 9,1,101,,247069,22,0,16 63 9,1,109,,247074,22,0,16 63 9,1,92,,247078,14,0,5 63 9,1,519,,247084,14,0,5 63 9,1,94,,247089,14,0,5 63 9,1,95,,247094,14,0,5 63 9,1,120,,247097,22,0,16 63 9,1,95,,247099,22,0,16 63 9,1,83,,247102,22,,,1,91,,247103,22,,,1,100,,247104,22,,,1
2101,'20261107',828,,247105,22,0,57 8 9,1,100,,247106,22,0,57 8 9,1,94,,247107,22,0,57 8 9,1,110,,247108,22,0,57 8 9,1,88,,247110,22,0,34 10 9,1,110,,247112,22,0,34 10 9,1,104,,247114,22,0,34 10 9,1,95,,247116,22,0,34 10 9,1,105,,247118,22,0,34 10 9,1,105,,247121,22,0,34 10 9,1,100,,247124,22,0,34 10 9,1,91,,247128,22,0,34 10 9,1,95,,247132,22,0,34 10 9,1,100,,247136,22,0,34 10 9,1,95,,247139,22,0,34 10 9,1,95,,247142,22,0,34 10 9,1,100,,247145,22,0,34 10 9,1,104,,247148,22,0,57 8 9,1,98,,247149,22,0,57 8 9,1,100,,247150,22,0,57 8 9,1
2101,'20261108',828,,247151,22,0,57 8 9,1,100,,247152,22,0,57 8 9,1,94,,247153,22,0,57 8 9,1,110,,247154,22,0,57 8 9,1,88,,247155,22,0,34 10 9,1,110,,247157,22,0,34 10 9,1,104,,247159,22,0,34 10 9,1,95,,247161,22,0,34 10 9,1,105,,247163,22,0,34 10 9,1,105,,247166,22,0,34 10 9,1,100,,247169,22,0,34 10 9,1,91,,247173,22,0,34 10 9,1,95,,247177,22,0,34 10 9,1,100,,247181,22,0,34 10 9,1,95,,247184,22,0,34 10 9,1,95,,247187,22,0,34 10 9,1,100,,247190,22,0,34 10 9,1,104,,247192,22,0,57 8 9,1,98,,247193,22,0,57 8 9,1,100,,247194,22,0,57 8 9,1
2101,'20261109',644,,247195,22,,,1,115,,247196,22,,,1,156,,247197,22,,,1,95,,247198,22,,,1,100,,247199,22,,,1,105,,247200,22,0,16 63 9,1,101,,247203,22,0,16 63 9,1,109,,247208,22,0,16 63 9,1,92,,247212,14,0,5 63 9,1,519,,247218,14,0,5 63 9,1,94,,247223,14,0,5 63 9,1,95,,247228,14,0,5 63 9,1,120,,247231,22,0,16 63 9,1,95,,247233,22,0,16 63 9,1,83,,247236,22,,,1,91,,247237,22,,,1,100,,247238,22,,,1
2101,'20261110',644,,247239,22,,,1,115,,247240,22,,,1,156,,247241,22,,,1,95,,247242,22,,,1,100,,247243,22,,,1,105,,247244,22,0,16 63 9,1,101,,247247,22,0,16 63 9,1,109,,247252,22,0,16 63 9,1,92,,247256,14,0,5 63 9,1,519,,247262,14,0,5 63 9,1,94,,247267,14,0,5 63 9,1,95,,247272,14,0,5 63 9,1,120,,247275,22,0,16 63 9,1,95,,247277,22,0,16 63 9,1,83,,247280,22,,,1,91,,247281,22,,,1,100,,247282,22,,,1
2101,'20261111',644,,247283,22,,,1,115,,247284,22,,,1,156,,247285,22,,,1,95,,247286,22,,,1,100,,247287,22,,,1,105,,247288,22,0,16 63 9,1,101,,247291,22,0,16 63 9,1,109,,247296,22,0,16 63 9,1,92,,247300,14,0,5 63 9,1,519,,247306,14,0,5 63 9,1,94,,247311,14,0,5 63 9,1,95,,247316,14,0,5 63 9,1,120,,247319,22,0,16 63 9,1,95,,247321,22,0,16 63 9,1,83,,247324,22,,,1,91,,247325,22,,,1,100,,247326,22,,,1
2101,'20261112',644,,247327,22,,,1,115,,247328,22,,,1,156,,247329,22,,,1,95,,247330,22,,,1,100,,247331,22,,,1,105,,247332,22,0,16 63 9,1,101,,247335,22,0,16 63 9,1,109,,247340,22,0,16 63 9,1,92,,247344,14,0,5 63 9,1,519,,247350,14,0,5 63 9,1,94,,247355,14,0,5 63 9,1,95,,247360,14,0,5 63 9,1,120,,247363,22,0,16 63 9,1,95,,247365,22,0,16 63 9,1,83,,247368,22,,,1,91,,247369,22,,,1,100,,247370,22,,,1
2101,'20261113',644,,247371,22,,,1,115,,247372,22,,,1,156,,247373,22,,,1,95,,247374,22,,,1,100,,247375,22,,,1,105,,247376,22,0,16 63 9,1,101,,247379,22,0,16 63 9,1,109,,247384,22,0,16 63 9,1,92,,247388,14,0,5 63 9,1,519,,247394,14,0,5 63 9,1,94,,247399,14,0,5 63 9,1,95,,247404,14,0,5 63 9,1,120,,247407,22,0,16 63 9,1,95,,247409,22,0,16 63 9,1,83,,247412,22,,,1,91,,247413,22,,,1,100,,247414,22,,,1
2101,'20261114',828,,247415,22,0,57 8 9,1,100,,247416,22,0,57 8 9,1,94,,247417,22,0,57 8 9,1,110,,247418,22,0,57 8 9,1,88,,247420,22,0,34 10 9,1,110,,247422,22,0,34 10 9,1,104,,247424,22,0,34 10 9,1,95,,247426,22,0,34 10 9,1,105,,247428,22,0,34 10 9,1,105,,247431,22,0,34 10 9,1,100,,247434,22,0,34 10 9,1,91,,247438,22,0,34 10 9,1,95,,247442,22,0,34 10 9,1,100,,247446,22,0,34 10 9,1,95,,247449,22,0,34 10 9,1,95,,247452,22,0,34 10 9,1,100,,247455,22,0,34 10 9,1,104,,247458,22,0,57 8 9,1,98,,247459,22,0,57 8 9,1,100,,247460,22,0,57 8 9,1
2101,'20261115',828,,247461,22,0,57 8 9,1,100,,247462,22,0,57 8 9,1,94,,247463,22,0,57 8 9,1,110,,247464,22,0,57 8 9,1,88,,247465,22,0,34 10 9,1,110,,247467,22,0,34 10 9,1,104,,247469,22,0,34 10 9,1,95,,247471,22,0,34 10 9,1,105,,247473,22,0,34 10 9,1,105,,247476,22,0,34 10 9,1,100,,247479,22,0,34 10 9,1,91,,247483,22,0,34 10 9,1,95,,247487,22,0,34 10 9,1,100,,247491,22,0,34 10 9,1,95,,247494,22,0,34 10 9,1,95,,247497,22,0,34 10 9,1,100,,247500,22,0,34 10 9,1,104,,247502,22,0,57 8 9,1,98,,247503,22,0,57 8 9,1,100,,247504,22,0,57 8 9,1
2101,'20261116',644,,247505,22,,,1,115,,247506,22,,,1,156,,247507,22,,,1,95,,247508,22,,,1,100,,247509,22,,,1,105,,247510,22,0,16 63 9,1,101,,247513,22,0,16 63 9,1,109,,247518,22,0,16 63 9,1,92,,247522,14,0,5 63 9,1,519,,247528,14,0,5 63 9,1,94,,247533,14,0,5 63 9,1,95,,247538,14,0,5 63 9,1,120,,247541,22,0,16 63 9,1,95,,247543,22,0,16 63 9,1,83,,247546,22,,,1,91,,247547,22,,,1,100,,247548,22,,,1
2101,'20261117',644,,247549,22,,,1,115,,247550,22,,,1,156,,247551,22,,,1,95,,247552,22,,,1,100,,247553,22,,,1,105,,247554,22,0,16 63 9,1,101,,247557,22,0,16 63 9,1,109,,247562,22,0,16 63 9,1,92,,247566,14,0,5 63 9,1,519,,247572,14,0,5 63 9,1,94,,247577,14,0,5 63 9,1,95,,247582,14,0,5 63 9,1,120,,247585,22,0,16 63 9,1,95,,247587,22,0,16 63 9,1,83,,247590,22,,,1,91,,247591,22,,,1,100,,247592,22,,,1
2101,'20261118',644,,247593,22,,,1,115,,247594,22,,,1,156,,247595,22,,,1,95,,247596,22,,,1,100,,247597,22,,,1,105,,247598,22,0,16 63 9,1,101,,247601,22,0,16 63 9,1,109,,247606,22,0,16 63 9,1,92,,247610,14,0,5 63 9,1,519,,247616,14,0,5 63 9,1,94,,247621,14,0,5 63 9,1,95,,247626,14,0,5 63 9,1,120,,247629,22,0,16 63 9,1,95,,247631,22,0,16 63 9,1,83,,247634,22,,,1,91,,247635,22,,,1,100,,247636,22,,,1
2101,'20261119',644,,247637,22,,,1,115,,247638,22,,,1,156,,247639,22,,,1,95,,247640,22,,,1,100,,247641,22,,,1,105,,247642,22,0,16 63 9,1,101,,247645,22,0,16 63 9,1,109,,247650,22,0,16 63 9,1,92,,247654,14,0,5 63 9,1,519,,247660,14,0,5 63 9,1,94,,247665,14,0,5 63 9,1,95,,247670,14,0,5 63 9,1,120,,247673,22,0,16 63 9,1,95,,247675,22,0,16 63 9,1,83,,247678,22,,,1,91,,247679,22,,,1,100,,247680,22,,,1
2101,'20261120',644,,247681,22,,,1,115,,247682,22,,,1,156,,247683,22,,,1,95,,247684,22,,,1,100,,247685,22,,,1,105,,247686,22,0,16 63 9,1,101,,247689,22,0,16 63 9,1,109,,247694,22,0,16 63 9,1,92,,247698,14,0,5 63 9,1,519,,247704,14,0,5 63 9,1,94,,247709,14,0,5 63 9,1,95,,247714,14,0,5 63 9,1,120,,247717,22,0,16 63 9,1,95,,247719,22,0,16 63 9,1,83,,247722,22,,,1,91,,247723,22,,,1,100,,247724,22,,,1
2101,'20261121',828,,247725,22,0,57 8 9,1,100,,247726,22,0,57 8 9,1,94,,247727,22,0,57 8 9,1,110,,247728,22,0,57 8 9,1,88,,247730,22,0,34 10 9,1,110,,247732,22,0,34 10 9,1,104,,247734,22,0,34 10 9,1,95,,247736,22,0,34 10 9,1,105,,247738,22,0,34 10 9,1,105,,247741,22,0,34 10 9,1,100,,247744,22,0,34 10 9,1,91,,247748,22,0,34 10 9,1,95,,247752,22,0,34 10 9,1,100,,247756,22,0,34 10 9,1,95,,247759,22,0,34 10 9,1,95,,247762,22,0,34 10 9,1,100,,247765,22,0,34 10 9,1,104,,247768,22,0,57 8 9,1,98,,247769,22,0,57 8 9,1,100,,247770,22,0,57 8 9,1
2101,'20261122',828,,247771,22,0,57 8 9,1,100,,247772,22,0,57 8 9,1,94,,247773,22,0,57 8 9,1,110,,247774,22,0,57 8 9,1,88,,247775,22,0,34 10 9,1,110,,247777,22,0,34 10 9,1,104,,247779,22,0,34 10 9,1,95,,247781,22,0,34 10 9,1,105,,247783,22,0,34 10 9,1,105,,247786,22,0,34 10 9,1,100,,247789,22,0,34 10 9,1,91,,247793,22,0,34 10 9,1,95,,247797,22,0,34 10 9,1,100,,247801,22,0,34 10 9,1,95,,247804,22,0,34 10 9,1,95,,247807,22,0,34 10 9,1,100,,247810,22,0,34 10 9,1,104,,247812,22,0,57 8 9,1,98,,247813,22,0,57 8 9,1,100,,247814,22,0,57 8 9,1
2101,'20261123',644,,247815,22,,,1,115,,247816,22,,,1,156,,247817,22,,,1,95,,247818,22,,,1,100,,247819,22,,,1,105,,247820,22,0,16 63 9,1,101,,247823,22,0,16 63 9,1,109,,247828,22,0,16 63 9,1,92,,247832,14,0,5 63 9,1,519,,247838,14,0,5 63 9,1,94,,247843,14,0,5 63 9,1,95,,247848,14,0,5 63 9,1,120,,247851,22,0,16 63 9,1,95,,247853,22,0,16 63 9,1,83,,247856,22,,,1,91,,247857,22,,,1,100,,247858,22,,,1
2101,'20261124',644,,247859,22,,,1,115,,247860,22,,,1,156,,247861,22,,,1,95,,247862,22,,,1,100,,247863,22,,,1,105,,247864,22,0,16 63 9,1,101,,247867,22,0,16 63 9,1,109,,247872,22,0,16 63 9,1,92,,247876,14,0,5 63 9,1,519,,247882,14,0,5 63 9,1,94,,247887,14,0,5 63 9,1,95,,247892,14,0,5 63 9,1,120,,247895,22,0,16 63 9,1,95,,247897,22,0,16 63 9,1,83,,247900,22,,,1,91,,247901,22,,,1,100,,247902,22,,,1
2101,'20261125',644,,247903,22,,,1,115,,247904,22,,,1,156,,247905,22,,,1,95,,247906,22,,,1,100,,247907,22,,,1,105,,247908,22,0,16 63 9,1,101,,247911,22,0,16 63 9,1,109,,247916,22,0,16 63 9,1,92,,247920,14,0,5 63 9,1,519,,247926,14,0,5 63 9,1,94,,247931,14,0,5 63 9,1,95,,247936,14,0,5 63 9,1,120,,247939,22,0,16 63 9,1,95,,247941,22,0,16 63 9,1,83,,247944,22,,,1,91,,247945,22,,,1,100,,247946,22,,,1
2101,'20261126',644,,247947,22,,,1,115,,247948,22,,,1,156,,247949,22,,,1,95,,247950,22,,,1,100,,247951,22,,,1,105,,247952,22,0,16 63 9,1,101,,247955,22,0,16 63 9,1,109,,247960,22,0,16 63 9,1,92,,247964,14,0,5 63 9,1,519,,247970,14,0,5 63 9,1,94,,247975,14,0,5 63 9,1,95,,247980,14,0,5 63 9,1,120,,247983,22,0,16 63 9,1,95,,247985,22,0,16 63 9,1,83,,247988,22,,,1,91,,247989,22,,,1,100,,247990,22,,,1
2101,'20261127',644,,247991,22,,,1,115,,247992,22,,,1,156,,247993,22,,,1,95,,247994,22,,,1,100,,247995,22,,,1,105,,247996,22,0,16 63 9,1,101,,247999,22,0,16 63 9,1,109,,248004,22,0,16 63 9,1,92,,248008,14,0,5 63 9,1,519,,248014,14,0,5 63 9,1,94,,248019,14,0,5 63 9,1,95,,248024,14,0,5 63 9,1,120,,248027,22,0,16 63 9,1,95,,248029,22,0,16 63 9,1,83,,248032,22,,,1,91,,248033,22,,,1,100,,248034,22,,,1
