3101,'20260917',611,,267670,2,0,37 43 44 47,1,20,,267671,2,0,37 43 44 47,1,21,,267672,12,0,43 44 47,1,59,,267673,2,0,37 43 44 47,1,35,,267674,10,0,5 43 44 47,1,100,,267675,10,0,5 43 44 47,1,1661,,267677,10,0,77 14 15 9,1,20,,267679,10,0,7 43 44 47,1,99,,267680,12,0,16 17 9,1,96,,267681,12,0,16 17 9,1
3101,'20260918',611,,267682,2,0,37 43 44 47,1,20,,267683,2,0,37 43 44 47,1,21,,267684,12,0,43 44 47,1,59,,267685,2,0,37 43 44 47,1,35,,267686,10,0,5 43 44 47,1,100,,267687,10,0,5 43 44 47,1,1565,,267689,10,0,77 14 15 9,1,96,,267694,10,0,77 14 15 9,1,20,,267696,10,0,7 43 44 47,1,99,,267697,12,0,16 17 9,1,96,,267698,12,0,16 17 9,1
3101,'20260919',832,,267699,10,0,7 43 44 47,1,96,,267701,4,0,71 101 9,1,10,,267702,4,0,71 101 9,1,800,,267703,4,0,71 101 9,1,590,,267704,4,0,71 101 9,1,209,,267706,10,0,77 14 15 9,1,20,,267707,12,0,16 17 9,1,70,,267708,12,0,78 14 15 9,1,25,,267709,12,0,16 17 9,1,70,,267710,12,0,16 17 9,1
3101,'20260920',832,,267711,10,0,7 43 44 47,1,96,,267713,4,0,71 101 9,1,10,,267714,4,0,71 101 9,1,800,,267715,4,0,71 101 9,1,590,,267716,4,0,71 101 9,1,209,,267718,10,0,77 14 15 9,1,90,,267719,12,0,78 14 15 9,1,95,,267720,12,0,16 17 9,1
3101,'20260921',611,,267721,2,0,37 43 44 47,1,20,,267722,2,0,37 43 44 47,1,21,,267723,12,0,43 44 47,1,59,,267724,2,0,37 43 44 47,1,35,,267725,10,0,5 43 44 47,1,100,,267726,10,0,5 43 44 47,1,1661,,267728,10,0,77 14 15 9,1,20,,267730,10,0,7 43 44 47,1,99,,267731,12,0,16 17 9,1,96,,267732,12,0,16 17 9,1
3101,'20260922',611,,267733,2,0,37 43 44 47,1,20,,267734,2,0,37 43 44 47,1,21,,267735,12,0,43 44 47,1,59,,267736,2,0,37 43 44 47,1,35,,267737,10,0,5 43 44 47,1,100,,267738,10,0,5 43 44 47,1,1661,,267740,10,0,77 14 15 9,1,20,,267742,10,0,7 43 44 47,1,99,,267743,12,0,16 17 9,1,96,,267744,12,0,16 17 9,1
3101,'20260923',611,,267745,2,0,37 43 44 47,1,20,,267746,2,0,37 43 44 47,1,21,,267747,12,0,43 44 47,1,59,,267748,2,0,37 43 44 47,1,35,,267749,10,0,5 43 44 47,1,100,,267750,10,0,5 43 44 47,1,1661,,267752,10,0,77 14 15 9,1,20,,267754,10,0,7 43 44 47,1,99,,267755,12,0,16 17 9,1,96,,267756,12,0,16 17 9,1
3101,'20260924',611,,267757,2,0,37 43 44 47,1,20,,267758,2,0,37 43 44 47,1,21,,267759,12,0,43 44 47,1,59,,267760,2,0,37 43 44 47,1,35,,267761,10,0,5 43 44 47,1,100,,267762,10,0,5 43 44 47,1,1661,,267764,10,0,77 14 15 9,1,20,,267766,10,0,7 43 44 47,1,99,,267767,12,0,16 17 9,1,96,,267768,12,0,16 17 9,1
3101,'20260925',611,,267769,2,0,37 43 44 47,1,20,,267770,2,0,37 43 44 47,1,21,,267771,12,0,43 44 47,1,59,,267772,2,0,37 43 44 47,1,35,,267773,10,0,5 43 44 47,1,100,,267774,10,0,5 43 44 47,1,1661,,267776,10,0,77 14 15 9,1,20,,267778,10,0,7 43 44 47,1,99,,267779,12,0,16 17 9,1,96,,267780,12,0,16 17 9,1
3101,'20260926',832,,267781,10,0,7 43 44 47,1,1705,,267784,10,0,77 14 15 9,1,20,,267785,12,0,16 17 9,1,70,,267786,12,0,78 14 15 9,1,25,,267787,12,0,16 17 9,1,70,,267788,12,0,16 17 9,1
3101,'20260927',832,,267789,10,0,7 43 44 47,1,1705,,267792,10,0,77 14 15 9,1,90,,267793,12,0,78 14 15 9,1,95,,267794,12,0,16 17 9,1
3101,'20260928',611,,267795,2,0,37 43 44 47,1,20,,267796,2,0,37 43 44 47,1,21,,267797,12,0,43 44 47,1,59,,267798,2,0,37 43 44 47,1,35,,267799,10,0,5 43 44 47,1,100,,267800,10,0,5 43 44 47,1,1661,,267802,10,0,77 14 15 9,1,20,,267804,10,0,7 43 44 47,1,99,,267805,12,0,16 17 9,1,96,,267806,12,0,16 17 9,1
3101,'20260929',611,,267807,2,0,37 43 44 47,1,20,,267808,2,0,37 43 44 47,1,21,,267809,12,0,43 44 47,1,59,,267810,2,0,37 43 44 47,1,35,,267811,10,0,5 43 44 47,1,100,,267812,10,0,5 43 44 47,1,1661,,267814,10,0,77 14 15 9,1,20,,267816,10,0,7 43 44 47,1,99,,267817,12,0,16 17 9,1,96,,267818,12,0,16 17 9,1
3101,'20260930',611,,267819,2,0,37 43 44 47,1,20,,267820,2,0,37 43 44 47,1,21,,267821,12,0,43 44 47,1,59,,267822,2,0,37 43 44 47,1,35,,267823,10,0,5 43 44 47,1,100,,267824,10,0,5 43 44 47,1,1661,,267826,10,0,77 14 15 9,1,20,,267828,10,0,7 43 44 47,1,99,,267829,12,0,16 17 9,1,96,,267830,12,0,16 17 9,1
3101,'20261001',611,,267831,2,0,37 43 44 47,1,20,,267832,2,0,37 43 44 47,1,21,,267833,12,0,43 44 47,1,59,,267834,2,0,37 43 44 47,1,35,,267835,10,0,5 43 44 47,1,100,,267836,10,0,5 43 44 47,1,1661,,267838,10,0,77 14 15 9,1,20,,267840,10,0,7 43 44 47,1,99,,267841,12,0,16 17 9,1,96,,267842,12,0,16 17 9,1
3101,'20261002',611,,267843,2,0,37 43 44 47,1,20,,267844,2,0,37 43 44 47,1,21,,267845,12,0,43 44 47,1,59,,267846,2,0,37 43 44 47,1,35,,267847,10,0,5 43 44 47,1,100,,267848,10,0,5 43 44 47,1,1565,,332719,10,0,77 14 15 9,1,96,,267850,10,0,77 14 15 9,1,20,,267852,10,0,7 43 44 47,1,99,,267853,12,0,16 17 9,1,96,,267854,12,0,16 17 9,1
3101,'20261003',832,,267855,10,0,7 43 44 47,1,101,,332723,4,0,71 101 9,1,10,,332724,4,0,71 101 9,1,800,,332725,4,0,71 101 9,1,590,,332726,4,0,71 101 9,1,204,,267858,10,0,77 14 15 9,1,20,,267859,12,0,16 17 9,1,70,,267860,12,0,78 14 15 9,1,25,,267861,12,0,16 17 9,1,70,,267862,12,0,16 17 9,1
3101,'20261004',832,,267863,10,0,7 43 44 47,1,101,,332727,4,0,71 101 9,1,10,,332728,4,0,71 101 9,1,800,,332729,4,0,71 101 9,1,590,,332730,4,0,71 101 9,1,204,,267866,10,0,77 14 15 9,1,90,,267867,12,0,78 14 15 9,1,95,,267868,12,0,16 17 9,1
3101,'20261005',611,,267869,2,0,37 43 44 47,1,20,,267870,2,0,37 43 44 47,1,21,,267871,12,0,43 44 47,1,59,,267872,2,0,37 43 44 47,1,35,,267873,10,0,5 43 44 47,1,100,,267874,10,0,5 43 44 47,1,1661,,267876,10,0,77 14 15 9,1,20,,267878,10,0,7 43 44 47,1,99,,267879,12,0,16 17 9,1,96,,267880,12,0,16 17 9,1
3101,'20261006',611,,267881,2,0,37 43 44 47,1,20,,267882,2,0,37 43 44 47,1,21,,267883,12,0,43 44 47,1,59,,267884,2,0,37 43 44 47,1,35,,267885,10,0,5 43 44 47,1,100,,267886,10,0,5 43 44 47,1,1661,,267888,10,0,77 14 15 9,1,20,,267890,10,0,7 43 44 47,1,99,,267891,12,0,16 17 9,1,96,,267892,12,0,16 17 9,1
3101,'20261007',611,,267893,2,0,37 43 44 47,1,20,,267894,2,0,37 43 44 47,1,21,,267895,12,0,43 44 47,1,59,,267896,2,0,37 43 44 47,1,35,,267897,10,0,5 43 44 47,1,100,,267898,10,0,5 43 44 47,1,1661,,267900,10,0,77 14 15 9,1,20,,267902,10,0,7 43 44 47,1,99,,267903,12,0,16 17 9,1,96,,267904,12,0,16 17 9,1
3101,'20261008',611,,267905,2,0,37 43 44 47,1,20,,267906,2,0,37 43 44 47,1,21,,267907,12,0,43 44 47,1,59,,267908,2,0,37 43 44 47,1,35,,267909,10,0,5 43 44 47,1,100,,267910,10,0,5 43 44 47,1,1661,,267912,10,0,77 14 15 9,1,20,,267914,10,0,7 43 44 47,1,99,,267915,12,0,16 17 9,1,96,,267916,12,0,16 17 9,1
3101,'20261009',611,,267917,2,0,37 43 44 47,1,20,,267918,2,0,37 43 44 47,1,21,,267919,12,0,43 44 47,1,59,,267920,2,0,37 43 44 47,1,35,,267921,10,0,5 43 44 47,1,100,,267922,10,0,5 43 44 47,1,1661,,267924,10,0,77 14 15 9,1,20,,267926,10,0,7 43 44 47,1,99,,267927,12,0,16 17 9,1,96,,267928,12,0,16 17 9,1
3101,'20261010',832,,267929,10,0,7 43 44 47,1,1705,,267932,10,0,77 14 15 9,1,20,,267933,12,0,16 17 9,1,70,,267934,12,0,78 14 15 9,1,25,,267935,12,0,16 17 9,1,70,,267936,12,0,16 17 9,1
3101,'20261011',832,,267937,10,0,7 43 44 47,1,1705,,267940,10,0,77 14 15 9,1,90,,267941,12,0,78 14 15 9,1,95,,267942,12,0,16 17 9,1
3101,'20261012',832,,267943,10,0,7 43 44 47,1,1705,,267946,10,0,77 14 15 9,1,20,,267947,12,0,16 17 9,1,70,,267948,12,0,78 14 15 9,1,25,,267949,12,0,16 17 9,1,70,,267950,12,0,16 17 9,1
3101,'20261013',611,,267951,2,0,37 43 44 47,1,20,,267952,2,0,37 43 44 47,1,21,,267953,12,0,43 44 47,1,59,,267954,2,0,37 43 44 47,1,35,,267955,10,0,5 43 44 47,1,100,,267956,10,0,5 43 44 47,1,1661,,267958,10,0,77 14 15 9,1,20,,267960,10,0,7 43 44 47,1,99,,267961,12,0,16 17 9,1,96,,267962,12,0,16 17 9,1
3101,'20261014',611,,267963,2,0,37 43 44 47,1,20,,267964,2,0,37 43 44 47,1,21,,267965,12,0,43 44 47,1,59,,267966,2,0,37 43 44 47,1,35,,267967,10,0,5 43 44 47,1,100,,267968,10,0,5 43 44 47,1,1661,,267970,10,0,77 14 15 9,1,20,,267972,10,0,7 43 44 47,1,99,,267973,12,0,16 17 9,1,96,,267974,12,0,16 17 9,1
3101,'20261015',611,,267975,2,0,37 43 44 47,1,20,,267976,2,0,37 43 44 47,1,21,,267977,12,0,43 44 47,1,59,,267978,2,0,37 43 44 47,1,35,,267979,10,0,5 43 44 47,1,100,,267980,10,0,5 43 44 47,1,1661,,267982,10,0,77 14 15 9,1,20,,267984,10,0,7 43 44 47,1,99,,267985,12,0,16 17 9,1,96,,267986,12,0,16 17 9,1
3101,'20261016',611,,267987,2,0,37 43 44 47,1,20,,267988,2,0,37 43 44 47,1,21,,267989,12,0,43 44 47,1,59,,267990,2,0,37 43 44 47,1,35,,267991,10,0,5 43 44 47,1,100,,267992,10,0,5 43 44 47,1,1661,,267994,10,0,77 14 15 9,1,20,,267996,10,0,7 43 44 47,1,99,,267997,12,0,16 17 9,1,96,,267998,12,0,16 17 9,1
3101,'20261017',832,,267999,10,0,7 43 44 47,1,1705,,268002,10,0,77 14 15 9,1,20,,268003,12,0,16 17 9,1,70,,268004,12,0,78 14 15 9,1,25,,268005,12,0,16 17 9,1,70,,268006,12,0,16 17 9,1
3101,'20261018',832,,268007,10,0,7 43 44 47,1,1705,,268010,10,0,77 14 15 9,1,90,,268011,12,0,78 14 15 9,1,95,,268012,12,0,16 17 9,1
3101,'20261019',611,,268013,2,0,37 43 44 47,1,20,,268014,2,0,37 43 44 47,1,21,,268015,12,0,43 44 47,1,59,,268016,2,0,37 43 44 47,1,35,,268017,10,0,5 43 44 47,1,100,,268018,10,0,5 43 44 47,1,1661,,268020,10,0,77 14 15 9,1,20,,268022,10,0,7 43 44 47,1,99,,268023,12,0,16 17 9,1,96,,268024,12,0,16 17 9,1
3101,'20261020',611,,268025,2,0,37 43 44 47,1,20,,268026,2,0,37 43 44 47,1,21,,268027,12,0,43 44 47,1,59,,268028,2,0,37 43 44 47,1,35,,268029,10,0,5 43 44 47,1,100,,268030,10,0,5 43 44 47,1,1661,,268032,10,0,77 14 15 9,1,20,,268034,10,0,7 43 44 47,1,99,,268035,12,0,16 17 9,1,96,,268036,12,0,16 17 9,1
3101,'20261021',611,,268037,2,0,37 43 44 47,1,20,,268038,2,0,37 43 44 47,1,21,,268039,12,0,43 44 47,1,59,,268040,2,0,37 43 44 47,1,35,,268041,10,0,5 43 44 47,1,100,,268042,10,0,5 43 44 47,1,1661,,268044,10,0,77 14 15 9,1,20,,268046,10,0,7 43 44 47,1,99,,268047,12,0,16 17 9,1,96,,268048,12,0,16 17 9,1
3101,'20261022',611,,268049,2,0,37 43 44 47,1,20,,268050,2,0,37 43 44 47,1,21,,268051,12,0,43 44 47,1,59,,268052,2,0,37 43 44 47,1,35,,268053,10,0,5 43 44 47,1,100,,268054,10,0,5 43 44 47,1,1661,,268056,10,0,77 14 15 9,1,20,,268058,10,0,7 43 44 47,1,99,,268059,12,0,16 17 9,1,96,,268060,12,0,16 17 9,1
3101,'20261023',611,,268061,2,0,37 43 44 47,1,20,,268062,2,0,37 43 44 47,1,21,,268063,12,0,43 44 47,1,59,,268064,2,0,37 43 44 47,1,35,,268065,10,0,5 43 44 47,1,100,,268066,10,0,5 43 44 47,1,1661,,268068,10,0,77 14 15 9,1,20,,268070,10,0,7 43 44 47,1,99,,268071,12,0,16 17 9,1,96,,268072,12,0,16 17 9,1
3101,'20261024',832,,268073,10,0,7 43 44 47,1,1705,,268076,10,0,77 14 15 9,1,20,,268077,12,0,16 17 9,1,70,,268078,12,0,78 14 15 9,1,25,,268079,12,0,16 17 9,1,70,,268080,12,0,16 17 9,1
3101,'20261025',832,,268081,10,0,7 43 44 47,1,1705,,268084,10,0,77 14 15 9,1,90,,268085,12,0,78 14 15 9,1,95,,268086,12,0,16 17 9,1
3101,'20261026',611,,268087,2,0,37 43 44 47,1,20,,268088,2,0,37 43 44 47,1,21,,268089,12,0,43 44 47,1,59,,268090,2,0,37 43 44 47,1,35,,268091,10,0,5 43 44 47,1,100,,268092,10,0,5 43 44 47,1,1661,,268094,10,0,77 14 15 9,1,20,,268096,10,0,7 43 44 47,1,99,,268097,12,0,16 17 9,1,96,,268098,12,0,16 17 9,1
3101,'20261027',611,,268099,2,0,37 43 44 47,1,20,,268100,2,0,37 43 44 47,1,21,,268101,12,0,43 44 47,1,59,,268102,2,0,37 43 44 47,1,35,,268103,10,0,5 43 44 47,1,100,,268104,10,0,5 43 44 47,1,1661,,268106,10,0,77 14 15 9,1,20,,268108,10,0,7 43 44 47,1,99,,268109,12,0,16 17 9,1,96,,268110,12,0,16 17 9,1
3101,'20261028',611,,268111,2,0,37 43 44 47,1,20,,268112,2,0,37 43 44 47,1,21,,268113,12,0,43 44 47,1,59,,268114,2,0,37 43 44 47,1,35,,268115,10,0,5 43 44 47,1,100,,268116,10,0,5 43 44 47,1,1661,,268118,10,0,77 14 15 9,1,20,,268120,10,0,7 43 44 47,1,99,,268121,12,0,16 17 9,1,96,,268122,12,0,16 17 9,1
3101,'20261029',611,,268123,2,0,37 43 44 47,1,20,,268124,2,0,37 43 44 47,1,21,,268125,12,0,43 44 47,1,59,,268126,2,0,37 43 44 47,1,35,,268127,10,0,5 43 44 47,1,100,,268128,10,0,5 43 44 47,1,1661,,268130,10,0,77 14 15 9,1,20,,268132,10,0,7 43 44 47,1,99,,268133,12,0,16 17 9,1,96,,268134,12,0,16 17 9,1
3101,'20261030',611,,268135,2,0,37 43 44 47,1,20,,268136,2,0,37 43 44 47,1,21,,268137,12,0,43 44 47,1,59,,268138,2,0,37 43 44 47,1,35,,268139,10,0,5 43 44 47,1,100,,268140,10,0,5 43 44 47,1,1661,,268142,10,0,77 14 15 9,1,20,,268144,10,0,7 43 44 47,1,99,,268145,12,0,16 17 9,1,96,,268146,12,0,16 17 9,1
3101,'20261031',832,,268147,10,0,7 43 44 47,1,1705,,268150,10,0,77 14 15 9,1,20,,268151,12,0,16 17 9,1,70,,268152,12,0,78 14 15 9,1,25,,268153,12,0,16 17 9,1,70,,268154,12,0,16 17 9,1
3101,'20261101',832,,268155,10,0,7 43 44 47,1,1705,,268158,10,0,77 14 15 9,1,90,,268159,12,0,78 14 15 9,1,95,,268160,12,0,16 17 9,1
3101,'20261102',611,,268161,2,0,37 43 44 47,1,20,,268162,2,0,37 43 44 47,1,21,,268163,12,0,43 44 47,1,59,,268164,2,0,37 43 44 47,1,35,,268165,10,0,5 43 44 47,1,100,,268166,10,0,5 43 44 47,1,1661,,268168,10,0,77 14 15 9,1,20,,268170,10,0,7 43 44 47,1,99,,268171,12,0,16 17 9,1,96,,268172,12,0,16 17 9,1
3101,'20261103',611,,268173,2,0,37 43 44 47,1,20,,268174,2,0,37 43 44 47,1,21,,268175,12,0,43 44 47,1,59,,268176,2,0,37 43 44 47,1,35,,268177,10,0,5 43 44 47,1,100,,268178,10,0,5 43 44 47,1,1661,,268180,10,0,77 14 15 9,1,20,,268182,10,0,7 43 44 47,1,99,,268183,12,0,16 17 9,1,96,,268184,12,0,16 17 9,1
3101,'20261104',611,,268185,2,0,37 43 44 47,1,20,,268186,2,0,37 43 44 47,1,21,,268187,12,0,43 44 47,1,59,,268188,2,0,37 43 44 47,1,35,,268189,10,0,5 43 44 47,1,100,,268190,10,0,5 43 44 47,1,1661,,268192,10,0,77 14 15 9,1,20,,268194,10,0,7 43 44 47,1,99,,268195,12,0,16 17 9,1,96,,268196,12,0,16 17 9,1
3101,'20261105',611,,268197,2,0,37 43 44 47,1,20,,268198,2,0,37 43 44 47,1,21,,268199,12,0,43 44 47,1,59,,268200,2,0,37 43 44 47,1,35,,268201,10,0,5 43 44 47,1,100,,268202,10,0,5 43 44 47,1,1661,,268204,10,0,77 14 15 9,1,20,,268206,10,0,7 43 44 47,1,99,,268207,12,0,16 17 9,1,96,,268208,12,0,16 17 9,1
3101,'20261106',611,,268209,2,0,37 43 44 47,1,20,,268210,2,0,37 43 44 47,1,21,,268211,12,0,43 44 47,1,59,,268212,2,0,37 43 44 47,1,35,,268213,10,0,5 43 44 47,1,100,,268214,10,0,5 43 44 47,1,1661,,268216,10,0,77 14 15 9,1,20,,268218,10,0,7 43 44 47,1,99,,268219,12,0,16 17 9,1,96,,268220,12,0,16 17 9,1
3101,'20261107',832,,268221,10,0,7 43 44 47,1,1705,,268224,10,0,77 14 15 9,1,20,,268225,12,0,16 17 9,1,70,,268226,12,0,78 14 15 9,1,25,,268227,12,0,16 17 9,1,70,,268228,12,0,16 17 9,1
3101,'20261108',832,,268229,10,0,7 43 44 47,1,1705,,268232,10,0,77 14 15 9,1,90,,268233,12,0,78 14 15 9,1,95,,268234,12,0,16 17 9,1
3101,'20261109',611,,268235,2,0,37 43 44 47,1,20,,268236,2,0,37 43 44 47,1,21,,268237,12,0,43 44 47,1,59,,268238,2,0,37 43 44 47,1,35,,268239,10,0,5 43 44 47,1,100,,268240,10,0,5 43 44 47,1,1661,,268242,10,0,77 14 15 9,1,20,,268244,10,0,7 43 44 47,1,99,,268245,12,0,16 17 9,1,96,,268246,12,0,16 17 9,1
3101,'20261110',611,,268247,2,0,37 43 44 47,1,20,,268248,2,0,37 43 44 47,1,21,,268249,12,0,43 44 47,1,59,,268250,2,0,37 43 44 47,1,35,,268251,10,0,5 43 44 47,1,100,,268252,10,0,5 43 44 47,1,1661,,268254,10,0,77 14 15 9,1,20,,268256,10,0,7 43 44 47,1,99,,268257,12,0,16 17 9,1,96,,268258,12,0,16 17 9,1
3101,'20261111',611,,268259,2,0,37 43 44 47,1,20,,268260,2,0,37 43 44 47,1,21,,268261,12,0,43 44 47,1,59,,268262,2,0,37 43 44 47,1,35,,268263,10,0,5 43 44 47,1,100,,268264,10,0,5 43 44 47,1,1661,,268266,10,0,77 14 15 9,1,20,,268268,10,0,7 43 44 47,1,99,,268269,12,0,16 17 9,1,96,,268270,12,0,16 17 9,1
3101,'20261112',611,,268271,2,0,37 43 44 47,1,20,,268272,2,0,37 43 44 47,1,21,,268273,12,0,43 44 47,1,59,,268274,2,0,37 43 44 47,1,35,,268275,10,0,5 43 44 47,1,100,,268276,10,0,5 43 44 47,1,1661,,268278,10,0,77 14 15 9,1,20,,268280,10,0,7 43 44 47,1,99,,268281,12,0,16 17 9,1,96,,268282,12,0,16 17 9,1
3101,'20261113',611,,268283,2,0,37 43 44 47,1,20,,268284,2,0,37 43 44 47,1,21,,268285,12,0,43 44 47,1,59,,268286,2,0,37 43 44 47,1,35,,268287,10,0,5 43 44 47,1,100,,268288,10,0,5 43 44 47,1,1661,,268290,10,0,77 14 15 9,1,20,,268292,10,0,7 43 44 47,1,99,,268293,12,0,16 17 9,1,96,,268294,12,0,16 17 9,1
3101,'20261114',832,,268295,10,0,7 43 44 47,1,1705,,268298,10,0,77 14 15 9,1,20,,268299,12,0,16 17 9,1,70,,268300,12,0,78 14 15 9,1,25,,268301,12,0,16 17 9,1,70,,268302,12,0,16 17 9,1
3101,'20261115',832,,268303,10,0,7 43 44 47,1,1705,,268306,10,0,77 14 15 9,1,90,,268307,12,0,78 14 15 9,1,95,,268308,12,0,16 17 9,1
3101,'20261116',611,,268309,2,0,37 43 44 47,1,20,,268310,2,0,37 43 44 47,1,21,,268311,12,0,43 44 47,1,59,,268312,2,0,37 43 44 47,1,35,,268313,10,0,5 43 44 47,1,100,,268314,10,0,5 43 44 47,1,1661,,268316,10,0,77 14 15 9,1,20,,268318,10,0,7 43 44 47,1,99,,268319,12,0,16 17 9,1,96,,268320,12,0,16 17 9,1
3101,'20261117',611,,268321,2,0,37 43 44 47,1,20,,268322,2,0,37 43 44 47,1,21,,268323,12,0,43 44 47,1,59,,268324,2,0,37 43 44 47,1,35,,268325,10,0,5 43 44 47,1,100,,268326,10,0,5 43 44 47,1,1661,,268328,10,0,77 14 15 9,1,20,,268330,10,0,7 43 44 47,1,99,,268331,12,0,16 17 9,1,96,,268332,12,0,16 17 9,1
3101,'20261118',611,,268333,2,0,37 43 44 47,1,20,,268334,2,0,37 43 44 47,1,21,,268335,12,0,43 44 47,1,59,,268336,2,0,37 43 44 47,1,35,,268337,10,0,5 43 44 47,1,100,,268338,10,0,5 43 44 47,1,1661,,268340,10,0,77 14 15 9,1,20,,268342,10,0,7 43 44 47,1,99,,268343,12,0,16 17 9,1,96,,268344,12,0,16 17 9,1
3101,'20261119',611,,268345,2,0,37 43 44 47,1,20,,268346,2,0,37 43 44 47,1,21,,268347,12,0,43 44 47,1,59,,268348,2,0,37 43 44 47,1,35,,268349,10,0,5 43 44 47,1,100,,268350,10,0,5 43 44 47,1,1661,,268352,10,0,77 14 15 9,1,20,,268354,10,0,7 43 44 47,1,99,,268355,12,0,16 17 9,1,96,,268356,12,0,16 17 9,1
3101,'20261120',611,,268357,2,0,37 43 44 47,1,20,,268358,2,0,37 43 44 47,1,21,,268359,12,0,43 44 47,1,59,,268360,2,0,37 43 44 47,1,35,,268361,10,0,5 43 44 47,1,100,,268362,10,0,5 43 44 47,1,1661,,268364,10,0,77 14 15 9,1,20,,268366,10,0,7 43 44 47,1,99,,268367,12,0,16 17 9,1,96,,268368,12,0,16 17 9,1
3101,'20261121',832,,268369,10,0,7 43 44 47,1,1705,,268372,10,0,77 14 15 9,1,20,,268373,12,0,16 17 9,1,70,,268374,12,0,78 14 15 9,1,25,,268375,12,0,16 17 9,1,70,,268376,12,0,16 17 9,1
3101,'20261122',832,,268377,10,0,7 43 44 47,1,1705,,268380,10,0,77 14 15 9,1,90,,268381,12,0,78 14 15 9,1,95,,268382,12,0,16 17 9,1
3101,'20261123',611,,268383,2,0,37 43 44 47,1,20,,268384,2,0,37 43 44 47,1,21,,268385,12,0,43 44 47,1,59,,268386,2,0,37 43 44 47,1,35,,268387,10,0,5 43 44 47,1,100,,268388,10,0,5 43 44 47,1,1661,,268390,10,0,77 14 15 9,1,20,,268392,10,0,7 43 44 47,1,99,,268393,12,0,16 17 9,1,96,,268394,12,0,16 17 9,1
3101,'20261124',611,,268395,2,0,37 43 44 47,1,20,,268396,2,0,37 43 44 47,1,21,,268397,12,0,43 44 47,1,59,,268398,2,0,37 43 44 47,1,35,,268399,10,0,5 43 44 47,1,100,,268400,10,0,5 43 44 47,1,1661,,268402,10,0,77 14 15 9,1,20,,268404,10,0,7 43 44 47,1,99,,268405,12,0,16 17 9,1,96,,268406,12,0,16 17 9,1
3101,'20261125',611,,268407,2,0,37 43 44 47,1,20,,268408,2,0,37 43 44 47,1,21,,268409,12,0,43 44 47,1,59,,268410,2,0,37 43 44 47,1,35,,268411,10,0,5 43 44 47,1,100,,268412,10,0,5 43 44 47,1,1661,,268414,10,0,77 14 15 9,1,20,,268416,10,0,7 43 44 47,1,99,,268417,12,0,16 17 9,1,96,,268418,12,0,16 17 9,1
3101,'20261126',611,,268419,2,0,37 43 44 47,1,20,,268420,2,0,37 43 44 47,1,21,,268421,12,0,43 44 47,1,59,,268422,2,0,37 43 44 47,1,35,,268423,10,0,5 43 44 47,1,100,,268424,10,0,5 43 44 47,1,1661,,268426,10,0,77 14 15 9,1,20,,268428,10,0,7 43 44 47,1,99,,268429,12,0,16 17 9,1,96,,268430,12,0,16 17 9,1
3101,'20261127',611,,268431,2,0,37 43 44 47,1,20,,268432,2,0,37 43 44 47,1,21,,268433,12,0,43 44 47,1,59,,268434,2,0,37 43 44 47,1,35,,268435,10,0,5 43 44 47,1,100,,268436,10,0,5 43 44 47,1,1661,,268438,10,0,77 14 15 9,1,20,,268440,10,0,7 43 44 47,1,99,,268441,12,0,16 17 9,1,96,,268442,12,0,16 17 9,1
3301,'20260917',926,,273423,14,,,1,100,,273424,14,,,1,100,,273425,14,,,1,100,,273426,14,,,1,104,,273427,14,,,1,100,,273428,14,,,1,79,,273429,14,0,5 14 15 9,1,25,,273430,14,,,1,67,,273431,14,0,5 14 15 9,1,23,,273432,14,0,16 17 9,1,24,,273433,14,,,1,67,,273434,14,0,5 14 15 9,1,20,,273435,14,,,1,19,,273436,14,0,5 14 15 9,1,60,,273437,14,0,16 17 9,1,10,,273438,14,0,5 14 15 9,1,15,,273439,14,0,16 17 9,1,20,,273440,14,0,5 14 15 9,1,63,,273441,14,0,5 14 15 9,1,18,,273442,14,,,1,70,,273443,14,0,5 14 15 9,1,23,,273444,14,0,16 17 9,1,67,,273445,14,0,5 14 15 9,1,25,,273446,14,,,1,30,,273447,14,0,5 14 15 9,1,70,,273448,14,0,16 17 9,1,30,,273449,14,0,5 14 15 9,1,66,,273450,14,,,1,100,,273451,14,0,16 17 9,1
3301,'20260918',926,,273455,14,,,1,100,,273456,14,,,1,100,,273457,14,,,1,100,,273458,14,,,1,104,,273459,14,,,1,100,,273460,14,,,1,79,,273461,14,0,5 14 15 9,1,25,,273462,14,,,1,67,,273463,14,0,5 14 15 9,1,23,,273464,14,0,16 17 9,1,24,,273465,14,,,1,67,,273466,14,0,5 14 15 9,1,20,,273467,14,,,1,19,,273468,14,0,5 14 15 9,1,60,,273469,14,0,16 17 9,1,10,,273470,14,0,5 14 15 9,1,15,,273471,14,0,16 17 9,1,20,,273472,14,0,5 14 15 9,1,63,,273473,14,0,5 14 15 9,1,18,,273474,14,,,1,70,,273475,14,0,5 14 15 9,1,23,,273476,14,0,16 17 9,1,67,,273477,14,0,5 14 15 9,1,25,,273478,14,,,1,30,,273479,14,0,5 14 15 9,1,70,,273480,14,0,16 17 9,1,30,,273481,14,0,5 14 15 9,1,66,,273482,14,,,1,100,,273483,14,0,16 17 9,1
3301,'20260919',1027,,273486,14,,,1,202,,273488,14,,,1,197,,273490,14,,,1,200,,273492,14,,,1,200,,273493,14,,,1,200,,273494,14,,,1,200,,273495,14,,,1,204,,273496,14,,,1
3301,'20260920',1027,,273498,14,,,1,202,,273500,14,,,1,197,,273502,14,,,1,200,,273504,14,,,1,200,,273505,14,,,1,200,,273506,14,,,1,200,,273507,14,,,1,204,,273508,14,,,1
3301,'20260921',926,,273511,14,,,1,100,,273512,14,,,1,100,,273513,14,,,1,100,,273514,14,,,1,104,,273515,14,,,1,100,,273516,14,,,1,79,,273517,14,0,5 14 15 9,1,25,,273518,14,,,1,67,,273519,14,0,5 14 15 9,1,23,,273520,14,0,16 17 9,1,24,,273521,14,,,1,67,,273522,14,0,5 14 15 9,1,20,,273523,14,,,1,19,,273524,14,0,5 14 15 9,1,60,,273525,14,0,16 17 9,1,10,,273526,14,0,5 14 15 9,1,15,,273527,14,0,16 17 9,1,20,,273528,14,0,5 14 15 9,1,63,,273529,14,0,5 14 15 9,1,18,,273530,14,,,1,70,,273531,14,0,5 14 15 9,1,23,,273532,14,0,16 17 9,1,67,,273533,14,0,5 14 15 9,1,25,,273534,14,,,1,30,,273535,14,0,5 14 15 9,1,70,,273536,14,0,16 17 9,1,30,,273537,14,0,5 14 15 9,1,66,,273538,14,,,1,100,,273539,14,0,16 17 9,1
3301,'20260922',926,,273543,14,,,1,100,,273544,14,,,1,100,,273545,14,,,1,100,,273546,14,,,1,104,,273547,14,,,1,100,,273548,14,,,1,79,,273549,14,0,5 14 15 9,1,25,,273550,14,,,1,67,,273551,14,0,5 14 15 9,1,23,,273552,14,0,16 17 9,1,24,,273553,14,,,1,67,,273554,14,0,5 14 15 9,1,20,,273555,14,,,1,19,,273556,14,0,5 14 15 9,1,60,,273557,14,0,16 17 9,1,10,,273558,14,0,5 14 15 9,1,15,,273559,14,0,16 17 9,1,20,,273560,14,0,5 14 15 9,1,63,,273561,14,0,5 14 15 9,1,18,,273562,14,,,1,70,,273563,14,0,5 14 15 9,1,23,,273564,14,0,16 17 9,1,67,,273565,14,0,5 14 15 9,1,25,,273566,14,,,1,30,,273567,14,0,5 14 15 9,1,70,,273568,14,0,16 17 9,1,30,,273569,14,0,5 14 15 9,1,66,,273570,14,,,1,100,,273571,14,0,16 17 9,1
3301,'20260923',926,,273575,14,,,1,100,,273576,14,,,1,100,,273577,14,,,1,100,,273578,14,,,1,104,,273579,14,,,1,100,,273580,14,,,1,79,,273581,14,0,5 14 15 9,1,25,,273582,14,,,1,67,,273583,14,0,5 14 15 9,1,23,,273584,14,0,16 17 9,1,24,,273585,14,,,1,67,,273586,14,0,5 14 15 9,1,20,,273587,14,,,1,19,,273588,14,0,5 14 15 9,1,60,,273589,14,0,16 17 9,1,10,,273590,14,0,5 14 15 9,1,15,,273591,14,0,16 17 9,1,20,,273592,14,0,5 14 15 9,1,63,,273593,14,0,5 14 15 9,1,18,,273594,14,,,1,70,,273595,14,0,5 14 15 9,1,23,,273596,14,0,16 17 9,1,67,,273597,14,0,5 14 15 9,1,25,,273598,14,,,1,30,,273599,14,0,5 14 15 9,1,70,,273600,14,0,16 17 9,1,30,,273601,14,0,5 14 15 9,1,66,,273602,14,,,1,100,,273603,14,0,16 17 9,1
3301,'20260924',926,,273607,14,,,1,100,,273608,14,,,1,100,,273609,14,,,1,100,,273610,14,,,1,104,,273611,14,,,1,100,,273612,14,,,1,79,,273613,14,0,5 14 15 9,1,25,,273614,14,,,1,67,,273615,14,0,5 14 15 9,1,23,,273616,14,0,16 17 9,1,24,,273617,14,,,1,67,,273618,14,0,5 14 15 9,1,20,,273619,14,,,1,19,,273620,14,0,5 14 15 9,1,60,,273621,14,0,16 17 9,1,10,,273622,14,0,5 14 15 9,1,15,,273623,14,0,16 17 9,1,20,,273624,14,0,5 14 15 9,1,63,,273625,14,0,5 14 15 9,1,18,,273626,14,,,1,70,,273627,14,0,5 14 15 9,1,23,,273628,14,0,16 17 9,1,67,,273629,14,0,5 14 15 9,1,25,,273630,14,,,1,30,,273631,14,0,5 14 15 9,1,70,,273632,14,0,16 17 9,1,30,,273633,14,0,5 14 15 9,1,66,,273634,14,,,1,100,,273635,14,0,16 17 9,1
3301,'20260925',926,,273639,14,,,1,100,,273640,14,,,1,100,,273641,14,,,1,100,,273642,14,,,1,104,,273643,14,,,1,100,,273644,14,,,1,79,,273645,14,0,5 14 15 9,1,25,,273646,14,,,1,67,,273647,14,0,5 14 15 9,1,23,,273648,14,0,16 17 9,1,24,,273649,14,,,1,67,,273650,14,0,5 14 15 9,1,20,,273651,14,,,1,19,,273652,14,0,5 14 15 9,1,60,,273653,14,0,16 17 9,1,10,,273654,14,0,5 14 15 9,1,15,,273655,14,0,16 17 9,1,20,,273656,14,0,5 14 15 9,1,63,,273657,14,0,5 14 15 9,1,18,,273658,14,,,1,70,,273659,14,0,5 14 15 9,1,23,,273660,14,0,16 17 9,1,67,,273661,14,0,5 14 15 9,1,25,,273662,14,,,1,30,,273663,14,0,5 14 15 9,1,70,,273664,14,0,16 17 9,1,30,,273665,14,0,5 14 15 9,1,66,,273666,14,,,1,100,,273667,14,0,16 17 9,1
3301,'20260926',1027,,273670,14,,,1,202,,273672,14,,,1,197,,273674,14,,,1,200,,273676,14,,,1,200,,273677,14,,,1,200,,273678,14,,,1,200,,273679,14,,,1,204,,273680,14,,,1
3301,'20260927',1027,,273682,14,,,1,202,,273684,14,,,1,197,,273686,14,,,1,200,,273688,14,,,1,200,,273689,14,,,1,200,,273690,14,,,1,200,,273691,14,,,1,204,,273692,14,,,1
3301,'20260928',926,,273695,14,,,1,100,,273696,14,,,1,100,,273697,14,,,1,100,,273698,14,,,1,104,,273699,14,,,1,100,,273700,14,,,1,79,,273701,14,0,5 14 15 9,1,25,,273702,14,,,1,67,,273703,14,0,5 14 15 9,1,23,,273704,14,0,16 17 9,1,24,,273705,14,,,1,67,,273706,14,0,5 14 15 9,1,20,,273707,14,,,1,19,,273708,14,0,5 14 15 9,1,60,,273709,14,0,16 17 9,1,10,,273710,14,0,5 14 15 9,1,15,,273711,14,0,16 17 9,1,20,,273712,14,0,5 14 15 9,1,63,,273713,14,0,5 14 15 9,1,18,,273714,14,,,1,70,,273715,14,0,5 14 15 9,1,23,,273716,14,0,16 17 9,1,67,,273717,14,0,5 14 15 9,1,25,,273718,14,,,1,30,,273719,14,0,5 14 15 9,1,70,,273720,14,0,16 17 9,1,30,,273721,14,0,5 14 15 9,1,66,,273722,14,,,1,100,,273723,14,0,16 17 9,1
3301,'20260929',926,,273727,14,,,1,100,,273728,14,,,1,100,,273729,14,,,1,100,,273730,14,,,1,104,,273731,14,,,1,100,,273732,14,,,1,79,,273733,14,0,5 14 15 9,1,25,,273734,14,,,1,67,,273735,14,0,5 14 15 9,1,23,,273736,14,0,16 17 9,1,24,,273737,14,,,1,67,,273738,14,0,5 14 15 9,1,20,,273739,14,,,1,19,,273740,14,0,5 14 15 9,1,60,,273741,14,0,16 17 9,1,10,,273742,14,0,5 14 15 9,1,15,,273743,14,0,16 17 9,1,20,,273744,14,0,5 14 15 9,1,63,,273745,14,0,5 14 15 9,1,18,,273746,14,,,1,70,,273747,14,0,5 14 15 9,1,23,,273748,14,0,16 17 9,1,67,,273749,14,0,5 14 15 9,1,25,,273750,14,,,1,30,,273751,14,0,5 14 15 9,1,70,,273752,14,0,16 17 9,1,30,,273753,14,0,5 14 15 9,1,66,,273754,14,,,1,100,,273755,14,0,16 17 9,1
3301,'20260930',926,,273759,14,,,1,100,,273760,14,,,1,100,,273761,14,,,1,100,,273762,14,,,1,104,,273763,14,,,1,100,,273764,14,,,1,79,,273765,14,0,5 14 15 9,1,25,,273766,14,,,1,67,,273767,14,0,5 14 15 9,1,23,,273768,14,0,16 17 9,1,24,,273769,14,,,1,67,,273770,14,0,5 14 15 9,1,20,,273771,14,,,1,19,,273772,14,0,5 14 15 9,1,60,,273773,14,0,16 17 9,1,10,,273774,14,0,5 14 15 9,1,15,,273775,14,0,16 17 9,1,20,,273776,14,0,5 14 15 9,1,63,,273777,14,0,5 14 15 9,1,18,,273778,14,,,1,70,,273779,14,0,5 14 15 9,1,23,,273780,14,0,16 17 9,1,67,,273781,14,0,5 14 15 9,1,25,,273782,14,,,1,30,,273783,14,0,5 14 15 9,1,70,,273784,14,0,16 17 9,1,30,,273785,14,0,5 14 15 9,1,66,,273786,14,,,1,100,,273787,14,0,16 17 9,1
3301,'20261001',926,,273791,14,,,1,100,,273792,14,,,1,100,,273793,14,,,1,100,,273794,14,,,1,104,,273795,14,,,1,100,,273796,14,,,1,79,,273797,14,0,5 14 15 9,1,25,,273798,14,,,1,67,,273799,14,0,5 14 15 9,1,23,,273800,14,0,16 17 9,1,24,,273801,14,,,1,67,,273802,14,0,5 14 15 9,1,20,,273803,14,,,1,19,,273804,14,0,5 14 15 9,1,60,,273805,14,0,16 17 9,1,10,,273806,14,0,5 14 15 9,1,15,,273807,14,0,16 17 9,1,20,,273808,14,0,5 14 15 9,1,63,,273809,14,0,5 14 15 9,1,18,,273810,14,,,1,70,,273811,14,0,5 14 15 9,1,23,,273812,14,0,16 17 9,1,67,,273813,14,0,5 14 15 9,1,25,,273814,14,,,1,30,,273815,14,0,5 14 15 9,1,70,,273816,14,0,16 17 9,1,30,,273817,14,0,5 14 15 9,1,66,,273818,14,,,1,100,,273819,14,0,16 17 9,1
3301,'20261002',926,,273823,14,,,1,100,,273824,14,,,1,100,,273825,14,,,1,100,,273826,14,,,1,104,,273827,14,,,1,100,,273828,14,,,1,79,,273829,14,0,5 14 15 9,1,25,,273830,14,,,1,67,,273831,14,0,5 14 15 9,1,23,,273832,14,0,16 17 9,1,24,,273833,14,,,1,67,,273834,14,0,5 14 15 9,1,20,,273835,14,,,1,19,,273836,14,0,5 14 15 9,1,60,,273837,14,0,16 17 9,1,10,,273838,14,0,5 14 15 9,1,15,,273839,14,0,16 17 9,1,20,,273840,14,0,5 14 15 9,1,63,,273841,14,0,5 14 15 9,1,18,,273842,14,,,1,70,,273843,14,0,5 14 15 9,1,23,,273844,14,0,16 17 9,1,67,,273845,14,0,5 14 15 9,1,25,,273846,14,,,1,30,,273847,14,0,5 14 15 9,1,70,,273848,14,0,16 17 9,1,30,,273849,14,0,5 14 15 9,1,66,,273850,14,,,1,100,,273851,14,0,16 17 9,1
3301,'20261003',1027,,273854,14,,,1,202,,273856,14,,,1,197,,273858,14,,,1,200,,273860,14,,,1,200,,273861,14,,,1,200,,273862,14,,,1,200,,273863,14,,,1,204,,273864,14,,,1
3301,'20261004',1027,,273866,14,,,1,202,,273868,14,,,1,197,,273870,14,,,1,200,,273872,14,,,1,200,,273873,14,,,1,200,,273874,14,,,1,200,,273875,14,,,1,204,,273876,14,,,1
3301,'20261005',926,,273879,14,,,1,100,,273880,14,,,1,100,,273881,14,,,1,100,,273882,14,,,1,104,,273883,14,,,1,100,,273884,14,,,1,79,,273885,14,0,5 14 15 9,1,25,,273886,14,,,1,67,,273887,14,0,5 14 15 9,1,23,,273888,14,0,16 17 9,1,24,,273889,14,,,1,67,,273890,14,0,5 14 15 9,1,20,,273891,14,,,1,19,,273892,14,0,5 14 15 9,1,60,,273893,14,0,16 17 9,1,10,,273894,14,0,5 14 15 9,1,15,,273895,14,0,16 17 9,1,20,,273896,14,0,5 14 15 9,1,63,,273897,14,0,5 14 15 9,1,18,,273898,14,,,1,70,,273899,14,0,5 14 15 9,1,23,,273900,14,0,16 17 9,1,67,,273901,14,0,5 14 15 9,1,25,,273902,14,,,1,30,,273903,14,0,5 14 15 9,1,70,,273904,14,0,16 17 9,1,30,,273905,14,0,5 14 15 9,1,66,,273906,14,,,1,100,,273907,14,0,16 17 9,1
3301,'20261006',926,,273911,14,,,1,100,,273912,14,,,1,100,,273913,14,,,1,100,,273914,14,,,1,104,,273915,14,,,1,100,,273916,14,,,1,79,,273917,14,0,5 14 15 9,1,25,,273918,14,,,1,67,,273919,14,0,5 14 15 9,1,23,,273920,14,0,16 17 9,1,24,,273921,14,,,1,67,,273922,14,0,5 14 15 9,1,20,,273923,14,,,1,19,,273924,14,0,5 14 15 9,1,60,,273925,14,0,16 17 9,1,10,,273926,14,0,5 14 15 9,1,15,,273927,14,0,16 17 9,1,20,,273928,14,0,5 14 15 9,1,63,,273929,14,0,5 14 15 9,1,18,,273930,14,,,1,70,,273931,14,0,5 14 15 9,1,23,,273932,14,0,16 17 9,1,67,,273933,14,0,5 14 15 9,1,25,,273934,14,,,1,30,,273935,14,0,5 14 15 9,1,70,,273936,14,0,16 17 9,1,30,,273937,14,0,5 14 15 9,1,66,,273938,14,,,1,100,,273939,14,0,16 17 9,1
3301,'20261007',926,,273943,14,,,1,100,,273944,14,,,1,100,,273945,14,,,1,100,,273946,14,,,1,104,,273947,14,,,1,100,,273948,14,,,1,79,,273949,14,0,5 14 15 9,1,25,,273950,14,,,1,67,,273951,14,0,5 14 15 9,1,23,,273952,14,0,16 17 9,1,24,,273953,14,,,1,67,,273954,14,0,5 14 15 9,1,20,,273955,14,,,1,19,,273956,14,0,5 14 15 9,1,60,,273957,14,0,16 17 9,1,10,,273958,14,0,5 14 15 9,1,15,,273959,14,0,16 17 9,1,20,,273960,14,0,5 14 15 9,1,63,,273961,14,0,5 14 15 9,1,18,,273962,14,,,1,70,,273963,14,0,5 14 15 9,1,23,,273964,14,0,16 17 9,1,67,,273965,14,0,5 14 15 9,1,25,,273966,14,,,1,30,,273967,14,0,5 14 15 9,1,70,,273968,14,0,16 17 9,1,30,,273969,14,0,5 14 15 9,1,66,,273970,14,,,1,100,,273971,14,0,16 17 9,1
3301,'20261008',926,,273975,14,,,1,100,,273976,14,,,1,100,,273977,14,,,1,100,,273978,14,,,1,104,,273979,14,,,1,100,,273980,14,,,1,79,,273981,14,0,5 14 15 9,1,25,,273982,14,,,1,67,,273983,14,0,5 14 15 9,1,23,,273984,14,0,16 17 9,1,24,,273985,14,,,1,67,,273986,14,0,5 14 15 9,1,20,,273987,14,,,1,19,,273988,14,0,5 14 15 9,1,60,,273989,14,0,16 17 9,1,10,,273990,14,0,5 14 15 9,1,15,,273991,14,0,16 17 9,1,20,,273992,14,0,5 14 15 9,1,63,,273993,14,0,5 14 15 9,1,18,,273994,14,,,1,70,,273995,14,0,5 14 15 9,1,23,,273996,14,0,16 17 9,1,67,,273997,14,0,5 14 15 9,1,25,,273998,14,,,1,30,,273999,14,0,5 14 15 9,1,70,,274000,14,0,16 17 9,1,30,,274001,14,0,5 14 15 9,1,66,,274002,14,,,1,100,,274003,14,0,16 17 9,1
3301,'20261009',926,,274007,14,,,1,100,,274008,14,,,1,100,,274009,14,,,1,100,,274010,14,,,1,104,,274011,14,,,1,100,,274012,14,,,1,79,,274013,14,0,5 14 15 9,1,25,,274014,14,,,1,67,,274015,14,0,5 14 15 9,1,23,,274016,14,0,16 17 9,1,24,,274017,14,,,1,67,,274018,14,0,5 14 15 9,1,20,,274019,14,,,1,19,,274020,14,0,5 14 15 9,1,60,,274021,14,0,16 17 9,1,10,,274022,14,0,5 14 15 9,1,15,,274023,14,0,16 17 9,1,20,,274024,14,0,5 14 15 9,1,63,,274025,14,0,5 14 15 9,1,18,,274026,14,,,1,70,,274027,14,0,5 14 15 9,1,23,,274028,14,0,16 17 9,1,67,,274029,14,0,5 14 15 9,1,25,,274030,14,,,1,30,,274031,14,0,5 14 15 9,1,70,,274032,14,0,16 17 9,1,30,,274033,14,0,5 14 15 9,1,66,,274034,14,,,1,100,,274035,14,0,16 17 9,1
3301,'20261010',1027,,274038,14,,,1,202,,274040,14,,,1,197,,274042,14,,,1,200,,274044,14,,,1,200,,274045,14,,,1,200,,274046,14,,,1,200,,274047,14,,,1,204,,274048,14,,,1
3301,'20261011',1027,,274050,14,,,1,202,,274052,14,,,1,197,,274054,14,,,1,200,,274056,14,,,1,200,,274057,14,,,1,200,,274058,14,,,1,200,,274059,14,,,1,204,,274060,14,,,1
3301,'20261012',1027,,274062,14,,,1,202,,274064,14,,,1,197,,274066,14,,,1,200,,274068,14,,,1,200,,274069,14,,,1,200,,274070,14,,,1,200,,274071,14,,,1,204,,274072,14,,,1
3301,'20261013',926,,274075,14,,,1,100,,274076,14,,,1,100,,274077,14,,,1,100,,274078,14,,,1,104,,274079,14,,,1,100,,274080,14,,,1,79,,274081,14,0,5 14 15 9,1,25,,274082,14,,,1,67,,274083,14,0,5 14 15 9,1,23,,274084,14,0,16 17 9,1,24,,274085,14,,,1,67,,274086,14,0,5 14 15 9,1,20,,274087,14,,,1,19,,274088,14,0,5 14 15 9,1,60,,274089,14,0,16 17 9,1,10,,274090,14,0,5 14 15 9,1,15,,274091,14,0,16 17 9,1,20,,274092,14,0,5 14 15 9,1,63,,274093,14,0,5 14 15 9,1,18,,274094,14,,,1,70,,274095,14,0,5 14 15 9,1,23,,274096,14,0,16 17 9,1,67,,274097,14,0,5 14 15 9,1,25,,274098,14,,,1,30,,274099,14,0,5 14 15 9,1,70,,274100,14,0,16 17 9,1,30,,274101,14,0,5 14 15 9,1,66,,274102,14,,,1,100,,274103,14,0,16 17 9,1
3301,'20261014',926,,274107,14,,,1,100,,274108,14,,,1,100,,274109,14,,,1,100,,274110,14,,,1,104,,274111,14,,,1,100,,274112,14,,,1,79,,274113,14,0,5 14 15 9,1,25,,274114,14,,,1,67,,274115,14,0,5 14 15 9,1,23,,274116,14,0,16 17 9,1,24,,274117,14,,,1,67,,274118,14,0,5 14 15 9,1,20,,274119,14,,,1,19,,274120,14,0,5 14 15 9,1,60,,274121,14,0,16 17 9,1,10,,274122,14,0,5 14 15 9,1,15,,274123,14,0,16 17 9,1,20,,274124,14,0,5 14 15 9,1,63,,274125,14,0,5 14 15 9,1,18,,274126,14,,,1,70,,274127,14,0,5 14 15 9,1,23,,274128,14,0,16 17 9,1,67,,274129,14,0,5 14 15 9,1,25,,274130,14,,,1,30,,274131,14,0,5 14 15 9,1,70,,274132,14,0,16 17 9,1,30,,274133,14,0,5 14 15 9,1,66,,274134,14,,,1,100,,274135,14,0,16 17 9,1
3301,'20261015',926,,274139,14,,,1,100,,274140,14,,,1,100,,274141,14,,,1,100,,274142,14,,,1,104,,274143,14,,,1,100,,274144,14,,,1,79,,274145,14,0,5 14 15 9,1,25,,274146,14,,,1,67,,274147,14,0,5 14 15 9,1,23,,274148,14,0,16 17 9,1,24,,274149,14,,,1,67,,274150,14,0,5 14 15 9,1,20,,274151,14,,,1,19,,274152,14,0,5 14 15 9,1,60,,274153,14,0,16 17 9,1,10,,274154,14,0,5 14 15 9,1,15,,274155,14,0,16 17 9,1,20,,274156,14,0,5 14 15 9,1,63,,274157,14,0,5 14 15 9,1,18,,274158,14,,,1,70,,274159,14,0,5 14 15 9,1,23,,274160,14,0,16 17 9,1,67,,274161,14,0,5 14 15 9,1,25,,274162,14,,,1,30,,274163,14,0,5 14 15 9,1,70,,274164,14,0,16 17 9,1,30,,274165,14,0,5 14 15 9,1,66,,274166,14,,,1,100,,274167,14,0,16 17 9,1
3301,'20261016',926,,274171,14,,,1,100,,274172,14,,,1,100,,274173,14,,,1,100,,274174,14,,,1,104,,274175,14,,,1,100,,274176,14,,,1,79,,274177,14,0,5 14 15 9,1,25,,274178,14,,,1,67,,274179,14,0,5 14 15 9,1,23,,274180,14,0,16 17 9,1,24,,274181,14,,,1,67,,274182,14,0,5 14 15 9,1,20,,274183,14,,,1,19,,274184,14,0,5 14 15 9,1,60,,274185,14,0,16 17 9,1,10,,274186,14,0,5 14 15 9,1,15,,274187,14,0,16 17 9,1,20,,274188,14,0,5 14 15 9,1,63,,274189,14,0,5 14 15 9,1,18,,274190,14,,,1,70,,274191,14,0,5 14 15 9,1,23,,274192,14,0,16 17 9,1,67,,274193,14,0,5 14 15 9,1,25,,274194,14,,,1,30,,274195,14,0,5 14 15 9,1,70,,274196,14,0,16 17 9,1,30,,274197,14,0,5 14 15 9,1,66,,274198,14,,,1,100,,274199,14,0,16 17 9,1
3301,'20261017',1027,,274202,14,,,1,202,,274204,14,,,1,197,,274206,14,,,1,200,,274208,14,,,1,200,,274209,14,,,1,200,,274210,14,,,1,200,,274211,14,,,1,204,,274212,14,,,1
3301,'20261018',1027,,274214,14,,,1,202,,274216,14,,,1,197,,274218,14,,,1,200,,274220,14,,,1,200,,274221,14,,,1,200,,274222,14,,,1,200,,274223,14,,,1,204,,274224,14,,,1
3301,'20261019',926,,274227,14,,,1,100,,274228,14,,,1,100,,274229,14,,,1,100,,274230,14,,,1,104,,274231,14,,,1,100,,274232,14,,,1,79,,274233,14,0,5 14 15 9,1,25,,274234,14,,,1,67,,274235,14,0,5 14 15 9,1,23,,274236,14,0,16 17 9,1,24,,274237,14,,,1,67,,274238,14,0,5 14 15 9,1,20,,274239,14,,,1,19,,274240,14,0,5 14 15 9,1,60,,274241,14,0,16 17 9,1,10,,274242,14,0,5 14 15 9,1,15,,274243,14,0,16 17 9,1,20,,274244,14,0,5 14 15 9,1,63,,274245,14,0,5 14 15 9,1,18,,274246,14,,,1,70,,274247,14,0,5 14 15 9,1,23,,274248,14,0,16 17 9,1,67,,274249,14,0,5 14 15 9,1,25,,274250,14,,,1,30,,274251,14,0,5 14 15 9,1,70,,274252,14,0,16 17 9,1,30,,274253,14,0,5 14 15 9,1,66,,274254,14,,,1,100,,274255,14,0,16 17 9,1
3301,'20261020',926,,274259,14,,,1,100,,274260,14,,,1,100,,274261,14,,,1,100,,274262,14,,,1,104,,274263,14,,,1,100,,274264,14,,,1,79,,274265,14,0,5 14 15 9,1,25,,274266,14,,,1,67,,274267,14,0,5 14 15 9,1,23,,274268,14,0,16 17 9,1,24,,274269,14,,,1,67,,274270,14,0,5 14 15 9,1,20,,274271,14,,,1,19,,274272,14,0,5 14 15 9,1,60,,274273,14,0,16 17 9,1,10,,274274,14,0,5 14 15 9,1,15,,274275,14,0,16 17 9,1,20,,274276,14,0,5 14 15 9,1,63,,274277,14,0,5 14 15 9,1,18,,274278,14,,,1,70,,274279,14,0,5 14 15 9,1,23,,274280,14,0,16 17 9,1,67,,274281,14,0,5 14 15 9,1,25,,274282,14,,,1,30,,274283,14,0,5 14 15 9,1,70,,274284,14,0,16 17 9,1,30,,274285,14,0,5 14 15 9,1,66,,274286,14,,,1,100,,274287,14,0,16 17 9,1
3301,'20261021',926,,274291,14,,,1,100,,274292,14,,,1,100,,274293,14,,,1,100,,274294,14,,,1,104,,274295,14,,,1,100,,274296,14,,,1,79,,274297,14,0,5 14 15 9,1,25,,274298,14,,,1,67,,274299,14,0,5 14 15 9,1,23,,274300,14,0,16 17 9,1,24,,274301,14,,,1,67,,274302,14,0,5 14 15 9,1,20,,274303,14,,,1,19,,274304,14,0,5 14 15 9,1,60,,274305,14,0,16 17 9,1,10,,274306,14,0,5 14 15 9,1,15,,274307,14,0,16 17 9,1,20,,274308,14,0,5 14 15 9,1,63,,274309,14,0,5 14 15 9,1,18,,274310,14,,,1,70,,274311,14,0,5 14 15 9,1,23,,274312,14,0,16 17 9,1,67,,274313,14,0,5 14 15 9,1,25,,274314,14,,,1,30,,274315,14,0,5 14 15 9,1,70,,274316,14,0,16 17 9,1,30,,274317,14,0,5 14 15 9,1,66,,274318,14,,,1,100,,274319,14,0,16 17 9,1
3301,'20261022',926,,274323,14,,,1,100,,274324,14,,,1,100,,274325,14,,,1,100,,274326,14,,,1,104,,274327,14,,,1,100,,274328,14,,,1,79,,274329,14,0,5 14 15 9,1,25,,274330,14,,,1,67,,274331,14,0,5 14 15 9,1,23,,274332,14,0,16 17 9,1,24,,274333,14,,,1,67,,274334,14,0,5 14 15 9,1,20,,274335,14,,,1,19,,274336,14,0,5 14 15 9,1,60,,274337,14,0,16 17 9,1,10,,274338,14,0,5 14 15 9,1,15,,274339,14,0,16 17 9,1,20,,274340,14,0,5 14 15 9,1,63,,274341,14,0,5 14 15 9,1,18,,274342,14,,,1,70,,274343,14,0,5 14 15 9,1,23,,274344,14,0,16 17 9,1,67,,274345,14,0,5 14 15 9,1,25,,274346,14,,,1,30,,274347,14,0,5 14 15 9,1,70,,274348,14,0,16 17 9,1,30,,274349,14,0,5 14 15 9,1,66,,274350,14,,,1,100,,274351,14,0,16 17 9,1
3301,'20261023',926,,274355,14,,,1,100,,274356,14,,,1,100,,274357,14,,,1,100,,274358,14,,,1,104,,274359,14,,,1,100,,274360,14,,,1,79,,274361,14,0,5 14 15 9,1,25,,274362,14,,,1,67,,274363,14,0,5 14 15 9,1,23,,274364,14,0,16 17 9,1,24,,274365,14,,,1,67,,274366,14,0,5 14 15 9,1,20,,274367,14,,,1,19,,274368,14,0,5 14 15 9,1,60,,274369,14,0,16 17 9,1,10,,274370,14,0,5 14 15 9,1,15,,274371,14,0,16 17 9,1,20,,274372,14,0,5 14 15 9,1,63,,274373,14,0,5 14 15 9,1,18,,274374,14,,,1,70,,274375,14,0,5 14 15 9,1,23,,274376,14,0,16 17 9,1,67,,274377,14,0,5 14 15 9,1,25,,274378,14,,,1,30,,274379,14,0,5 14 15 9,1,70,,274380,14,0,16 17 9,1,30,,274381,14,0,5 14 15 9,1,66,,274382,14,,,1,100,,274383,14,0,16 17 9,1
3301,'20261024',1027,,274386,14,,,1,202,,274388,14,,,1,197,,274390,14,,,1,200,,274392,14,,,1,200,,274393,14,,,1,200,,274394,14,,,1,200,,274395,14,,,1,204,,274396,14,,,1
3301,'20261025',1027,,274398,14,,,1,202,,274400,14,,,1,197,,274402,14,,,1,200,,274404,14,,,1,200,,274405,14,,,1,200,,274406,14,,,1,200,,274407,14,,,1,204,,274408,14,,,1
3301,'20261026',926,,274411,14,,,1,100,,274412,14,,,1,100,,274413,14,,,1,100,,274414,14,,,1,104,,274415,14,,,1,100,,274416,14,,,1,79,,274417,14,0,5 14 15 9,1,25,,274418,14,,,1,67,,274419,14,0,5 14 15 9,1,23,,274420,14,0,16 17 9,1,24,,274421,14,,,1,67,,274422,14,0,5 14 15 9,1,20,,274423,14,,,1,19,,274424,14,0,5 14 15 9,1,60,,274425,14,0,16 17 9,1,10,,274426,14,0,5 14 15 9,1,15,,274427,14,0,16 17 9,1,20,,274428,14,0,5 14 15 9,1,63,,274429,14,0,5 14 15 9,1,18,,274430,14,,,1,70,,274431,14,0,5 14 15 9,1,23,,274432,14,0,16 17 9,1,67,,274433,14,0,5 14 15 9,1,25,,274434,14,,,1,30,,274435,14,0,5 14 15 9,1,70,,274436,14,0,16 17 9,1,30,,274437,14,0,5 14 15 9,1,66,,274438,14,,,1,100,,274439,14,0,16 17 9,1
3301,'20261027',926,,274443,14,,,1,100,,274444,14,,,1,100,,274445,14,,,1,100,,274446,14,,,1,104,,274447,14,,,1,100,,274448,14,,,1,79,,274449,14,0,5 14 15 9,1,25,,274450,14,,,1,67,,274451,14,0,5 14 15 9,1,23,,274452,14,0,16 17 9,1,24,,274453,14,,,1,67,,274454,14,0,5 14 15 9,1,20,,274455,14,,,1,19,,274456,14,0,5 14 15 9,1,60,,274457,14,0,16 17 9,1,10,,274458,14,0,5 14 15 9,1,15,,274459,14,0,16 17 9,1,20,,274460,14,0,5 14 15 9,1,63,,274461,14,0,5 14 15 9,1,18,,274462,14,,,1,70,,274463,14,0,5 14 15 9,1,23,,274464,14,0,16 17 9,1,67,,274465,14,0,5 14 15 9,1,25,,274466,14,,,1,30,,274467,14,0,5 14 15 9,1,70,,274468,14,0,16 17 9,1,30,,274469,14,0,5 14 15 9,1,66,,274470,14,,,1,100,,274471,14,0,16 17 9,1
3301,'20261028',926,,274475,14,,,1,100,,274476,14,,,1,100,,274477,14,,,1,100,,274478,14,,,1,104,,274479,14,,,1,100,,274480,14,,,1,79,,274481,14,0,5 14 15 9,1,25,,274482,14,,,1,67,,274483,14,0,5 14 15 9,1,23,,274484,14,0,16 17 9,1,24,,274485,14,,,1,67,,274486,14,0,5 14 15 9,1,20,,274487,14,,,1,19,,274488,14,0,5 14 15 9,1,60,,274489,14,0,16 17 9,1,10,,274490,14,0,5 14 15 9,1,15,,274491,14,0,16 17 9,1,20,,274492,14,0,5 14 15 9,1,63,,274493,14,0,5 14 15 9,1,18,,274494,14,,,1,70,,274495,14,0,5 14 15 9,1,23,,274496,14,0,16 17 9,1,67,,274497,14,0,5 14 15 9,1,25,,274498,14,,,1,30,,274499,14,0,5 14 15 9,1,70,,274500,14,0,16 17 9,1,30,,274501,14,0,5 14 15 9,1,66,,274502,14,,,1,100,,274503,14,0,16 17 9,1
3301,'20261029',926,,274507,14,,,1,100,,274508,14,,,1,100,,274509,14,,,1,100,,274510,14,,,1,104,,274511,14,,,1,100,,274512,14,,,1,79,,274513,14,0,5 14 15 9,1,25,,274514,14,,,1,67,,274515,14,0,5 14 15 9,1,23,,274516,14,0,16 17 9,1,24,,274517,14,,,1,67,,274518,14,0,5 14 15 9,1,20,,274519,14,,,1,19,,274520,14,0,5 14 15 9,1,60,,274521,14,0,16 17 9,1,10,,274522,14,0,5 14 15 9,1,15,,274523,14,0,16 17 9,1,20,,274524,14,0,5 14 15 9,1,63,,274525,14,0,5 14 15 9,1,18,,274526,14,,,1,70,,274527,14,0,5 14 15 9,1,23,,274528,14,0,16 17 9,1,67,,274529,14,0,5 14 15 9,1,25,,274530,14,,,1,30,,274531,14,0,5 14 15 9,1,70,,274532,14,0,16 17 9,1,30,,274533,14,0,5 14 15 9,1,66,,274534,14,,,1,100,,274535,14,0,16 17 9,1
3301,'20261030',926,,274539,14,,,1,100,,274540,14,,,1,100,,274541,14,,,1,100,,274542,14,,,1,104,,274543,14,,,1,100,,274544,14,,,1,79,,274545,14,0,5 14 15 9,1,25,,274546,14,,,1,67,,274547,14,0,5 14 15 9,1,23,,274548,14,0,16 17 9,1,24,,274549,14,,,1,67,,274550,14,0,5 14 15 9,1,20,,274551,14,,,1,19,,274552,14,0,5 14 15 9,1,60,,274553,14,0,16 17 9,1,10,,274554,14,0,5 14 15 9,1,15,,274555,14,0,16 17 9,1,20,,274556,14,0,5 14 15 9,1,63,,274557,14,0,5 14 15 9,1,18,,274558,14,,,1,70,,274559,14,0,5 14 15 9,1,23,,274560,14,0,16 17 9,1,67,,274561,14,0,5 14 15 9,1,25,,274562,14,,,1,30,,274563,14,0,5 14 15 9,1,70,,274564,14,0,16 17 9,1,30,,274565,14,0,5 14 15 9,1,66,,274566,14,,,1,100,,274567,14,0,16 17 9,1
3301,'20261031',1027,,274570,14,,,1,202,,274572,14,,,1,197,,274574,14,,,1,200,,274576,14,,,1,200,,274577,14,,,1,200,,274578,14,,,1,200,,274579,14,,,1,204,,274580,14,,,1
3301,'20261101',1027,,274582,14,,,1,202,,274584,14,,,1,197,,274586,14,,,1,200,,274588,14,,,1,200,,274589,14,,,1,200,,274590,14,,,1,200,,274591,14,,,1,204,,274592,14,,,1
3301,'20261102',926,,274595,14,,,1,100,,274596,14,,,1,100,,274597,14,,,1,100,,274598,14,,,1,104,,274599,14,,,1,100,,274600,14,,,1,79,,274601,14,0,5 14 15 9,1,25,,274602,14,,,1,67,,274603,14,0,5 14 15 9,1,23,,274604,14,0,16 17 9,1,24,,274605,14,,,1,67,,274606,14,0,5 14 15 9,1,20,,274607,14,,,1,19,,274608,14,0,5 14 15 9,1,60,,274609,14,0,16 17 9,1,10,,274610,14,0,5 14 15 9,1,15,,274611,14,0,16 17 9,1,20,,274612,14,0,5 14 15 9,1,63,,274613,14,0,5 14 15 9,1,18,,274614,14,,,1,70,,274615,14,0,5 14 15 9,1,23,,274616,14,0,16 17 9,1,67,,274617,14,0,5 14 15 9,1,25,,274618,14,,,1,30,,274619,14,0,5 14 15 9,1,70,,274620,14,0,16 17 9,1,30,,274621,14,0,5 14 15 9,1,66,,274622,14,,,1,100,,274623,14,0,16 17 9,1
3301,'20261103',926,,274627,14,,,1,100,,274628,14,,,1,100,,274629,14,,,1,100,,274630,14,,,1,104,,274631,14,,,1,100,,274632,14,,,1,79,,274633,14,0,5 14 15 9,1,25,,274634,14,,,1,67,,274635,14,0,5 14 15 9,1,23,,274636,14,0,16 17 9,1,24,,274637,14,,,1,67,,274638,14,0,5 14 15 9,1,20,,274639,14,,,1,19,,274640,14,0,5 14 15 9,1,60,,274641,14,0,16 17 9,1,10,,274642,14,0,5 14 15 9,1,15,,274643,14,0,16 17 9,1,20,,274644,14,0,5 14 15 9,1,63,,274645,14,0,5 14 15 9,1,18,,274646,14,,,1,70,,274647,14,0,5 14 15 9,1,23,,274648,14,0,16 17 9,1,67,,274649,14,0,5 14 15 9,1,25,,274650,14,,,1,30,,274651,14,0,5 14 15 9,1,70,,274652,14,0,16 17 9,1,30,,274653,14,0,5 14 15 9,1,66,,274654,14,,,1,100,,274655,14,0,16 17 9,1
3301,'20261104',926,,274659,14,,,1,100,,274660,14,,,1,100,,274661,14,,,1,100,,274662,14,,,1,104,,274663,14,,,1,100,,274664,14,,,1,79,,274665,14,0,5 14 15 9,1,25,,274666,14,,,1,67,,274667,14,0,5 14 15 9,1,23,,274668,14,0,16 17 9,1,24,,274669,14,,,1,67,,274670,14,0,5 14 15 9,1,20,,274671,14,,,1,19,,274672,14,0,5 14 15 9,1,60,,274673,14,0,16 17 9,1,10,,274674,14,0,5 14 15 9,1,15,,274675,14,0,16 17 9,1,20,,274676,14,0,5 14 15 9,1,63,,274677,14,0,5 14 15 9,1,18,,274678,14,,,1,70,,274679,14,0,5 14 15 9,1,23,,274680,14,0,16 17 9,1,67,,274681,14,0,5 14 15 9,1,25,,274682,14,,,1,30,,274683,14,0,5 14 15 9,1,70,,274684,14,0,16 17 9,1,30,,274685,14,0,5 14 15 9,1,66,,274686,14,,,1,100,,274687,14,0,16 17 9,1
3301,'20261105',926,,274691,14,,,1,100,,274692,14,,,1,100,,274693,14,,,1,100,,274694,14,,,1,104,,274695,14,,,1,100,,274696,14,,,1,79,,274697,14,0,5 14 15 9,1,25,,274698,14,,,1,67,,274699,14,0,5 14 15 9,1,23,,274700,14,0,16 17 9,1,24,,274701,14,,,1,67,,274702,14,0,5 14 15 9,1,20,,274703,14,,,1,19,,274704,14,0,5 14 15 9,1,60,,274705,14,0,16 17 9,1,10,,274706,14,0,5 14 15 9,1,15,,274707,14,0,16 17 9,1,20,,274708,14,0,5 14 15 9,1,63,,274709,14,0,5 14 15 9,1,18,,274710,14,,,1,70,,274711,14,0,5 14 15 9,1,23,,274712,14,0,16 17 9,1,67,,274713,14,0,5 14 15 9,1,25,,274714,14,,,1,30,,274715,14,0,5 14 15 9,1,70,,274716,14,0,16 17 9,1,30,,274717,14,0,5 14 15 9,1,66,,274718,14,,,1,100,,274719,14,0,16 17 9,1
3301,'20261106',926,,274723,14,,,1,100,,274724,14,,,1,100,,274725,14,,,1,100,,274726,14,,,1,104,,274727,14,,,1,100,,274728,14,,,1,79,,274729,14,0,5 14 15 9,1,25,,274730,14,,,1,67,,274731,14,0,5 14 15 9,1,23,,274732,14,0,16 17 9,1,24,,274733,14,,,1,67,,274734,14,0,5 14 15 9,1,20,,274735,14,,,1,19,,274736,14,0,5 14 15 9,1,60,,274737,14,0,16 17 9,1,10,,274738,14,0,5 14 15 9,1,15,,274739,14,0,16 17 9,1,20,,274740,14,0,5 14 15 9,1,63,,274741,14,0,5 14 15 9,1,18,,274742,14,,,1,70,,274743,14,0,5 14 15 9,1,23,,274744,14,0,16 17 9,1,67,,274745,14,0,5 14 15 9,1,25,,274746,14,,,1,30,,274747,14,0,5 14 15 9,1,70,,274748,14,0,16 17 9,1,30,,274749,14,0,5 14 15 9,1,66,,274750,14,,,1,100,,274751,14,0,16 17 9,1
3301,'20261107',1027,,274754,14,,,1,202,,274756,14,,,1,197,,274758,14,,,1,200,,274760,14,,,1,200,,274761,14,,,1,200,,274762,14,,,1,200,,274763,14,,,1,204,,274764,14,,,1
3301,'20261108',1027,,274766,14,,,1,202,,274768,14,,,1,197,,274770,14,,,1,200,,274772,14,,,1,200,,274773,14,,,1,200,,274774,14,,,1,200,,274775,14,,,1,204,,274776,14,,,1
3301,'20261109',926,,274779,14,,,1,100,,274780,14,,,1,100,,274781,14,,,1,100,,274782,14,,,1,104,,274783,14,,,1,100,,274784,14,,,1,79,,274785,14,0,5 14 15 9,1,25,,274786,14,,,1,67,,274787,14,0,5 14 15 9,1,23,,274788,14,0,16 17 9,1,24,,274789,14,,,1,67,,274790,14,0,5 14 15 9,1,20,,274791,14,,,1,19,,274792,14,0,5 14 15 9,1,60,,274793,14,0,16 17 9,1,10,,274794,14,0,5 14 15 9,1,15,,274795,14,0,16 17 9,1,20,,274796,14,0,5 14 15 9,1,63,,274797,14,0,5 14 15 9,1,18,,274798,14,,,1,70,,274799,14,0,5 14 15 9,1,23,,274800,14,0,16 17 9,1,67,,274801,14,0,5 14 15 9,1,25,,274802,14,,,1,30,,274803,14,0,5 14 15 9,1,70,,274804,14,0,16 17 9,1,30,,274805,14,0,5 14 15 9,1,66,,274806,14,,,1,100,,274807,14,0,16 17 9,1
3301,'20261110',926,,274811,14,,,1,100,,274812,14,,,1,100,,274813,14,,,1,100,,274814,14,,,1,104,,274815,14,,,1,100,,274816,14,,,1,79,,274817,14,0,5 14 15 9,1,25,,274818,14,,,1,67,,274819,14,0,5 14 15 9,1,23,,274820,14,0,16 17 9,1,24,,274821,14,,,1,67,,274822,14,0,5 14 15 9,1,20,,274823,14,,,1,19,,274824,14,0,5 14 15 9,1,60,,274825,14,0,16 17 9,1,10,,274826,14,0,5 14 15 9,1,15,,274827,14,0,16 17 9,1,20,,274828,14,0,5 14 15 9,1,63,,274829,14,0,5 14 15 9,1,18,,274830,14,,,1,70,,274831,14,0,5 14 15 9,1,23,,274832,14,0,16 17 9,1,67,,274833,14,0,5 14 15 9,1,25,,274834,14,,,1,30,,274835,14,0,5 14 15 9,1,70,,274836,14,0,16 17 9,1,30,,274837,14,0,5 14 15 9,1,66,,274838,14,,,1,100,,274839,14,0,16 17 9,1
3301,'20261111',926,,274843,14,,,1,100,,274844,14,,,1,100,,274845,14,,,1,100,,274846,14,,,1,104,,274847,14,,,1,100,,274848,14,,,1,79,,274849,14,0,5 14 15 9,1,25,,274850,14,,,1,67,,274851,14,0,5 14 15 9,1,23,,274852,14,0,16 17 9,1,24,,274853,14,,,1,67,,274854,14,0,5 14 15 9,1,20,,274855,14,,,1,19,,274856,14,0,5 14 15 9,1,60,,274857,14,0,16 17 9,1,10,,274858,14,0,5 14 15 9,1,15,,274859,14,0,16 17 9,1,20,,274860,14,0,5 14 15 9,1,63,,274861,14,0,5 14 15 9,1,18,,274862,14,,,1,70,,274863,14,0,5 14 15 9,1,23,,274864,14,0,16 17 9,1,67,,274865,14,0,5 14 15 9,1,25,,274866,14,,,1,30,,274867,14,0,5 14 15 9,1,70,,274868,14,0,16 17 9,1,30,,274869,14,0,5 14 15 9,1,66,,274870,14,,,1,100,,274871,14,0,16 17 9,1
3301,'20261112',926,,274875,14,,,1,100,,274876,14,,,1,100,,274877,14,,,1,100,,274878,14,,,1,104,,274879,14,,,1,100,,274880,14,,,1,79,,274881,14,0,5 14 15 9,1,25,,274882,14,,,1,67,,274883,14,0,5 14 15 9,1,23,,274884,14,0,16 17 9,1,24,,274885,14,,,1,67,,274886,14,0,5 14 15 9,1,20,,274887,14,,,1,19,,274888,14,0,5 14 15 9,1,60,,274889,14,0,16 17 9,1,10,,274890,14,0,5 14 15 9,1,15,,274891,14,0,16 17 9,1,20,,274892,14,0,5 14 15 9,1,63,,274893,14,0,5 14 15 9,1,18,,274894,14,,,1,70,,274895,14,0,5 14 15 9,1,23,,274896,14,0,16 17 9,1,67,,274897,14,0,5 14 15 9,1,25,,274898,14,,,1,30,,274899,14,0,5 14 15 9,1,70,,274900,14,0,16 17 9,1,30,,274901,14,0,5 14 15 9,1,66,,274902,14,,,1,100,,274903,14,0,16 17 9,1
3301,'20261113',926,,274907,14,,,1,100,,274908,14,,,1,100,,274909,14,,,1,100,,274910,14,,,1,104,,274911,14,,,1,100,,274912,14,,,1,79,,274913,14,0,5 14 15 9,1,25,,274914,14,,,1,67,,274915,14,0,5 14 15 9,1,23,,274916,14,0,16 17 9,1,24,,274917,14,,,1,67,,274918,14,0,5 14 15 9,1,20,,274919,14,,,1,19,,274920,14,0,5 14 15 9,1,60,,274921,14,0,16 17 9,1,10,,274922,14,0,5 14 15 9,1,15,,274923,14,0,16 17 9,1,20,,274924,14,0,5 14 15 9,1,63,,274925,14,0,5 14 15 9,1,18,,274926,14,,,1,70,,274927,14,0,5 14 15 9,1,23,,274928,14,0,16 17 9,1,67,,274929,14,0,5 14 15 9,1,25,,274930,14,,,1,30,,274931,14,0,5 14 15 9,1,70,,274932,14,0,16 17 9,1,30,,274933,14,0,5 14 15 9,1,66,,274934,14,,,1,100,,274935,14,0,16 17 9,1
3301,'20261114',1027,,274938,14,,,1,202,,274940,14,,,1,197,,274942,14,,,1,200,,274944,14,,,1,200,,274945,14,,,1,200,,274946,14,,,1,200,,274947,14,,,1,204,,274948,14,,,1
3301,'20261115',1027,,274950,14,,,1,202,,274952,14,,,1,197,,274954,14,,,1,200,,274956,14,,,1,200,,274957,14,,,1,200,,274958,14,,,1,200,,274959,14,,,1,204,,274960,14,,,1
3301,'20261116',926,,274963,14,,,1,100,,274964,14,,,1,100,,274965,14,,,1,100,,274966,14,,,1,104,,274967,14,,,1,100,,274968,14,,,1,79,,274969,14,0,5 14 15 9,1,25,,274970,14,,,1,67,,274971,14,0,5 14 15 9,1,23,,274972,14,0,16 17 9,1,24,,274973,14,,,1,67,,274974,14,0,5 14 15 9,1,20,,274975,14,,,1,19,,274976,14,0,5 14 15 9,1,60,,274977,14,0,16 17 9,1,10,,274978,14,0,5 14 15 9,1,15,,274979,14,0,16 17 9,1,20,,274980,14,0,5 14 15 9,1,63,,274981,14,0,5 14 15 9,1,18,,274982,14,,,1,70,,274983,14,0,5 14 15 9,1,23,,274984,14,0,16 17 9,1,67,,274985,14,0,5 14 15 9,1,25,,274986,14,,,1,30,,274987,14,0,5 14 15 9,1,70,,274988,14,0,16 17 9,1,30,,274989,14,0,5 14 15 9,1,66,,274990,14,,,1,100,,274991,14,0,16 17 9,1
3301,'20261117',926,,274995,14,,,1,100,,274996,14,,,1,100,,274997,14,,,1,100,,274998,14,,,1,104,,274999,14,,,1,100,,275000,14,,,1,79,,275001,14,0,5 14 15 9,1,25,,275002,14,,,1,67,,275003,14,0,5 14 15 9,1,23,,275004,14,0,16 17 9,1,24,,275005,14,,,1,67,,275006,14,0,5 14 15 9,1,20,,275007,14,,,1,19,,275008,14,0,5 14 15 9,1,60,,275009,14,0,16 17 9,1,10,,275010,14,0,5 14 15 9,1,15,,275011,14,0,16 17 9,1,20,,275012,14,0,5 14 15 9,1,63,,275013,14,0,5 14 15 9,1,18,,275014,14,,,1,70,,275015,14,0,5 14 15 9,1,23,,275016,14,0,16 17 9,1,67,,275017,14,0,5 14 15 9,1,25,,275018,14,,,1,30,,275019,14,0,5 14 15 9,1,70,,275020,14,0,16 17 9,1,30,,275021,14,0,5 14 15 9,1,66,,275022,14,,,1,100,,275023,14,0,16 17 9,1
3301,'20261118',926,,275027,14,,,1,100,,275028,14,,,1,100,,275029,14,,,1,100,,275030,14,,,1,104,,275031,14,,,1,100,,275032,14,,,1,79,,275033,14,0,5 14 15 9,1,25,,275034,14,,,1,67,,275035,14,0,5 14 15 9,1,23,,275036,14,0,16 17 9,1,24,,275037,14,,,1,67,,275038,14,0,5 14 15 9,1,20,,275039,14,,,1,19,,275040,14,0,5 14 15 9,1,60,,275041,14,0,16 17 9,1,10,,275042,14,0,5 14 15 9,1,15,,275043,14,0,16 17 9,1,20,,275044,14,0,5 14 15 9,1,63,,275045,14,0,5 14 15 9,1,18,,275046,14,,,1,70,,275047,14,0,5 14 15 9,1,23,,275048,14,0,16 17 9,1,67,,275049,14,0,5 14 15 9,1,25,,275050,14,,,1,30,,275051,14,0,5 14 15 9,1,70,,275052,14,0,16 17 9,1,30,,275053,14,0,5 14 15 9,1,66,,275054,14,,,1,100,,275055,14,0,16 17 9,1
3301,'20261119',926,,275059,14,,,1,100,,275060,14,,,1,100,,275061,14,,,1,100,,275062,14,,,1,104,,275063,14,,,1,100,,275064,14,,,1,79,,275065,14,0,5 14 15 9,1,25,,275066,14,,,1,67,,275067,14,0,5 14 15 9,1,23,,275068,14,0,16 17 9,1,24,,275069,14,,,1,67,,275070,14,0,5 14 15 9,1,20,,275071,14,,,1,19,,275072,14,0,5 14 15 9,1,60,,275073,14,0,16 17 9,1,10,,275074,14,0,5 14 15 9,1,15,,275075,14,0,16 17 9,1,20,,275076,14,0,5 14 15 9,1,63,,275077,14,0,5 14 15 9,1,18,,275078,14,,,1,70,,275079,14,0,5 14 15 9,1,23,,275080,14,0,16 17 9,1,67,,275081,14,0,5 14 15 9,1,25,,275082,14,,,1,30,,275083,14,0,5 14 15 9,1,70,,275084,14,0,16 17 9,1,30,,275085,14,0,5 14 15 9,1,66,,275086,14,,,1,100,,275087,14,0,16 17 9,1
3301,'20261120',926,,275091,14,,,1,100,,275092,14,,,1,100,,275093,14,,,1,100,,275094,14,,,1,104,,275095,14,,,1,100,,275096,14,,,1,79,,275097,14,0,5 14 15 9,1,25,,275098,14,,,1,67,,275099,14,0,5 14 15 9,1,23,,275100,14,0,16 17 9,1,24,,275101,14,,,1,67,,275102,14,0,5 14 15 9,1,20,,275103,14,,,1,19,,275104,14,0,5 14 15 9,1,60,,275105,14,0,16 17 9,1,10,,275106,14,0,5 14 15 9,1,15,,275107,14,0,16 17 9,1,20,,275108,14,0,5 14 15 9,1,63,,275109,14,0,5 14 15 9,1,18,,275110,14,,,1,70,,275111,14,0,5 14 15 9,1,23,,275112,14,0,16 17 9,1,67,,275113,14,0,5 14 15 9,1,25,,275114,14,,,1,30,,275115,14,0,5 14 15 9,1,70,,275116,14,0,16 17 9,1,30,,275117,14,0,5 14 15 9,1,66,,275118,14,,,1,100,,275119,14,0,16 17 9,1
3301,'20261121',1027,,275122,14,,,1,202,,275124,14,,,1,197,,275126,14,,,1,200,,275128,14,,,1,200,,275129,14,,,1,200,,275130,14,,,1,200,,275131,14,,,1,204,,275132,14,,,1
3301,'20261122',1027,,275134,14,,,1,202,,275136,14,,,1,197,,275138,14,,,1,200,,275140,14,,,1,200,,275141,14,,,1,200,,275142,14,,,1,200,,275143,14,,,1,204,,275144,14,,,1
3301,'20261123',926,,275147,14,,,1,100,,275148,14,,,1,100,,275149,14,,,1,100,,275150,14,,,1,104,,275151,14,,,1,100,,275152,14,,,1,79,,275153,14,0,5 14 15 9,1,25,,275154,14,,,1,67,,275155,14,0,5 14 15 9,1,23,,275156,14,0,16 17 9,1,24,,275157,14,,,1,67,,275158,14,0,5 14 15 9,1,20,,275159,14,,,1,19,,275160,14,0,5 14 15 9,1,60,,275161,14,0,16 17 9,1,10,,275162,14,0,5 14 15 9,1,15,,275163,14,0,16 17 9,1,20,,275164,14,0,5 14 15 9,1,63,,275165,14,0,5 14 15 9,1,18,,275166,14,,,1,70,,275167,14,0,5 14 15 9,1,23,,275168,14,0,16 17 9,1,67,,275169,14,0,5 14 15 9,1,25,,275170,14,,,1,30,,275171,14,0,5 14 15 9,1,70,,275172,14,0,16 17 9,1,30,,275173,14,0,5 14 15 9,1,66,,275174,14,,,1,100,,275175,14,0,16 17 9,1
3301,'20261124',926,,275179,14,,,1,100,,275180,14,,,1,100,,275181,14,,,1,100,,275182,14,,,1,104,,275183,14,,,1,100,,275184,14,,,1,79,,275185,14,0,5 14 15 9,1,25,,275186,14,,,1,67,,275187,14,0,5 14 15 9,1,23,,275188,14,0,16 17 9,1,24,,275189,14,,,1,67,,275190,14,0,5 14 15 9,1,20,,275191,14,,,1,19,,275192,14,0,5 14 15 9,1,60,,275193,14,0,16 17 9,1,10,,275194,14,0,5 14 15 9,1,15,,275195,14,0,16 17 9,1,20,,275196,14,0,5 14 15 9,1,63,,275197,14,0,5 14 15 9,1,18,,275198,14,,,1,70,,275199,14,0,5 14 15 9,1,23,,275200,14,0,16 17 9,1,67,,275201,14,0,5 14 15 9,1,25,,275202,14,,,1,30,,275203,14,0,5 14 15 9,1,70,,275204,14,0,16 17 9,1,30,,275205,14,0,5 14 15 9,1,66,,275206,14,,,1,100,,275207,14,0,16 17 9,1
3301,'20261125',926,,275211,14,,,1,100,,275212,14,,,1,100,,275213,14,,,1,100,,275214,14,,,1,104,,275215,14,,,1,100,,275216,14,,,1,79,,275217,14,0,5 14 15 9,1,25,,275218,14,,,1,67,,275219,14,0,5 14 15 9,1,23,,275220,14,0,16 17 9,1,24,,275221,14,,,1,67,,275222,14,0,5 14 15 9,1,20,,275223,14,,,1,19,,275224,14,0,5 14 15 9,1,60,,275225,14,0,16 17 9,1,10,,275226,14,0,5 14 15 9,1,15,,275227,14,0,16 17 9,1,20,,275228,14,0,5 14 15 9,1,63,,275229,14,0,5 14 15 9,1,18,,275230,14,,,1,70,,275231,14,0,5 14 15 9,1,23,,275232,14,0,16 17 9,1,67,,275233,14,0,5 14 15 9,1,25,,275234,14,,,1,30,,275235,14,0,5 14 15 9,1,70,,275236,14,0,16 17 9,1,30,,275237,14,0,5 14 15 9,1,66,,275238,14,,,1,100,,275239,14,0,16 17 9,1
3301,'20261126',926,,275243,14,,,1,100,,275244,14,,,1,100,,275245,14,,,1,100,,275246,14,,,1,104,,275247,14,,,1,100,,275248,14,,,1,79,,275249,14,0,5 14 15 9,1,25,,275250,14,,,1,67,,275251,14,0,5 14 15 9,1,23,,275252,14,0,16 17 9,1,24,,275253,14,,,1,67,,275254,14,0,5 14 15 9,1,20,,275255,14,,,1,19,,275256,14,0,5 14 15 9,1,60,,275257,14,0,16 17 9,1,10,,275258,14,0,5 14 15 9,1,15,,275259,14,0,16 17 9,1,20,,275260,14,0,5 14 15 9,1,63,,275261,14,0,5 14 15 9,1,18,,275262,14,,,1,70,,275263,14,0,5 14 15 9,1,23,,275264,14,0,16 17 9,1,67,,275265,14,0,5 14 15 9,1,25,,275266,14,,,1,30,,275267,14,0,5 14 15 9,1,70,,275268,14,0,16 17 9,1,30,,275269,14,0,5 14 15 9,1,66,,275270,14,,,1,100,,275271,14,0,16 17 9,1
3301,'20261127',926,,275275,14,,,1,100,,275276,14,,,1,100,,275277,14,,,1,100,,275278,14,,,1,104,,275279,14,,,1,100,,275280,14,,,1,79,,275281,14,0,5 14 15 9,1,25,,275282,14,,,1,67,,275283,14,0,5 14 15 9,1,23,,275284,14,0,16 17 9,1,24,,275285,14,,,1,67,,275286,14,0,5 14 15 9,1,20,,275287,14,,,1,19,,275288,14,0,5 14 15 9,1,60,,275289,14,0,16 17 9,1,10,,275290,14,0,5 14 15 9,1,15,,275291,14,0,16 17 9,1,20,,275292,14,0,5 14 15 9,1,63,,275293,14,0,5 14 15 9,1,18,,275294,14,,,1,70,,275295,14,0,5 14 15 9,1,23,,275296,14,0,16 17 9,1,67,,275297,14,0,5 14 15 9,1,25,,275298,14,,,1,30,,275299,14,0,5 14 15 9,1,70,,275300,14,0,16 17 9,1,30,,275301,14,0,5 14 15 9,1,66,,275302,14,,,1,100,,275303,14,0,16 17 9,1
3700,'20260917',548,,278922,2,0,7 81 82,1,156,,278923,2,0,7 81 82,1,628,,278924,2,,,1,301,,278925,2,,,1,108,,278926,2,,,1,101,,278927,2,,,1,189,,278928,2,,,1
3700,'20260918',548,,278929,2,0,7 81 82,1,156,,278930,2,0,7 81 82,1,628,,278931,2,,,1,301,,278932,2,,,1,108,,278933,2,,,1,101,,278934,2,,,1,189,,278935,2,,,1
3700,'20260921',548,,278936,2,0,7 81 82,1,156,,278937,2,0,7 81 82,1,628,,278938,2,,,1,301,,278939,2,,,1,108,,278940,2,,,1,101,,278941,2,,,1,189,,278942,2,,,1
3700,'20260922',548,,278943,2,0,7 81 82,1,156,,278944,2,0,7 81 82,1,628,,278945,2,,,1,301,,278946,2,,,1,108,,278947,2,,,1,101,,278948,2,,,1,189,,278949,2,,,1
3700,'20260923',548,,278950,2,0,7 81 82,1,156,,278951,2,0,7 81 82,1,628,,278952,2,,,1,301,,278953,2,,,1,108,,278954,2,,,1,101,,278955,2,,,1,189,,278956,2,,,1
3700,'20260924',548,,278957,2,0,7 81 82,1,156,,278958,2,0,7 81 82,1,628,,278959,2,,,1,301,,278960,2,,,1,108,,278961,2,,,1,101,,278962,2,,,1,189,,278963,2,,,1
3700,'20260925',548,,278964,2,0,7 81 82,1,156,,278965,2,0,7 81 82,1,628,,278966,2,,,1,301,,278967,2,,,1,108,,278968,2,,,1,101,,278969,2,,,1,189,,278970,2,,,1
3700,'20260928',548,,278971,2,0,7 81 82,1,156,,278972,2,0,7 81 82,1,628,,278973,2,,,1,301,,278974,2,,,1,108,,278975,2,,,1,101,,278976,2,,,1,189,,278977,2,,,1
3700,'20260929',548,,278978,2,0,7 81 82,1,156,,278979,2,0,7 81 82,1,628,,278980,2,,,1,301,,278981,2,,,1,108,,278982,2,,,1,101,,278983,2,,,1,189,,278984,2,,,1
3700,'20260930',548,,278985,2,0,7 81 82,1,156,,278986,2,0,7 81 82,1,628,,278987,2,,,1,301,,278988,2,,,1,108,,278989,2,,,1,101,,278990,2,,,1,189,,278991,2,,,1
3700,'20261001',548,,278992,2,0,7 81 82,1,156,,278993,2,0,7 81 82,1,628,,278994,2,,,1,301,,278995,2,,,1,108,,278996,2,,,1,101,,278997,2,,,1,189,,278998,2,,,1
3700,'20261002',548,,278999,2,0,7 81 82,1,156,,279000,2,0,7 81 82,1,628,,279001,2,,,1,301,,279002,2,,,1,108,,279003,2,,,1,101,,279004,2,,,1,189,,279005,2,,,1
3700,'20261005',548,,279006,2,0,7 81 82,1,156,,279007,2,0,7 81 82,1,628,,279008,2,,,1,301,,279009,2,,,1,108,,279010,2,,,1,101,,279011,2,,,1,189,,279012,2,,,1
3700,'20261006',548,,279013,2,0,7 81 82,1,156,,279014,2,0,7 81 82,1,628,,279015,2,,,1,301,,279016,2,,,1,108,,279017,2,,,1,101,,279018,2,,,1,189,,279019,2,,,1
3700,'20261007',548,,279020,2,0,7 81 82,1,156,,279021,2,0,7 81 82,1,628,,279022,2,,,1,301,,279023,2,,,1,108,,279024,2,,,1,101,,279025,2,,,1,189,,279026,2,,,1
3700,'20261008',548,,279027,2,0,7 81 82,1,156,,279028,2,0,7 81 82,1,628,,279029,2,,,1,301,,279030,2,,,1,108,,279031,2,,,1,101,,279032,2,,,1,189,,279033,2,,,1
3700,'20261009',548,,279034,2,0,7 81 82,1,156,,279035,2,0,7 81 82,1,628,,279036,2,,,1,301,,279037,2,,,1,108,,279038,2,,,1,101,,279039,2,,,1,189,,279040,2,,,1
3700,'20261013',548,,279041,2,0,7 81 82,1,156,,279042,2,0,7 81 82,1,628,,279043,2,,,1,301,,279044,2,,,1,108,,279045,2,,,1,101,,279046,2,,,1,189,,279047,2,,,1
3700,'20261014',548,,279048,2,0,7 81 82,1,156,,279049,2,0,7 81 82,1,628,,279050,2,,,1,301,,279051,2,,,1,108,,279052,2,,,1,101,,279053,2,,,1,189,,279054,2,,,1
3700,'20261015',548,,279055,2,0,7 81 82,1,156,,279056,2,0,7 81 82,1,628,,279057,2,,,1,301,,279058,2,,,1,108,,279059,2,,,1,101,,279060,2,,,1,189,,279061,2,,,1
3700,'20261016',548,,279062,2,0,7 81 82,1,156,,279063,2,0,7 81 82,1,628,,279064,2,,,1,301,,279065,2,,,1,108,,279066,2,,,1,101,,279067,2,,,1,189,,279068,2,,,1
3700,'20261019',548,,279069,2,0,7 81 82,1,156,,279070,2,0,7 81 82,1,628,,279071,2,,,1,301,,279072,2,,,1,108,,279073,2,,,1,101,,279074,2,,,1,189,,279075,2,,,1
3700,'20261020',548,,279076,2,0,7 81 82,1,156,,279077,2,0,7 81 82,1,628,,279078,2,,,1,301,,279079,2,,,1,108,,279080,2,,,1,101,,279081,2,,,1,189,,279082,2,,,1
3700,'20261021',548,,279083,2,0,7 81 82,1,156,,279084,2,0,7 81 82,1,628,,279085,2,,,1,301,,279086,2,,,1,108,,279087,2,,,1,101,,279088,2,,,1,189,,279089,2,,,1
3700,'20261022',548,,279090,2,0,7 81 82,1,156,,279091,2,0,7 81 82,1,628,,279092,2,,,1,301,,279093,2,,,1,108,,279094,2,,,1,101,,279095,2,,,1,189,,279096,2,,,1
3700,'20261023',548,,279097,2,0,7 81 82,1,156,,279098,2,0,7 81 82,1,628,,279099,2,,,1,301,,279100,2,,,1,108,,279101,2,,,1,101,,279102,2,,,1,189,,279103,2,,,1
3700,'20261026',548,,279104,2,0,7 81 82,1,156,,279105,2,0,7 81 82,1,628,,279106,2,,,1,301,,279107,2,,,1,108,,279108,2,,,1,101,,279109,2,,,1,189,,279110,2,,,1
3700,'20261027',548,,279111,2,0,7 81 82,1,156,,279112,2,0,7 81 82,1,628,,279113,2,,,1,301,,279114,2,,,1,108,,279115,2,,,1,101,,279116,2,,,1,189,,279117,2,,,1
3700,'20261028',548,,279118,2,0,7 81 82,1,156,,279119,2,0,7 81 82,1,628,,279120,2,,,1,301,,279121,2,,,1,108,,279122,2,,,1,101,,279123,2,,,1,189,,279124,2,,,1
3700,'20261029',548,,279125,2,0,7 81 82,1,156,,279126,2,0,7 81 82,1,628,,279127,2,,,1,301,,279128,2,,,1,108,,279129,2,,,1,101,,279130,2,,,1,189,,279131,2,,,1
3700,'20261030',548,,279132,2,0,7 81 82,1,156,,279133,2,0,7 81 82,1,628,,279134,2,,,1,301,,279135,2,,,1,108,,279136,2,,,1,101,,279137,2,,,1,189,,279138,2,,,1
3700,'20261102',548,,279139,2,0,7 81 82,1,156,,279140,2,0,7 81 82,1,628,,279141,2,,,1,301,,279142,2,,,1,108,,279143,2,,,1,101,,279144,2,,,1,189,,279145,2,,,1
3700,'20261103',548,,279146,2,0,7 81 82,1,156,,279147,2,0,7 81 82,1,628,,279148,2,,,1,301,,279149,2,,,1,108,,279150,2,,,1,101,,279151,2,,,1,189,,279152,2,,,1
3700,'20261104',548,,279153,2,0,7 81 82,1,156,,279154,2,0,7 81 82,1,628,,279155,2,,,1,301,,279156,2,,,1,108,,279157,2,,,1,101,,279158,2,,,1,189,,279159,2,,,1
3700,'20261105',548,,279160,2,0,7 81 82,1,156,,279161,2,0,7 81 82,1,628,,279162,2,,,1,301,,279163,2,,,1,108,,279164,2,,,1,101,,279165,2,,,1,189,,279166,2,,,1
3700,'20261106',548,,279167,2,0,7 81 82,1,156,,279168,2,0,7 81 82,1,628,,279169,2,,,1,301,,279170,2,,,1,108,,279171,2,,,1,101,,279172,2,,,1,189,,279173,2,,,1
3700,'20261109',548,,279174,2,0,7 81 82,1,156,,279175,2,0,7 81 82,1,628,,279176,2,,,1,301,,279177,2,,,1,108,,279178,2,,,1,101,,279179,2,,,1,189,,279180,2,,,1
3700,'20261110',548,,279181,2,0,7 81 82,1,156,,279182,2,0,7 81 82,1,628,,279183,2,,,1,301,,279184,2,,,1,108,,279185,2,,,1,101,,279186,2,,,1,189,,279187,2,,,1
3700,'20261111',548,,279188,2,0,7 81 82,1,156,,279189,2,0,7 81 82,1,628,,279190,2,,,1,301,,279191,2,,,1,108,,279192,2,,,1,101,,279193,2,,,1,189,,279194,2,,,1
3700,'20261112',548,,279195,2,0,7 81 82,1,156,,279196,2,0,7 81 82,1,628,,279197,2,,,1,301,,279198,2,,,1,108,,279199,2,,,1,101,,279200,2,,,1,189,,279201,2,,,1
3700,'20261113',548,,279202,2,0,7 81 82,1,156,,279203,2,0,7 81 82,1,628,,279204,2,,,1,301,,279205,2,,,1,108,,279206,2,,,1,101,,279207,2,,,1,189,,279208,2,,,1
3700,'20261116',548,,279209,2,0,7 81 82,1,156,,279210,2,0,7 81 82,1,628,,279211,2,,,1,301,,279212,2,,,1,108,,279213,2,,,1,101,,279214,2,,,1,189,,279215,2,,,1
3700,'20261117',548,,279216,2,0,7 81 82,1,156,,279217,2,0,7 81 82,1,628,,279218,2,,,1,301,,279219,2,,,1,108,,279220,2,,,1,101,,279221,2,,,1,189,,279222,2,,,1
3700,'20261118',548,,279223,2,0,7 81 82,1,156,,279224,2,0,7 81 82,1,628,,279225,2,,,1,301,,279226,2,,,1,108,,279227,2,,,1,101,,279228,2,,,1,189,,279229,2,,,1
3700,'20261119',548,,279230,2,0,7 81 82,1,156,,279231,2,0,7 81 82,1,628,,279232,2,,,1,301,,279233,2,,,1,108,,279234,2,,,1,101,,279235,2,,,1,189,,279236,2,,,1
3700,'20261120',548,,279237,2,0,7 81 82,1,156,,279238,2,0,7 81 82,1,628,,279239,2,,,1,301,,279240,2,,,1,108,,279241,2,,,1,101,,279242,2,,,1,189,,279243,2,,,1
3700,'20261123',548,,279244,2,0,7 81 82,1,156,,279245,2,0,7 81 82,1,628,,279246,2,,,1,301,,279247,2,,,1,108,,279248,2,,,1,101,,279249,2,,,1,189,,279250,2,,,1
3700,'20261124',548,,279251,2,0,7 81 82,1,156,,279252,2,0,7 81 82,1,628,,279253,2,,,1,301,,279254,2,,,1,108,,279255,2,,,1,101,,279256,2,,,1,189,,279257,2,,,1
3700,'20261125',548,,279258,2,0,7 81 82,1,156,,279259,2,0,7 81 82,1,628,,279260,2,,,1,301,,279261,2,,,1,108,,279262,2,,,1,101,,279263,2,,,1,189,,279264,2,,,1
3700,'20261126',548,,279265,2,0,7 81 82,1,156,,279266,2,0,7 81 82,1,628,,279267,2,,,1,301,,279268,2,,,1,108,,279269,2,,,1,101,,279270,2,,,1,189,,279271,2,,,1
3700,'20261127',548,,279272,2,0,7 81 82,1,156,,279273,2,0,7 81 82,1,628,,279274,2,,,1,301,,279275,2,,,1,108,,279276,2,,,1,101,,279277,2,,,1,189,,279278,2,,,1
