7001,'20260917',1708,,317446,36,,,1
7001,'20260918',1708,,317453,36,,,1
7001,'20260921',1708,,317462,36,,,1
7001,'20260922',1708,,317469,36,,,1
7001,'20260923',1708,,317476,36,,,1
7001,'20260924',1708,,317483,36,,,1
7001,'20260925',1708,,317490,36,,,1
7001,'20260928',1708,,317499,36,,,1
7001,'20260929',1708,,317506,36,,,1
7001,'20260930',1708,,317513,36,,,1
7001,'20261001',1708,,317520,36,,,1
7001,'20261002',1708,,317527,36,,,1
7001,'20261005',1708,,317536,36,,,1
7001,'20261006',1708,,317543,36,,,1
7001,'20261007',1708,,317550,36,,,1
7001,'20261008',1708,,317557,36,,,1
7001,'20261009',1708,,317564,36,,,1
7001,'20261013',1708,,317574,36,,,1
7001,'20261014',1708,,317581,36,,,1
7001,'20261015',1708,,317588,36,,,1
7001,'20261016',1708,,317595,36,,,1
7001,'20261019',1708,,317604,36,,,1
7001,'20261020',1708,,317611,36,,,1
7001,'20261021',1708,,317618,36,,,1
7001,'20261022',1708,,317625,36,,,1
7001,'20261023',1708,,317632,36,,,1
7001,'20261026',1708,,317641,36,,,1
7001,'20261027',1708,,317648,36,,,1
7001,'20261028',1708,,317655,36,,,1
7001,'20261029',1708,,317662,36,,,1
7001,'20261030',1708,,317669,36,,,1
7001,'20261102',1708,,317678,36,,,1
7001,'20261103',1708,,317685,36,,,1
7001,'20261104',1708,,317692,36,,,1
7001,'20261105',1708,,317699,36,,,1
7001,'20261106',1708,,317706,36,,,1
7001,'20261109',1708,,317715,36,,,1
7001,'20261110',1708,,317722,36,,,1
7001,'20261111',1708,,317729,36,,,1
7001,'20261112',1708,,317736,36,,,1
7001,'20261113',1708,,317743,36,,,1
7001,'20261116',1708,,317752,36,,,1
7001,'20261117',1708,,317759,36,,,1
7001,'20261118',1708,,317766,36,,,1
7001,'20261119',1708,,317773,36,,,1
7001,'20261120',1708,,317780,36,,,1
7001,'20261123',1708,,317789,36,,,1
7001,'20261124',1708,,317796,36,,,1
7001,'20261125',1708,,317803,36,,,1
7001,'20261126',1708,,317810,36,,,1
7001,'20261127',1708,,317817,36,,,1
7101,'20260917',510,,319402,36,,,1,1103,,319403,9,0,16 29 30,1,5,,319404,24,0,31 29 30,1,214,,319405,36,,,1,315,,319406,36,,,1,91,,319408,9,0,16 29 30,1,96,,319407,36,,,1,205,,319409,24,0,31 29 30,1
7101,'20260918',510,,319410,36,,,1,1103,,319411,9,0,16 29 30,1,5,,319412,24,0,31 29 30,1,214,,319413,36,,,1,315,,319414,36,,,1,91,,319416,9,0,16 29 30,1,96,,319415,36,,,1,205,,319417,24,0,31 29 30,1
7101,'20260919',639,,319418,36,,,1,88,,319419,9,0,16 29 30,1,5,,319420,24,0,31 29 30,1,95,,319421,9,0,16 29 30,1,5,,319422,36,,,1,100,,319424,9,0,16 29 30,1,70,,319425,9,0,16 29 30,1,27,,319427,9,0,16 29 30,1,75,,319428,9,0,16 29 30,1,25,,319430,9,0,16 29 30,1,30,,319431,9,0,16 29 30,1,70,,319433,36,,,1,30,,319434,9,0,16 29 30,1,70,,319436,9,0,16 29 30,1,30,,319437,9,0,16 29 30,1,70,,319439,36,,,1,200,,319441,36,,,1,198,,319442,9,0,16 29 30,1,5,,319443,36,,,1,200,,319444,36,,,1,196,,319445,36,,,1,111,,319446,24,0,31 29 30,1,200,,319447,24,0,31 29 30,1
7101,'20260920',639,,319448,36,,,1,88,,319449,9,0,16 29 30,1,5,,319450,24,0,31 29 30,1,95,,319451,9,0,16 29 30,1,5,,319452,36,,,1,100,,319454,9,0,16 29 30,1,70,,319455,9,0,16 29 30,1,27,,319457,9,0,16 29 30,1,75,,319458,9,0,16 29 30,1,25,,319460,9,0,16 29 30,1,30,,319461,9,0,16 29 30,1,70,,319463,36,,,1,30,,319464,9,0,16 29 30,1,70,,319466,9,0,16 29 30,1,30,,319467,9,0,16 29 30,1,70,,319469,36,,,1,200,,319471,36,,,1,198,,319472,9,0,16 29 30,1,5,,319473,36,,,1,200,,319474,36,,,1,196,,319475,36,,,1,111,,319476,24,0,31 29 30,1,200,,319477,24,0,31 29 30,1
7101,'20260921',510,,319478,36,,,1,1103,,319479,9,0,16 29 30,1,5,,319480,24,0,31 29 30,1,214,,319481,36,,,1,315,,319482,36,,,1,91,,319484,9,0,16 29 30,1,96,,319483,36,,,1,205,,319485,24,0,31 29 30,1
7101,'20260922',510,,319486,36,,,1,1103,,319487,9,0,16 29 30,1,5,,319488,24,0,31 29 30,1,214,,319489,36,,,1,315,,319490,36,,,1,91,,319492,9,0,16 29 30,1,96,,319491,36,,,1,205,,319493,24,0,31 29 30,1
7101,'20260923',510,,319494,36,,,1,1103,,319495,9,0,16 29 30,1,5,,319496,24,0,31 29 30,1,214,,319497,36,,,1,315,,319498,36,,,1,91,,319500,9,0,16 29 30,1,96,,319499,36,,,1,205,,319501,24,0,31 29 30,1
7101,'20260924',510,,319502,36,,,1,1103,,319503,9,0,16 29 30,1,5,,319504,24,0,31 29 30,1,214,,319505,36,,,1,315,,319506,36,,,1,91,,319508,9,0,16 29 30,1,96,,319507,36,,,1,205,,319509,24,0,31 29 30,1
7101,'20260925',510,,319510,36,,,1,1103,,319511,9,0,16 29 30,1,5,,319512,24,0,31 29 30,1,214,,319513,36,,,1,315,,319514,36,,,1,91,,319516,9,0,16 29 30,1,96,,319515,36,,,1,205,,319517,24,0,31 29 30,1
7101,'20260926',639,,319518,36,,,1,88,,319519,9,0,16 29 30,1,5,,319520,24,0,31 29 30,1,95,,319521,9,0,16 29 30,1,5,,319522,36,,,1,100,,319524,9,0,16 29 30,1,70,,319525,9,0,16 29 30,1,27,,319527,9,0,16 29 30,1,75,,319528,9,0,16 29 30,1,25,,319530,9,0,16 29 30,1,30,,319531,9,0,16 29 30,1,70,,319533,36,,,1,30,,319534,9,0,16 29 30,1,70,,319536,9,0,16 29 30,1,30,,319537,9,0,16 29 30,1,70,,319539,36,,,1,115,,332334,24,0,31 29 30,1,5,,332335,9,0,16 29 30,1,80,,319541,36,,,1,115,,332336,9,0,16 29 30,1,5,,332337,9,0,16 29 30,1,78,,319542,9,0,16 29 30,1,5,,319543,36,,,1,105,,332338,9,0,16 29 30,1,5,,332339,9,0,16 29 30,1,90,,319544,36,,,1,105,,332340,9,0,16 29 30,1,5,,332341,9,0,16 29 30,1,86,,319545,36,,,1,111,,319546,24,0,31 29 30,1,200,,319547,24,0,31 29 30,1
7101,'20260927',639,,319548,36,,,1,88,,319549,9,0,16 29 30,1,5,,319550,24,0,31 29 30,1,95,,319551,9,0,16 29 30,1,5,,319552,36,,,1,100,,319554,9,0,16 29 30,1,70,,319555,9,0,16 29 30,1,27,,319557,9,0,16 29 30,1,75,,319558,9,0,16 29 30,1,25,,319560,9,0,16 29 30,1,30,,319561,9,0,16 29 30,1,70,,319563,36,,,1,30,,319564,9,0,16 29 30,1,70,,319566,9,0,16 29 30,1,30,,319567,9,0,16 29 30,1,70,,319569,36,,,1,115,,332342,24,0,31 29 30,1,5,,332343,9,0,16 29 30,1,80,,319571,36,,,1,115,,332344,9,0,16 29 30,1,5,,332345,9,0,16 29 30,1,78,,319572,9,0,16 29 30,1,5,,319573,36,,,1,105,,332346,9,0,16 29 30,1,5,,332347,9,0,16 29 30,1,90,,319574,36,,,1,105,,332348,9,0,16 29 30,1,5,,332349,9,0,16 29 30,1,86,,319575,36,,,1,111,,319576,24,0,31 29 30,1,200,,319577,24,0,31 29 30,1
7101,'20260928',510,,319578,36,,,1,1103,,319579,9,0,16 29 30,1,5,,319580,24,0,31 29 30,1,214,,319581,36,,,1,315,,319582,36,,,1,91,,319584,9,0,16 29 30,1,96,,319583,36,,,1,205,,319585,24,0,31 29 30,1
7101,'20260929',510,,319586,36,,,1,1103,,319587,9,0,16 29 30,1,5,,319588,24,0,31 29 30,1,214,,319589,36,,,1,315,,319590,36,,,1,91,,319592,9,0,16 29 30,1,96,,319591,36,,,1,205,,319593,24,0,31 29 30,1
7101,'20260930',510,,319594,36,,,1,1103,,319595,9,0,16 29 30,1,5,,319596,24,0,31 29 30,1,214,,319597,36,,,1,315,,319598,36,,,1,91,,319600,9,0,16 29 30,1,96,,319599,36,,,1,205,,319601,24,0,31 29 30,1
7101,'20261001',510,,319602,36,,,1,1103,,319603,9,0,16 29 30,1,5,,319604,24,0,31 29 30,1,214,,319605,36,,,1,315,,319606,36,,,1,91,,319608,9,0,16 29 30,1,96,,319607,36,,,1,205,,319609,24,0,31 29 30,1
7101,'20261002',510,,319610,36,,,1,1103,,319611,9,0,16 29 30,1,5,,319612,24,0,31 29 30,1,214,,319613,36,,,1,315,,319614,36,,,1,91,,319616,9,0,16 29 30,1,96,,319615,36,,,1,205,,319617,24,0,31 29 30,1
7101,'20261003',639,,319618,36,,,1,88,,319619,9,0,16 29 30,1,5,,319620,24,0,31 29 30,1,95,,319621,9,0,16 29 30,1,5,,319622,36,,,1,100,,319624,9,0,16 29 30,1,70,,319625,9,0,16 29 30,1,27,,319627,9,0,16 29 30,1,75,,319628,9,0,16 29 30,1,25,,319630,9,0,16 29 30,1,30,,319631,9,0,16 29 30,1,70,,319633,36,,,1,30,,319634,9,0,16 29 30,1,70,,319636,9,0,16 29 30,1,30,,319637,9,0,16 29 30,1,70,,319639,36,,,1,200,,319641,36,,,1,198,,319642,9,0,16 29 30,1,5,,319643,36,,,1,200,,319644,36,,,1,196,,319645,36,,,1,111,,319646,24,0,31 29 30,1,200,,319647,24,0,31 29 30,1
7101,'20261004',639,,319648,36,,,1,88,,319649,9,0,16 29 30,1,5,,319650,24,0,31 29 30,1,95,,319651,9,0,16 29 30,1,5,,319652,36,,,1,100,,319654,9,0,16 29 30,1,70,,319655,9,0,16 29 30,1,27,,319657,9,0,16 29 30,1,75,,319658,9,0,16 29 30,1,25,,319660,9,0,16 29 30,1,30,,319661,9,0,16 29 30,1,70,,319663,36,,,1,30,,319664,9,0,16 29 30,1,70,,319666,9,0,16 29 30,1,30,,319667,9,0,16 29 30,1,70,,319669,36,,,1,200,,319671,36,,,1,198,,319672,9,0,16 29 30,1,5,,319673,36,,,1,200,,319674,36,,,1,196,,319675,36,,,1,111,,319676,24,0,31 29 30,1,200,,319677,24,0,31 29 30,1
7101,'20261005',510,,319678,36,,,1,1103,,319679,9,0,16 29 30,1,5,,319680,24,0,31 29 30,1,214,,319681,36,,,1,315,,319682,36,,,1,91,,319684,9,0,16 29 30,1,96,,319683,36,,,1,205,,319685,24,0,31 29 30,1
7101,'20261006',510,,319686,36,,,1,1103,,319687,9,0,16 29 30,1,5,,319688,24,0,31 29 30,1,214,,319689,36,,,1,315,,319690,36,,,1,91,,319692,9,0,16 29 30,1,96,,319691,36,,,1,205,,319693,24,0,31 29 30,1
7101,'20261007',510,,319694,36,,,1,1103,,319695,9,0,16 29 30,1,5,,319696,24,0,31 29 30,1,214,,319697,36,,,1,315,,319698,36,,,1,91,,319700,9,0,16 29 30,1,96,,319699,36,,,1,205,,319701,24,0,31 29 30,1
7101,'20261008',510,,319702,36,,,1,1103,,319703,9,0,16 29 30,1,5,,319704,24,0,31 29 30,1,214,,319705,36,,,1,315,,319706,36,,,1,91,,319708,9,0,16 29 30,1,96,,319707,36,,,1,205,,319709,24,0,31 29 30,1
7101,'20261009',510,,319710,36,,,1,1103,,319711,9,0,16 29 30,1,5,,319712,24,0,31 29 30,1,214,,319713,36,,,1,315,,319714,36,,,1,91,,319716,9,0,16 29 30,1,96,,319715,36,,,1,205,,319717,24,0,31 29 30,1
7101,'20261010',639,,319718,36,,,1,88,,319719,9,0,16 29 30,1,5,,319720,24,0,31 29 30,1,95,,319721,9,0,16 29 30,1,5,,319722,36,,,1,100,,319724,9,0,16 29 30,1,70,,319725,9,0,16 29 30,1,27,,319727,9,0,16 29 30,1,75,,319728,9,0,16 29 30,1,25,,319730,9,0,16 29 30,1,30,,319731,9,0,16 29 30,1,70,,319733,36,,,1,30,,319734,9,0,16 29 30,1,70,,319736,9,0,16 29 30,1,30,,319737,9,0,16 29 30,1,70,,319739,36,,,1,200,,319741,36,,,1,198,,319742,9,0,16 29 30,1,5,,319743,36,,,1,200,,319744,36,,,1,196,,319745,36,,,1,111,,319746,24,0,31 29 30,1,200,,319747,24,0,31 29 30,1
7101,'20261011',639,,319748,36,,,1,88,,319749,9,0,16 29 30,1,5,,319750,24,0,31 29 30,1,95,,319751,9,0,16 29 30,1,5,,319752,36,,,1,100,,319754,9,0,16 29 30,1,70,,319755,9,0,16 29 30,1,27,,319757,9,0,16 29 30,1,75,,319758,9,0,16 29 30,1,25,,319760,9,0,16 29 30,1,30,,319761,9,0,16 29 30,1,70,,319763,36,,,1,30,,319764,9,0,16 29 30,1,70,,319766,9,0,16 29 30,1,30,,319767,9,0,16 29 30,1,70,,319769,36,,,1,200,,319771,36,,,1,198,,319772,9,0,16 29 30,1,5,,319773,36,,,1,200,,319774,36,,,1,196,,319775,36,,,1,111,,319776,24,0,31 29 30,1,200,,319777,24,0,31 29 30,1
7101,'20261012',639,,319778,36,,,1,88,,319779,9,0,16 29 30,1,5,,319780,24,0,31 29 30,1,95,,319781,9,0,16 29 30,1,5,,319782,36,,,1,100,,319784,9,0,16 29 30,1,70,,319785,9,0,16 29 30,1,27,,319787,9,0,16 29 30,1,75,,319788,9,0,16 29 30,1,25,,319790,9,0,16 29 30,1,30,,319791,9,0,16 29 30,1,70,,319793,36,,,1,30,,319794,9,0,16 29 30,1,70,,319796,9,0,16 29 30,1,30,,319797,9,0,16 29 30,1,70,,319799,36,,,1,200,,319801,36,,,1,198,,319802,9,0,16 29 30,1,5,,319803,36,,,1,200,,319804,36,,,1,196,,319805,36,,,1,111,,319806,24,0,31 29 30,1,200,,319807,24,0,31 29 30,1
7101,'20261013',510,,319808,36,,,1,1103,,319809,9,0,16 29 30,1,5,,319810,24,0,31 29 30,1,214,,319811,36,,,1,315,,319812,36,,,1,91,,319814,9,0,16 29 30,1,96,,319813,36,,,1,205,,319815,24,0,31 29 30,1
7101,'20261014',510,,319816,36,,,1,1103,,319817,9,0,16 29 30,1,5,,319818,24,0,31 29 30,1,214,,319819,36,,,1,315,,319820,36,,,1,91,,319822,9,0,16 29 30,1,96,,319821,36,,,1,205,,319823,24,0,31 29 30,1
7101,'20261015',510,,319824,36,,,1,1103,,319825,9,0,16 29 30,1,5,,319826,24,0,31 29 30,1,214,,319827,36,,,1,315,,319828,36,,,1,91,,319830,9,0,16 29 30,1,96,,319829,36,,,1,205,,319831,24,0,31 29 30,1
7101,'20261016',510,,319832,36,,,1,1103,,319833,9,0,16 29 30,1,5,,319834,24,0,31 29 30,1,214,,319835,36,,,1,315,,319836,36,,,1,91,,319838,9,0,16 29 30,1,96,,319837,36,,,1,205,,319839,24,0,31 29 30,1
7101,'20261017',639,,319840,36,,,1,88,,319841,9,0,16 29 30,1,5,,319842,24,0,31 29 30,1,95,,319843,9,0,16 29 30,1,5,,319844,36,,,1,100,,319846,9,0,16 29 30,1,70,,319847,9,0,16 29 30,1,27,,319849,9,0,16 29 30,1,75,,319850,9,0,16 29 30,1,25,,319852,9,0,16 29 30,1,30,,319853,9,0,16 29 30,1,70,,319855,36,,,1,30,,319856,9,0,16 29 30,1,70,,319858,9,0,16 29 30,1,30,,319859,9,0,16 29 30,1,70,,319861,36,,,1,200,,319863,36,,,1,198,,319864,9,0,16 29 30,1,5,,319865,36,,,1,200,,319866,36,,,1,196,,319867,36,,,1,111,,319868,24,0,31 29 30,1,200,,319869,24,0,31 29 30,1
7101,'20261018',639,,319870,36,,,1,88,,319871,9,0,16 29 30,1,5,,319872,24,0,31 29 30,1,95,,319873,9,0,16 29 30,1,5,,319874,36,,,1,100,,319876,9,0,16 29 30,1,70,,319877,9,0,16 29 30,1,27,,319879,9,0,16 29 30,1,75,,319880,9,0,16 29 30,1,25,,319882,9,0,16 29 30,1,30,,319883,9,0,16 29 30,1,70,,319885,36,,,1,30,,319886,9,0,16 29 30,1,70,,319888,9,0,16 29 30,1,30,,319889,9,0,16 29 30,1,70,,319891,36,,,1,200,,319893,36,,,1,198,,319894,9,0,16 29 30,1,5,,319895,36,,,1,200,,319896,36,,,1,196,,319897,36,,,1,111,,319898,24,0,31 29 30,1,200,,319899,24,0,31 29 30,1
7101,'20261019',510,,319900,36,,,1,1103,,319901,9,0,16 29 30,1,5,,319902,24,0,31 29 30,1,214,,319903,36,,,1,315,,319904,36,,,1,91,,319906,9,0,16 29 30,1,96,,319905,36,,,1,205,,319907,24,0,31 29 30,1
7101,'20261020',510,,319908,36,,,1,1103,,319909,9,0,16 29 30,1,5,,319910,24,0,31 29 30,1,214,,319911,36,,,1,315,,319912,36,,,1,91,,319914,9,0,16 29 30,1,96,,319913,36,,,1,205,,319915,24,0,31 29 30,1
7101,'20261021',510,,319916,36,,,1,1103,,319917,9,0,16 29 30,1,5,,319918,24,0,31 29 30,1,214,,319919,36,,,1,315,,319920,36,,,1,91,,319922,9,0,16 29 30,1,96,,319921,36,,,1,205,,319923,24,0,31 29 30,1
7101,'20261022',510,,319924,36,,,1,1103,,319925,9,0,16 29 30,1,5,,319926,24,0,31 29 30,1,214,,319927,36,,,1,315,,319928,36,,,1,91,,319930,9,0,16 29 30,1,96,,319929,36,,,1,205,,319931,24,0,31 29 30,1
7101,'20261023',510,,319932,36,,,1,1103,,319933,9,0,16 29 30,1,5,,319934,24,0,31 29 30,1,214,,319935,36,,,1,315,,319936,36,,,1,91,,319938,9,0,16 29 30,1,96,,319937,36,,,1,205,,319939,24,0,31 29 30,1
7101,'20261024',639,,319940,36,,,1,88,,319941,9,0,16 29 30,1,5,,319942,24,0,31 29 30,1,95,,319943,9,0,16 29 30,1,5,,319944,36,,,1,100,,319946,9,0,16 29 30,1,70,,319947,9,0,16 29 30,1,27,,319949,9,0,16 29 30,1,75,,319950,9,0,16 29 30,1,25,,319952,9,0,16 29 30,1,30,,319953,9,0,16 29 30,1,70,,319955,36,,,1,30,,319956,9,0,16 29 30,1,70,,319958,9,0,16 29 30,1,30,,319959,9,0,16 29 30,1,70,,319961,36,,,1,200,,319963,36,,,1,198,,319964,9,0,16 29 30,1,5,,319965,36,,,1,200,,319966,36,,,1,196,,319967,36,,,1,111,,319968,24,0,31 29 30,1,200,,319969,24,0,31 29 30,1
7101,'20261025',639,,319970,36,,,1,88,,319971,9,0,16 29 30,1,5,,319972,24,0,31 29 30,1,95,,319973,9,0,16 29 30,1,5,,319974,36,,,1,100,,319976,9,0,16 29 30,1,70,,319977,9,0,16 29 30,1,27,,319979,9,0,16 29 30,1,75,,319980,9,0,16 29 30,1,25,,319982,9,0,16 29 30,1,30,,319983,9,0,16 29 30,1,70,,319985,36,,,1,30,,319986,9,0,16 29 30,1,70,,319988,9,0,16 29 30,1,30,,319989,9,0,16 29 30,1,70,,319991,36,,,1,200,,319993,36,,,1,198,,319994,9,0,16 29 30,1,5,,319995,36,,,1,200,,319996,36,,,1,196,,319997,36,,,1,111,,319998,24,0,31 29 30,1,200,,319999,24,0,31 29 30,1
7101,'20261026',510,,320000,36,,,1,1103,,320001,9,0,16 29 30,1,5,,320002,24,0,31 29 30,1,214,,320003,36,,,1,315,,320004,36,,,1,91,,320006,9,0,16 29 30,1,96,,320005,36,,,1,205,,320007,24,0,31 29 30,1
7101,'20261027',510,,320008,36,,,1,1103,,320009,9,0,16 29 30,1,5,,320010,24,0,31 29 30,1,214,,320011,36,,,1,315,,320012,36,,,1,91,,320014,9,0,16 29 30,1,96,,320013,36,,,1,205,,320015,24,0,31 29 30,1
7101,'20261028',510,,320016,36,,,1,1103,,320017,9,0,16 29 30,1,5,,320018,24,0,31 29 30,1,214,,320019,36,,,1,315,,320020,36,,,1,91,,320022,9,0,16 29 30,1,96,,320021,36,,,1,205,,320023,24,0,31 29 30,1
7101,'20261029',510,,320024,36,,,1,1103,,320025,9,0,16 29 30,1,5,,320026,24,0,31 29 30,1,214,,320027,36,,,1,315,,320028,36,,,1,91,,320030,9,0,16 29 30,1,96,,320029,36,,,1,205,,320031,24,0,31 29 30,1
7101,'20261030',510,,320032,36,,,1,1103,,320033,9,0,16 29 30,1,5,,320034,24,0,31 29 30,1,214,,320035,36,,,1,315,,320036,36,,,1,91,,320038,9,0,16 29 30,1,96,,320037,36,,,1,205,,320039,24,0,31 29 30,1
7101,'20261031',639,,320040,36,,,1,88,,320041,9,0,16 29 30,1,5,,320042,24,0,31 29 30,1,95,,320043,9,0,16 29 30,1,5,,320044,36,,,1,100,,320046,9,0,16 29 30,1,70,,320047,9,0,16 29 30,1,27,,320049,9,0,16 29 30,1,75,,320050,9,0,16 29 30,1,25,,320052,9,0,16 29 30,1,30,,320053,9,0,16 29 30,1,70,,320055,36,,,1,30,,320056,9,0,16 29 30,1,70,,320058,9,0,16 29 30,1,30,,320059,9,0,16 29 30,1,70,,320061,36,,,1,200,,320063,36,,,1,198,,320064,9,0,16 29 30,1,5,,320065,36,,,1,200,,320066,36,,,1,196,,320067,36,,,1,111,,320068,24,0,31 29 30,1,200,,320069,24,0,31 29 30,1
7101,'20261101',639,,320070,36,,,1,88,,320071,9,0,16 29 30,1,5,,320072,24,0,31 29 30,1,95,,320073,9,0,16 29 30,1,5,,320074,36,,,1,100,,320076,9,0,16 29 30,1,70,,320077,9,0,16 29 30,1,27,,320079,9,0,16 29 30,1,75,,320080,9,0,16 29 30,1,25,,320082,9,0,16 29 30,1,30,,320083,9,0,16 29 30,1,70,,320085,36,,,1,30,,320086,9,0,16 29 30,1,70,,320088,9,0,16 29 30,1,30,,320089,9,0,16 29 30,1,70,,320091,36,,,1,200,,320093,36,,,1,198,,320094,9,0,16 29 30,1,5,,320095,36,,,1,200,,320096,36,,,1,196,,320097,36,,,1,111,,320098,24,0,31 29 30,1,200,,320099,24,0,31 29 30,1
7101,'20261102',510,,320100,36,,,1,1103,,320101,9,0,16 29 30,1,5,,320102,24,0,31 29 30,1,214,,320103,36,,,1,315,,320104,36,,,1,91,,320106,9,0,16 29 30,1,96,,320105,36,,,1,205,,320107,24,0,31 29 30,1
7101,'20261103',510,,320108,36,,,1,1103,,320109,9,0,16 29 30,1,5,,320110,24,0,31 29 30,1,214,,320111,36,,,1,315,,320112,36,,,1,91,,320114,9,0,16 29 30,1,96,,320113,36,,,1,205,,320115,24,0,31 29 30,1
7101,'20261104',510,,320116,36,,,1,1103,,320117,9,0,16 29 30,1,5,,320118,24,0,31 29 30,1,214,,320119,36,,,1,315,,320120,36,,,1,91,,320122,9,0,16 29 30,1,96,,320121,36,,,1,205,,320123,24,0,31 29 30,1
7101,'20261105',510,,320124,36,,,1,1103,,320125,9,0,16 29 30,1,5,,320126,24,0,31 29 30,1,214,,320127,36,,,1,315,,320128,36,,,1,91,,320130,9,0,16 29 30,1,96,,320129,36,,,1,205,,320131,24,0,31 29 30,1
7101,'20261106',510,,320132,36,,,1,1103,,320133,9,0,16 29 30,1,5,,320134,24,0,31 29 30,1,214,,320135,36,,,1,315,,320136,36,,,1,91,,320138,9,0,16 29 30,1,96,,320137,36,,,1,205,,320139,24,0,31 29 30,1
7101,'20261107',639,,320140,36,,,1,88,,320141,9,0,16 29 30,1,5,,320142,24,0,31 29 30,1,95,,320143,9,0,16 29 30,1,5,,320144,36,,,1,100,,320146,9,0,16 29 30,1,70,,320147,9,0,16 29 30,1,27,,320149,9,0,16 29 30,1,75,,320150,9,0,16 29 30,1,25,,320152,9,0,16 29 30,1,30,,320153,9,0,16 29 30,1,70,,320155,36,,,1,30,,320156,9,0,16 29 30,1,70,,320158,9,0,16 29 30,1,30,,320159,9,0,16 29 30,1,70,,320161,36,,,1,200,,320163,36,,,1,198,,320164,9,0,16 29 30,1,5,,320165,36,,,1,200,,320166,36,,,1,196,,320167,36,,,1,111,,320168,24,0,31 29 30,1,200,,320169,24,0,31 29 30,1
7101,'20261108',639,,320170,36,,,1,88,,320171,9,0,16 29 30,1,5,,320172,24,0,31 29 30,1,95,,320173,9,0,16 29 30,1,5,,320174,36,,,1,100,,320176,9,0,16 29 30,1,70,,320177,9,0,16 29 30,1,27,,320179,9,0,16 29 30,1,75,,320180,9,0,16 29 30,1,25,,320182,9,0,16 29 30,1,30,,320183,9,0,16 29 30,1,70,,320185,36,,,1,30,,320186,9,0,16 29 30,1,70,,320188,9,0,16 29 30,1,30,,320189,9,0,16 29 30,1,70,,320191,36,,,1,200,,320193,36,,,1,198,,320194,9,0,16 29 30,1,5,,320195,36,,,1,200,,320196,36,,,1,196,,320197,36,,,1,111,,320198,24,0,31 29 30,1,200,,320199,24,0,31 29 30,1
7101,'20261109',510,,320200,36,,,1,1103,,320201,9,0,16 29 30,1,5,,320202,24,0,31 29 30,1,214,,320203,36,,,1,315,,320204,36,,,1,91,,320206,9,0,16 29 30,1,96,,320205,36,,,1,205,,320207,24,0,31 29 30,1
7101,'20261110',510,,320208,36,,,1,1103,,320209,9,0,16 29 30,1,5,,320210,24,0,31 29 30,1,214,,320211,36,,,1,315,,320212,36,,,1,91,,320214,9,0,16 29 30,1,96,,320213,36,,,1,205,,320215,24,0,31 29 30,1
7101,'20261111',510,,320216,36,,,1,1103,,320217,9,0,16 29 30,1,5,,320218,24,0,31 29 30,1,214,,320219,36,,,1,315,,320220,36,,,1,91,,320222,9,0,16 29 30,1,96,,320221,36,,,1,205,,320223,24,0,31 29 30,1
7101,'20261112',510,,320224,36,,,1,1103,,320225,9,0,16 29 30,1,5,,320226,24,0,31 29 30,1,214,,320227,36,,,1,315,,320228,36,,,1,91,,320230,9,0,16 29 30,1,96,,320229,36,,,1,205,,320231,24,0,31 29 30,1
7101,'20261113',510,,320232,36,,,1,1103,,320233,9,0,16 29 30,1,5,,320234,24,0,31 29 30,1,214,,320235,36,,,1,315,,320236,36,,,1,91,,320238,9,0,16 29 30,1,96,,320237,36,,,1,205,,320239,24,0,31 29 30,1
7101,'20261114',639,,320240,36,,,1,88,,320241,9,0,16 29 30,1,5,,320242,24,0,31 29 30,1,95,,320243,9,0,16 29 30,1,5,,320244,36,,,1,100,,320246,9,0,16 29 30,1,70,,320247,9,0,16 29 30,1,27,,320249,9,0,16 29 30,1,75,,320250,9,0,16 29 30,1,25,,320252,9,0,16 29 30,1,30,,320253,9,0,16 29 30,1,70,,320255,36,,,1,30,,320256,9,0,16 29 30,1,70,,320258,9,0,16 29 30,1,30,,320259,9,0,16 29 30,1,70,,320261,36,,,1,200,,320263,36,,,1,198,,320264,9,0,16 29 30,1,5,,320265,36,,,1,200,,320266,36,,,1,196,,320267,36,,,1,111,,320268,24,0,31 29 30,1,200,,320269,24,0,31 29 30,1
7101,'20261115',639,,320270,36,,,1,88,,320271,9,0,16 29 30,1,5,,320272,24,0,31 29 30,1,95,,320273,9,0,16 29 30,1,5,,320274,36,,,1,100,,320276,9,0,16 29 30,1,70,,320277,9,0,16 29 30,1,27,,320279,9,0,16 29 30,1,75,,320280,9,0,16 29 30,1,25,,320282,9,0,16 29 30,1,30,,320283,9,0,16 29 30,1,70,,320285,36,,,1,30,,320286,9,0,16 29 30,1,70,,320288,9,0,16 29 30,1,30,,320289,9,0,16 29 30,1,70,,320291,36,,,1,200,,320293,36,,,1,198,,320294,9,0,16 29 30,1,5,,320295,36,,,1,200,,320296,36,,,1,196,,320297,36,,,1,111,,320298,24,0,31 29 30,1,200,,320299,24,0,31 29 30,1
7101,'20261116',510,,320300,36,,,1,1103,,320301,9,0,16 29 30,1,5,,320302,24,0,31 29 30,1,214,,320303,36,,,1,315,,320304,36,,,1,91,,320306,9,0,16 29 30,1,96,,320305,36,,,1,205,,320307,24,0,31 29 30,1
7101,'20261117',510,,320308,36,,,1,1103,,320309,9,0,16 29 30,1,5,,320310,24,0,31 29 30,1,214,,320311,36,,,1,315,,320312,36,,,1,91,,320314,9,0,16 29 30,1,96,,320313,36,,,1,205,,320315,24,0,31 29 30,1
7101,'20261118',510,,320316,36,,,1,1103,,320317,9,0,16 29 30,1,5,,320318,24,0,31 29 30,1,214,,320319,36,,,1,315,,320320,36,,,1,91,,320322,9,0,16 29 30,1,96,,320321,36,,,1,205,,320323,24,0,31 29 30,1
7101,'20261119',510,,320324,36,,,1,1103,,320325,9,0,16 29 30,1,5,,320326,24,0,31 29 30,1,214,,320327,36,,,1,315,,320328,36,,,1,91,,320330,9,0,16 29 30,1,96,,320329,36,,,1,205,,320331,24,0,31 29 30,1
7101,'20261120',510,,320332,36,,,1,1103,,320333,9,0,16 29 30,1,5,,320334,24,0,31 29 30,1,214,,320335,36,,,1,315,,320336,36,,,1,91,,320338,9,0,16 29 30,1,96,,320337,36,,,1,205,,320339,24,0,31 29 30,1
7101,'20261121',639,,320340,36,,,1,88,,320341,9,0,16 29 30,1,5,,320342,24,0,31 29 30,1,95,,320343,9,0,16 29 30,1,5,,320344,36,,,1,100,,320346,9,0,16 29 30,1,70,,320347,9,0,16 29 30,1,27,,320349,9,0,16 29 30,1,75,,320350,9,0,16 29 30,1,25,,320352,9,0,16 29 30,1,30,,320353,9,0,16 29 30,1,70,,320355,36,,,1,30,,320356,9,0,16 29 30,1,70,,320358,9,0,16 29 30,1,30,,320359,9,0,16 29 30,1,70,,320361,36,,,1,200,,320363,36,,,1,198,,320364,9,0,16 29 30,1,5,,320365,36,,,1,200,,320366,36,,,1,196,,320367,36,,,1,111,,320368,24,0,31 29 30,1,200,,320369,24,0,31 29 30,1
7101,'20261122',639,,320370,36,,,1,88,,320371,9,0,16 29 30,1,5,,320372,24,0,31 29 30,1,95,,320373,9,0,16 29 30,1,5,,320374,36,,,1,100,,320376,9,0,16 29 30,1,70,,320377,9,0,16 29 30,1,27,,320379,9,0,16 29 30,1,75,,320380,9,0,16 29 30,1,25,,320382,9,0,16 29 30,1,30,,320383,9,0,16 29 30,1,70,,320385,36,,,1,30,,320386,9,0,16 29 30,1,70,,320388,9,0,16 29 30,1,30,,320389,9,0,16 29 30,1,70,,320391,36,,,1,200,,320393,36,,,1,198,,320394,9,0,16 29 30,1,5,,320395,36,,,1,200,,320396,36,,,1,196,,320397,36,,,1,111,,320398,24,0,31 29 30,1,200,,320399,24,0,31 29 30,1
7101,'20261123',510,,320400,36,,,1,1103,,320401,9,0,16 29 30,1,5,,320402,24,0,31 29 30,1,214,,320403,36,,,1,315,,320404,36,,,1,91,,320406,9,0,16 29 30,1,96,,320405,36,,,1,205,,320407,24,0,31 29 30,1
7101,'20261124',510,,320408,36,,,1,1103,,320409,9,0,16 29 30,1,5,,320410,24,0,31 29 30,1,214,,320411,36,,,1,315,,320412,36,,,1,91,,320414,9,0,16 29 30,1,96,,320413,36,,,1,205,,320415,24,0,31 29 30,1
7101,'20261125',510,,320416,36,,,1,1103,,320417,9,0,16 29 30,1,5,,320418,24,0,31 29 30,1,214,,320419,36,,,1,315,,320420,36,,,1,91,,320422,9,0,16 29 30,1,96,,320421,36,,,1,205,,320423,24,0,31 29 30,1
7101,'20261126',510,,320424,36,,,1,1103,,320425,9,0,16 29 30,1,5,,320426,24,0,31 29 30,1,214,,320427,36,,,1,315,,320428,36,,,1,91,,320430,9,0,16 29 30,1,96,,320429,36,,,1,205,,320431,24,0,31 29 30,1
7101,'20261127',510,,320432,36,,,1,1103,,320433,9,0,16 29 30,1,5,,320434,24,0,31 29 30,1,214,,320435,36,,,1,315,,320436,36,,,1,91,,320438,9,0,16 29 30,1,96,,320437,36,,,1,205,,320439,24,0,31 29 30,1
