8800,'20260917',554,,320582,4,,,1,176,,320583,4,,,1,107,,320584,4,,,1,197,,320585,4,,,1,211,,320586,4,,,1,200,,320587,4,,,1,201,,320588,4,,,1,156,,320589,6,0,5 48 43,1,100,,320590,6,0,5 48 43,1,144,,320591,4,,,1,199,,320592,4,,,1,274,,320593,4,,,1
8800,'20260918',554,,320594,4,,,1,176,,320595,4,,,1,107,,320596,4,,,1,197,,320598,4,,,1,211,,320600,4,,,1,200,,320602,4,,,1,201,,320603,4,,,1,156,,320604,6,0,5 48 43,1,100,,320605,6,0,5 48 43,1,144,,320606,4,,,1,199,,320607,4,,,1,274,,320608,4,,,1
8800,'20260919',910,,320609,4,,,1,105,,320610,4,,,1,300,,320612,4,,,1,300,,320614,4,,,1,230,,320616,4,,,1,100,,320617,4,,,1,270,,320618,4,,,1,304,,320619,4,,,1
8800,'20260920',910,,320620,4,,,1,105,,320621,4,,,1,300,,320623,4,,,1,300,,320625,4,,,1,230,,320627,4,,,1,100,,320628,4,,,1,270,,320629,4,,,1,304,,320630,4,,,1
8800,'20260921',554,,320631,4,,,1,176,,320632,4,,,1,107,,320633,4,,,1,197,,320634,4,,,1,211,,320635,4,,,1,200,,320636,4,,,1,201,,320637,4,,,1,156,,320638,6,0,5 48 43,1,100,,320639,6,0,5 48 43,1,144,,320640,4,,,1,199,,320641,4,,,1,274,,320642,4,,,1
8800,'20260922',554,,320643,4,,,1,176,,320644,4,,,1,107,,320645,4,,,1,197,,320646,4,,,1,211,,320647,4,,,1,200,,320648,4,,,1,201,,320649,4,,,1,156,,320650,6,0,5 48 43,1,100,,320651,6,0,5 48 43,1,144,,320652,4,,,1,199,,320653,4,,,1,274,,320654,4,,,1
8800,'20260923',554,,320655,4,,,1,176,,320656,4,,,1,107,,320657,4,,,1,197,,320658,4,,,1,211,,320659,4,,,1,200,,320660,4,,,1,201,,320661,4,,,1,156,,320662,6,0,5 48 43,1,100,,320663,6,0,5 48 43,1,144,,320664,4,,,1,199,,320665,4,,,1,274,,320666,4,,,1
8800,'20260924',554,,320667,4,,,1,176,,320668,4,,,1,107,,320669,4,,,1,197,,320670,4,,,1,211,,320671,4,,,1,200,,320672,4,,,1,201,,320673,4,,,1,156,,320674,6,0,5 48 43,1,100,,320675,6,0,5 48 43,1,144,,320676,4,,,1,199,,320677,4,,,1,274,,320678,4,,,1
8800,'20260925',554,,320679,4,,,1,176,,320680,4,,,1,107,,320681,4,,,1,197,,320683,4,,,1,211,,320685,4,,,1,200,,320687,4,,,1,201,,320688,4,,,1,156,,320689,6,0,5 48 43,1,100,,320690,6,0,5 48 43,1,144,,320691,4,,,1,199,,320692,4,,,1,274,,320693,4,,,1
8800,'20260926',910,,320694,4,,,1,105,,320695,4,,,1,300,,320697,4,,,1,300,,320699,4,,,1,230,,320701,4,,,1,100,,320702,4,,,1,270,,320703,4,,,1,304,,320704,4,,,1
8800,'20260927',910,,320705,4,,,1,105,,320706,4,,,1,300,,320708,4,,,1,300,,320710,4,,,1,230,,320712,4,,,1,100,,320713,4,,,1,270,,320714,4,,,1,304,,320715,4,,,1
8800,'20260928',554,,320716,4,,,1,176,,320717,4,,,1,107,,320718,4,,,1,197,,320719,4,,,1,211,,320720,4,,,1,200,,320721,4,,,1,201,,320722,4,,,1,156,,320723,6,0,5 48 43,1,100,,320724,6,0,5 48 43,1,144,,320725,4,,,1,199,,320726,4,,,1,274,,320727,4,,,1
8800,'20260929',554,,320728,4,,,1,176,,320729,4,,,1,107,,320730,4,,,1,197,,320731,4,,,1,211,,320732,4,,,1,200,,320733,4,,,1,201,,320734,4,,,1,156,,320735,6,0,5 48 43,1,100,,320736,6,0,5 48 43,1,144,,320737,4,,,1,199,,320738,4,,,1,274,,320739,4,,,1
8800,'20260930',554,,320740,4,,,1,176,,320741,4,,,1,107,,320742,4,,,1,197,,320743,4,,,1,211,,320744,4,,,1,200,,320745,4,,,1,201,,320746,4,,,1,156,,320747,6,0,5 48 43,1,100,,320748,6,0,5 48 43,1,144,,320749,4,,,1,199,,320750,4,,,1,274,,320751,4,,,1
8800,'20261001',554,,320752,4,,,1,176,,320753,4,,,1,107,,320754,4,,,1,197,,320755,4,,,1,211,,320756,4,,,1,200,,320757,4,,,1,201,,320758,4,,,1,156,,320759,6,0,5 48 43,1,100,,320760,6,0,5 48 43,1,144,,320761,4,,,1,199,,320762,4,,,1,274,,320763,4,,,1
8800,'20261002',554,,320764,4,,,1,176,,320765,4,,,1,107,,320766,4,,,1,197,,320768,4,,,1,211,,320770,4,,,1,200,,320772,4,,,1,201,,320773,4,,,1,156,,320774,6,0,5 48 43,1,100,,320775,6,0,5 48 43,1,144,,320776,4,,,1,199,,320777,4,,,1,274,,320778,4,,,1
8800,'20261003',910,,320779,4,,,1,105,,320780,4,,,1,300,,320782,4,,,1,300,,320784,4,,,1,230,,320786,4,,,1,100,,320787,4,,,1,270,,320788,4,,,1,304,,320789,4,,,1
8800,'20261004',910,,320790,4,,,1,105,,320791,4,,,1,300,,320793,4,,,1,300,,320795,4,,,1,230,,320797,4,,,1,100,,320798,4,,,1,270,,320799,4,,,1,304,,320800,4,,,1
8800,'20261005',554,,320801,4,,,1,176,,320802,4,,,1,107,,320803,4,,,1,197,,320804,4,,,1,211,,320805,4,,,1,200,,320806,4,,,1,201,,320807,4,,,1,156,,320808,6,0,5 48 43,1,100,,320809,6,0,5 48 43,1,144,,320810,4,,,1,199,,320811,4,,,1,274,,320812,4,,,1
8800,'20261006',554,,320813,4,,,1,176,,320814,4,,,1,107,,320815,4,,,1,197,,320816,4,,,1,211,,320817,4,,,1,200,,320818,4,,,1,201,,320819,4,,,1,156,,320820,6,0,5 48 43,1,100,,320821,6,0,5 48 43,1,144,,320822,4,,,1,199,,320823,4,,,1,274,,320824,4,,,1
8800,'20261007',554,,320825,4,,,1,176,,320826,4,,,1,107,,320827,4,,,1,197,,320828,4,,,1,211,,320829,4,,,1,200,,320830,4,,,1,201,,320831,4,,,1,156,,320832,6,0,5 48 43,1,100,,320833,6,0,5 48 43,1,144,,320834,4,,,1,199,,320835,4,,,1,274,,320836,4,,,1
8800,'20261008',554,,320837,4,,,1,176,,320838,4,,,1,107,,320839,4,,,1,197,,320840,4,,,1,211,,320841,4,,,1,200,,320842,4,,,1,201,,320843,4,,,1,156,,320844,6,0,5 48 43,1,100,,320845,6,0,5 48 43,1,144,,320846,4,,,1,199,,320847,4,,,1,274,,320848,4,,,1
8800,'20261009',554,,320849,4,,,1,176,,320850,4,,,1,107,,320851,4,,,1,197,,320853,4,,,1,211,,320855,4,,,1,200,,320857,4,,,1,201,,320858,4,,,1,156,,320859,6,0,5 48 43,1,100,,320860,6,0,5 48 43,1,144,,320861,4,,,1,199,,320862,4,,,1,274,,320863,4,,,1
8800,'20261010',910,,320864,4,,,1,105,,320865,4,,,1,300,,320867,4,,,1,300,,320869,4,,,1,230,,320871,4,,,1,100,,320872,4,,,1,270,,320873,4,,,1,304,,320874,4,,,1
8800,'20261011',910,,320875,4,,,1,105,,320876,4,,,1,300,,320878,4,,,1,300,,320880,4,,,1,230,,320882,4,,,1,100,,320883,4,,,1,270,,320884,4,,,1,304,,320885,4,,,1
8800,'20261012',910,,320886,4,,,1,105,,320887,4,,,1,300,,320889,4,,,1,300,,320891,4,,,1,230,,320893,4,,,1,100,,320894,4,,,1,270,,320895,4,,,1,304,,320896,4,,,1
8800,'20261013',554,,320897,4,,,1,176,,320898,4,,,1,107,,320899,4,,,1,197,,320900,4,,,1,211,,320901,4,,,1,200,,320902,4,,,1,201,,320903,4,,,1,156,,320904,6,0,5 48 43,1,100,,320905,6,0,5 48 43,1,144,,320906,4,,,1,199,,320907,4,,,1,274,,320908,4,,,1
8800,'20261014',554,,320909,4,,,1,176,,320910,4,,,1,107,,320911,4,,,1,197,,320912,4,,,1,211,,320913,4,,,1,200,,320914,4,,,1,201,,320915,4,,,1,156,,320916,6,0,5 48 43,1,100,,320917,6,0,5 48 43,1,144,,320918,4,,,1,199,,320919,4,,,1,274,,320920,4,,,1
8800,'20261015',554,,320921,4,,,1,176,,320922,4,,,1,107,,320923,4,,,1,197,,320924,4,,,1,211,,320925,4,,,1,200,,320926,4,,,1,201,,320927,4,,,1,156,,320928,6,0,5 48 43,1,100,,320929,6,0,5 48 43,1,144,,320930,4,,,1,199,,320931,4,,,1,274,,320932,4,,,1
8800,'20261016',554,,320933,4,,,1,176,,320934,4,,,1,107,,320935,4,,,1,197,,320937,4,,,1,211,,320939,4,,,1,200,,320941,4,,,1,201,,320942,4,,,1,156,,320943,6,0,5 48 43,1,100,,320944,6,0,5 48 43,1,144,,320945,4,,,1,199,,320946,4,,,1,274,,320947,4,,,1
8800,'20261017',910,,320948,4,,,1,105,,320949,4,,,1,300,,320951,4,,,1,300,,320953,4,,,1,230,,320955,4,,,1,100,,320956,4,,,1,270,,320957,4,,,1,304,,320958,4,,,1
8800,'20261018',910,,320959,4,,,1,105,,320960,4,,,1,300,,320962,4,,,1,300,,320964,4,,,1,230,,320966,4,,,1,100,,320967,4,,,1,270,,320968,4,,,1,304,,320969,4,,,1
8800,'20261019',554,,320970,4,,,1,176,,320971,4,,,1,107,,320972,4,,,1,197,,320973,4,,,1,211,,320974,4,,,1,200,,320975,4,,,1,201,,320976,4,,,1,156,,320977,6,0,5 48 43,1,100,,320978,6,0,5 48 43,1,144,,320979,4,,,1,199,,320980,4,,,1,274,,320981,4,,,1
8800,'20261020',554,,320982,4,,,1,176,,320983,4,,,1,107,,320984,4,,,1,197,,320985,4,,,1,211,,320986,4,,,1,200,,320987,4,,,1,201,,320988,4,,,1,156,,320989,6,0,5 48 43,1,100,,320990,6,0,5 48 43,1,144,,320991,4,,,1,199,,320992,4,,,1,274,,320993,4,,,1
8800,'20261021',554,,320994,4,,,1,176,,320995,4,,,1,107,,320996,4,,,1,197,,320997,4,,,1,211,,320998,4,,,1,200,,320999,4,,,1,201,,321000,4,,,1,156,,321001,6,0,5 48 43,1,100,,321002,6,0,5 48 43,1,144,,321003,4,,,1,199,,321004,4,,,1,274,,321005,4,,,1
8800,'20261022',554,,321006,4,,,1,176,,321007,4,,,1,107,,321008,4,,,1,197,,321009,4,,,1,211,,321010,4,,,1,200,,321011,4,,,1,201,,321012,4,,,1,156,,321013,6,0,5 48 43,1,100,,321014,6,0,5 48 43,1,144,,321015,4,,,1,199,,321016,4,,,1,274,,321017,4,,,1
8800,'20261023',554,,321018,4,,,1,176,,321019,4,,,1,107,,321020,4,,,1,197,,321022,4,,,1,211,,321024,4,,,1,200,,321026,4,,,1,201,,321027,4,,,1,156,,321028,6,0,5 48 43,1,100,,321029,6,0,5 48 43,1,144,,321030,4,,,1,199,,321031,4,,,1,274,,321032,4,,,1
8800,'20261024',910,,321033,4,,,1,105,,321034,4,,,1,300,,321036,4,,,1,300,,321038,4,,,1,230,,321040,4,,,1,100,,321041,4,,,1,270,,321042,4,,,1,304,,321043,4,,,1
8800,'20261025',910,,321044,4,,,1,105,,321045,4,,,1,300,,321047,4,,,1,300,,321049,4,,,1,230,,321051,4,,,1,100,,321052,4,,,1,270,,321053,4,,,1,304,,321054,4,,,1
8800,'20261026',554,,321055,4,,,1,176,,321056,4,,,1,107,,321057,4,,,1,197,,321058,4,,,1,211,,321059,4,,,1,200,,321060,4,,,1,201,,321061,4,,,1,156,,321062,6,0,5 48 43,1,100,,321063,6,0,5 48 43,1,144,,321064,4,,,1,199,,321065,4,,,1,274,,321066,4,,,1
8800,'20261027',554,,321067,4,,,1,176,,321068,4,,,1,107,,321069,4,,,1,197,,321070,4,,,1,211,,321071,4,,,1,200,,321072,4,,,1,201,,321073,4,,,1,156,,321074,6,0,5 48 43,1,100,,321075,6,0,5 48 43,1,144,,321076,4,,,1,199,,321077,4,,,1,274,,321078,4,,,1
8800,'20261028',554,,321079,4,,,1,176,,321080,4,,,1,107,,321081,4,,,1,197,,321082,4,,,1,211,,321083,4,,,1,200,,321084,4,,,1,201,,321085,4,,,1,156,,321086,6,0,5 48 43,1,100,,321087,6,0,5 48 43,1,144,,321088,4,,,1,199,,321089,4,,,1,274,,321090,4,,,1
8800,'20261029',554,,321091,4,,,1,176,,321092,4,,,1,107,,321093,4,,,1,197,,321094,4,,,1,211,,321095,4,,,1,200,,321096,4,,,1,201,,321097,4,,,1,156,,321098,6,0,5 48 43,1,100,,321099,6,0,5 48 43,1,144,,321100,4,,,1,199,,321101,4,,,1,274,,321102,4,,,1
8800,'20261030',554,,321103,4,,,1,176,,321104,4,,,1,107,,321105,4,,,1,197,,321107,4,,,1,211,,321109,4,,,1,200,,321111,4,,,1,201,,321112,4,,,1,156,,321113,6,0,5 48 43,1,100,,321114,6,0,5 48 43,1,144,,321115,4,,,1,199,,321116,4,,,1,274,,321117,4,,,1
8800,'20261031',910,,321118,4,,,1,105,,321119,4,,,1,300,,321121,4,,,1,300,,321123,4,,,1,230,,321125,4,,,1,100,,321126,4,,,1,270,,321127,4,,,1,304,,321128,4,,,1
8800,'20261101',910,,321129,4,,,1,105,,321130,4,,,1,300,,321132,4,,,1,300,,321134,4,,,1,230,,321136,4,,,1,100,,321137,4,,,1,270,,321138,4,,,1,304,,321139,4,,,1
8800,'20261102',554,,321140,4,,,1,176,,321141,4,,,1,107,,321142,4,,,1,197,,321143,4,,,1,211,,321144,4,,,1,200,,321145,4,,,1,201,,321146,4,,,1,156,,321147,6,0,5 48 43,1,100,,321148,6,0,5 48 43,1,144,,321149,4,,,1,199,,321150,4,,,1,274,,321151,4,,,1
8800,'20261103',554,,321152,4,,,1,176,,321153,4,,,1,107,,321154,4,,,1,197,,321155,4,,,1,211,,321156,4,,,1,200,,321157,4,,,1,201,,321158,4,,,1,156,,321159,6,0,5 48 43,1,100,,321160,6,0,5 48 43,1,144,,321161,4,,,1,199,,321162,4,,,1,274,,321163,4,,,1
8800,'20261104',554,,321164,4,,,1,176,,321165,4,,,1,107,,321166,4,,,1,197,,321167,4,,,1,211,,321168,4,,,1,200,,321169,4,,,1,201,,321170,4,,,1,156,,321171,6,0,5 48 43,1,100,,321172,6,0,5 48 43,1,144,,321173,4,,,1,199,,321174,4,,,1,274,,321175,4,,,1
8800,'20261105',554,,321176,4,,,1,176,,321177,4,,,1,107,,321178,4,,,1,197,,321179,4,,,1,211,,321180,4,,,1,200,,321181,4,,,1,201,,321182,4,,,1,156,,321183,6,0,5 48 43,1,100,,321184,6,0,5 48 43,1,144,,321185,4,,,1,199,,321186,4,,,1,274,,321187,4,,,1
8800,'20261106',554,,321188,4,,,1,176,,321189,4,,,1,107,,321190,4,,,1,197,,321192,4,,,1,211,,321194,4,,,1,200,,321196,4,,,1,201,,321197,4,,,1,156,,321198,6,0,5 48 43,1,100,,321199,6,0,5 48 43,1,144,,321200,4,,,1,199,,321201,4,,,1,274,,321202,4,,,1
8800,'20261107',910,,321203,4,,,1,105,,321204,4,,,1,300,,321206,4,,,1,300,,321208,4,,,1,230,,321210,4,,,1,100,,321211,4,,,1,270,,321212,4,,,1,304,,321213,4,,,1
8800,'20261108',910,,321214,4,,,1,105,,321215,4,,,1,300,,321217,4,,,1,300,,321219,4,,,1,230,,321221,4,,,1,100,,321222,4,,,1,270,,321223,4,,,1,304,,321224,4,,,1
8800,'20261109',554,,321225,4,,,1,176,,321226,4,,,1,107,,321227,4,,,1,197,,321228,4,,,1,211,,321229,4,,,1,200,,321230,4,,,1,201,,321231,4,,,1,156,,321232,6,0,5 48 43,1,100,,321233,6,0,5 48 43,1,144,,321234,4,,,1,199,,321235,4,,,1,274,,321236,4,,,1
8800,'20261110',554,,321237,4,,,1,176,,321238,4,,,1,107,,321239,4,,,1,197,,321240,4,,,1,211,,321241,4,,,1,200,,321242,4,,,1,201,,321243,4,,,1,156,,321244,6,0,5 48 43,1,100,,321245,6,0,5 48 43,1,144,,321246,4,,,1,199,,321247,4,,,1,274,,321248,4,,,1
8800,'20261111',554,,321249,4,,,1,176,,321250,4,,,1,107,,321251,4,,,1,197,,321252,4,,,1,211,,321253,4,,,1,200,,321254,4,,,1,201,,321255,4,,,1,156,,321256,6,0,5 48 43,1,100,,321257,6,0,5 48 43,1,144,,321258,4,,,1,199,,321259,4,,,1,274,,321260,4,,,1
8800,'20261112',554,,321261,4,,,1,176,,321262,4,,,1,107,,321263,4,,,1,197,,321264,4,,,1,211,,321265,4,,,1,200,,321266,4,,,1,201,,321267,4,,,1,156,,321268,6,0,5 48 43,1,100,,321269,6,0,5 48 43,1,144,,321270,4,,,1,199,,321271,4,,,1,274,,321272,4,,,1
8800,'20261113',554,,321273,4,,,1,176,,321274,4,,,1,107,,321275,4,,,1,197,,321277,4,,,1,211,,321279,4,,,1,200,,321281,4,,,1,201,,321282,4,,,1,156,,321283,6,0,5 48 43,1,100,,321284,6,0,5 48 43,1,144,,321285,4,,,1,199,,321286,4,,,1,274,,321287,4,,,1
8800,'20261114',910,,321288,4,,,1,105,,321289,4,,,1,300,,321291,4,,,1,300,,321293,4,,,1,230,,321295,4,,,1,100,,321296,4,,,1,270,,321297,4,,,1,304,,321298,4,,,1
8800,'20261115',910,,321299,4,,,1,105,,321300,4,,,1,300,,321302,4,,,1,300,,321304,4,,,1,230,,321306,4,,,1,100,,321307,4,,,1,270,,321308,4,,,1,304,,321309,4,,,1
8800,'20261116',554,,321310,4,,,1,176,,321311,4,,,1,107,,321312,4,,,1,197,,321313,4,,,1,211,,321314,4,,,1,200,,321315,4,,,1,201,,321316,4,,,1,156,,321317,6,0,5 48 43,1,100,,321318,6,0,5 48 43,1,144,,321319,4,,,1,199,,321320,4,,,1,274,,321321,4,,,1
8800,'20261117',554,,321322,4,,,1,176,,321323,4,,,1,107,,321324,4,,,1,197,,321325,4,,,1,211,,321326,4,,,1,200,,321327,4,,,1,201,,321328,4,,,1,156,,321329,6,0,5 48 43,1,100,,321330,6,0,5 48 43,1,144,,321331,4,,,1,199,,321332,4,,,1,274,,321333,4,,,1
8800,'20261118',554,,321334,4,,,1,176,,321335,4,,,1,107,,321336,4,,,1,197,,321337,4,,,1,211,,321338,4,,,1,200,,321339,4,,,1,201,,321340,4,,,1,156,,321341,6,0,5 48 43,1,100,,321342,6,0,5 48 43,1,144,,321343,4,,,1,199,,321344,4,,,1,274,,321345,4,,,1
8800,'20261119',554,,321346,4,,,1,176,,321347,4,,,1,107,,321348,4,,,1,197,,321349,4,,,1,211,,321350,4,,,1,200,,321351,4,,,1,201,,321352,4,,,1,156,,321353,6,0,5 48 43,1,100,,321354,6,0,5 48 43,1,144,,321355,4,,,1,199,,321356,4,,,1,274,,321357,4,,,1
8800,'20261120',554,,321358,4,,,1,176,,321359,4,,,1,107,,321360,4,,,1,197,,321362,4,,,1,211,,321364,4,,,1,200,,321366,4,,,1,201,,321367,4,,,1,156,,321368,6,0,5 48 43,1,100,,321369,6,0,5 48 43,1,144,,321370,4,,,1,199,,321371,4,,,1,274,,321372,4,,,1
8800,'20261121',910,,321373,4,,,1,105,,321374,4,,,1,300,,321376,4,,,1,300,,321378,4,,,1,230,,321380,4,,,1,100,,321381,4,,,1,270,,321382,4,,,1,304,,321383,4,,,1
8800,'20261122',910,,321384,4,,,1,105,,321385,4,,,1,300,,321387,4,,,1,300,,321389,4,,,1,230,,321391,4,,,1,100,,321392,4,,,1,270,,321393,4,,,1,304,,321394,4,,,1
8800,'20261123',554,,321395,4,,,1,176,,321396,4,,,1,107,,321397,4,,,1,197,,321398,4,,,1,211,,321399,4,,,1,200,,321400,4,,,1,201,,321401,4,,,1,156,,321402,6,0,5 48 43,1,100,,321403,6,0,5 48 43,1,144,,321404,4,,,1,199,,321405,4,,,1,274,,321406,4,,,1
8800,'20261124',554,,321407,4,,,1,176,,321408,4,,,1,107,,321409,4,,,1,197,,321410,4,,,1,211,,321411,4,,,1,200,,321412,4,,,1,201,,321413,4,,,1,156,,321414,6,0,5 48 43,1,100,,321415,6,0,5 48 43,1,144,,321416,4,,,1,199,,321417,4,,,1,274,,321418,4,,,1
8800,'20261125',554,,321419,4,,,1,176,,321420,4,,,1,107,,321421,4,,,1,197,,321422,4,,,1,211,,321423,4,,,1,200,,321424,4,,,1,201,,321425,4,,,1,156,,321426,6,0,5 48 43,1,100,,321427,6,0,5 48 43,1,144,,321428,4,,,1,199,,321429,4,,,1,274,,321430,4,,,1
8800,'20261126',554,,321431,4,,,1,176,,321432,4,,,1,107,,321433,4,,,1,197,,321434,4,,,1,211,,321435,4,,,1,200,,321436,4,,,1,201,,321437,4,,,1,156,,321438,6,0,5 48 43,1,100,,321439,6,0,5 48 43,1,144,,321440,4,,,1,199,,321441,4,,,1,274,,321442,4,,,1
8800,'20261127',554,,321443,4,,,1,176,,321444,4,,,1,107,,321445,4,,,1,197,,321447,4,,,1,211,,321449,4,,,1,200,,321451,4,,,1,201,,321452,4,,,1,156,,321453,6,0,5 48 43,1,100,,321454,6,0,5 48 43,1,144,,321455,4,,,1,199,,321456,4,,,1,274,,321457,4,,,1
