3101,'20260831',639,,165881,7,0,43 44 47,1,94,,165883,5,0,5 43 44 47,1,100,,165884,5,0,5 43 44 47,1,1624,,165886,5,0,77 14 15 9,1,60,,165888,5,0,7 43 44 47,1,99,,165889,7,0,16 17 9,1,100,,165890,7,0,16 17 9,1
3101,'20260901',639,,165893,7,0,43 44 47,1,94,,165895,5,0,5 43 44 47,1,100,,165896,5,0,5 43 44 47,1,1624,,165898,5,0,77 14 15 9,1,60,,165900,5,0,7 43 44 47,1,99,,165901,7,0,16 17 9,1,100,,165902,7,0,16 17 9,1
3101,'20260902',639,,165905,7,0,43 44 47,1,94,,165907,5,0,5 43 44 47,1,100,,165908,5,0,5 43 44 47,1,1624,,165910,5,0,77 14 15 9,1,60,,165912,5,0,7 43 44 47,1,99,,165913,7,0,16 17 9,1,100,,165914,7,0,16 17 9,1
3101,'20260903',639,,165917,7,0,43 44 47,1,94,,165919,5,0,5 43 44 47,1,100,,165920,5,0,5 43 44 47,1,1624,,165922,5,0,77 14 15 9,1,60,,165924,5,0,7 43 44 47,1,99,,165925,7,0,16 17 9,1,100,,165926,7,0,16 17 9,1
3101,'20260904',639,,165929,7,0,43 44 47,1,94,,165931,5,0,5 43 44 47,1,100,,165932,5,0,5 43 44 47,1,1624,,165934,5,0,77 14 15 9,1,60,,165936,5,0,7 43 44 47,1,99,,165937,7,0,16 17 9,1,100,,165938,7,0,16 17 9,1
3101,'20260905',821,,267537,5,0,7 43 44 47,1,1705,,267540,5,0,77 14 15 9,1,25,,267541,7,0,16 17 9,1,70,,267542,7,0,78 14 15 9,1,25,,267543,7,0,16 17 9,1,70,,267544,7,0,16 17 9,1
3101,'20260906',821,,267545,5,0,7 43 44 47,1,1705,,267548,5,0,77 14 15 9,1,95,,267549,7,0,78 14 15 9,1,95,,267550,7,0,16 17 9,1
3101,'20260907',821,,267551,5,0,7 43 44 47,1,1705,,267554,5,0,77 14 15 9,1,25,,267555,7,0,16 17 9,1,70,,267556,7,0,78 14 15 9,1,25,,267557,7,0,16 17 9,1,70,,267558,7,0,16 17 9,1
3101,'20260908',639,,267561,7,0,43 44 47,1,94,,267563,5,0,5 43 44 47,1,100,,267564,5,0,5 43 44 47,1,1624,,267566,5,0,77 14 15 9,1,60,,267568,5,0,7 43 44 47,1,99,,267569,7,0,16 17 9,1,100,,267570,7,0,16 17 9,1
3101,'20260909',639,,267573,7,0,43 44 47,1,94,,267575,5,0,5 43 44 47,1,100,,267576,5,0,5 43 44 47,1,1624,,267578,5,0,77 14 15 9,1,60,,267580,5,0,7 43 44 47,1,99,,267581,7,0,16 17 9,1,100,,267582,7,0,16 17 9,1
3101,'20260910',639,,267585,7,0,43 44 47,1,94,,267587,5,0,5 43 44 47,1,100,,267588,5,0,5 43 44 47,1,1624,,267590,5,0,77 14 15 9,1,60,,267592,5,0,7 43 44 47,1,99,,267593,7,0,16 17 9,1,100,,267594,7,0,16 17 9,1
3101,'20260911',639,,267597,7,0,43 44 47,1,94,,267599,5,0,5 43 44 47,1,100,,267600,5,0,5 43 44 47,1,1568,,267602,5,0,77 14 15 9,1,56,,267607,5,0,77 14 15 9,1,60,,267609,5,0,7 43 44 47,1,99,,267610,7,0,16 17 9,1,100,,267611,7,0,16 17 9,1
3101,'20260912',821,,267612,5,0,7 43 44 47,1,1705,,267619,5,0,77 14 15 9,1,25,,267620,7,0,16 17 9,1,70,,267621,7,0,78 14 15 9,1,25,,267622,7,0,16 17 9,1,70,,267623,7,0,16 17 9,1
3101,'20260913',821,,267624,5,0,7 43 44 47,1,1705,,267631,5,0,77 14 15 9,1,95,,267632,7,0,78 14 15 9,1,95,,267633,7,0,16 17 9,1
3101,'20260914',639,,267636,7,0,43 44 47,1,94,,267638,5,0,5 43 44 47,1,100,,267639,5,0,5 43 44 47,1,1624,,267641,5,0,77 14 15 9,1,60,,267643,5,0,7 43 44 47,1,99,,267644,7,0,16 17 9,1,100,,267645,7,0,16 17 9,1
3101,'20260915',639,,267648,7,0,43 44 47,1,94,,267650,5,0,5 43 44 47,1,100,,267651,5,0,5 43 44 47,1,1624,,267653,5,0,77 14 15 9,1,60,,267655,5,0,7 43 44 47,1,99,,267656,7,0,16 17 9,1,100,,267657,7,0,16 17 9,1
3101,'20260916',639,,267660,7,0,43 44 47,1,94,,267662,5,0,5 43 44 47,1,100,,267663,5,0,5 43 44 47,1,1624,,267665,5,0,77 14 15 9,1,60,,267667,5,0,7 43 44 47,1,99,,267668,7,0,16 17 9,1,100,,267669,7,0,16 17 9,1
3101,'20260917',639,,267672,7,0,43 44 47,1,94,,267674,5,0,5 43 44 47,1,100,,267675,5,0,5 43 44 47,1,1624,,267677,5,0,77 14 15 9,1,60,,267679,5,0,7 43 44 47,1,99,,267680,7,0,16 17 9,1,100,,267681,7,0,16 17 9,1
3101,'20260918',639,,267684,7,0,43 44 47,1,94,,267686,5,0,5 43 44 47,1,100,,267687,5,0,5 43 44 47,1,1568,,267689,5,0,77 14 15 9,1,56,,267694,5,0,77 14 15 9,1,60,,267696,5,0,7 43 44 47,1,99,,267697,7,0,16 17 9,1,100,,267698,7,0,16 17 9,1
3101,'20260919',821,,267699,5,0,7 43 44 47,1,1705,,267706,5,0,77 14 15 9,1,25,,267707,7,0,16 17 9,1,70,,267708,7,0,78 14 15 9,1,25,,267709,7,0,16 17 9,1,70,,267710,7,0,16 17 9,1
3101,'20260920',821,,267711,5,0,7 43 44 47,1,1705,,267718,5,0,77 14 15 9,1,95,,267719,7,0,78 14 15 9,1,95,,267720,7,0,16 17 9,1
3101,'20260921',639,,267723,7,0,43 44 47,1,94,,267725,5,0,5 43 44 47,1,100,,267726,5,0,5 43 44 47,1,1624,,267728,5,0,77 14 15 9,1,60,,267730,5,0,7 43 44 47,1,99,,267731,7,0,16 17 9,1,100,,267732,7,0,16 17 9,1
3101,'20260922',639,,267735,7,0,43 44 47,1,94,,267737,5,0,5 43 44 47,1,100,,267738,5,0,5 43 44 47,1,1624,,267740,5,0,77 14 15 9,1,60,,267742,5,0,7 43 44 47,1,99,,267743,7,0,16 17 9,1,100,,267744,7,0,16 17 9,1
3101,'20260923',639,,267747,7,0,43 44 47,1,94,,267749,5,0,5 43 44 47,1,100,,267750,5,0,5 43 44 47,1,1624,,267752,5,0,77 14 15 9,1,60,,267754,5,0,7 43 44 47,1,99,,267755,7,0,16 17 9,1,100,,267756,7,0,16 17 9,1
3101,'20260924',639,,267759,7,0,43 44 47,1,94,,267761,5,0,5 43 44 47,1,100,,267762,5,0,5 43 44 47,1,1624,,267764,5,0,77 14 15 9,1,60,,267766,5,0,7 43 44 47,1,99,,267767,7,0,16 17 9,1,100,,267768,7,0,16 17 9,1
3101,'20260925',639,,267771,7,0,43 44 47,1,94,,267773,5,0,5 43 44 47,1,100,,267774,5,0,5 43 44 47,1,1624,,267776,5,0,77 14 15 9,1,60,,267778,5,0,7 43 44 47,1,99,,267779,7,0,16 17 9,1,100,,267780,7,0,16 17 9,1
3101,'20260926',821,,267781,5,0,7 43 44 47,1,1705,,267784,5,0,77 14 15 9,1,25,,267785,7,0,16 17 9,1,70,,267786,7,0,78 14 15 9,1,25,,267787,7,0,16 17 9,1,70,,267788,7,0,16 17 9,1
3101,'20260927',821,,267789,5,0,7 43 44 47,1,1705,,267792,5,0,77 14 15 9,1,95,,267793,7,0,78 14 15 9,1,95,,267794,7,0,16 17 9,1
3101,'20260928',639,,267797,7,0,43 44 47,1,94,,267799,5,0,5 43 44 47,1,100,,267800,5,0,5 43 44 47,1,1624,,267802,5,0,77 14 15 9,1,60,,267804,5,0,7 43 44 47,1,99,,267805,7,0,16 17 9,1,100,,267806,7,0,16 17 9,1
3101,'20260929',639,,267809,7,0,43 44 47,1,94,,267811,5,0,5 43 44 47,1,100,,267812,5,0,5 43 44 47,1,1624,,267814,5,0,77 14 15 9,1,60,,267816,5,0,7 43 44 47,1,99,,267817,7,0,16 17 9,1,100,,267818,7,0,16 17 9,1
3101,'20260930',639,,267821,7,0,43 44 47,1,94,,267823,5,0,5 43 44 47,1,100,,267824,5,0,5 43 44 47,1,1624,,267826,5,0,77 14 15 9,1,60,,267828,5,0,7 43 44 47,1,99,,267829,7,0,16 17 9,1,100,,267830,7,0,16 17 9,1
3101,'20261001',639,,267833,7,0,43 44 47,1,94,,267835,5,0,5 43 44 47,1,100,,267836,5,0,5 43 44 47,1,1624,,267838,5,0,77 14 15 9,1,60,,267840,5,0,7 43 44 47,1,99,,267841,7,0,16 17 9,1,100,,267842,7,0,16 17 9,1
3101,'20261002',639,,267845,7,0,43 44 47,1,94,,267847,5,0,5 43 44 47,1,100,,267848,5,0,5 43 44 47,1,1624,,267850,5,0,77 14 15 9,1,60,,267852,5,0,7 43 44 47,1,99,,267853,7,0,16 17 9,1,100,,267854,7,0,16 17 9,1
3101,'20261003',821,,267855,5,0,7 43 44 47,1,1705,,267858,5,0,77 14 15 9,1,25,,267859,7,0,16 17 9,1,70,,267860,7,0,78 14 15 9,1,25,,267861,7,0,16 17 9,1,70,,267862,7,0,16 17 9,1
3101,'20261004',821,,267863,5,0,7 43 44 47,1,1705,,267866,5,0,77 14 15 9,1,95,,267867,7,0,78 14 15 9,1,95,,267868,7,0,16 17 9,1
3101,'20261005',639,,267871,7,0,43 44 47,1,94,,267873,5,0,5 43 44 47,1,100,,267874,5,0,5 43 44 47,1,1624,,267876,5,0,77 14 15 9,1,60,,267878,5,0,7 43 44 47,1,99,,267879,7,0,16 17 9,1,100,,267880,7,0,16 17 9,1
3101,'20261006',639,,267883,7,0,43 44 47,1,94,,267885,5,0,5 43 44 47,1,100,,267886,5,0,5 43 44 47,1,1624,,267888,5,0,77 14 15 9,1,60,,267890,5,0,7 43 44 47,1,99,,267891,7,0,16 17 9,1,100,,267892,7,0,16 17 9,1
3101,'20261007',639,,267895,7,0,43 44 47,1,94,,267897,5,0,5 43 44 47,1,100,,267898,5,0,5 43 44 47,1,1624,,267900,5,0,77 14 15 9,1,60,,267902,5,0,7 43 44 47,1,99,,267903,7,0,16 17 9,1,100,,267904,7,0,16 17 9,1
3101,'20261008',639,,267907,7,0,43 44 47,1,94,,267909,5,0,5 43 44 47,1,100,,267910,5,0,5 43 44 47,1,1624,,267912,5,0,77 14 15 9,1,60,,267914,5,0,7 43 44 47,1,99,,267915,7,0,16 17 9,1,100,,267916,7,0,16 17 9,1
3101,'20261009',639,,267919,7,0,43 44 47,1,94,,267921,5,0,5 43 44 47,1,100,,267922,5,0,5 43 44 47,1,1624,,267924,5,0,77 14 15 9,1,60,,267926,5,0,7 43 44 47,1,99,,267927,7,0,16 17 9,1,100,,267928,7,0,16 17 9,1
3101,'20261010',821,,267929,5,0,7 43 44 47,1,1705,,267932,5,0,77 14 15 9,1,25,,267933,7,0,16 17 9,1,70,,267934,7,0,78 14 15 9,1,25,,267935,7,0,16 17 9,1,70,,267936,7,0,16 17 9,1
3101,'20261011',821,,267937,5,0,7 43 44 47,1,1705,,267940,5,0,77 14 15 9,1,95,,267941,7,0,78 14 15 9,1,95,,267942,7,0,16 17 9,1
3101,'20261012',821,,267943,5,0,7 43 44 47,1,1705,,267946,5,0,77 14 15 9,1,25,,267947,7,0,16 17 9,1,70,,267948,7,0,78 14 15 9,1,25,,267949,7,0,16 17 9,1,70,,267950,7,0,16 17 9,1
3101,'20261013',639,,267953,7,0,43 44 47,1,94,,267955,5,0,5 43 44 47,1,100,,267956,5,0,5 43 44 47,1,1624,,267958,5,0,77 14 15 9,1,60,,267960,5,0,7 43 44 47,1,99,,267961,7,0,16 17 9,1,100,,267962,7,0,16 17 9,1
3101,'20261014',639,,267965,7,0,43 44 47,1,94,,267967,5,0,5 43 44 47,1,100,,267968,5,0,5 43 44 47,1,1624,,267970,5,0,77 14 15 9,1,60,,267972,5,0,7 43 44 47,1,99,,267973,7,0,16 17 9,1,100,,267974,7,0,16 17 9,1
3101,'20261015',639,,267977,7,0,43 44 47,1,94,,267979,5,0,5 43 44 47,1,100,,267980,5,0,5 43 44 47,1,1624,,267982,5,0,77 14 15 9,1,60,,267984,5,0,7 43 44 47,1,99,,267985,7,0,16 17 9,1,100,,267986,7,0,16 17 9,1
3101,'20261016',639,,267989,7,0,43 44 47,1,94,,267991,5,0,5 43 44 47,1,100,,267992,5,0,5 43 44 47,1,1624,,267994,5,0,77 14 15 9,1,60,,267996,5,0,7 43 44 47,1,99,,267997,7,0,16 17 9,1,100,,267998,7,0,16 17 9,1
3101,'20261017',821,,267999,5,0,7 43 44 47,1,1705,,268002,5,0,77 14 15 9,1,25,,268003,7,0,16 17 9,1,70,,268004,7,0,78 14 15 9,1,25,,268005,7,0,16 17 9,1,70,,268006,7,0,16 17 9,1
3101,'20261018',821,,268007,5,0,7 43 44 47,1,1705,,268010,5,0,77 14 15 9,1,95,,268011,7,0,78 14 15 9,1,95,,268012,7,0,16 17 9,1
3101,'20261019',639,,268015,7,0,43 44 47,1,94,,268017,5,0,5 43 44 47,1,100,,268018,5,0,5 43 44 47,1,1624,,268020,5,0,77 14 15 9,1,60,,268022,5,0,7 43 44 47,1,99,,268023,7,0,16 17 9,1,100,,268024,7,0,16 17 9,1
3101,'20261020',639,,268027,7,0,43 44 47,1,94,,268029,5,0,5 43 44 47,1,100,,268030,5,0,5 43 44 47,1,1624,,268032,5,0,77 14 15 9,1,60,,268034,5,0,7 43 44 47,1,99,,268035,7,0,16 17 9,1,100,,268036,7,0,16 17 9,1
3101,'20261021',639,,268039,7,0,43 44 47,1,94,,268041,5,0,5 43 44 47,1,100,,268042,5,0,5 43 44 47,1,1624,,268044,5,0,77 14 15 9,1,60,,268046,5,0,7 43 44 47,1,99,,268047,7,0,16 17 9,1,100,,268048,7,0,16 17 9,1
3101,'20261022',639,,268051,7,0,43 44 47,1,94,,268053,5,0,5 43 44 47,1,100,,268054,5,0,5 43 44 47,1,1624,,268056,5,0,77 14 15 9,1,60,,268058,5,0,7 43 44 47,1,99,,268059,7,0,16 17 9,1,100,,268060,7,0,16 17 9,1
3101,'20261023',639,,268063,7,0,43 44 47,1,94,,268065,5,0,5 43 44 47,1,100,,268066,5,0,5 43 44 47,1,1624,,268068,5,0,77 14 15 9,1,60,,268070,5,0,7 43 44 47,1,99,,268071,7,0,16 17 9,1,100,,268072,7,0,16 17 9,1
3101,'20261024',821,,268073,5,0,7 43 44 47,1,1705,,268076,5,0,77 14 15 9,1,25,,268077,7,0,16 17 9,1,70,,268078,7,0,78 14 15 9,1,25,,268079,7,0,16 17 9,1,70,,268080,7,0,16 17 9,1
3101,'20261025',821,,268081,5,0,7 43 44 47,1,1705,,268084,5,0,77 14 15 9,1,95,,268085,7,0,78 14 15 9,1,95,,268086,7,0,16 17 9,1
3101,'20261026',639,,268089,7,0,43 44 47,1,94,,268091,5,0,5 43 44 47,1,100,,268092,5,0,5 43 44 47,1,1624,,268094,5,0,77 14 15 9,1,60,,268096,5,0,7 43 44 47,1,99,,268097,7,0,16 17 9,1,100,,268098,7,0,16 17 9,1
3101,'20261027',639,,268101,7,0,43 44 47,1,94,,268103,5,0,5 43 44 47,1,100,,268104,5,0,5 43 44 47,1,1624,,268106,5,0,77 14 15 9,1,60,,268108,5,0,7 43 44 47,1,99,,268109,7,0,16 17 9,1,100,,268110,7,0,16 17 9,1
3101,'20261028',639,,268113,7,0,43 44 47,1,94,,268115,5,0,5 43 44 47,1,100,,268116,5,0,5 43 44 47,1,1624,,268118,5,0,77 14 15 9,1,60,,268120,5,0,7 43 44 47,1,99,,268121,7,0,16 17 9,1,100,,268122,7,0,16 17 9,1
3101,'20261029',639,,268125,7,0,43 44 47,1,94,,268127,5,0,5 43 44 47,1,100,,268128,5,0,5 43 44 47,1,1624,,268130,5,0,77 14 15 9,1,60,,268132,5,0,7 43 44 47,1,99,,268133,7,0,16 17 9,1,100,,268134,7,0,16 17 9,1
3101,'20261030',639,,268137,7,0,43 44 47,1,94,,268139,5,0,5 43 44 47,1,100,,268140,5,0,5 43 44 47,1,1624,,268142,5,0,77 14 15 9,1,60,,268144,5,0,7 43 44 47,1,99,,268145,7,0,16 17 9,1,100,,268146,7,0,16 17 9,1
3101,'20261031',821,,268147,5,0,7 43 44 47,1,1705,,268150,5,0,77 14 15 9,1,25,,268151,7,0,16 17 9,1,70,,268152,7,0,78 14 15 9,1,25,,268153,7,0,16 17 9,1,70,,268154,7,0,16 17 9,1
3101,'20261101',821,,268155,5,0,7 43 44 47,1,1705,,268158,5,0,77 14 15 9,1,95,,268159,7,0,78 14 15 9,1,95,,268160,7,0,16 17 9,1
3101,'20261102',639,,268163,7,0,43 44 47,1,94,,268165,5,0,5 43 44 47,1,100,,268166,5,0,5 43 44 47,1,1624,,268168,5,0,77 14 15 9,1,60,,268170,5,0,7 43 44 47,1,99,,268171,7,0,16 17 9,1,100,,268172,7,0,16 17 9,1
3101,'20261103',639,,268175,7,0,43 44 47,1,94,,268177,5,0,5 43 44 47,1,100,,268178,5,0,5 43 44 47,1,1624,,268180,5,0,77 14 15 9,1,60,,268182,5,0,7 43 44 47,1,99,,268183,7,0,16 17 9,1,100,,268184,7,0,16 17 9,1
3101,'20261104',639,,268187,7,0,43 44 47,1,94,,268189,5,0,5 43 44 47,1,100,,268190,5,0,5 43 44 47,1,1624,,268192,5,0,77 14 15 9,1,60,,268194,5,0,7 43 44 47,1,99,,268195,7,0,16 17 9,1,100,,268196,7,0,16 17 9,1
3101,'20261105',639,,268199,7,0,43 44 47,1,94,,268201,5,0,5 43 44 47,1,100,,268202,5,0,5 43 44 47,1,1624,,268204,5,0,77 14 15 9,1,60,,268206,5,0,7 43 44 47,1,99,,268207,7,0,16 17 9,1,100,,268208,7,0,16 17 9,1
3101,'20261106',639,,268211,7,0,43 44 47,1,94,,268213,5,0,5 43 44 47,1,100,,268214,5,0,5 43 44 47,1,1624,,268216,5,0,77 14 15 9,1,60,,268218,5,0,7 43 44 47,1,99,,268219,7,0,16 17 9,1,100,,268220,7,0,16 17 9,1
3101,'20261107',821,,268221,5,0,7 43 44 47,1,1705,,268224,5,0,77 14 15 9,1,25,,268225,7,0,16 17 9,1,70,,268226,7,0,78 14 15 9,1,25,,268227,7,0,16 17 9,1,70,,268228,7,0,16 17 9,1
3101,'20261108',821,,268229,5,0,7 43 44 47,1,1705,,268232,5,0,77 14 15 9,1,95,,268233,7,0,78 14 15 9,1,95,,268234,7,0,16 17 9,1
3101,'20261109',639,,268237,7,0,43 44 47,1,94,,268239,5,0,5 43 44 47,1,100,,268240,5,0,5 43 44 47,1,1624,,268242,5,0,77 14 15 9,1,60,,268244,5,0,7 43 44 47,1,99,,268245,7,0,16 17 9,1,100,,268246,7,0,16 17 9,1
3101,'20261110',639,,268249,7,0,43 44 47,1,94,,268251,5,0,5 43 44 47,1,100,,268252,5,0,5 43 44 47,1,1624,,268254,5,0,77 14 15 9,1,60,,268256,5,0,7 43 44 47,1,99,,268257,7,0,16 17 9,1,100,,268258,7,0,16 17 9,1
3101,'20261111',639,,268261,7,0,43 44 47,1,94,,268263,5,0,5 43 44 47,1,100,,268264,5,0,5 43 44 47,1,1624,,268266,5,0,77 14 15 9,1,60,,268268,5,0,7 43 44 47,1,99,,268269,7,0,16 17 9,1,100,,268270,7,0,16 17 9,1
3101,'20261112',639,,268273,7,0,43 44 47,1,94,,268275,5,0,5 43 44 47,1,100,,268276,5,0,5 43 44 47,1,1624,,268278,5,0,77 14 15 9,1,60,,268280,5,0,7 43 44 47,1,99,,268281,7,0,16 17 9,1,100,,268282,7,0,16 17 9,1
3101,'20261113',639,,268285,7,0,43 44 47,1,94,,268287,5,0,5 43 44 47,1,100,,268288,5,0,5 43 44 47,1,1624,,268290,5,0,77 14 15 9,1,60,,268292,5,0,7 43 44 47,1,99,,268293,7,0,16 17 9,1,100,,268294,7,0,16 17 9,1
3101,'20261114',821,,268295,5,0,7 43 44 47,1,1705,,268298,5,0,77 14 15 9,1,25,,268299,7,0,16 17 9,1,70,,268300,7,0,78 14 15 9,1,25,,268301,7,0,16 17 9,1,70,,268302,7,0,16 17 9,1
3101,'20261115',821,,268303,5,0,7 43 44 47,1,1705,,268306,5,0,77 14 15 9,1,95,,268307,7,0,78 14 15 9,1,95,,268308,7,0,16 17 9,1
3101,'20261116',639,,268311,7,0,43 44 47,1,94,,268313,5,0,5 43 44 47,1,100,,268314,5,0,5 43 44 47,1,1624,,268316,5,0,77 14 15 9,1,60,,268318,5,0,7 43 44 47,1,99,,268319,7,0,16 17 9,1,100,,268320,7,0,16 17 9,1
3101,'20261117',639,,268323,7,0,43 44 47,1,94,,268325,5,0,5 43 44 47,1,100,,268326,5,0,5 43 44 47,1,1624,,268328,5,0,77 14 15 9,1,60,,268330,5,0,7 43 44 47,1,99,,268331,7,0,16 17 9,1,100,,268332,7,0,16 17 9,1
3101,'20261118',639,,268335,7,0,43 44 47,1,94,,268337,5,0,5 43 44 47,1,100,,268338,5,0,5 43 44 47,1,1624,,268340,5,0,77 14 15 9,1,60,,268342,5,0,7 43 44 47,1,99,,268343,7,0,16 17 9,1,100,,268344,7,0,16 17 9,1
3101,'20261119',639,,268347,7,0,43 44 47,1,94,,268349,5,0,5 43 44 47,1,100,,268350,5,0,5 43 44 47,1,1624,,268352,5,0,77 14 15 9,1,60,,268354,5,0,7 43 44 47,1,99,,268355,7,0,16 17 9,1,100,,268356,7,0,16 17 9,1
3101,'20261120',639,,268359,7,0,43 44 47,1,94,,268361,5,0,5 43 44 47,1,100,,268362,5,0,5 43 44 47,1,1624,,268364,5,0,77 14 15 9,1,60,,268366,5,0,7 43 44 47,1,99,,268367,7,0,16 17 9,1,100,,268368,7,0,16 17 9,1
3101,'20261121',821,,268369,5,0,7 43 44 47,1,1705,,268372,5,0,77 14 15 9,1,25,,268373,7,0,16 17 9,1,70,,268374,7,0,78 14 15 9,1,25,,268375,7,0,16 17 9,1,70,,268376,7,0,16 17 9,1
3101,'20261122',821,,268377,5,0,7 43 44 47,1,1705,,268380,5,0,77 14 15 9,1,95,,268381,7,0,78 14 15 9,1,95,,268382,7,0,16 17 9,1
3101,'20261123',639,,268385,7,0,43 44 47,1,94,,268387,5,0,5 43 44 47,1,100,,268388,5,0,5 43 44 47,1,1624,,268390,5,0,77 14 15 9,1,60,,268392,5,0,7 43 44 47,1,99,,268393,7,0,16 17 9,1,100,,268394,7,0,16 17 9,1
3101,'20261124',639,,268397,7,0,43 44 47,1,94,,268399,5,0,5 43 44 47,1,100,,268400,5,0,5 43 44 47,1,1624,,268402,5,0,77 14 15 9,1,60,,268404,5,0,7 43 44 47,1,99,,268405,7,0,16 17 9,1,100,,268406,7,0,16 17 9,1
3101,'20261125',639,,268409,7,0,43 44 47,1,94,,268411,5,0,5 43 44 47,1,100,,268412,5,0,5 43 44 47,1,1624,,268414,5,0,77 14 15 9,1,60,,268416,5,0,7 43 44 47,1,99,,268417,7,0,16 17 9,1,100,,268418,7,0,16 17 9,1
3101,'20261126',639,,268421,7,0,43 44 47,1,94,,268423,5,0,5 43 44 47,1,100,,268424,5,0,5 43 44 47,1,1624,,268426,5,0,77 14 15 9,1,60,,268428,5,0,7 43 44 47,1,99,,268429,7,0,16 17 9,1,100,,268430,7,0,16 17 9,1
3101,'20261127',639,,268433,7,0,43 44 47,1,94,,268435,5,0,5 43 44 47,1,100,,268436,5,0,5 43 44 47,1,1624,,268438,5,0,77 14 15 9,1,60,,268440,5,0,7 43 44 47,1,99,,268441,7,0,16 17 9,1,100,,268442,7,0,16 17 9,1
3301,'20260831',719,,172583,9,0,7 13,1,107,,172584,9,0,7 13,1,85,,172585,9,,,1,100,,172586,9,,,1,100,,172587,9,,,1,103,,172588,9,,,1,103,,172589,9,,,1,100,,172590,9,,,1,37,,172591,9,0,5 14 15 9,1,65,,172592,9,,,1,27,,172593,9,0,5 14 15 9,1,63,,172594,9,0,16 17 9,1,22,,172595,9,,,1,22,,172596,9,0,5 14 15 9,1,60,,172597,9,,,1,20,,172598,9,0,5 14 15 9,1,19,,172599,9,0,16 17 9,1,54,,172600,9,0,5 14 15 9,1,15,,172601,9,0,16 17 9,1,20,,172602,9,0,5 14 15 9,1,63,,172603,9,0,5 14 15 9,1,18,,172604,9,,,1,29,,172605,9,0,5 14 15 9,1,65,,172606,9,0,16 17 9,1,25,,172607,9,0,5 14 15 9,1,70,,172608,9,,,1,30,,172609,9,0,5 14 15 9,1,70,,172610,9,0,16 17 9,1,30,,172611,9,0,5 14 15 9,1,70,,172612,9,,,1,100,,172613,9,0,16 17 9,1,99,,172614,9,0,7 13,1
3301,'20260901',719,,172615,9,0,7 13,1,107,,172616,9,0,7 13,1,85,,172617,9,,,1,100,,172618,9,,,1,100,,172619,9,,,1,103,,172620,9,,,1,103,,172621,9,,,1,100,,172622,9,,,1,37,,172623,9,0,5 14 15 9,1,65,,172624,9,,,1,27,,172625,9,0,5 14 15 9,1,63,,172626,9,0,16 17 9,1,22,,172627,9,,,1,22,,172628,9,0,5 14 15 9,1,60,,172629,9,,,1,20,,172630,9,0,5 14 15 9,1,19,,172631,9,0,16 17 9,1,54,,172632,9,0,5 14 15 9,1,15,,172633,9,0,16 17 9,1,20,,172634,9,0,5 14 15 9,1,63,,172635,9,0,5 14 15 9,1,18,,172636,9,,,1,29,,172637,9,0,5 14 15 9,1,65,,172638,9,0,16 17 9,1,25,,172639,9,0,5 14 15 9,1,70,,172640,9,,,1,30,,172641,9,0,5 14 15 9,1,70,,172642,9,0,16 17 9,1,30,,172643,9,0,5 14 15 9,1,70,,172644,9,,,1,100,,172645,9,0,16 17 9,1,99,,172646,9,0,7 13,1
3301,'20260902',719,,172647,9,0,7 13,1,107,,172648,9,0,7 13,1,85,,172649,9,,,1,100,,172650,9,,,1,100,,172651,9,,,1,103,,172652,9,,,1,103,,172653,9,,,1,100,,172654,9,,,1,37,,172655,9,0,5 14 15 9,1,65,,172656,9,,,1,27,,172657,9,0,5 14 15 9,1,63,,172658,9,0,16 17 9,1,22,,172659,9,,,1,22,,172660,9,0,5 14 15 9,1,60,,172661,9,,,1,20,,172662,9,0,5 14 15 9,1,19,,172663,9,0,16 17 9,1,54,,172664,9,0,5 14 15 9,1,15,,172665,9,0,16 17 9,1,20,,172666,9,0,5 14 15 9,1,63,,172667,9,0,5 14 15 9,1,18,,172668,9,,,1,29,,172669,9,0,5 14 15 9,1,65,,172670,9,0,16 17 9,1,25,,172671,9,0,5 14 15 9,1,70,,172672,9,,,1,30,,172673,9,0,5 14 15 9,1,70,,172674,9,0,16 17 9,1,30,,172675,9,0,5 14 15 9,1,70,,172676,9,,,1,100,,172677,9,0,16 17 9,1,99,,172678,9,0,7 13,1
3301,'20260903',719,,172679,9,0,7 13,1,107,,172680,9,0,7 13,1,85,,172681,9,,,1,100,,172682,9,,,1,100,,172683,9,,,1,103,,172684,9,,,1,103,,172685,9,,,1,100,,172686,9,,,1,37,,172687,9,0,5 14 15 9,1,65,,172688,9,,,1,27,,172689,9,0,5 14 15 9,1,63,,172690,9,0,16 17 9,1,22,,172691,9,,,1,22,,172692,9,0,5 14 15 9,1,60,,172693,9,,,1,20,,172694,9,0,5 14 15 9,1,19,,172695,9,0,16 17 9,1,54,,172696,9,0,5 14 15 9,1,15,,172697,9,0,16 17 9,1,20,,172698,9,0,5 14 15 9,1,63,,172699,9,0,5 14 15 9,1,18,,172700,9,,,1,29,,172701,9,0,5 14 15 9,1,65,,172702,9,0,16 17 9,1,25,,172703,9,0,5 14 15 9,1,70,,172704,9,,,1,30,,172705,9,0,5 14 15 9,1,70,,172706,9,0,16 17 9,1,30,,172707,9,0,5 14 15 9,1,70,,172708,9,,,1,100,,172709,9,0,16 17 9,1,99,,172710,9,0,7 13,1
3301,'20260904',719,,172711,9,0,7 13,1,107,,172712,9,0,7 13,1,85,,172713,9,,,1,100,,172714,9,,,1,100,,172715,9,,,1,103,,172716,9,,,1,103,,172717,9,,,1,100,,172718,9,,,1,37,,172719,9,0,5 14 15 9,1,65,,172720,9,,,1,27,,172721,9,0,5 14 15 9,1,63,,172722,9,0,16 17 9,1,22,,172723,9,,,1,22,,172724,9,0,5 14 15 9,1,60,,172725,9,,,1,20,,172726,9,0,5 14 15 9,1,19,,172727,9,0,16 17 9,1,54,,172728,9,0,5 14 15 9,1,15,,172729,9,0,16 17 9,1,20,,172730,9,0,5 14 15 9,1,63,,172731,9,0,5 14 15 9,1,18,,172732,9,,,1,29,,172733,9,0,5 14 15 9,1,65,,172734,9,0,16 17 9,1,25,,172735,9,0,5 14 15 9,1,70,,172736,9,,,1,30,,172737,9,0,5 14 15 9,1,70,,172738,9,0,16 17 9,1,30,,172739,9,0,5 14 15 9,1,70,,172740,9,,,1,100,,172741,9,0,16 17 9,1,99,,172742,9,0,7 13,1
3301,'20260905',1014,,273138,9,,,1,200,,273140,9,,,1,197,,273142,9,,,1,197,,273144,9,,,1,202,,273145,9,,,1,200,,273146,9,,,1,200,,273147,9,,,1,209,,273148,9,,,1
3301,'20260906',1014,,273150,9,,,1,200,,273152,9,,,1,197,,273154,9,,,1,197,,273156,9,,,1,202,,273157,9,,,1,200,,273158,9,,,1,200,,273159,9,,,1,209,,273160,9,,,1
3301,'20260907',1014,,273162,9,,,1,200,,273164,9,,,1,197,,273166,9,,,1,197,,273168,9,,,1,202,,273169,9,,,1,200,,273170,9,,,1,200,,273171,9,,,1,209,,273172,9,,,1
3301,'20260908',719,,273173,9,0,7 13,1,107,,273174,9,0,7 13,1,85,,273175,9,,,1,100,,273176,9,,,1,100,,273177,9,,,1,103,,273178,9,,,1,103,,273179,9,,,1,100,,273180,9,,,1,37,,273181,9,0,5 14 15 9,1,65,,273182,9,,,1,27,,273183,9,0,5 14 15 9,1,63,,273184,9,0,16 17 9,1,22,,273185,9,,,1,22,,273186,9,0,5 14 15 9,1,60,,273187,9,,,1,20,,273188,9,0,5 14 15 9,1,19,,273189,9,0,16 17 9,1,54,,273190,9,0,5 14 15 9,1,15,,273191,9,0,16 17 9,1,20,,273192,9,0,5 14 15 9,1,63,,273193,9,0,5 14 15 9,1,18,,273194,9,,,1,29,,273195,9,0,5 14 15 9,1,65,,273196,9,0,16 17 9,1,30,,273197,9,0,5 14 15 9,1,65,,273198,9,,,1,30,,273199,9,0,5 14 15 9,1,70,,273200,9,0,16 17 9,1,30,,273201,9,0,5 14 15 9,1,70,,273202,9,,,1,100,,273203,9,0,16 17 9,1,99,,273204,9,0,7 13,1
3301,'20260909',719,,273205,9,0,7 13,1,107,,273206,9,0,7 13,1,85,,273207,9,,,1,100,,273208,9,,,1,100,,273209,9,,,1,103,,273210,9,,,1,103,,273211,9,,,1,100,,273212,9,,,1,37,,273213,9,0,5 14 15 9,1,65,,273214,9,,,1,27,,273215,9,0,5 14 15 9,1,63,,273216,9,0,16 17 9,1,22,,273217,9,,,1,22,,273218,9,0,5 14 15 9,1,60,,273219,9,,,1,20,,273220,9,0,5 14 15 9,1,19,,273221,9,0,16 17 9,1,54,,273222,9,0,5 14 15 9,1,15,,273223,9,0,16 17 9,1,20,,273224,9,0,5 14 15 9,1,63,,273225,9,0,5 14 15 9,1,18,,273226,9,,,1,29,,273227,9,0,5 14 15 9,1,65,,273228,9,0,16 17 9,1,30,,273229,9,0,5 14 15 9,1,65,,273230,9,,,1,30,,273231,9,0,5 14 15 9,1,70,,273232,9,0,16 17 9,1,30,,273233,9,0,5 14 15 9,1,70,,273234,9,,,1,100,,273235,9,0,16 17 9,1,99,,273236,9,0,7 13,1
3301,'20260910',719,,273237,9,0,7 13,1,107,,273238,9,0,7 13,1,85,,273239,9,,,1,100,,273240,9,,,1,100,,273241,9,,,1,103,,273242,9,,,1,103,,273243,9,,,1,100,,273244,9,,,1,37,,273245,9,0,5 14 15 9,1,65,,273246,9,,,1,27,,273247,9,0,5 14 15 9,1,63,,273248,9,0,16 17 9,1,22,,273249,9,,,1,22,,273250,9,0,5 14 15 9,1,60,,273251,9,,,1,20,,273252,9,0,5 14 15 9,1,19,,273253,9,0,16 17 9,1,54,,273254,9,0,5 14 15 9,1,15,,273255,9,0,16 17 9,1,20,,273256,9,0,5 14 15 9,1,63,,273257,9,0,5 14 15 9,1,18,,273258,9,,,1,29,,273259,9,0,5 14 15 9,1,65,,273260,9,0,16 17 9,1,30,,273261,9,0,5 14 15 9,1,65,,273262,9,,,1,30,,273263,9,0,5 14 15 9,1,70,,273264,9,0,16 17 9,1,30,,273265,9,0,5 14 15 9,1,70,,273266,9,,,1,100,,273267,9,0,16 17 9,1,99,,273268,9,0,7 13,1
3301,'20260911',719,,273269,9,0,7 13,1,107,,273270,9,0,7 13,1,85,,273271,9,,,1,100,,273272,9,,,1,100,,273273,9,,,1,103,,273274,9,,,1,103,,273275,9,,,1,100,,273276,9,,,1,37,,273277,9,0,5 14 15 9,1,65,,273278,9,,,1,27,,273279,9,0,5 14 15 9,1,63,,273280,9,0,16 17 9,1,22,,273281,9,,,1,22,,273282,9,0,5 14 15 9,1,60,,273283,9,,,1,20,,273284,9,0,5 14 15 9,1,19,,273285,9,0,16 17 9,1,54,,273286,9,0,5 14 15 9,1,15,,273287,9,0,16 17 9,1,20,,273288,9,0,5 14 15 9,1,63,,273289,9,0,5 14 15 9,1,18,,273290,9,,,1,29,,273291,9,0,5 14 15 9,1,65,,273292,9,0,16 17 9,1,30,,273293,9,0,5 14 15 9,1,65,,273294,9,,,1,30,,273295,9,0,5 14 15 9,1,70,,273296,9,0,16 17 9,1,30,,273297,9,0,5 14 15 9,1,70,,273298,9,,,1,100,,273299,9,0,16 17 9,1,99,,273300,9,0,7 13,1
3301,'20260912',1014,,273302,9,,,1,200,,273304,9,,,1,197,,273306,9,,,1,197,,273308,9,,,1,202,,273309,9,,,1,200,,273310,9,,,1,200,,273311,9,,,1,209,,273312,9,,,1
3301,'20260913',1014,,273314,9,,,1,200,,273316,9,,,1,197,,273318,9,,,1,197,,273320,9,,,1,202,,273321,9,,,1,200,,273322,9,,,1,200,,273323,9,,,1,209,,273324,9,,,1
3301,'20260914',719,,273325,9,0,7 13,1,107,,273326,9,0,7 13,1,85,,273327,9,,,1,100,,273328,9,,,1,100,,273329,9,,,1,103,,273330,9,,,1,103,,273331,9,,,1,100,,273332,9,,,1,37,,273333,9,0,5 14 15 9,1,65,,273334,9,,,1,27,,273335,9,0,5 14 15 9,1,63,,273336,9,0,16 17 9,1,22,,273337,9,,,1,22,,273338,9,0,5 14 15 9,1,60,,273339,9,,,1,20,,273340,9,0,5 14 15 9,1,19,,273341,9,0,16 17 9,1,54,,273342,9,0,5 14 15 9,1,15,,273343,9,0,16 17 9,1,20,,273344,9,0,5 14 15 9,1,63,,273345,9,0,5 14 15 9,1,18,,273346,9,,,1,29,,273347,9,0,5 14 15 9,1,65,,273348,9,0,16 17 9,1,30,,273349,9,0,5 14 15 9,1,65,,273350,9,,,1,30,,273351,9,0,5 14 15 9,1,70,,273352,9,0,16 17 9,1,30,,273353,9,0,5 14 15 9,1,70,,273354,9,,,1,100,,273355,9,0,16 17 9,1,99,,273356,9,0,7 13,1
3301,'20260915',719,,273357,9,0,7 13,1,107,,273358,9,0,7 13,1,85,,273359,9,,,1,100,,273360,9,,,1,100,,273361,9,,,1,103,,273362,9,,,1,103,,273363,9,,,1,100,,273364,9,,,1,37,,273365,9,0,5 14 15 9,1,65,,273366,9,,,1,27,,273367,9,0,5 14 15 9,1,63,,273368,9,0,16 17 9,1,22,,273369,9,,,1,22,,273370,9,0,5 14 15 9,1,60,,273371,9,,,1,20,,273372,9,0,5 14 15 9,1,19,,273373,9,0,16 17 9,1,54,,273374,9,0,5 14 15 9,1,15,,273375,9,0,16 17 9,1,20,,273376,9,0,5 14 15 9,1,63,,273377,9,0,5 14 15 9,1,18,,273378,9,,,1,29,,273379,9,0,5 14 15 9,1,65,,273380,9,0,16 17 9,1,30,,273381,9,0,5 14 15 9,1,65,,273382,9,,,1,30,,273383,9,0,5 14 15 9,1,70,,273384,9,0,16 17 9,1,30,,273385,9,0,5 14 15 9,1,70,,273386,9,,,1,100,,273387,9,0,16 17 9,1,99,,273388,9,0,7 13,1
3301,'20260916',719,,273389,9,0,7 13,1,107,,273390,9,0,7 13,1,85,,273391,9,,,1,100,,273392,9,,,1,100,,273393,9,,,1,103,,273394,9,,,1,103,,273395,9,,,1,100,,273396,9,,,1,37,,273397,9,0,5 14 15 9,1,65,,273398,9,,,1,27,,273399,9,0,5 14 15 9,1,63,,273400,9,0,16 17 9,1,22,,273401,9,,,1,22,,273402,9,0,5 14 15 9,1,60,,273403,9,,,1,20,,273404,9,0,5 14 15 9,1,19,,273405,9,0,16 17 9,1,54,,273406,9,0,5 14 15 9,1,15,,273407,9,0,16 17 9,1,20,,273408,9,0,5 14 15 9,1,63,,273409,9,0,5 14 15 9,1,18,,273410,9,,,1,29,,273411,9,0,5 14 15 9,1,65,,273412,9,0,16 17 9,1,30,,273413,9,0,5 14 15 9,1,65,,273414,9,,,1,30,,273415,9,0,5 14 15 9,1,70,,273416,9,0,16 17 9,1,30,,273417,9,0,5 14 15 9,1,70,,273418,9,,,1,100,,273419,9,0,16 17 9,1,99,,273420,9,0,7 13,1
3301,'20260917',719,,273421,9,0,7 13,1,107,,273422,9,0,7 13,1,85,,273423,9,,,1,100,,273424,9,,,1,100,,273425,9,,,1,103,,273426,9,,,1,103,,273427,9,,,1,100,,273428,9,,,1,37,,273429,9,0,5 14 15 9,1,65,,273430,9,,,1,27,,273431,9,0,5 14 15 9,1,63,,273432,9,0,16 17 9,1,22,,273433,9,,,1,22,,273434,9,0,5 14 15 9,1,60,,273435,9,,,1,20,,273436,9,0,5 14 15 9,1,19,,273437,9,0,16 17 9,1,54,,273438,9,0,5 14 15 9,1,15,,273439,9,0,16 17 9,1,20,,273440,9,0,5 14 15 9,1,63,,273441,9,0,5 14 15 9,1,18,,273442,9,,,1,29,,273443,9,0,5 14 15 9,1,65,,273444,9,0,16 17 9,1,30,,273445,9,0,5 14 15 9,1,65,,273446,9,,,1,30,,273447,9,0,5 14 15 9,1,70,,273448,9,0,16 17 9,1,30,,273449,9,0,5 14 15 9,1,70,,273450,9,,,1,100,,273451,9,0,16 17 9,1,99,,273452,9,0,7 13,1
3301,'20260918',719,,273453,9,0,7 13,1,107,,273454,9,0,7 13,1,85,,273455,9,,,1,100,,273456,9,,,1,100,,273457,9,,,1,103,,273458,9,,,1,103,,273459,9,,,1,100,,273460,9,,,1,37,,273461,9,0,5 14 15 9,1,65,,273462,9,,,1,27,,273463,9,0,5 14 15 9,1,63,,273464,9,0,16 17 9,1,22,,273465,9,,,1,22,,273466,9,0,5 14 15 9,1,60,,273467,9,,,1,20,,273468,9,0,5 14 15 9,1,19,,273469,9,0,16 17 9,1,54,,273470,9,0,5 14 15 9,1,15,,273471,9,0,16 17 9,1,20,,273472,9,0,5 14 15 9,1,63,,273473,9,0,5 14 15 9,1,18,,273474,9,,,1,29,,273475,9,0,5 14 15 9,1,65,,273476,9,0,16 17 9,1,30,,273477,9,0,5 14 15 9,1,65,,273478,9,,,1,30,,273479,9,0,5 14 15 9,1,70,,273480,9,0,16 17 9,1,30,,273481,9,0,5 14 15 9,1,70,,273482,9,,,1,100,,273483,9,0,16 17 9,1,99,,273484,9,0,7 13,1
3301,'20260919',1014,,273486,9,,,1,200,,273488,9,,,1,197,,273490,9,,,1,197,,273492,9,,,1,202,,273493,9,,,1,200,,273494,9,,,1,200,,273495,9,,,1,209,,273496,9,,,1
3301,'20260920',1014,,273498,9,,,1,200,,273500,9,,,1,197,,273502,9,,,1,197,,273504,9,,,1,202,,273505,9,,,1,200,,273506,9,,,1,200,,273507,9,,,1,209,,273508,9,,,1
3301,'20260921',719,,273509,9,0,7 13,1,107,,273510,9,0,7 13,1,85,,273511,9,,,1,100,,273512,9,,,1,100,,273513,9,,,1,103,,273514,9,,,1,103,,273515,9,,,1,100,,273516,9,,,1,37,,273517,9,0,5 14 15 9,1,65,,273518,9,,,1,27,,273519,9,0,5 14 15 9,1,63,,273520,9,0,16 17 9,1,22,,273521,9,,,1,22,,273522,9,0,5 14 15 9,1,60,,273523,9,,,1,20,,273524,9,0,5 14 15 9,1,19,,273525,9,0,16 17 9,1,54,,273526,9,0,5 14 15 9,1,15,,273527,9,0,16 17 9,1,20,,273528,9,0,5 14 15 9,1,63,,273529,9,0,5 14 15 9,1,18,,273530,9,,,1,29,,273531,9,0,5 14 15 9,1,65,,273532,9,0,16 17 9,1,30,,273533,9,0,5 14 15 9,1,65,,273534,9,,,1,30,,273535,9,0,5 14 15 9,1,70,,273536,9,0,16 17 9,1,30,,273537,9,0,5 14 15 9,1,70,,273538,9,,,1,100,,273539,9,0,16 17 9,1,99,,273540,9,0,7 13,1
3301,'20260922',719,,273541,9,0,7 13,1,107,,273542,9,0,7 13,1,85,,273543,9,,,1,100,,273544,9,,,1,100,,273545,9,,,1,103,,273546,9,,,1,103,,273547,9,,,1,100,,273548,9,,,1,37,,273549,9,0,5 14 15 9,1,65,,273550,9,,,1,27,,273551,9,0,5 14 15 9,1,63,,273552,9,0,16 17 9,1,22,,273553,9,,,1,22,,273554,9,0,5 14 15 9,1,60,,273555,9,,,1,20,,273556,9,0,5 14 15 9,1,19,,273557,9,0,16 17 9,1,54,,273558,9,0,5 14 15 9,1,15,,273559,9,0,16 17 9,1,20,,273560,9,0,5 14 15 9,1,63,,273561,9,0,5 14 15 9,1,18,,273562,9,,,1,29,,273563,9,0,5 14 15 9,1,65,,273564,9,0,16 17 9,1,30,,273565,9,0,5 14 15 9,1,65,,273566,9,,,1,30,,273567,9,0,5 14 15 9,1,70,,273568,9,0,16 17 9,1,30,,273569,9,0,5 14 15 9,1,70,,273570,9,,,1,100,,273571,9,0,16 17 9,1,99,,273572,9,0,7 13,1
3301,'20260923',719,,273573,9,0,7 13,1,107,,273574,9,0,7 13,1,85,,273575,9,,,1,100,,273576,9,,,1,100,,273577,9,,,1,103,,273578,9,,,1,103,,273579,9,,,1,100,,273580,9,,,1,37,,273581,9,0,5 14 15 9,1,65,,273582,9,,,1,27,,273583,9,0,5 14 15 9,1,63,,273584,9,0,16 17 9,1,22,,273585,9,,,1,22,,273586,9,0,5 14 15 9,1,60,,273587,9,,,1,20,,273588,9,0,5 14 15 9,1,19,,273589,9,0,16 17 9,1,54,,273590,9,0,5 14 15 9,1,15,,273591,9,0,16 17 9,1,20,,273592,9,0,5 14 15 9,1,63,,273593,9,0,5 14 15 9,1,18,,273594,9,,,1,29,,273595,9,0,5 14 15 9,1,65,,273596,9,0,16 17 9,1,30,,273597,9,0,5 14 15 9,1,65,,273598,9,,,1,30,,273599,9,0,5 14 15 9,1,70,,273600,9,0,16 17 9,1,30,,273601,9,0,5 14 15 9,1,70,,273602,9,,,1,100,,273603,9,0,16 17 9,1,99,,273604,9,0,7 13,1
3301,'20260924',719,,273605,9,0,7 13,1,107,,273606,9,0,7 13,1,85,,273607,9,,,1,100,,273608,9,,,1,100,,273609,9,,,1,103,,273610,9,,,1,103,,273611,9,,,1,100,,273612,9,,,1,37,,273613,9,0,5 14 15 9,1,65,,273614,9,,,1,27,,273615,9,0,5 14 15 9,1,63,,273616,9,0,16 17 9,1,22,,273617,9,,,1,22,,273618,9,0,5 14 15 9,1,60,,273619,9,,,1,20,,273620,9,0,5 14 15 9,1,19,,273621,9,0,16 17 9,1,54,,273622,9,0,5 14 15 9,1,15,,273623,9,0,16 17 9,1,20,,273624,9,0,5 14 15 9,1,63,,273625,9,0,5 14 15 9,1,18,,273626,9,,,1,29,,273627,9,0,5 14 15 9,1,65,,273628,9,0,16 17 9,1,30,,273629,9,0,5 14 15 9,1,65,,273630,9,,,1,30,,273631,9,0,5 14 15 9,1,70,,273632,9,0,16 17 9,1,30,,273633,9,0,5 14 15 9,1,70,,273634,9,,,1,100,,273635,9,0,16 17 9,1,99,,273636,9,0,7 13,1
3301,'20260925',719,,273637,9,0,7 13,1,107,,273638,9,0,7 13,1,85,,273639,9,,,1,100,,273640,9,,,1,100,,273641,9,,,1,103,,273642,9,,,1,103,,273643,9,,,1,100,,273644,9,,,1,37,,273645,9,0,5 14 15 9,1,65,,273646,9,,,1,27,,273647,9,0,5 14 15 9,1,63,,273648,9,0,16 17 9,1,22,,273649,9,,,1,22,,273650,9,0,5 14 15 9,1,60,,273651,9,,,1,20,,273652,9,0,5 14 15 9,1,19,,273653,9,0,16 17 9,1,54,,273654,9,0,5 14 15 9,1,15,,273655,9,0,16 17 9,1,20,,273656,9,0,5 14 15 9,1,63,,273657,9,0,5 14 15 9,1,18,,273658,9,,,1,29,,273659,9,0,5 14 15 9,1,65,,273660,9,0,16 17 9,1,30,,273661,9,0,5 14 15 9,1,65,,273662,9,,,1,30,,273663,9,0,5 14 15 9,1,70,,273664,9,0,16 17 9,1,30,,273665,9,0,5 14 15 9,1,70,,273666,9,,,1,100,,273667,9,0,16 17 9,1,99,,273668,9,0,7 13,1
3301,'20260926',1014,,273670,9,,,1,200,,273672,9,,,1,197,,273674,9,,,1,197,,273676,9,,,1,202,,273677,9,,,1,200,,273678,9,,,1,200,,273679,9,,,1,209,,273680,9,,,1
3301,'20260927',1014,,273682,9,,,1,200,,273684,9,,,1,197,,273686,9,,,1,197,,273688,9,,,1,202,,273689,9,,,1,200,,273690,9,,,1,200,,273691,9,,,1,209,,273692,9,,,1
3301,'20260928',719,,273693,9,0,7 13,1,107,,273694,9,0,7 13,1,85,,273695,9,,,1,100,,273696,9,,,1,100,,273697,9,,,1,103,,273698,9,,,1,103,,273699,9,,,1,100,,273700,9,,,1,37,,273701,9,0,5 14 15 9,1,65,,273702,9,,,1,27,,273703,9,0,5 14 15 9,1,63,,273704,9,0,16 17 9,1,22,,273705,9,,,1,22,,273706,9,0,5 14 15 9,1,60,,273707,9,,,1,20,,273708,9,0,5 14 15 9,1,19,,273709,9,0,16 17 9,1,54,,273710,9,0,5 14 15 9,1,15,,273711,9,0,16 17 9,1,20,,273712,9,0,5 14 15 9,1,63,,273713,9,0,5 14 15 9,1,18,,273714,9,,,1,29,,273715,9,0,5 14 15 9,1,65,,273716,9,0,16 17 9,1,30,,273717,9,0,5 14 15 9,1,65,,273718,9,,,1,30,,273719,9,0,5 14 15 9,1,70,,273720,9,0,16 17 9,1,30,,273721,9,0,5 14 15 9,1,70,,273722,9,,,1,100,,273723,9,0,16 17 9,1,99,,273724,9,0,7 13,1
3301,'20260929',719,,273725,9,0,7 13,1,107,,273726,9,0,7 13,1,85,,273727,9,,,1,100,,273728,9,,,1,100,,273729,9,,,1,103,,273730,9,,,1,103,,273731,9,,,1,100,,273732,9,,,1,37,,273733,9,0,5 14 15 9,1,65,,273734,9,,,1,27,,273735,9,0,5 14 15 9,1,63,,273736,9,0,16 17 9,1,22,,273737,9,,,1,22,,273738,9,0,5 14 15 9,1,60,,273739,9,,,1,20,,273740,9,0,5 14 15 9,1,19,,273741,9,0,16 17 9,1,54,,273742,9,0,5 14 15 9,1,15,,273743,9,0,16 17 9,1,20,,273744,9,0,5 14 15 9,1,63,,273745,9,0,5 14 15 9,1,18,,273746,9,,,1,29,,273747,9,0,5 14 15 9,1,65,,273748,9,0,16 17 9,1,30,,273749,9,0,5 14 15 9,1,65,,273750,9,,,1,30,,273751,9,0,5 14 15 9,1,70,,273752,9,0,16 17 9,1,30,,273753,9,0,5 14 15 9,1,70,,273754,9,,,1,100,,273755,9,0,16 17 9,1,99,,273756,9,0,7 13,1
3301,'20260930',719,,273757,9,0,7 13,1,107,,273758,9,0,7 13,1,85,,273759,9,,,1,100,,273760,9,,,1,100,,273761,9,,,1,103,,273762,9,,,1,103,,273763,9,,,1,100,,273764,9,,,1,37,,273765,9,0,5 14 15 9,1,65,,273766,9,,,1,27,,273767,9,0,5 14 15 9,1,63,,273768,9,0,16 17 9,1,22,,273769,9,,,1,22,,273770,9,0,5 14 15 9,1,60,,273771,9,,,1,20,,273772,9,0,5 14 15 9,1,19,,273773,9,0,16 17 9,1,54,,273774,9,0,5 14 15 9,1,15,,273775,9,0,16 17 9,1,20,,273776,9,0,5 14 15 9,1,63,,273777,9,0,5 14 15 9,1,18,,273778,9,,,1,29,,273779,9,0,5 14 15 9,1,65,,273780,9,0,16 17 9,1,30,,273781,9,0,5 14 15 9,1,65,,273782,9,,,1,30,,273783,9,0,5 14 15 9,1,70,,273784,9,0,16 17 9,1,30,,273785,9,0,5 14 15 9,1,70,,273786,9,,,1,100,,273787,9,0,16 17 9,1,99,,273788,9,0,7 13,1
3301,'20261001',719,,273789,9,0,7 13,1,107,,273790,9,0,7 13,1,85,,273791,9,,,1,100,,273792,9,,,1,100,,273793,9,,,1,103,,273794,9,,,1,103,,273795,9,,,1,100,,273796,9,,,1,37,,273797,9,0,5 14 15 9,1,65,,273798,9,,,1,27,,273799,9,0,5 14 15 9,1,63,,273800,9,0,16 17 9,1,22,,273801,9,,,1,22,,273802,9,0,5 14 15 9,1,60,,273803,9,,,1,20,,273804,9,0,5 14 15 9,1,19,,273805,9,0,16 17 9,1,54,,273806,9,0,5 14 15 9,1,15,,273807,9,0,16 17 9,1,20,,273808,9,0,5 14 15 9,1,63,,273809,9,0,5 14 15 9,1,18,,273810,9,,,1,29,,273811,9,0,5 14 15 9,1,65,,273812,9,0,16 17 9,1,30,,273813,9,0,5 14 15 9,1,65,,273814,9,,,1,30,,273815,9,0,5 14 15 9,1,70,,273816,9,0,16 17 9,1,30,,273817,9,0,5 14 15 9,1,70,,273818,9,,,1,100,,273819,9,0,16 17 9,1,99,,273820,9,0,7 13,1
3301,'20261002',719,,273821,9,0,7 13,1,107,,273822,9,0,7 13,1,85,,273823,9,,,1,100,,273824,9,,,1,100,,273825,9,,,1,103,,273826,9,,,1,103,,273827,9,,,1,100,,273828,9,,,1,37,,273829,9,0,5 14 15 9,1,65,,273830,9,,,1,27,,273831,9,0,5 14 15 9,1,63,,273832,9,0,16 17 9,1,22,,273833,9,,,1,22,,273834,9,0,5 14 15 9,1,60,,273835,9,,,1,20,,273836,9,0,5 14 15 9,1,19,,273837,9,0,16 17 9,1,54,,273838,9,0,5 14 15 9,1,15,,273839,9,0,16 17 9,1,20,,273840,9,0,5 14 15 9,1,63,,273841,9,0,5 14 15 9,1,18,,273842,9,,,1,29,,273843,9,0,5 14 15 9,1,65,,273844,9,0,16 17 9,1,30,,273845,9,0,5 14 15 9,1,65,,273846,9,,,1,30,,273847,9,0,5 14 15 9,1,70,,273848,9,0,16 17 9,1,30,,273849,9,0,5 14 15 9,1,70,,273850,9,,,1,100,,273851,9,0,16 17 9,1,99,,273852,9,0,7 13,1
3301,'20261003',1014,,273854,9,,,1,200,,273856,9,,,1,197,,273858,9,,,1,197,,273860,9,,,1,202,,273861,9,,,1,200,,273862,9,,,1,200,,273863,9,,,1,209,,273864,9,,,1
3301,'20261004',1014,,273866,9,,,1,200,,273868,9,,,1,197,,273870,9,,,1,197,,273872,9,,,1,202,,273873,9,,,1,200,,273874,9,,,1,200,,273875,9,,,1,209,,273876,9,,,1
3301,'20261005',719,,273877,9,0,7 13,1,107,,273878,9,0,7 13,1,85,,273879,9,,,1,100,,273880,9,,,1,100,,273881,9,,,1,103,,273882,9,,,1,103,,273883,9,,,1,100,,273884,9,,,1,37,,273885,9,0,5 14 15 9,1,65,,273886,9,,,1,27,,273887,9,0,5 14 15 9,1,63,,273888,9,0,16 17 9,1,22,,273889,9,,,1,22,,273890,9,0,5 14 15 9,1,60,,273891,9,,,1,20,,273892,9,0,5 14 15 9,1,19,,273893,9,0,16 17 9,1,54,,273894,9,0,5 14 15 9,1,15,,273895,9,0,16 17 9,1,20,,273896,9,0,5 14 15 9,1,63,,273897,9,0,5 14 15 9,1,18,,273898,9,,,1,29,,273899,9,0,5 14 15 9,1,65,,273900,9,0,16 17 9,1,30,,273901,9,0,5 14 15 9,1,65,,273902,9,,,1,30,,273903,9,0,5 14 15 9,1,70,,273904,9,0,16 17 9,1,30,,273905,9,0,5 14 15 9,1,70,,273906,9,,,1,100,,273907,9,0,16 17 9,1,99,,273908,9,0,7 13,1
3301,'20261006',719,,273909,9,0,7 13,1,107,,273910,9,0,7 13,1,85,,273911,9,,,1,100,,273912,9,,,1,100,,273913,9,,,1,103,,273914,9,,,1,103,,273915,9,,,1,100,,273916,9,,,1,37,,273917,9,0,5 14 15 9,1,65,,273918,9,,,1,27,,273919,9,0,5 14 15 9,1,63,,273920,9,0,16 17 9,1,22,,273921,9,,,1,22,,273922,9,0,5 14 15 9,1,60,,273923,9,,,1,20,,273924,9,0,5 14 15 9,1,19,,273925,9,0,16 17 9,1,54,,273926,9,0,5 14 15 9,1,15,,273927,9,0,16 17 9,1,20,,273928,9,0,5 14 15 9,1,63,,273929,9,0,5 14 15 9,1,18,,273930,9,,,1,29,,273931,9,0,5 14 15 9,1,65,,273932,9,0,16 17 9,1,30,,273933,9,0,5 14 15 9,1,65,,273934,9,,,1,30,,273935,9,0,5 14 15 9,1,70,,273936,9,0,16 17 9,1,30,,273937,9,0,5 14 15 9,1,70,,273938,9,,,1,100,,273939,9,0,16 17 9,1,99,,273940,9,0,7 13,1
3301,'20261007',719,,273941,9,0,7 13,1,107,,273942,9,0,7 13,1,85,,273943,9,,,1,100,,273944,9,,,1,100,,273945,9,,,1,103,,273946,9,,,1,103,,273947,9,,,1,100,,273948,9,,,1,37,,273949,9,0,5 14 15 9,1,65,,273950,9,,,1,27,,273951,9,0,5 14 15 9,1,63,,273952,9,0,16 17 9,1,22,,273953,9,,,1,22,,273954,9,0,5 14 15 9,1,60,,273955,9,,,1,20,,273956,9,0,5 14 15 9,1,19,,273957,9,0,16 17 9,1,54,,273958,9,0,5 14 15 9,1,15,,273959,9,0,16 17 9,1,20,,273960,9,0,5 14 15 9,1,63,,273961,9,0,5 14 15 9,1,18,,273962,9,,,1,29,,273963,9,0,5 14 15 9,1,65,,273964,9,0,16 17 9,1,30,,273965,9,0,5 14 15 9,1,65,,273966,9,,,1,30,,273967,9,0,5 14 15 9,1,70,,273968,9,0,16 17 9,1,30,,273969,9,0,5 14 15 9,1,70,,273970,9,,,1,100,,273971,9,0,16 17 9,1,99,,273972,9,0,7 13,1
3301,'20261008',719,,273973,9,0,7 13,1,107,,273974,9,0,7 13,1,85,,273975,9,,,1,100,,273976,9,,,1,100,,273977,9,,,1,103,,273978,9,,,1,103,,273979,9,,,1,100,,273980,9,,,1,37,,273981,9,0,5 14 15 9,1,65,,273982,9,,,1,27,,273983,9,0,5 14 15 9,1,63,,273984,9,0,16 17 9,1,22,,273985,9,,,1,22,,273986,9,0,5 14 15 9,1,60,,273987,9,,,1,20,,273988,9,0,5 14 15 9,1,19,,273989,9,0,16 17 9,1,54,,273990,9,0,5 14 15 9,1,15,,273991,9,0,16 17 9,1,20,,273992,9,0,5 14 15 9,1,63,,273993,9,0,5 14 15 9,1,18,,273994,9,,,1,29,,273995,9,0,5 14 15 9,1,65,,273996,9,0,16 17 9,1,30,,273997,9,0,5 14 15 9,1,65,,273998,9,,,1,30,,273999,9,0,5 14 15 9,1,70,,274000,9,0,16 17 9,1,30,,274001,9,0,5 14 15 9,1,70,,274002,9,,,1,100,,274003,9,0,16 17 9,1,99,,274004,9,0,7 13,1
3301,'20261009',719,,274005,9,0,7 13,1,107,,274006,9,0,7 13,1,85,,274007,9,,,1,100,,274008,9,,,1,100,,274009,9,,,1,103,,274010,9,,,1,103,,274011,9,,,1,100,,274012,9,,,1,37,,274013,9,0,5 14 15 9,1,65,,274014,9,,,1,27,,274015,9,0,5 14 15 9,1,63,,274016,9,0,16 17 9,1,22,,274017,9,,,1,22,,274018,9,0,5 14 15 9,1,60,,274019,9,,,1,20,,274020,9,0,5 14 15 9,1,19,,274021,9,0,16 17 9,1,54,,274022,9,0,5 14 15 9,1,15,,274023,9,0,16 17 9,1,20,,274024,9,0,5 14 15 9,1,63,,274025,9,0,5 14 15 9,1,18,,274026,9,,,1,29,,274027,9,0,5 14 15 9,1,65,,274028,9,0,16 17 9,1,30,,274029,9,0,5 14 15 9,1,65,,274030,9,,,1,30,,274031,9,0,5 14 15 9,1,70,,274032,9,0,16 17 9,1,30,,274033,9,0,5 14 15 9,1,70,,274034,9,,,1,100,,274035,9,0,16 17 9,1,99,,274036,9,0,7 13,1
3301,'20261010',1014,,274038,9,,,1,200,,274040,9,,,1,197,,274042,9,,,1,197,,274044,9,,,1,202,,274045,9,,,1,200,,274046,9,,,1,200,,274047,9,,,1,209,,274048,9,,,1
3301,'20261011',1014,,274050,9,,,1,200,,274052,9,,,1,197,,274054,9,,,1,197,,274056,9,,,1,202,,274057,9,,,1,200,,274058,9,,,1,200,,274059,9,,,1,209,,274060,9,,,1
3301,'20261012',1014,,274062,9,,,1,200,,274064,9,,,1,197,,274066,9,,,1,197,,274068,9,,,1,202,,274069,9,,,1,200,,274070,9,,,1,200,,274071,9,,,1,209,,274072,9,,,1
3301,'20261013',719,,274073,9,0,7 13,1,107,,274074,9,0,7 13,1,85,,274075,9,,,1,100,,274076,9,,,1,100,,274077,9,,,1,103,,274078,9,,,1,103,,274079,9,,,1,100,,274080,9,,,1,37,,274081,9,0,5 14 15 9,1,65,,274082,9,,,1,27,,274083,9,0,5 14 15 9,1,63,,274084,9,0,16 17 9,1,22,,274085,9,,,1,22,,274086,9,0,5 14 15 9,1,60,,274087,9,,,1,20,,274088,9,0,5 14 15 9,1,19,,274089,9,0,16 17 9,1,54,,274090,9,0,5 14 15 9,1,15,,274091,9,0,16 17 9,1,20,,274092,9,0,5 14 15 9,1,63,,274093,9,0,5 14 15 9,1,18,,274094,9,,,1,29,,274095,9,0,5 14 15 9,1,65,,274096,9,0,16 17 9,1,30,,274097,9,0,5 14 15 9,1,65,,274098,9,,,1,30,,274099,9,0,5 14 15 9,1,70,,274100,9,0,16 17 9,1,30,,274101,9,0,5 14 15 9,1,70,,274102,9,,,1,100,,274103,9,0,16 17 9,1,99,,274104,9,0,7 13,1
3301,'20261014',719,,274105,9,0,7 13,1,107,,274106,9,0,7 13,1,85,,274107,9,,,1,100,,274108,9,,,1,100,,274109,9,,,1,103,,274110,9,,,1,103,,274111,9,,,1,100,,274112,9,,,1,37,,274113,9,0,5 14 15 9,1,65,,274114,9,,,1,27,,274115,9,0,5 14 15 9,1,63,,274116,9,0,16 17 9,1,22,,274117,9,,,1,22,,274118,9,0,5 14 15 9,1,60,,274119,9,,,1,20,,274120,9,0,5 14 15 9,1,19,,274121,9,0,16 17 9,1,54,,274122,9,0,5 14 15 9,1,15,,274123,9,0,16 17 9,1,20,,274124,9,0,5 14 15 9,1,63,,274125,9,0,5 14 15 9,1,18,,274126,9,,,1,29,,274127,9,0,5 14 15 9,1,65,,274128,9,0,16 17 9,1,30,,274129,9,0,5 14 15 9,1,65,,274130,9,,,1,30,,274131,9,0,5 14 15 9,1,70,,274132,9,0,16 17 9,1,30,,274133,9,0,5 14 15 9,1,70,,274134,9,,,1,100,,274135,9,0,16 17 9,1,99,,274136,9,0,7 13,1
3301,'20261015',719,,274137,9,0,7 13,1,107,,274138,9,0,7 13,1,85,,274139,9,,,1,100,,274140,9,,,1,100,,274141,9,,,1,103,,274142,9,,,1,103,,274143,9,,,1,100,,274144,9,,,1,37,,274145,9,0,5 14 15 9,1,65,,274146,9,,,1,27,,274147,9,0,5 14 15 9,1,63,,274148,9,0,16 17 9,1,22,,274149,9,,,1,22,,274150,9,0,5 14 15 9,1,60,,274151,9,,,1,20,,274152,9,0,5 14 15 9,1,19,,274153,9,0,16 17 9,1,54,,274154,9,0,5 14 15 9,1,15,,274155,9,0,16 17 9,1,20,,274156,9,0,5 14 15 9,1,63,,274157,9,0,5 14 15 9,1,18,,274158,9,,,1,29,,274159,9,0,5 14 15 9,1,65,,274160,9,0,16 17 9,1,30,,274161,9,0,5 14 15 9,1,65,,274162,9,,,1,30,,274163,9,0,5 14 15 9,1,70,,274164,9,0,16 17 9,1,30,,274165,9,0,5 14 15 9,1,70,,274166,9,,,1,100,,274167,9,0,16 17 9,1,99,,274168,9,0,7 13,1
3301,'20261016',719,,274169,9,0,7 13,1,107,,274170,9,0,7 13,1,85,,274171,9,,,1,100,,274172,9,,,1,100,,274173,9,,,1,103,,274174,9,,,1,103,,274175,9,,,1,100,,274176,9,,,1,37,,274177,9,0,5 14 15 9,1,65,,274178,9,,,1,27,,274179,9,0,5 14 15 9,1,63,,274180,9,0,16 17 9,1,22,,274181,9,,,1,22,,274182,9,0,5 14 15 9,1,60,,274183,9,,,1,20,,274184,9,0,5 14 15 9,1,19,,274185,9,0,16 17 9,1,54,,274186,9,0,5 14 15 9,1,15,,274187,9,0,16 17 9,1,20,,274188,9,0,5 14 15 9,1,63,,274189,9,0,5 14 15 9,1,18,,274190,9,,,1,29,,274191,9,0,5 14 15 9,1,65,,274192,9,0,16 17 9,1,30,,274193,9,0,5 14 15 9,1,65,,274194,9,,,1,30,,274195,9,0,5 14 15 9,1,70,,274196,9,0,16 17 9,1,30,,274197,9,0,5 14 15 9,1,70,,274198,9,,,1,100,,274199,9,0,16 17 9,1,99,,274200,9,0,7 13,1
3301,'20261017',1014,,274202,9,,,1,200,,274204,9,,,1,197,,274206,9,,,1,197,,274208,9,,,1,202,,274209,9,,,1,200,,274210,9,,,1,200,,274211,9,,,1,209,,274212,9,,,1
3301,'20261018',1014,,274214,9,,,1,200,,274216,9,,,1,197,,274218,9,,,1,197,,274220,9,,,1,202,,274221,9,,,1,200,,274222,9,,,1,200,,274223,9,,,1,209,,274224,9,,,1
3301,'20261019',719,,274225,9,0,7 13,1,107,,274226,9,0,7 13,1,85,,274227,9,,,1,100,,274228,9,,,1,100,,274229,9,,,1,103,,274230,9,,,1,103,,274231,9,,,1,100,,274232,9,,,1,37,,274233,9,0,5 14 15 9,1,65,,274234,9,,,1,27,,274235,9,0,5 14 15 9,1,63,,274236,9,0,16 17 9,1,22,,274237,9,,,1,22,,274238,9,0,5 14 15 9,1,60,,274239,9,,,1,20,,274240,9,0,5 14 15 9,1,19,,274241,9,0,16 17 9,1,54,,274242,9,0,5 14 15 9,1,15,,274243,9,0,16 17 9,1,20,,274244,9,0,5 14 15 9,1,63,,274245,9,0,5 14 15 9,1,18,,274246,9,,,1,29,,274247,9,0,5 14 15 9,1,65,,274248,9,0,16 17 9,1,30,,274249,9,0,5 14 15 9,1,65,,274250,9,,,1,30,,274251,9,0,5 14 15 9,1,70,,274252,9,0,16 17 9,1,30,,274253,9,0,5 14 15 9,1,70,,274254,9,,,1,100,,274255,9,0,16 17 9,1,99,,274256,9,0,7 13,1
3301,'20261020',719,,274257,9,0,7 13,1,107,,274258,9,0,7 13,1,85,,274259,9,,,1,100,,274260,9,,,1,100,,274261,9,,,1,103,,274262,9,,,1,103,,274263,9,,,1,100,,274264,9,,,1,37,,274265,9,0,5 14 15 9,1,65,,274266,9,,,1,27,,274267,9,0,5 14 15 9,1,63,,274268,9,0,16 17 9,1,22,,274269,9,,,1,22,,274270,9,0,5 14 15 9,1,60,,274271,9,,,1,20,,274272,9,0,5 14 15 9,1,19,,274273,9,0,16 17 9,1,54,,274274,9,0,5 14 15 9,1,15,,274275,9,0,16 17 9,1,20,,274276,9,0,5 14 15 9,1,63,,274277,9,0,5 14 15 9,1,18,,274278,9,,,1,29,,274279,9,0,5 14 15 9,1,65,,274280,9,0,16 17 9,1,30,,274281,9,0,5 14 15 9,1,65,,274282,9,,,1,30,,274283,9,0,5 14 15 9,1,70,,274284,9,0,16 17 9,1,30,,274285,9,0,5 14 15 9,1,70,,274286,9,,,1,100,,274287,9,0,16 17 9,1,99,,274288,9,0,7 13,1
3301,'20261021',719,,274289,9,0,7 13,1,107,,274290,9,0,7 13,1,85,,274291,9,,,1,100,,274292,9,,,1,100,,274293,9,,,1,103,,274294,9,,,1,103,,274295,9,,,1,100,,274296,9,,,1,37,,274297,9,0,5 14 15 9,1,65,,274298,9,,,1,27,,274299,9,0,5 14 15 9,1,63,,274300,9,0,16 17 9,1,22,,274301,9,,,1,22,,274302,9,0,5 14 15 9,1,60,,274303,9,,,1,20,,274304,9,0,5 14 15 9,1,19,,274305,9,0,16 17 9,1,54,,274306,9,0,5 14 15 9,1,15,,274307,9,0,16 17 9,1,20,,274308,9,0,5 14 15 9,1,63,,274309,9,0,5 14 15 9,1,18,,274310,9,,,1,29,,274311,9,0,5 14 15 9,1,65,,274312,9,0,16 17 9,1,30,,274313,9,0,5 14 15 9,1,65,,274314,9,,,1,30,,274315,9,0,5 14 15 9,1,70,,274316,9,0,16 17 9,1,30,,274317,9,0,5 14 15 9,1,70,,274318,9,,,1,100,,274319,9,0,16 17 9,1,99,,274320,9,0,7 13,1
3301,'20261022',719,,274321,9,0,7 13,1,107,,274322,9,0,7 13,1,85,,274323,9,,,1,100,,274324,9,,,1,100,,274325,9,,,1,103,,274326,9,,,1,103,,274327,9,,,1,100,,274328,9,,,1,37,,274329,9,0,5 14 15 9,1,65,,274330,9,,,1,27,,274331,9,0,5 14 15 9,1,63,,274332,9,0,16 17 9,1,22,,274333,9,,,1,22,,274334,9,0,5 14 15 9,1,60,,274335,9,,,1,20,,274336,9,0,5 14 15 9,1,19,,274337,9,0,16 17 9,1,54,,274338,9,0,5 14 15 9,1,15,,274339,9,0,16 17 9,1,20,,274340,9,0,5 14 15 9,1,63,,274341,9,0,5 14 15 9,1,18,,274342,9,,,1,29,,274343,9,0,5 14 15 9,1,65,,274344,9,0,16 17 9,1,30,,274345,9,0,5 14 15 9,1,65,,274346,9,,,1,30,,274347,9,0,5 14 15 9,1,70,,274348,9,0,16 17 9,1,30,,274349,9,0,5 14 15 9,1,70,,274350,9,,,1,100,,274351,9,0,16 17 9,1,99,,274352,9,0,7 13,1
3301,'20261023',719,,274353,9,0,7 13,1,107,,274354,9,0,7 13,1,85,,274355,9,,,1,100,,274356,9,,,1,100,,274357,9,,,1,103,,274358,9,,,1,103,,274359,9,,,1,100,,274360,9,,,1,37,,274361,9,0,5 14 15 9,1,65,,274362,9,,,1,27,,274363,9,0,5 14 15 9,1,63,,274364,9,0,16 17 9,1,22,,274365,9,,,1,22,,274366,9,0,5 14 15 9,1,60,,274367,9,,,1,20,,274368,9,0,5 14 15 9,1,19,,274369,9,0,16 17 9,1,54,,274370,9,0,5 14 15 9,1,15,,274371,9,0,16 17 9,1,20,,274372,9,0,5 14 15 9,1,63,,274373,9,0,5 14 15 9,1,18,,274374,9,,,1,29,,274375,9,0,5 14 15 9,1,65,,274376,9,0,16 17 9,1,30,,274377,9,0,5 14 15 9,1,65,,274378,9,,,1,30,,274379,9,0,5 14 15 9,1,70,,274380,9,0,16 17 9,1,30,,274381,9,0,5 14 15 9,1,70,,274382,9,,,1,100,,274383,9,0,16 17 9,1,99,,274384,9,0,7 13,1
3301,'20261024',1014,,274386,9,,,1,200,,274388,9,,,1,197,,274390,9,,,1,197,,274392,9,,,1,202,,274393,9,,,1,200,,274394,9,,,1,200,,274395,9,,,1,209,,274396,9,,,1
3301,'20261025',1014,,274398,9,,,1,200,,274400,9,,,1,197,,274402,9,,,1,197,,274404,9,,,1,202,,274405,9,,,1,200,,274406,9,,,1,200,,274407,9,,,1,209,,274408,9,,,1
3301,'20261026',719,,274409,9,0,7 13,1,107,,274410,9,0,7 13,1,85,,274411,9,,,1,100,,274412,9,,,1,100,,274413,9,,,1,103,,274414,9,,,1,103,,274415,9,,,1,100,,274416,9,,,1,37,,274417,9,0,5 14 15 9,1,65,,274418,9,,,1,27,,274419,9,0,5 14 15 9,1,63,,274420,9,0,16 17 9,1,22,,274421,9,,,1,22,,274422,9,0,5 14 15 9,1,60,,274423,9,,,1,20,,274424,9,0,5 14 15 9,1,19,,274425,9,0,16 17 9,1,54,,274426,9,0,5 14 15 9,1,15,,274427,9,0,16 17 9,1,20,,274428,9,0,5 14 15 9,1,63,,274429,9,0,5 14 15 9,1,18,,274430,9,,,1,29,,274431,9,0,5 14 15 9,1,65,,274432,9,0,16 17 9,1,30,,274433,9,0,5 14 15 9,1,65,,274434,9,,,1,30,,274435,9,0,5 14 15 9,1,70,,274436,9,0,16 17 9,1,30,,274437,9,0,5 14 15 9,1,70,,274438,9,,,1,100,,274439,9,0,16 17 9,1,99,,274440,9,0,7 13,1
3301,'20261027',719,,274441,9,0,7 13,1,107,,274442,9,0,7 13,1,85,,274443,9,,,1,100,,274444,9,,,1,100,,274445,9,,,1,103,,274446,9,,,1,103,,274447,9,,,1,100,,274448,9,,,1,37,,274449,9,0,5 14 15 9,1,65,,274450,9,,,1,27,,274451,9,0,5 14 15 9,1,63,,274452,9,0,16 17 9,1,22,,274453,9,,,1,22,,274454,9,0,5 14 15 9,1,60,,274455,9,,,1,20,,274456,9,0,5 14 15 9,1,19,,274457,9,0,16 17 9,1,54,,274458,9,0,5 14 15 9,1,15,,274459,9,0,16 17 9,1,20,,274460,9,0,5 14 15 9,1,63,,274461,9,0,5 14 15 9,1,18,,274462,9,,,1,29,,274463,9,0,5 14 15 9,1,65,,274464,9,0,16 17 9,1,30,,274465,9,0,5 14 15 9,1,65,,274466,9,,,1,30,,274467,9,0,5 14 15 9,1,70,,274468,9,0,16 17 9,1,30,,274469,9,0,5 14 15 9,1,70,,274470,9,,,1,100,,274471,9,0,16 17 9,1,99,,274472,9,0,7 13,1
3301,'20261028',719,,274473,9,0,7 13,1,107,,274474,9,0,7 13,1,85,,274475,9,,,1,100,,274476,9,,,1,100,,274477,9,,,1,103,,274478,9,,,1,103,,274479,9,,,1,100,,274480,9,,,1,37,,274481,9,0,5 14 15 9,1,65,,274482,9,,,1,27,,274483,9,0,5 14 15 9,1,63,,274484,9,0,16 17 9,1,22,,274485,9,,,1,22,,274486,9,0,5 14 15 9,1,60,,274487,9,,,1,20,,274488,9,0,5 14 15 9,1,19,,274489,9,0,16 17 9,1,54,,274490,9,0,5 14 15 9,1,15,,274491,9,0,16 17 9,1,20,,274492,9,0,5 14 15 9,1,63,,274493,9,0,5 14 15 9,1,18,,274494,9,,,1,29,,274495,9,0,5 14 15 9,1,65,,274496,9,0,16 17 9,1,30,,274497,9,0,5 14 15 9,1,65,,274498,9,,,1,30,,274499,9,0,5 14 15 9,1,70,,274500,9,0,16 17 9,1,30,,274501,9,0,5 14 15 9,1,70,,274502,9,,,1,100,,274503,9,0,16 17 9,1,99,,274504,9,0,7 13,1
3301,'20261029',719,,274505,9,0,7 13,1,107,,274506,9,0,7 13,1,85,,274507,9,,,1,100,,274508,9,,,1,100,,274509,9,,,1,103,,274510,9,,,1,103,,274511,9,,,1,100,,274512,9,,,1,37,,274513,9,0,5 14 15 9,1,65,,274514,9,,,1,27,,274515,9,0,5 14 15 9,1,63,,274516,9,0,16 17 9,1,22,,274517,9,,,1,22,,274518,9,0,5 14 15 9,1,60,,274519,9,,,1,20,,274520,9,0,5 14 15 9,1,19,,274521,9,0,16 17 9,1,54,,274522,9,0,5 14 15 9,1,15,,274523,9,0,16 17 9,1,20,,274524,9,0,5 14 15 9,1,63,,274525,9,0,5 14 15 9,1,18,,274526,9,,,1,29,,274527,9,0,5 14 15 9,1,65,,274528,9,0,16 17 9,1,30,,274529,9,0,5 14 15 9,1,65,,274530,9,,,1,30,,274531,9,0,5 14 15 9,1,70,,274532,9,0,16 17 9,1,30,,274533,9,0,5 14 15 9,1,70,,274534,9,,,1,100,,274535,9,0,16 17 9,1,99,,274536,9,0,7 13,1
3301,'20261030',719,,274537,9,0,7 13,1,107,,274538,9,0,7 13,1,85,,274539,9,,,1,100,,274540,9,,,1,100,,274541,9,,,1,103,,274542,9,,,1,103,,274543,9,,,1,100,,274544,9,,,1,37,,274545,9,0,5 14 15 9,1,65,,274546,9,,,1,27,,274547,9,0,5 14 15 9,1,63,,274548,9,0,16 17 9,1,22,,274549,9,,,1,22,,274550,9,0,5 14 15 9,1,60,,274551,9,,,1,20,,274552,9,0,5 14 15 9,1,19,,274553,9,0,16 17 9,1,54,,274554,9,0,5 14 15 9,1,15,,274555,9,0,16 17 9,1,20,,274556,9,0,5 14 15 9,1,63,,274557,9,0,5 14 15 9,1,18,,274558,9,,,1,29,,274559,9,0,5 14 15 9,1,65,,274560,9,0,16 17 9,1,30,,274561,9,0,5 14 15 9,1,65,,274562,9,,,1,30,,274563,9,0,5 14 15 9,1,70,,274564,9,0,16 17 9,1,30,,274565,9,0,5 14 15 9,1,70,,274566,9,,,1,100,,274567,9,0,16 17 9,1,99,,274568,9,0,7 13,1
3301,'20261031',1014,,274570,9,,,1,200,,274572,9,,,1,197,,274574,9,,,1,197,,274576,9,,,1,202,,274577,9,,,1,200,,274578,9,,,1,200,,274579,9,,,1,209,,274580,9,,,1
3301,'20261101',1014,,274582,9,,,1,200,,274584,9,,,1,197,,274586,9,,,1,197,,274588,9,,,1,202,,274589,9,,,1,200,,274590,9,,,1,200,,274591,9,,,1,209,,274592,9,,,1
3301,'20261102',719,,274593,9,0,7 13,1,107,,274594,9,0,7 13,1,85,,274595,9,,,1,100,,274596,9,,,1,100,,274597,9,,,1,103,,274598,9,,,1,103,,274599,9,,,1,100,,274600,9,,,1,37,,274601,9,0,5 14 15 9,1,65,,274602,9,,,1,27,,274603,9,0,5 14 15 9,1,63,,274604,9,0,16 17 9,1,22,,274605,9,,,1,22,,274606,9,0,5 14 15 9,1,60,,274607,9,,,1,20,,274608,9,0,5 14 15 9,1,19,,274609,9,0,16 17 9,1,54,,274610,9,0,5 14 15 9,1,15,,274611,9,0,16 17 9,1,20,,274612,9,0,5 14 15 9,1,63,,274613,9,0,5 14 15 9,1,18,,274614,9,,,1,29,,274615,9,0,5 14 15 9,1,65,,274616,9,0,16 17 9,1,30,,274617,9,0,5 14 15 9,1,65,,274618,9,,,1,30,,274619,9,0,5 14 15 9,1,70,,274620,9,0,16 17 9,1,30,,274621,9,0,5 14 15 9,1,70,,274622,9,,,1,100,,274623,9,0,16 17 9,1,99,,274624,9,0,7 13,1
3301,'20261103',719,,274625,9,0,7 13,1,107,,274626,9,0,7 13,1,85,,274627,9,,,1,100,,274628,9,,,1,100,,274629,9,,,1,103,,274630,9,,,1,103,,274631,9,,,1,100,,274632,9,,,1,37,,274633,9,0,5 14 15 9,1,65,,274634,9,,,1,27,,274635,9,0,5 14 15 9,1,63,,274636,9,0,16 17 9,1,22,,274637,9,,,1,22,,274638,9,0,5 14 15 9,1,60,,274639,9,,,1,20,,274640,9,0,5 14 15 9,1,19,,274641,9,0,16 17 9,1,54,,274642,9,0,5 14 15 9,1,15,,274643,9,0,16 17 9,1,20,,274644,9,0,5 14 15 9,1,63,,274645,9,0,5 14 15 9,1,18,,274646,9,,,1,29,,274647,9,0,5 14 15 9,1,65,,274648,9,0,16 17 9,1,30,,274649,9,0,5 14 15 9,1,65,,274650,9,,,1,30,,274651,9,0,5 14 15 9,1,70,,274652,9,0,16 17 9,1,30,,274653,9,0,5 14 15 9,1,70,,274654,9,,,1,100,,274655,9,0,16 17 9,1,99,,274656,9,0,7 13,1
3301,'20261104',719,,274657,9,0,7 13,1,107,,274658,9,0,7 13,1,85,,274659,9,,,1,100,,274660,9,,,1,100,,274661,9,,,1,103,,274662,9,,,1,103,,274663,9,,,1,100,,274664,9,,,1,37,,274665,9,0,5 14 15 9,1,65,,274666,9,,,1,27,,274667,9,0,5 14 15 9,1,63,,274668,9,0,16 17 9,1,22,,274669,9,,,1,22,,274670,9,0,5 14 15 9,1,60,,274671,9,,,1,20,,274672,9,0,5 14 15 9,1,19,,274673,9,0,16 17 9,1,54,,274674,9,0,5 14 15 9,1,15,,274675,9,0,16 17 9,1,20,,274676,9,0,5 14 15 9,1,63,,274677,9,0,5 14 15 9,1,18,,274678,9,,,1,29,,274679,9,0,5 14 15 9,1,65,,274680,9,0,16 17 9,1,30,,274681,9,0,5 14 15 9,1,65,,274682,9,,,1,30,,274683,9,0,5 14 15 9,1,70,,274684,9,0,16 17 9,1,30,,274685,9,0,5 14 15 9,1,70,,274686,9,,,1,100,,274687,9,0,16 17 9,1,99,,274688,9,0,7 13,1
3301,'20261105',719,,274689,9,0,7 13,1,107,,274690,9,0,7 13,1,85,,274691,9,,,1,100,,274692,9,,,1,100,,274693,9,,,1,103,,274694,9,,,1,103,,274695,9,,,1,100,,274696,9,,,1,37,,274697,9,0,5 14 15 9,1,65,,274698,9,,,1,27,,274699,9,0,5 14 15 9,1,63,,274700,9,0,16 17 9,1,22,,274701,9,,,1,22,,274702,9,0,5 14 15 9,1,60,,274703,9,,,1,20,,274704,9,0,5 14 15 9,1,19,,274705,9,0,16 17 9,1,54,,274706,9,0,5 14 15 9,1,15,,274707,9,0,16 17 9,1,20,,274708,9,0,5 14 15 9,1,63,,274709,9,0,5 14 15 9,1,18,,274710,9,,,1,29,,274711,9,0,5 14 15 9,1,65,,274712,9,0,16 17 9,1,30,,274713,9,0,5 14 15 9,1,65,,274714,9,,,1,30,,274715,9,0,5 14 15 9,1,70,,274716,9,0,16 17 9,1,30,,274717,9,0,5 14 15 9,1,70,,274718,9,,,1,100,,274719,9,0,16 17 9,1,99,,274720,9,0,7 13,1
3301,'20261106',719,,274721,9,0,7 13,1,107,,274722,9,0,7 13,1,85,,274723,9,,,1,100,,274724,9,,,1,100,,274725,9,,,1,103,,274726,9,,,1,103,,274727,9,,,1,100,,274728,9,,,1,37,,274729,9,0,5 14 15 9,1,65,,274730,9,,,1,27,,274731,9,0,5 14 15 9,1,63,,274732,9,0,16 17 9,1,22,,274733,9,,,1,22,,274734,9,0,5 14 15 9,1,60,,274735,9,,,1,20,,274736,9,0,5 14 15 9,1,19,,274737,9,0,16 17 9,1,54,,274738,9,0,5 14 15 9,1,15,,274739,9,0,16 17 9,1,20,,274740,9,0,5 14 15 9,1,63,,274741,9,0,5 14 15 9,1,18,,274742,9,,,1,29,,274743,9,0,5 14 15 9,1,65,,274744,9,0,16 17 9,1,30,,274745,9,0,5 14 15 9,1,65,,274746,9,,,1,30,,274747,9,0,5 14 15 9,1,70,,274748,9,0,16 17 9,1,30,,274749,9,0,5 14 15 9,1,70,,274750,9,,,1,100,,274751,9,0,16 17 9,1,99,,274752,9,0,7 13,1
3301,'20261107',1014,,274754,9,,,1,200,,274756,9,,,1,197,,274758,9,,,1,197,,274760,9,,,1,202,,274761,9,,,1,200,,274762,9,,,1,200,,274763,9,,,1,209,,274764,9,,,1
3301,'20261108',1014,,274766,9,,,1,200,,274768,9,,,1,197,,274770,9,,,1,197,,274772,9,,,1,202,,274773,9,,,1,200,,274774,9,,,1,200,,274775,9,,,1,209,,274776,9,,,1
3301,'20261109',719,,274777,9,0,7 13,1,107,,274778,9,0,7 13,1,85,,274779,9,,,1,100,,274780,9,,,1,100,,274781,9,,,1,103,,274782,9,,,1,103,,274783,9,,,1,100,,274784,9,,,1,37,,274785,9,0,5 14 15 9,1,65,,274786,9,,,1,27,,274787,9,0,5 14 15 9,1,63,,274788,9,0,16 17 9,1,22,,274789,9,,,1,22,,274790,9,0,5 14 15 9,1,60,,274791,9,,,1,20,,274792,9,0,5 14 15 9,1,19,,274793,9,0,16 17 9,1,54,,274794,9,0,5 14 15 9,1,15,,274795,9,0,16 17 9,1,20,,274796,9,0,5 14 15 9,1,63,,274797,9,0,5 14 15 9,1,18,,274798,9,,,1,29,,274799,9,0,5 14 15 9,1,65,,274800,9,0,16 17 9,1,30,,274801,9,0,5 14 15 9,1,65,,274802,9,,,1,30,,274803,9,0,5 14 15 9,1,70,,274804,9,0,16 17 9,1,30,,274805,9,0,5 14 15 9,1,70,,274806,9,,,1,100,,274807,9,0,16 17 9,1,99,,274808,9,0,7 13,1
3301,'20261110',719,,274809,9,0,7 13,1,107,,274810,9,0,7 13,1,85,,274811,9,,,1,100,,274812,9,,,1,100,,274813,9,,,1,103,,274814,9,,,1,103,,274815,9,,,1,100,,274816,9,,,1,37,,274817,9,0,5 14 15 9,1,65,,274818,9,,,1,27,,274819,9,0,5 14 15 9,1,63,,274820,9,0,16 17 9,1,22,,274821,9,,,1,22,,274822,9,0,5 14 15 9,1,60,,274823,9,,,1,20,,274824,9,0,5 14 15 9,1,19,,274825,9,0,16 17 9,1,54,,274826,9,0,5 14 15 9,1,15,,274827,9,0,16 17 9,1,20,,274828,9,0,5 14 15 9,1,63,,274829,9,0,5 14 15 9,1,18,,274830,9,,,1,29,,274831,9,0,5 14 15 9,1,65,,274832,9,0,16 17 9,1,30,,274833,9,0,5 14 15 9,1,65,,274834,9,,,1,30,,274835,9,0,5 14 15 9,1,70,,274836,9,0,16 17 9,1,30,,274837,9,0,5 14 15 9,1,70,,274838,9,,,1,100,,274839,9,0,16 17 9,1,99,,274840,9,0,7 13,1
3301,'20261111',719,,274841,9,0,7 13,1,107,,274842,9,0,7 13,1,85,,274843,9,,,1,100,,274844,9,,,1,100,,274845,9,,,1,103,,274846,9,,,1,103,,274847,9,,,1,100,,274848,9,,,1,37,,274849,9,0,5 14 15 9,1,65,,274850,9,,,1,27,,274851,9,0,5 14 15 9,1,63,,274852,9,0,16 17 9,1,22,,274853,9,,,1,22,,274854,9,0,5 14 15 9,1,60,,274855,9,,,1,20,,274856,9,0,5 14 15 9,1,19,,274857,9,0,16 17 9,1,54,,274858,9,0,5 14 15 9,1,15,,274859,9,0,16 17 9,1,20,,274860,9,0,5 14 15 9,1,63,,274861,9,0,5 14 15 9,1,18,,274862,9,,,1,29,,274863,9,0,5 14 15 9,1,65,,274864,9,0,16 17 9,1,30,,274865,9,0,5 14 15 9,1,65,,274866,9,,,1,30,,274867,9,0,5 14 15 9,1,70,,274868,9,0,16 17 9,1,30,,274869,9,0,5 14 15 9,1,70,,274870,9,,,1,100,,274871,9,0,16 17 9,1,99,,274872,9,0,7 13,1
3301,'20261112',719,,274873,9,0,7 13,1,107,,274874,9,0,7 13,1,85,,274875,9,,,1,100,,274876,9,,,1,100,,274877,9,,,1,103,,274878,9,,,1,103,,274879,9,,,1,100,,274880,9,,,1,37,,274881,9,0,5 14 15 9,1,65,,274882,9,,,1,27,,274883,9,0,5 14 15 9,1,63,,274884,9,0,16 17 9,1,22,,274885,9,,,1,22,,274886,9,0,5 14 15 9,1,60,,274887,9,,,1,20,,274888,9,0,5 14 15 9,1,19,,274889,9,0,16 17 9,1,54,,274890,9,0,5 14 15 9,1,15,,274891,9,0,16 17 9,1,20,,274892,9,0,5 14 15 9,1,63,,274893,9,0,5 14 15 9,1,18,,274894,9,,,1,29,,274895,9,0,5 14 15 9,1,65,,274896,9,0,16 17 9,1,30,,274897,9,0,5 14 15 9,1,65,,274898,9,,,1,30,,274899,9,0,5 14 15 9,1,70,,274900,9,0,16 17 9,1,30,,274901,9,0,5 14 15 9,1,70,,274902,9,,,1,100,,274903,9,0,16 17 9,1,99,,274904,9,0,7 13,1
3301,'20261113',719,,274905,9,0,7 13,1,107,,274906,9,0,7 13,1,85,,274907,9,,,1,100,,274908,9,,,1,100,,274909,9,,,1,103,,274910,9,,,1,103,,274911,9,,,1,100,,274912,9,,,1,37,,274913,9,0,5 14 15 9,1,65,,274914,9,,,1,27,,274915,9,0,5 14 15 9,1,63,,274916,9,0,16 17 9,1,22,,274917,9,,,1,22,,274918,9,0,5 14 15 9,1,60,,274919,9,,,1,20,,274920,9,0,5 14 15 9,1,19,,274921,9,0,16 17 9,1,54,,274922,9,0,5 14 15 9,1,15,,274923,9,0,16 17 9,1,20,,274924,9,0,5 14 15 9,1,63,,274925,9,0,5 14 15 9,1,18,,274926,9,,,1,29,,274927,9,0,5 14 15 9,1,65,,274928,9,0,16 17 9,1,30,,274929,9,0,5 14 15 9,1,65,,274930,9,,,1,30,,274931,9,0,5 14 15 9,1,70,,274932,9,0,16 17 9,1,30,,274933,9,0,5 14 15 9,1,70,,274934,9,,,1,100,,274935,9,0,16 17 9,1,99,,274936,9,0,7 13,1
3301,'20261114',1014,,274938,9,,,1,200,,274940,9,,,1,197,,274942,9,,,1,197,,274944,9,,,1,202,,274945,9,,,1,200,,274946,9,,,1,200,,274947,9,,,1,209,,274948,9,,,1
3301,'20261115',1014,,274950,9,,,1,200,,274952,9,,,1,197,,274954,9,,,1,197,,274956,9,,,1,202,,274957,9,,,1,200,,274958,9,,,1,200,,274959,9,,,1,209,,274960,9,,,1
3301,'20261116',719,,274961,9,0,7 13,1,107,,274962,9,0,7 13,1,85,,274963,9,,,1,100,,274964,9,,,1,100,,274965,9,,,1,103,,274966,9,,,1,103,,274967,9,,,1,100,,274968,9,,,1,37,,274969,9,0,5 14 15 9,1,65,,274970,9,,,1,27,,274971,9,0,5 14 15 9,1,63,,274972,9,0,16 17 9,1,22,,274973,9,,,1,22,,274974,9,0,5 14 15 9,1,60,,274975,9,,,1,20,,274976,9,0,5 14 15 9,1,19,,274977,9,0,16 17 9,1,54,,274978,9,0,5 14 15 9,1,15,,274979,9,0,16 17 9,1,20,,274980,9,0,5 14 15 9,1,63,,274981,9,0,5 14 15 9,1,18,,274982,9,,,1,29,,274983,9,0,5 14 15 9,1,65,,274984,9,0,16 17 9,1,30,,274985,9,0,5 14 15 9,1,65,,274986,9,,,1,30,,274987,9,0,5 14 15 9,1,70,,274988,9,0,16 17 9,1,30,,274989,9,0,5 14 15 9,1,70,,274990,9,,,1,100,,274991,9,0,16 17 9,1,99,,274992,9,0,7 13,1
3301,'20261117',719,,274993,9,0,7 13,1,107,,274994,9,0,7 13,1,85,,274995,9,,,1,100,,274996,9,,,1,100,,274997,9,,,1,103,,274998,9,,,1,103,,274999,9,,,1,100,,275000,9,,,1,37,,275001,9,0,5 14 15 9,1,65,,275002,9,,,1,27,,275003,9,0,5 14 15 9,1,63,,275004,9,0,16 17 9,1,22,,275005,9,,,1,22,,275006,9,0,5 14 15 9,1,60,,275007,9,,,1,20,,275008,9,0,5 14 15 9,1,19,,275009,9,0,16 17 9,1,54,,275010,9,0,5 14 15 9,1,15,,275011,9,0,16 17 9,1,20,,275012,9,0,5 14 15 9,1,63,,275013,9,0,5 14 15 9,1,18,,275014,9,,,1,29,,275015,9,0,5 14 15 9,1,65,,275016,9,0,16 17 9,1,30,,275017,9,0,5 14 15 9,1,65,,275018,9,,,1,30,,275019,9,0,5 14 15 9,1,70,,275020,9,0,16 17 9,1,30,,275021,9,0,5 14 15 9,1,70,,275022,9,,,1,100,,275023,9,0,16 17 9,1,99,,275024,9,0,7 13,1
3301,'20261118',719,,275025,9,0,7 13,1,107,,275026,9,0,7 13,1,85,,275027,9,,,1,100,,275028,9,,,1,100,,275029,9,,,1,103,,275030,9,,,1,103,,275031,9,,,1,100,,275032,9,,,1,37,,275033,9,0,5 14 15 9,1,65,,275034,9,,,1,27,,275035,9,0,5 14 15 9,1,63,,275036,9,0,16 17 9,1,22,,275037,9,,,1,22,,275038,9,0,5 14 15 9,1,60,,275039,9,,,1,20,,275040,9,0,5 14 15 9,1,19,,275041,9,0,16 17 9,1,54,,275042,9,0,5 14 15 9,1,15,,275043,9,0,16 17 9,1,20,,275044,9,0,5 14 15 9,1,63,,275045,9,0,5 14 15 9,1,18,,275046,9,,,1,29,,275047,9,0,5 14 15 9,1,65,,275048,9,0,16 17 9,1,30,,275049,9,0,5 14 15 9,1,65,,275050,9,,,1,30,,275051,9,0,5 14 15 9,1,70,,275052,9,0,16 17 9,1,30,,275053,9,0,5 14 15 9,1,70,,275054,9,,,1,100,,275055,9,0,16 17 9,1,99,,275056,9,0,7 13,1
3301,'20261119',719,,275057,9,0,7 13,1,107,,275058,9,0,7 13,1,85,,275059,9,,,1,100,,275060,9,,,1,100,,275061,9,,,1,103,,275062,9,,,1,103,,275063,9,,,1,100,,275064,9,,,1,37,,275065,9,0,5 14 15 9,1,65,,275066,9,,,1,27,,275067,9,0,5 14 15 9,1,63,,275068,9,0,16 17 9,1,22,,275069,9,,,1,22,,275070,9,0,5 14 15 9,1,60,,275071,9,,,1,20,,275072,9,0,5 14 15 9,1,19,,275073,9,0,16 17 9,1,54,,275074,9,0,5 14 15 9,1,15,,275075,9,0,16 17 9,1,20,,275076,9,0,5 14 15 9,1,63,,275077,9,0,5 14 15 9,1,18,,275078,9,,,1,29,,275079,9,0,5 14 15 9,1,65,,275080,9,0,16 17 9,1,30,,275081,9,0,5 14 15 9,1,65,,275082,9,,,1,30,,275083,9,0,5 14 15 9,1,70,,275084,9,0,16 17 9,1,30,,275085,9,0,5 14 15 9,1,70,,275086,9,,,1,100,,275087,9,0,16 17 9,1,99,,275088,9,0,7 13,1
3301,'20261120',719,,275089,9,0,7 13,1,107,,275090,9,0,7 13,1,85,,275091,9,,,1,100,,275092,9,,,1,100,,275093,9,,,1,103,,275094,9,,,1,103,,275095,9,,,1,100,,275096,9,,,1,37,,275097,9,0,5 14 15 9,1,65,,275098,9,,,1,27,,275099,9,0,5 14 15 9,1,63,,275100,9,0,16 17 9,1,22,,275101,9,,,1,22,,275102,9,0,5 14 15 9,1,60,,275103,9,,,1,20,,275104,9,0,5 14 15 9,1,19,,275105,9,0,16 17 9,1,54,,275106,9,0,5 14 15 9,1,15,,275107,9,0,16 17 9,1,20,,275108,9,0,5 14 15 9,1,63,,275109,9,0,5 14 15 9,1,18,,275110,9,,,1,29,,275111,9,0,5 14 15 9,1,65,,275112,9,0,16 17 9,1,30,,275113,9,0,5 14 15 9,1,65,,275114,9,,,1,30,,275115,9,0,5 14 15 9,1,70,,275116,9,0,16 17 9,1,30,,275117,9,0,5 14 15 9,1,70,,275118,9,,,1,100,,275119,9,0,16 17 9,1,99,,275120,9,0,7 13,1
3301,'20261121',1014,,275122,9,,,1,200,,275124,9,,,1,197,,275126,9,,,1,197,,275128,9,,,1,202,,275129,9,,,1,200,,275130,9,,,1,200,,275131,9,,,1,209,,275132,9,,,1
3301,'20261122',1014,,275134,9,,,1,200,,275136,9,,,1,197,,275138,9,,,1,197,,275140,9,,,1,202,,275141,9,,,1,200,,275142,9,,,1,200,,275143,9,,,1,209,,275144,9,,,1
3301,'20261123',719,,275145,9,0,7 13,1,107,,275146,9,0,7 13,1,85,,275147,9,,,1,100,,275148,9,,,1,100,,275149,9,,,1,103,,275150,9,,,1,103,,275151,9,,,1,100,,275152,9,,,1,37,,275153,9,0,5 14 15 9,1,65,,275154,9,,,1,27,,275155,9,0,5 14 15 9,1,63,,275156,9,0,16 17 9,1,22,,275157,9,,,1,22,,275158,9,0,5 14 15 9,1,60,,275159,9,,,1,20,,275160,9,0,5 14 15 9,1,19,,275161,9,0,16 17 9,1,54,,275162,9,0,5 14 15 9,1,15,,275163,9,0,16 17 9,1,20,,275164,9,0,5 14 15 9,1,63,,275165,9,0,5 14 15 9,1,18,,275166,9,,,1,29,,275167,9,0,5 14 15 9,1,65,,275168,9,0,16 17 9,1,30,,275169,9,0,5 14 15 9,1,65,,275170,9,,,1,30,,275171,9,0,5 14 15 9,1,70,,275172,9,0,16 17 9,1,30,,275173,9,0,5 14 15 9,1,70,,275174,9,,,1,100,,275175,9,0,16 17 9,1,99,,275176,9,0,7 13,1
3301,'20261124',719,,275177,9,0,7 13,1,107,,275178,9,0,7 13,1,85,,275179,9,,,1,100,,275180,9,,,1,100,,275181,9,,,1,103,,275182,9,,,1,103,,275183,9,,,1,100,,275184,9,,,1,37,,275185,9,0,5 14 15 9,1,65,,275186,9,,,1,27,,275187,9,0,5 14 15 9,1,63,,275188,9,0,16 17 9,1,22,,275189,9,,,1,22,,275190,9,0,5 14 15 9,1,60,,275191,9,,,1,20,,275192,9,0,5 14 15 9,1,19,,275193,9,0,16 17 9,1,54,,275194,9,0,5 14 15 9,1,15,,275195,9,0,16 17 9,1,20,,275196,9,0,5 14 15 9,1,63,,275197,9,0,5 14 15 9,1,18,,275198,9,,,1,29,,275199,9,0,5 14 15 9,1,65,,275200,9,0,16 17 9,1,30,,275201,9,0,5 14 15 9,1,65,,275202,9,,,1,30,,275203,9,0,5 14 15 9,1,70,,275204,9,0,16 17 9,1,30,,275205,9,0,5 14 15 9,1,70,,275206,9,,,1,100,,275207,9,0,16 17 9,1,99,,275208,9,0,7 13,1
3301,'20261125',719,,275209,9,0,7 13,1,107,,275210,9,0,7 13,1,85,,275211,9,,,1,100,,275212,9,,,1,100,,275213,9,,,1,103,,275214,9,,,1,103,,275215,9,,,1,100,,275216,9,,,1,37,,275217,9,0,5 14 15 9,1,65,,275218,9,,,1,27,,275219,9,0,5 14 15 9,1,63,,275220,9,0,16 17 9,1,22,,275221,9,,,1,22,,275222,9,0,5 14 15 9,1,60,,275223,9,,,1,20,,275224,9,0,5 14 15 9,1,19,,275225,9,0,16 17 9,1,54,,275226,9,0,5 14 15 9,1,15,,275227,9,0,16 17 9,1,20,,275228,9,0,5 14 15 9,1,63,,275229,9,0,5 14 15 9,1,18,,275230,9,,,1,29,,275231,9,0,5 14 15 9,1,65,,275232,9,0,16 17 9,1,30,,275233,9,0,5 14 15 9,1,65,,275234,9,,,1,30,,275235,9,0,5 14 15 9,1,70,,275236,9,0,16 17 9,1,30,,275237,9,0,5 14 15 9,1,70,,275238,9,,,1,100,,275239,9,0,16 17 9,1,99,,275240,9,0,7 13,1
3301,'20261126',719,,275241,9,0,7 13,1,107,,275242,9,0,7 13,1,85,,275243,9,,,1,100,,275244,9,,,1,100,,275245,9,,,1,103,,275246,9,,,1,103,,275247,9,,,1,100,,275248,9,,,1,37,,275249,9,0,5 14 15 9,1,65,,275250,9,,,1,27,,275251,9,0,5 14 15 9,1,63,,275252,9,0,16 17 9,1,22,,275253,9,,,1,22,,275254,9,0,5 14 15 9,1,60,,275255,9,,,1,20,,275256,9,0,5 14 15 9,1,19,,275257,9,0,16 17 9,1,54,,275258,9,0,5 14 15 9,1,15,,275259,9,0,16 17 9,1,20,,275260,9,0,5 14 15 9,1,63,,275261,9,0,5 14 15 9,1,18,,275262,9,,,1,29,,275263,9,0,5 14 15 9,1,65,,275264,9,0,16 17 9,1,30,,275265,9,0,5 14 15 9,1,65,,275266,9,,,1,30,,275267,9,0,5 14 15 9,1,70,,275268,9,0,16 17 9,1,30,,275269,9,0,5 14 15 9,1,70,,275270,9,,,1,100,,275271,9,0,16 17 9,1,99,,275272,9,0,7 13,1
3301,'20261127',719,,275273,9,0,7 13,1,107,,275274,9,0,7 13,1,85,,275275,9,,,1,100,,275276,9,,,1,100,,275277,9,,,1,103,,275278,9,,,1,103,,275279,9,,,1,100,,275280,9,,,1,37,,275281,9,0,5 14 15 9,1,65,,275282,9,,,1,27,,275283,9,0,5 14 15 9,1,63,,275284,9,0,16 17 9,1,22,,275285,9,,,1,22,,275286,9,0,5 14 15 9,1,60,,275287,9,,,1,20,,275288,9,0,5 14 15 9,1,19,,275289,9,0,16 17 9,1,54,,275290,9,0,5 14 15 9,1,15,,275291,9,0,16 17 9,1,20,,275292,9,0,5 14 15 9,1,63,,275293,9,0,5 14 15 9,1,18,,275294,9,,,1,29,,275295,9,0,5 14 15 9,1,65,,275296,9,0,16 17 9,1,30,,275297,9,0,5 14 15 9,1,65,,275298,9,,,1,30,,275299,9,0,5 14 15 9,1,70,,275300,9,0,16 17 9,1,30,,275301,9,0,5 14 15 9,1,70,,275302,9,,,1,100,,275303,9,0,16 17 9,1,99,,275304,9,0,7 13,1
