9201,'20260917',409,,325049,4,,,1,25,,325050,4,,,1,97,,325051,4,,,1,95,,325054,4,,,1,100,,325055,4,,,1,100,,325057,4,,,1,100,,325058,4,,,1,100,,325059,4,,,1,100,,325060,4,,,1,100,,325061,4,,,1,100,,325062,4,,,1,100,,325063,4,,,1,100,,325064,4,,,1,100,,325065,4,,,1,100,,325066,4,,,1,110,,325067,4,,,1,200,,325068,4,,,1,205,,325069,4,,,1,205,,325070,4,,,1
9201,'20260918',409,,325071,4,,,1,25,,325072,4,,,1,97,,325073,4,,,1,95,,325076,4,,,1,100,,325077,4,,,1,100,,325079,4,,,1,100,,325080,4,,,1,100,,325081,4,,,1,100,,325082,4,,,1,100,,325083,4,,,1,100,,325084,4,,,1,100,,325085,4,,,1,100,,325086,4,,,1,100,,325087,4,,,1,100,,325088,4,,,1,110,,325089,4,,,1,200,,325090,4,,,1,205,,325091,4,,,1,205,,325092,4,,,1
9201,'20260919',526,,325093,4,,,1,100,,325094,4,,,1,100,,325095,4,,,1,95,,325096,4,,,1,95,,325097,4,,,1,95,,325098,4,,,1,95,,325099,4,,,1,100,,325100,4,,,1,100,,325101,4,,,1,100,,325102,4,,,1,105,,325103,4,,,1,105,,325104,4,,,1,100,,325105,4,,,1,100,,325106,4,,,1,110,,325107,4,,,1,205,,325108,4,,,1,195,,325109,4,,,1
9201,'20260920',526,,325110,4,,,1,100,,325111,4,,,1,100,,325112,4,,,1,95,,325113,4,,,1,95,,325114,4,,,1,95,,325115,4,,,1,95,,325116,4,,,1,100,,325117,4,,,1,100,,325118,4,,,1,100,,325119,4,,,1,105,,325120,4,,,1,105,,325121,4,,,1,100,,325122,4,,,1,100,,325123,4,,,1,110,,325124,4,,,1,205,,325125,4,,,1,195,,325126,4,,,1
9201,'20260921',409,,325127,4,,,1,25,,325128,4,,,1,97,,325129,4,,,1,95,,325132,4,,,1,100,,325133,4,,,1,100,,325135,4,,,1,100,,325136,4,,,1,100,,325137,4,,,1,100,,325138,4,,,1,100,,325139,4,,,1,100,,325140,4,,,1,100,,325141,4,,,1,100,,325142,4,,,1,100,,325143,4,,,1,100,,325144,4,,,1,110,,325145,4,,,1,200,,325146,4,,,1,205,,325147,4,,,1,205,,325148,4,,,1
9201,'20260922',409,,325149,4,,,1,25,,325150,4,,,1,97,,325151,4,,,1,95,,325154,4,,,1,100,,325155,4,,,1,100,,325157,4,,,1,100,,325158,4,,,1,100,,325159,4,,,1,100,,325160,4,,,1,100,,325161,4,,,1,100,,325162,4,,,1,100,,325163,4,,,1,100,,325164,4,,,1,100,,325165,4,,,1,100,,325166,4,,,1,110,,325167,4,,,1,200,,325168,4,,,1,205,,325169,4,,,1,205,,325170,4,,,1
9201,'20260923',409,,325171,4,,,1,25,,325172,4,,,1,97,,325173,4,,,1,95,,325176,4,,,1,100,,325177,4,,,1,100,,325179,4,,,1,100,,325180,4,,,1,100,,325181,4,,,1,100,,325182,4,,,1,100,,325183,4,,,1,100,,325184,4,,,1,100,,325185,4,,,1,100,,325186,4,,,1,100,,325187,4,,,1,100,,325188,4,,,1,110,,325189,4,,,1,200,,325190,4,,,1,205,,325191,4,,,1,205,,325192,4,,,1
9201,'20260924',409,,325193,4,,,1,25,,325194,4,,,1,97,,325195,4,,,1,95,,325198,4,,,1,100,,325199,4,,,1,100,,325201,4,,,1,100,,325202,4,,,1,100,,325203,4,,,1,100,,325204,4,,,1,100,,325205,4,,,1,100,,325206,4,,,1,100,,325207,4,,,1,100,,325208,4,,,1,100,,325209,4,,,1,100,,325210,4,,,1,110,,325211,4,,,1,200,,325212,4,,,1,205,,325213,4,,,1,205,,325214,4,,,1
9201,'20260925',409,,325215,4,,,1,25,,325216,4,,,1,97,,325217,4,,,1,95,,325220,4,,,1,100,,325221,4,,,1,100,,325223,4,,,1,100,,325224,4,,,1,100,,325225,4,,,1,100,,325226,4,,,1,100,,325227,4,,,1,100,,325228,4,,,1,100,,325229,4,,,1,100,,325230,4,,,1,100,,325231,4,,,1,100,,325232,4,,,1,110,,325233,4,,,1,200,,325234,4,,,1,205,,325235,4,,,1,205,,325236,4,,,1
9201,'20260926',526,,325237,4,,,1,100,,325238,4,,,1,100,,325239,4,,,1,95,,325240,4,,,1,95,,325241,4,,,1,95,,325242,4,,,1,95,,325243,4,,,1,100,,325244,4,,,1,100,,325245,4,,,1,100,,325246,4,,,1,105,,325247,4,,,1,105,,325248,4,,,1,100,,325249,4,,,1,100,,325250,4,,,1,110,,325251,4,,,1,205,,325252,4,,,1,195,,325253,4,,,1
9201,'20260927',526,,325254,4,,,1,100,,325255,4,,,1,100,,325256,4,,,1,95,,325257,4,,,1,95,,325258,4,,,1,95,,325259,4,,,1,95,,325260,4,,,1,100,,325261,4,,,1,100,,325262,4,,,1,100,,325263,4,,,1,105,,325264,4,,,1,105,,325265,4,,,1,100,,325266,4,,,1,100,,325267,4,,,1,110,,325268,4,,,1,205,,325269,4,,,1,195,,325270,4,,,1
9201,'20260928',409,,325271,4,,,1,25,,325272,4,,,1,97,,325273,4,,,1,95,,325276,4,,,1,100,,325277,4,,,1,100,,325279,4,,,1,100,,325280,4,,,1,100,,325281,4,,,1,100,,325282,4,,,1,100,,325283,4,,,1,100,,325284,4,,,1,100,,325285,4,,,1,100,,325286,4,,,1,100,,325287,4,,,1,100,,325288,4,,,1,110,,325289,4,,,1,200,,325290,4,,,1,205,,325291,4,,,1,205,,325292,4,,,1
9201,'20260929',409,,325293,4,,,1,25,,325294,4,,,1,97,,325295,4,,,1,95,,325298,4,,,1,100,,325299,4,,,1,100,,325301,4,,,1,100,,325302,4,,,1,100,,325303,4,,,1,100,,325304,4,,,1,100,,325305,4,,,1,100,,325306,4,,,1,100,,325307,4,,,1,100,,325308,4,,,1,100,,325309,4,,,1,100,,325310,4,,,1,110,,325311,4,,,1,200,,325312,4,,,1,205,,325313,4,,,1,205,,325314,4,,,1
9201,'20260930',409,,325315,4,,,1,25,,325316,4,,,1,97,,325317,4,,,1,95,,325320,4,,,1,100,,325321,4,,,1,100,,325323,4,,,1,100,,325324,4,,,1,100,,325325,4,,,1,100,,325326,4,,,1,100,,325327,4,,,1,100,,325328,4,,,1,100,,325329,4,,,1,100,,325330,4,,,1,100,,325331,4,,,1,100,,325332,4,,,1,110,,325333,4,,,1,200,,325334,4,,,1,205,,325335,4,,,1,205,,325336,4,,,1
9201,'20261001',409,,325337,4,,,1,25,,325338,4,,,1,97,,325339,4,,,1,95,,325342,4,,,1,100,,325343,4,,,1,100,,325345,4,,,1,100,,325346,4,,,1,100,,325347,4,,,1,100,,325348,4,,,1,100,,325349,4,,,1,100,,325350,4,,,1,100,,325351,4,,,1,100,,325352,4,,,1,100,,325353,4,,,1,100,,325354,4,,,1,110,,325355,4,,,1,200,,325356,4,,,1,205,,325357,4,,,1,205,,325358,4,,,1
9201,'20261002',409,,325359,4,,,1,25,,325360,4,,,1,97,,325361,4,,,1,95,,325364,4,,,1,100,,325365,4,,,1,100,,325367,4,,,1,100,,325368,4,,,1,100,,325369,4,,,1,100,,325370,4,,,1,100,,325371,4,,,1,100,,325372,4,,,1,100,,325373,4,,,1,100,,325374,4,,,1,100,,325375,4,,,1,100,,325376,4,,,1,110,,325377,4,,,1,200,,325378,4,,,1,205,,325379,4,,,1,205,,325380,4,,,1
9201,'20261003',526,,325381,4,,,1,100,,325382,4,,,1,100,,325383,4,,,1,95,,325384,4,,,1,95,,325385,4,,,1,95,,325386,4,,,1,95,,325387,4,,,1,100,,325388,4,,,1,100,,325389,4,,,1,100,,325390,4,,,1,105,,325391,4,,,1,105,,325392,4,,,1,100,,325393,4,,,1,100,,325394,4,,,1,110,,325395,4,,,1,205,,325396,4,,,1,195,,325397,4,,,1
9201,'20261004',526,,325398,4,,,1,100,,325399,4,,,1,100,,325400,4,,,1,95,,325401,4,,,1,95,,325402,4,,,1,95,,325403,4,,,1,95,,325404,4,,,1,100,,325405,4,,,1,100,,325406,4,,,1,100,,325407,4,,,1,105,,325408,4,,,1,105,,325409,4,,,1,100,,325410,4,,,1,100,,325411,4,,,1,110,,325412,4,,,1,205,,325413,4,,,1,195,,325414,4,,,1
9201,'20261005',409,,325415,4,,,1,25,,325416,4,,,1,97,,325417,4,,,1,95,,325420,4,,,1,100,,325421,4,,,1,100,,325423,4,,,1,100,,325424,4,,,1,100,,325425,4,,,1,100,,325426,4,,,1,100,,325427,4,,,1,100,,325428,4,,,1,100,,325429,4,,,1,100,,325430,4,,,1,100,,325431,4,,,1,100,,325432,4,,,1,110,,325433,4,,,1,200,,325434,4,,,1,205,,325435,4,,,1,205,,325436,4,,,1
9201,'20261006',409,,325437,4,,,1,25,,325438,4,,,1,97,,325439,4,,,1,95,,325442,4,,,1,100,,325443,4,,,1,100,,325445,4,,,1,100,,325446,4,,,1,100,,325447,4,,,1,100,,325448,4,,,1,100,,325449,4,,,1,100,,325450,4,,,1,100,,325451,4,,,1,100,,325452,4,,,1,100,,325453,4,,,1,100,,325454,4,,,1,110,,325455,4,,,1,200,,325456,4,,,1,205,,325457,4,,,1,205,,325458,4,,,1
9201,'20261007',409,,325459,4,,,1,25,,325460,4,,,1,97,,325461,4,,,1,95,,325464,4,,,1,100,,325465,4,,,1,100,,325467,4,,,1,100,,325468,4,,,1,100,,325469,4,,,1,100,,325470,4,,,1,100,,325471,4,,,1,100,,325472,4,,,1,100,,325473,4,,,1,100,,325474,4,,,1,100,,325475,4,,,1,100,,325476,4,,,1,110,,325477,4,,,1,200,,325478,4,,,1,205,,325479,4,,,1,205,,325480,4,,,1
9201,'20261008',409,,325481,4,,,1,25,,325482,4,,,1,97,,325483,4,,,1,95,,325486,4,,,1,100,,325487,4,,,1,100,,325489,4,,,1,100,,325490,4,,,1,100,,325491,4,,,1,100,,325492,4,,,1,100,,325493,4,,,1,100,,325494,4,,,1,100,,325495,4,,,1,100,,325496,4,,,1,100,,325497,4,,,1,100,,325498,4,,,1,110,,325499,4,,,1,200,,325500,4,,,1,205,,325501,4,,,1,205,,325502,4,,,1
9201,'20261009',409,,325503,4,,,1,25,,325504,4,,,1,97,,325505,4,,,1,95,,325508,4,,,1,100,,325509,4,,,1,100,,325511,4,,,1,100,,325512,4,,,1,100,,325513,4,,,1,100,,325514,4,,,1,100,,325515,4,,,1,100,,325516,4,,,1,100,,325517,4,,,1,100,,325518,4,,,1,100,,325519,4,,,1,100,,325520,4,,,1,110,,325521,4,,,1,200,,325522,4,,,1,205,,325523,4,,,1,205,,325524,4,,,1
9201,'20261010',526,,325525,4,,,1,100,,325526,4,,,1,100,,325527,4,,,1,95,,325528,4,,,1,95,,325529,4,,,1,95,,325530,4,,,1,95,,325531,4,,,1,100,,325532,4,,,1,100,,325533,4,,,1,100,,325534,4,,,1,105,,325535,4,,,1,105,,325536,4,,,1,100,,325537,4,,,1,100,,325538,4,,,1,110,,325539,4,,,1,205,,325540,4,,,1,195,,325541,4,,,1
9201,'20261011',526,,325542,4,,,1,100,,325543,4,,,1,100,,325544,4,,,1,95,,325545,4,,,1,95,,325546,4,,,1,95,,325547,4,,,1,95,,325548,4,,,1,100,,325549,4,,,1,100,,325550,4,,,1,100,,325551,4,,,1,105,,325552,4,,,1,105,,325553,4,,,1,100,,325554,4,,,1,100,,325555,4,,,1,110,,325556,4,,,1,205,,325557,4,,,1,195,,325558,4,,,1
9201,'20261012',526,,325559,4,,,1,100,,325560,4,,,1,100,,325561,4,,,1,95,,325562,4,,,1,95,,325563,4,,,1,95,,325564,4,,,1,95,,325565,4,,,1,100,,325566,4,,,1,100,,325567,4,,,1,100,,325568,4,,,1,105,,325569,4,,,1,105,,325570,4,,,1,100,,325571,4,,,1,100,,325572,4,,,1,110,,325573,4,,,1,205,,325574,4,,,1,195,,325575,4,,,1
9201,'20261013',409,,325576,4,,,1,25,,325577,4,,,1,97,,325578,4,,,1,95,,325581,4,,,1,100,,325582,4,,,1,100,,325584,4,,,1,100,,325585,4,,,1,100,,325586,4,,,1,100,,325587,4,,,1,100,,325588,4,,,1,100,,325589,4,,,1,100,,325590,4,,,1,100,,325591,4,,,1,100,,325592,4,,,1,100,,325593,4,,,1,110,,325594,4,,,1,200,,325595,4,,,1,205,,325596,4,,,1,205,,325597,4,,,1
9201,'20261014',409,,325598,4,,,1,25,,325599,4,,,1,97,,325600,4,,,1,95,,325603,4,,,1,100,,325604,4,,,1,100,,325606,4,,,1,100,,325607,4,,,1,100,,325608,4,,,1,100,,325609,4,,,1,100,,325610,4,,,1,100,,325611,4,,,1,100,,325612,4,,,1,100,,325613,4,,,1,100,,325614,4,,,1,100,,325615,4,,,1,110,,325616,4,,,1,200,,325617,4,,,1,205,,325618,4,,,1,205,,325619,4,,,1
9201,'20261015',409,,325620,4,,,1,25,,325621,4,,,1,97,,325622,4,,,1,95,,325625,4,,,1,100,,325626,4,,,1,100,,325628,4,,,1,100,,325629,4,,,1,100,,325630,4,,,1,100,,325631,4,,,1,100,,325632,4,,,1,100,,325633,4,,,1,100,,325634,4,,,1,100,,325635,4,,,1,100,,325636,4,,,1,100,,325637,4,,,1,110,,325638,4,,,1,200,,325639,4,,,1,205,,325640,4,,,1,205,,325641,4,,,1
9201,'20261016',409,,325642,4,,,1,25,,325643,4,,,1,97,,325644,4,,,1,95,,325647,4,,,1,100,,325648,4,,,1,100,,325650,4,,,1,100,,325651,4,,,1,100,,325652,4,,,1,100,,325653,4,,,1,100,,325654,4,,,1,100,,325655,4,,,1,100,,325656,4,,,1,100,,325657,4,,,1,100,,325658,4,,,1,100,,325659,4,,,1,110,,325660,4,,,1,200,,325661,4,,,1,205,,325662,4,,,1,205,,325663,4,,,1
9201,'20261017',526,,325664,4,,,1,100,,325665,4,,,1,100,,325666,4,,,1,95,,325667,4,,,1,95,,325668,4,,,1,95,,325669,4,,,1,95,,325670,4,,,1,100,,325671,4,,,1,100,,325672,4,,,1,100,,325673,4,,,1,105,,325674,4,,,1,105,,325675,4,,,1,100,,325676,4,,,1,100,,325677,4,,,1,110,,325678,4,,,1,205,,325679,4,,,1,195,,325680,4,,,1
9201,'20261018',526,,325681,4,,,1,100,,325682,4,,,1,100,,325683,4,,,1,95,,325684,4,,,1,95,,325685,4,,,1,95,,325686,4,,,1,95,,325687,4,,,1,100,,325688,4,,,1,100,,325689,4,,,1,100,,325690,4,,,1,105,,325691,4,,,1,105,,325692,4,,,1,100,,325693,4,,,1,100,,325694,4,,,1,110,,325695,4,,,1,205,,325696,4,,,1,195,,325697,4,,,1
9201,'20261019',409,,325698,4,,,1,25,,325699,4,,,1,97,,325700,4,,,1,95,,325703,4,,,1,100,,325704,4,,,1,100,,325706,4,,,1,100,,325707,4,,,1,100,,325708,4,,,1,100,,325709,4,,,1,100,,325710,4,,,1,100,,325711,4,,,1,100,,325712,4,,,1,100,,325713,4,,,1,100,,325714,4,,,1,100,,325715,4,,,1,110,,325716,4,,,1,200,,325717,4,,,1,205,,325718,4,,,1,205,,325719,4,,,1
9201,'20261020',409,,325720,4,,,1,25,,325721,4,,,1,97,,325722,4,,,1,95,,325725,4,,,1,100,,325726,4,,,1,100,,325728,4,,,1,100,,325729,4,,,1,100,,325730,4,,,1,100,,325731,4,,,1,100,,325732,4,,,1,100,,325733,4,,,1,100,,325734,4,,,1,100,,325735,4,,,1,100,,325736,4,,,1,100,,325737,4,,,1,110,,325738,4,,,1,200,,325739,4,,,1,205,,325740,4,,,1,205,,325741,4,,,1
9201,'20261021',409,,325742,4,,,1,25,,325743,4,,,1,97,,325744,4,,,1,95,,325747,4,,,1,100,,325748,4,,,1,100,,325750,4,,,1,100,,325751,4,,,1,100,,325752,4,,,1,100,,325753,4,,,1,100,,325754,4,,,1,100,,325755,4,,,1,100,,325756,4,,,1,100,,325757,4,,,1,100,,325758,4,,,1,100,,325759,4,,,1,110,,325760,4,,,1,200,,325761,4,,,1,205,,325762,4,,,1,205,,325763,4,,,1
9201,'20261022',409,,325764,4,,,1,25,,325765,4,,,1,97,,325766,4,,,1,95,,325769,4,,,1,100,,325770,4,,,1,100,,325772,4,,,1,100,,325773,4,,,1,100,,325774,4,,,1,100,,325775,4,,,1,100,,325776,4,,,1,100,,325777,4,,,1,100,,325778,4,,,1,100,,325779,4,,,1,100,,325780,4,,,1,100,,325781,4,,,1,110,,325782,4,,,1,200,,325783,4,,,1,205,,325784,4,,,1,205,,325785,4,,,1
9201,'20261023',409,,325786,4,,,1,25,,325787,4,,,1,97,,325788,4,,,1,95,,325791,4,,,1,100,,325792,4,,,1,100,,325794,4,,,1,100,,325795,4,,,1,100,,325796,4,,,1,100,,325797,4,,,1,100,,325798,4,,,1,100,,325799,4,,,1,100,,325800,4,,,1,100,,325801,4,,,1,100,,325802,4,,,1,100,,325803,4,,,1,110,,325804,4,,,1,200,,325805,4,,,1,205,,325806,4,,,1,205,,325807,4,,,1
9201,'20261024',526,,325808,4,,,1,100,,325809,4,,,1,100,,325810,4,,,1,95,,325811,4,,,1,95,,325812,4,,,1,95,,325813,4,,,1,95,,325814,4,,,1,100,,325815,4,,,1,100,,325816,4,,,1,100,,325817,4,,,1,105,,325818,4,,,1,105,,325819,4,,,1,100,,325820,4,,,1,100,,325821,4,,,1,110,,325822,4,,,1,205,,325823,4,,,1,195,,325824,4,,,1
9201,'20261025',526,,325825,4,,,1,100,,325826,4,,,1,100,,325827,4,,,1,95,,325828,4,,,1,95,,325829,4,,,1,95,,325830,4,,,1,95,,325831,4,,,1,100,,325832,4,,,1,100,,325833,4,,,1,100,,325834,4,,,1,105,,325835,4,,,1,105,,325836,4,,,1,100,,325837,4,,,1,100,,325838,4,,,1,110,,325839,4,,,1,205,,325840,4,,,1,195,,325841,4,,,1
9201,'20261026',409,,325842,4,,,1,25,,325843,4,,,1,97,,325844,4,,,1,95,,325847,4,,,1,100,,325848,4,,,1,100,,325850,4,,,1,100,,325851,4,,,1,100,,325852,4,,,1,100,,325853,4,,,1,100,,325854,4,,,1,100,,325855,4,,,1,100,,325856,4,,,1,100,,325857,4,,,1,100,,325858,4,,,1,100,,325859,4,,,1,110,,325860,4,,,1,200,,325861,4,,,1,205,,325862,4,,,1,205,,325863,4,,,1
9201,'20261027',409,,325864,4,,,1,25,,325865,4,,,1,97,,325866,4,,,1,95,,325869,4,,,1,100,,325870,4,,,1,100,,325872,4,,,1,100,,325873,4,,,1,100,,325874,4,,,1,100,,325875,4,,,1,100,,325876,4,,,1,100,,325877,4,,,1,100,,325878,4,,,1,100,,325879,4,,,1,100,,325880,4,,,1,100,,325881,4,,,1,110,,325882,4,,,1,200,,325883,4,,,1,205,,325884,4,,,1,205,,325885,4,,,1
9201,'20261028',409,,325886,4,,,1,25,,325887,4,,,1,97,,325888,4,,,1,95,,325891,4,,,1,100,,325892,4,,,1,100,,325894,4,,,1,100,,325895,4,,,1,100,,325896,4,,,1,100,,325897,4,,,1,100,,325898,4,,,1,100,,325899,4,,,1,100,,325900,4,,,1,100,,325901,4,,,1,100,,325902,4,,,1,100,,325903,4,,,1,110,,325904,4,,,1,200,,325905,4,,,1,205,,325906,4,,,1,205,,325907,4,,,1
9201,'20261029',409,,325908,4,,,1,25,,325909,4,,,1,97,,325910,4,,,1,95,,325913,4,,,1,100,,325914,4,,,1,100,,325916,4,,,1,100,,325917,4,,,1,100,,325918,4,,,1,100,,325919,4,,,1,100,,325920,4,,,1,100,,325921,4,,,1,100,,325922,4,,,1,100,,325923,4,,,1,100,,325924,4,,,1,100,,325925,4,,,1,110,,325926,4,,,1,200,,325927,4,,,1,205,,325928,4,,,1,205,,325929,4,,,1
9201,'20261030',409,,325930,4,,,1,25,,325931,4,,,1,97,,325932,4,,,1,95,,325935,4,,,1,100,,325936,4,,,1,100,,325938,4,,,1,100,,325939,4,,,1,100,,325940,4,,,1,100,,325941,4,,,1,100,,325942,4,,,1,100,,325943,4,,,1,100,,325944,4,,,1,100,,325945,4,,,1,100,,325946,4,,,1,100,,325947,4,,,1,110,,325948,4,,,1,200,,325949,4,,,1,205,,325950,4,,,1,205,,325951,4,,,1
9201,'20261031',526,,325952,4,,,1,100,,325953,4,,,1,100,,325954,4,,,1,95,,325955,4,,,1,95,,325956,4,,,1,95,,325957,4,,,1,95,,325958,4,,,1,100,,325959,4,,,1,100,,325960,4,,,1,100,,325961,4,,,1,105,,325962,4,,,1,105,,325963,4,,,1,100,,325964,4,,,1,100,,325965,4,,,1,110,,325966,4,,,1,205,,325967,4,,,1,195,,325968,4,,,1
9201,'20261101',526,,325969,4,,,1,100,,325970,4,,,1,100,,325971,4,,,1,95,,325972,4,,,1,95,,325973,4,,,1,95,,325974,4,,,1,95,,325975,4,,,1,100,,325976,4,,,1,100,,325977,4,,,1,100,,325978,4,,,1,105,,325979,4,,,1,105,,325980,4,,,1,100,,325981,4,,,1,100,,325982,4,,,1,110,,325983,4,,,1,205,,325984,4,,,1,195,,325985,4,,,1
9201,'20261102',409,,325986,4,,,1,25,,325987,4,,,1,97,,325988,4,,,1,95,,325991,4,,,1,100,,325992,4,,,1,100,,325994,4,,,1,100,,325995,4,,,1,100,,325996,4,,,1,100,,325997,4,,,1,100,,325998,4,,,1,100,,325999,4,,,1,100,,326000,4,,,1,100,,326001,4,,,1,100,,326002,4,,,1,100,,326003,4,,,1,110,,326004,4,,,1,200,,326005,4,,,1,205,,326006,4,,,1,205,,326007,4,,,1
9201,'20261103',409,,326008,4,,,1,25,,326009,4,,,1,97,,326010,4,,,1,95,,326013,4,,,1,100,,326014,4,,,1,100,,326016,4,,,1,100,,326017,4,,,1,100,,326018,4,,,1,100,,326019,4,,,1,100,,326020,4,,,1,100,,326021,4,,,1,100,,326022,4,,,1,100,,326023,4,,,1,100,,326024,4,,,1,100,,326025,4,,,1,110,,326026,4,,,1,200,,326027,4,,,1,205,,326028,4,,,1,205,,326029,4,,,1
9201,'20261104',409,,326030,4,,,1,25,,326031,4,,,1,97,,326032,4,,,1,95,,326035,4,,,1,100,,326036,4,,,1,100,,326038,4,,,1,100,,326039,4,,,1,100,,326040,4,,,1,100,,326041,4,,,1,100,,326042,4,,,1,100,,326043,4,,,1,100,,326044,4,,,1,100,,326045,4,,,1,100,,326046,4,,,1,100,,326047,4,,,1,110,,326048,4,,,1,200,,326049,4,,,1,205,,326050,4,,,1,205,,326051,4,,,1
9201,'20261105',409,,326052,4,,,1,25,,326053,4,,,1,97,,326054,4,,,1,95,,326057,4,,,1,100,,326058,4,,,1,100,,326060,4,,,1,100,,326061,4,,,1,100,,326062,4,,,1,100,,326063,4,,,1,100,,326064,4,,,1,100,,326065,4,,,1,100,,326066,4,,,1,100,,326067,4,,,1,100,,326068,4,,,1,100,,326069,4,,,1,110,,326070,4,,,1,200,,326071,4,,,1,205,,326072,4,,,1,205,,326073,4,,,1
9201,'20261106',409,,326074,4,,,1,25,,326075,4,,,1,97,,326076,4,,,1,95,,326079,4,,,1,100,,326080,4,,,1,100,,326082,4,,,1,100,,326083,4,,,1,100,,326084,4,,,1,100,,326085,4,,,1,100,,326086,4,,,1,100,,326087,4,,,1,100,,326088,4,,,1,100,,326089,4,,,1,100,,326090,4,,,1,100,,326091,4,,,1,110,,326092,4,,,1,200,,326093,4,,,1,205,,326094,4,,,1,205,,326095,4,,,1
9201,'20261107',526,,326096,4,,,1,100,,326097,4,,,1,100,,326098,4,,,1,95,,326099,4,,,1,95,,326100,4,,,1,95,,326101,4,,,1,95,,326102,4,,,1,100,,326103,4,,,1,100,,326104,4,,,1,100,,326105,4,,,1,105,,326106,4,,,1,105,,326107,4,,,1,100,,326108,4,,,1,100,,326109,4,,,1,110,,326110,4,,,1,205,,326111,4,,,1,195,,326112,4,,,1
9201,'20261108',526,,326113,4,,,1,100,,326114,4,,,1,100,,326115,4,,,1,95,,326116,4,,,1,95,,326117,4,,,1,95,,326118,4,,,1,95,,326119,4,,,1,100,,326120,4,,,1,100,,326121,4,,,1,100,,326122,4,,,1,105,,326123,4,,,1,105,,326124,4,,,1,100,,326125,4,,,1,100,,326126,4,,,1,110,,326127,4,,,1,205,,326128,4,,,1,195,,326129,4,,,1
9201,'20261109',409,,326130,4,,,1,25,,326131,4,,,1,97,,326132,4,,,1,95,,326135,4,,,1,100,,326136,4,,,1,100,,326138,4,,,1,100,,326139,4,,,1,100,,326140,4,,,1,100,,326141,4,,,1,100,,326142,4,,,1,100,,326143,4,,,1,100,,326144,4,,,1,100,,326145,4,,,1,100,,326146,4,,,1,100,,326147,4,,,1,110,,326148,4,,,1,200,,326149,4,,,1,205,,326150,4,,,1,205,,326151,4,,,1
9201,'20261110',409,,326152,4,,,1,25,,326153,4,,,1,97,,326154,4,,,1,95,,326157,4,,,1,100,,326158,4,,,1,100,,326160,4,,,1,100,,326161,4,,,1,100,,326162,4,,,1,100,,326163,4,,,1,100,,326164,4,,,1,100,,326165,4,,,1,100,,326166,4,,,1,100,,326167,4,,,1,100,,326168,4,,,1,100,,326169,4,,,1,110,,326170,4,,,1,200,,326171,4,,,1,205,,326172,4,,,1,205,,326173,4,,,1
9201,'20261111',409,,326174,4,,,1,25,,326175,4,,,1,97,,326176,4,,,1,95,,326179,4,,,1,100,,326180,4,,,1,100,,326182,4,,,1,100,,326183,4,,,1,100,,326184,4,,,1,100,,326185,4,,,1,100,,326186,4,,,1,100,,326187,4,,,1,100,,326188,4,,,1,100,,326189,4,,,1,100,,326190,4,,,1,100,,326191,4,,,1,110,,326192,4,,,1,200,,326193,4,,,1,205,,326194,4,,,1,205,,326195,4,,,1
9201,'20261112',409,,326196,4,,,1,25,,326197,4,,,1,97,,326198,4,,,1,95,,326201,4,,,1,100,,326202,4,,,1,100,,326204,4,,,1,100,,326205,4,,,1,100,,326206,4,,,1,100,,326207,4,,,1,100,,326208,4,,,1,100,,326209,4,,,1,100,,326210,4,,,1,100,,326211,4,,,1,100,,326212,4,,,1,100,,326213,4,,,1,110,,326214,4,,,1,200,,326215,4,,,1,205,,326216,4,,,1,205,,326217,4,,,1
9201,'20261113',409,,326218,4,,,1,25,,326219,4,,,1,97,,326220,4,,,1,95,,326223,4,,,1,100,,326224,4,,,1,100,,326226,4,,,1,100,,326227,4,,,1,100,,326228,4,,,1,100,,326229,4,,,1,100,,326230,4,,,1,100,,326231,4,,,1,100,,326232,4,,,1,100,,326233,4,,,1,100,,326234,4,,,1,100,,326235,4,,,1,110,,326236,4,,,1,200,,326237,4,,,1,205,,326238,4,,,1,205,,326239,4,,,1
9201,'20261114',526,,326240,4,,,1,100,,326241,4,,,1,100,,326242,4,,,1,95,,326243,4,,,1,95,,326244,4,,,1,95,,326245,4,,,1,95,,326246,4,,,1,100,,326247,4,,,1,100,,326248,4,,,1,100,,326249,4,,,1,105,,326250,4,,,1,105,,326251,4,,,1,100,,326252,4,,,1,100,,326253,4,,,1,110,,326254,4,,,1,205,,326255,4,,,1,195,,326256,4,,,1
9201,'20261115',526,,326257,4,,,1,100,,326258,4,,,1,100,,326259,4,,,1,95,,326260,4,,,1,95,,326261,4,,,1,95,,326262,4,,,1,95,,326263,4,,,1,100,,326264,4,,,1,100,,326265,4,,,1,100,,326266,4,,,1,105,,326267,4,,,1,105,,326268,4,,,1,100,,326269,4,,,1,100,,326270,4,,,1,110,,326271,4,,,1,205,,326272,4,,,1,195,,326273,4,,,1
9201,'20261116',409,,326274,4,,,1,25,,326275,4,,,1,97,,326276,4,,,1,95,,326279,4,,,1,100,,326280,4,,,1,100,,326282,4,,,1,100,,326283,4,,,1,100,,326284,4,,,1,100,,326285,4,,,1,100,,326286,4,,,1,100,,326287,4,,,1,100,,326288,4,,,1,100,,326289,4,,,1,100,,326290,4,,,1,100,,326291,4,,,1,110,,326292,4,,,1,200,,326293,4,,,1,205,,326294,4,,,1,205,,326295,4,,,1
9201,'20261117',409,,326296,4,,,1,25,,326297,4,,,1,97,,326298,4,,,1,95,,326301,4,,,1,100,,326302,4,,,1,100,,326304,4,,,1,100,,326305,4,,,1,100,,326306,4,,,1,100,,326307,4,,,1,100,,326308,4,,,1,100,,326309,4,,,1,100,,326310,4,,,1,100,,326311,4,,,1,100,,326312,4,,,1,100,,326313,4,,,1,110,,326314,4,,,1,200,,326315,4,,,1,205,,326316,4,,,1,205,,326317,4,,,1
9201,'20261118',409,,326318,4,,,1,25,,326319,4,,,1,97,,326320,4,,,1,95,,326323,4,,,1,100,,326324,4,,,1,100,,326326,4,,,1,100,,326327,4,,,1,100,,326328,4,,,1,100,,326329,4,,,1,100,,326330,4,,,1,100,,326331,4,,,1,100,,326332,4,,,1,100,,326333,4,,,1,100,,326334,4,,,1,100,,326335,4,,,1,110,,326336,4,,,1,200,,326337,4,,,1,205,,326338,4,,,1,205,,326339,4,,,1
9201,'20261119',409,,326340,4,,,1,25,,326341,4,,,1,97,,326342,4,,,1,95,,326345,4,,,1,100,,326346,4,,,1,100,,326348,4,,,1,100,,326349,4,,,1,100,,326350,4,,,1,100,,326351,4,,,1,100,,326352,4,,,1,100,,326353,4,,,1,100,,326354,4,,,1,100,,326355,4,,,1,100,,326356,4,,,1,100,,326357,4,,,1,110,,326358,4,,,1,200,,326359,4,,,1,205,,326360,4,,,1,205,,326361,4,,,1
9201,'20261120',409,,326362,4,,,1,25,,326363,4,,,1,97,,326364,4,,,1,95,,326367,4,,,1,100,,326368,4,,,1,100,,326370,4,,,1,100,,326371,4,,,1,100,,326372,4,,,1,100,,326373,4,,,1,100,,326374,4,,,1,100,,326375,4,,,1,100,,326376,4,,,1,100,,326377,4,,,1,100,,326378,4,,,1,100,,326379,4,,,1,110,,326380,4,,,1,200,,326381,4,,,1,205,,326382,4,,,1,205,,326383,4,,,1
9201,'20261121',526,,326384,4,,,1,100,,326385,4,,,1,100,,326386,4,,,1,95,,326387,4,,,1,95,,326388,4,,,1,95,,326389,4,,,1,95,,326390,4,,,1,100,,326391,4,,,1,100,,326392,4,,,1,100,,326393,4,,,1,105,,326394,4,,,1,105,,326395,4,,,1,100,,326396,4,,,1,100,,326397,4,,,1,110,,326398,4,,,1,205,,326399,4,,,1,195,,326400,4,,,1
9201,'20261122',526,,326401,4,,,1,100,,326402,4,,,1,100,,326403,4,,,1,95,,326404,4,,,1,95,,326405,4,,,1,95,,326406,4,,,1,95,,326407,4,,,1,100,,326408,4,,,1,100,,326409,4,,,1,100,,326410,4,,,1,105,,326411,4,,,1,105,,326412,4,,,1,100,,326413,4,,,1,100,,326414,4,,,1,110,,326415,4,,,1,205,,326416,4,,,1,195,,326417,4,,,1
9201,'20261123',409,,326418,4,,,1,25,,326419,4,,,1,97,,326420,4,,,1,95,,326423,4,,,1,100,,326424,4,,,1,100,,326426,4,,,1,100,,326427,4,,,1,100,,326428,4,,,1,100,,326429,4,,,1,100,,326430,4,,,1,100,,326431,4,,,1,100,,326432,4,,,1,100,,326433,4,,,1,100,,326434,4,,,1,100,,326435,4,,,1,110,,326436,4,,,1,200,,326437,4,,,1,205,,326438,4,,,1,205,,326439,4,,,1
9201,'20261124',409,,326440,4,,,1,25,,326441,4,,,1,97,,326442,4,,,1,95,,326445,4,,,1,100,,326446,4,,,1,100,,326448,4,,,1,100,,326449,4,,,1,100,,326450,4,,,1,100,,326451,4,,,1,100,,326452,4,,,1,100,,326453,4,,,1,100,,326454,4,,,1,100,,326455,4,,,1,100,,326456,4,,,1,100,,326457,4,,,1,110,,326458,4,,,1,200,,326459,4,,,1,205,,326460,4,,,1,205,,326461,4,,,1
9201,'20261125',409,,326462,4,,,1,25,,326463,4,,,1,97,,326464,4,,,1,95,,326467,4,,,1,100,,326468,4,,,1,100,,326470,4,,,1,100,,326471,4,,,1,100,,326472,4,,,1,100,,326473,4,,,1,100,,326474,4,,,1,100,,326475,4,,,1,100,,326476,4,,,1,100,,326477,4,,,1,100,,326478,4,,,1,100,,326479,4,,,1,110,,326480,4,,,1,200,,326481,4,,,1,205,,326482,4,,,1,205,,326483,4,,,1
9201,'20261126',409,,326484,4,,,1,25,,326485,4,,,1,97,,326486,4,,,1,95,,326489,4,,,1,100,,326490,4,,,1,100,,326492,4,,,1,100,,326493,4,,,1,100,,326494,4,,,1,100,,326495,4,,,1,100,,326496,4,,,1,100,,326497,4,,,1,100,,326498,4,,,1,100,,326499,4,,,1,100,,326500,4,,,1,100,,326501,4,,,1,110,,326502,4,,,1,200,,326503,4,,,1,205,,326504,4,,,1,205,,326505,4,,,1
9201,'20261127',409,,326506,4,,,1,25,,326507,4,,,1,97,,326508,4,,,1,95,,326511,4,,,1,100,,326512,4,,,1,100,,326514,4,,,1,100,,326515,4,,,1,100,,326516,4,,,1,100,,326517,4,,,1,100,,326518,4,,,1,100,,326519,4,,,1,100,,326520,4,,,1,100,,326521,4,,,1,100,,326522,4,,,1,100,,326523,4,,,1,110,,326524,4,,,1,200,,326525,4,,,1,205,,326526,4,,,1,205,,326527,4,,,1
