9201,'20260910',429,,324905,13,,,1,25,,324906,13,,,1,81,,324908,2,0,7 23,1,16,,324907,13,,,1,71,,324909,2,0,7 23,1,24,,324910,13,,,1,81,,324912,2,0,7 23,1,21,,324911,13,,,1,100,,324913,13,,,1,100,,324914,13,,,1,100,,324915,13,,,1,100,,324916,13,,,1,104,,324917,13,,,1,100,,324918,13,,,1,100,,324919,13,,,1,100,,324920,13,,,1,100,,324921,13,,,1,100,,324922,13,,,1,106,,324923,13,,,1,200,,324924,13,,,1,201,,324925,13,,,1,245,,324926,13,,,1
9201,'20260911',429,,324927,13,,,1,25,,324928,13,,,1,81,,324930,2,0,7 23,1,16,,324929,13,,,1,71,,324931,2,0,7 23,1,24,,324932,13,,,1,81,,324934,2,0,7 23,1,21,,324933,13,,,1,100,,324935,13,,,1,100,,324936,13,,,1,100,,324937,13,,,1,100,,324938,13,,,1,104,,324939,13,,,1,100,,324940,13,,,1,100,,324941,13,,,1,100,,324942,13,,,1,100,,324943,13,,,1,100,,324944,13,,,1,106,,324945,13,,,1,200,,324946,13,,,1,201,,324947,13,,,1,245,,324948,13,,,1
9201,'20260912',544,,324949,13,,,1,100,,324950,13,,,1,100,,324951,13,,,1,95,,324952,13,,,1,97,,324953,13,,,1,95,,324954,13,,,1,96,,324955,13,,,1,100,,324956,13,,,1,100,,324957,13,,,1,100,,324958,13,,,1,105,,324959,13,,,1,105,,324960,13,,,1,99,,324961,13,,,1,100,,324962,13,,,1,110,,324963,13,,,1,205,,324964,13,,,1,193,,324965,13,,,1
9201,'20260913',544,,324966,13,,,1,100,,324967,13,,,1,100,,324968,13,,,1,95,,324969,13,,,1,97,,324970,13,,,1,95,,324971,13,,,1,96,,324972,13,,,1,100,,324973,13,,,1,100,,324974,13,,,1,100,,324975,13,,,1,105,,324976,13,,,1,105,,324977,13,,,1,99,,324978,13,,,1,100,,324979,13,,,1,110,,324980,13,,,1,205,,324981,13,,,1,193,,324982,13,,,1
9201,'20260914',429,,324983,13,,,1,25,,324984,13,,,1,81,,324986,2,0,7 23,1,16,,324985,13,,,1,71,,324987,2,0,7 23,1,24,,324988,13,,,1,81,,324990,2,0,7 23,1,21,,324989,13,,,1,100,,324991,13,,,1,100,,324992,13,,,1,100,,324993,13,,,1,100,,324994,13,,,1,104,,324995,13,,,1,100,,324996,13,,,1,100,,324997,13,,,1,100,,324998,13,,,1,100,,324999,13,,,1,100,,325000,13,,,1,106,,325001,13,,,1,200,,325002,13,,,1,201,,325003,13,,,1,245,,325004,13,,,1
9201,'20260915',429,,325005,13,,,1,25,,325006,13,,,1,81,,325008,2,0,7 23,1,16,,325007,13,,,1,71,,325009,2,0,7 23,1,24,,325010,13,,,1,81,,325012,2,0,7 23,1,21,,325011,13,,,1,100,,325013,13,,,1,100,,325014,13,,,1,100,,325015,13,,,1,100,,325016,13,,,1,104,,325017,13,,,1,100,,325018,13,,,1,100,,325019,13,,,1,100,,325020,13,,,1,100,,325021,13,,,1,100,,325022,13,,,1,106,,325023,13,,,1,200,,325024,13,,,1,201,,325025,13,,,1,245,,325026,13,,,1
9201,'20260916',429,,325027,13,,,1,25,,325028,13,,,1,81,,325030,2,0,7 23,1,16,,325029,13,,,1,71,,325031,2,0,7 23,1,24,,325032,13,,,1,81,,325034,2,0,7 23,1,21,,325033,13,,,1,100,,325035,13,,,1,100,,325036,13,,,1,100,,325037,13,,,1,100,,325038,13,,,1,104,,325039,13,,,1,100,,325040,13,,,1,100,,325041,13,,,1,100,,325042,13,,,1,100,,325043,13,,,1,100,,325044,13,,,1,106,,325045,13,,,1,200,,325046,13,,,1,201,,325047,13,,,1,245,,325048,13,,,1
9201,'20260917',429,,325049,13,,,1,25,,325050,13,,,1,81,,325052,2,0,7 23,1,16,,325051,13,,,1,71,,325053,2,0,7 23,1,24,,325054,13,,,1,81,,325056,2,0,7 23,1,21,,325055,13,,,1,100,,325057,13,,,1,100,,325058,13,,,1,100,,325059,13,,,1,100,,325060,13,,,1,104,,325061,13,,,1,100,,325062,13,,,1,100,,325063,13,,,1,100,,325064,13,,,1,100,,325065,13,,,1,100,,325066,13,,,1,106,,325067,13,,,1,200,,325068,13,,,1,201,,325069,13,,,1,245,,325070,13,,,1
9201,'20260918',429,,325071,13,,,1,25,,325072,13,,,1,81,,325074,2,0,7 23,1,16,,325073,13,,,1,71,,325075,2,0,7 23,1,24,,325076,13,,,1,81,,325078,2,0,7 23,1,21,,325077,13,,,1,100,,325079,13,,,1,100,,325080,13,,,1,100,,325081,13,,,1,100,,325082,13,,,1,104,,325083,13,,,1,100,,325084,13,,,1,100,,325085,13,,,1,100,,325086,13,,,1,100,,325087,13,,,1,100,,325088,13,,,1,106,,325089,13,,,1,200,,325090,13,,,1,201,,325091,13,,,1,245,,325092,13,,,1
9201,'20260919',544,,325093,13,,,1,100,,325094,13,,,1,100,,325095,13,,,1,95,,325096,13,,,1,97,,325097,13,,,1,95,,325098,13,,,1,96,,325099,13,,,1,100,,325100,13,,,1,100,,325101,13,,,1,100,,325102,13,,,1,105,,325103,13,,,1,105,,325104,13,,,1,99,,325105,13,,,1,100,,325106,13,,,1,110,,325107,13,,,1,205,,325108,13,,,1,193,,325109,13,,,1
9201,'20260920',544,,325110,13,,,1,100,,325111,13,,,1,100,,325112,13,,,1,95,,325113,13,,,1,97,,325114,13,,,1,95,,325115,13,,,1,96,,325116,13,,,1,100,,325117,13,,,1,100,,325118,13,,,1,100,,325119,13,,,1,105,,325120,13,,,1,105,,325121,13,,,1,99,,325122,13,,,1,100,,325123,13,,,1,110,,325124,13,,,1,205,,325125,13,,,1,193,,325126,13,,,1
9201,'20260921',429,,325127,13,,,1,25,,325128,13,,,1,81,,325130,2,0,7 23,1,16,,325129,13,,,1,71,,325131,2,0,7 23,1,24,,325132,13,,,1,81,,325134,2,0,7 23,1,21,,325133,13,,,1,100,,325135,13,,,1,100,,325136,13,,,1,100,,325137,13,,,1,100,,325138,13,,,1,104,,325139,13,,,1,100,,325140,13,,,1,100,,325141,13,,,1,100,,325142,13,,,1,100,,325143,13,,,1,100,,325144,13,,,1,106,,325145,13,,,1,200,,325146,13,,,1,201,,325147,13,,,1,245,,325148,13,,,1
9201,'20260922',429,,325149,13,,,1,25,,325150,13,,,1,81,,325152,2,0,7 23,1,16,,325151,13,,,1,71,,325153,2,0,7 23,1,24,,325154,13,,,1,81,,325156,2,0,7 23,1,21,,325155,13,,,1,100,,325157,13,,,1,100,,325158,13,,,1,100,,325159,13,,,1,100,,325160,13,,,1,104,,325161,13,,,1,100,,325162,13,,,1,100,,325163,13,,,1,100,,325164,13,,,1,100,,325165,13,,,1,100,,325166,13,,,1,106,,325167,13,,,1,200,,325168,13,,,1,201,,325169,13,,,1,245,,325170,13,,,1
9201,'20260923',429,,325171,13,,,1,25,,325172,13,,,1,81,,325174,2,0,7 23,1,16,,325173,13,,,1,71,,325175,2,0,7 23,1,24,,325176,13,,,1,81,,325178,2,0,7 23,1,21,,325177,13,,,1,100,,325179,13,,,1,100,,325180,13,,,1,100,,325181,13,,,1,100,,325182,13,,,1,104,,325183,13,,,1,100,,325184,13,,,1,100,,325185,13,,,1,100,,325186,13,,,1,100,,325187,13,,,1,100,,325188,13,,,1,106,,325189,13,,,1,200,,325190,13,,,1,201,,325191,13,,,1,245,,325192,13,,,1
9201,'20260924',429,,325193,13,,,1,25,,325194,13,,,1,81,,325196,2,0,7 23,1,16,,325195,13,,,1,71,,325197,2,0,7 23,1,24,,325198,13,,,1,81,,325200,2,0,7 23,1,21,,325199,13,,,1,100,,325201,13,,,1,100,,325202,13,,,1,100,,325203,13,,,1,100,,325204,13,,,1,104,,325205,13,,,1,100,,325206,13,,,1,100,,325207,13,,,1,100,,325208,13,,,1,100,,325209,13,,,1,100,,325210,13,,,1,106,,325211,13,,,1,200,,325212,13,,,1,201,,325213,13,,,1,245,,325214,13,,,1
9201,'20260925',429,,325215,13,,,1,25,,325216,13,,,1,81,,325218,2,0,7 23,1,16,,325217,13,,,1,71,,325219,2,0,7 23,1,24,,325220,13,,,1,81,,325222,2,0,7 23,1,21,,325221,13,,,1,100,,325223,13,,,1,100,,325224,13,,,1,100,,325225,13,,,1,100,,325226,13,,,1,104,,325227,13,,,1,100,,325228,13,,,1,100,,325229,13,,,1,100,,325230,13,,,1,100,,325231,13,,,1,100,,325232,13,,,1,106,,325233,13,,,1,200,,325234,13,,,1,201,,325235,13,,,1,245,,325236,13,,,1
9201,'20260926',544,,325237,13,,,1,100,,325238,13,,,1,100,,325239,13,,,1,95,,325240,13,,,1,97,,325241,13,,,1,95,,325242,13,,,1,96,,325243,13,,,1,100,,325244,13,,,1,100,,325245,13,,,1,100,,325246,13,,,1,105,,325247,13,,,1,105,,325248,13,,,1,99,,325249,13,,,1,100,,325250,13,,,1,110,,325251,13,,,1,205,,325252,13,,,1,193,,325253,13,,,1
9201,'20260927',544,,325254,13,,,1,100,,325255,13,,,1,100,,325256,13,,,1,95,,325257,13,,,1,97,,325258,13,,,1,95,,325259,13,,,1,96,,325260,13,,,1,100,,325261,13,,,1,100,,325262,13,,,1,100,,325263,13,,,1,105,,325264,13,,,1,105,,325265,13,,,1,99,,325266,13,,,1,100,,325267,13,,,1,110,,325268,13,,,1,205,,325269,13,,,1,193,,325270,13,,,1
9201,'20260928',429,,325271,13,,,1,25,,325272,13,,,1,81,,325274,2,0,7 23,1,16,,325273,13,,,1,71,,325275,2,0,7 23,1,24,,325276,13,,,1,81,,325278,2,0,7 23,1,21,,325277,13,,,1,100,,325279,13,,,1,100,,325280,13,,,1,100,,325281,13,,,1,100,,325282,13,,,1,104,,325283,13,,,1,100,,325284,13,,,1,100,,325285,13,,,1,100,,325286,13,,,1,100,,325287,13,,,1,100,,325288,13,,,1,106,,325289,13,,,1,200,,325290,13,,,1,201,,325291,13,,,1,245,,325292,13,,,1
9201,'20260929',429,,325293,13,,,1,25,,325294,13,,,1,81,,325296,2,0,7 23,1,16,,325295,13,,,1,71,,325297,2,0,7 23,1,24,,325298,13,,,1,81,,325300,2,0,7 23,1,21,,325299,13,,,1,100,,325301,13,,,1,100,,325302,13,,,1,100,,325303,13,,,1,100,,325304,13,,,1,104,,325305,13,,,1,100,,325306,13,,,1,100,,325307,13,,,1,100,,325308,13,,,1,100,,325309,13,,,1,100,,325310,13,,,1,106,,325311,13,,,1,200,,325312,13,,,1,201,,325313,13,,,1,245,,325314,13,,,1
9201,'20260930',429,,325315,13,,,1,25,,325316,13,,,1,81,,325318,2,0,7 23,1,16,,325317,13,,,1,71,,325319,2,0,7 23,1,24,,325320,13,,,1,81,,325322,2,0,7 23,1,21,,325321,13,,,1,100,,325323,13,,,1,100,,325324,13,,,1,100,,325325,13,,,1,100,,325326,13,,,1,104,,325327,13,,,1,100,,325328,13,,,1,100,,325329,13,,,1,100,,325330,13,,,1,100,,325331,13,,,1,100,,325332,13,,,1,106,,325333,13,,,1,200,,325334,13,,,1,201,,325335,13,,,1,245,,325336,13,,,1
9201,'20261001',429,,325337,13,,,1,25,,325338,13,,,1,81,,325340,2,0,7 23,1,16,,325339,13,,,1,71,,325341,2,0,7 23,1,24,,325342,13,,,1,81,,325344,2,0,7 23,1,21,,325343,13,,,1,100,,325345,13,,,1,100,,325346,13,,,1,100,,325347,13,,,1,100,,325348,13,,,1,104,,325349,13,,,1,100,,325350,13,,,1,100,,325351,13,,,1,100,,325352,13,,,1,100,,325353,13,,,1,100,,325354,13,,,1,106,,325355,13,,,1,200,,325356,13,,,1,201,,325357,13,,,1,245,,325358,13,,,1
9201,'20261002',429,,325359,13,,,1,25,,325360,13,,,1,81,,325362,2,0,7 23,1,16,,325361,13,,,1,71,,325363,2,0,7 23,1,24,,325364,13,,,1,81,,325366,2,0,7 23,1,21,,325365,13,,,1,100,,325367,13,,,1,100,,325368,13,,,1,100,,325369,13,,,1,100,,325370,13,,,1,104,,325371,13,,,1,100,,325372,13,,,1,100,,325373,13,,,1,100,,325374,13,,,1,100,,325375,13,,,1,100,,325376,13,,,1,106,,325377,13,,,1,200,,325378,13,,,1,201,,325379,13,,,1,245,,325380,13,,,1
9201,'20261003',544,,325381,13,,,1,100,,325382,13,,,1,100,,325383,13,,,1,95,,325384,13,,,1,97,,325385,13,,,1,95,,325386,13,,,1,96,,325387,13,,,1,100,,325388,13,,,1,100,,325389,13,,,1,100,,325390,13,,,1,105,,325391,13,,,1,105,,325392,13,,,1,99,,325393,13,,,1,100,,325394,13,,,1,110,,325395,13,,,1,205,,325396,13,,,1,193,,325397,13,,,1
9201,'20261004',544,,325398,13,,,1,100,,325399,13,,,1,100,,325400,13,,,1,95,,325401,13,,,1,97,,325402,13,,,1,95,,325403,13,,,1,96,,325404,13,,,1,100,,325405,13,,,1,100,,325406,13,,,1,100,,325407,13,,,1,105,,325408,13,,,1,105,,325409,13,,,1,99,,325410,13,,,1,100,,325411,13,,,1,110,,325412,13,,,1,205,,325413,13,,,1,193,,325414,13,,,1
9201,'20261005',429,,325415,13,,,1,25,,325416,13,,,1,81,,325418,2,0,7 23,1,16,,325417,13,,,1,71,,325419,2,0,7 23,1,24,,325420,13,,,1,81,,325422,2,0,7 23,1,21,,325421,13,,,1,100,,325423,13,,,1,100,,325424,13,,,1,100,,325425,13,,,1,100,,325426,13,,,1,104,,325427,13,,,1,100,,325428,13,,,1,100,,325429,13,,,1,100,,325430,13,,,1,100,,325431,13,,,1,100,,325432,13,,,1,106,,325433,13,,,1,200,,325434,13,,,1,201,,325435,13,,,1,245,,325436,13,,,1
9201,'20261006',429,,325437,13,,,1,25,,325438,13,,,1,81,,325440,2,0,7 23,1,16,,325439,13,,,1,71,,325441,2,0,7 23,1,24,,325442,13,,,1,81,,325444,2,0,7 23,1,21,,325443,13,,,1,100,,325445,13,,,1,100,,325446,13,,,1,100,,325447,13,,,1,100,,325448,13,,,1,104,,325449,13,,,1,100,,325450,13,,,1,100,,325451,13,,,1,100,,325452,13,,,1,100,,325453,13,,,1,100,,325454,13,,,1,106,,325455,13,,,1,200,,325456,13,,,1,201,,325457,13,,,1,245,,325458,13,,,1
9201,'20261007',429,,325459,13,,,1,25,,325460,13,,,1,81,,325462,2,0,7 23,1,16,,325461,13,,,1,71,,325463,2,0,7 23,1,24,,325464,13,,,1,81,,325466,2,0,7 23,1,21,,325465,13,,,1,100,,325467,13,,,1,100,,325468,13,,,1,100,,325469,13,,,1,100,,325470,13,,,1,104,,325471,13,,,1,100,,325472,13,,,1,100,,325473,13,,,1,100,,325474,13,,,1,100,,325475,13,,,1,100,,325476,13,,,1,106,,325477,13,,,1,200,,325478,13,,,1,201,,325479,13,,,1,245,,325480,13,,,1
9201,'20261008',429,,325481,13,,,1,25,,325482,13,,,1,81,,325484,2,0,7 23,1,16,,325483,13,,,1,71,,325485,2,0,7 23,1,24,,325486,13,,,1,81,,325488,2,0,7 23,1,21,,325487,13,,,1,100,,325489,13,,,1,100,,325490,13,,,1,100,,325491,13,,,1,100,,325492,13,,,1,104,,325493,13,,,1,100,,325494,13,,,1,100,,325495,13,,,1,100,,325496,13,,,1,100,,325497,13,,,1,100,,325498,13,,,1,106,,325499,13,,,1,200,,325500,13,,,1,201,,325501,13,,,1,245,,325502,13,,,1
9201,'20261009',429,,325503,13,,,1,25,,325504,13,,,1,81,,325506,2,0,7 23,1,16,,325505,13,,,1,71,,325507,2,0,7 23,1,24,,325508,13,,,1,81,,325510,2,0,7 23,1,21,,325509,13,,,1,100,,325511,13,,,1,100,,325512,13,,,1,100,,325513,13,,,1,100,,325514,13,,,1,104,,325515,13,,,1,100,,325516,13,,,1,100,,325517,13,,,1,100,,325518,13,,,1,100,,325519,13,,,1,100,,325520,13,,,1,106,,325521,13,,,1,200,,325522,13,,,1,201,,325523,13,,,1,245,,325524,13,,,1
9201,'20261010',544,,325525,13,,,1,100,,325526,13,,,1,100,,325527,13,,,1,95,,325528,13,,,1,97,,325529,13,,,1,95,,325530,13,,,1,96,,325531,13,,,1,100,,325532,13,,,1,100,,325533,13,,,1,100,,325534,13,,,1,105,,325535,13,,,1,105,,325536,13,,,1,99,,325537,13,,,1,100,,325538,13,,,1,110,,325539,13,,,1,205,,325540,13,,,1,193,,325541,13,,,1
9201,'20261011',544,,325542,13,,,1,100,,325543,13,,,1,100,,325544,13,,,1,95,,325545,13,,,1,97,,325546,13,,,1,95,,325547,13,,,1,96,,325548,13,,,1,100,,325549,13,,,1,100,,325550,13,,,1,100,,325551,13,,,1,105,,325552,13,,,1,105,,325553,13,,,1,99,,325554,13,,,1,100,,325555,13,,,1,110,,325556,13,,,1,205,,325557,13,,,1,193,,325558,13,,,1
9201,'20261012',544,,325559,13,,,1,100,,325560,13,,,1,100,,325561,13,,,1,95,,325562,13,,,1,97,,325563,13,,,1,95,,325564,13,,,1,96,,325565,13,,,1,100,,325566,13,,,1,100,,325567,13,,,1,100,,325568,13,,,1,105,,325569,13,,,1,105,,325570,13,,,1,99,,325571,13,,,1,100,,325572,13,,,1,110,,325573,13,,,1,205,,325574,13,,,1,193,,325575,13,,,1
9201,'20261013',429,,325576,13,,,1,25,,325577,13,,,1,81,,325579,2,0,7 23,1,16,,325578,13,,,1,71,,325580,2,0,7 23,1,24,,325581,13,,,1,81,,325583,2,0,7 23,1,21,,325582,13,,,1,100,,325584,13,,,1,100,,325585,13,,,1,100,,325586,13,,,1,100,,325587,13,,,1,104,,325588,13,,,1,100,,325589,13,,,1,100,,325590,13,,,1,100,,325591,13,,,1,100,,325592,13,,,1,100,,325593,13,,,1,106,,325594,13,,,1,200,,325595,13,,,1,201,,325596,13,,,1,245,,325597,13,,,1
9201,'20261014',429,,325598,13,,,1,25,,325599,13,,,1,81,,325601,2,0,7 23,1,16,,325600,13,,,1,71,,325602,2,0,7 23,1,24,,325603,13,,,1,81,,325605,2,0,7 23,1,21,,325604,13,,,1,100,,325606,13,,,1,100,,325607,13,,,1,100,,325608,13,,,1,100,,325609,13,,,1,104,,325610,13,,,1,100,,325611,13,,,1,100,,325612,13,,,1,100,,325613,13,,,1,100,,325614,13,,,1,100,,325615,13,,,1,106,,325616,13,,,1,200,,325617,13,,,1,201,,325618,13,,,1,245,,325619,13,,,1
9201,'20261015',429,,325620,13,,,1,25,,325621,13,,,1,81,,325623,2,0,7 23,1,16,,325622,13,,,1,71,,325624,2,0,7 23,1,24,,325625,13,,,1,81,,325627,2,0,7 23,1,21,,325626,13,,,1,100,,325628,13,,,1,100,,325629,13,,,1,100,,325630,13,,,1,100,,325631,13,,,1,104,,325632,13,,,1,100,,325633,13,,,1,100,,325634,13,,,1,100,,325635,13,,,1,100,,325636,13,,,1,100,,325637,13,,,1,106,,325638,13,,,1,200,,325639,13,,,1,201,,325640,13,,,1,245,,325641,13,,,1
9201,'20261016',429,,325642,13,,,1,25,,325643,13,,,1,81,,325645,2,0,7 23,1,16,,325644,13,,,1,71,,325646,2,0,7 23,1,24,,325647,13,,,1,81,,325649,2,0,7 23,1,21,,325648,13,,,1,100,,325650,13,,,1,100,,325651,13,,,1,100,,325652,13,,,1,100,,325653,13,,,1,104,,325654,13,,,1,100,,325655,13,,,1,100,,325656,13,,,1,100,,325657,13,,,1,100,,325658,13,,,1,100,,325659,13,,,1,106,,325660,13,,,1,200,,325661,13,,,1,201,,325662,13,,,1,245,,325663,13,,,1
9201,'20261017',544,,325664,13,,,1,100,,325665,13,,,1,100,,325666,13,,,1,95,,325667,13,,,1,97,,325668,13,,,1,95,,325669,13,,,1,96,,325670,13,,,1,100,,325671,13,,,1,100,,325672,13,,,1,100,,325673,13,,,1,105,,325674,13,,,1,105,,325675,13,,,1,99,,325676,13,,,1,100,,325677,13,,,1,110,,325678,13,,,1,205,,325679,13,,,1,193,,325680,13,,,1
9201,'20261018',544,,325681,13,,,1,100,,325682,13,,,1,100,,325683,13,,,1,95,,325684,13,,,1,97,,325685,13,,,1,95,,325686,13,,,1,96,,325687,13,,,1,100,,325688,13,,,1,100,,325689,13,,,1,100,,325690,13,,,1,105,,325691,13,,,1,105,,325692,13,,,1,99,,325693,13,,,1,100,,325694,13,,,1,110,,325695,13,,,1,205,,325696,13,,,1,193,,325697,13,,,1
9201,'20261019',429,,325698,13,,,1,25,,325699,13,,,1,81,,325701,2,0,7 23,1,16,,325700,13,,,1,71,,325702,2,0,7 23,1,24,,325703,13,,,1,81,,325705,2,0,7 23,1,21,,325704,13,,,1,100,,325706,13,,,1,100,,325707,13,,,1,100,,325708,13,,,1,100,,325709,13,,,1,104,,325710,13,,,1,100,,325711,13,,,1,100,,325712,13,,,1,100,,325713,13,,,1,100,,325714,13,,,1,100,,325715,13,,,1,106,,325716,13,,,1,200,,325717,13,,,1,201,,325718,13,,,1,245,,325719,13,,,1
9201,'20261020',429,,325720,13,,,1,25,,325721,13,,,1,81,,325723,2,0,7 23,1,16,,325722,13,,,1,71,,325724,2,0,7 23,1,24,,325725,13,,,1,81,,325727,2,0,7 23,1,21,,325726,13,,,1,100,,325728,13,,,1,100,,325729,13,,,1,100,,325730,13,,,1,100,,325731,13,,,1,104,,325732,13,,,1,100,,325733,13,,,1,100,,325734,13,,,1,100,,325735,13,,,1,100,,325736,13,,,1,100,,325737,13,,,1,106,,325738,13,,,1,200,,325739,13,,,1,201,,325740,13,,,1,245,,325741,13,,,1
9201,'20261021',429,,325742,13,,,1,25,,325743,13,,,1,81,,325745,2,0,7 23,1,16,,325744,13,,,1,71,,325746,2,0,7 23,1,24,,325747,13,,,1,81,,325749,2,0,7 23,1,21,,325748,13,,,1,100,,325750,13,,,1,100,,325751,13,,,1,100,,325752,13,,,1,100,,325753,13,,,1,104,,325754,13,,,1,100,,325755,13,,,1,100,,325756,13,,,1,100,,325757,13,,,1,100,,325758,13,,,1,100,,325759,13,,,1,106,,325760,13,,,1,200,,325761,13,,,1,201,,325762,13,,,1,245,,325763,13,,,1
9201,'20261022',429,,325764,13,,,1,25,,325765,13,,,1,81,,325767,2,0,7 23,1,16,,325766,13,,,1,71,,325768,2,0,7 23,1,24,,325769,13,,,1,81,,325771,2,0,7 23,1,21,,325770,13,,,1,100,,325772,13,,,1,100,,325773,13,,,1,100,,325774,13,,,1,100,,325775,13,,,1,104,,325776,13,,,1,100,,325777,13,,,1,100,,325778,13,,,1,100,,325779,13,,,1,100,,325780,13,,,1,100,,325781,13,,,1,106,,325782,13,,,1,200,,325783,13,,,1,201,,325784,13,,,1,245,,325785,13,,,1
9201,'20261023',429,,325786,13,,,1,25,,325787,13,,,1,81,,325789,2,0,7 23,1,16,,325788,13,,,1,71,,325790,2,0,7 23,1,24,,325791,13,,,1,81,,325793,2,0,7 23,1,21,,325792,13,,,1,100,,325794,13,,,1,100,,325795,13,,,1,100,,325796,13,,,1,100,,325797,13,,,1,104,,325798,13,,,1,100,,325799,13,,,1,100,,325800,13,,,1,100,,325801,13,,,1,100,,325802,13,,,1,100,,325803,13,,,1,106,,325804,13,,,1,200,,325805,13,,,1,201,,325806,13,,,1,245,,325807,13,,,1
9201,'20261024',544,,325808,13,,,1,100,,325809,13,,,1,100,,325810,13,,,1,95,,325811,13,,,1,97,,325812,13,,,1,95,,325813,13,,,1,96,,325814,13,,,1,100,,325815,13,,,1,100,,325816,13,,,1,100,,325817,13,,,1,105,,325818,13,,,1,105,,325819,13,,,1,99,,325820,13,,,1,100,,325821,13,,,1,110,,325822,13,,,1,205,,325823,13,,,1,193,,325824,13,,,1
9201,'20261025',544,,325825,13,,,1,100,,325826,13,,,1,100,,325827,13,,,1,95,,325828,13,,,1,97,,325829,13,,,1,95,,325830,13,,,1,96,,325831,13,,,1,100,,325832,13,,,1,100,,325833,13,,,1,100,,325834,13,,,1,105,,325835,13,,,1,105,,325836,13,,,1,99,,325837,13,,,1,100,,325838,13,,,1,110,,325839,13,,,1,205,,325840,13,,,1,193,,325841,13,,,1
9201,'20261026',429,,325842,13,,,1,25,,325843,13,,,1,81,,325845,2,0,7 23,1,16,,325844,13,,,1,71,,325846,2,0,7 23,1,24,,325847,13,,,1,81,,325849,2,0,7 23,1,21,,325848,13,,,1,100,,325850,13,,,1,100,,325851,13,,,1,100,,325852,13,,,1,100,,325853,13,,,1,104,,325854,13,,,1,100,,325855,13,,,1,100,,325856,13,,,1,100,,325857,13,,,1,100,,325858,13,,,1,100,,325859,13,,,1,106,,325860,13,,,1,200,,325861,13,,,1,201,,325862,13,,,1,245,,325863,13,,,1
9201,'20261027',429,,325864,13,,,1,25,,325865,13,,,1,81,,325867,2,0,7 23,1,16,,325866,13,,,1,71,,325868,2,0,7 23,1,24,,325869,13,,,1,81,,325871,2,0,7 23,1,21,,325870,13,,,1,100,,325872,13,,,1,100,,325873,13,,,1,100,,325874,13,,,1,100,,325875,13,,,1,104,,325876,13,,,1,100,,325877,13,,,1,100,,325878,13,,,1,100,,325879,13,,,1,100,,325880,13,,,1,100,,325881,13,,,1,106,,325882,13,,,1,200,,325883,13,,,1,201,,325884,13,,,1,245,,325885,13,,,1
9201,'20261028',429,,325886,13,,,1,25,,325887,13,,,1,81,,325889,2,0,7 23,1,16,,325888,13,,,1,71,,325890,2,0,7 23,1,24,,325891,13,,,1,81,,325893,2,0,7 23,1,21,,325892,13,,,1,100,,325894,13,,,1,100,,325895,13,,,1,100,,325896,13,,,1,100,,325897,13,,,1,104,,325898,13,,,1,100,,325899,13,,,1,100,,325900,13,,,1,100,,325901,13,,,1,100,,325902,13,,,1,100,,325903,13,,,1,106,,325904,13,,,1,200,,325905,13,,,1,201,,325906,13,,,1,245,,325907,13,,,1
9201,'20261029',429,,325908,13,,,1,25,,325909,13,,,1,81,,325911,2,0,7 23,1,16,,325910,13,,,1,71,,325912,2,0,7 23,1,24,,325913,13,,,1,81,,325915,2,0,7 23,1,21,,325914,13,,,1,100,,325916,13,,,1,100,,325917,13,,,1,100,,325918,13,,,1,100,,325919,13,,,1,104,,325920,13,,,1,100,,325921,13,,,1,100,,325922,13,,,1,100,,325923,13,,,1,100,,325924,13,,,1,100,,325925,13,,,1,106,,325926,13,,,1,200,,325927,13,,,1,201,,325928,13,,,1,245,,325929,13,,,1
9201,'20261030',429,,325930,13,,,1,25,,325931,13,,,1,81,,325933,2,0,7 23,1,16,,325932,13,,,1,71,,325934,2,0,7 23,1,24,,325935,13,,,1,81,,325937,2,0,7 23,1,21,,325936,13,,,1,100,,325938,13,,,1,100,,325939,13,,,1,100,,325940,13,,,1,100,,325941,13,,,1,104,,325942,13,,,1,100,,325943,13,,,1,100,,325944,13,,,1,100,,325945,13,,,1,100,,325946,13,,,1,100,,325947,13,,,1,106,,325948,13,,,1,200,,325949,13,,,1,201,,325950,13,,,1,245,,325951,13,,,1
9201,'20261031',544,,325952,13,,,1,100,,325953,13,,,1,100,,325954,13,,,1,95,,325955,13,,,1,97,,325956,13,,,1,95,,325957,13,,,1,96,,325958,13,,,1,100,,325959,13,,,1,100,,325960,13,,,1,100,,325961,13,,,1,105,,325962,13,,,1,105,,325963,13,,,1,99,,325964,13,,,1,100,,325965,13,,,1,110,,325966,13,,,1,205,,325967,13,,,1,193,,325968,13,,,1
9201,'20261101',544,,325969,13,,,1,100,,325970,13,,,1,100,,325971,13,,,1,95,,325972,13,,,1,97,,325973,13,,,1,95,,325974,13,,,1,96,,325975,13,,,1,100,,325976,13,,,1,100,,325977,13,,,1,100,,325978,13,,,1,105,,325979,13,,,1,105,,325980,13,,,1,99,,325981,13,,,1,100,,325982,13,,,1,110,,325983,13,,,1,205,,325984,13,,,1,193,,325985,13,,,1
9201,'20261102',429,,325986,13,,,1,25,,325987,13,,,1,81,,325989,2,0,7 23,1,16,,325988,13,,,1,71,,325990,2,0,7 23,1,24,,325991,13,,,1,81,,325993,2,0,7 23,1,21,,325992,13,,,1,100,,325994,13,,,1,100,,325995,13,,,1,100,,325996,13,,,1,100,,325997,13,,,1,104,,325998,13,,,1,100,,325999,13,,,1,100,,326000,13,,,1,100,,326001,13,,,1,100,,326002,13,,,1,100,,326003,13,,,1,106,,326004,13,,,1,200,,326005,13,,,1,201,,326006,13,,,1,245,,326007,13,,,1
9201,'20261103',429,,326008,13,,,1,25,,326009,13,,,1,81,,326011,2,0,7 23,1,16,,326010,13,,,1,71,,326012,2,0,7 23,1,24,,326013,13,,,1,81,,326015,2,0,7 23,1,21,,326014,13,,,1,100,,326016,13,,,1,100,,326017,13,,,1,100,,326018,13,,,1,100,,326019,13,,,1,104,,326020,13,,,1,100,,326021,13,,,1,100,,326022,13,,,1,100,,326023,13,,,1,100,,326024,13,,,1,100,,326025,13,,,1,106,,326026,13,,,1,200,,326027,13,,,1,201,,326028,13,,,1,245,,326029,13,,,1
9201,'20261104',429,,326030,13,,,1,25,,326031,13,,,1,81,,326033,2,0,7 23,1,16,,326032,13,,,1,71,,326034,2,0,7 23,1,24,,326035,13,,,1,81,,326037,2,0,7 23,1,21,,326036,13,,,1,100,,326038,13,,,1,100,,326039,13,,,1,100,,326040,13,,,1,100,,326041,13,,,1,104,,326042,13,,,1,100,,326043,13,,,1,100,,326044,13,,,1,100,,326045,13,,,1,100,,326046,13,,,1,100,,326047,13,,,1,106,,326048,13,,,1,200,,326049,13,,,1,201,,326050,13,,,1,245,,326051,13,,,1
9201,'20261105',429,,326052,13,,,1,25,,326053,13,,,1,81,,326055,2,0,7 23,1,16,,326054,13,,,1,71,,326056,2,0,7 23,1,24,,326057,13,,,1,81,,326059,2,0,7 23,1,21,,326058,13,,,1,100,,326060,13,,,1,100,,326061,13,,,1,100,,326062,13,,,1,100,,326063,13,,,1,104,,326064,13,,,1,100,,326065,13,,,1,100,,326066,13,,,1,100,,326067,13,,,1,100,,326068,13,,,1,100,,326069,13,,,1,106,,326070,13,,,1,200,,326071,13,,,1,201,,326072,13,,,1,245,,326073,13,,,1
9201,'20261106',429,,326074,13,,,1,25,,326075,13,,,1,81,,326077,2,0,7 23,1,16,,326076,13,,,1,71,,326078,2,0,7 23,1,24,,326079,13,,,1,81,,326081,2,0,7 23,1,21,,326080,13,,,1,100,,326082,13,,,1,100,,326083,13,,,1,100,,326084,13,,,1,100,,326085,13,,,1,104,,326086,13,,,1,100,,326087,13,,,1,100,,326088,13,,,1,100,,326089,13,,,1,100,,326090,13,,,1,100,,326091,13,,,1,106,,326092,13,,,1,200,,326093,13,,,1,201,,326094,13,,,1,245,,326095,13,,,1
9201,'20261107',544,,326096,13,,,1,100,,326097,13,,,1,100,,326098,13,,,1,95,,326099,13,,,1,97,,326100,13,,,1,95,,326101,13,,,1,96,,326102,13,,,1,100,,326103,13,,,1,100,,326104,13,,,1,100,,326105,13,,,1,105,,326106,13,,,1,105,,326107,13,,,1,99,,326108,13,,,1,100,,326109,13,,,1,110,,326110,13,,,1,205,,326111,13,,,1,193,,326112,13,,,1
9201,'20261108',544,,326113,13,,,1,100,,326114,13,,,1,100,,326115,13,,,1,95,,326116,13,,,1,97,,326117,13,,,1,95,,326118,13,,,1,96,,326119,13,,,1,100,,326120,13,,,1,100,,326121,13,,,1,100,,326122,13,,,1,105,,326123,13,,,1,105,,326124,13,,,1,99,,326125,13,,,1,100,,326126,13,,,1,110,,326127,13,,,1,205,,326128,13,,,1,193,,326129,13,,,1
9201,'20261109',429,,326130,13,,,1,25,,326131,13,,,1,81,,326133,2,0,7 23,1,16,,326132,13,,,1,71,,326134,2,0,7 23,1,24,,326135,13,,,1,81,,326137,2,0,7 23,1,21,,326136,13,,,1,100,,326138,13,,,1,100,,326139,13,,,1,100,,326140,13,,,1,100,,326141,13,,,1,104,,326142,13,,,1,100,,326143,13,,,1,100,,326144,13,,,1,100,,326145,13,,,1,100,,326146,13,,,1,100,,326147,13,,,1,106,,326148,13,,,1,200,,326149,13,,,1,201,,326150,13,,,1,245,,326151,13,,,1
9201,'20261110',429,,326152,13,,,1,25,,326153,13,,,1,81,,326155,2,0,7 23,1,16,,326154,13,,,1,71,,326156,2,0,7 23,1,24,,326157,13,,,1,81,,326159,2,0,7 23,1,21,,326158,13,,,1,100,,326160,13,,,1,100,,326161,13,,,1,100,,326162,13,,,1,100,,326163,13,,,1,104,,326164,13,,,1,100,,326165,13,,,1,100,,326166,13,,,1,100,,326167,13,,,1,100,,326168,13,,,1,100,,326169,13,,,1,106,,326170,13,,,1,200,,326171,13,,,1,201,,326172,13,,,1,245,,326173,13,,,1
9201,'20261111',429,,326174,13,,,1,25,,326175,13,,,1,81,,326177,2,0,7 23,1,16,,326176,13,,,1,71,,326178,2,0,7 23,1,24,,326179,13,,,1,81,,326181,2,0,7 23,1,21,,326180,13,,,1,100,,326182,13,,,1,100,,326183,13,,,1,100,,326184,13,,,1,100,,326185,13,,,1,104,,326186,13,,,1,100,,326187,13,,,1,100,,326188,13,,,1,100,,326189,13,,,1,100,,326190,13,,,1,100,,326191,13,,,1,106,,326192,13,,,1,200,,326193,13,,,1,201,,326194,13,,,1,245,,326195,13,,,1
9201,'20261112',429,,326196,13,,,1,25,,326197,13,,,1,81,,326199,2,0,7 23,1,16,,326198,13,,,1,71,,326200,2,0,7 23,1,24,,326201,13,,,1,81,,326203,2,0,7 23,1,21,,326202,13,,,1,100,,326204,13,,,1,100,,326205,13,,,1,100,,326206,13,,,1,100,,326207,13,,,1,104,,326208,13,,,1,100,,326209,13,,,1,100,,326210,13,,,1,100,,326211,13,,,1,100,,326212,13,,,1,100,,326213,13,,,1,106,,326214,13,,,1,200,,326215,13,,,1,201,,326216,13,,,1,245,,326217,13,,,1
9201,'20261113',429,,326218,13,,,1,25,,326219,13,,,1,81,,326221,2,0,7 23,1,16,,326220,13,,,1,71,,326222,2,0,7 23,1,24,,326223,13,,,1,81,,326225,2,0,7 23,1,21,,326224,13,,,1,100,,326226,13,,,1,100,,326227,13,,,1,100,,326228,13,,,1,100,,326229,13,,,1,104,,326230,13,,,1,100,,326231,13,,,1,100,,326232,13,,,1,100,,326233,13,,,1,100,,326234,13,,,1,100,,326235,13,,,1,106,,326236,13,,,1,200,,326237,13,,,1,201,,326238,13,,,1,245,,326239,13,,,1
9201,'20261114',544,,326240,13,,,1,100,,326241,13,,,1,100,,326242,13,,,1,95,,326243,13,,,1,97,,326244,13,,,1,95,,326245,13,,,1,96,,326246,13,,,1,100,,326247,13,,,1,100,,326248,13,,,1,100,,326249,13,,,1,105,,326250,13,,,1,105,,326251,13,,,1,99,,326252,13,,,1,100,,326253,13,,,1,110,,326254,13,,,1,205,,326255,13,,,1,193,,326256,13,,,1
9201,'20261115',544,,326257,13,,,1,100,,326258,13,,,1,100,,326259,13,,,1,95,,326260,13,,,1,97,,326261,13,,,1,95,,326262,13,,,1,96,,326263,13,,,1,100,,326264,13,,,1,100,,326265,13,,,1,100,,326266,13,,,1,105,,326267,13,,,1,105,,326268,13,,,1,99,,326269,13,,,1,100,,326270,13,,,1,110,,326271,13,,,1,205,,326272,13,,,1,193,,326273,13,,,1
9201,'20261116',429,,326274,13,,,1,25,,326275,13,,,1,81,,326277,2,0,7 23,1,16,,326276,13,,,1,71,,326278,2,0,7 23,1,24,,326279,13,,,1,81,,326281,2,0,7 23,1,21,,326280,13,,,1,100,,326282,13,,,1,100,,326283,13,,,1,100,,326284,13,,,1,100,,326285,13,,,1,104,,326286,13,,,1,100,,326287,13,,,1,100,,326288,13,,,1,100,,326289,13,,,1,100,,326290,13,,,1,100,,326291,13,,,1,106,,326292,13,,,1,200,,326293,13,,,1,201,,326294,13,,,1,245,,326295,13,,,1
9201,'20261117',429,,326296,13,,,1,25,,326297,13,,,1,81,,326299,2,0,7 23,1,16,,326298,13,,,1,71,,326300,2,0,7 23,1,24,,326301,13,,,1,81,,326303,2,0,7 23,1,21,,326302,13,,,1,100,,326304,13,,,1,100,,326305,13,,,1,100,,326306,13,,,1,100,,326307,13,,,1,104,,326308,13,,,1,100,,326309,13,,,1,100,,326310,13,,,1,100,,326311,13,,,1,100,,326312,13,,,1,100,,326313,13,,,1,106,,326314,13,,,1,200,,326315,13,,,1,201,,326316,13,,,1,245,,326317,13,,,1
9201,'20261118',429,,326318,13,,,1,25,,326319,13,,,1,81,,326321,2,0,7 23,1,16,,326320,13,,,1,71,,326322,2,0,7 23,1,24,,326323,13,,,1,81,,326325,2,0,7 23,1,21,,326324,13,,,1,100,,326326,13,,,1,100,,326327,13,,,1,100,,326328,13,,,1,100,,326329,13,,,1,104,,326330,13,,,1,100,,326331,13,,,1,100,,326332,13,,,1,100,,326333,13,,,1,100,,326334,13,,,1,100,,326335,13,,,1,106,,326336,13,,,1,200,,326337,13,,,1,201,,326338,13,,,1,245,,326339,13,,,1
9201,'20261119',429,,326340,13,,,1,25,,326341,13,,,1,81,,326343,2,0,7 23,1,16,,326342,13,,,1,71,,326344,2,0,7 23,1,24,,326345,13,,,1,81,,326347,2,0,7 23,1,21,,326346,13,,,1,100,,326348,13,,,1,100,,326349,13,,,1,100,,326350,13,,,1,100,,326351,13,,,1,104,,326352,13,,,1,100,,326353,13,,,1,100,,326354,13,,,1,100,,326355,13,,,1,100,,326356,13,,,1,100,,326357,13,,,1,106,,326358,13,,,1,200,,326359,13,,,1,201,,326360,13,,,1,245,,326361,13,,,1
9201,'20261120',429,,326362,13,,,1,25,,326363,13,,,1,81,,326365,2,0,7 23,1,16,,326364,13,,,1,71,,326366,2,0,7 23,1,24,,326367,13,,,1,81,,326369,2,0,7 23,1,21,,326368,13,,,1,100,,326370,13,,,1,100,,326371,13,,,1,100,,326372,13,,,1,100,,326373,13,,,1,104,,326374,13,,,1,100,,326375,13,,,1,100,,326376,13,,,1,100,,326377,13,,,1,100,,326378,13,,,1,100,,326379,13,,,1,106,,326380,13,,,1,200,,326381,13,,,1,201,,326382,13,,,1,245,,326383,13,,,1
9201,'20261121',544,,326384,13,,,1,100,,326385,13,,,1,100,,326386,13,,,1,95,,326387,13,,,1,97,,326388,13,,,1,95,,326389,13,,,1,96,,326390,13,,,1,100,,326391,13,,,1,100,,326392,13,,,1,100,,326393,13,,,1,105,,326394,13,,,1,105,,326395,13,,,1,99,,326396,13,,,1,100,,326397,13,,,1,110,,326398,13,,,1,205,,326399,13,,,1,193,,326400,13,,,1
9201,'20261122',544,,326401,13,,,1,100,,326402,13,,,1,100,,326403,13,,,1,95,,326404,13,,,1,97,,326405,13,,,1,95,,326406,13,,,1,96,,326407,13,,,1,100,,326408,13,,,1,100,,326409,13,,,1,100,,326410,13,,,1,105,,326411,13,,,1,105,,326412,13,,,1,99,,326413,13,,,1,100,,326414,13,,,1,110,,326415,13,,,1,205,,326416,13,,,1,193,,326417,13,,,1
9201,'20261123',429,,326418,13,,,1,25,,326419,13,,,1,81,,326421,2,0,7 23,1,16,,326420,13,,,1,71,,326422,2,0,7 23,1,24,,326423,13,,,1,81,,326425,2,0,7 23,1,21,,326424,13,,,1,100,,326426,13,,,1,100,,326427,13,,,1,100,,326428,13,,,1,100,,326429,13,,,1,104,,326430,13,,,1,100,,326431,13,,,1,100,,326432,13,,,1,100,,326433,13,,,1,100,,326434,13,,,1,100,,326435,13,,,1,106,,326436,13,,,1,200,,326437,13,,,1,201,,326438,13,,,1,245,,326439,13,,,1
9201,'20261124',429,,326440,13,,,1,25,,326441,13,,,1,81,,326443,2,0,7 23,1,16,,326442,13,,,1,71,,326444,2,0,7 23,1,24,,326445,13,,,1,81,,326447,2,0,7 23,1,21,,326446,13,,,1,100,,326448,13,,,1,100,,326449,13,,,1,100,,326450,13,,,1,100,,326451,13,,,1,104,,326452,13,,,1,100,,326453,13,,,1,100,,326454,13,,,1,100,,326455,13,,,1,100,,326456,13,,,1,100,,326457,13,,,1,106,,326458,13,,,1,200,,326459,13,,,1,201,,326460,13,,,1,245,,326461,13,,,1
9201,'20261125',429,,326462,13,,,1,25,,326463,13,,,1,81,,326465,2,0,7 23,1,16,,326464,13,,,1,71,,326466,2,0,7 23,1,24,,326467,13,,,1,81,,326469,2,0,7 23,1,21,,326468,13,,,1,100,,326470,13,,,1,100,,326471,13,,,1,100,,326472,13,,,1,100,,326473,13,,,1,104,,326474,13,,,1,100,,326475,13,,,1,100,,326476,13,,,1,100,,326477,13,,,1,100,,326478,13,,,1,100,,326479,13,,,1,106,,326480,13,,,1,200,,326481,13,,,1,201,,326482,13,,,1,245,,326483,13,,,1
9201,'20261126',429,,326484,13,,,1,25,,326485,13,,,1,81,,326487,2,0,7 23,1,16,,326486,13,,,1,71,,326488,2,0,7 23,1,24,,326489,13,,,1,81,,326491,2,0,7 23,1,21,,326490,13,,,1,100,,326492,13,,,1,100,,326493,13,,,1,100,,326494,13,,,1,100,,326495,13,,,1,104,,326496,13,,,1,100,,326497,13,,,1,100,,326498,13,,,1,100,,326499,13,,,1,100,,326500,13,,,1,100,,326501,13,,,1,106,,326502,13,,,1,200,,326503,13,,,1,201,,326504,13,,,1,245,,326505,13,,,1
9201,'20261127',429,,326506,13,,,1,25,,326507,13,,,1,81,,326509,2,0,7 23,1,16,,326508,13,,,1,71,,326510,2,0,7 23,1,24,,326511,13,,,1,81,,326513,2,0,7 23,1,21,,326512,13,,,1,100,,326514,13,,,1,100,,326515,13,,,1,100,,326516,13,,,1,100,,326517,13,,,1,104,,326518,13,,,1,100,,326519,13,,,1,100,,326520,13,,,1,100,,326521,13,,,1,100,,326522,13,,,1,100,,326523,13,,,1,106,,326524,13,,,1,200,,326525,13,,,1,201,,326526,13,,,1,245,,326527,13,,,1
