3801,'20260831',512,,176757,3,,,1,100,,176758,3,,,1
3801,'20260901',512,,176759,3,,,1,100,,176760,3,,,1
3801,'20260902',512,,176761,3,,,1,100,,176762,3,,,1
3801,'20260903',512,,176763,3,,,1,100,,176764,3,,,1
3801,'20260904',512,,176765,3,,,1,100,,176766,3,,,1
3801,'20260908',512,,279801,3,,,1,100,,279802,3,,,1
3801,'20260909',512,,279803,3,,,1,100,,279804,3,,,1
3801,'20260910',512,,279805,3,,,1,100,,279806,3,,,1
3801,'20260911',512,,279807,3,,,1,100,,279808,3,,,1
3801,'20260914',512,,279809,3,,,1,100,,279810,3,,,1
3801,'20260915',512,,279811,3,,,1,100,,279812,3,,,1
3801,'20260916',512,,279813,3,,,1,100,,279814,3,,,1
3801,'20260917',512,,279815,3,,,1,100,,279816,3,,,1
3801,'20260918',512,,279817,3,,,1,100,,279818,3,,,1
3801,'20260921',512,,279819,3,,,1,100,,279820,3,,,1
3801,'20260922',512,,279821,3,,,1,100,,279822,3,,,1
3801,'20260923',512,,279823,3,,,1,100,,279824,3,,,1
3801,'20260924',512,,279825,3,,,1,100,,279826,3,,,1
3801,'20260925',512,,279827,3,,,1,100,,279828,3,,,1
3801,'20260928',512,,279829,3,,,1,100,,279830,3,,,1
3801,'20260929',512,,279831,3,,,1,100,,279832,3,,,1
3801,'20260930',512,,279833,3,,,1,100,,279834,3,,,1
3801,'20261001',512,,279835,3,,,1,100,,279836,3,,,1
3801,'20261002',512,,279837,3,,,1,100,,279838,3,,,1
3801,'20261005',512,,279839,3,,,1,100,,279840,3,,,1
3801,'20261006',512,,279841,3,,,1,100,,279842,3,,,1
3801,'20261007',512,,279843,3,,,1,100,,279844,3,,,1
3801,'20261008',512,,279845,3,,,1,100,,279846,3,,,1
3801,'20261009',512,,279847,3,,,1,100,,279848,3,,,1
3801,'20261013',512,,279849,3,,,1,100,,279850,3,,,1
3801,'20261014',512,,279851,3,,,1,100,,279852,3,,,1
3801,'20261015',512,,279853,3,,,1,100,,279854,3,,,1
3801,'20261016',512,,279855,3,,,1,100,,279856,3,,,1
3801,'20261019',512,,279857,3,,,1,100,,279858,3,,,1
3801,'20261020',512,,279859,3,,,1,100,,279860,3,,,1
3801,'20261021',512,,279861,3,,,1,100,,279862,3,,,1
3801,'20261022',512,,279863,3,,,1,100,,279864,3,,,1
3801,'20261023',512,,279865,3,,,1,100,,279866,3,,,1
3801,'20261026',512,,279867,3,,,1,100,,279868,3,,,1
3801,'20261027',512,,279869,3,,,1,100,,279870,3,,,1
3801,'20261028',512,,279871,3,,,1,100,,279872,3,,,1
3801,'20261029',512,,279873,3,,,1,100,,279874,3,,,1
3801,'20261030',512,,279875,3,,,1,100,,279876,3,,,1
3801,'20261102',512,,279877,3,,,1,100,,279878,3,,,1
3801,'20261103',512,,279879,3,,,1,100,,279880,3,,,1
3801,'20261104',512,,279881,3,,,1,100,,279882,3,,,1
3801,'20261105',512,,279883,3,,,1,100,,279884,3,,,1
3801,'20261106',512,,279885,3,,,1,100,,279886,3,,,1
3801,'20261109',512,,279887,3,,,1,100,,279888,3,,,1
3801,'20261110',512,,279889,3,,,1,100,,279890,3,,,1
3801,'20261111',512,,279891,3,,,1,100,,279892,3,,,1
3801,'20261112',512,,279893,3,,,1,100,,279894,3,,,1
3801,'20261113',512,,279895,3,,,1,100,,279896,3,,,1
3801,'20261116',512,,279897,3,,,1,100,,279898,3,,,1
3801,'20261117',512,,279899,3,,,1,100,,279900,3,,,1
3801,'20261118',512,,279901,3,,,1,100,,279902,3,,,1
3801,'20261119',512,,279903,3,,,1,100,,279904,3,,,1
3801,'20261120',512,,279905,3,,,1,100,,279906,3,,,1
3801,'20261123',512,,279907,3,,,1,100,,279908,3,,,1
3801,'20261124',512,,279909,3,,,1,100,,279910,3,,,1
3801,'20261125',512,,279911,3,,,1,100,,279912,3,,,1
3801,'20261126',512,,279913,3,,,1,100,,279914,3,,,1
3801,'20261127',512,,279915,3,,,1,100,,279916,3,,,1
