2100,'20260917',441,,241058,43,,,1,80,,241059,43,,,1,25,,241060,43,,,1,595,,241076,19,0,16 29 30,1,97,,241080,19,0,16 29 30,1,85,,241084,19,0,16 29 30,1,110,,241087,19,0,16 29 30,1,98,,241089,19,0,16 29 30,1,95,,241092,19,0,16 29 30,1,105,,241094,43,,,1,105,,241095,43,,,1,92,,241096,43,,,1,97,,241097,43,,,1,98,,241098,43,,,1,98,,241099,43,,,1,97,,241100,43,,,1,100,,241101,43,,,1,104,,241102,43,,,1
2100,'20260918',441,,241103,43,,,1,80,,241104,43,,,1,25,,241105,43,,,1,595,,241121,19,0,16 29 30,1,97,,241125,19,0,16 29 30,1,85,,241129,19,0,16 29 30,1,110,,241132,19,0,16 29 30,1,98,,241134,19,0,16 29 30,1,95,,241137,19,0,16 29 30,1,105,,241139,43,,,1,105,,241140,43,,,1,92,,241141,43,,,1,97,,241142,43,,,1,98,,241143,43,,,1,98,,241144,43,,,1,97,,241145,43,,,1,100,,241146,43,,,1,104,,241147,43,,,1
2100,'20260919',543,,241148,43,0,57 29 30,1,100,,241149,43,0,57 29 30,1,78,,241150,43,0,57 29 30,1,110,,241153,21,0,34 29 30,1,100,,241157,21,0,34 29 30,1,104,,241161,21,0,34 29 30,1,100,,241165,21,0,34 29 30,1,100,,241168,21,0,34 29 30,1,100,,241171,21,0,34 29 30,1,100,,241174,21,0,34 29 30,1,100,,241177,21,0,34 29 30,1,100,,241180,21,0,34 29 30,1,100,,241183,21,0,34 29 30,1,100,,241186,21,0,34 29 30,1,100,,241188,21,0,34 29 30,1,92,,241190,43,0,57 29 30,1,95,,241191,43,0,57 29 30,1,97,,241192,43,0,57 29 30,1,95,,241193,43,0,57 29 30,1,102,,241194,43,0,57 29 30,1,100,,241195,43,0,57 29 30,1
2100,'20260920',543,,241196,43,0,57 29 30,1,100,,241197,43,0,57 29 30,1,78,,241198,43,0,57 29 30,1,110,,241200,21,0,34 29 30,1,100,,241203,21,0,34 29 30,1,104,,241206,21,0,34 29 30,1,100,,241209,21,0,34 29 30,1,100,,241212,21,0,34 29 30,1,100,,241215,21,0,34 29 30,1,100,,241218,21,0,34 29 30,1,100,,241221,21,0,34 29 30,1,100,,241224,21,0,34 29 30,1,100,,241227,21,0,34 29 30,1,100,,241230,21,0,34 29 30,1,100,,241232,21,0,34 29 30,1,92,,241233,43,0,57 29 30,1,95,,241234,43,0,57 29 30,1,97,,241235,43,0,57 29 30,1,95,,241236,43,0,57 29 30,1,102,,241237,43,0,57 29 30,1,100,,241238,43,0,57 29 30,1
2100,'20260921',441,,241239,43,,,1,80,,241240,43,,,1,25,,241241,43,,,1,595,,241257,19,0,16 29 30,1,97,,241261,19,0,16 29 30,1,85,,241265,19,0,16 29 30,1,110,,241268,19,0,16 29 30,1,98,,241270,19,0,16 29 30,1,95,,241273,19,0,16 29 30,1,105,,241275,43,,,1,105,,241276,43,,,1,92,,241277,43,,,1,97,,241278,43,,,1,98,,241279,43,,,1,98,,241280,43,,,1,97,,241281,43,,,1,100,,241282,43,,,1,104,,241283,43,,,1
2100,'20260922',441,,241284,43,,,1,80,,241285,43,,,1,25,,241286,43,,,1,595,,241302,19,0,16 29 30,1,97,,241306,19,0,16 29 30,1,85,,241310,19,0,16 29 30,1,110,,241313,19,0,16 29 30,1,98,,241315,19,0,16 29 30,1,95,,241318,19,0,16 29 30,1,105,,241320,43,,,1,105,,241321,43,,,1,92,,241322,43,,,1,97,,241323,43,,,1,98,,241324,43,,,1,98,,241325,43,,,1,97,,241326,43,,,1,100,,241327,43,,,1,104,,241328,43,,,1
2100,'20260923',441,,241329,43,,,1,80,,241330,43,,,1,25,,241331,43,,,1,595,,241347,19,0,16 29 30,1,97,,241351,19,0,16 29 30,1,85,,241355,19,0,16 29 30,1,110,,241358,19,0,16 29 30,1,98,,241360,19,0,16 29 30,1,95,,241363,19,0,16 29 30,1,105,,241365,43,,,1,105,,241366,43,,,1,92,,241367,43,,,1,97,,241368,43,,,1,98,,241369,43,,,1,98,,241370,43,,,1,97,,241371,43,,,1,100,,241372,43,,,1,104,,241373,43,,,1
2100,'20260924',441,,241374,43,,,1,80,,241375,43,,,1,25,,241376,43,,,1,595,,241392,19,0,16 29 30,1,97,,241396,19,0,16 29 30,1,85,,241400,19,0,16 29 30,1,110,,241403,19,0,16 29 30,1,98,,241405,19,0,16 29 30,1,95,,241408,19,0,16 29 30,1,105,,241410,43,,,1,105,,241411,43,,,1,92,,241412,43,,,1,97,,241413,43,,,1,98,,241414,43,,,1,98,,241415,43,,,1,97,,241416,43,,,1,100,,241417,43,,,1,104,,241418,43,,,1
2100,'20260925',441,,241419,43,,,1,80,,241420,43,,,1,25,,241421,43,,,1,595,,241437,19,0,16 29 30,1,97,,241441,19,0,16 29 30,1,85,,241445,19,0,16 29 30,1,110,,241448,19,0,16 29 30,1,98,,241450,19,0,16 29 30,1,95,,241453,19,0,16 29 30,1,105,,241455,43,,,1,105,,241456,43,,,1,92,,241457,43,,,1,97,,241458,43,,,1,98,,241459,43,,,1,98,,241460,43,,,1,97,,241461,43,,,1,100,,241462,43,,,1,104,,241463,43,,,1
2100,'20260926',543,,241464,43,0,57 29 30,1,100,,241465,43,0,57 29 30,1,78,,241466,43,0,57 29 30,1,110,,241469,21,0,34 29 30,1,100,,241473,21,0,34 29 30,1,104,,241477,21,0,34 29 30,1,100,,241481,21,0,34 29 30,1,100,,241484,21,0,34 29 30,1,100,,241487,21,0,34 29 30,1,100,,241490,21,0,34 29 30,1,100,,241493,21,0,34 29 30,1,100,,241496,21,0,34 29 30,1,100,,241499,21,0,34 29 30,1,100,,241502,21,0,34 29 30,1,100,,241504,21,0,34 29 30,1,92,,241506,43,0,57 29 30,1,95,,241507,43,0,57 29 30,1,97,,241508,43,0,57 29 30,1,95,,241509,43,0,57 29 30,1,102,,241510,43,0,57 29 30,1,100,,241511,43,0,57 29 30,1
2100,'20260927',543,,241512,43,0,57 29 30,1,100,,241513,43,0,57 29 30,1,78,,241514,43,0,57 29 30,1,110,,241516,21,0,34 29 30,1,100,,241519,21,0,34 29 30,1,104,,241522,21,0,34 29 30,1,100,,241525,21,0,34 29 30,1,100,,241528,21,0,34 29 30,1,100,,241531,21,0,34 29 30,1,100,,241534,21,0,34 29 30,1,100,,241537,21,0,34 29 30,1,100,,241540,21,0,34 29 30,1,100,,241543,21,0,34 29 30,1,100,,241546,21,0,34 29 30,1,100,,241548,21,0,34 29 30,1,92,,241549,43,0,57 29 30,1,95,,241550,43,0,57 29 30,1,97,,241551,43,0,57 29 30,1,95,,241552,43,0,57 29 30,1,102,,241553,43,0,57 29 30,1,100,,241554,43,0,57 29 30,1
2100,'20260928',441,,241555,43,,,1,80,,241556,43,,,1,25,,241557,43,,,1,595,,241573,19,0,16 29 30,1,97,,241577,19,0,16 29 30,1,85,,241581,19,0,16 29 30,1,110,,241584,19,0,16 29 30,1,98,,241586,19,0,16 29 30,1,95,,241589,19,0,16 29 30,1,105,,241591,43,,,1,105,,241592,43,,,1,92,,241593,43,,,1,97,,241594,43,,,1,98,,241595,43,,,1,98,,241596,43,,,1,97,,241597,43,,,1,100,,241598,43,,,1,104,,241599,43,,,1
2100,'20260929',441,,241600,43,,,1,80,,241601,43,,,1,25,,241602,43,,,1,595,,241618,19,0,16 29 30,1,97,,241622,19,0,16 29 30,1,85,,241626,19,0,16 29 30,1,110,,241629,19,0,16 29 30,1,98,,241631,19,0,16 29 30,1,95,,241634,19,0,16 29 30,1,105,,241636,43,,,1,105,,241637,43,,,1,92,,241638,43,,,1,97,,241639,43,,,1,98,,241640,43,,,1,98,,241641,43,,,1,97,,241642,43,,,1,100,,241643,43,,,1,104,,241644,43,,,1
2100,'20260930',441,,241645,43,,,1,80,,241646,43,,,1,25,,241647,43,,,1,595,,241663,19,0,16 29 30,1,97,,241667,19,0,16 29 30,1,85,,241671,19,0,16 29 30,1,110,,241674,19,0,16 29 30,1,98,,241676,19,0,16 29 30,1,95,,241679,19,0,16 29 30,1,105,,241681,43,,,1,105,,241682,43,,,1,92,,241683,43,,,1,97,,241684,43,,,1,98,,241685,43,,,1,98,,241686,43,,,1,97,,241687,43,,,1,100,,241688,43,,,1,104,,241689,43,,,1
2100,'20261001',441,,241690,43,,,1,80,,241691,43,,,1,25,,241692,43,,,1,595,,241708,19,0,16 29 30,1,97,,241712,19,0,16 29 30,1,85,,241716,19,0,16 29 30,1,110,,241719,19,0,16 29 30,1,98,,241721,19,0,16 29 30,1,95,,241724,19,0,16 29 30,1,105,,241726,43,,,1,105,,241727,43,,,1,92,,241728,43,,,1,97,,241729,43,,,1,98,,241730,43,,,1,98,,241731,43,,,1,97,,241732,43,,,1,100,,241733,43,,,1,104,,241734,43,,,1
2100,'20261002',441,,241735,43,,,1,80,,241736,43,,,1,25,,241737,43,,,1,595,,241753,19,0,16 29 30,1,97,,241757,19,0,16 29 30,1,85,,241761,19,0,16 29 30,1,110,,241764,19,0,16 29 30,1,98,,241766,19,0,16 29 30,1,95,,241769,19,0,16 29 30,1,105,,241771,43,,,1,105,,241772,43,,,1,92,,241773,43,,,1,97,,241774,43,,,1,98,,241775,43,,,1,98,,241776,43,,,1,97,,241777,43,,,1,100,,241778,43,,,1,104,,241779,43,,,1
2100,'20261003',543,,241780,43,0,57 29 30,1,100,,241781,43,0,57 29 30,1,78,,241782,43,0,57 29 30,1,110,,241785,21,0,34 29 30,1,100,,241789,21,0,34 29 30,1,104,,241793,21,0,34 29 30,1,100,,241797,21,0,34 29 30,1,100,,241800,21,0,34 29 30,1,100,,241803,21,0,34 29 30,1,100,,241806,21,0,34 29 30,1,100,,241809,21,0,34 29 30,1,100,,241812,21,0,34 29 30,1,100,,241815,21,0,34 29 30,1,100,,241818,21,0,34 29 30,1,100,,241820,21,0,34 29 30,1,92,,241822,43,0,57 29 30,1,95,,241823,43,0,57 29 30,1,97,,241824,43,0,57 29 30,1,95,,241825,43,0,57 29 30,1,102,,241826,43,0,57 29 30,1,100,,241827,43,0,57 29 30,1
2100,'20261004',543,,241828,43,0,57 29 30,1,100,,241829,43,0,57 29 30,1,78,,241830,43,0,57 29 30,1,110,,241832,21,0,34 29 30,1,100,,241835,21,0,34 29 30,1,104,,241838,21,0,34 29 30,1,100,,241841,21,0,34 29 30,1,100,,241844,21,0,34 29 30,1,100,,241847,21,0,34 29 30,1,100,,241850,21,0,34 29 30,1,100,,241853,21,0,34 29 30,1,100,,241856,21,0,34 29 30,1,100,,241859,21,0,34 29 30,1,100,,241862,21,0,34 29 30,1,100,,241864,21,0,34 29 30,1,92,,241865,43,0,57 29 30,1,95,,241866,43,0,57 29 30,1,97,,241867,43,0,57 29 30,1,95,,241868,43,0,57 29 30,1,102,,241869,43,0,57 29 30,1,100,,241870,43,0,57 29 30,1
2100,'20261005',441,,241871,43,,,1,80,,241872,43,,,1,25,,241873,43,,,1,595,,241889,19,0,16 29 30,1,97,,241893,19,0,16 29 30,1,85,,241897,19,0,16 29 30,1,110,,241900,19,0,16 29 30,1,98,,241902,19,0,16 29 30,1,95,,241905,19,0,16 29 30,1,105,,241907,43,,,1,105,,241908,43,,,1,92,,241909,43,,,1,97,,241910,43,,,1,98,,241911,43,,,1,98,,241912,43,,,1,97,,241913,43,,,1,100,,241914,43,,,1,104,,241915,43,,,1
2100,'20261006',441,,241916,43,,,1,80,,241917,43,,,1,25,,241918,43,,,1,595,,241934,19,0,16 29 30,1,97,,241938,19,0,16 29 30,1,85,,241942,19,0,16 29 30,1,110,,241945,19,0,16 29 30,1,98,,241947,19,0,16 29 30,1,95,,241950,19,0,16 29 30,1,105,,241952,43,,,1,105,,241953,43,,,1,92,,241954,43,,,1,97,,241955,43,,,1,98,,241956,43,,,1,98,,241957,43,,,1,97,,241958,43,,,1,100,,241959,43,,,1,104,,241960,43,,,1
2100,'20261007',441,,241961,43,,,1,80,,241962,43,,,1,25,,241963,43,,,1,595,,241979,19,0,16 29 30,1,97,,241983,19,0,16 29 30,1,85,,241987,19,0,16 29 30,1,110,,241990,19,0,16 29 30,1,98,,241992,19,0,16 29 30,1,95,,241995,19,0,16 29 30,1,105,,241997,43,,,1,105,,241998,43,,,1,92,,241999,43,,,1,97,,242000,43,,,1,98,,242001,43,,,1,98,,242002,43,,,1,97,,242003,43,,,1,100,,242004,43,,,1,104,,242005,43,,,1
2100,'20261008',441,,242006,43,,,1,80,,242007,43,,,1,25,,242008,43,,,1,595,,242024,19,0,16 29 30,1,97,,242028,19,0,16 29 30,1,85,,242032,19,0,16 29 30,1,110,,242035,19,0,16 29 30,1,98,,242037,19,0,16 29 30,1,95,,242040,19,0,16 29 30,1,105,,242042,43,,,1,105,,242043,43,,,1,92,,242044,43,,,1,97,,242045,43,,,1,98,,242046,43,,,1,98,,242047,43,,,1,97,,242048,43,,,1,100,,242049,43,,,1,104,,242050,43,,,1
2100,'20261009',441,,242051,43,,,1,80,,242052,43,,,1,25,,242053,43,,,1,595,,242069,19,0,16 29 30,1,97,,242073,19,0,16 29 30,1,85,,242077,19,0,16 29 30,1,110,,242080,19,0,16 29 30,1,98,,242082,19,0,16 29 30,1,95,,242085,19,0,16 29 30,1,105,,242087,43,,,1,105,,242088,43,,,1,92,,242089,43,,,1,97,,242090,43,,,1,98,,242091,43,,,1,98,,242092,43,,,1,97,,242093,43,,,1,100,,242094,43,,,1,104,,242095,43,,,1
2100,'20261010',543,,242096,43,0,57 29 30,1,100,,242097,43,0,57 29 30,1,78,,242098,43,0,57 29 30,1,110,,242101,21,0,34 29 30,1,100,,242105,21,0,34 29 30,1,104,,242109,21,0,34 29 30,1,100,,242113,21,0,34 29 30,1,100,,242116,21,0,34 29 30,1,100,,242119,21,0,34 29 30,1,100,,242122,21,0,34 29 30,1,100,,242125,21,0,34 29 30,1,100,,242128,21,0,34 29 30,1,100,,242131,21,0,34 29 30,1,100,,242134,21,0,34 29 30,1,100,,242136,21,0,34 29 30,1,92,,242138,43,0,57 29 30,1,95,,242139,43,0,57 29 30,1,97,,242140,43,0,57 29 30,1,95,,242141,43,0,57 29 30,1,102,,242142,43,0,57 29 30,1,100,,242143,43,0,57 29 30,1
2100,'20261011',543,,242144,43,0,57 29 30,1,100,,242145,43,0,57 29 30,1,78,,242146,43,0,57 29 30,1,110,,242148,21,0,34 29 30,1,100,,242151,21,0,34 29 30,1,104,,242154,21,0,34 29 30,1,100,,242157,21,0,34 29 30,1,100,,242160,21,0,34 29 30,1,100,,242163,21,0,34 29 30,1,100,,242166,21,0,34 29 30,1,100,,242169,21,0,34 29 30,1,100,,242172,21,0,34 29 30,1,100,,242175,21,0,34 29 30,1,100,,242178,21,0,34 29 30,1,100,,242180,21,0,34 29 30,1,92,,242181,43,0,57 29 30,1,95,,242182,43,0,57 29 30,1,97,,242183,43,0,57 29 30,1,95,,242184,43,0,57 29 30,1,102,,242185,43,0,57 29 30,1,100,,242186,43,0,57 29 30,1
2100,'20261012',543,,242187,43,0,57 29 30,1,100,,242188,43,0,57 29 30,1,78,,242189,43,0,57 29 30,1,110,,242192,21,0,34 29 30,1,100,,242196,21,0,34 29 30,1,104,,242200,21,0,34 29 30,1,100,,242204,21,0,34 29 30,1,100,,242207,21,0,34 29 30,1,100,,242210,21,0,34 29 30,1,100,,242213,21,0,34 29 30,1,100,,242216,21,0,34 29 30,1,100,,242219,21,0,34 29 30,1,100,,242222,21,0,34 29 30,1,100,,242225,21,0,34 29 30,1,100,,242227,21,0,34 29 30,1,92,,242229,43,0,57 29 30,1,95,,242230,43,0,57 29 30,1,97,,242231,43,0,57 29 30,1,95,,242232,43,0,57 29 30,1,102,,242233,43,0,57 29 30,1,100,,242234,43,0,57 29 30,1
2100,'20261013',441,,242235,43,,,1,80,,242236,43,,,1,25,,242237,43,,,1,595,,242253,19,0,16 29 30,1,97,,242257,19,0,16 29 30,1,85,,242261,19,0,16 29 30,1,110,,242264,19,0,16 29 30,1,98,,242266,19,0,16 29 30,1,95,,242269,19,0,16 29 30,1,105,,242271,43,,,1,105,,242272,43,,,1,92,,242273,43,,,1,97,,242274,43,,,1,98,,242275,43,,,1,98,,242276,43,,,1,97,,242277,43,,,1,100,,242278,43,,,1,104,,242279,43,,,1
2100,'20261014',441,,242280,43,,,1,80,,242281,43,,,1,25,,242282,43,,,1,595,,242298,19,0,16 29 30,1,97,,242302,19,0,16 29 30,1,85,,242306,19,0,16 29 30,1,110,,242309,19,0,16 29 30,1,98,,242311,19,0,16 29 30,1,95,,242314,19,0,16 29 30,1,105,,242316,43,,,1,105,,242317,43,,,1,92,,242318,43,,,1,97,,242319,43,,,1,98,,242320,43,,,1,98,,242321,43,,,1,97,,242322,43,,,1,100,,242323,43,,,1,104,,242324,43,,,1
2100,'20261015',441,,242325,43,,,1,80,,242326,43,,,1,25,,242327,43,,,1,595,,242343,19,0,16 29 30,1,97,,242347,19,0,16 29 30,1,85,,242351,19,0,16 29 30,1,110,,242354,19,0,16 29 30,1,98,,242356,19,0,16 29 30,1,95,,242359,19,0,16 29 30,1,105,,242361,43,,,1,105,,242362,43,,,1,92,,242363,43,,,1,97,,242364,43,,,1,98,,242365,43,,,1,98,,242366,43,,,1,97,,242367,43,,,1,100,,242368,43,,,1,104,,242369,43,,,1
2100,'20261016',441,,242370,43,,,1,80,,242371,43,,,1,25,,242372,43,,,1,595,,242388,19,0,16 29 30,1,97,,242392,19,0,16 29 30,1,85,,242396,19,0,16 29 30,1,110,,242399,19,0,16 29 30,1,98,,242401,19,0,16 29 30,1,95,,242404,19,0,16 29 30,1,105,,242406,43,,,1,105,,242407,43,,,1,92,,242408,43,,,1,97,,242409,43,,,1,98,,242410,43,,,1,98,,242411,43,,,1,97,,242412,43,,,1,100,,242413,43,,,1,104,,242414,43,,,1
2100,'20261017',543,,242415,43,0,57 29 30,1,100,,242416,43,0,57 29 30,1,78,,242417,43,0,57 29 30,1,110,,242420,21,0,34 29 30,1,100,,242424,21,0,34 29 30,1,104,,242428,21,0,34 29 30,1,100,,242432,21,0,34 29 30,1,100,,242435,21,0,34 29 30,1,100,,242438,21,0,34 29 30,1,100,,242441,21,0,34 29 30,1,100,,242444,21,0,34 29 30,1,100,,242447,21,0,34 29 30,1,100,,242450,21,0,34 29 30,1,100,,242453,21,0,34 29 30,1,100,,242455,21,0,34 29 30,1,92,,242457,43,0,57 29 30,1,95,,242458,43,0,57 29 30,1,97,,242459,43,0,57 29 30,1,95,,242460,43,0,57 29 30,1,102,,242461,43,0,57 29 30,1,100,,242462,43,0,57 29 30,1
2100,'20261018',543,,242463,43,0,57 29 30,1,100,,242464,43,0,57 29 30,1,78,,242465,43,0,57 29 30,1,110,,242467,21,0,34 29 30,1,100,,242470,21,0,34 29 30,1,104,,242473,21,0,34 29 30,1,100,,242476,21,0,34 29 30,1,100,,242479,21,0,34 29 30,1,100,,242482,21,0,34 29 30,1,100,,242485,21,0,34 29 30,1,100,,242488,21,0,34 29 30,1,100,,242491,21,0,34 29 30,1,100,,242494,21,0,34 29 30,1,100,,242497,21,0,34 29 30,1,100,,242499,21,0,34 29 30,1,92,,242500,43,0,57 29 30,1,95,,242501,43,0,57 29 30,1,97,,242502,43,0,57 29 30,1,95,,242503,43,0,57 29 30,1,102,,242504,43,0,57 29 30,1,100,,242505,43,0,57 29 30,1
2100,'20261019',441,,242506,43,,,1,80,,242507,43,,,1,25,,242508,43,,,1,595,,242524,19,0,16 29 30,1,97,,242528,19,0,16 29 30,1,85,,242532,19,0,16 29 30,1,110,,242535,19,0,16 29 30,1,98,,242537,19,0,16 29 30,1,95,,242540,19,0,16 29 30,1,105,,242542,43,,,1,105,,242543,43,,,1,92,,242544,43,,,1,97,,242545,43,,,1,98,,242546,43,,,1,98,,242547,43,,,1,97,,242548,43,,,1,100,,242549,43,,,1,104,,242550,43,,,1
2100,'20261020',441,,242551,43,,,1,80,,242552,43,,,1,25,,242553,43,,,1,595,,242569,19,0,16 29 30,1,97,,242573,19,0,16 29 30,1,85,,242577,19,0,16 29 30,1,110,,242580,19,0,16 29 30,1,98,,242582,19,0,16 29 30,1,95,,242585,19,0,16 29 30,1,105,,242587,43,,,1,105,,242588,43,,,1,92,,242589,43,,,1,97,,242590,43,,,1,98,,242591,43,,,1,98,,242592,43,,,1,97,,242593,43,,,1,100,,242594,43,,,1,104,,242595,43,,,1
2100,'20261021',441,,242596,43,,,1,80,,242597,43,,,1,25,,242598,43,,,1,595,,242614,19,0,16 29 30,1,97,,242618,19,0,16 29 30,1,85,,242622,19,0,16 29 30,1,110,,242625,19,0,16 29 30,1,98,,242627,19,0,16 29 30,1,95,,242630,19,0,16 29 30,1,105,,242632,43,,,1,105,,242633,43,,,1,92,,242634,43,,,1,97,,242635,43,,,1,98,,242636,43,,,1,98,,242637,43,,,1,97,,242638,43,,,1,100,,242639,43,,,1,104,,242640,43,,,1
2100,'20261022',441,,242641,43,,,1,80,,242642,43,,,1,25,,242643,43,,,1,595,,242659,19,0,16 29 30,1,97,,242663,19,0,16 29 30,1,85,,242667,19,0,16 29 30,1,110,,242670,19,0,16 29 30,1,98,,242672,19,0,16 29 30,1,95,,242675,19,0,16 29 30,1,105,,242677,43,,,1,105,,242678,43,,,1,92,,242679,43,,,1,97,,242680,43,,,1,98,,242681,43,,,1,98,,242682,43,,,1,97,,242683,43,,,1,100,,242684,43,,,1,104,,242685,43,,,1
2100,'20261023',441,,242686,43,,,1,80,,242687,43,,,1,25,,242688,43,,,1,595,,242704,19,0,16 29 30,1,97,,242708,19,0,16 29 30,1,85,,242712,19,0,16 29 30,1,110,,242715,19,0,16 29 30,1,98,,242717,19,0,16 29 30,1,95,,242720,19,0,16 29 30,1,105,,242722,43,,,1,105,,242723,43,,,1,92,,242724,43,,,1,97,,242725,43,,,1,98,,242726,43,,,1,98,,242727,43,,,1,97,,242728,43,,,1,100,,242729,43,,,1,104,,242730,43,,,1
2100,'20261024',543,,242731,43,0,57 29 30,1,100,,242732,43,0,57 29 30,1,78,,242733,43,0,57 29 30,1,110,,242736,21,0,34 29 30,1,100,,242740,21,0,34 29 30,1,104,,242744,21,0,34 29 30,1,100,,242748,21,0,34 29 30,1,100,,242751,21,0,34 29 30,1,100,,242754,21,0,34 29 30,1,100,,242757,21,0,34 29 30,1,100,,242760,21,0,34 29 30,1,100,,242763,21,0,34 29 30,1,100,,242766,21,0,34 29 30,1,100,,242769,21,0,34 29 30,1,100,,242771,21,0,34 29 30,1,92,,242773,43,0,57 29 30,1,95,,242774,43,0,57 29 30,1,97,,242775,43,0,57 29 30,1,95,,242776,43,0,57 29 30,1,102,,242777,43,0,57 29 30,1,100,,242778,43,0,57 29 30,1
2100,'20261025',543,,242779,43,0,57 29 30,1,100,,242780,43,0,57 29 30,1,78,,242781,43,0,57 29 30,1,110,,242783,21,0,34 29 30,1,100,,242786,21,0,34 29 30,1,104,,242789,21,0,34 29 30,1,100,,242792,21,0,34 29 30,1,100,,242795,21,0,34 29 30,1,100,,242798,21,0,34 29 30,1,100,,242801,21,0,34 29 30,1,100,,242804,21,0,34 29 30,1,100,,242807,21,0,34 29 30,1,100,,242810,21,0,34 29 30,1,100,,242813,21,0,34 29 30,1,100,,242815,21,0,34 29 30,1,92,,242816,43,0,57 29 30,1,95,,242817,43,0,57 29 30,1,97,,242818,43,0,57 29 30,1,95,,242819,43,0,57 29 30,1,102,,242820,43,0,57 29 30,1,100,,242821,43,0,57 29 30,1
2100,'20261026',441,,242822,43,,,1,80,,242823,43,,,1,25,,242824,43,,,1,595,,242840,19,0,16 29 30,1,97,,242844,19,0,16 29 30,1,85,,242848,19,0,16 29 30,1,110,,242851,19,0,16 29 30,1,98,,242853,19,0,16 29 30,1,95,,242856,19,0,16 29 30,1,105,,242858,43,,,1,105,,242859,43,,,1,92,,242860,43,,,1,97,,242861,43,,,1,98,,242862,43,,,1,98,,242863,43,,,1,97,,242864,43,,,1,100,,242865,43,,,1,104,,242866,43,,,1
2100,'20261027',441,,242867,43,,,1,80,,242868,43,,,1,25,,242869,43,,,1,595,,242885,19,0,16 29 30,1,97,,242889,19,0,16 29 30,1,85,,242893,19,0,16 29 30,1,110,,242896,19,0,16 29 30,1,98,,242898,19,0,16 29 30,1,95,,242901,19,0,16 29 30,1,105,,242903,43,,,1,105,,242904,43,,,1,92,,242905,43,,,1,97,,242906,43,,,1,98,,242907,43,,,1,98,,242908,43,,,1,97,,242909,43,,,1,100,,242910,43,,,1,104,,242911,43,,,1
2100,'20261028',441,,242912,43,,,1,80,,242913,43,,,1,25,,242914,43,,,1,595,,242930,19,0,16 29 30,1,97,,242934,19,0,16 29 30,1,85,,242938,19,0,16 29 30,1,110,,242941,19,0,16 29 30,1,98,,242943,19,0,16 29 30,1,95,,242946,19,0,16 29 30,1,105,,242948,43,,,1,105,,242949,43,,,1,92,,242950,43,,,1,97,,242951,43,,,1,98,,242952,43,,,1,98,,242953,43,,,1,97,,242954,43,,,1,100,,242955,43,,,1,104,,242956,43,,,1
2100,'20261029',441,,242957,43,,,1,80,,242958,43,,,1,25,,242959,43,,,1,595,,242975,19,0,16 29 30,1,97,,242979,19,0,16 29 30,1,85,,242983,19,0,16 29 30,1,110,,242986,19,0,16 29 30,1,98,,242988,19,0,16 29 30,1,95,,242991,19,0,16 29 30,1,105,,242993,43,,,1,105,,242994,43,,,1,92,,242995,43,,,1,97,,242996,43,,,1,98,,242997,43,,,1,98,,242998,43,,,1,97,,242999,43,,,1,100,,243000,43,,,1,104,,243001,43,,,1
2100,'20261030',441,,243002,43,,,1,80,,243003,43,,,1,25,,243004,43,,,1,595,,243020,19,0,16 29 30,1,97,,243024,19,0,16 29 30,1,85,,243028,19,0,16 29 30,1,110,,243031,19,0,16 29 30,1,98,,243033,19,0,16 29 30,1,95,,243036,19,0,16 29 30,1,105,,243038,43,,,1,105,,243039,43,,,1,92,,243040,43,,,1,97,,243041,43,,,1,98,,243042,43,,,1,98,,243043,43,,,1,97,,243044,43,,,1,100,,243045,43,,,1,104,,243046,43,,,1
2100,'20261031',543,,243047,43,0,57 29 30,1,100,,243048,43,0,57 29 30,1,78,,243049,43,0,57 29 30,1,110,,243052,21,0,34 29 30,1,100,,243056,21,0,34 29 30,1,104,,243060,21,0,34 29 30,1,100,,243064,21,0,34 29 30,1,100,,243067,21,0,34 29 30,1,100,,243070,21,0,34 29 30,1,100,,243073,21,0,34 29 30,1,100,,243076,21,0,34 29 30,1,100,,243079,21,0,34 29 30,1,100,,243082,21,0,34 29 30,1,100,,243085,21,0,34 29 30,1,100,,243087,21,0,34 29 30,1,92,,243089,43,0,57 29 30,1,95,,243090,43,0,57 29 30,1,97,,243091,43,0,57 29 30,1,95,,243092,43,0,57 29 30,1,102,,243093,43,0,57 29 30,1,100,,243094,43,0,57 29 30,1
2100,'20261101',543,,243095,43,0,57 29 30,1,100,,243096,43,0,57 29 30,1,78,,243097,43,0,57 29 30,1,110,,243099,21,0,34 29 30,1,100,,243102,21,0,34 29 30,1,104,,243105,21,0,34 29 30,1,100,,243108,21,0,34 29 30,1,100,,243111,21,0,34 29 30,1,100,,243114,21,0,34 29 30,1,100,,243117,21,0,34 29 30,1,100,,243120,21,0,34 29 30,1,100,,243123,21,0,34 29 30,1,100,,243126,21,0,34 29 30,1,100,,243129,21,0,34 29 30,1,100,,243131,21,0,34 29 30,1,92,,243132,43,0,57 29 30,1,95,,243133,43,0,57 29 30,1,97,,243134,43,0,57 29 30,1,95,,243135,43,0,57 29 30,1,102,,243136,43,0,57 29 30,1,100,,243137,43,0,57 29 30,1
2100,'20261102',441,,243138,43,,,1,80,,243139,43,,,1,25,,243140,43,,,1,595,,243156,19,0,16 29 30,1,97,,243160,19,0,16 29 30,1,85,,243164,19,0,16 29 30,1,110,,243167,19,0,16 29 30,1,98,,243169,19,0,16 29 30,1,95,,243172,19,0,16 29 30,1,105,,243174,43,,,1,105,,243175,43,,,1,92,,243176,43,,,1,97,,243177,43,,,1,98,,243178,43,,,1,98,,243179,43,,,1,97,,243180,43,,,1,100,,243181,43,,,1,104,,243182,43,,,1
2100,'20261103',441,,243183,43,,,1,80,,243184,43,,,1,25,,243185,43,,,1,595,,243201,19,0,16 29 30,1,97,,243205,19,0,16 29 30,1,85,,243209,19,0,16 29 30,1,110,,243212,19,0,16 29 30,1,98,,243214,19,0,16 29 30,1,95,,243217,19,0,16 29 30,1,105,,243219,43,,,1,105,,243220,43,,,1,92,,243221,43,,,1,97,,243222,43,,,1,98,,243223,43,,,1,98,,243224,43,,,1,97,,243225,43,,,1,100,,243226,43,,,1,104,,243227,43,,,1
2100,'20261104',441,,243228,43,,,1,80,,243229,43,,,1,25,,243230,43,,,1,595,,243246,19,0,16 29 30,1,97,,243250,19,0,16 29 30,1,85,,243254,19,0,16 29 30,1,110,,243257,19,0,16 29 30,1,98,,243259,19,0,16 29 30,1,95,,243262,19,0,16 29 30,1,105,,243264,43,,,1,105,,243265,43,,,1,92,,243266,43,,,1,97,,243267,43,,,1,98,,243268,43,,,1,98,,243269,43,,,1,97,,243270,43,,,1,100,,243271,43,,,1,104,,243272,43,,,1
2100,'20261105',441,,243273,43,,,1,80,,243274,43,,,1,25,,243275,43,,,1,595,,243291,19,0,16 29 30,1,97,,243295,19,0,16 29 30,1,85,,243299,19,0,16 29 30,1,110,,243302,19,0,16 29 30,1,98,,243304,19,0,16 29 30,1,95,,243307,19,0,16 29 30,1,105,,243309,43,,,1,105,,243310,43,,,1,92,,243311,43,,,1,97,,243312,43,,,1,98,,243313,43,,,1,98,,243314,43,,,1,97,,243315,43,,,1,100,,243316,43,,,1,104,,243317,43,,,1
2100,'20261106',441,,243318,43,,,1,80,,243319,43,,,1,25,,243320,43,,,1,595,,243336,19,0,16 29 30,1,97,,243340,19,0,16 29 30,1,85,,243344,19,0,16 29 30,1,110,,243347,19,0,16 29 30,1,98,,243349,19,0,16 29 30,1,95,,243352,19,0,16 29 30,1,105,,243354,43,,,1,105,,243355,43,,,1,92,,243356,43,,,1,97,,243357,43,,,1,98,,243358,43,,,1,98,,243359,43,,,1,97,,243360,43,,,1,100,,243361,43,,,1,104,,243362,43,,,1
2100,'20261107',543,,243363,43,0,57 29 30,1,100,,243364,43,0,57 29 30,1,78,,243365,43,0,57 29 30,1,110,,243368,21,0,34 29 30,1,100,,243372,21,0,34 29 30,1,104,,243376,21,0,34 29 30,1,100,,243380,21,0,34 29 30,1,100,,243383,21,0,34 29 30,1,100,,243386,21,0,34 29 30,1,100,,243389,21,0,34 29 30,1,100,,243392,21,0,34 29 30,1,100,,243395,21,0,34 29 30,1,100,,243398,21,0,34 29 30,1,100,,243401,21,0,34 29 30,1,100,,243403,21,0,34 29 30,1,92,,243405,43,0,57 29 30,1,95,,243406,43,0,57 29 30,1,97,,243407,43,0,57 29 30,1,95,,243408,43,0,57 29 30,1,102,,243409,43,0,57 29 30,1,100,,243410,43,0,57 29 30,1
2100,'20261108',543,,243411,43,0,57 29 30,1,100,,243412,43,0,57 29 30,1,78,,243413,43,0,57 29 30,1,110,,243415,21,0,34 29 30,1,100,,243418,21,0,34 29 30,1,104,,243421,21,0,34 29 30,1,100,,243424,21,0,34 29 30,1,100,,243427,21,0,34 29 30,1,100,,243430,21,0,34 29 30,1,100,,243433,21,0,34 29 30,1,100,,243436,21,0,34 29 30,1,100,,243439,21,0,34 29 30,1,100,,243442,21,0,34 29 30,1,100,,243445,21,0,34 29 30,1,100,,243447,21,0,34 29 30,1,92,,243448,43,0,57 29 30,1,95,,243449,43,0,57 29 30,1,97,,243450,43,0,57 29 30,1,95,,243451,43,0,57 29 30,1,102,,243452,43,0,57 29 30,1,100,,243453,43,0,57 29 30,1
2100,'20261109',441,,243454,43,,,1,80,,243455,43,,,1,25,,243456,43,,,1,595,,243472,19,0,16 29 30,1,97,,243476,19,0,16 29 30,1,85,,243480,19,0,16 29 30,1,110,,243483,19,0,16 29 30,1,98,,243485,19,0,16 29 30,1,95,,243488,19,0,16 29 30,1,105,,243490,43,,,1,105,,243491,43,,,1,92,,243492,43,,,1,97,,243493,43,,,1,98,,243494,43,,,1,98,,243495,43,,,1,97,,243496,43,,,1,100,,243497,43,,,1,104,,243498,43,,,1
2100,'20261110',441,,243499,43,,,1,80,,243500,43,,,1,25,,243501,43,,,1,595,,243517,19,0,16 29 30,1,97,,243521,19,0,16 29 30,1,85,,243525,19,0,16 29 30,1,110,,243528,19,0,16 29 30,1,98,,243530,19,0,16 29 30,1,95,,243533,19,0,16 29 30,1,105,,243535,43,,,1,105,,243536,43,,,1,92,,243537,43,,,1,97,,243538,43,,,1,98,,243539,43,,,1,98,,243540,43,,,1,97,,243541,43,,,1,100,,243542,43,,,1,104,,243543,43,,,1
2100,'20261111',441,,243544,43,,,1,80,,243545,43,,,1,25,,243546,43,,,1,595,,243562,19,0,16 29 30,1,97,,243566,19,0,16 29 30,1,85,,243570,19,0,16 29 30,1,110,,243573,19,0,16 29 30,1,98,,243575,19,0,16 29 30,1,95,,243578,19,0,16 29 30,1,105,,243580,43,,,1,105,,243581,43,,,1,92,,243582,43,,,1,97,,243583,43,,,1,98,,243584,43,,,1,98,,243585,43,,,1,97,,243586,43,,,1,100,,243587,43,,,1,104,,243588,43,,,1
2100,'20261112',441,,243589,43,,,1,80,,243590,43,,,1,25,,243591,43,,,1,595,,243607,19,0,16 29 30,1,97,,243611,19,0,16 29 30,1,85,,243615,19,0,16 29 30,1,110,,243618,19,0,16 29 30,1,98,,243620,19,0,16 29 30,1,95,,243623,19,0,16 29 30,1,105,,243625,43,,,1,105,,243626,43,,,1,92,,243627,43,,,1,97,,243628,43,,,1,98,,243629,43,,,1,98,,243630,43,,,1,97,,243631,43,,,1,100,,243632,43,,,1,104,,243633,43,,,1
2100,'20261113',441,,243634,43,,,1,80,,243635,43,,,1,25,,243636,43,,,1,595,,243652,19,0,16 29 30,1,97,,243656,19,0,16 29 30,1,85,,243660,19,0,16 29 30,1,110,,243663,19,0,16 29 30,1,98,,243665,19,0,16 29 30,1,95,,243668,19,0,16 29 30,1,105,,243670,43,,,1,105,,243671,43,,,1,92,,243672,43,,,1,97,,243673,43,,,1,98,,243674,43,,,1,98,,243675,43,,,1,97,,243676,43,,,1,100,,243677,43,,,1,104,,243678,43,,,1
2100,'20261114',543,,243679,43,0,57 29 30,1,100,,243680,43,0,57 29 30,1,78,,243681,43,0,57 29 30,1,110,,243684,21,0,34 29 30,1,100,,243688,21,0,34 29 30,1,104,,243692,21,0,34 29 30,1,100,,243696,21,0,34 29 30,1,100,,243699,21,0,34 29 30,1,100,,243702,21,0,34 29 30,1,100,,243705,21,0,34 29 30,1,100,,243708,21,0,34 29 30,1,100,,243711,21,0,34 29 30,1,100,,243714,21,0,34 29 30,1,100,,243717,21,0,34 29 30,1,100,,243719,21,0,34 29 30,1,92,,243721,43,0,57 29 30,1,95,,243722,43,0,57 29 30,1,97,,243723,43,0,57 29 30,1,95,,243724,43,0,57 29 30,1,102,,243725,43,0,57 29 30,1,100,,243726,43,0,57 29 30,1
2100,'20261115',543,,243727,43,0,57 29 30,1,100,,243728,43,0,57 29 30,1,78,,243729,43,0,57 29 30,1,110,,243731,21,0,34 29 30,1,100,,243734,21,0,34 29 30,1,104,,243737,21,0,34 29 30,1,100,,243740,21,0,34 29 30,1,100,,243743,21,0,34 29 30,1,100,,243746,21,0,34 29 30,1,100,,243749,21,0,34 29 30,1,100,,243752,21,0,34 29 30,1,100,,243755,21,0,34 29 30,1,100,,243758,21,0,34 29 30,1,100,,243761,21,0,34 29 30,1,100,,243763,21,0,34 29 30,1,92,,243764,43,0,57 29 30,1,95,,243765,43,0,57 29 30,1,97,,243766,43,0,57 29 30,1,95,,243767,43,0,57 29 30,1,102,,243768,43,0,57 29 30,1,100,,243769,43,0,57 29 30,1
2100,'20261116',441,,243770,43,,,1,80,,243771,43,,,1,25,,243772,43,,,1,595,,243788,19,0,16 29 30,1,97,,243792,19,0,16 29 30,1,85,,243796,19,0,16 29 30,1,110,,243799,19,0,16 29 30,1,98,,243801,19,0,16 29 30,1,95,,243804,19,0,16 29 30,1,105,,243806,43,,,1,105,,243807,43,,,1,92,,243808,43,,,1,97,,243809,43,,,1,98,,243810,43,,,1,98,,243811,43,,,1,97,,243812,43,,,1,100,,243813,43,,,1,104,,243814,43,,,1
2100,'20261117',441,,243815,43,,,1,80,,243816,43,,,1,25,,243817,43,,,1,595,,243833,19,0,16 29 30,1,97,,243837,19,0,16 29 30,1,85,,243841,19,0,16 29 30,1,110,,243844,19,0,16 29 30,1,98,,243846,19,0,16 29 30,1,95,,243849,19,0,16 29 30,1,105,,243851,43,,,1,105,,243852,43,,,1,92,,243853,43,,,1,97,,243854,43,,,1,98,,243855,43,,,1,98,,243856,43,,,1,97,,243857,43,,,1,100,,243858,43,,,1,104,,243859,43,,,1
2100,'20261118',441,,243860,43,,,1,80,,243861,43,,,1,25,,243862,43,,,1,595,,243878,19,0,16 29 30,1,97,,243882,19,0,16 29 30,1,85,,243886,19,0,16 29 30,1,110,,243889,19,0,16 29 30,1,98,,243891,19,0,16 29 30,1,95,,243894,19,0,16 29 30,1,105,,243896,43,,,1,105,,243897,43,,,1,92,,243898,43,,,1,97,,243899,43,,,1,98,,243900,43,,,1,98,,243901,43,,,1,97,,243902,43,,,1,100,,243903,43,,,1,104,,243904,43,,,1
2100,'20261119',441,,243905,43,,,1,80,,243906,43,,,1,25,,243907,43,,,1,595,,243923,19,0,16 29 30,1,97,,243927,19,0,16 29 30,1,85,,243931,19,0,16 29 30,1,110,,243934,19,0,16 29 30,1,98,,243936,19,0,16 29 30,1,95,,243939,19,0,16 29 30,1,105,,243941,43,,,1,105,,243942,43,,,1,92,,243943,43,,,1,97,,243944,43,,,1,98,,243945,43,,,1,98,,243946,43,,,1,97,,243947,43,,,1,100,,243948,43,,,1,104,,243949,43,,,1
2100,'20261120',441,,243950,43,,,1,80,,243951,43,,,1,25,,243952,43,,,1,595,,243968,19,0,16 29 30,1,97,,243972,19,0,16 29 30,1,85,,243976,19,0,16 29 30,1,110,,243979,19,0,16 29 30,1,98,,243981,19,0,16 29 30,1,95,,243984,19,0,16 29 30,1,105,,243986,43,,,1,105,,243987,43,,,1,92,,243988,43,,,1,97,,243989,43,,,1,98,,243990,43,,,1,98,,243991,43,,,1,97,,243992,43,,,1,100,,243993,43,,,1,104,,243994,43,,,1
2100,'20261121',543,,243995,43,0,57 29 30,1,100,,243996,43,0,57 29 30,1,78,,243997,43,0,57 29 30,1,110,,244000,21,0,34 29 30,1,100,,244004,21,0,34 29 30,1,104,,244008,21,0,34 29 30,1,100,,244012,21,0,34 29 30,1,100,,244015,21,0,34 29 30,1,100,,244018,21,0,34 29 30,1,100,,244021,21,0,34 29 30,1,100,,244024,21,0,34 29 30,1,100,,244027,21,0,34 29 30,1,100,,244030,21,0,34 29 30,1,100,,244033,21,0,34 29 30,1,100,,244035,21,0,34 29 30,1,92,,244037,43,0,57 29 30,1,95,,244038,43,0,57 29 30,1,97,,244039,43,0,57 29 30,1,95,,244040,43,0,57 29 30,1,102,,244041,43,0,57 29 30,1,100,,244042,43,0,57 29 30,1
2100,'20261122',543,,244043,43,0,57 29 30,1,100,,244044,43,0,57 29 30,1,78,,244045,43,0,57 29 30,1,110,,244047,21,0,34 29 30,1,100,,244050,21,0,34 29 30,1,104,,244053,21,0,34 29 30,1,100,,244056,21,0,34 29 30,1,100,,244059,21,0,34 29 30,1,100,,244062,21,0,34 29 30,1,100,,244065,21,0,34 29 30,1,100,,244068,21,0,34 29 30,1,100,,244071,21,0,34 29 30,1,100,,244074,21,0,34 29 30,1,100,,244077,21,0,34 29 30,1,100,,244079,21,0,34 29 30,1,92,,244080,43,0,57 29 30,1,95,,244081,43,0,57 29 30,1,97,,244082,43,0,57 29 30,1,95,,244083,43,0,57 29 30,1,102,,244084,43,0,57 29 30,1,100,,244085,43,0,57 29 30,1
2100,'20261123',441,,244086,43,,,1,80,,244087,43,,,1,25,,244088,43,,,1,595,,244104,19,0,16 29 30,1,97,,244108,19,0,16 29 30,1,85,,244112,19,0,16 29 30,1,110,,244115,19,0,16 29 30,1,98,,244117,19,0,16 29 30,1,95,,244120,19,0,16 29 30,1,105,,244122,43,,,1,105,,244123,43,,,1,92,,244124,43,,,1,97,,244125,43,,,1,98,,244126,43,,,1,98,,244127,43,,,1,97,,244128,43,,,1,100,,244129,43,,,1,104,,244130,43,,,1
2100,'20261124',441,,244131,43,,,1,80,,244132,43,,,1,25,,244133,43,,,1,595,,244149,19,0,16 29 30,1,97,,244153,19,0,16 29 30,1,85,,244157,19,0,16 29 30,1,110,,244160,19,0,16 29 30,1,98,,244162,19,0,16 29 30,1,95,,244165,19,0,16 29 30,1,105,,244167,43,,,1,105,,244168,43,,,1,92,,244169,43,,,1,97,,244170,43,,,1,98,,244171,43,,,1,98,,244172,43,,,1,97,,244173,43,,,1,100,,244174,43,,,1,104,,244175,43,,,1
2100,'20261125',441,,244176,43,,,1,80,,244177,43,,,1,25,,244178,43,,,1,595,,244194,19,0,16 29 30,1,97,,244198,19,0,16 29 30,1,85,,244202,19,0,16 29 30,1,110,,244205,19,0,16 29 30,1,98,,244207,19,0,16 29 30,1,95,,244210,19,0,16 29 30,1,105,,244212,43,,,1,105,,244213,43,,,1,92,,244214,43,,,1,97,,244215,43,,,1,98,,244216,43,,,1,98,,244217,43,,,1,97,,244218,43,,,1,100,,244219,43,,,1,104,,244220,43,,,1
2100,'20261126',441,,244221,43,,,1,80,,244222,43,,,1,25,,244223,43,,,1,595,,244239,19,0,16 29 30,1,97,,244243,19,0,16 29 30,1,85,,244247,19,0,16 29 30,1,110,,244250,19,0,16 29 30,1,98,,244252,19,0,16 29 30,1,95,,244255,19,0,16 29 30,1,105,,244257,43,,,1,105,,244258,43,,,1,92,,244259,43,,,1,97,,244260,43,,,1,98,,244261,43,,,1,98,,244262,43,,,1,97,,244263,43,,,1,100,,244264,43,,,1,104,,244265,43,,,1
2100,'20261127',441,,244266,43,,,1,80,,244267,43,,,1,25,,244268,43,,,1,595,,244284,19,0,16 29 30,1,97,,244288,19,0,16 29 30,1,85,,244292,19,0,16 29 30,1,110,,244295,19,0,16 29 30,1,98,,244297,19,0,16 29 30,1,95,,244300,19,0,16 29 30,1,105,,244302,43,,,1,105,,244303,43,,,1,92,,244304,43,,,1,97,,244305,43,,,1,98,,244306,43,,,1,98,,244307,43,,,1,97,,244308,43,,,1,100,,244309,43,,,1,104,,244310,43,,,1
