3700,'20260921',618,,278936,17,0,7 81 82,1,119,,278937,17,0,7 81 82,1,670,,278938,17,,,1,305,,278939,17,,,1,106,,278940,17,,,1,101,,278941,17,,,1,184,,278942,17,,,1
3700,'20260922',618,,278943,17,0,7 81 82,1,119,,278944,17,0,7 81 82,1,670,,278945,17,,,1,305,,278946,17,,,1,106,,278947,17,,,1,101,,278948,17,,,1,184,,278949,17,,,1
3700,'20260923',618,,278950,17,0,7 81 82,1,119,,278951,17,0,7 81 82,1,670,,278952,17,,,1,305,,278953,17,,,1,106,,278954,17,,,1,101,,278955,17,,,1,184,,278956,17,,,1
3700,'20260924',618,,278957,17,0,7 81 82,1,119,,278958,17,0,7 81 82,1,670,,278959,17,,,1,305,,278960,17,,,1,106,,278961,17,,,1,101,,278962,17,,,1,184,,278963,17,,,1
3700,'20260925',618,,278964,17,0,7 81 82,1,119,,278965,17,0,7 81 82,1,670,,278966,17,,,1,305,,278967,17,,,1,106,,278968,17,,,1,101,,278969,17,,,1,184,,278970,17,,,1
3700,'20260928',618,,278971,17,0,7 81 82,1,119,,278972,17,0,7 81 82,1,670,,278973,17,,,1,305,,278974,17,,,1,106,,278975,17,,,1,101,,278976,17,,,1,184,,278977,17,,,1
3700,'20260929',618,,278978,17,0,7 81 82,1,119,,278979,17,0,7 81 82,1,670,,278980,17,,,1,305,,278981,17,,,1,106,,278982,17,,,1,101,,278983,17,,,1,184,,278984,17,,,1
3700,'20260930',618,,278985,17,0,7 81 82,1,119,,278986,17,0,7 81 82,1,670,,278987,17,,,1,305,,278988,17,,,1,106,,278989,17,,,1,101,,278990,17,,,1,184,,278991,17,,,1
3700,'20261001',618,,278992,17,0,7 81 82,1,119,,278993,17,0,7 81 82,1,670,,278994,17,,,1,305,,278995,17,,,1,106,,278996,17,,,1,101,,278997,17,,,1,184,,278998,17,,,1
3700,'20261002',618,,278999,17,0,7 81 82,1,119,,279000,17,0,7 81 82,1,670,,279001,17,,,1,305,,279002,17,,,1,106,,279003,17,,,1,101,,279004,17,,,1,184,,279005,17,,,1
3700,'20261005',618,,279006,17,0,7 81 82,1,119,,279007,17,0,7 81 82,1,670,,279008,17,,,1,305,,279009,17,,,1,106,,279010,17,,,1,101,,279011,17,,,1,184,,279012,17,,,1
3700,'20261006',618,,279013,17,0,7 81 82,1,119,,279014,17,0,7 81 82,1,670,,279015,17,,,1,305,,279016,17,,,1,106,,279017,17,,,1,101,,279018,17,,,1,184,,279019,17,,,1
3700,'20261007',618,,279020,17,0,7 81 82,1,119,,279021,17,0,7 81 82,1,670,,279022,17,,,1,305,,279023,17,,,1,106,,279024,17,,,1,101,,279025,17,,,1,184,,279026,17,,,1
3700,'20261008',618,,279027,17,0,7 81 82,1,119,,279028,17,0,7 81 82,1,670,,279029,17,,,1,305,,279030,17,,,1,106,,279031,17,,,1,101,,279032,17,,,1,184,,279033,17,,,1
3700,'20261009',618,,279034,17,0,7 81 82,1,119,,279035,17,0,7 81 82,1,670,,279036,17,,,1,305,,279037,17,,,1,106,,279038,17,,,1,101,,279039,17,,,1,184,,279040,17,,,1
3700,'20261013',618,,279041,17,0,7 81 82,1,119,,279042,17,0,7 81 82,1,670,,279043,17,,,1,305,,279044,17,,,1,106,,279045,17,,,1,101,,279046,17,,,1,184,,279047,17,,,1
3700,'20261014',618,,279048,17,0,7 81 82,1,119,,279049,17,0,7 81 82,1,670,,279050,17,,,1,305,,279051,17,,,1,106,,279052,17,,,1,101,,279053,17,,,1,184,,279054,17,,,1
3700,'20261015',618,,279055,17,0,7 81 82,1,119,,279056,17,0,7 81 82,1,670,,279057,17,,,1,305,,279058,17,,,1,106,,279059,17,,,1,101,,279060,17,,,1,184,,279061,17,,,1
3700,'20261016',618,,279062,17,0,7 81 82,1,119,,279063,17,0,7 81 82,1,670,,279064,17,,,1,305,,279065,17,,,1,106,,279066,17,,,1,101,,279067,17,,,1,184,,279068,17,,,1
3700,'20261019',618,,279069,17,0,7 81 82,1,119,,279070,17,0,7 81 82,1,670,,279071,17,,,1,305,,279072,17,,,1,106,,279073,17,,,1,101,,279074,17,,,1,184,,279075,17,,,1
3700,'20261020',618,,279076,17,0,7 81 82,1,119,,279077,17,0,7 81 82,1,670,,279078,17,,,1,305,,279079,17,,,1,106,,279080,17,,,1,101,,279081,17,,,1,184,,279082,17,,,1
3700,'20261021',618,,279083,17,0,7 81 82,1,119,,279084,17,0,7 81 82,1,670,,279085,17,,,1,305,,279086,17,,,1,106,,279087,17,,,1,101,,279088,17,,,1,184,,279089,17,,,1
3700,'20261022',618,,279090,17,0,7 81 82,1,119,,279091,17,0,7 81 82,1,670,,279092,17,,,1,305,,279093,17,,,1,106,,279094,17,,,1,101,,279095,17,,,1,184,,279096,17,,,1
3700,'20261023',618,,279097,17,0,7 81 82,1,119,,279098,17,0,7 81 82,1,670,,279099,17,,,1,305,,279100,17,,,1,106,,279101,17,,,1,101,,279102,17,,,1,184,,279103,17,,,1
3700,'20261026',618,,279104,17,0,7 81 82,1,119,,279105,17,0,7 81 82,1,670,,279106,17,,,1,305,,279107,17,,,1,106,,279108,17,,,1,101,,279109,17,,,1,184,,279110,17,,,1
3700,'20261027',618,,279111,17,0,7 81 82,1,119,,279112,17,0,7 81 82,1,670,,279113,17,,,1,305,,279114,17,,,1,106,,279115,17,,,1,101,,279116,17,,,1,184,,279117,17,,,1
3700,'20261028',618,,279118,17,0,7 81 82,1,119,,279119,17,0,7 81 82,1,670,,279120,17,,,1,305,,279121,17,,,1,106,,279122,17,,,1,101,,279123,17,,,1,184,,279124,17,,,1
3700,'20261029',618,,279125,17,0,7 81 82,1,119,,279126,17,0,7 81 82,1,670,,279127,17,,,1,305,,279128,17,,,1,106,,279129,17,,,1,101,,279130,17,,,1,184,,279131,17,,,1
3700,'20261030',618,,279132,17,0,7 81 82,1,119,,279133,17,0,7 81 82,1,670,,279134,17,,,1,305,,279135,17,,,1,106,,279136,17,,,1,101,,279137,17,,,1,184,,279138,17,,,1
3700,'20261102',618,,279139,17,0,7 81 82,1,119,,279140,17,0,7 81 82,1,670,,279141,17,,,1,305,,279142,17,,,1,106,,279143,17,,,1,101,,279144,17,,,1,184,,279145,17,,,1
3700,'20261103',618,,279146,17,0,7 81 82,1,119,,279147,17,0,7 81 82,1,670,,279148,17,,,1,305,,279149,17,,,1,106,,279150,17,,,1,101,,279151,17,,,1,184,,279152,17,,,1
3700,'20261104',618,,279153,17,0,7 81 82,1,119,,279154,17,0,7 81 82,1,670,,279155,17,,,1,305,,279156,17,,,1,106,,279157,17,,,1,101,,279158,17,,,1,184,,279159,17,,,1
3700,'20261105',618,,279160,17,0,7 81 82,1,119,,279161,17,0,7 81 82,1,670,,279162,17,,,1,305,,279163,17,,,1,106,,279164,17,,,1,101,,279165,17,,,1,184,,279166,17,,,1
3700,'20261106',618,,279167,17,0,7 81 82,1,119,,279168,17,0,7 81 82,1,670,,279169,17,,,1,305,,279170,17,,,1,106,,279171,17,,,1,101,,279172,17,,,1,184,,279173,17,,,1
3700,'20261109',618,,279174,17,0,7 81 82,1,119,,279175,17,0,7 81 82,1,670,,279176,17,,,1,305,,279177,17,,,1,106,,279178,17,,,1,101,,279179,17,,,1,184,,279180,17,,,1
3700,'20261110',618,,279181,17,0,7 81 82,1,119,,279182,17,0,7 81 82,1,670,,279183,17,,,1,305,,279184,17,,,1,106,,279185,17,,,1,101,,279186,17,,,1,184,,279187,17,,,1
3700,'20261111',618,,279188,17,0,7 81 82,1,119,,279189,17,0,7 81 82,1,670,,279190,17,,,1,305,,279191,17,,,1,106,,279192,17,,,1,101,,279193,17,,,1,184,,279194,17,,,1
3700,'20261112',618,,279195,17,0,7 81 82,1,119,,279196,17,0,7 81 82,1,670,,279197,17,,,1,305,,279198,17,,,1,106,,279199,17,,,1,101,,279200,17,,,1,184,,279201,17,,,1
3700,'20261113',618,,279202,17,0,7 81 82,1,119,,279203,17,0,7 81 82,1,670,,279204,17,,,1,305,,279205,17,,,1,106,,279206,17,,,1,101,,279207,17,,,1,184,,279208,17,,,1
3700,'20261116',618,,279209,17,0,7 81 82,1,119,,279210,17,0,7 81 82,1,670,,279211,17,,,1,305,,279212,17,,,1,106,,279213,17,,,1,101,,279214,17,,,1,184,,279215,17,,,1
3700,'20261117',618,,279216,17,0,7 81 82,1,119,,279217,17,0,7 81 82,1,670,,279218,17,,,1,305,,279219,17,,,1,106,,279220,17,,,1,101,,279221,17,,,1,184,,279222,17,,,1
3700,'20261118',618,,279223,17,0,7 81 82,1,119,,279224,17,0,7 81 82,1,670,,279225,17,,,1,305,,279226,17,,,1,106,,279227,17,,,1,101,,279228,17,,,1,184,,279229,17,,,1
3700,'20261119',618,,279230,17,0,7 81 82,1,119,,279231,17,0,7 81 82,1,670,,279232,17,,,1,305,,279233,17,,,1,106,,279234,17,,,1,101,,279235,17,,,1,184,,279236,17,,,1
3700,'20261120',618,,279237,17,0,7 81 82,1,119,,279238,17,0,7 81 82,1,670,,279239,17,,,1,305,,279240,17,,,1,106,,279241,17,,,1,101,,279242,17,,,1,184,,279243,17,,,1
3700,'20261123',618,,279244,17,0,7 81 82,1,119,,279245,17,0,7 81 82,1,670,,279246,17,,,1,305,,279247,17,,,1,106,,279248,17,,,1,101,,279249,17,,,1,184,,279250,17,,,1
3700,'20261124',618,,279251,17,0,7 81 82,1,119,,279252,17,0,7 81 82,1,670,,279253,17,,,1,305,,279254,17,,,1,106,,279255,17,,,1,101,,279256,17,,,1,184,,279257,17,,,1
3700,'20261125',618,,279258,17,0,7 81 82,1,119,,279259,17,0,7 81 82,1,670,,279260,17,,,1,305,,279261,17,,,1,106,,279262,17,,,1,101,,279263,17,,,1,184,,279264,17,,,1
3700,'20261126',618,,279265,17,0,7 81 82,1,119,,279266,17,0,7 81 82,1,670,,279267,17,,,1,305,,279268,17,,,1,106,,279269,17,,,1,101,,279270,17,,,1,184,,279271,17,,,1
3700,'20261127',618,,279272,17,0,7 81 82,1,119,,279273,17,0,7 81 82,1,670,,279274,17,,,1,305,,279275,17,,,1,106,,279276,17,,,1,101,,279277,17,,,1,184,,279278,17,,,1
