1500,'20260921',637,,226847,3,0,5 64 9,1,310,,226851,3,0,5 64 9,1,768,,226857,3,0,5 64 9,1
1500,'20260922',637,,226863,3,0,5 64 9,1,310,,226867,3,0,5 64 9,1,768,,226873,3,0,5 64 9,1
1500,'20260923',637,,226879,3,0,5 64 9,1,310,,226883,3,0,5 64 9,1,768,,226889,3,0,5 64 9,1
1500,'20260924',637,,226895,3,0,5 64 9,1,310,,226899,3,0,5 64 9,1,768,,226905,3,0,5 64 9,1
1500,'20260925',637,,226911,3,0,5 64 9,1,310,,226915,3,0,5 64 9,1,768,,226927,3,0,5 64 9,1
1500,'20260926',801,,226932,3,0,5 64 9,1,345,,226936,3,0,5 64 9,1,605,,226940,3,0,5 64 9,1
1500,'20260927',801,,226944,3,0,5 64 9,1,345,,226948,3,0,5 64 9,1,605,,226952,3,0,5 64 9,1
1500,'20260928',637,,226957,3,0,5 64 9,1,310,,226961,3,0,5 64 9,1,768,,226967,3,0,5 64 9,1
1500,'20260929',637,,226973,3,0,5 64 9,1,310,,226977,3,0,5 64 9,1,768,,226983,3,0,5 64 9,1
1500,'20260930',637,,226989,3,0,5 64 9,1,310,,226993,3,0,5 64 9,1,768,,226999,3,0,5 64 9,1
1500,'20261001',637,,227005,3,0,5 64 9,1,310,,227009,3,0,5 64 9,1,768,,227015,3,0,5 64 9,1
1500,'20261002',637,,227021,3,0,5 64 9,1,310,,227025,3,0,5 64 9,1,768,,227037,3,0,5 64 9,1
1500,'20261003',801,,227042,3,0,5 64 9,1,345,,227046,3,0,5 64 9,1,605,,227050,3,0,5 64 9,1
1500,'20261004',801,,227054,3,0,5 64 9,1,345,,227058,3,0,5 64 9,1,605,,227062,3,0,5 64 9,1
1500,'20261005',637,,227067,3,0,5 64 9,1,310,,227071,3,0,5 64 9,1,768,,227077,3,0,5 64 9,1
1500,'20261006',637,,227083,3,0,5 64 9,1,310,,227087,3,0,5 64 9,1,768,,227093,3,0,5 64 9,1
1500,'20261007',637,,227099,3,0,5 64 9,1,310,,227103,3,0,5 64 9,1,768,,227109,3,0,5 64 9,1
1500,'20261008',637,,227115,3,0,5 64 9,1,310,,227119,3,0,5 64 9,1,768,,227125,3,0,5 64 9,1
1500,'20261009',637,,227131,3,0,5 64 9,1,310,,227135,3,0,5 64 9,1,768,,227147,3,0,5 64 9,1
1500,'20261010',801,,227152,3,0,5 64 9,1,345,,227156,3,0,5 64 9,1,605,,227160,3,0,5 64 9,1
1500,'20261011',801,,227164,3,0,5 64 9,1,345,,227168,3,0,5 64 9,1,605,,227172,3,0,5 64 9,1
1500,'20261012',801,,227176,3,0,5 64 9,1,345,,227180,3,0,5 64 9,1,605,,227184,3,0,5 64 9,1
1500,'20261013',637,,227189,3,0,5 64 9,1,310,,227193,3,0,5 64 9,1,768,,227199,3,0,5 64 9,1
1500,'20261014',637,,227205,3,0,5 64 9,1,310,,227209,3,0,5 64 9,1,768,,227215,3,0,5 64 9,1
1500,'20261015',637,,227221,3,0,5 64 9,1,310,,227225,3,0,5 64 9,1,768,,227231,3,0,5 64 9,1
1500,'20261016',637,,227237,3,0,5 64 9,1,310,,227241,3,0,5 64 9,1,768,,227253,3,0,5 64 9,1
1500,'20261017',801,,227258,3,0,5 64 9,1,345,,227262,3,0,5 64 9,1,605,,227266,3,0,5 64 9,1
1500,'20261018',801,,227270,3,0,5 64 9,1,345,,227274,3,0,5 64 9,1,605,,227278,3,0,5 64 9,1
1500,'20261019',637,,227283,3,0,5 64 9,1,310,,227287,3,0,5 64 9,1,768,,227293,3,0,5 64 9,1
1500,'20261020',637,,227299,3,0,5 64 9,1,310,,227303,3,0,5 64 9,1,768,,227309,3,0,5 64 9,1
1500,'20261021',637,,227315,3,0,5 64 9,1,310,,227319,3,0,5 64 9,1,768,,227325,3,0,5 64 9,1
1500,'20261022',637,,227331,3,0,5 64 9,1,310,,227335,3,0,5 64 9,1,768,,227341,3,0,5 64 9,1
1500,'20261023',637,,227347,3,0,5 64 9,1,310,,227351,3,0,5 64 9,1,768,,227363,3,0,5 64 9,1
1500,'20261024',801,,227368,3,0,5 64 9,1,345,,227372,3,0,5 64 9,1,605,,227376,3,0,5 64 9,1
1500,'20261025',801,,227380,3,0,5 64 9,1,345,,227384,3,0,5 64 9,1,605,,227388,3,0,5 64 9,1
1500,'20261026',637,,227393,3,0,5 64 9,1,310,,227397,3,0,5 64 9,1,768,,227403,3,0,5 64 9,1
1500,'20261027',637,,227409,3,0,5 64 9,1,310,,227413,3,0,5 64 9,1,768,,227419,3,0,5 64 9,1
1500,'20261028',637,,227425,3,0,5 64 9,1,310,,227429,3,0,5 64 9,1,768,,227435,3,0,5 64 9,1
1500,'20261029',637,,227441,3,0,5 64 9,1,310,,227445,3,0,5 64 9,1,768,,227451,3,0,5 64 9,1
1500,'20261030',637,,227457,3,0,5 64 9,1,310,,227461,3,0,5 64 9,1,768,,227473,3,0,5 64 9,1
1500,'20261031',801,,227478,3,0,5 64 9,1,345,,227482,3,0,5 64 9,1,605,,227486,3,0,5 64 9,1
1500,'20261101',801,,227490,3,0,5 64 9,1,345,,227494,3,0,5 64 9,1,605,,227498,3,0,5 64 9,1
1500,'20261102',637,,227503,3,0,5 64 9,1,310,,227507,3,0,5 64 9,1,768,,227513,3,0,5 64 9,1
1500,'20261103',637,,227519,3,0,5 64 9,1,310,,227523,3,0,5 64 9,1,768,,227529,3,0,5 64 9,1
1500,'20261104',637,,227535,3,0,5 64 9,1,310,,227539,3,0,5 64 9,1,768,,227545,3,0,5 64 9,1
1500,'20261105',637,,227551,3,0,5 64 9,1,310,,227555,3,0,5 64 9,1,768,,227561,3,0,5 64 9,1
1500,'20261106',637,,227567,3,0,5 64 9,1,310,,227571,3,0,5 64 9,1,768,,227583,3,0,5 64 9,1
1500,'20261107',801,,227588,3,0,5 64 9,1,345,,227592,3,0,5 64 9,1,605,,227596,3,0,5 64 9,1
1500,'20261108',801,,227600,3,0,5 64 9,1,345,,227604,3,0,5 64 9,1,605,,227608,3,0,5 64 9,1
1500,'20261109',637,,227613,3,0,5 64 9,1,310,,227617,3,0,5 64 9,1,768,,227623,3,0,5 64 9,1
1500,'20261110',637,,227629,3,0,5 64 9,1,310,,227633,3,0,5 64 9,1,768,,227639,3,0,5 64 9,1
1500,'20261111',637,,227645,3,0,5 64 9,1,310,,227649,3,0,5 64 9,1,768,,227655,3,0,5 64 9,1
1500,'20261112',637,,227661,3,0,5 64 9,1,310,,227665,3,0,5 64 9,1,768,,227671,3,0,5 64 9,1
1500,'20261113',637,,227677,3,0,5 64 9,1,310,,227681,3,0,5 64 9,1,768,,227693,3,0,5 64 9,1
1500,'20261114',801,,227698,3,0,5 64 9,1,345,,227702,3,0,5 64 9,1,605,,227706,3,0,5 64 9,1
1500,'20261115',801,,227710,3,0,5 64 9,1,345,,227714,3,0,5 64 9,1,605,,227718,3,0,5 64 9,1
1500,'20261116',637,,227723,3,0,5 64 9,1,310,,227727,3,0,5 64 9,1,768,,227733,3,0,5 64 9,1
1500,'20261117',637,,227739,3,0,5 64 9,1,310,,227743,3,0,5 64 9,1,768,,227749,3,0,5 64 9,1
1500,'20261118',637,,227755,3,0,5 64 9,1,310,,227759,3,0,5 64 9,1,768,,227765,3,0,5 64 9,1
1500,'20261119',637,,227771,3,0,5 64 9,1,310,,227775,3,0,5 64 9,1,768,,227781,3,0,5 64 9,1
1500,'20261120',637,,227787,3,0,5 64 9,1,310,,227791,3,0,5 64 9,1,768,,227803,3,0,5 64 9,1
1500,'20261121',801,,227808,3,0,5 64 9,1,345,,227812,3,0,5 64 9,1,605,,227816,3,0,5 64 9,1
1500,'20261122',801,,227820,3,0,5 64 9,1,345,,227824,3,0,5 64 9,1,605,,227828,3,0,5 64 9,1
1500,'20261123',637,,227833,3,0,5 64 9,1,310,,227837,3,0,5 64 9,1,768,,227843,3,0,5 64 9,1
1500,'20261124',637,,227849,3,0,5 64 9,1,310,,227853,3,0,5 64 9,1,768,,227859,3,0,5 64 9,1
1500,'20261125',637,,227865,3,0,5 64 9,1,310,,227869,3,0,5 64 9,1,768,,227875,3,0,5 64 9,1
1500,'20261126',637,,227881,3,0,5 64 9,1,310,,227885,3,0,5 64 9,1,768,,227891,3,0,5 64 9,1
1500,'20261127',637,,227897,3,0,5 64 9,1,310,,227901,3,0,5 64 9,1,768,,227913,3,0,5 64 9,1
