3100,'20260831',423,,165019,19,0,16 29 30,1,80,,165020,19,0,57 29 30,1,1123,,165022,45,0,5 18 9,1,100,,165023,45,0,5 18 9,1,33,,165024,45,0,5 18 9,1,595,,165025,19,0,16 29 30,1,100,,165026,19,0,16 29 30,1
3100,'20260901',423,,165027,19,0,16 29 30,1,80,,165028,19,0,57 29 30,1,1123,,165030,45,0,5 18 9,1,100,,165031,45,0,5 18 9,1,33,,165032,45,0,5 18 9,1,595,,165033,19,0,16 29 30,1,100,,165034,19,0,16 29 30,1
3100,'20260902',423,,165035,19,0,16 29 30,1,80,,165036,19,0,57 29 30,1,1123,,165038,45,0,5 18 9,1,100,,165039,45,0,5 18 9,1,33,,165040,45,0,5 18 9,1,595,,165041,19,0,16 29 30,1,100,,165042,19,0,16 29 30,1
3100,'20260903',423,,165043,19,0,16 29 30,1,80,,165044,19,0,57 29 30,1,1123,,165046,45,0,5 18 9,1,100,,165047,45,0,5 18 9,1,33,,165048,45,0,5 18 9,1,595,,165049,19,0,16 29 30,1,100,,165050,19,0,16 29 30,1
3100,'20260904',423,,165051,19,0,16 29 30,1,80,,165052,19,0,57 29 30,1,1123,,165054,45,0,5 18 9,1,100,,165055,45,0,5 18 9,1,33,,165056,45,0,5 18 9,1,595,,165057,19,0,16 29 30,1,100,,165058,19,0,16 29 30,1
3100,'20260905',519,,266823,19,0,16 29 30,1,25,,266824,7,0,77 29 30,1,15,,266825,7,0,78 29 30,1,60,,266826,19,0,57 29 30,1,20,,266827,7,0,77 29 30,1,15,,266829,7,0,77 29 30,1,1670,,266830,19,0,16 29 30,1,102,,266831,19,0,16 29 30,1
3100,'20260906',519,,266832,19,0,16 29 30,1,25,,266833,7,0,77 29 30,1,15,,266834,7,0,78 29 30,1,60,,266835,19,0,57 29 30,1,20,,266836,7,0,77 29 30,1,15,,266838,7,0,77 29 30,1,1670,,266839,19,0,16 29 30,1,102,,266840,19,0,16 29 30,1
3100,'20260907',519,,266841,19,0,16 29 30,1,25,,266842,7,0,77 29 30,1,15,,266843,7,0,78 29 30,1,60,,266844,19,0,57 29 30,1,20,,266845,7,0,77 29 30,1,15,,266847,7,0,77 29 30,1,1670,,266848,19,0,16 29 30,1,102,,266849,19,0,16 29 30,1
3100,'20260908',423,,266850,19,0,16 29 30,1,80,,266851,19,0,57 29 30,1,1123,,266853,45,0,5 18 9,1,100,,266854,45,0,5 18 9,1,33,,266855,45,0,5 18 9,1,595,,266856,19,0,16 29 30,1,100,,266857,19,0,16 29 30,1
3100,'20260909',423,,266858,19,0,16 29 30,1,80,,266859,19,0,57 29 30,1,1123,,266861,45,0,5 18 9,1,100,,266862,45,0,5 18 9,1,33,,266863,45,0,5 18 9,1,595,,266864,19,0,16 29 30,1,100,,266865,19,0,16 29 30,1
3100,'20260910',423,,266866,19,0,16 29 30,1,80,,266867,19,0,57 29 30,1,1123,,266869,45,0,5 18 9,1,100,,266870,45,0,5 18 9,1,33,,266871,45,0,5 18 9,1,595,,266872,19,0,16 29 30,1,100,,266873,19,0,16 29 30,1
3100,'20260911',423,,266874,19,0,16 29 30,1,80,,266875,19,0,57 29 30,1,1123,,266877,45,0,5 18 9,1,100,,266878,45,0,5 18 9,1,33,,266879,45,0,5 18 9,1,595,,266880,19,0,16 29 30,1,100,,266881,19,0,16 29 30,1
3100,'20260912',519,,266882,19,0,16 29 30,1,25,,266883,7,0,77 29 30,1,15,,266884,7,0,78 29 30,1,60,,266885,19,0,57 29 30,1,20,,266886,7,0,77 29 30,1,15,,266888,7,0,77 29 30,1,156,,266889,48,0,71 20 39,1,798,,266890,48,0,71 20 39,1,305,,266891,48,0,71 20 39,1,5,,266892,48,0,71 20 39,1,406,,266893,19,0,16 29 30,1,102,,266894,19,0,16 29 30,1
3100,'20260913',519,,266895,19,0,16 29 30,1,25,,266896,7,0,77 29 30,1,15,,266897,7,0,78 29 30,1,60,,266898,19,0,57 29 30,1,20,,266899,7,0,77 29 30,1,15,,266901,7,0,77 29 30,1,156,,266902,48,0,71 20 39,1,798,,266903,48,0,71 20 39,1,305,,266904,48,0,71 20 39,1,5,,266905,48,0,71 20 39,1,406,,266906,19,0,16 29 30,1,102,,266907,19,0,16 29 30,1
3100,'20260914',423,,266908,19,0,16 29 30,1,80,,266909,19,0,57 29 30,1,1123,,266911,45,0,5 18 9,1,100,,266912,45,0,5 18 9,1,33,,266913,45,0,5 18 9,1,595,,266914,19,0,16 29 30,1,100,,266915,19,0,16 29 30,1
3100,'20260915',423,,266916,19,0,16 29 30,1,80,,266917,19,0,57 29 30,1,1123,,266919,45,0,5 18 9,1,100,,266920,45,0,5 18 9,1,33,,266921,45,0,5 18 9,1,595,,266922,19,0,16 29 30,1,100,,266923,19,0,16 29 30,1
3100,'20260916',423,,266924,19,0,16 29 30,1,80,,266925,19,0,57 29 30,1,1123,,266927,45,0,5 18 9,1,100,,266928,45,0,5 18 9,1,33,,266929,45,0,5 18 9,1,595,,266930,19,0,16 29 30,1,100,,266931,19,0,16 29 30,1
3100,'20260917',423,,266932,19,0,16 29 30,1,80,,266933,19,0,57 29 30,1,1123,,266935,45,0,5 18 9,1,100,,266936,45,0,5 18 9,1,33,,266937,45,0,5 18 9,1,595,,266938,19,0,16 29 30,1,100,,266939,19,0,16 29 30,1
3100,'20260918',423,,266940,19,0,16 29 30,1,80,,266941,19,0,57 29 30,1,1123,,266943,45,0,5 18 9,1,100,,266944,45,0,5 18 9,1,33,,266945,45,0,5 18 9,1,595,,266946,19,0,16 29 30,1,100,,266947,19,0,16 29 30,1
3100,'20260919',519,,266948,19,0,16 29 30,1,25,,266949,7,0,77 29 30,1,15,,266950,7,0,78 29 30,1,60,,266951,19,0,57 29 30,1,20,,266952,7,0,77 29 30,1,15,,266954,7,0,77 29 30,1,156,,266955,48,0,71 20 39,1,798,,266956,48,0,71 20 39,1,305,,266957,48,0,71 20 39,1,5,,266958,48,0,71 20 39,1,406,,266959,19,0,16 29 30,1,102,,266960,19,0,16 29 30,1
3100,'20260920',519,,266961,19,0,16 29 30,1,25,,266962,7,0,77 29 30,1,15,,266963,7,0,78 29 30,1,60,,266964,19,0,57 29 30,1,20,,266965,7,0,77 29 30,1,15,,266967,7,0,77 29 30,1,156,,266968,48,0,71 20 39,1,798,,266969,48,0,71 20 39,1,305,,266970,48,0,71 20 39,1,5,,266971,48,0,71 20 39,1,406,,266972,19,0,16 29 30,1,102,,266973,19,0,16 29 30,1
3100,'20260921',423,,266974,19,0,16 29 30,1,80,,266975,19,0,57 29 30,1,1123,,266977,45,0,5 18 9,1,100,,266978,45,0,5 18 9,1,33,,266979,45,0,5 18 9,1,595,,266980,19,0,16 29 30,1,100,,266981,19,0,16 29 30,1
3100,'20260922',423,,266982,19,0,16 29 30,1,80,,266983,19,0,57 29 30,1,1123,,266985,45,0,5 18 9,1,100,,266986,45,0,5 18 9,1,33,,266987,45,0,5 18 9,1,595,,266988,19,0,16 29 30,1,100,,266989,19,0,16 29 30,1
3100,'20260923',423,,266990,19,0,16 29 30,1,80,,266991,19,0,57 29 30,1,1123,,266993,45,0,5 18 9,1,100,,266994,45,0,5 18 9,1,33,,266995,45,0,5 18 9,1,595,,266996,19,0,16 29 30,1,100,,266997,19,0,16 29 30,1
3100,'20260924',423,,266998,19,0,16 29 30,1,80,,266999,19,0,57 29 30,1,1123,,267001,45,0,5 18 9,1,100,,267002,45,0,5 18 9,1,33,,267003,45,0,5 18 9,1,595,,267004,19,0,16 29 30,1,100,,267005,19,0,16 29 30,1
3100,'20260925',423,,267006,19,0,16 29 30,1,80,,267007,19,0,57 29 30,1,1123,,267009,45,0,5 18 9,1,100,,267010,45,0,5 18 9,1,33,,267011,45,0,5 18 9,1,595,,267012,19,0,16 29 30,1,100,,267013,19,0,16 29 30,1
3100,'20260926',519,,267014,19,0,16 29 30,1,25,,267015,7,0,77 29 30,1,15,,267016,7,0,78 29 30,1,60,,267017,19,0,57 29 30,1,20,,267018,7,0,77 29 30,1,15,,267020,7,0,77 29 30,1,1670,,267021,19,0,16 29 30,1,102,,267022,19,0,16 29 30,1
3100,'20260927',519,,267023,19,0,16 29 30,1,25,,267024,7,0,77 29 30,1,15,,267025,7,0,78 29 30,1,60,,267026,19,0,57 29 30,1,20,,267027,7,0,77 29 30,1,15,,267029,7,0,77 29 30,1,1670,,267030,19,0,16 29 30,1,102,,267031,19,0,16 29 30,1
3100,'20260928',423,,267032,19,0,16 29 30,1,80,,267033,19,0,57 29 30,1,1123,,267035,45,0,5 18 9,1,100,,267036,45,0,5 18 9,1,33,,267037,45,0,5 18 9,1,595,,267038,19,0,16 29 30,1,100,,267039,19,0,16 29 30,1
3100,'20260929',423,,267040,19,0,16 29 30,1,80,,267041,19,0,57 29 30,1,1123,,267043,45,0,5 18 9,1,100,,267044,45,0,5 18 9,1,33,,267045,45,0,5 18 9,1,595,,267046,19,0,16 29 30,1,100,,267047,19,0,16 29 30,1
3100,'20260930',423,,267048,19,0,16 29 30,1,80,,267049,19,0,57 29 30,1,1123,,267051,45,0,5 18 9,1,100,,267052,45,0,5 18 9,1,33,,267053,45,0,5 18 9,1,595,,267054,19,0,16 29 30,1,100,,267055,19,0,16 29 30,1
3100,'20261001',423,,267056,19,0,16 29 30,1,80,,267057,19,0,57 29 30,1,1123,,267059,45,0,5 18 9,1,100,,267060,45,0,5 18 9,1,33,,267061,45,0,5 18 9,1,595,,267062,19,0,16 29 30,1,100,,267063,19,0,16 29 30,1
3100,'20261002',423,,267064,19,0,16 29 30,1,80,,267065,19,0,57 29 30,1,1123,,267067,45,0,5 18 9,1,100,,267068,45,0,5 18 9,1,33,,267069,45,0,5 18 9,1,595,,267070,19,0,16 29 30,1,100,,267071,19,0,16 29 30,1
3100,'20261003',519,,267072,19,0,16 29 30,1,25,,267073,7,0,77 29 30,1,15,,267074,7,0,78 29 30,1,60,,267075,19,0,57 29 30,1,20,,267076,7,0,77 29 30,1,15,,267078,7,0,77 29 30,1,1670,,267079,19,0,16 29 30,1,102,,267080,19,0,16 29 30,1
3100,'20261004',519,,267081,19,0,16 29 30,1,25,,267082,7,0,77 29 30,1,15,,267083,7,0,78 29 30,1,60,,267084,19,0,57 29 30,1,20,,267085,7,0,77 29 30,1,15,,267087,7,0,77 29 30,1,1670,,267088,19,0,16 29 30,1,102,,267089,19,0,16 29 30,1
3100,'20261005',423,,267090,19,0,16 29 30,1,80,,267091,19,0,57 29 30,1,1123,,267093,45,0,5 18 9,1,100,,267094,45,0,5 18 9,1,33,,267095,45,0,5 18 9,1,595,,267096,19,0,16 29 30,1,100,,267097,19,0,16 29 30,1
3100,'20261006',423,,267098,19,0,16 29 30,1,80,,267099,19,0,57 29 30,1,1123,,267101,45,0,5 18 9,1,100,,267102,45,0,5 18 9,1,33,,267103,45,0,5 18 9,1,595,,267104,19,0,16 29 30,1,100,,267105,19,0,16 29 30,1
3100,'20261007',423,,267106,19,0,16 29 30,1,80,,267107,19,0,57 29 30,1,1123,,267109,45,0,5 18 9,1,100,,267110,45,0,5 18 9,1,33,,267111,45,0,5 18 9,1,595,,267112,19,0,16 29 30,1,100,,267113,19,0,16 29 30,1
3100,'20261008',423,,267114,19,0,16 29 30,1,80,,267115,19,0,57 29 30,1,1123,,267117,45,0,5 18 9,1,100,,267118,45,0,5 18 9,1,33,,267119,45,0,5 18 9,1,595,,267120,19,0,16 29 30,1,100,,267121,19,0,16 29 30,1
3100,'20261009',423,,267122,19,0,16 29 30,1,80,,267123,19,0,57 29 30,1,1123,,267125,45,0,5 18 9,1,100,,267126,45,0,5 18 9,1,33,,267127,45,0,5 18 9,1,595,,267128,19,0,16 29 30,1,100,,267129,19,0,16 29 30,1
3100,'20261010',519,,267130,19,0,16 29 30,1,25,,267131,7,0,77 29 30,1,15,,267132,7,0,78 29 30,1,60,,267133,19,0,57 29 30,1,20,,267134,7,0,77 29 30,1,15,,267136,7,0,77 29 30,1,1670,,267137,19,0,16 29 30,1,102,,267138,19,0,16 29 30,1
3100,'20261011',519,,267139,19,0,16 29 30,1,25,,267140,7,0,77 29 30,1,15,,267141,7,0,78 29 30,1,60,,267142,19,0,57 29 30,1,20,,267143,7,0,77 29 30,1,15,,267145,7,0,77 29 30,1,1670,,267146,19,0,16 29 30,1,102,,267147,19,0,16 29 30,1
3100,'20261012',519,,267148,19,0,16 29 30,1,25,,267149,7,0,77 29 30,1,15,,267150,7,0,78 29 30,1,60,,267151,19,0,57 29 30,1,20,,267152,7,0,77 29 30,1,15,,267154,7,0,77 29 30,1,1670,,267155,19,0,16 29 30,1,102,,267156,19,0,16 29 30,1
3100,'20261013',423,,267157,19,0,16 29 30,1,80,,267158,19,0,57 29 30,1,1123,,267160,45,0,5 18 9,1,100,,267161,45,0,5 18 9,1,33,,267162,45,0,5 18 9,1,595,,267163,19,0,16 29 30,1,100,,267164,19,0,16 29 30,1
3100,'20261014',423,,267165,19,0,16 29 30,1,80,,267166,19,0,57 29 30,1,1123,,267168,45,0,5 18 9,1,100,,267169,45,0,5 18 9,1,33,,267170,45,0,5 18 9,1,595,,267171,19,0,16 29 30,1,100,,267172,19,0,16 29 30,1
3100,'20261015',423,,267173,19,0,16 29 30,1,80,,267174,19,0,57 29 30,1,1123,,267176,45,0,5 18 9,1,100,,267177,45,0,5 18 9,1,33,,267178,45,0,5 18 9,1,595,,267179,19,0,16 29 30,1,100,,267180,19,0,16 29 30,1
3100,'20261016',423,,267181,19,0,16 29 30,1,80,,267182,19,0,57 29 30,1,1123,,267184,45,0,5 18 9,1,100,,267185,45,0,5 18 9,1,33,,267186,45,0,5 18 9,1,595,,267187,19,0,16 29 30,1,100,,267188,19,0,16 29 30,1
3100,'20261017',519,,267189,19,0,16 29 30,1,25,,267190,7,0,77 29 30,1,15,,267191,7,0,78 29 30,1,60,,267192,19,0,57 29 30,1,20,,267193,7,0,77 29 30,1,15,,267195,7,0,77 29 30,1,1670,,267196,19,0,16 29 30,1,102,,267197,19,0,16 29 30,1
3100,'20261018',519,,267198,19,0,16 29 30,1,25,,267199,7,0,77 29 30,1,15,,267200,7,0,78 29 30,1,60,,267201,19,0,57 29 30,1,20,,267202,7,0,77 29 30,1,15,,267204,7,0,77 29 30,1,1670,,267205,19,0,16 29 30,1,102,,267206,19,0,16 29 30,1
3100,'20261019',423,,267207,19,0,16 29 30,1,80,,267208,19,0,57 29 30,1,1123,,267210,45,0,5 18 9,1,100,,267211,45,0,5 18 9,1,33,,267212,45,0,5 18 9,1,595,,267213,19,0,16 29 30,1,100,,267214,19,0,16 29 30,1
3100,'20261020',423,,267215,19,0,16 29 30,1,80,,267216,19,0,57 29 30,1,1123,,267218,45,0,5 18 9,1,100,,267219,45,0,5 18 9,1,33,,267220,45,0,5 18 9,1,595,,267221,19,0,16 29 30,1,100,,267222,19,0,16 29 30,1
3100,'20261021',423,,267223,19,0,16 29 30,1,80,,267224,19,0,57 29 30,1,1123,,267226,45,0,5 18 9,1,100,,267227,45,0,5 18 9,1,33,,267228,45,0,5 18 9,1,595,,267229,19,0,16 29 30,1,100,,267230,19,0,16 29 30,1
3100,'20261022',423,,267231,19,0,16 29 30,1,80,,267232,19,0,57 29 30,1,1123,,267234,45,0,5 18 9,1,100,,267235,45,0,5 18 9,1,33,,267236,45,0,5 18 9,1,595,,267237,19,0,16 29 30,1,100,,267238,19,0,16 29 30,1
3100,'20261023',423,,267239,19,0,16 29 30,1,80,,267240,19,0,57 29 30,1,1123,,267242,45,0,5 18 9,1,100,,267243,45,0,5 18 9,1,33,,267244,45,0,5 18 9,1,595,,267245,19,0,16 29 30,1,100,,267246,19,0,16 29 30,1
3100,'20261024',519,,267247,19,0,16 29 30,1,25,,267248,7,0,77 29 30,1,15,,267249,7,0,78 29 30,1,60,,267250,19,0,57 29 30,1,20,,267251,7,0,77 29 30,1,15,,267253,7,0,77 29 30,1,1670,,267254,19,0,16 29 30,1,102,,267255,19,0,16 29 30,1
3100,'20261025',519,,267256,19,0,16 29 30,1,25,,267257,7,0,77 29 30,1,15,,267258,7,0,78 29 30,1,60,,267259,19,0,57 29 30,1,20,,267260,7,0,77 29 30,1,15,,267262,7,0,77 29 30,1,1670,,267263,19,0,16 29 30,1,102,,267264,19,0,16 29 30,1
3100,'20261026',423,,267265,19,0,16 29 30,1,80,,267266,19,0,57 29 30,1,1123,,267268,45,0,5 18 9,1,100,,267269,45,0,5 18 9,1,33,,267270,45,0,5 18 9,1,595,,267271,19,0,16 29 30,1,100,,267272,19,0,16 29 30,1
3100,'20261027',423,,267273,19,0,16 29 30,1,80,,267274,19,0,57 29 30,1,1123,,267276,45,0,5 18 9,1,100,,267277,45,0,5 18 9,1,33,,267278,45,0,5 18 9,1,595,,267279,19,0,16 29 30,1,100,,267280,19,0,16 29 30,1
3100,'20261028',423,,267281,19,0,16 29 30,1,80,,267282,19,0,57 29 30,1,1123,,267284,45,0,5 18 9,1,100,,267285,45,0,5 18 9,1,33,,267286,45,0,5 18 9,1,595,,267287,19,0,16 29 30,1,100,,267288,19,0,16 29 30,1
3100,'20261029',423,,267289,19,0,16 29 30,1,80,,267290,19,0,57 29 30,1,1123,,267292,45,0,5 18 9,1,100,,267293,45,0,5 18 9,1,33,,267294,45,0,5 18 9,1,595,,267295,19,0,16 29 30,1,100,,267296,19,0,16 29 30,1
3100,'20261030',423,,267297,19,0,16 29 30,1,80,,267298,19,0,57 29 30,1,1123,,267300,45,0,5 18 9,1,100,,267301,45,0,5 18 9,1,33,,267302,45,0,5 18 9,1,595,,267303,19,0,16 29 30,1,100,,267304,19,0,16 29 30,1
3100,'20261031',519,,267305,19,0,16 29 30,1,25,,267306,7,0,77 29 30,1,15,,267307,7,0,78 29 30,1,60,,267308,19,0,57 29 30,1,20,,267309,7,0,77 29 30,1,15,,267311,7,0,77 29 30,1,1670,,267312,19,0,16 29 30,1,102,,267313,19,0,16 29 30,1
3100,'20261101',519,,267314,19,0,16 29 30,1,25,,267315,7,0,77 29 30,1,15,,267316,7,0,78 29 30,1,60,,267317,19,0,57 29 30,1,20,,267318,7,0,77 29 30,1,15,,267320,7,0,77 29 30,1,1670,,267321,19,0,16 29 30,1,102,,267322,19,0,16 29 30,1
3100,'20261102',423,,267323,19,0,16 29 30,1,80,,267324,19,0,57 29 30,1,1123,,267326,45,0,5 18 9,1,100,,267327,45,0,5 18 9,1,33,,267328,45,0,5 18 9,1,595,,267329,19,0,16 29 30,1,100,,267330,19,0,16 29 30,1
3100,'20261103',423,,267331,19,0,16 29 30,1,80,,267332,19,0,57 29 30,1,1123,,267334,45,0,5 18 9,1,100,,267335,45,0,5 18 9,1,33,,267336,45,0,5 18 9,1,595,,267337,19,0,16 29 30,1,100,,267338,19,0,16 29 30,1
3100,'20261104',423,,267339,19,0,16 29 30,1,80,,267340,19,0,57 29 30,1,1123,,267342,45,0,5 18 9,1,100,,267343,45,0,5 18 9,1,33,,267344,45,0,5 18 9,1,595,,267345,19,0,16 29 30,1,100,,267346,19,0,16 29 30,1
3100,'20261105',423,,267347,19,0,16 29 30,1,80,,267348,19,0,57 29 30,1,1123,,267350,45,0,5 18 9,1,100,,267351,45,0,5 18 9,1,33,,267352,45,0,5 18 9,1,595,,267353,19,0,16 29 30,1,100,,267354,19,0,16 29 30,1
3100,'20261106',423,,267355,19,0,16 29 30,1,80,,267356,19,0,57 29 30,1,1123,,267358,45,0,5 18 9,1,100,,267359,45,0,5 18 9,1,33,,267360,45,0,5 18 9,1,595,,267361,19,0,16 29 30,1,100,,267362,19,0,16 29 30,1
3100,'20261107',519,,267363,19,0,16 29 30,1,25,,267364,7,0,77 29 30,1,15,,267365,7,0,78 29 30,1,60,,267366,19,0,57 29 30,1,20,,267367,7,0,77 29 30,1,15,,267369,7,0,77 29 30,1,1670,,267370,19,0,16 29 30,1,102,,267371,19,0,16 29 30,1
3100,'20261108',519,,267372,19,0,16 29 30,1,25,,267373,7,0,77 29 30,1,15,,267374,7,0,78 29 30,1,60,,267375,19,0,57 29 30,1,20,,267376,7,0,77 29 30,1,15,,267378,7,0,77 29 30,1,1670,,267379,19,0,16 29 30,1,102,,267380,19,0,16 29 30,1
3100,'20261109',423,,267381,19,0,16 29 30,1,80,,267382,19,0,57 29 30,1,1123,,267384,45,0,5 18 9,1,100,,267385,45,0,5 18 9,1,33,,267386,45,0,5 18 9,1,595,,267387,19,0,16 29 30,1,100,,267388,19,0,16 29 30,1
3100,'20261110',423,,267389,19,0,16 29 30,1,80,,267390,19,0,57 29 30,1,1123,,267392,45,0,5 18 9,1,100,,267393,45,0,5 18 9,1,33,,267394,45,0,5 18 9,1,595,,267395,19,0,16 29 30,1,100,,267396,19,0,16 29 30,1
3100,'20261111',423,,267397,19,0,16 29 30,1,80,,267398,19,0,57 29 30,1,1123,,267400,45,0,5 18 9,1,100,,267401,45,0,5 18 9,1,33,,267402,45,0,5 18 9,1,595,,267403,19,0,16 29 30,1,100,,267404,19,0,16 29 30,1
3100,'20261112',423,,267405,19,0,16 29 30,1,80,,267406,19,0,57 29 30,1,1123,,267408,45,0,5 18 9,1,100,,267409,45,0,5 18 9,1,33,,267410,45,0,5 18 9,1,595,,267411,19,0,16 29 30,1,100,,267412,19,0,16 29 30,1
3100,'20261113',423,,267413,19,0,16 29 30,1,80,,267414,19,0,57 29 30,1,1123,,267416,45,0,5 18 9,1,100,,267417,45,0,5 18 9,1,33,,267418,45,0,5 18 9,1,595,,267419,19,0,16 29 30,1,100,,267420,19,0,16 29 30,1
3100,'20261114',519,,267421,19,0,16 29 30,1,25,,267422,7,0,77 29 30,1,15,,267423,7,0,78 29 30,1,60,,267424,19,0,57 29 30,1,20,,267425,7,0,77 29 30,1,15,,267427,7,0,77 29 30,1,1670,,267428,19,0,16 29 30,1,102,,267429,19,0,16 29 30,1
3100,'20261115',519,,267430,19,0,16 29 30,1,25,,267431,7,0,77 29 30,1,15,,267432,7,0,78 29 30,1,60,,267433,19,0,57 29 30,1,20,,267434,7,0,77 29 30,1,15,,267436,7,0,77 29 30,1,1670,,267437,19,0,16 29 30,1,102,,267438,19,0,16 29 30,1
3100,'20261116',423,,267439,19,0,16 29 30,1,80,,267440,19,0,57 29 30,1,1123,,267442,45,0,5 18 9,1,100,,267443,45,0,5 18 9,1,33,,267444,45,0,5 18 9,1,595,,267445,19,0,16 29 30,1,100,,267446,19,0,16 29 30,1
3100,'20261117',423,,267447,19,0,16 29 30,1,80,,267448,19,0,57 29 30,1,1123,,267450,45,0,5 18 9,1,100,,267451,45,0,5 18 9,1,33,,267452,45,0,5 18 9,1,595,,267453,19,0,16 29 30,1,100,,267454,19,0,16 29 30,1
3100,'20261118',423,,267455,19,0,16 29 30,1,80,,267456,19,0,57 29 30,1,1123,,267458,45,0,5 18 9,1,100,,267459,45,0,5 18 9,1,33,,267460,45,0,5 18 9,1,595,,267461,19,0,16 29 30,1,100,,267462,19,0,16 29 30,1
3100,'20261119',423,,267463,19,0,16 29 30,1,80,,267464,19,0,57 29 30,1,1123,,267466,45,0,5 18 9,1,100,,267467,45,0,5 18 9,1,33,,267468,45,0,5 18 9,1,595,,267469,19,0,16 29 30,1,100,,267470,19,0,16 29 30,1
3100,'20261120',423,,267471,19,0,16 29 30,1,80,,267472,19,0,57 29 30,1,1123,,267474,45,0,5 18 9,1,100,,267475,45,0,5 18 9,1,33,,267476,45,0,5 18 9,1,595,,267477,19,0,16 29 30,1,100,,267478,19,0,16 29 30,1
3100,'20261121',519,,267479,19,0,16 29 30,1,25,,267480,7,0,77 29 30,1,15,,267481,7,0,78 29 30,1,60,,267482,19,0,57 29 30,1,20,,267483,7,0,77 29 30,1,15,,267485,7,0,77 29 30,1,1670,,267486,19,0,16 29 30,1,102,,267487,19,0,16 29 30,1
3100,'20261122',519,,267488,19,0,16 29 30,1,25,,267489,7,0,77 29 30,1,15,,267490,7,0,78 29 30,1,60,,267491,19,0,57 29 30,1,20,,267492,7,0,77 29 30,1,15,,267494,7,0,77 29 30,1,1670,,267495,19,0,16 29 30,1,102,,267496,19,0,16 29 30,1
3100,'20261123',423,,267497,19,0,16 29 30,1,80,,267498,19,0,57 29 30,1,1123,,267500,45,0,5 18 9,1,100,,267501,45,0,5 18 9,1,33,,267502,45,0,5 18 9,1,595,,267503,19,0,16 29 30,1,100,,267504,19,0,16 29 30,1
3100,'20261124',423,,267505,19,0,16 29 30,1,80,,267506,19,0,57 29 30,1,1123,,267508,45,0,5 18 9,1,100,,267509,45,0,5 18 9,1,33,,267510,45,0,5 18 9,1,595,,267511,19,0,16 29 30,1,100,,267512,19,0,16 29 30,1
3100,'20261125',423,,267513,19,0,16 29 30,1,80,,267514,19,0,57 29 30,1,1123,,267516,45,0,5 18 9,1,100,,267517,45,0,5 18 9,1,33,,267518,45,0,5 18 9,1,595,,267519,19,0,16 29 30,1,100,,267520,19,0,16 29 30,1
3100,'20261126',423,,267521,19,0,16 29 30,1,80,,267522,19,0,57 29 30,1,1123,,267524,45,0,5 18 9,1,100,,267525,45,0,5 18 9,1,33,,267526,45,0,5 18 9,1,595,,267527,19,0,16 29 30,1,100,,267528,19,0,16 29 30,1
3100,'20261127',423,,267529,19,0,16 29 30,1,80,,267530,19,0,57 29 30,1,1123,,267532,45,0,5 18 9,1,100,,267533,45,0,5 18 9,1,33,,267534,45,0,5 18 9,1,595,,267535,19,0,16 29 30,1,100,,267536,19,0,16 29 30,1
3300,'20260831',521,,170400,19,0,16 24 25,1,21,,170401,7,0,5 24 25,1,60,,170402,7,0,5 24 25,1,15,,170403,7,0,5 24 25,1,13,,170404,19,0,16 24 25,1,17,,170405,7,0,5 24 25,1,55,,170406,7,0,5 24 25,1,8,,170407,45,,,1,12,,170408,7,0,5 24 25,1,15,,170409,7,0,5 24 25,1,67,,170410,19,0,16 24 25,1,55,,170411,45,,,1,68,,170412,7,0,5 24 25,1,30,,170413,7,0,5 24 25,1,100,,170415,7,0,5 24 25,1,100,,170416,7,0,5 24 25,1,100,,170418,7,0,5 24 25,1,95,,170419,7,0,5 24 25,1,100,,170421,7,0,5 24 25,1,102,,170423,7,0,5 24 25,1,280,,170427,45,,,1,125,,170429,7,0,5 24 25,1,100,,170431,7,0,5 24 25,1,99,,170433,7,0,5 24 25,1,91,,170434,19,0,52 18 9,1
3300,'20260901',521,,170435,19,0,16 24 25,1,21,,170436,7,0,5 24 25,1,60,,170437,7,0,5 24 25,1,15,,170438,7,0,5 24 25,1,13,,170439,19,0,16 24 25,1,17,,170440,7,0,5 24 25,1,55,,170441,7,0,5 24 25,1,8,,170442,45,,,1,12,,170443,7,0,5 24 25,1,15,,170444,7,0,5 24 25,1,67,,170445,19,0,16 24 25,1,55,,170446,45,,,1,68,,170447,7,0,5 24 25,1,30,,170448,7,0,5 24 25,1,100,,170450,7,0,5 24 25,1,100,,170451,7,0,5 24 25,1,100,,170453,7,0,5 24 25,1,95,,170454,7,0,5 24 25,1,100,,170456,7,0,5 24 25,1,102,,170458,7,0,5 24 25,1,280,,170462,45,,,1,125,,170464,7,0,5 24 25,1,100,,170466,7,0,5 24 25,1,99,,170468,7,0,5 24 25,1,91,,170469,19,0,52 18 9,1
3300,'20260902',521,,170470,19,0,16 24 25,1,21,,170471,7,0,5 24 25,1,60,,170472,7,0,5 24 25,1,15,,170473,7,0,5 24 25,1,13,,170474,19,0,16 24 25,1,17,,170475,7,0,5 24 25,1,55,,170476,7,0,5 24 25,1,8,,170477,45,,,1,12,,170478,7,0,5 24 25,1,15,,170479,7,0,5 24 25,1,67,,170480,19,0,16 24 25,1,55,,170481,45,,,1,68,,170482,7,0,5 24 25,1,30,,170483,7,0,5 24 25,1,100,,170485,7,0,5 24 25,1,100,,170486,7,0,5 24 25,1,100,,170488,7,0,5 24 25,1,95,,170489,7,0,5 24 25,1,100,,170491,7,0,5 24 25,1,102,,170493,7,0,5 24 25,1,280,,170497,45,,,1,125,,170499,7,0,5 24 25,1,100,,170501,7,0,5 24 25,1,99,,170503,7,0,5 24 25,1,91,,170504,19,0,52 18 9,1
3300,'20260903',521,,170505,19,0,16 24 25,1,21,,170506,7,0,5 24 25,1,60,,170507,7,0,5 24 25,1,15,,170508,7,0,5 24 25,1,13,,170509,19,0,16 24 25,1,17,,170510,7,0,5 24 25,1,55,,170511,7,0,5 24 25,1,8,,170512,45,,,1,12,,170513,7,0,5 24 25,1,15,,170514,7,0,5 24 25,1,67,,170515,19,0,16 24 25,1,55,,170516,45,,,1,68,,170517,7,0,5 24 25,1,30,,170518,7,0,5 24 25,1,100,,170520,7,0,5 24 25,1,100,,170521,7,0,5 24 25,1,100,,170523,7,0,5 24 25,1,95,,170524,7,0,5 24 25,1,100,,170526,7,0,5 24 25,1,102,,170528,7,0,5 24 25,1,280,,170532,45,,,1,125,,170534,7,0,5 24 25,1,100,,170536,7,0,5 24 25,1,99,,170538,7,0,5 24 25,1,91,,170539,19,0,52 18 9,1
3300,'20260904',521,,170540,19,0,16 24 25,1,21,,170541,7,0,5 24 25,1,60,,170542,7,0,5 24 25,1,15,,170543,7,0,5 24 25,1,13,,170544,19,0,16 24 25,1,17,,170545,7,0,5 24 25,1,55,,170546,7,0,5 24 25,1,8,,170547,45,,,1,12,,170548,7,0,5 24 25,1,15,,170549,7,0,5 24 25,1,67,,170550,19,0,16 24 25,1,55,,170551,45,,,1,68,,170552,7,0,5 24 25,1,30,,170553,7,0,5 24 25,1,100,,170555,7,0,5 24 25,1,100,,170556,7,0,5 24 25,1,100,,170558,7,0,5 24 25,1,95,,170559,7,0,5 24 25,1,100,,170561,7,0,5 24 25,1,102,,170563,7,0,5 24 25,1,280,,170567,45,,,1,125,,170569,7,0,5 24 25,1,100,,170571,7,0,5 24 25,1,99,,170573,7,0,5 24 25,1,91,,170574,19,0,52 18 9,1
3300,'20260905',745,,270763,45,,,1,198,,270764,45,,,1,202,,270766,45,,,1,200,,270767,45,,,1,200,,270768,45,,,1,200,,270769,45,,,1,200,,270771,45,,,1,200,,270772,45,,,1
3300,'20260906',745,,270774,45,,,1,198,,270775,45,,,1,202,,270777,45,,,1,200,,270778,45,,,1,200,,270779,45,,,1,200,,270780,45,,,1,200,,270782,45,,,1,200,,270783,45,,,1
3300,'20260907',745,,270785,45,,,1,198,,270786,45,,,1,202,,270788,45,,,1,200,,270789,45,,,1,200,,270790,45,,,1,200,,270791,45,,,1,200,,270793,45,,,1,200,,270794,45,,,1
3300,'20260908',521,,270796,19,0,16 24 25,1,21,,270797,7,0,5 24 25,1,60,,270798,7,0,5 24 25,1,15,,270799,7,0,5 24 25,1,13,,270800,19,0,16 24 25,1,17,,270801,7,0,5 24 25,1,55,,270802,7,0,5 24 25,1,8,,270803,45,,,1,12,,270804,7,0,5 24 25,1,15,,270805,7,0,5 24 25,1,67,,270806,19,0,16 24 25,1,55,,270807,45,,,1,68,,270808,7,0,5 24 25,1,30,,270809,7,0,5 24 25,1,100,,270811,7,0,5 24 25,1,100,,270812,7,0,5 24 25,1,100,,270814,7,0,5 24 25,1,95,,270815,7,0,5 24 25,1,100,,270817,7,0,5 24 25,1,102,,270819,7,0,5 24 25,1,280,,270823,45,,,1,80,,270824,45,,,1,45,,270826,7,0,5 24 25,1,100,,270828,7,0,5 24 25,1,99,,270830,7,0,5 24 25,1,91,,270831,19,0,52 18 9,1
3300,'20260909',521,,270832,19,0,16 24 25,1,21,,270833,7,0,5 24 25,1,60,,270834,7,0,5 24 25,1,15,,270835,7,0,5 24 25,1,13,,270836,19,0,16 24 25,1,17,,270837,7,0,5 24 25,1,55,,270838,7,0,5 24 25,1,8,,270839,45,,,1,12,,270840,7,0,5 24 25,1,15,,270841,7,0,5 24 25,1,67,,270842,19,0,16 24 25,1,55,,270843,45,,,1,68,,270844,7,0,5 24 25,1,30,,270845,7,0,5 24 25,1,100,,270847,7,0,5 24 25,1,100,,270848,7,0,5 24 25,1,100,,270850,7,0,5 24 25,1,95,,270851,7,0,5 24 25,1,100,,270853,7,0,5 24 25,1,102,,270855,7,0,5 24 25,1,280,,270859,45,,,1,80,,270860,45,,,1,45,,270862,7,0,5 24 25,1,100,,270864,7,0,5 24 25,1,99,,270866,7,0,5 24 25,1,91,,270867,19,0,52 18 9,1
3300,'20260910',521,,270868,19,0,16 24 25,1,21,,270869,7,0,5 24 25,1,60,,270870,7,0,5 24 25,1,15,,270871,7,0,5 24 25,1,13,,270872,19,0,16 24 25,1,17,,270873,7,0,5 24 25,1,55,,270874,7,0,5 24 25,1,8,,270875,45,,,1,12,,270876,7,0,5 24 25,1,15,,270877,7,0,5 24 25,1,67,,270878,19,0,16 24 25,1,55,,270879,45,,,1,68,,270880,7,0,5 24 25,1,30,,270881,7,0,5 24 25,1,100,,270883,7,0,5 24 25,1,100,,270884,7,0,5 24 25,1,100,,270886,7,0,5 24 25,1,95,,270887,7,0,5 24 25,1,100,,270889,7,0,5 24 25,1,102,,270891,7,0,5 24 25,1,280,,270895,45,,,1,80,,270896,45,,,1,45,,270898,7,0,5 24 25,1,100,,270900,7,0,5 24 25,1,99,,270902,7,0,5 24 25,1,91,,270903,19,0,52 18 9,1
3300,'20260911',521,,270904,19,0,16 24 25,1,21,,270905,7,0,5 24 25,1,60,,270906,7,0,5 24 25,1,15,,270907,7,0,5 24 25,1,13,,270908,19,0,16 24 25,1,17,,270909,7,0,5 24 25,1,55,,270910,7,0,5 24 25,1,8,,270911,45,,,1,12,,270912,7,0,5 24 25,1,15,,270913,7,0,5 24 25,1,67,,270914,19,0,16 24 25,1,55,,270915,45,,,1,68,,270916,7,0,5 24 25,1,30,,270917,7,0,5 24 25,1,100,,270919,7,0,5 24 25,1,100,,270920,7,0,5 24 25,1,100,,270922,7,0,5 24 25,1,95,,270923,7,0,5 24 25,1,100,,270925,7,0,5 24 25,1,102,,270927,7,0,5 24 25,1,280,,270931,45,,,1,80,,270932,45,,,1,45,,270934,7,0,5 24 25,1,100,,270936,7,0,5 24 25,1,99,,270938,7,0,5 24 25,1,91,,270939,19,0,52 18 9,1
3300,'20260912',745,,270940,45,,,1,198,,270941,45,,,1,202,,270943,45,,,1,200,,270944,45,,,1,200,,270945,45,,,1,200,,270946,45,,,1,200,,270948,45,,,1,200,,270949,45,,,1
3300,'20260913',745,,270951,45,,,1,198,,270952,45,,,1,202,,270954,45,,,1,200,,270955,45,,,1,200,,270956,45,,,1,200,,270957,45,,,1,200,,270959,45,,,1,200,,270960,45,,,1
3300,'20260914',521,,270962,19,0,16 24 25,1,21,,270963,7,0,5 24 25,1,60,,270964,7,0,5 24 25,1,15,,270965,7,0,5 24 25,1,13,,270966,19,0,16 24 25,1,17,,270967,7,0,5 24 25,1,55,,270968,7,0,5 24 25,1,8,,270969,45,,,1,12,,270970,7,0,5 24 25,1,15,,270971,7,0,5 24 25,1,67,,270972,19,0,16 24 25,1,55,,270973,45,,,1,68,,270974,7,0,5 24 25,1,30,,270975,7,0,5 24 25,1,100,,270977,7,0,5 24 25,1,100,,270978,7,0,5 24 25,1,100,,270980,7,0,5 24 25,1,95,,270981,7,0,5 24 25,1,100,,270983,7,0,5 24 25,1,102,,270985,7,0,5 24 25,1,280,,270989,45,,,1,80,,270990,45,,,1,45,,270992,7,0,5 24 25,1,100,,270994,7,0,5 24 25,1,99,,270996,7,0,5 24 25,1,91,,270997,19,0,52 18 9,1
3300,'20260915',521,,270998,19,0,16 24 25,1,21,,270999,7,0,5 24 25,1,60,,271000,7,0,5 24 25,1,15,,271001,7,0,5 24 25,1,13,,271002,19,0,16 24 25,1,17,,271003,7,0,5 24 25,1,55,,271004,7,0,5 24 25,1,8,,271005,45,,,1,12,,271006,7,0,5 24 25,1,15,,271007,7,0,5 24 25,1,67,,271008,19,0,16 24 25,1,55,,271009,45,,,1,68,,271010,7,0,5 24 25,1,30,,271011,7,0,5 24 25,1,100,,271013,7,0,5 24 25,1,100,,271014,7,0,5 24 25,1,100,,271016,7,0,5 24 25,1,95,,271017,7,0,5 24 25,1,100,,271019,7,0,5 24 25,1,102,,271021,7,0,5 24 25,1,280,,271025,45,,,1,80,,271026,45,,,1,45,,271028,7,0,5 24 25,1,100,,271030,7,0,5 24 25,1,99,,271032,7,0,5 24 25,1,91,,271033,19,0,52 18 9,1
3300,'20260916',521,,271034,19,0,16 24 25,1,21,,271035,7,0,5 24 25,1,60,,271036,7,0,5 24 25,1,15,,271037,7,0,5 24 25,1,13,,271038,19,0,16 24 25,1,17,,271039,7,0,5 24 25,1,55,,271040,7,0,5 24 25,1,8,,271041,45,,,1,12,,271042,7,0,5 24 25,1,15,,271043,7,0,5 24 25,1,67,,271044,19,0,16 24 25,1,55,,271045,45,,,1,68,,271046,7,0,5 24 25,1,30,,271047,7,0,5 24 25,1,100,,271049,7,0,5 24 25,1,100,,271050,7,0,5 24 25,1,100,,271052,7,0,5 24 25,1,95,,271053,7,0,5 24 25,1,100,,271055,7,0,5 24 25,1,102,,271057,7,0,5 24 25,1,280,,271061,45,,,1,80,,271062,45,,,1,45,,271064,7,0,5 24 25,1,100,,271066,7,0,5 24 25,1,99,,271068,7,0,5 24 25,1,91,,271069,19,0,52 18 9,1
3300,'20260917',521,,271070,19,0,16 24 25,1,21,,271071,7,0,5 24 25,1,60,,271072,7,0,5 24 25,1,15,,271073,7,0,5 24 25,1,13,,271074,19,0,16 24 25,1,17,,271075,7,0,5 24 25,1,55,,271076,7,0,5 24 25,1,8,,271077,45,,,1,12,,271078,7,0,5 24 25,1,15,,271079,7,0,5 24 25,1,67,,271080,19,0,16 24 25,1,55,,271081,45,,,1,68,,271082,7,0,5 24 25,1,30,,271083,7,0,5 24 25,1,100,,271085,7,0,5 24 25,1,100,,271086,7,0,5 24 25,1,100,,271088,7,0,5 24 25,1,95,,271089,7,0,5 24 25,1,100,,271091,7,0,5 24 25,1,102,,271093,7,0,5 24 25,1,280,,271097,45,,,1,80,,271098,45,,,1,45,,271100,7,0,5 24 25,1,100,,271102,7,0,5 24 25,1,99,,271104,7,0,5 24 25,1,91,,271105,19,0,52 18 9,1
3300,'20260918',521,,271106,19,0,16 24 25,1,21,,271107,7,0,5 24 25,1,60,,271108,7,0,5 24 25,1,15,,271109,7,0,5 24 25,1,13,,271110,19,0,16 24 25,1,17,,271111,7,0,5 24 25,1,55,,271112,7,0,5 24 25,1,8,,271113,45,,,1,12,,271114,7,0,5 24 25,1,15,,271115,7,0,5 24 25,1,67,,271116,19,0,16 24 25,1,55,,271117,45,,,1,68,,271118,7,0,5 24 25,1,30,,271119,7,0,5 24 25,1,100,,271121,7,0,5 24 25,1,100,,271122,7,0,5 24 25,1,100,,271124,7,0,5 24 25,1,95,,271125,7,0,5 24 25,1,100,,271127,7,0,5 24 25,1,102,,271129,7,0,5 24 25,1,280,,271133,45,,,1,80,,271134,45,,,1,45,,271136,7,0,5 24 25,1,100,,271138,7,0,5 24 25,1,99,,271140,7,0,5 24 25,1,91,,271141,19,0,52 18 9,1
3300,'20260919',745,,271142,45,,,1,198,,271143,45,,,1,202,,271145,45,,,1,200,,271146,45,,,1,200,,271147,45,,,1,200,,271148,45,,,1,200,,271150,45,,,1,200,,271151,45,,,1
3300,'20260920',745,,271153,45,,,1,198,,271154,45,,,1,202,,271156,45,,,1,200,,271157,45,,,1,200,,271158,45,,,1,200,,271159,45,,,1,200,,271161,45,,,1,200,,271162,45,,,1
3300,'20260921',521,,271164,19,0,16 24 25,1,21,,271165,7,0,5 24 25,1,60,,271166,7,0,5 24 25,1,15,,271167,7,0,5 24 25,1,13,,271168,19,0,16 24 25,1,17,,271169,7,0,5 24 25,1,55,,271170,7,0,5 24 25,1,8,,271171,45,,,1,12,,271172,7,0,5 24 25,1,15,,271173,7,0,5 24 25,1,67,,271174,19,0,16 24 25,1,55,,271175,45,,,1,68,,271176,7,0,5 24 25,1,30,,271177,7,0,5 24 25,1,100,,271179,7,0,5 24 25,1,100,,271180,7,0,5 24 25,1,100,,271182,7,0,5 24 25,1,95,,271183,7,0,5 24 25,1,100,,271185,7,0,5 24 25,1,102,,271187,7,0,5 24 25,1,280,,271191,45,,,1,80,,271192,45,,,1,45,,271194,7,0,5 24 25,1,100,,271196,7,0,5 24 25,1,99,,271198,7,0,5 24 25,1,91,,271199,19,0,52 18 9,1
3300,'20260922',521,,271200,19,0,16 24 25,1,21,,271201,7,0,5 24 25,1,60,,271202,7,0,5 24 25,1,15,,271203,7,0,5 24 25,1,13,,271204,19,0,16 24 25,1,17,,271205,7,0,5 24 25,1,55,,271206,7,0,5 24 25,1,8,,271207,45,,,1,12,,271208,7,0,5 24 25,1,15,,271209,7,0,5 24 25,1,67,,271210,19,0,16 24 25,1,55,,271211,45,,,1,68,,271212,7,0,5 24 25,1,30,,271213,7,0,5 24 25,1,100,,271215,7,0,5 24 25,1,100,,271216,7,0,5 24 25,1,100,,271218,7,0,5 24 25,1,95,,271219,7,0,5 24 25,1,100,,271221,7,0,5 24 25,1,102,,271223,7,0,5 24 25,1,280,,271227,45,,,1,80,,271228,45,,,1,45,,271230,7,0,5 24 25,1,100,,271232,7,0,5 24 25,1,99,,271234,7,0,5 24 25,1,91,,271235,19,0,52 18 9,1
3300,'20260923',521,,271236,19,0,16 24 25,1,21,,271237,7,0,5 24 25,1,60,,271238,7,0,5 24 25,1,15,,271239,7,0,5 24 25,1,13,,271240,19,0,16 24 25,1,17,,271241,7,0,5 24 25,1,55,,271242,7,0,5 24 25,1,8,,271243,45,,,1,12,,271244,7,0,5 24 25,1,15,,271245,7,0,5 24 25,1,67,,271246,19,0,16 24 25,1,55,,271247,45,,,1,68,,271248,7,0,5 24 25,1,30,,271249,7,0,5 24 25,1,100,,271251,7,0,5 24 25,1,100,,271252,7,0,5 24 25,1,100,,271254,7,0,5 24 25,1,95,,271255,7,0,5 24 25,1,100,,271257,7,0,5 24 25,1,102,,271259,7,0,5 24 25,1,280,,271263,45,,,1,80,,271264,45,,,1,45,,271266,7,0,5 24 25,1,100,,271268,7,0,5 24 25,1,99,,271270,7,0,5 24 25,1,91,,271271,19,0,52 18 9,1
3300,'20260924',521,,271272,19,0,16 24 25,1,21,,271273,7,0,5 24 25,1,60,,271274,7,0,5 24 25,1,15,,271275,7,0,5 24 25,1,13,,271276,19,0,16 24 25,1,17,,271277,7,0,5 24 25,1,55,,271278,7,0,5 24 25,1,8,,271279,45,,,1,12,,271280,7,0,5 24 25,1,15,,271281,7,0,5 24 25,1,67,,271282,19,0,16 24 25,1,55,,271283,45,,,1,68,,271284,7,0,5 24 25,1,30,,271285,7,0,5 24 25,1,100,,271287,7,0,5 24 25,1,100,,271288,7,0,5 24 25,1,100,,271290,7,0,5 24 25,1,95,,271291,7,0,5 24 25,1,100,,271293,7,0,5 24 25,1,102,,271295,7,0,5 24 25,1,280,,271299,45,,,1,80,,271300,45,,,1,45,,271302,7,0,5 24 25,1,100,,271304,7,0,5 24 25,1,99,,271306,7,0,5 24 25,1,91,,271307,19,0,52 18 9,1
3300,'20260925',521,,271308,19,0,16 24 25,1,21,,271309,7,0,5 24 25,1,60,,271310,7,0,5 24 25,1,15,,271311,7,0,5 24 25,1,13,,271312,19,0,16 24 25,1,17,,271313,7,0,5 24 25,1,55,,271314,7,0,5 24 25,1,8,,271315,45,,,1,12,,271316,7,0,5 24 25,1,15,,271317,7,0,5 24 25,1,67,,271318,19,0,16 24 25,1,55,,271319,45,,,1,68,,271320,7,0,5 24 25,1,30,,271321,7,0,5 24 25,1,100,,271323,7,0,5 24 25,1,100,,271324,7,0,5 24 25,1,100,,271326,7,0,5 24 25,1,95,,271327,7,0,5 24 25,1,100,,271329,7,0,5 24 25,1,102,,271331,7,0,5 24 25,1,280,,271335,45,,,1,80,,271336,45,,,1,45,,271338,7,0,5 24 25,1,100,,271340,7,0,5 24 25,1,99,,271342,7,0,5 24 25,1,91,,271343,19,0,52 18 9,1
3300,'20260926',745,,271344,45,,,1,198,,271345,45,,,1,202,,271347,45,,,1,200,,271348,45,,,1,200,,271349,45,,,1,200,,271350,45,,,1,200,,271352,45,,,1,200,,271353,45,,,1
3300,'20260927',745,,271355,45,,,1,198,,271356,45,,,1,202,,271358,45,,,1,200,,271359,45,,,1,200,,271360,45,,,1,200,,271361,45,,,1,200,,271363,45,,,1,200,,271364,45,,,1
3300,'20260928',521,,271366,19,0,16 24 25,1,21,,271367,7,0,5 24 25,1,60,,271368,7,0,5 24 25,1,15,,271369,7,0,5 24 25,1,13,,271370,19,0,16 24 25,1,17,,271371,7,0,5 24 25,1,55,,271372,7,0,5 24 25,1,8,,271373,45,,,1,12,,271374,7,0,5 24 25,1,15,,271375,7,0,5 24 25,1,67,,271376,19,0,16 24 25,1,55,,271377,45,,,1,68,,271378,7,0,5 24 25,1,30,,271379,7,0,5 24 25,1,100,,271381,7,0,5 24 25,1,100,,271382,7,0,5 24 25,1,100,,271384,7,0,5 24 25,1,95,,271385,7,0,5 24 25,1,100,,271387,7,0,5 24 25,1,102,,271389,7,0,5 24 25,1,280,,271393,45,,,1,80,,271394,45,,,1,45,,271396,7,0,5 24 25,1,100,,271398,7,0,5 24 25,1,99,,271400,7,0,5 24 25,1,91,,271401,19,0,52 18 9,1
3300,'20260929',521,,271402,19,0,16 24 25,1,21,,271403,7,0,5 24 25,1,60,,271404,7,0,5 24 25,1,15,,271405,7,0,5 24 25,1,13,,271406,19,0,16 24 25,1,17,,271407,7,0,5 24 25,1,55,,271408,7,0,5 24 25,1,8,,271409,45,,,1,12,,271410,7,0,5 24 25,1,15,,271411,7,0,5 24 25,1,67,,271412,19,0,16 24 25,1,55,,271413,45,,,1,68,,271414,7,0,5 24 25,1,30,,271415,7,0,5 24 25,1,100,,271417,7,0,5 24 25,1,100,,271418,7,0,5 24 25,1,100,,271420,7,0,5 24 25,1,95,,271421,7,0,5 24 25,1,100,,271423,7,0,5 24 25,1,102,,271425,7,0,5 24 25,1,280,,271429,45,,,1,80,,271430,45,,,1,45,,271432,7,0,5 24 25,1,100,,271434,7,0,5 24 25,1,99,,271436,7,0,5 24 25,1,91,,271437,19,0,52 18 9,1
3300,'20260930',521,,271438,19,0,16 24 25,1,21,,271439,7,0,5 24 25,1,60,,271440,7,0,5 24 25,1,15,,271441,7,0,5 24 25,1,13,,271442,19,0,16 24 25,1,17,,271443,7,0,5 24 25,1,55,,271444,7,0,5 24 25,1,8,,271445,45,,,1,12,,271446,7,0,5 24 25,1,15,,271447,7,0,5 24 25,1,67,,271448,19,0,16 24 25,1,55,,271449,45,,,1,68,,271450,7,0,5 24 25,1,30,,271451,7,0,5 24 25,1,100,,271453,7,0,5 24 25,1,100,,271454,7,0,5 24 25,1,100,,271456,7,0,5 24 25,1,95,,271457,7,0,5 24 25,1,100,,271459,7,0,5 24 25,1,102,,271461,7,0,5 24 25,1,280,,271465,45,,,1,80,,271466,45,,,1,45,,271468,7,0,5 24 25,1,100,,271470,7,0,5 24 25,1,99,,271472,7,0,5 24 25,1,91,,271473,19,0,52 18 9,1
3300,'20261001',521,,271474,19,0,16 24 25,1,21,,271475,7,0,5 24 25,1,60,,271476,7,0,5 24 25,1,15,,271477,7,0,5 24 25,1,13,,271478,19,0,16 24 25,1,17,,271479,7,0,5 24 25,1,55,,271480,7,0,5 24 25,1,8,,271481,45,,,1,12,,271482,7,0,5 24 25,1,15,,271483,7,0,5 24 25,1,67,,271484,19,0,16 24 25,1,55,,271485,45,,,1,68,,271486,7,0,5 24 25,1,30,,271487,7,0,5 24 25,1,100,,271489,7,0,5 24 25,1,100,,271490,7,0,5 24 25,1,100,,271492,7,0,5 24 25,1,95,,271493,7,0,5 24 25,1,100,,271495,7,0,5 24 25,1,102,,271497,7,0,5 24 25,1,280,,271501,45,,,1,80,,271502,45,,,1,45,,271504,7,0,5 24 25,1,100,,271506,7,0,5 24 25,1,99,,271508,7,0,5 24 25,1,91,,271509,19,0,52 18 9,1
3300,'20261002',521,,271510,19,0,16 24 25,1,21,,271511,7,0,5 24 25,1,60,,271512,7,0,5 24 25,1,15,,271513,7,0,5 24 25,1,13,,271514,19,0,16 24 25,1,17,,271515,7,0,5 24 25,1,55,,271516,7,0,5 24 25,1,8,,271517,45,,,1,12,,271518,7,0,5 24 25,1,15,,271519,7,0,5 24 25,1,67,,271520,19,0,16 24 25,1,55,,271521,45,,,1,68,,271522,7,0,5 24 25,1,30,,271523,7,0,5 24 25,1,100,,271525,7,0,5 24 25,1,100,,271526,7,0,5 24 25,1,100,,271528,7,0,5 24 25,1,95,,271529,7,0,5 24 25,1,100,,271531,7,0,5 24 25,1,102,,271533,7,0,5 24 25,1,280,,271537,45,,,1,80,,271538,45,,,1,45,,271540,7,0,5 24 25,1,100,,271542,7,0,5 24 25,1,99,,271544,7,0,5 24 25,1,91,,271545,19,0,52 18 9,1
3300,'20261003',745,,271546,45,,,1,198,,271547,45,,,1,202,,271549,45,,,1,200,,271550,45,,,1,200,,271551,45,,,1,200,,271552,45,,,1,200,,271554,45,,,1,200,,271555,45,,,1
3300,'20261004',745,,271557,45,,,1,198,,271558,45,,,1,202,,271560,45,,,1,200,,271561,45,,,1,200,,271562,45,,,1,200,,271563,45,,,1,200,,271565,45,,,1,200,,271566,45,,,1
3300,'20261005',521,,271568,19,0,16 24 25,1,21,,271569,7,0,5 24 25,1,60,,271570,7,0,5 24 25,1,15,,271571,7,0,5 24 25,1,13,,271572,19,0,16 24 25,1,17,,271573,7,0,5 24 25,1,55,,271574,7,0,5 24 25,1,8,,271575,45,,,1,12,,271576,7,0,5 24 25,1,15,,271577,7,0,5 24 25,1,67,,271578,19,0,16 24 25,1,55,,271579,45,,,1,68,,271580,7,0,5 24 25,1,30,,271581,7,0,5 24 25,1,100,,271583,7,0,5 24 25,1,100,,271584,7,0,5 24 25,1,100,,271586,7,0,5 24 25,1,95,,271587,7,0,5 24 25,1,100,,271589,7,0,5 24 25,1,102,,271591,7,0,5 24 25,1,280,,271595,45,,,1,80,,271596,45,,,1,45,,271598,7,0,5 24 25,1,100,,271600,7,0,5 24 25,1,99,,271602,7,0,5 24 25,1,91,,271603,19,0,52 18 9,1
3300,'20261006',521,,271604,19,0,16 24 25,1,21,,271605,7,0,5 24 25,1,60,,271606,7,0,5 24 25,1,15,,271607,7,0,5 24 25,1,13,,271608,19,0,16 24 25,1,17,,271609,7,0,5 24 25,1,55,,271610,7,0,5 24 25,1,8,,271611,45,,,1,12,,271612,7,0,5 24 25,1,15,,271613,7,0,5 24 25,1,67,,271614,19,0,16 24 25,1,55,,271615,45,,,1,68,,271616,7,0,5 24 25,1,30,,271617,7,0,5 24 25,1,100,,271619,7,0,5 24 25,1,100,,271620,7,0,5 24 25,1,100,,271622,7,0,5 24 25,1,95,,271623,7,0,5 24 25,1,100,,271625,7,0,5 24 25,1,102,,271627,7,0,5 24 25,1,280,,271631,45,,,1,80,,271632,45,,,1,45,,271634,7,0,5 24 25,1,100,,271636,7,0,5 24 25,1,99,,271638,7,0,5 24 25,1,91,,271639,19,0,52 18 9,1
3300,'20261007',521,,271640,19,0,16 24 25,1,21,,271641,7,0,5 24 25,1,60,,271642,7,0,5 24 25,1,15,,271643,7,0,5 24 25,1,13,,271644,19,0,16 24 25,1,17,,271645,7,0,5 24 25,1,55,,271646,7,0,5 24 25,1,8,,271647,45,,,1,12,,271648,7,0,5 24 25,1,15,,271649,7,0,5 24 25,1,67,,271650,19,0,16 24 25,1,55,,271651,45,,,1,68,,271652,7,0,5 24 25,1,30,,271653,7,0,5 24 25,1,100,,271655,7,0,5 24 25,1,100,,271656,7,0,5 24 25,1,100,,271658,7,0,5 24 25,1,95,,271659,7,0,5 24 25,1,100,,271661,7,0,5 24 25,1,102,,271663,7,0,5 24 25,1,280,,271667,45,,,1,80,,271668,45,,,1,45,,271670,7,0,5 24 25,1,100,,271672,7,0,5 24 25,1,99,,271674,7,0,5 24 25,1,91,,271675,19,0,52 18 9,1
3300,'20261008',521,,271676,19,0,16 24 25,1,21,,271677,7,0,5 24 25,1,60,,271678,7,0,5 24 25,1,15,,271679,7,0,5 24 25,1,13,,271680,19,0,16 24 25,1,17,,271681,7,0,5 24 25,1,55,,271682,7,0,5 24 25,1,8,,271683,45,,,1,12,,271684,7,0,5 24 25,1,15,,271685,7,0,5 24 25,1,67,,271686,19,0,16 24 25,1,55,,271687,45,,,1,68,,271688,7,0,5 24 25,1,30,,271689,7,0,5 24 25,1,100,,271691,7,0,5 24 25,1,100,,271692,7,0,5 24 25,1,100,,271694,7,0,5 24 25,1,95,,271695,7,0,5 24 25,1,100,,271697,7,0,5 24 25,1,102,,271699,7,0,5 24 25,1,280,,271703,45,,,1,80,,271704,45,,,1,45,,271706,7,0,5 24 25,1,100,,271708,7,0,5 24 25,1,99,,271710,7,0,5 24 25,1,91,,271711,19,0,52 18 9,1
3300,'20261009',521,,271712,19,0,16 24 25,1,21,,271713,7,0,5 24 25,1,60,,271714,7,0,5 24 25,1,15,,271715,7,0,5 24 25,1,13,,271716,19,0,16 24 25,1,17,,271717,7,0,5 24 25,1,55,,271718,7,0,5 24 25,1,8,,271719,45,,,1,12,,271720,7,0,5 24 25,1,15,,271721,7,0,5 24 25,1,67,,271722,19,0,16 24 25,1,55,,271723,45,,,1,68,,271724,7,0,5 24 25,1,30,,271725,7,0,5 24 25,1,100,,271727,7,0,5 24 25,1,100,,271728,7,0,5 24 25,1,100,,271730,7,0,5 24 25,1,95,,271731,7,0,5 24 25,1,100,,271733,7,0,5 24 25,1,102,,271735,7,0,5 24 25,1,280,,271739,45,,,1,80,,271740,45,,,1,45,,271742,7,0,5 24 25,1,100,,271744,7,0,5 24 25,1,99,,271746,7,0,5 24 25,1,91,,271747,19,0,52 18 9,1
3300,'20261010',745,,271748,45,,,1,198,,271749,45,,,1,202,,271751,45,,,1,200,,271752,45,,,1,200,,271753,45,,,1,200,,271754,45,,,1,200,,271756,45,,,1,200,,271757,45,,,1
3300,'20261011',745,,271759,45,,,1,198,,271760,45,,,1,202,,271762,45,,,1,200,,271763,45,,,1,200,,271764,45,,,1,200,,271765,45,,,1,200,,271767,45,,,1,200,,271768,45,,,1
3300,'20261012',745,,271770,45,,,1,198,,271771,45,,,1,202,,271773,45,,,1,200,,271774,45,,,1,200,,271775,45,,,1,200,,271776,45,,,1,200,,271778,45,,,1,200,,271779,45,,,1
3300,'20261013',521,,271781,19,0,16 24 25,1,21,,271782,7,0,5 24 25,1,60,,271783,7,0,5 24 25,1,15,,271784,7,0,5 24 25,1,13,,271785,19,0,16 24 25,1,17,,271786,7,0,5 24 25,1,55,,271787,7,0,5 24 25,1,8,,271788,45,,,1,12,,271789,7,0,5 24 25,1,15,,271790,7,0,5 24 25,1,67,,271791,19,0,16 24 25,1,55,,271792,45,,,1,68,,271793,7,0,5 24 25,1,30,,271794,7,0,5 24 25,1,100,,271796,7,0,5 24 25,1,100,,271797,7,0,5 24 25,1,100,,271799,7,0,5 24 25,1,95,,271800,7,0,5 24 25,1,100,,271802,7,0,5 24 25,1,102,,271804,7,0,5 24 25,1,280,,271808,45,,,1,80,,271809,45,,,1,45,,271811,7,0,5 24 25,1,100,,271813,7,0,5 24 25,1,99,,271815,7,0,5 24 25,1,91,,271816,19,0,52 18 9,1
3300,'20261014',521,,271817,19,0,16 24 25,1,21,,271818,7,0,5 24 25,1,60,,271819,7,0,5 24 25,1,15,,271820,7,0,5 24 25,1,13,,271821,19,0,16 24 25,1,17,,271822,7,0,5 24 25,1,55,,271823,7,0,5 24 25,1,8,,271824,45,,,1,12,,271825,7,0,5 24 25,1,15,,271826,7,0,5 24 25,1,67,,271827,19,0,16 24 25,1,55,,271828,45,,,1,68,,271829,7,0,5 24 25,1,30,,271830,7,0,5 24 25,1,100,,271832,7,0,5 24 25,1,100,,271833,7,0,5 24 25,1,100,,271835,7,0,5 24 25,1,95,,271836,7,0,5 24 25,1,100,,271838,7,0,5 24 25,1,102,,271840,7,0,5 24 25,1,280,,271844,45,,,1,80,,271845,45,,,1,45,,271847,7,0,5 24 25,1,100,,271849,7,0,5 24 25,1,99,,271851,7,0,5 24 25,1,91,,271852,19,0,52 18 9,1
3300,'20261015',521,,271853,19,0,16 24 25,1,21,,271854,7,0,5 24 25,1,60,,271855,7,0,5 24 25,1,15,,271856,7,0,5 24 25,1,13,,271857,19,0,16 24 25,1,17,,271858,7,0,5 24 25,1,55,,271859,7,0,5 24 25,1,8,,271860,45,,,1,12,,271861,7,0,5 24 25,1,15,,271862,7,0,5 24 25,1,67,,271863,19,0,16 24 25,1,55,,271864,45,,,1,68,,271865,7,0,5 24 25,1,30,,271866,7,0,5 24 25,1,100,,271868,7,0,5 24 25,1,100,,271869,7,0,5 24 25,1,100,,271871,7,0,5 24 25,1,95,,271872,7,0,5 24 25,1,100,,271874,7,0,5 24 25,1,102,,271876,7,0,5 24 25,1,280,,271880,45,,,1,80,,271881,45,,,1,45,,271883,7,0,5 24 25,1,100,,271885,7,0,5 24 25,1,99,,271887,7,0,5 24 25,1,91,,271888,19,0,52 18 9,1
3300,'20261016',521,,271889,19,0,16 24 25,1,21,,271890,7,0,5 24 25,1,60,,271891,7,0,5 24 25,1,15,,271892,7,0,5 24 25,1,13,,271893,19,0,16 24 25,1,17,,271894,7,0,5 24 25,1,55,,271895,7,0,5 24 25,1,8,,271896,45,,,1,12,,271897,7,0,5 24 25,1,15,,271898,7,0,5 24 25,1,67,,271899,19,0,16 24 25,1,55,,271900,45,,,1,68,,271901,7,0,5 24 25,1,30,,271902,7,0,5 24 25,1,100,,271904,7,0,5 24 25,1,100,,271905,7,0,5 24 25,1,100,,271907,7,0,5 24 25,1,95,,271908,7,0,5 24 25,1,100,,271910,7,0,5 24 25,1,102,,271912,7,0,5 24 25,1,280,,271916,45,,,1,80,,271917,45,,,1,45,,271919,7,0,5 24 25,1,100,,271921,7,0,5 24 25,1,99,,271923,7,0,5 24 25,1,91,,271924,19,0,52 18 9,1
3300,'20261017',745,,271925,45,,,1,198,,271926,45,,,1,202,,271928,45,,,1,200,,271929,45,,,1,200,,271930,45,,,1,200,,271931,45,,,1,200,,271933,45,,,1,200,,271934,45,,,1
3300,'20261018',745,,271936,45,,,1,198,,271937,45,,,1,202,,271939,45,,,1,200,,271940,45,,,1,200,,271941,45,,,1,200,,271942,45,,,1,200,,271944,45,,,1,200,,271945,45,,,1
3300,'20261019',521,,271947,19,0,16 24 25,1,21,,271948,7,0,5 24 25,1,60,,271949,7,0,5 24 25,1,15,,271950,7,0,5 24 25,1,13,,271951,19,0,16 24 25,1,17,,271952,7,0,5 24 25,1,55,,271953,7,0,5 24 25,1,8,,271954,45,,,1,12,,271955,7,0,5 24 25,1,15,,271956,7,0,5 24 25,1,67,,271957,19,0,16 24 25,1,55,,271958,45,,,1,68,,271959,7,0,5 24 25,1,30,,271960,7,0,5 24 25,1,100,,271962,7,0,5 24 25,1,100,,271963,7,0,5 24 25,1,100,,271965,7,0,5 24 25,1,95,,271966,7,0,5 24 25,1,100,,271968,7,0,5 24 25,1,102,,271970,7,0,5 24 25,1,280,,271974,45,,,1,80,,271975,45,,,1,45,,271977,7,0,5 24 25,1,100,,271979,7,0,5 24 25,1,99,,271981,7,0,5 24 25,1,91,,271982,19,0,52 18 9,1
3300,'20261020',521,,271983,19,0,16 24 25,1,21,,271984,7,0,5 24 25,1,60,,271985,7,0,5 24 25,1,15,,271986,7,0,5 24 25,1,13,,271987,19,0,16 24 25,1,17,,271988,7,0,5 24 25,1,55,,271989,7,0,5 24 25,1,8,,271990,45,,,1,12,,271991,7,0,5 24 25,1,15,,271992,7,0,5 24 25,1,67,,271993,19,0,16 24 25,1,55,,271994,45,,,1,68,,271995,7,0,5 24 25,1,30,,271996,7,0,5 24 25,1,100,,271998,7,0,5 24 25,1,100,,271999,7,0,5 24 25,1,100,,272001,7,0,5 24 25,1,95,,272002,7,0,5 24 25,1,100,,272004,7,0,5 24 25,1,102,,272006,7,0,5 24 25,1,280,,272010,45,,,1,80,,272011,45,,,1,45,,272013,7,0,5 24 25,1,100,,272015,7,0,5 24 25,1,99,,272017,7,0,5 24 25,1,91,,272018,19,0,52 18 9,1
3300,'20261021',521,,272019,19,0,16 24 25,1,21,,272020,7,0,5 24 25,1,60,,272021,7,0,5 24 25,1,15,,272022,7,0,5 24 25,1,13,,272023,19,0,16 24 25,1,17,,272024,7,0,5 24 25,1,55,,272025,7,0,5 24 25,1,8,,272026,45,,,1,12,,272027,7,0,5 24 25,1,15,,272028,7,0,5 24 25,1,67,,272029,19,0,16 24 25,1,55,,272030,45,,,1,68,,272031,7,0,5 24 25,1,30,,272032,7,0,5 24 25,1,100,,272034,7,0,5 24 25,1,100,,272035,7,0,5 24 25,1,100,,272037,7,0,5 24 25,1,95,,272038,7,0,5 24 25,1,100,,272040,7,0,5 24 25,1,102,,272042,7,0,5 24 25,1,280,,272046,45,,,1,80,,272047,45,,,1,45,,272049,7,0,5 24 25,1,100,,272051,7,0,5 24 25,1,99,,272053,7,0,5 24 25,1,91,,272054,19,0,52 18 9,1
3300,'20261022',521,,272055,19,0,16 24 25,1,21,,272056,7,0,5 24 25,1,60,,272057,7,0,5 24 25,1,15,,272058,7,0,5 24 25,1,13,,272059,19,0,16 24 25,1,17,,272060,7,0,5 24 25,1,55,,272061,7,0,5 24 25,1,8,,272062,45,,,1,12,,272063,7,0,5 24 25,1,15,,272064,7,0,5 24 25,1,67,,272065,19,0,16 24 25,1,55,,272066,45,,,1,68,,272067,7,0,5 24 25,1,30,,272068,7,0,5 24 25,1,100,,272070,7,0,5 24 25,1,100,,272071,7,0,5 24 25,1,100,,272073,7,0,5 24 25,1,95,,272074,7,0,5 24 25,1,100,,272076,7,0,5 24 25,1,102,,272078,7,0,5 24 25,1,280,,272082,45,,,1,80,,272083,45,,,1,45,,272085,7,0,5 24 25,1,100,,272087,7,0,5 24 25,1,99,,272089,7,0,5 24 25,1,91,,272090,19,0,52 18 9,1
3300,'20261023',521,,272091,19,0,16 24 25,1,21,,272092,7,0,5 24 25,1,60,,272093,7,0,5 24 25,1,15,,272094,7,0,5 24 25,1,13,,272095,19,0,16 24 25,1,17,,272096,7,0,5 24 25,1,55,,272097,7,0,5 24 25,1,8,,272098,45,,,1,12,,272099,7,0,5 24 25,1,15,,272100,7,0,5 24 25,1,67,,272101,19,0,16 24 25,1,55,,272102,45,,,1,68,,272103,7,0,5 24 25,1,30,,272104,7,0,5 24 25,1,100,,272106,7,0,5 24 25,1,100,,272107,7,0,5 24 25,1,100,,272109,7,0,5 24 25,1,95,,272110,7,0,5 24 25,1,100,,272112,7,0,5 24 25,1,102,,272114,7,0,5 24 25,1,280,,272118,45,,,1,80,,272119,45,,,1,45,,272121,7,0,5 24 25,1,100,,272123,7,0,5 24 25,1,99,,272125,7,0,5 24 25,1,91,,272126,19,0,52 18 9,1
3300,'20261024',745,,272127,45,,,1,198,,272128,45,,,1,202,,272130,45,,,1,200,,272131,45,,,1,200,,272132,45,,,1,200,,272133,45,,,1,200,,272135,45,,,1,200,,272136,45,,,1
3300,'20261025',745,,272138,45,,,1,198,,272139,45,,,1,202,,272141,45,,,1,200,,272142,45,,,1,200,,272143,45,,,1,200,,272144,45,,,1,200,,272146,45,,,1,200,,272147,45,,,1
3300,'20261026',521,,272149,19,0,16 24 25,1,21,,272150,7,0,5 24 25,1,60,,272151,7,0,5 24 25,1,15,,272152,7,0,5 24 25,1,13,,272153,19,0,16 24 25,1,17,,272154,7,0,5 24 25,1,55,,272155,7,0,5 24 25,1,8,,272156,45,,,1,12,,272157,7,0,5 24 25,1,15,,272158,7,0,5 24 25,1,67,,272159,19,0,16 24 25,1,55,,272160,45,,,1,68,,272161,7,0,5 24 25,1,30,,272162,7,0,5 24 25,1,100,,272164,7,0,5 24 25,1,100,,272165,7,0,5 24 25,1,100,,272167,7,0,5 24 25,1,95,,272168,7,0,5 24 25,1,100,,272170,7,0,5 24 25,1,102,,272172,7,0,5 24 25,1,280,,272176,45,,,1,80,,272177,45,,,1,45,,272179,7,0,5 24 25,1,100,,272181,7,0,5 24 25,1,99,,272183,7,0,5 24 25,1,91,,272184,19,0,52 18 9,1
3300,'20261027',521,,272185,19,0,16 24 25,1,21,,272186,7,0,5 24 25,1,60,,272187,7,0,5 24 25,1,15,,272188,7,0,5 24 25,1,13,,272189,19,0,16 24 25,1,17,,272190,7,0,5 24 25,1,55,,272191,7,0,5 24 25,1,8,,272192,45,,,1,12,,272193,7,0,5 24 25,1,15,,272194,7,0,5 24 25,1,67,,272195,19,0,16 24 25,1,55,,272196,45,,,1,68,,272197,7,0,5 24 25,1,30,,272198,7,0,5 24 25,1,100,,272200,7,0,5 24 25,1,100,,272201,7,0,5 24 25,1,100,,272203,7,0,5 24 25,1,95,,272204,7,0,5 24 25,1,100,,272206,7,0,5 24 25,1,102,,272208,7,0,5 24 25,1,280,,272212,45,,,1,80,,272213,45,,,1,45,,272215,7,0,5 24 25,1,100,,272217,7,0,5 24 25,1,99,,272219,7,0,5 24 25,1,91,,272220,19,0,52 18 9,1
3300,'20261028',521,,272221,19,0,16 24 25,1,21,,272222,7,0,5 24 25,1,60,,272223,7,0,5 24 25,1,15,,272224,7,0,5 24 25,1,13,,272225,19,0,16 24 25,1,17,,272226,7,0,5 24 25,1,55,,272227,7,0,5 24 25,1,8,,272228,45,,,1,12,,272229,7,0,5 24 25,1,15,,272230,7,0,5 24 25,1,67,,272231,19,0,16 24 25,1,55,,272232,45,,,1,68,,272233,7,0,5 24 25,1,30,,272234,7,0,5 24 25,1,100,,272236,7,0,5 24 25,1,100,,272237,7,0,5 24 25,1,100,,272239,7,0,5 24 25,1,95,,272240,7,0,5 24 25,1,100,,272242,7,0,5 24 25,1,102,,272244,7,0,5 24 25,1,280,,272248,45,,,1,80,,272249,45,,,1,45,,272251,7,0,5 24 25,1,100,,272253,7,0,5 24 25,1,99,,272255,7,0,5 24 25,1,91,,272256,19,0,52 18 9,1
3300,'20261029',521,,272257,19,0,16 24 25,1,21,,272258,7,0,5 24 25,1,60,,272259,7,0,5 24 25,1,15,,272260,7,0,5 24 25,1,13,,272261,19,0,16 24 25,1,17,,272262,7,0,5 24 25,1,55,,272263,7,0,5 24 25,1,8,,272264,45,,,1,12,,272265,7,0,5 24 25,1,15,,272266,7,0,5 24 25,1,67,,272267,19,0,16 24 25,1,55,,272268,45,,,1,68,,272269,7,0,5 24 25,1,30,,272270,7,0,5 24 25,1,100,,272272,7,0,5 24 25,1,100,,272273,7,0,5 24 25,1,100,,272275,7,0,5 24 25,1,95,,272276,7,0,5 24 25,1,100,,272278,7,0,5 24 25,1,102,,272280,7,0,5 24 25,1,280,,272284,45,,,1,80,,272285,45,,,1,45,,272287,7,0,5 24 25,1,100,,272289,7,0,5 24 25,1,99,,272291,7,0,5 24 25,1,91,,272292,19,0,52 18 9,1
3300,'20261030',521,,272293,19,0,16 24 25,1,21,,272294,7,0,5 24 25,1,60,,272295,7,0,5 24 25,1,15,,272296,7,0,5 24 25,1,13,,272297,19,0,16 24 25,1,17,,272298,7,0,5 24 25,1,55,,272299,7,0,5 24 25,1,8,,272300,45,,,1,12,,272301,7,0,5 24 25,1,15,,272302,7,0,5 24 25,1,67,,272303,19,0,16 24 25,1,55,,272304,45,,,1,68,,272305,7,0,5 24 25,1,30,,272306,7,0,5 24 25,1,100,,272308,7,0,5 24 25,1,100,,272309,7,0,5 24 25,1,100,,272311,7,0,5 24 25,1,95,,272312,7,0,5 24 25,1,100,,272314,7,0,5 24 25,1,102,,272316,7,0,5 24 25,1,280,,272320,45,,,1,80,,272321,45,,,1,45,,272323,7,0,5 24 25,1,100,,272325,7,0,5 24 25,1,99,,272327,7,0,5 24 25,1,91,,272328,19,0,52 18 9,1
3300,'20261031',745,,272329,45,,,1,198,,272330,45,,,1,202,,272332,45,,,1,200,,272333,45,,,1,200,,272334,45,,,1,200,,272335,45,,,1,200,,272337,45,,,1,200,,272338,45,,,1
3300,'20261101',745,,272340,45,,,1,198,,272341,45,,,1,202,,272343,45,,,1,200,,272344,45,,,1,200,,272345,45,,,1,200,,272346,45,,,1,200,,272348,45,,,1,200,,272349,45,,,1
3300,'20261102',521,,272351,19,0,16 24 25,1,21,,272352,7,0,5 24 25,1,60,,272353,7,0,5 24 25,1,15,,272354,7,0,5 24 25,1,13,,272355,19,0,16 24 25,1,17,,272356,7,0,5 24 25,1,55,,272357,7,0,5 24 25,1,8,,272358,45,,,1,12,,272359,7,0,5 24 25,1,15,,272360,7,0,5 24 25,1,67,,272361,19,0,16 24 25,1,55,,272362,45,,,1,68,,272363,7,0,5 24 25,1,30,,272364,7,0,5 24 25,1,100,,272366,7,0,5 24 25,1,100,,272367,7,0,5 24 25,1,100,,272369,7,0,5 24 25,1,95,,272370,7,0,5 24 25,1,100,,272372,7,0,5 24 25,1,102,,272374,7,0,5 24 25,1,280,,272378,45,,,1,80,,272379,45,,,1,45,,272381,7,0,5 24 25,1,100,,272383,7,0,5 24 25,1,99,,272385,7,0,5 24 25,1,91,,272386,19,0,52 18 9,1
3300,'20261103',521,,272387,19,0,16 24 25,1,21,,272388,7,0,5 24 25,1,60,,272389,7,0,5 24 25,1,15,,272390,7,0,5 24 25,1,13,,272391,19,0,16 24 25,1,17,,272392,7,0,5 24 25,1,55,,272393,7,0,5 24 25,1,8,,272394,45,,,1,12,,272395,7,0,5 24 25,1,15,,272396,7,0,5 24 25,1,67,,272397,19,0,16 24 25,1,55,,272398,45,,,1,68,,272399,7,0,5 24 25,1,30,,272400,7,0,5 24 25,1,100,,272402,7,0,5 24 25,1,100,,272403,7,0,5 24 25,1,100,,272405,7,0,5 24 25,1,95,,272406,7,0,5 24 25,1,100,,272408,7,0,5 24 25,1,102,,272410,7,0,5 24 25,1,280,,272414,45,,,1,80,,272415,45,,,1,45,,272417,7,0,5 24 25,1,100,,272419,7,0,5 24 25,1,99,,272421,7,0,5 24 25,1,91,,272422,19,0,52 18 9,1
3300,'20261104',521,,272423,19,0,16 24 25,1,21,,272424,7,0,5 24 25,1,60,,272425,7,0,5 24 25,1,15,,272426,7,0,5 24 25,1,13,,272427,19,0,16 24 25,1,17,,272428,7,0,5 24 25,1,55,,272429,7,0,5 24 25,1,8,,272430,45,,,1,12,,272431,7,0,5 24 25,1,15,,272432,7,0,5 24 25,1,67,,272433,19,0,16 24 25,1,55,,272434,45,,,1,68,,272435,7,0,5 24 25,1,30,,272436,7,0,5 24 25,1,100,,272438,7,0,5 24 25,1,100,,272439,7,0,5 24 25,1,100,,272441,7,0,5 24 25,1,95,,272442,7,0,5 24 25,1,100,,272444,7,0,5 24 25,1,102,,272446,7,0,5 24 25,1,280,,272450,45,,,1,80,,272451,45,,,1,45,,272453,7,0,5 24 25,1,100,,272455,7,0,5 24 25,1,99,,272457,7,0,5 24 25,1,91,,272458,19,0,52 18 9,1
3300,'20261105',521,,272459,19,0,16 24 25,1,21,,272460,7,0,5 24 25,1,60,,272461,7,0,5 24 25,1,15,,272462,7,0,5 24 25,1,13,,272463,19,0,16 24 25,1,17,,272464,7,0,5 24 25,1,55,,272465,7,0,5 24 25,1,8,,272466,45,,,1,12,,272467,7,0,5 24 25,1,15,,272468,7,0,5 24 25,1,67,,272469,19,0,16 24 25,1,55,,272470,45,,,1,68,,272471,7,0,5 24 25,1,30,,272472,7,0,5 24 25,1,100,,272474,7,0,5 24 25,1,100,,272475,7,0,5 24 25,1,100,,272477,7,0,5 24 25,1,95,,272478,7,0,5 24 25,1,100,,272480,7,0,5 24 25,1,102,,272482,7,0,5 24 25,1,280,,272486,45,,,1,80,,272487,45,,,1,45,,272489,7,0,5 24 25,1,100,,272491,7,0,5 24 25,1,99,,272493,7,0,5 24 25,1,91,,272494,19,0,52 18 9,1
3300,'20261106',521,,272495,19,0,16 24 25,1,21,,272496,7,0,5 24 25,1,60,,272497,7,0,5 24 25,1,15,,272498,7,0,5 24 25,1,13,,272499,19,0,16 24 25,1,17,,272500,7,0,5 24 25,1,55,,272501,7,0,5 24 25,1,8,,272502,45,,,1,12,,272503,7,0,5 24 25,1,15,,272504,7,0,5 24 25,1,67,,272505,19,0,16 24 25,1,55,,272506,45,,,1,68,,272507,7,0,5 24 25,1,30,,272508,7,0,5 24 25,1,100,,272510,7,0,5 24 25,1,100,,272511,7,0,5 24 25,1,100,,272513,7,0,5 24 25,1,95,,272514,7,0,5 24 25,1,100,,272516,7,0,5 24 25,1,102,,272518,7,0,5 24 25,1,280,,272522,45,,,1,80,,272523,45,,,1,45,,272525,7,0,5 24 25,1,100,,272527,7,0,5 24 25,1,99,,272529,7,0,5 24 25,1,91,,272530,19,0,52 18 9,1
3300,'20261107',745,,272531,45,,,1,198,,272532,45,,,1,202,,272534,45,,,1,200,,272535,45,,,1,200,,272536,45,,,1,200,,272537,45,,,1,200,,272539,45,,,1,200,,272540,45,,,1
3300,'20261108',745,,272542,45,,,1,198,,272543,45,,,1,202,,272545,45,,,1,200,,272546,45,,,1,200,,272547,45,,,1,200,,272548,45,,,1,200,,272550,45,,,1,200,,272551,45,,,1
3300,'20261109',521,,272553,19,0,16 24 25,1,21,,272554,7,0,5 24 25,1,60,,272555,7,0,5 24 25,1,15,,272556,7,0,5 24 25,1,13,,272557,19,0,16 24 25,1,17,,272558,7,0,5 24 25,1,55,,272559,7,0,5 24 25,1,8,,272560,45,,,1,12,,272561,7,0,5 24 25,1,15,,272562,7,0,5 24 25,1,67,,272563,19,0,16 24 25,1,55,,272564,45,,,1,68,,272565,7,0,5 24 25,1,30,,272566,7,0,5 24 25,1,100,,272568,7,0,5 24 25,1,100,,272569,7,0,5 24 25,1,100,,272571,7,0,5 24 25,1,95,,272572,7,0,5 24 25,1,100,,272574,7,0,5 24 25,1,102,,272576,7,0,5 24 25,1,280,,272580,45,,,1,80,,272581,45,,,1,45,,272583,7,0,5 24 25,1,100,,272585,7,0,5 24 25,1,99,,272587,7,0,5 24 25,1,91,,272588,19,0,52 18 9,1
3300,'20261110',521,,272589,19,0,16 24 25,1,21,,272590,7,0,5 24 25,1,60,,272591,7,0,5 24 25,1,15,,272592,7,0,5 24 25,1,13,,272593,19,0,16 24 25,1,17,,272594,7,0,5 24 25,1,55,,272595,7,0,5 24 25,1,8,,272596,45,,,1,12,,272597,7,0,5 24 25,1,15,,272598,7,0,5 24 25,1,67,,272599,19,0,16 24 25,1,55,,272600,45,,,1,68,,272601,7,0,5 24 25,1,30,,272602,7,0,5 24 25,1,100,,272604,7,0,5 24 25,1,100,,272605,7,0,5 24 25,1,100,,272607,7,0,5 24 25,1,95,,272608,7,0,5 24 25,1,100,,272610,7,0,5 24 25,1,102,,272612,7,0,5 24 25,1,280,,272616,45,,,1,80,,272617,45,,,1,45,,272619,7,0,5 24 25,1,100,,272621,7,0,5 24 25,1,99,,272623,7,0,5 24 25,1,91,,272624,19,0,52 18 9,1
3300,'20261111',521,,272625,19,0,16 24 25,1,21,,272626,7,0,5 24 25,1,60,,272627,7,0,5 24 25,1,15,,272628,7,0,5 24 25,1,13,,272629,19,0,16 24 25,1,17,,272630,7,0,5 24 25,1,55,,272631,7,0,5 24 25,1,8,,272632,45,,,1,12,,272633,7,0,5 24 25,1,15,,272634,7,0,5 24 25,1,67,,272635,19,0,16 24 25,1,55,,272636,45,,,1,68,,272637,7,0,5 24 25,1,30,,272638,7,0,5 24 25,1,100,,272640,7,0,5 24 25,1,100,,272641,7,0,5 24 25,1,100,,272643,7,0,5 24 25,1,95,,272644,7,0,5 24 25,1,100,,272646,7,0,5 24 25,1,102,,272648,7,0,5 24 25,1,280,,272652,45,,,1,80,,272653,45,,,1,45,,272655,7,0,5 24 25,1,100,,272657,7,0,5 24 25,1,99,,272659,7,0,5 24 25,1,91,,272660,19,0,52 18 9,1
3300,'20261112',521,,272661,19,0,16 24 25,1,21,,272662,7,0,5 24 25,1,60,,272663,7,0,5 24 25,1,15,,272664,7,0,5 24 25,1,13,,272665,19,0,16 24 25,1,17,,272666,7,0,5 24 25,1,55,,272667,7,0,5 24 25,1,8,,272668,45,,,1,12,,272669,7,0,5 24 25,1,15,,272670,7,0,5 24 25,1,67,,272671,19,0,16 24 25,1,55,,272672,45,,,1,68,,272673,7,0,5 24 25,1,30,,272674,7,0,5 24 25,1,100,,272676,7,0,5 24 25,1,100,,272677,7,0,5 24 25,1,100,,272679,7,0,5 24 25,1,95,,272680,7,0,5 24 25,1,100,,272682,7,0,5 24 25,1,102,,272684,7,0,5 24 25,1,280,,272688,45,,,1,80,,272689,45,,,1,45,,272691,7,0,5 24 25,1,100,,272693,7,0,5 24 25,1,99,,272695,7,0,5 24 25,1,91,,272696,19,0,52 18 9,1
3300,'20261113',521,,272697,19,0,16 24 25,1,21,,272698,7,0,5 24 25,1,60,,272699,7,0,5 24 25,1,15,,272700,7,0,5 24 25,1,13,,272701,19,0,16 24 25,1,17,,272702,7,0,5 24 25,1,55,,272703,7,0,5 24 25,1,8,,272704,45,,,1,12,,272705,7,0,5 24 25,1,15,,272706,7,0,5 24 25,1,67,,272707,19,0,16 24 25,1,55,,272708,45,,,1,68,,272709,7,0,5 24 25,1,30,,272710,7,0,5 24 25,1,100,,272712,7,0,5 24 25,1,100,,272713,7,0,5 24 25,1,100,,272715,7,0,5 24 25,1,95,,272716,7,0,5 24 25,1,100,,272718,7,0,5 24 25,1,102,,272720,7,0,5 24 25,1,280,,272724,45,,,1,80,,272725,45,,,1,45,,272727,7,0,5 24 25,1,100,,272729,7,0,5 24 25,1,99,,272731,7,0,5 24 25,1,91,,272732,19,0,52 18 9,1
3300,'20261114',745,,272733,45,,,1,198,,272734,45,,,1,202,,272736,45,,,1,200,,272737,45,,,1,200,,272738,45,,,1,200,,272739,45,,,1,200,,272741,45,,,1,200,,272742,45,,,1
3300,'20261115',745,,272744,45,,,1,198,,272745,45,,,1,202,,272747,45,,,1,200,,272748,45,,,1,200,,272749,45,,,1,200,,272750,45,,,1,200,,272752,45,,,1,200,,272753,45,,,1
3300,'20261116',521,,272755,19,0,16 24 25,1,21,,272756,7,0,5 24 25,1,60,,272757,7,0,5 24 25,1,15,,272758,7,0,5 24 25,1,13,,272759,19,0,16 24 25,1,17,,272760,7,0,5 24 25,1,55,,272761,7,0,5 24 25,1,8,,272762,45,,,1,12,,272763,7,0,5 24 25,1,15,,272764,7,0,5 24 25,1,67,,272765,19,0,16 24 25,1,55,,272766,45,,,1,68,,272767,7,0,5 24 25,1,30,,272768,7,0,5 24 25,1,100,,272770,7,0,5 24 25,1,100,,272771,7,0,5 24 25,1,100,,272773,7,0,5 24 25,1,95,,272774,7,0,5 24 25,1,100,,272776,7,0,5 24 25,1,102,,272778,7,0,5 24 25,1,280,,272782,45,,,1,80,,272783,45,,,1,45,,272785,7,0,5 24 25,1,100,,272787,7,0,5 24 25,1,99,,272789,7,0,5 24 25,1,91,,272790,19,0,52 18 9,1
3300,'20261117',521,,272791,19,0,16 24 25,1,21,,272792,7,0,5 24 25,1,60,,272793,7,0,5 24 25,1,15,,272794,7,0,5 24 25,1,13,,272795,19,0,16 24 25,1,17,,272796,7,0,5 24 25,1,55,,272797,7,0,5 24 25,1,8,,272798,45,,,1,12,,272799,7,0,5 24 25,1,15,,272800,7,0,5 24 25,1,67,,272801,19,0,16 24 25,1,55,,272802,45,,,1,68,,272803,7,0,5 24 25,1,30,,272804,7,0,5 24 25,1,100,,272806,7,0,5 24 25,1,100,,272807,7,0,5 24 25,1,100,,272809,7,0,5 24 25,1,95,,272810,7,0,5 24 25,1,100,,272812,7,0,5 24 25,1,102,,272814,7,0,5 24 25,1,280,,272818,45,,,1,80,,272819,45,,,1,45,,272821,7,0,5 24 25,1,100,,272823,7,0,5 24 25,1,99,,272825,7,0,5 24 25,1,91,,272826,19,0,52 18 9,1
3300,'20261118',521,,272827,19,0,16 24 25,1,21,,272828,7,0,5 24 25,1,60,,272829,7,0,5 24 25,1,15,,272830,7,0,5 24 25,1,13,,272831,19,0,16 24 25,1,17,,272832,7,0,5 24 25,1,55,,272833,7,0,5 24 25,1,8,,272834,45,,,1,12,,272835,7,0,5 24 25,1,15,,272836,7,0,5 24 25,1,67,,272837,19,0,16 24 25,1,55,,272838,45,,,1,68,,272839,7,0,5 24 25,1,30,,272840,7,0,5 24 25,1,100,,272842,7,0,5 24 25,1,100,,272843,7,0,5 24 25,1,100,,272845,7,0,5 24 25,1,95,,272846,7,0,5 24 25,1,100,,272848,7,0,5 24 25,1,102,,272850,7,0,5 24 25,1,280,,272854,45,,,1,80,,272855,45,,,1,45,,272857,7,0,5 24 25,1,100,,272859,7,0,5 24 25,1,99,,272861,7,0,5 24 25,1,91,,272862,19,0,52 18 9,1
3300,'20261119',521,,272863,19,0,16 24 25,1,21,,272864,7,0,5 24 25,1,60,,272865,7,0,5 24 25,1,15,,272866,7,0,5 24 25,1,13,,272867,19,0,16 24 25,1,17,,272868,7,0,5 24 25,1,55,,272869,7,0,5 24 25,1,8,,272870,45,,,1,12,,272871,7,0,5 24 25,1,15,,272872,7,0,5 24 25,1,67,,272873,19,0,16 24 25,1,55,,272874,45,,,1,68,,272875,7,0,5 24 25,1,30,,272876,7,0,5 24 25,1,100,,272878,7,0,5 24 25,1,100,,272879,7,0,5 24 25,1,100,,272881,7,0,5 24 25,1,95,,272882,7,0,5 24 25,1,100,,272884,7,0,5 24 25,1,102,,272886,7,0,5 24 25,1,280,,272890,45,,,1,80,,272891,45,,,1,45,,272893,7,0,5 24 25,1,100,,272895,7,0,5 24 25,1,99,,272897,7,0,5 24 25,1,91,,272898,19,0,52 18 9,1
3300,'20261120',521,,272899,19,0,16 24 25,1,21,,272900,7,0,5 24 25,1,60,,272901,7,0,5 24 25,1,15,,272902,7,0,5 24 25,1,13,,272903,19,0,16 24 25,1,17,,272904,7,0,5 24 25,1,55,,272905,7,0,5 24 25,1,8,,272906,45,,,1,12,,272907,7,0,5 24 25,1,15,,272908,7,0,5 24 25,1,67,,272909,19,0,16 24 25,1,55,,272910,45,,,1,68,,272911,7,0,5 24 25,1,30,,272912,7,0,5 24 25,1,100,,272914,7,0,5 24 25,1,100,,272915,7,0,5 24 25,1,100,,272917,7,0,5 24 25,1,95,,272918,7,0,5 24 25,1,100,,272920,7,0,5 24 25,1,102,,272922,7,0,5 24 25,1,280,,272926,45,,,1,80,,272927,45,,,1,45,,272929,7,0,5 24 25,1,100,,272931,7,0,5 24 25,1,99,,272933,7,0,5 24 25,1,91,,272934,19,0,52 18 9,1
3300,'20261121',745,,272935,45,,,1,198,,272936,45,,,1,202,,272938,45,,,1,200,,272939,45,,,1,200,,272940,45,,,1,200,,272941,45,,,1,200,,272943,45,,,1,200,,272944,45,,,1
3300,'20261122',745,,272946,45,,,1,198,,272947,45,,,1,202,,272949,45,,,1,200,,272950,45,,,1,200,,272951,45,,,1,200,,272952,45,,,1,200,,272954,45,,,1,200,,272955,45,,,1
3300,'20261123',521,,272957,19,0,16 24 25,1,21,,272958,7,0,5 24 25,1,60,,272959,7,0,5 24 25,1,15,,272960,7,0,5 24 25,1,13,,272961,19,0,16 24 25,1,17,,272962,7,0,5 24 25,1,55,,272963,7,0,5 24 25,1,8,,272964,45,,,1,12,,272965,7,0,5 24 25,1,15,,272966,7,0,5 24 25,1,67,,272967,19,0,16 24 25,1,55,,272968,45,,,1,68,,272969,7,0,5 24 25,1,30,,272970,7,0,5 24 25,1,100,,272972,7,0,5 24 25,1,100,,272973,7,0,5 24 25,1,100,,272975,7,0,5 24 25,1,95,,272976,7,0,5 24 25,1,100,,272978,7,0,5 24 25,1,102,,272980,7,0,5 24 25,1,280,,272984,45,,,1,80,,272985,45,,,1,45,,272987,7,0,5 24 25,1,100,,272989,7,0,5 24 25,1,99,,272991,7,0,5 24 25,1,91,,272992,19,0,52 18 9,1
3300,'20261124',521,,272993,19,0,16 24 25,1,21,,272994,7,0,5 24 25,1,60,,272995,7,0,5 24 25,1,15,,272996,7,0,5 24 25,1,13,,272997,19,0,16 24 25,1,17,,272998,7,0,5 24 25,1,55,,272999,7,0,5 24 25,1,8,,273000,45,,,1,12,,273001,7,0,5 24 25,1,15,,273002,7,0,5 24 25,1,67,,273003,19,0,16 24 25,1,55,,273004,45,,,1,68,,273005,7,0,5 24 25,1,30,,273006,7,0,5 24 25,1,100,,273008,7,0,5 24 25,1,100,,273009,7,0,5 24 25,1,100,,273011,7,0,5 24 25,1,95,,273012,7,0,5 24 25,1,100,,273014,7,0,5 24 25,1,102,,273016,7,0,5 24 25,1,280,,273020,45,,,1,80,,273021,45,,,1,45,,273023,7,0,5 24 25,1,100,,273025,7,0,5 24 25,1,99,,273027,7,0,5 24 25,1,91,,273028,19,0,52 18 9,1
3300,'20261125',521,,273029,19,0,16 24 25,1,21,,273030,7,0,5 24 25,1,60,,273031,7,0,5 24 25,1,15,,273032,7,0,5 24 25,1,13,,273033,19,0,16 24 25,1,17,,273034,7,0,5 24 25,1,55,,273035,7,0,5 24 25,1,8,,273036,45,,,1,12,,273037,7,0,5 24 25,1,15,,273038,7,0,5 24 25,1,67,,273039,19,0,16 24 25,1,55,,273040,45,,,1,68,,273041,7,0,5 24 25,1,30,,273042,7,0,5 24 25,1,100,,273044,7,0,5 24 25,1,100,,273045,7,0,5 24 25,1,100,,273047,7,0,5 24 25,1,95,,273048,7,0,5 24 25,1,100,,273050,7,0,5 24 25,1,102,,273052,7,0,5 24 25,1,280,,273056,45,,,1,80,,273057,45,,,1,45,,273059,7,0,5 24 25,1,100,,273061,7,0,5 24 25,1,99,,273063,7,0,5 24 25,1,91,,273064,19,0,52 18 9,1
3300,'20261126',521,,273065,19,0,16 24 25,1,21,,273066,7,0,5 24 25,1,60,,273067,7,0,5 24 25,1,15,,273068,7,0,5 24 25,1,13,,273069,19,0,16 24 25,1,17,,273070,7,0,5 24 25,1,55,,273071,7,0,5 24 25,1,8,,273072,45,,,1,12,,273073,7,0,5 24 25,1,15,,273074,7,0,5 24 25,1,67,,273075,19,0,16 24 25,1,55,,273076,45,,,1,68,,273077,7,0,5 24 25,1,30,,273078,7,0,5 24 25,1,100,,273080,7,0,5 24 25,1,100,,273081,7,0,5 24 25,1,100,,273083,7,0,5 24 25,1,95,,273084,7,0,5 24 25,1,100,,273086,7,0,5 24 25,1,102,,273088,7,0,5 24 25,1,280,,273092,45,,,1,80,,273093,45,,,1,45,,273095,7,0,5 24 25,1,100,,273097,7,0,5 24 25,1,99,,273099,7,0,5 24 25,1,91,,273100,19,0,52 18 9,1
3300,'20261127',521,,273101,19,0,16 24 25,1,21,,273102,7,0,5 24 25,1,60,,273103,7,0,5 24 25,1,15,,273104,7,0,5 24 25,1,13,,273105,19,0,16 24 25,1,17,,273106,7,0,5 24 25,1,55,,273107,7,0,5 24 25,1,8,,273108,45,,,1,12,,273109,7,0,5 24 25,1,15,,273110,7,0,5 24 25,1,67,,273111,19,0,16 24 25,1,55,,273112,45,,,1,68,,273113,7,0,5 24 25,1,30,,273114,7,0,5 24 25,1,100,,273116,7,0,5 24 25,1,100,,273117,7,0,5 24 25,1,100,,273119,7,0,5 24 25,1,95,,273120,7,0,5 24 25,1,100,,273122,7,0,5 24 25,1,102,,273124,7,0,5 24 25,1,280,,273128,45,,,1,80,,273129,45,,,1,45,,273131,7,0,5 24 25,1,100,,273133,7,0,5 24 25,1,99,,273135,7,0,5 24 25,1,91,,273136,19,0,52 18 9,1
3701,'20260831',526,,176500,34,,,1,191,,176501,34,,,1,99,,176502,34,,,1,1111,,176504,19,0,5 13,1,102,,176505,19,0,5 13,1
3701,'20260901',526,,176507,34,,,1,191,,176508,34,,,1,99,,176509,34,,,1,1111,,176511,19,0,5 13,1,102,,176512,19,0,5 13,1
3701,'20260902',526,,176514,34,,,1,191,,176515,34,,,1,99,,176516,34,,,1,1111,,176518,19,0,5 13,1,102,,176519,19,0,5 13,1
3701,'20260903',526,,176521,34,,,1,191,,176522,34,,,1,99,,176523,34,,,1,1111,,176525,19,0,5 13,1,102,,176526,19,0,5 13,1
3701,'20260904',526,,176528,34,,,1,191,,176529,34,,,1,99,,176530,34,,,1,1111,,176532,19,0,5 13,1,102,,176533,19,0,5 13,1
3701,'20260908',526,,279279,34,,,1,191,,279280,34,,,1,99,,279281,34,,,1,1111,,279283,19,0,5 13,1,102,,279284,19,0,5 13,1
3701,'20260909',526,,279286,34,,,1,191,,279287,34,,,1,99,,279288,34,,,1,1111,,279290,19,0,5 13,1,102,,279291,19,0,5 13,1
3701,'20260910',526,,279293,34,,,1,191,,279294,34,,,1,99,,279295,34,,,1,1111,,279297,19,0,5 13,1,102,,279298,19,0,5 13,1
3701,'20260911',526,,279300,34,,,1,191,,279301,34,,,1,99,,279302,34,,,1,1111,,279304,19,0,5 13,1,102,,279305,19,0,5 13,1
3701,'20260914',526,,279307,34,,,1,191,,279308,34,,,1,99,,279309,34,,,1,1111,,279311,19,0,5 13,1,102,,279312,19,0,5 13,1
3701,'20260915',526,,279314,34,,,1,191,,279315,34,,,1,99,,279316,34,,,1,1111,,279318,19,0,5 13,1,102,,279319,19,0,5 13,1
3701,'20260916',526,,279321,34,,,1,191,,279322,34,,,1,99,,279323,34,,,1,1111,,279325,19,0,5 13,1,102,,279326,19,0,5 13,1
3701,'20260917',526,,279328,34,,,1,191,,279329,34,,,1,99,,279330,34,,,1,1111,,279332,19,0,5 13,1,102,,279333,19,0,5 13,1
3701,'20260918',526,,279335,34,,,1,191,,279336,34,,,1,99,,279337,34,,,1,1111,,279339,19,0,5 13,1,102,,279340,19,0,5 13,1
3701,'20260921',526,,279342,34,,,1,191,,279343,34,,,1,99,,279344,34,,,1,1111,,279346,19,0,5 13,1,102,,279347,19,0,5 13,1
3701,'20260922',526,,279349,34,,,1,191,,279350,34,,,1,99,,279351,34,,,1,1111,,279353,19,0,5 13,1,102,,279354,19,0,5 13,1
3701,'20260923',526,,279356,34,,,1,191,,279357,34,,,1,99,,279358,34,,,1,1111,,279360,19,0,5 13,1,102,,279361,19,0,5 13,1
3701,'20260924',526,,279363,34,,,1,191,,279364,34,,,1,99,,279365,34,,,1,1111,,279367,19,0,5 13,1,102,,279368,19,0,5 13,1
3701,'20260925',526,,279370,34,,,1,191,,279371,34,,,1,99,,279372,34,,,1,1111,,279374,19,0,5 13,1,102,,279375,19,0,5 13,1
3701,'20260928',526,,279377,34,,,1,191,,279378,34,,,1,99,,279379,34,,,1,1111,,279381,19,0,5 13,1,102,,279382,19,0,5 13,1
3701,'20260929',526,,279384,34,,,1,191,,279385,34,,,1,99,,279386,34,,,1,1111,,279388,19,0,5 13,1,102,,279389,19,0,5 13,1
3701,'20260930',526,,279391,34,,,1,191,,279392,34,,,1,99,,279393,34,,,1,1111,,279395,19,0,5 13,1,102,,279396,19,0,5 13,1
3701,'20261001',526,,279398,34,,,1,191,,279399,34,,,1,99,,279400,34,,,1,1111,,279402,19,0,5 13,1,102,,279403,19,0,5 13,1
3701,'20261002',526,,279405,34,,,1,191,,279406,34,,,1,99,,279407,34,,,1,1111,,279409,19,0,5 13,1,102,,279410,19,0,5 13,1
3701,'20261005',526,,279412,34,,,1,191,,279413,34,,,1,99,,279414,34,,,1,1111,,279416,19,0,5 13,1,102,,279417,19,0,5 13,1
3701,'20261006',526,,279419,34,,,1,191,,279420,34,,,1,99,,279421,34,,,1,1111,,279423,19,0,5 13,1,102,,279424,19,0,5 13,1
3701,'20261007',526,,279426,34,,,1,191,,279427,34,,,1,99,,279428,34,,,1,1111,,279430,19,0,5 13,1,102,,279431,19,0,5 13,1
3701,'20261008',526,,279433,34,,,1,191,,279434,34,,,1,99,,279435,34,,,1,1111,,279437,19,0,5 13,1,102,,279438,19,0,5 13,1
3701,'20261009',526,,279440,34,,,1,191,,279441,34,,,1,99,,279442,34,,,1,1111,,279444,19,0,5 13,1,102,,279445,19,0,5 13,1
3701,'20261013',526,,279447,34,,,1,191,,279448,34,,,1,99,,279449,34,,,1,1111,,279451,19,0,5 13,1,102,,279452,19,0,5 13,1
3701,'20261014',526,,279454,34,,,1,191,,279455,34,,,1,99,,279456,34,,,1,1111,,279458,19,0,5 13,1,102,,279459,19,0,5 13,1
3701,'20261015',526,,279461,34,,,1,191,,279462,34,,,1,99,,279463,34,,,1,1111,,279465,19,0,5 13,1,102,,279466,19,0,5 13,1
3701,'20261016',526,,279468,34,,,1,191,,279469,34,,,1,99,,279470,34,,,1,1111,,279472,19,0,5 13,1,102,,279473,19,0,5 13,1
3701,'20261019',526,,279475,34,,,1,191,,279476,34,,,1,99,,279477,34,,,1,1111,,279479,19,0,5 13,1,102,,279480,19,0,5 13,1
3701,'20261020',526,,279482,34,,,1,191,,279483,34,,,1,99,,279484,34,,,1,1111,,279486,19,0,5 13,1,102,,279487,19,0,5 13,1
3701,'20261021',526,,279489,34,,,1,191,,279490,34,,,1,99,,279491,34,,,1,1111,,279493,19,0,5 13,1,102,,279494,19,0,5 13,1
3701,'20261022',526,,279496,34,,,1,191,,279497,34,,,1,99,,279498,34,,,1,1111,,279500,19,0,5 13,1,102,,279501,19,0,5 13,1
3701,'20261023',526,,279503,34,,,1,191,,279504,34,,,1,99,,279505,34,,,1,1111,,279507,19,0,5 13,1,102,,279508,19,0,5 13,1
3701,'20261026',526,,279510,34,,,1,191,,279511,34,,,1,99,,279512,34,,,1,1111,,279514,19,0,5 13,1,102,,279515,19,0,5 13,1
3701,'20261027',526,,279517,34,,,1,191,,279518,34,,,1,99,,279519,34,,,1,1111,,279521,19,0,5 13,1,102,,279522,19,0,5 13,1
3701,'20261028',526,,279524,34,,,1,191,,279525,34,,,1,99,,279526,34,,,1,1111,,279528,19,0,5 13,1,102,,279529,19,0,5 13,1
3701,'20261029',526,,279531,34,,,1,191,,279532,34,,,1,99,,279533,34,,,1,1111,,279535,19,0,5 13,1,102,,279536,19,0,5 13,1
3701,'20261030',526,,279538,34,,,1,191,,279539,34,,,1,99,,279540,34,,,1,1111,,279542,19,0,5 13,1,102,,279543,19,0,5 13,1
3701,'20261102',526,,279545,34,,,1,191,,279546,34,,,1,99,,279547,34,,,1,1111,,279549,19,0,5 13,1,102,,279550,19,0,5 13,1
3701,'20261103',526,,279552,34,,,1,191,,279553,34,,,1,99,,279554,34,,,1,1111,,279556,19,0,5 13,1,102,,279557,19,0,5 13,1
3701,'20261104',526,,279559,34,,,1,191,,279560,34,,,1,99,,279561,34,,,1,1111,,279563,19,0,5 13,1,102,,279564,19,0,5 13,1
3701,'20261105',526,,279566,34,,,1,191,,279567,34,,,1,99,,279568,34,,,1,1111,,279570,19,0,5 13,1,102,,279571,19,0,5 13,1
3701,'20261106',526,,279573,34,,,1,191,,279574,34,,,1,99,,279575,34,,,1,1111,,279577,19,0,5 13,1,102,,279578,19,0,5 13,1
3701,'20261109',526,,279580,34,,,1,191,,279581,34,,,1,99,,279582,34,,,1,1111,,279584,19,0,5 13,1,102,,279585,19,0,5 13,1
3701,'20261110',526,,279587,34,,,1,191,,279588,34,,,1,99,,279589,34,,,1,1111,,279591,19,0,5 13,1,102,,279592,19,0,5 13,1
3701,'20261111',526,,279594,34,,,1,191,,279595,34,,,1,99,,279596,34,,,1,1111,,279598,19,0,5 13,1,102,,279599,19,0,5 13,1
3701,'20261112',526,,279601,34,,,1,191,,279602,34,,,1,99,,279603,34,,,1,1111,,279605,19,0,5 13,1,102,,279606,19,0,5 13,1
3701,'20261113',526,,279608,34,,,1,191,,279609,34,,,1,99,,279610,34,,,1,1111,,279612,19,0,5 13,1,102,,279613,19,0,5 13,1
3701,'20261116',526,,279615,34,,,1,191,,279616,34,,,1,99,,279617,34,,,1,1111,,279619,19,0,5 13,1,102,,279620,19,0,5 13,1
3701,'20261117',526,,279622,34,,,1,191,,279623,34,,,1,99,,279624,34,,,1,1111,,279626,19,0,5 13,1,102,,279627,19,0,5 13,1
3701,'20261118',526,,279629,34,,,1,191,,279630,34,,,1,99,,279631,34,,,1,1111,,279633,19,0,5 13,1,102,,279634,19,0,5 13,1
3701,'20261119',526,,279636,34,,,1,191,,279637,34,,,1,99,,279638,34,,,1,1111,,279640,19,0,5 13,1,102,,279641,19,0,5 13,1
3701,'20261120',526,,279643,34,,,1,191,,279644,34,,,1,99,,279645,34,,,1,1111,,279647,19,0,5 13,1,102,,279648,19,0,5 13,1
3701,'20261123',526,,279650,34,,,1,191,,279651,34,,,1,99,,279652,34,,,1,1111,,279654,19,0,5 13,1,102,,279655,19,0,5 13,1
3701,'20261124',526,,279657,34,,,1,191,,279658,34,,,1,99,,279659,34,,,1,1111,,279661,19,0,5 13,1,102,,279662,19,0,5 13,1
3701,'20261125',526,,279664,34,,,1,191,,279665,34,,,1,99,,279666,34,,,1,1111,,279668,19,0,5 13,1,102,,279669,19,0,5 13,1
3701,'20261126',526,,279671,34,,,1,191,,279672,34,,,1,99,,279673,34,,,1,1111,,279675,19,0,5 13,1,102,,279676,19,0,5 13,1
3701,'20261127',526,,279678,34,,,1,191,,279679,34,,,1,99,,279680,34,,,1,1111,,279682,19,0,5 13,1,102,,279683,19,0,5 13,1
