1501,'20260921',826,,228136,14,0,5 65 1 66,1,628,,228142,14,0,5 65 1 66,1,248,,228144,14,0,5 65 1 66,1
1501,'20260922',826,,228151,14,0,5 65 1 66,1,628,,228157,14,0,5 65 1 66,1,248,,228159,14,0,5 65 1 66,1
1501,'20260923',826,,228166,14,0,5 65 1 66,1,628,,228172,14,0,5 65 1 66,1,248,,228174,14,0,5 65 1 66,1
1501,'20260924',826,,228181,14,0,5 65 1 66,1,628,,228187,14,0,5 65 1 66,1,248,,228189,14,0,5 65 1 66,1
1501,'20260925',826,,228196,14,0,5 65 1 66,1,628,,228202,14,0,5 65 1 66,1,248,,228204,14,0,5 65 1 66,1
1501,'20260926',939,,228211,14,0,5 65 1 66,1,588,,228214,14,0,5 65 1 66,1,601,,228219,14,0,5 65 1 66,1
1501,'20260927',939,,228223,14,0,5 65 1 66,1,588,,228226,14,0,5 65 1 66,1,601,,228231,14,0,5 65 1 66,1
1501,'20260928',826,,228235,14,0,5 65 1 66,1,628,,228241,14,0,5 65 1 66,1,248,,228243,14,0,5 65 1 66,1
1501,'20260929',826,,228250,14,0,5 65 1 66,1,628,,228256,14,0,5 65 1 66,1,248,,228258,14,0,5 65 1 66,1
1501,'20260930',826,,228265,14,0,5 65 1 66,1,628,,228271,14,0,5 65 1 66,1,248,,228273,14,0,5 65 1 66,1
1501,'20261001',826,,228280,14,0,5 65 1 66,1,628,,228286,14,0,5 65 1 66,1,248,,228288,14,0,5 65 1 66,1
1501,'20261002',826,,228295,14,0,5 65 1 66,1,628,,228301,14,0,5 65 1 66,1,248,,228303,14,0,5 65 1 66,1
1501,'20261003',939,,228310,14,0,5 65 1 66,1,588,,228313,14,0,5 65 1 66,1,601,,228318,14,0,5 65 1 66,1
1501,'20261004',939,,228322,14,0,5 65 1 66,1,588,,228325,14,0,5 65 1 66,1,601,,228330,14,0,5 65 1 66,1
1501,'20261005',826,,228334,14,0,5 65 1 66,1,628,,228340,14,0,5 65 1 66,1,248,,228342,14,0,5 65 1 66,1
1501,'20261006',826,,228349,14,0,5 65 1 66,1,628,,228355,14,0,5 65 1 66,1,248,,228357,14,0,5 65 1 66,1
1501,'20261007',826,,228364,14,0,5 65 1 66,1,628,,228370,14,0,5 65 1 66,1,248,,228372,14,0,5 65 1 66,1
1501,'20261008',826,,228379,14,0,5 65 1 66,1,628,,228385,14,0,5 65 1 66,1,248,,228387,14,0,5 65 1 66,1
1501,'20261009',826,,228394,14,0,5 65 1 66,1,628,,228400,14,0,5 65 1 66,1,248,,228402,14,0,5 65 1 66,1
1501,'20261010',939,,228409,14,0,5 65 1 66,1,588,,228412,14,0,5 65 1 66,1,601,,228417,14,0,5 65 1 66,1
1501,'20261011',939,,228421,14,0,5 65 1 66,1,588,,228424,14,0,5 65 1 66,1,601,,228429,14,0,5 65 1 66,1
1501,'20261012',939,,228433,14,0,5 65 1 66,1,588,,228436,14,0,5 65 1 66,1,601,,228441,14,0,5 65 1 66,1
1501,'20261013',826,,228445,14,0,5 65 1 66,1,628,,228451,14,0,5 65 1 66,1,248,,228453,14,0,5 65 1 66,1
1501,'20261014',826,,228460,14,0,5 65 1 66,1,628,,228466,14,0,5 65 1 66,1,248,,228468,14,0,5 65 1 66,1
1501,'20261015',826,,228475,14,0,5 65 1 66,1,628,,228481,14,0,5 65 1 66,1,248,,228483,14,0,5 65 1 66,1
1501,'20261016',826,,228490,14,0,5 65 1 66,1,628,,228496,14,0,5 65 1 66,1,248,,228498,14,0,5 65 1 66,1
1501,'20261017',939,,228505,14,0,5 65 1 66,1,588,,228508,14,0,5 65 1 66,1,601,,228513,14,0,5 65 1 66,1
1501,'20261018',939,,228517,14,0,5 65 1 66,1,588,,228520,14,0,5 65 1 66,1,601,,228525,14,0,5 65 1 66,1
1501,'20261019',826,,228529,14,0,5 65 1 66,1,628,,228535,14,0,5 65 1 66,1,248,,228537,14,0,5 65 1 66,1
1501,'20261020',826,,228544,14,0,5 65 1 66,1,628,,228550,14,0,5 65 1 66,1,248,,228552,14,0,5 65 1 66,1
1501,'20261021',826,,228559,14,0,5 65 1 66,1,628,,228565,14,0,5 65 1 66,1,248,,228567,14,0,5 65 1 66,1
1501,'20261022',826,,228574,14,0,5 65 1 66,1,628,,228580,14,0,5 65 1 66,1,248,,228582,14,0,5 65 1 66,1
1501,'20261023',826,,228589,14,0,5 65 1 66,1,628,,228595,14,0,5 65 1 66,1,248,,228597,14,0,5 65 1 66,1
1501,'20261024',939,,228604,14,0,5 65 1 66,1,588,,228607,14,0,5 65 1 66,1,601,,228612,14,0,5 65 1 66,1
1501,'20261025',939,,228616,14,0,5 65 1 66,1,588,,228619,14,0,5 65 1 66,1,601,,228624,14,0,5 65 1 66,1
1501,'20261026',826,,228628,14,0,5 65 1 66,1,628,,228634,14,0,5 65 1 66,1,248,,228636,14,0,5 65 1 66,1
1501,'20261027',826,,228643,14,0,5 65 1 66,1,628,,228649,14,0,5 65 1 66,1,248,,228651,14,0,5 65 1 66,1
1501,'20261028',826,,228658,14,0,5 65 1 66,1,628,,228664,14,0,5 65 1 66,1,248,,228666,14,0,5 65 1 66,1
1501,'20261029',826,,228673,14,0,5 65 1 66,1,628,,228679,14,0,5 65 1 66,1,248,,228681,14,0,5 65 1 66,1
1501,'20261030',826,,228688,14,0,5 65 1 66,1,628,,228694,14,0,5 65 1 66,1,248,,228696,14,0,5 65 1 66,1
1501,'20261031',939,,228703,14,0,5 65 1 66,1,588,,228706,14,0,5 65 1 66,1,601,,228711,14,0,5 65 1 66,1
1501,'20261101',939,,228715,14,0,5 65 1 66,1,588,,228718,14,0,5 65 1 66,1,601,,228723,14,0,5 65 1 66,1
1501,'20261102',826,,228727,14,0,5 65 1 66,1,628,,228733,14,0,5 65 1 66,1,248,,228735,14,0,5 65 1 66,1
1501,'20261103',826,,228742,14,0,5 65 1 66,1,628,,228748,14,0,5 65 1 66,1,248,,228750,14,0,5 65 1 66,1
1501,'20261104',826,,228757,14,0,5 65 1 66,1,628,,228763,14,0,5 65 1 66,1,248,,228765,14,0,5 65 1 66,1
1501,'20261105',826,,228772,14,0,5 65 1 66,1,628,,228778,14,0,5 65 1 66,1,248,,228780,14,0,5 65 1 66,1
1501,'20261106',826,,228787,14,0,5 65 1 66,1,628,,228793,14,0,5 65 1 66,1,248,,228795,14,0,5 65 1 66,1
1501,'20261107',939,,228802,14,0,5 65 1 66,1,588,,228805,14,0,5 65 1 66,1,601,,228810,14,0,5 65 1 66,1
1501,'20261108',939,,228814,14,0,5 65 1 66,1,588,,228817,14,0,5 65 1 66,1,601,,228822,14,0,5 65 1 66,1
1501,'20261109',826,,228826,14,0,5 65 1 66,1,628,,228832,14,0,5 65 1 66,1,248,,228834,14,0,5 65 1 66,1
1501,'20261110',826,,228841,14,0,5 65 1 66,1,628,,228847,14,0,5 65 1 66,1,248,,228849,14,0,5 65 1 66,1
1501,'20261111',826,,228856,14,0,5 65 1 66,1,628,,228862,14,0,5 65 1 66,1,248,,228864,14,0,5 65 1 66,1
1501,'20261112',826,,228871,14,0,5 65 1 66,1,628,,228877,14,0,5 65 1 66,1,248,,228879,14,0,5 65 1 66,1
1501,'20261113',826,,228886,14,0,5 65 1 66,1,628,,228892,14,0,5 65 1 66,1,248,,228894,14,0,5 65 1 66,1
1501,'20261114',939,,228901,14,0,5 65 1 66,1,588,,228904,14,0,5 65 1 66,1,601,,228909,14,0,5 65 1 66,1
1501,'20261115',939,,228913,14,0,5 65 1 66,1,588,,228916,14,0,5 65 1 66,1,601,,228921,14,0,5 65 1 66,1
1501,'20261116',826,,228925,14,0,5 65 1 66,1,628,,228931,14,0,5 65 1 66,1,248,,228933,14,0,5 65 1 66,1
1501,'20261117',826,,228940,14,0,5 65 1 66,1,628,,228946,14,0,5 65 1 66,1,248,,228948,14,0,5 65 1 66,1
1501,'20261118',826,,228955,14,0,5 65 1 66,1,628,,228961,14,0,5 65 1 66,1,248,,228963,14,0,5 65 1 66,1
1501,'20261119',826,,228970,14,0,5 65 1 66,1,628,,228976,14,0,5 65 1 66,1,248,,228978,14,0,5 65 1 66,1
1501,'20261120',826,,228985,14,0,5 65 1 66,1,628,,228991,14,0,5 65 1 66,1,248,,228993,14,0,5 65 1 66,1
1501,'20261121',939,,229000,14,0,5 65 1 66,1,588,,229003,14,0,5 65 1 66,1,601,,229008,14,0,5 65 1 66,1
1501,'20261122',939,,229012,14,0,5 65 1 66,1,588,,229015,14,0,5 65 1 66,1,601,,229020,14,0,5 65 1 66,1
1501,'20261123',826,,229024,14,0,5 65 1 66,1,628,,229030,14,0,5 65 1 66,1,248,,229032,14,0,5 65 1 66,1
1501,'20261124',826,,229039,14,0,5 65 1 66,1,628,,229045,14,0,5 65 1 66,1,248,,229047,14,0,5 65 1 66,1
1501,'20261125',826,,229054,14,0,5 65 1 66,1,628,,229060,14,0,5 65 1 66,1,248,,229062,14,0,5 65 1 66,1
1501,'20261126',826,,229069,14,0,5 65 1 66,1,628,,229075,14,0,5 65 1 66,1,248,,229077,14,0,5 65 1 66,1
1501,'20261127',826,,229084,14,0,5 65 1 66,1,628,,229090,14,0,5 65 1 66,1,248,,229092,14,0,5 65 1 66,1
