6800,'20260921',717,,315278,29,,,1,99,,315279,21,0,5 27 28 9,1,110,,315280,21,0,5 27 28 9,1,385,,315281,29,,,1,99,,315282,29,,,1,301,,315283,21,0,5 27 28 9,1,399,,315285,29,,,1,94,,315286,29,,,1,101,,315287,29,,,1,133,,315288,22,0,7 27 28 9,1
6800,'20260922',717,,315289,29,,,1,99,,315290,21,0,5 27 28 9,1,110,,315291,21,0,5 27 28 9,1,385,,315292,29,,,1,99,,315293,29,,,1,301,,315294,21,0,5 27 28 9,1,399,,315296,29,,,1,94,,315297,29,,,1,101,,315298,29,,,1,133,,315299,22,0,7 27 28 9,1
6800,'20260923',717,,315300,29,,,1,99,,315301,21,0,5 27 28 9,1,110,,315302,21,0,5 27 28 9,1,385,,315303,29,,,1,99,,315304,29,,,1,301,,315305,21,0,5 27 28 9,1,399,,315307,29,,,1,94,,315308,29,,,1,101,,315309,29,,,1,133,,315310,22,0,7 27 28 9,1
6800,'20260924',717,,315311,29,,,1,99,,315312,21,0,5 27 28 9,1,110,,315313,21,0,5 27 28 9,1,385,,315314,29,,,1,99,,315315,29,,,1,301,,315316,21,0,5 27 28 9,1,399,,315318,29,,,1,94,,315319,29,,,1,101,,315320,29,,,1,133,,315321,22,0,7 27 28 9,1
6800,'20260925',717,,315322,29,,,1,99,,315323,21,0,5 27 28 9,1,110,,315324,21,0,5 27 28 9,1,385,,315325,29,,,1,99,,315326,29,,,1,301,,315327,21,0,5 27 28 9,1,399,,315329,29,,,1,94,,315330,29,,,1,101,,315331,29,,,1,133,,315332,22,0,7 27 28 9,1
6800,'20260926',904,,315333,29,,,1,220,,315336,39,0,53 27 28 9,1,81,,315334,29,,,1,227,,315338,39,0,53 27 28 9,1,73,,315339,29,,,1,227,,315341,39,0,53 27 28 9,1,173,,315342,29,,,1,200,,315343,29,,,1,445,,315344,21,0,5 27 28 9,1
6800,'20260927',904,,315345,29,,,1,220,,315348,39,0,53 27 28 9,1,81,,315346,29,,,1,227,,315350,39,0,53 27 28 9,1,73,,315351,29,,,1,227,,315353,39,0,53 27 28 9,1,173,,315354,29,,,1,200,,315355,29,,,1,445,,315356,21,0,5 27 28 9,1
6800,'20260928',717,,315357,29,,,1,99,,315358,21,0,5 27 28 9,1,110,,315359,21,0,5 27 28 9,1,385,,315360,29,,,1,99,,315361,29,,,1,301,,315362,21,0,5 27 28 9,1,399,,315364,29,,,1,94,,315365,29,,,1,101,,315366,29,,,1,133,,315367,22,0,7 27 28 9,1
6800,'20260929',717,,315368,29,,,1,99,,315369,21,0,5 27 28 9,1,110,,315370,21,0,5 27 28 9,1,385,,315371,29,,,1,99,,315372,29,,,1,301,,315373,21,0,5 27 28 9,1,399,,315375,29,,,1,94,,315376,29,,,1,101,,315377,29,,,1,133,,315378,22,0,7 27 28 9,1
6800,'20260930',717,,315379,29,,,1,99,,315380,21,0,5 27 28 9,1,110,,315381,21,0,5 27 28 9,1,385,,315382,29,,,1,99,,315383,29,,,1,301,,315384,21,0,5 27 28 9,1,399,,315386,29,,,1,94,,315387,29,,,1,101,,315388,29,,,1,133,,315389,22,0,7 27 28 9,1
6800,'20261001',717,,315390,29,,,1,99,,315391,21,0,5 27 28 9,1,110,,315392,21,0,5 27 28 9,1,385,,315393,29,,,1,99,,315394,29,,,1,301,,315395,21,0,5 27 28 9,1,399,,315397,29,,,1,94,,315398,29,,,1,101,,315399,29,,,1,133,,315400,22,0,7 27 28 9,1
6800,'20261002',717,,315401,29,,,1,99,,315402,21,0,5 27 28 9,1,110,,315403,21,0,5 27 28 9,1,385,,315404,29,,,1,99,,315405,29,,,1,301,,315406,21,0,5 27 28 9,1,399,,315408,29,,,1,94,,315409,29,,,1,101,,315410,29,,,1,133,,315411,22,0,7 27 28 9,1
6800,'20261003',904,,315412,29,,,1,220,,315415,39,0,53 27 28 9,1,81,,315413,29,,,1,227,,315417,39,0,53 27 28 9,1,73,,315418,29,,,1,227,,315420,39,0,53 27 28 9,1,173,,315421,29,,,1,200,,315422,29,,,1,211,,333039,39,0,53 27 28 9,1,200,,333040,39,0,53 27 28 9,1,34,,315423,21,0,5 27 28 9,1
6800,'20261004',904,,315424,29,,,1,220,,315427,39,0,53 27 28 9,1,81,,315425,29,,,1,227,,315429,39,0,53 27 28 9,1,73,,315430,29,,,1,227,,315432,39,0,53 27 28 9,1,173,,315433,29,,,1,200,,315434,29,,,1,211,,333043,39,0,53 27 28 9,1,200,,333044,39,0,53 27 28 9,1,34,,315435,21,0,5 27 28 9,1
6800,'20261005',717,,315436,29,,,1,99,,315437,21,0,5 27 28 9,1,110,,315438,21,0,5 27 28 9,1,385,,315439,29,,,1,99,,315440,29,,,1,301,,315441,21,0,5 27 28 9,1,399,,315443,29,,,1,94,,315444,29,,,1,101,,315445,29,,,1,133,,315446,22,0,7 27 28 9,1
6800,'20261006',717,,315447,29,,,1,99,,315448,21,0,5 27 28 9,1,110,,315449,21,0,5 27 28 9,1,385,,315450,29,,,1,99,,315451,29,,,1,301,,315452,21,0,5 27 28 9,1,399,,315454,29,,,1,94,,315455,29,,,1,101,,315456,29,,,1,133,,315457,22,0,7 27 28 9,1
6800,'20261007',717,,315458,29,,,1,99,,315459,21,0,5 27 28 9,1,110,,315460,21,0,5 27 28 9,1,385,,315461,29,,,1,99,,315462,29,,,1,301,,315463,21,0,5 27 28 9,1,399,,315465,29,,,1,94,,315466,29,,,1,101,,315467,29,,,1,133,,315468,22,0,7 27 28 9,1
6800,'20261008',717,,315469,29,,,1,99,,315470,21,0,5 27 28 9,1,110,,315471,21,0,5 27 28 9,1,385,,315472,29,,,1,99,,315473,29,,,1,301,,315474,21,0,5 27 28 9,1,399,,315476,29,,,1,94,,315477,29,,,1,101,,315478,29,,,1,133,,315479,22,0,7 27 28 9,1
6800,'20261009',717,,315480,29,,,1,99,,315481,21,0,5 27 28 9,1,110,,315482,21,0,5 27 28 9,1,385,,315483,29,,,1,99,,315484,29,,,1,301,,315485,21,0,5 27 28 9,1,399,,315487,29,,,1,94,,315488,29,,,1,101,,315489,29,,,1,133,,315490,22,0,7 27 28 9,1
6800,'20261010',904,,315491,29,,,1,220,,315494,39,0,53 27 28 9,1,81,,315492,29,,,1,227,,315496,39,0,53 27 28 9,1,73,,315497,29,,,1,227,,315499,39,0,53 27 28 9,1,173,,315500,29,,,1,200,,315501,29,,,1,445,,315502,21,0,5 27 28 9,1
6800,'20261011',904,,315503,29,,,1,220,,315506,39,0,53 27 28 9,1,81,,315504,29,,,1,227,,315508,39,0,53 27 28 9,1,73,,315509,29,,,1,227,,315511,39,0,53 27 28 9,1,173,,315512,29,,,1,200,,315513,29,,,1,445,,315514,21,0,5 27 28 9,1
6800,'20261012',904,,315515,29,,,1,220,,315518,39,0,53 27 28 9,1,81,,315516,29,,,1,227,,315520,39,0,53 27 28 9,1,73,,315521,29,,,1,227,,315523,39,0,53 27 28 9,1,173,,315524,29,,,1,200,,315525,29,,,1,445,,315526,21,0,5 27 28 9,1
6800,'20261013',717,,315527,29,,,1,99,,315528,21,0,5 27 28 9,1,110,,315529,21,0,5 27 28 9,1,385,,315530,29,,,1,99,,315531,29,,,1,301,,315532,21,0,5 27 28 9,1,399,,315534,29,,,1,94,,315535,29,,,1,101,,315536,29,,,1,133,,315537,22,0,7 27 28 9,1
6800,'20261014',717,,315538,29,,,1,99,,315539,21,0,5 27 28 9,1,110,,315540,21,0,5 27 28 9,1,385,,315541,29,,,1,99,,315542,29,,,1,301,,315543,21,0,5 27 28 9,1,399,,315545,29,,,1,94,,315546,29,,,1,101,,315547,29,,,1,133,,315548,22,0,7 27 28 9,1
6800,'20261015',717,,315549,29,,,1,99,,315550,21,0,5 27 28 9,1,110,,315551,21,0,5 27 28 9,1,385,,315552,29,,,1,99,,315553,29,,,1,301,,315554,21,0,5 27 28 9,1,399,,315556,29,,,1,94,,315557,29,,,1,101,,315558,29,,,1,133,,315559,22,0,7 27 28 9,1
6800,'20261016',717,,315560,29,,,1,99,,315561,21,0,5 27 28 9,1,110,,315562,21,0,5 27 28 9,1,385,,315563,29,,,1,99,,315564,29,,,1,301,,315565,21,0,5 27 28 9,1,399,,315567,29,,,1,94,,315568,29,,,1,101,,315569,29,,,1,133,,315570,22,0,7 27 28 9,1
6800,'20261017',904,,315571,29,,,1,220,,315574,39,0,53 27 28 9,1,81,,315572,29,,,1,227,,315576,39,0,53 27 28 9,1,73,,315577,29,,,1,227,,315579,39,0,53 27 28 9,1,173,,315580,29,,,1,200,,315581,29,,,1,445,,315582,21,0,5 27 28 9,1
6800,'20261018',904,,315583,29,,,1,220,,315586,39,0,53 27 28 9,1,81,,315584,29,,,1,227,,315588,39,0,53 27 28 9,1,73,,315589,29,,,1,227,,315591,39,0,53 27 28 9,1,173,,315592,29,,,1,200,,315593,29,,,1,445,,315594,21,0,5 27 28 9,1
6800,'20261019',717,,315595,29,,,1,99,,315596,21,0,5 27 28 9,1,110,,315597,21,0,5 27 28 9,1,385,,315598,29,,,1,99,,315599,29,,,1,301,,315600,21,0,5 27 28 9,1,399,,315602,29,,,1,94,,315603,29,,,1,101,,315604,29,,,1,133,,315605,22,0,7 27 28 9,1
6800,'20261020',717,,315606,29,,,1,99,,315607,21,0,5 27 28 9,1,110,,315608,21,0,5 27 28 9,1,385,,315609,29,,,1,99,,315610,29,,,1,301,,315611,21,0,5 27 28 9,1,399,,315613,29,,,1,94,,315614,29,,,1,101,,315615,29,,,1,133,,315616,22,0,7 27 28 9,1
6800,'20261021',717,,315617,29,,,1,99,,315618,21,0,5 27 28 9,1,110,,315619,21,0,5 27 28 9,1,385,,315620,29,,,1,99,,315621,29,,,1,301,,315622,21,0,5 27 28 9,1,399,,315624,29,,,1,94,,315625,29,,,1,101,,315626,29,,,1,133,,315627,22,0,7 27 28 9,1
6800,'20261022',717,,315628,29,,,1,99,,315629,21,0,5 27 28 9,1,110,,315630,21,0,5 27 28 9,1,385,,315631,29,,,1,99,,315632,29,,,1,301,,315633,21,0,5 27 28 9,1,399,,315635,29,,,1,94,,315636,29,,,1,101,,315637,29,,,1,133,,315638,22,0,7 27 28 9,1
6800,'20261023',717,,315639,29,,,1,99,,315640,21,0,5 27 28 9,1,110,,315641,21,0,5 27 28 9,1,385,,315642,29,,,1,99,,315643,29,,,1,301,,315644,21,0,5 27 28 9,1,399,,315646,29,,,1,94,,315647,29,,,1,101,,315648,29,,,1,133,,315649,22,0,7 27 28 9,1
6800,'20261024',904,,315650,29,,,1,220,,315653,39,0,53 27 28 9,1,81,,315651,29,,,1,227,,315655,39,0,53 27 28 9,1,73,,315656,29,,,1,227,,315658,39,0,53 27 28 9,1,173,,315659,29,,,1,200,,315660,29,,,1,445,,315661,21,0,5 27 28 9,1
6800,'20261025',904,,315662,29,,,1,220,,315665,39,0,53 27 28 9,1,81,,315663,29,,,1,227,,315667,39,0,53 27 28 9,1,73,,315668,29,,,1,227,,315670,39,0,53 27 28 9,1,173,,315671,29,,,1,200,,315672,29,,,1,445,,315673,21,0,5 27 28 9,1
6800,'20261026',717,,315674,29,,,1,99,,315675,21,0,5 27 28 9,1,110,,315676,21,0,5 27 28 9,1,385,,315677,29,,,1,99,,315678,29,,,1,301,,315679,21,0,5 27 28 9,1,399,,315681,29,,,1,94,,315682,29,,,1,101,,315683,29,,,1,133,,315684,22,0,7 27 28 9,1
6800,'20261027',717,,315685,29,,,1,99,,315686,21,0,5 27 28 9,1,110,,315687,21,0,5 27 28 9,1,385,,315688,29,,,1,99,,315689,29,,,1,301,,315690,21,0,5 27 28 9,1,399,,315692,29,,,1,94,,315693,29,,,1,101,,315694,29,,,1,133,,315695,22,0,7 27 28 9,1
6800,'20261028',717,,315696,29,,,1,99,,315697,21,0,5 27 28 9,1,110,,315698,21,0,5 27 28 9,1,385,,315699,29,,,1,99,,315700,29,,,1,301,,315701,21,0,5 27 28 9,1,399,,315703,29,,,1,94,,315704,29,,,1,101,,315705,29,,,1,133,,315706,22,0,7 27 28 9,1
6800,'20261029',717,,315707,29,,,1,99,,315708,21,0,5 27 28 9,1,110,,315709,21,0,5 27 28 9,1,385,,315710,29,,,1,99,,315711,29,,,1,301,,315712,21,0,5 27 28 9,1,399,,315714,29,,,1,94,,315715,29,,,1,101,,315716,29,,,1,133,,315717,22,0,7 27 28 9,1
6800,'20261030',717,,315718,29,,,1,99,,315719,21,0,5 27 28 9,1,110,,315720,21,0,5 27 28 9,1,385,,315721,29,,,1,99,,315722,29,,,1,301,,315723,21,0,5 27 28 9,1,399,,315725,29,,,1,94,,315726,29,,,1,101,,315727,29,,,1,133,,315728,22,0,7 27 28 9,1
6800,'20261031',904,,315729,29,,,1,220,,315732,39,0,53 27 28 9,1,81,,315730,29,,,1,227,,315734,39,0,53 27 28 9,1,73,,315735,29,,,1,227,,315737,39,0,53 27 28 9,1,173,,315738,29,,,1,200,,315739,29,,,1,445,,315740,21,0,5 27 28 9,1
6800,'20261101',904,,315741,29,,,1,220,,315744,39,0,53 27 28 9,1,81,,315742,29,,,1,227,,315746,39,0,53 27 28 9,1,73,,315747,29,,,1,227,,315749,39,0,53 27 28 9,1,173,,315750,29,,,1,200,,315751,29,,,1,445,,315752,21,0,5 27 28 9,1
6800,'20261102',717,,315753,29,,,1,99,,315754,21,0,5 27 28 9,1,110,,315755,21,0,5 27 28 9,1,385,,315756,29,,,1,99,,315757,29,,,1,301,,315758,21,0,5 27 28 9,1,399,,315760,29,,,1,94,,315761,29,,,1,101,,315762,29,,,1,133,,315763,22,0,7 27 28 9,1
6800,'20261103',717,,315764,29,,,1,99,,315765,21,0,5 27 28 9,1,110,,315766,21,0,5 27 28 9,1,385,,315767,29,,,1,99,,315768,29,,,1,301,,315769,21,0,5 27 28 9,1,399,,315771,29,,,1,94,,315772,29,,,1,101,,315773,29,,,1,133,,315774,22,0,7 27 28 9,1
6800,'20261104',717,,315775,29,,,1,99,,315776,21,0,5 27 28 9,1,110,,315777,21,0,5 27 28 9,1,385,,315778,29,,,1,99,,315779,29,,,1,301,,315780,21,0,5 27 28 9,1,399,,315782,29,,,1,94,,315783,29,,,1,101,,315784,29,,,1,133,,315785,22,0,7 27 28 9,1
6800,'20261105',717,,315786,29,,,1,99,,315787,21,0,5 27 28 9,1,110,,315788,21,0,5 27 28 9,1,385,,315789,29,,,1,99,,315790,29,,,1,301,,315791,21,0,5 27 28 9,1,399,,315793,29,,,1,94,,315794,29,,,1,101,,315795,29,,,1,133,,315796,22,0,7 27 28 9,1
6800,'20261106',717,,315797,29,,,1,99,,315798,21,0,5 27 28 9,1,110,,315799,21,0,5 27 28 9,1,385,,315800,29,,,1,99,,315801,29,,,1,301,,315802,21,0,5 27 28 9,1,399,,315804,29,,,1,94,,315805,29,,,1,101,,315806,29,,,1,133,,315807,22,0,7 27 28 9,1
6800,'20261107',904,,315808,29,,,1,220,,315811,39,0,53 27 28 9,1,81,,315809,29,,,1,227,,315813,39,0,53 27 28 9,1,73,,315814,29,,,1,227,,315816,39,0,53 27 28 9,1,173,,315817,29,,,1,200,,315818,29,,,1,445,,315819,21,0,5 27 28 9,1
6800,'20261108',904,,315820,29,,,1,220,,315823,39,0,53 27 28 9,1,81,,315821,29,,,1,227,,315825,39,0,53 27 28 9,1,73,,315826,29,,,1,227,,315828,39,0,53 27 28 9,1,173,,315829,29,,,1,200,,315830,29,,,1,445,,315831,21,0,5 27 28 9,1
6800,'20261109',717,,315832,29,,,1,99,,315833,21,0,5 27 28 9,1,110,,315834,21,0,5 27 28 9,1,385,,315835,29,,,1,99,,315836,29,,,1,301,,315837,21,0,5 27 28 9,1,399,,315839,29,,,1,94,,315840,29,,,1,101,,315841,29,,,1,133,,315842,22,0,7 27 28 9,1
6800,'20261110',717,,315843,29,,,1,99,,315844,21,0,5 27 28 9,1,110,,315845,21,0,5 27 28 9,1,385,,315846,29,,,1,99,,315847,29,,,1,301,,315848,21,0,5 27 28 9,1,399,,315850,29,,,1,94,,315851,29,,,1,101,,315852,29,,,1,133,,315853,22,0,7 27 28 9,1
6800,'20261111',717,,315854,29,,,1,99,,315855,21,0,5 27 28 9,1,110,,315856,21,0,5 27 28 9,1,385,,315857,29,,,1,99,,315858,29,,,1,301,,315859,21,0,5 27 28 9,1,399,,315861,29,,,1,94,,315862,29,,,1,101,,315863,29,,,1,133,,315864,22,0,7 27 28 9,1
6800,'20261112',717,,315865,29,,,1,99,,315866,21,0,5 27 28 9,1,110,,315867,21,0,5 27 28 9,1,385,,315868,29,,,1,99,,315869,29,,,1,301,,315870,21,0,5 27 28 9,1,399,,315872,29,,,1,94,,315873,29,,,1,101,,315874,29,,,1,133,,315875,22,0,7 27 28 9,1
6800,'20261113',717,,315876,29,,,1,99,,315877,21,0,5 27 28 9,1,110,,315878,21,0,5 27 28 9,1,385,,315879,29,,,1,99,,315880,29,,,1,301,,315881,21,0,5 27 28 9,1,399,,315883,29,,,1,94,,315884,29,,,1,101,,315885,29,,,1,133,,315886,22,0,7 27 28 9,1
6800,'20261114',904,,315887,29,,,1,220,,315890,39,0,53 27 28 9,1,81,,315888,29,,,1,227,,315892,39,0,53 27 28 9,1,73,,315893,29,,,1,227,,315895,39,0,53 27 28 9,1,173,,315896,29,,,1,200,,315897,29,,,1,445,,315898,21,0,5 27 28 9,1
6800,'20261115',904,,315899,29,,,1,220,,315902,39,0,53 27 28 9,1,81,,315900,29,,,1,227,,315904,39,0,53 27 28 9,1,73,,315905,29,,,1,227,,315907,39,0,53 27 28 9,1,173,,315908,29,,,1,200,,315909,29,,,1,445,,315910,21,0,5 27 28 9,1
6800,'20261116',717,,315911,29,,,1,99,,315912,21,0,5 27 28 9,1,110,,315913,21,0,5 27 28 9,1,385,,315914,29,,,1,99,,315915,29,,,1,301,,315916,21,0,5 27 28 9,1,399,,315918,29,,,1,94,,315919,29,,,1,101,,315920,29,,,1,133,,315921,22,0,7 27 28 9,1
6800,'20261117',717,,315922,29,,,1,99,,315923,21,0,5 27 28 9,1,110,,315924,21,0,5 27 28 9,1,385,,315925,29,,,1,99,,315926,29,,,1,301,,315927,21,0,5 27 28 9,1,399,,315929,29,,,1,94,,315930,29,,,1,101,,315931,29,,,1,133,,315932,22,0,7 27 28 9,1
6800,'20261118',717,,315933,29,,,1,99,,315934,21,0,5 27 28 9,1,110,,315935,21,0,5 27 28 9,1,385,,315936,29,,,1,99,,315937,29,,,1,301,,315938,21,0,5 27 28 9,1,399,,315940,29,,,1,94,,315941,29,,,1,101,,315942,29,,,1,133,,315943,22,0,7 27 28 9,1
6800,'20261119',717,,315944,29,,,1,99,,315945,21,0,5 27 28 9,1,110,,315946,21,0,5 27 28 9,1,385,,315947,29,,,1,99,,315948,29,,,1,301,,315949,21,0,5 27 28 9,1,399,,315951,29,,,1,94,,315952,29,,,1,101,,315953,29,,,1,133,,315954,22,0,7 27 28 9,1
6800,'20261120',717,,315955,29,,,1,99,,315956,21,0,5 27 28 9,1,110,,315957,21,0,5 27 28 9,1,385,,315958,29,,,1,99,,315959,29,,,1,301,,315960,21,0,5 27 28 9,1,399,,315962,29,,,1,94,,315963,29,,,1,101,,315964,29,,,1,133,,315965,22,0,7 27 28 9,1
6800,'20261121',904,,315966,29,,,1,220,,315969,39,0,53 27 28 9,1,81,,315967,29,,,1,227,,315971,39,0,53 27 28 9,1,73,,315972,29,,,1,227,,315974,39,0,53 27 28 9,1,173,,315975,29,,,1,200,,315976,29,,,1,445,,315977,21,0,5 27 28 9,1
6800,'20261122',904,,315978,29,,,1,220,,315981,39,0,53 27 28 9,1,81,,315979,29,,,1,227,,315983,39,0,53 27 28 9,1,73,,315984,29,,,1,227,,315986,39,0,53 27 28 9,1,173,,315987,29,,,1,200,,315988,29,,,1,445,,315989,21,0,5 27 28 9,1
6800,'20261123',717,,315990,29,,,1,99,,315991,21,0,5 27 28 9,1,110,,315992,21,0,5 27 28 9,1,385,,315993,29,,,1,99,,315994,29,,,1,301,,315995,21,0,5 27 28 9,1,399,,315997,29,,,1,94,,315998,29,,,1,101,,315999,29,,,1,133,,316000,22,0,7 27 28 9,1
6800,'20261124',717,,316001,29,,,1,99,,316002,21,0,5 27 28 9,1,110,,316003,21,0,5 27 28 9,1,385,,316004,29,,,1,99,,316005,29,,,1,301,,316006,21,0,5 27 28 9,1,399,,316008,29,,,1,94,,316009,29,,,1,101,,316010,29,,,1,133,,316011,22,0,7 27 28 9,1
6800,'20261125',717,,316012,29,,,1,99,,316013,21,0,5 27 28 9,1,110,,316014,21,0,5 27 28 9,1,385,,316015,29,,,1,99,,316016,29,,,1,301,,316017,21,0,5 27 28 9,1,399,,316019,29,,,1,94,,316020,29,,,1,101,,316021,29,,,1,133,,316022,22,0,7 27 28 9,1
6800,'20261126',717,,316023,29,,,1,99,,316024,21,0,5 27 28 9,1,110,,316025,21,0,5 27 28 9,1,385,,316026,29,,,1,99,,316027,29,,,1,301,,316028,21,0,5 27 28 9,1,399,,316030,29,,,1,94,,316031,29,,,1,101,,316032,29,,,1,133,,316033,22,0,7 27 28 9,1
6800,'20261127',717,,316034,29,,,1,99,,316035,21,0,5 27 28 9,1,110,,316036,21,0,5 27 28 9,1,385,,316037,29,,,1,99,,316038,29,,,1,301,,316039,21,0,5 27 28 9,1,399,,316041,29,,,1,94,,316042,29,,,1,101,,316043,29,,,1,133,,316044,22,0,7 27 28 9,1
