3200,'20260831',650,,167111,4,0,5 6,1,75,,167115,4,0,5 6,1
3200,'20260901',650,,167133,4,0,5 6,1,75,,167137,4,0,5 6,1
3200,'20260902',650,,167155,4,0,5 6,1,75,,167159,4,0,5 6,1
3200,'20260903',650,,167177,4,0,5 6,1,75,,167181,4,0,5 6,1
3200,'20260904',650,,167199,4,0,5 6,1,75,,167203,4,0,5 6,1
3200,'20260908',650,,268449,4,0,5 6,1,75,,268453,4,0,5 6,1
3200,'20260909',650,,268471,4,0,5 6,1,75,,268475,4,0,5 6,1
3200,'20260910',650,,268493,4,0,5 6,1,75,,268497,4,0,5 6,1
3200,'20260911',650,,268515,4,0,5 6,1,75,,268519,4,0,5 6,1
3200,'20260914',650,,268537,4,0,5 6,1,75,,268541,4,0,5 6,1
3200,'20260915',650,,268559,4,0,5 6,1,75,,268563,4,0,5 6,1
3200,'20260916',650,,268581,4,0,5 6,1,75,,268585,4,0,5 6,1
3200,'20260917',650,,268603,4,0,5 6,1,75,,268607,4,0,5 6,1
3200,'20260918',650,,268625,4,0,5 6,1,75,,268629,4,0,5 6,1
3200,'20260921',650,,268647,4,0,5 6,1,75,,268651,4,0,5 6,1
3200,'20260922',650,,268669,4,0,5 6,1,75,,268673,4,0,5 6,1
3200,'20260923',650,,268691,4,0,5 6,1,75,,268695,4,0,5 6,1
3200,'20260924',650,,268713,4,0,5 6,1,75,,268717,4,0,5 6,1
3200,'20260925',650,,268735,4,0,5 6,1,75,,268739,4,0,5 6,1
3200,'20260928',650,,268757,4,0,5 6,1,75,,268761,4,0,5 6,1
3200,'20260929',650,,268779,4,0,5 6,1,75,,268783,4,0,5 6,1
3200,'20260930',650,,268801,4,0,5 6,1,75,,268805,4,0,5 6,1
3200,'20261001',650,,268823,4,0,5 6,1,75,,268827,4,0,5 6,1
3200,'20261002',650,,268845,4,0,5 6,1,75,,268849,4,0,5 6,1
3200,'20261005',650,,268867,4,0,5 6,1,75,,268871,4,0,5 6,1
3200,'20261006',650,,268889,4,0,5 6,1,75,,268893,4,0,5 6,1
3200,'20261007',650,,268911,4,0,5 6,1,75,,268915,4,0,5 6,1
3200,'20261008',650,,268933,4,0,5 6,1,75,,268937,4,0,5 6,1
3200,'20261009',650,,268955,4,0,5 6,1,75,,268959,4,0,5 6,1
3200,'20261013',650,,268977,4,0,5 6,1,75,,268981,4,0,5 6,1
3200,'20261014',650,,268999,4,0,5 6,1,75,,269003,4,0,5 6,1
3200,'20261015',650,,269021,4,0,5 6,1,75,,269025,4,0,5 6,1
3200,'20261016',650,,269043,4,0,5 6,1,75,,269047,4,0,5 6,1
3200,'20261019',650,,269065,4,0,5 6,1,75,,269069,4,0,5 6,1
3200,'20261020',650,,269087,4,0,5 6,1,75,,269091,4,0,5 6,1
3200,'20261021',650,,269109,4,0,5 6,1,75,,269113,4,0,5 6,1
3200,'20261022',650,,269131,4,0,5 6,1,75,,269135,4,0,5 6,1
3200,'20261023',650,,269153,4,0,5 6,1,75,,269157,4,0,5 6,1
3200,'20261026',650,,269175,4,0,5 6,1,75,,269179,4,0,5 6,1
3200,'20261027',650,,269197,4,0,5 6,1,75,,269201,4,0,5 6,1
3200,'20261028',650,,269219,4,0,5 6,1,75,,269223,4,0,5 6,1
3200,'20261029',650,,269241,4,0,5 6,1,75,,269245,4,0,5 6,1
3200,'20261030',650,,269263,4,0,5 6,1,75,,269267,4,0,5 6,1
3200,'20261102',650,,269285,4,0,5 6,1,75,,269289,4,0,5 6,1
3200,'20261103',650,,269307,4,0,5 6,1,75,,269311,4,0,5 6,1
3200,'20261104',650,,269329,4,0,5 6,1,75,,269333,4,0,5 6,1
3200,'20261105',650,,269351,4,0,5 6,1,75,,269355,4,0,5 6,1
3200,'20261106',650,,269373,4,0,5 6,1,75,,269377,4,0,5 6,1
3200,'20261109',650,,269395,4,0,5 6,1,75,,269399,4,0,5 6,1
3200,'20261110',650,,269417,4,0,5 6,1,75,,269421,4,0,5 6,1
3200,'20261111',650,,269439,4,0,5 6,1,75,,269443,4,0,5 6,1
3200,'20261112',650,,269461,4,0,5 6,1,75,,269465,4,0,5 6,1
3200,'20261113',650,,269483,4,0,5 6,1,75,,269487,4,0,5 6,1
3200,'20261116',650,,269505,4,0,5 6,1,75,,269509,4,0,5 6,1
3200,'20261117',650,,269527,4,0,5 6,1,75,,269531,4,0,5 6,1
3200,'20261118',650,,269549,4,0,5 6,1,75,,269553,4,0,5 6,1
3200,'20261119',650,,269571,4,0,5 6,1,75,,269575,4,0,5 6,1
3200,'20261120',650,,269593,4,0,5 6,1,75,,269597,4,0,5 6,1
3200,'20261123',650,,269615,4,0,5 6,1,75,,269619,4,0,5 6,1
3200,'20261124',650,,269637,4,0,5 6,1,75,,269641,4,0,5 6,1
3200,'20261125',650,,269659,4,0,5 6,1,75,,269663,4,0,5 6,1
3200,'20261126',650,,269681,4,0,5 6,1,75,,269685,4,0,5 6,1
3200,'20261127',650,,269703,4,0,5 6,1,75,,269707,4,0,5 6,1
3600,'20260831',505,,174206,4,0,5 24 25,1,95,,174207,4,0,5 24 25,1,105,,174208,4,0,5 24 25,1,30,,174209,4,0,5 24 25,1,75,,174210,4,0,5 24 25,1,90,,174211,4,0,5 24 25,1,100,,174212,4,0,5 24 25,1,100,,174213,4,0,5 24 25,1,100,,174214,4,0,5 24 25,1,100,,174215,4,0,5 24 25,1,100,,174216,4,0,5 24 25,1,100,,174217,4,0,5 24 25,1,40,,174218,4,0,5 24 25,1,100,,174219,4,0,5 24 25,1,100,,174220,4,0,5 24 25,1,200,,174221,4,0,5 24 25,1,190,,174222,4,0,5 24 25,1
3600,'20260901',505,,174223,4,0,5 24 25,1,95,,174224,4,0,5 24 25,1,105,,174225,4,0,5 24 25,1,30,,174226,4,0,5 24 25,1,75,,174227,4,0,5 24 25,1,90,,174228,4,0,5 24 25,1,100,,174229,4,0,5 24 25,1,100,,174230,4,0,5 24 25,1,100,,174231,4,0,5 24 25,1,100,,174232,4,0,5 24 25,1,100,,174233,4,0,5 24 25,1,100,,174234,4,0,5 24 25,1,40,,174235,4,0,5 24 25,1,100,,174236,4,0,5 24 25,1,100,,174237,4,0,5 24 25,1,200,,174238,4,0,5 24 25,1,190,,174239,4,0,5 24 25,1
3600,'20260902',505,,174240,4,0,5 24 25,1,95,,174241,4,0,5 24 25,1,105,,174242,4,0,5 24 25,1,30,,174243,4,0,5 24 25,1,75,,174244,4,0,5 24 25,1,90,,174245,4,0,5 24 25,1,100,,174246,4,0,5 24 25,1,100,,174247,4,0,5 24 25,1,100,,174248,4,0,5 24 25,1,100,,174249,4,0,5 24 25,1,100,,174250,4,0,5 24 25,1,100,,174251,4,0,5 24 25,1,40,,174252,4,0,5 24 25,1,100,,174253,4,0,5 24 25,1,100,,174254,4,0,5 24 25,1,200,,174255,4,0,5 24 25,1,190,,174256,4,0,5 24 25,1
3600,'20260903',505,,174257,4,0,5 24 25,1,95,,174258,4,0,5 24 25,1,105,,174259,4,0,5 24 25,1,30,,174260,4,0,5 24 25,1,75,,174261,4,0,5 24 25,1,90,,174262,4,0,5 24 25,1,100,,174263,4,0,5 24 25,1,100,,174264,4,0,5 24 25,1,100,,174265,4,0,5 24 25,1,100,,174266,4,0,5 24 25,1,100,,174267,4,0,5 24 25,1,100,,174268,4,0,5 24 25,1,40,,174269,4,0,5 24 25,1,100,,174270,4,0,5 24 25,1,100,,174271,4,0,5 24 25,1,200,,174272,4,0,5 24 25,1,190,,174273,4,0,5 24 25,1
3600,'20260904',505,,174274,4,0,5 24 25,1,95,,174275,4,0,5 24 25,1,105,,174276,4,0,5 24 25,1,30,,174277,4,0,5 24 25,1,75,,174278,4,0,5 24 25,1,90,,174279,4,0,5 24 25,1,100,,174280,4,0,5 24 25,1,100,,174281,4,0,5 24 25,1,100,,174282,4,0,5 24 25,1,100,,174283,4,0,5 24 25,1,100,,174284,4,0,5 24 25,1,100,,174285,4,0,5 24 25,1,40,,174286,4,0,5 24 25,1,100,,174287,4,0,5 24 25,1,100,,174288,4,0,5 24 25,1,200,,174289,4,0,5 24 25,1,190,,174290,4,0,5 24 25,1
3600,'20260905',615,,275893,4,0,5 24 25,1,30,,275894,4,0,5 24 25,1,60,,275895,4,0,5 24 25,1,20,,275896,4,0,5 24 25,1,20,,275897,4,0,5 24 25,1,70,,275898,4,0,5 24 25,1,100,,275899,4,0,5 24 25,1,100,,275900,4,0,5 24 25,1,30,,275901,4,0,5 24 25,1,70,,275902,4,0,5 24 25,1,30,,275903,4,0,5 24 25,1,70,,275904,4,0,5 24 25,1,30,,275905,4,0,5 24 25,1,70,,275906,4,0,5 24 25,1,100,,275907,4,0,5 24 25,1,100,,275908,4,0,5 24 25,1,100,,275909,4,0,5 24 25,1,100,,275910,4,0,5 24 25,1,100,,275911,4,0,5 24 25,1,100,,275912,4,0,5 24 25,1,100,,275913,4,0,5 24 25,1,100,,275914,4,0,5 24 25,1,200,,275915,4,0,5 24 25,1
3600,'20260906',615,,275916,4,0,5 24 25,1,30,,275917,4,0,5 24 25,1,60,,275918,4,0,5 24 25,1,20,,275919,4,0,5 24 25,1,20,,275920,4,0,5 24 25,1,70,,275921,4,0,5 24 25,1,100,,275922,4,0,5 24 25,1,100,,275923,4,0,5 24 25,1,100,,275924,4,0,5 24 25,1,100,,275925,4,0,5 24 25,1,100,,275926,4,0,5 24 25,1,100,,275927,4,0,5 24 25,1,100,,275928,4,0,5 24 25,1,100,,275929,4,0,5 24 25,1,100,,275930,4,0,5 24 25,1,100,,275931,4,0,5 24 25,1,100,,275932,4,0,5 24 25,1,100,,275933,4,0,5 24 25,1,100,,275934,4,0,5 24 25,1,200,,275935,4,0,5 24 25,1
3600,'20260907',615,,275936,4,0,5 24 25,1,30,,275937,4,0,5 24 25,1,60,,275938,4,0,5 24 25,1,20,,275939,4,0,5 24 25,1,20,,275940,4,0,5 24 25,1,70,,275941,4,0,5 24 25,1,100,,275942,4,0,5 24 25,1,100,,275943,4,0,5 24 25,1,30,,275944,4,0,5 24 25,1,70,,275945,4,0,5 24 25,1,30,,275946,4,0,5 24 25,1,70,,275947,4,0,5 24 25,1,30,,275948,4,0,5 24 25,1,70,,275949,4,0,5 24 25,1,100,,275950,4,0,5 24 25,1,100,,275951,4,0,5 24 25,1,100,,275952,4,0,5 24 25,1,100,,275953,4,0,5 24 25,1,100,,275954,4,0,5 24 25,1,100,,275955,4,0,5 24 25,1,100,,275956,4,0,5 24 25,1,100,,275957,4,0,5 24 25,1,200,,275958,4,0,5 24 25,1
3600,'20260908',505,,275959,4,0,5 24 25,1,95,,275960,4,0,5 24 25,1,105,,275961,4,0,5 24 25,1,30,,275962,4,0,5 24 25,1,75,,275963,4,0,5 24 25,1,90,,275964,4,0,5 24 25,1,100,,275965,4,0,5 24 25,1,100,,275966,4,0,5 24 25,1,100,,275967,4,0,5 24 25,1,100,,275968,4,0,5 24 25,1,100,,275969,4,0,5 24 25,1,100,,275970,4,0,5 24 25,1,40,,275971,4,0,5 24 25,1,95,,275972,4,0,5 24 25,1,105,,275973,4,0,5 24 25,1,200,,275974,4,0,5 24 25,1,190,,275975,4,0,5 24 25,1
3600,'20260909',505,,275976,4,0,5 24 25,1,95,,275977,4,0,5 24 25,1,105,,275978,4,0,5 24 25,1,30,,275979,4,0,5 24 25,1,75,,275980,4,0,5 24 25,1,90,,275981,4,0,5 24 25,1,100,,275982,4,0,5 24 25,1,100,,275983,4,0,5 24 25,1,100,,275984,4,0,5 24 25,1,100,,275985,4,0,5 24 25,1,100,,275986,4,0,5 24 25,1,100,,275987,4,0,5 24 25,1,40,,275988,4,0,5 24 25,1,95,,275989,4,0,5 24 25,1,105,,275990,4,0,5 24 25,1,200,,275991,4,0,5 24 25,1,190,,275992,4,0,5 24 25,1
3600,'20260910',505,,275993,4,0,5 24 25,1,95,,275994,4,0,5 24 25,1,105,,275995,4,0,5 24 25,1,30,,275996,4,0,5 24 25,1,75,,275997,4,0,5 24 25,1,90,,275998,4,0,5 24 25,1,100,,275999,4,0,5 24 25,1,100,,276000,4,0,5 24 25,1,100,,276001,4,0,5 24 25,1,100,,276002,4,0,5 24 25,1,100,,276003,4,0,5 24 25,1,100,,276004,4,0,5 24 25,1,40,,276005,4,0,5 24 25,1,95,,276006,4,0,5 24 25,1,105,,276007,4,0,5 24 25,1,200,,276008,4,0,5 24 25,1,190,,276009,4,0,5 24 25,1
3600,'20260911',505,,276010,4,0,5 24 25,1,95,,276011,4,0,5 24 25,1,105,,276012,4,0,5 24 25,1,30,,276013,4,0,5 24 25,1,75,,276014,4,0,5 24 25,1,90,,276015,4,0,5 24 25,1,100,,276016,4,0,5 24 25,1,100,,276017,4,0,5 24 25,1,100,,276018,4,0,5 24 25,1,100,,276019,4,0,5 24 25,1,100,,276020,4,0,5 24 25,1,100,,276021,4,0,5 24 25,1,40,,276022,4,0,5 24 25,1,95,,276023,4,0,5 24 25,1,105,,276024,4,0,5 24 25,1,200,,276025,4,0,5 24 25,1,190,,276026,4,0,5 24 25,1
3600,'20260912',615,,276027,4,0,5 24 25,1,30,,276028,4,0,5 24 25,1,60,,276029,4,0,5 24 25,1,20,,276030,4,0,5 24 25,1,20,,276031,4,0,5 24 25,1,70,,276032,4,0,5 24 25,1,100,,276033,4,0,5 24 25,1,100,,276034,4,0,5 24 25,1,30,,276035,4,0,5 24 25,1,70,,276036,4,0,5 24 25,1,30,,276037,4,0,5 24 25,1,70,,276038,4,0,5 24 25,1,30,,276039,4,0,5 24 25,1,70,,276040,4,0,5 24 25,1,100,,276041,4,0,5 24 25,1,100,,276042,4,0,5 24 25,1,100,,276043,4,0,5 24 25,1,100,,276044,4,0,5 24 25,1,100,,276045,4,0,5 24 25,1,100,,276046,4,0,5 24 25,1,100,,276047,4,0,5 24 25,1,100,,276048,4,0,5 24 25,1,200,,276049,4,0,5 24 25,1
3600,'20260913',615,,276050,4,0,5 24 25,1,30,,276051,4,0,5 24 25,1,60,,276052,4,0,5 24 25,1,20,,276053,4,0,5 24 25,1,20,,276054,4,0,5 24 25,1,70,,276055,4,0,5 24 25,1,100,,276056,4,0,5 24 25,1,100,,276057,4,0,5 24 25,1,100,,276058,4,0,5 24 25,1,100,,276059,4,0,5 24 25,1,100,,276060,4,0,5 24 25,1,100,,276061,4,0,5 24 25,1,100,,276062,4,0,5 24 25,1,100,,276063,4,0,5 24 25,1,100,,276064,4,0,5 24 25,1,100,,276065,4,0,5 24 25,1,100,,276066,4,0,5 24 25,1,100,,276067,4,0,5 24 25,1,100,,276068,4,0,5 24 25,1,200,,276069,4,0,5 24 25,1
3600,'20260914',505,,276070,4,0,5 24 25,1,95,,276071,4,0,5 24 25,1,105,,276072,4,0,5 24 25,1,30,,276073,4,0,5 24 25,1,75,,276074,4,0,5 24 25,1,90,,276075,4,0,5 24 25,1,100,,276076,4,0,5 24 25,1,100,,276077,4,0,5 24 25,1,100,,276078,4,0,5 24 25,1,100,,276079,4,0,5 24 25,1,100,,276080,4,0,5 24 25,1,100,,276081,4,0,5 24 25,1,40,,276082,4,0,5 24 25,1,95,,276083,4,0,5 24 25,1,105,,276084,4,0,5 24 25,1,200,,276085,4,0,5 24 25,1,190,,276086,4,0,5 24 25,1
3600,'20260915',505,,276087,4,0,5 24 25,1,95,,276088,4,0,5 24 25,1,105,,276089,4,0,5 24 25,1,30,,276090,4,0,5 24 25,1,75,,276091,4,0,5 24 25,1,90,,276092,4,0,5 24 25,1,100,,276093,4,0,5 24 25,1,100,,276094,4,0,5 24 25,1,100,,276095,4,0,5 24 25,1,100,,276096,4,0,5 24 25,1,100,,276097,4,0,5 24 25,1,100,,276098,4,0,5 24 25,1,40,,276099,4,0,5 24 25,1,95,,276100,4,0,5 24 25,1,105,,276101,4,0,5 24 25,1,200,,276102,4,0,5 24 25,1,190,,276103,4,0,5 24 25,1
3600,'20260916',505,,276104,4,0,5 24 25,1,95,,276105,4,0,5 24 25,1,105,,276106,4,0,5 24 25,1,30,,276107,4,0,5 24 25,1,75,,276108,4,0,5 24 25,1,90,,276109,4,0,5 24 25,1,100,,276110,4,0,5 24 25,1,100,,276111,4,0,5 24 25,1,100,,276112,4,0,5 24 25,1,100,,276113,4,0,5 24 25,1,100,,276114,4,0,5 24 25,1,100,,276115,4,0,5 24 25,1,40,,276116,4,0,5 24 25,1,95,,276117,4,0,5 24 25,1,105,,276118,4,0,5 24 25,1,200,,276119,4,0,5 24 25,1,190,,276120,4,0,5 24 25,1
3600,'20260917',505,,276121,4,0,5 24 25,1,95,,276122,4,0,5 24 25,1,105,,276123,4,0,5 24 25,1,30,,276124,4,0,5 24 25,1,75,,276125,4,0,5 24 25,1,90,,276126,4,0,5 24 25,1,100,,276127,4,0,5 24 25,1,100,,276128,4,0,5 24 25,1,100,,276129,4,0,5 24 25,1,100,,276130,4,0,5 24 25,1,100,,276131,4,0,5 24 25,1,100,,276132,4,0,5 24 25,1,40,,276133,4,0,5 24 25,1,95,,276134,4,0,5 24 25,1,105,,276135,4,0,5 24 25,1,200,,276136,4,0,5 24 25,1,190,,276137,4,0,5 24 25,1
3600,'20260918',505,,276138,4,0,5 24 25,1,95,,276139,4,0,5 24 25,1,105,,276140,4,0,5 24 25,1,30,,276141,4,0,5 24 25,1,75,,276142,4,0,5 24 25,1,90,,276143,4,0,5 24 25,1,100,,276144,4,0,5 24 25,1,100,,276145,4,0,5 24 25,1,100,,276146,4,0,5 24 25,1,100,,276147,4,0,5 24 25,1,100,,276148,4,0,5 24 25,1,100,,276149,4,0,5 24 25,1,40,,276150,4,0,5 24 25,1,95,,276151,4,0,5 24 25,1,105,,276152,4,0,5 24 25,1,200,,276153,4,0,5 24 25,1,190,,276154,4,0,5 24 25,1
3600,'20260919',615,,276155,4,0,5 24 25,1,30,,276156,4,0,5 24 25,1,60,,276157,4,0,5 24 25,1,20,,276158,4,0,5 24 25,1,20,,276159,4,0,5 24 25,1,70,,276160,4,0,5 24 25,1,100,,276161,4,0,5 24 25,1,100,,276162,4,0,5 24 25,1,30,,276163,4,0,5 24 25,1,70,,276164,4,0,5 24 25,1,30,,276165,4,0,5 24 25,1,70,,276166,4,0,5 24 25,1,30,,276167,4,0,5 24 25,1,70,,276168,4,0,5 24 25,1,100,,276169,4,0,5 24 25,1,100,,276170,4,0,5 24 25,1,100,,276171,4,0,5 24 25,1,100,,276172,4,0,5 24 25,1,100,,276173,4,0,5 24 25,1,100,,276174,4,0,5 24 25,1,100,,276175,4,0,5 24 25,1,100,,276176,4,0,5 24 25,1,200,,276177,4,0,5 24 25,1
3600,'20260920',615,,276178,4,0,5 24 25,1,30,,276179,4,0,5 24 25,1,60,,276180,4,0,5 24 25,1,20,,276181,4,0,5 24 25,1,20,,276182,4,0,5 24 25,1,70,,276183,4,0,5 24 25,1,100,,276184,4,0,5 24 25,1,100,,276185,4,0,5 24 25,1,100,,276186,4,0,5 24 25,1,100,,276187,4,0,5 24 25,1,100,,276188,4,0,5 24 25,1,100,,276189,4,0,5 24 25,1,100,,276190,4,0,5 24 25,1,100,,276191,4,0,5 24 25,1,100,,276192,4,0,5 24 25,1,100,,276193,4,0,5 24 25,1,100,,276194,4,0,5 24 25,1,100,,276195,4,0,5 24 25,1,100,,276196,4,0,5 24 25,1,200,,276197,4,0,5 24 25,1
3600,'20260921',505,,276198,4,0,5 24 25,1,95,,276199,4,0,5 24 25,1,105,,276200,4,0,5 24 25,1,30,,276201,4,0,5 24 25,1,75,,276202,4,0,5 24 25,1,90,,276203,4,0,5 24 25,1,100,,276204,4,0,5 24 25,1,100,,276205,4,0,5 24 25,1,100,,276206,4,0,5 24 25,1,100,,276207,4,0,5 24 25,1,100,,276208,4,0,5 24 25,1,100,,276209,4,0,5 24 25,1,40,,276210,4,0,5 24 25,1,95,,276211,4,0,5 24 25,1,105,,276212,4,0,5 24 25,1,200,,276213,4,0,5 24 25,1,190,,276214,4,0,5 24 25,1
3600,'20260922',505,,276215,4,0,5 24 25,1,95,,276216,4,0,5 24 25,1,105,,276217,4,0,5 24 25,1,30,,276218,4,0,5 24 25,1,75,,276219,4,0,5 24 25,1,90,,276220,4,0,5 24 25,1,100,,276221,4,0,5 24 25,1,100,,276222,4,0,5 24 25,1,100,,276223,4,0,5 24 25,1,100,,276224,4,0,5 24 25,1,100,,276225,4,0,5 24 25,1,100,,276226,4,0,5 24 25,1,40,,276227,4,0,5 24 25,1,95,,276228,4,0,5 24 25,1,105,,276229,4,0,5 24 25,1,200,,276230,4,0,5 24 25,1,190,,276231,4,0,5 24 25,1
3600,'20260923',505,,276232,4,0,5 24 25,1,95,,276233,4,0,5 24 25,1,105,,276234,4,0,5 24 25,1,30,,276235,4,0,5 24 25,1,75,,276236,4,0,5 24 25,1,90,,276237,4,0,5 24 25,1,100,,276238,4,0,5 24 25,1,100,,276239,4,0,5 24 25,1,100,,276240,4,0,5 24 25,1,100,,276241,4,0,5 24 25,1,100,,276242,4,0,5 24 25,1,100,,276243,4,0,5 24 25,1,40,,276244,4,0,5 24 25,1,95,,276245,4,0,5 24 25,1,105,,276246,4,0,5 24 25,1,200,,276247,4,0,5 24 25,1,190,,276248,4,0,5 24 25,1
3600,'20260924',505,,276249,4,0,5 24 25,1,95,,276250,4,0,5 24 25,1,105,,276251,4,0,5 24 25,1,30,,276252,4,0,5 24 25,1,75,,276253,4,0,5 24 25,1,90,,276254,4,0,5 24 25,1,100,,276255,4,0,5 24 25,1,100,,276256,4,0,5 24 25,1,100,,276257,4,0,5 24 25,1,100,,276258,4,0,5 24 25,1,100,,276259,4,0,5 24 25,1,100,,276260,4,0,5 24 25,1,40,,276261,4,0,5 24 25,1,95,,276262,4,0,5 24 25,1,105,,276263,4,0,5 24 25,1,200,,276264,4,0,5 24 25,1,190,,276265,4,0,5 24 25,1
3600,'20260925',505,,276266,4,0,5 24 25,1,95,,276267,4,0,5 24 25,1,105,,276268,4,0,5 24 25,1,30,,276269,4,0,5 24 25,1,75,,276270,4,0,5 24 25,1,90,,276271,4,0,5 24 25,1,100,,276272,4,0,5 24 25,1,100,,276273,4,0,5 24 25,1,100,,276274,4,0,5 24 25,1,100,,276275,4,0,5 24 25,1,100,,276276,4,0,5 24 25,1,100,,276277,4,0,5 24 25,1,40,,276278,4,0,5 24 25,1,95,,276279,4,0,5 24 25,1,105,,276280,4,0,5 24 25,1,200,,276281,4,0,5 24 25,1,190,,276282,4,0,5 24 25,1
3600,'20260926',615,,276283,4,0,5 24 25,1,30,,276284,4,0,5 24 25,1,60,,276285,4,0,5 24 25,1,20,,276286,4,0,5 24 25,1,20,,276287,4,0,5 24 25,1,70,,276288,4,0,5 24 25,1,100,,276289,4,0,5 24 25,1,100,,276290,4,0,5 24 25,1,30,,276291,4,0,5 24 25,1,70,,276292,4,0,5 24 25,1,30,,276293,4,0,5 24 25,1,70,,276294,4,0,5 24 25,1,30,,276295,4,0,5 24 25,1,70,,276296,4,0,5 24 25,1,100,,276297,4,0,5 24 25,1,100,,276298,4,0,5 24 25,1,100,,276299,4,0,5 24 25,1,100,,276300,4,0,5 24 25,1,100,,276301,4,0,5 24 25,1,100,,276302,4,0,5 24 25,1,100,,276303,4,0,5 24 25,1,100,,276304,4,0,5 24 25,1,200,,276305,4,0,5 24 25,1
3600,'20260927',615,,276306,4,0,5 24 25,1,30,,276307,4,0,5 24 25,1,60,,276308,4,0,5 24 25,1,20,,276309,4,0,5 24 25,1,20,,276310,4,0,5 24 25,1,70,,276311,4,0,5 24 25,1,100,,276312,4,0,5 24 25,1,100,,276313,4,0,5 24 25,1,100,,276314,4,0,5 24 25,1,100,,276315,4,0,5 24 25,1,100,,276316,4,0,5 24 25,1,100,,276317,4,0,5 24 25,1,100,,276318,4,0,5 24 25,1,100,,276319,4,0,5 24 25,1,100,,276320,4,0,5 24 25,1,100,,276321,4,0,5 24 25,1,100,,276322,4,0,5 24 25,1,100,,276323,4,0,5 24 25,1,100,,276324,4,0,5 24 25,1,200,,276325,4,0,5 24 25,1
3600,'20260928',505,,276326,4,0,5 24 25,1,95,,276327,4,0,5 24 25,1,105,,276328,4,0,5 24 25,1,30,,276329,4,0,5 24 25,1,75,,276330,4,0,5 24 25,1,90,,276331,4,0,5 24 25,1,100,,276332,4,0,5 24 25,1,100,,276333,4,0,5 24 25,1,100,,276334,4,0,5 24 25,1,100,,276335,4,0,5 24 25,1,100,,276336,4,0,5 24 25,1,100,,276337,4,0,5 24 25,1,40,,276338,4,0,5 24 25,1,95,,276339,4,0,5 24 25,1,105,,276340,4,0,5 24 25,1,200,,276341,4,0,5 24 25,1,190,,276342,4,0,5 24 25,1
3600,'20260929',505,,276343,4,0,5 24 25,1,95,,276344,4,0,5 24 25,1,105,,276345,4,0,5 24 25,1,30,,276346,4,0,5 24 25,1,75,,276347,4,0,5 24 25,1,90,,276348,4,0,5 24 25,1,100,,276349,4,0,5 24 25,1,100,,276350,4,0,5 24 25,1,100,,276351,4,0,5 24 25,1,100,,276352,4,0,5 24 25,1,100,,276353,4,0,5 24 25,1,100,,276354,4,0,5 24 25,1,40,,276355,4,0,5 24 25,1,95,,276356,4,0,5 24 25,1,105,,276357,4,0,5 24 25,1,200,,276358,4,0,5 24 25,1,190,,276359,4,0,5 24 25,1
3600,'20260930',505,,276360,4,0,5 24 25,1,95,,276361,4,0,5 24 25,1,105,,276362,4,0,5 24 25,1,30,,276363,4,0,5 24 25,1,75,,276364,4,0,5 24 25,1,90,,276365,4,0,5 24 25,1,100,,276366,4,0,5 24 25,1,100,,276367,4,0,5 24 25,1,100,,276368,4,0,5 24 25,1,100,,276369,4,0,5 24 25,1,100,,276370,4,0,5 24 25,1,100,,276371,4,0,5 24 25,1,40,,276372,4,0,5 24 25,1,95,,276373,4,0,5 24 25,1,105,,276374,4,0,5 24 25,1,200,,276375,4,0,5 24 25,1,190,,276376,4,0,5 24 25,1
3600,'20261001',505,,276377,4,0,5 24 25,1,95,,276378,4,0,5 24 25,1,105,,276379,4,0,5 24 25,1,30,,276380,4,0,5 24 25,1,75,,276381,4,0,5 24 25,1,90,,276382,4,0,5 24 25,1,100,,276383,4,0,5 24 25,1,100,,276384,4,0,5 24 25,1,100,,276385,4,0,5 24 25,1,100,,276386,4,0,5 24 25,1,100,,276387,4,0,5 24 25,1,100,,276388,4,0,5 24 25,1,40,,276389,4,0,5 24 25,1,95,,276390,4,0,5 24 25,1,105,,276391,4,0,5 24 25,1,200,,276392,4,0,5 24 25,1,190,,276393,4,0,5 24 25,1
3600,'20261002',505,,276394,4,0,5 24 25,1,95,,276395,4,0,5 24 25,1,105,,276396,4,0,5 24 25,1,30,,276397,4,0,5 24 25,1,75,,276398,4,0,5 24 25,1,90,,276399,4,0,5 24 25,1,100,,276400,4,0,5 24 25,1,100,,276401,4,0,5 24 25,1,100,,276402,4,0,5 24 25,1,100,,276403,4,0,5 24 25,1,100,,276404,4,0,5 24 25,1,100,,276405,4,0,5 24 25,1,40,,276406,4,0,5 24 25,1,95,,276407,4,0,5 24 25,1,105,,276408,4,0,5 24 25,1,200,,276409,4,0,5 24 25,1,190,,276410,4,0,5 24 25,1
3600,'20261003',615,,276411,4,0,5 24 25,1,30,,276412,4,0,5 24 25,1,60,,276413,4,0,5 24 25,1,20,,276414,4,0,5 24 25,1,20,,276415,4,0,5 24 25,1,70,,276416,4,0,5 24 25,1,100,,276417,4,0,5 24 25,1,100,,276418,4,0,5 24 25,1,30,,276419,4,0,5 24 25,1,70,,276420,4,0,5 24 25,1,30,,276421,4,0,5 24 25,1,70,,276422,4,0,5 24 25,1,30,,276423,4,0,5 24 25,1,70,,276424,4,0,5 24 25,1,100,,276425,4,0,5 24 25,1,100,,276426,4,0,5 24 25,1,100,,276427,4,0,5 24 25,1,100,,276428,4,0,5 24 25,1,100,,276429,4,0,5 24 25,1,100,,276430,4,0,5 24 25,1,100,,276431,4,0,5 24 25,1,100,,276432,4,0,5 24 25,1,200,,276433,4,0,5 24 25,1
3600,'20261004',615,,276434,4,0,5 24 25,1,30,,276435,4,0,5 24 25,1,60,,276436,4,0,5 24 25,1,20,,276437,4,0,5 24 25,1,20,,276438,4,0,5 24 25,1,70,,276439,4,0,5 24 25,1,100,,276440,4,0,5 24 25,1,100,,276441,4,0,5 24 25,1,100,,276442,4,0,5 24 25,1,100,,276443,4,0,5 24 25,1,100,,276444,4,0,5 24 25,1,100,,276445,4,0,5 24 25,1,100,,276446,4,0,5 24 25,1,100,,276447,4,0,5 24 25,1,100,,276448,4,0,5 24 25,1,100,,276449,4,0,5 24 25,1,100,,276450,4,0,5 24 25,1,100,,276451,4,0,5 24 25,1,100,,276452,4,0,5 24 25,1,200,,276453,4,0,5 24 25,1
3600,'20261005',505,,276454,4,0,5 24 25,1,95,,276455,4,0,5 24 25,1,105,,276456,4,0,5 24 25,1,30,,276457,4,0,5 24 25,1,75,,276458,4,0,5 24 25,1,90,,276459,4,0,5 24 25,1,100,,276460,4,0,5 24 25,1,100,,276461,4,0,5 24 25,1,100,,276462,4,0,5 24 25,1,100,,276463,4,0,5 24 25,1,100,,276464,4,0,5 24 25,1,100,,276465,4,0,5 24 25,1,40,,276466,4,0,5 24 25,1,95,,276467,4,0,5 24 25,1,105,,276468,4,0,5 24 25,1,200,,276469,4,0,5 24 25,1,190,,276470,4,0,5 24 25,1
3600,'20261006',505,,276471,4,0,5 24 25,1,95,,276472,4,0,5 24 25,1,105,,276473,4,0,5 24 25,1,30,,276474,4,0,5 24 25,1,75,,276475,4,0,5 24 25,1,90,,276476,4,0,5 24 25,1,100,,276477,4,0,5 24 25,1,100,,276478,4,0,5 24 25,1,100,,276479,4,0,5 24 25,1,100,,276480,4,0,5 24 25,1,100,,276481,4,0,5 24 25,1,100,,276482,4,0,5 24 25,1,40,,276483,4,0,5 24 25,1,95,,276484,4,0,5 24 25,1,105,,276485,4,0,5 24 25,1,200,,276486,4,0,5 24 25,1,190,,276487,4,0,5 24 25,1
3600,'20261007',505,,276488,4,0,5 24 25,1,95,,276489,4,0,5 24 25,1,105,,276490,4,0,5 24 25,1,30,,276491,4,0,5 24 25,1,75,,276492,4,0,5 24 25,1,90,,276493,4,0,5 24 25,1,100,,276494,4,0,5 24 25,1,100,,276495,4,0,5 24 25,1,100,,276496,4,0,5 24 25,1,100,,276497,4,0,5 24 25,1,100,,276498,4,0,5 24 25,1,100,,276499,4,0,5 24 25,1,40,,276500,4,0,5 24 25,1,95,,276501,4,0,5 24 25,1,105,,276502,4,0,5 24 25,1,200,,276503,4,0,5 24 25,1,190,,276504,4,0,5 24 25,1
3600,'20261008',505,,276505,4,0,5 24 25,1,95,,276506,4,0,5 24 25,1,105,,276507,4,0,5 24 25,1,30,,276508,4,0,5 24 25,1,75,,276509,4,0,5 24 25,1,90,,276510,4,0,5 24 25,1,100,,276511,4,0,5 24 25,1,100,,276512,4,0,5 24 25,1,100,,276513,4,0,5 24 25,1,100,,276514,4,0,5 24 25,1,100,,276515,4,0,5 24 25,1,100,,276516,4,0,5 24 25,1,40,,276517,4,0,5 24 25,1,95,,276518,4,0,5 24 25,1,105,,276519,4,0,5 24 25,1,200,,276520,4,0,5 24 25,1,190,,276521,4,0,5 24 25,1
3600,'20261009',505,,276522,4,0,5 24 25,1,95,,276523,4,0,5 24 25,1,105,,276524,4,0,5 24 25,1,30,,276525,4,0,5 24 25,1,75,,276526,4,0,5 24 25,1,90,,276527,4,0,5 24 25,1,100,,276528,4,0,5 24 25,1,100,,276529,4,0,5 24 25,1,100,,276530,4,0,5 24 25,1,100,,276531,4,0,5 24 25,1,100,,276532,4,0,5 24 25,1,100,,276533,4,0,5 24 25,1,40,,276534,4,0,5 24 25,1,95,,276535,4,0,5 24 25,1,105,,276536,4,0,5 24 25,1,200,,276537,4,0,5 24 25,1,190,,276538,4,0,5 24 25,1
3600,'20261010',615,,276539,4,0,5 24 25,1,30,,276540,4,0,5 24 25,1,60,,276541,4,0,5 24 25,1,20,,276542,4,0,5 24 25,1,20,,276543,4,0,5 24 25,1,70,,276544,4,0,5 24 25,1,100,,276545,4,0,5 24 25,1,100,,276546,4,0,5 24 25,1,30,,276547,4,0,5 24 25,1,70,,276548,4,0,5 24 25,1,30,,276549,4,0,5 24 25,1,70,,276550,4,0,5 24 25,1,30,,276551,4,0,5 24 25,1,70,,276552,4,0,5 24 25,1,100,,276553,4,0,5 24 25,1,100,,276554,4,0,5 24 25,1,100,,276555,4,0,5 24 25,1,100,,276556,4,0,5 24 25,1,100,,276557,4,0,5 24 25,1,100,,276558,4,0,5 24 25,1,100,,276559,4,0,5 24 25,1,100,,276560,4,0,5 24 25,1,200,,276561,4,0,5 24 25,1
3600,'20261011',615,,276562,4,0,5 24 25,1,30,,276563,4,0,5 24 25,1,60,,276564,4,0,5 24 25,1,20,,276565,4,0,5 24 25,1,20,,276566,4,0,5 24 25,1,70,,276567,4,0,5 24 25,1,100,,276568,4,0,5 24 25,1,100,,276569,4,0,5 24 25,1,100,,276570,4,0,5 24 25,1,100,,276571,4,0,5 24 25,1,100,,276572,4,0,5 24 25,1,100,,276573,4,0,5 24 25,1,100,,276574,4,0,5 24 25,1,100,,276575,4,0,5 24 25,1,100,,276576,4,0,5 24 25,1,100,,276577,4,0,5 24 25,1,100,,276578,4,0,5 24 25,1,100,,276579,4,0,5 24 25,1,100,,276580,4,0,5 24 25,1,200,,276581,4,0,5 24 25,1
3600,'20261012',615,,276582,4,0,5 24 25,1,30,,276583,4,0,5 24 25,1,60,,276584,4,0,5 24 25,1,20,,276585,4,0,5 24 25,1,20,,276586,4,0,5 24 25,1,70,,276587,4,0,5 24 25,1,100,,276588,4,0,5 24 25,1,100,,276589,4,0,5 24 25,1,30,,276590,4,0,5 24 25,1,70,,276591,4,0,5 24 25,1,30,,276592,4,0,5 24 25,1,70,,276593,4,0,5 24 25,1,30,,276594,4,0,5 24 25,1,70,,276595,4,0,5 24 25,1,100,,276596,4,0,5 24 25,1,100,,276597,4,0,5 24 25,1,100,,276598,4,0,5 24 25,1,100,,276599,4,0,5 24 25,1,100,,276600,4,0,5 24 25,1,100,,276601,4,0,5 24 25,1,100,,276602,4,0,5 24 25,1,100,,276603,4,0,5 24 25,1,200,,276604,4,0,5 24 25,1
3600,'20261013',505,,276605,4,0,5 24 25,1,95,,276606,4,0,5 24 25,1,105,,276607,4,0,5 24 25,1,30,,276608,4,0,5 24 25,1,75,,276609,4,0,5 24 25,1,90,,276610,4,0,5 24 25,1,100,,276611,4,0,5 24 25,1,100,,276612,4,0,5 24 25,1,100,,276613,4,0,5 24 25,1,100,,276614,4,0,5 24 25,1,100,,276615,4,0,5 24 25,1,100,,276616,4,0,5 24 25,1,40,,276617,4,0,5 24 25,1,95,,276618,4,0,5 24 25,1,105,,276619,4,0,5 24 25,1,200,,276620,4,0,5 24 25,1,190,,276621,4,0,5 24 25,1
3600,'20261014',505,,276622,4,0,5 24 25,1,95,,276623,4,0,5 24 25,1,105,,276624,4,0,5 24 25,1,30,,276625,4,0,5 24 25,1,75,,276626,4,0,5 24 25,1,90,,276627,4,0,5 24 25,1,100,,276628,4,0,5 24 25,1,100,,276629,4,0,5 24 25,1,100,,276630,4,0,5 24 25,1,100,,276631,4,0,5 24 25,1,100,,276632,4,0,5 24 25,1,100,,276633,4,0,5 24 25,1,40,,276634,4,0,5 24 25,1,95,,276635,4,0,5 24 25,1,105,,276636,4,0,5 24 25,1,200,,276637,4,0,5 24 25,1,190,,276638,4,0,5 24 25,1
3600,'20261015',505,,276639,4,0,5 24 25,1,95,,276640,4,0,5 24 25,1,105,,276641,4,0,5 24 25,1,30,,276642,4,0,5 24 25,1,75,,276643,4,0,5 24 25,1,90,,276644,4,0,5 24 25,1,100,,276645,4,0,5 24 25,1,100,,276646,4,0,5 24 25,1,100,,276647,4,0,5 24 25,1,100,,276648,4,0,5 24 25,1,100,,276649,4,0,5 24 25,1,100,,276650,4,0,5 24 25,1,40,,276651,4,0,5 24 25,1,95,,276652,4,0,5 24 25,1,105,,276653,4,0,5 24 25,1,200,,276654,4,0,5 24 25,1,190,,276655,4,0,5 24 25,1
3600,'20261016',505,,276656,4,0,5 24 25,1,95,,276657,4,0,5 24 25,1,105,,276658,4,0,5 24 25,1,30,,276659,4,0,5 24 25,1,75,,276660,4,0,5 24 25,1,90,,276661,4,0,5 24 25,1,100,,276662,4,0,5 24 25,1,100,,276663,4,0,5 24 25,1,100,,276664,4,0,5 24 25,1,100,,276665,4,0,5 24 25,1,100,,276666,4,0,5 24 25,1,100,,276667,4,0,5 24 25,1,40,,276668,4,0,5 24 25,1,95,,276669,4,0,5 24 25,1,105,,276670,4,0,5 24 25,1,200,,276671,4,0,5 24 25,1,190,,276672,4,0,5 24 25,1
3600,'20261017',615,,276673,4,0,5 24 25,1,30,,276674,4,0,5 24 25,1,60,,276675,4,0,5 24 25,1,20,,276676,4,0,5 24 25,1,20,,276677,4,0,5 24 25,1,70,,276678,4,0,5 24 25,1,100,,276679,4,0,5 24 25,1,100,,276680,4,0,5 24 25,1,30,,276681,4,0,5 24 25,1,70,,276682,4,0,5 24 25,1,30,,276683,4,0,5 24 25,1,70,,276684,4,0,5 24 25,1,30,,276685,4,0,5 24 25,1,70,,276686,4,0,5 24 25,1,100,,276687,4,0,5 24 25,1,100,,276688,4,0,5 24 25,1,100,,276689,4,0,5 24 25,1,100,,276690,4,0,5 24 25,1,100,,276691,4,0,5 24 25,1,100,,276692,4,0,5 24 25,1,100,,276693,4,0,5 24 25,1,100,,276694,4,0,5 24 25,1,200,,276695,4,0,5 24 25,1
3600,'20261018',615,,276696,4,0,5 24 25,1,30,,276697,4,0,5 24 25,1,60,,276698,4,0,5 24 25,1,20,,276699,4,0,5 24 25,1,20,,276700,4,0,5 24 25,1,70,,276701,4,0,5 24 25,1,100,,276702,4,0,5 24 25,1,100,,276703,4,0,5 24 25,1,100,,276704,4,0,5 24 25,1,100,,276705,4,0,5 24 25,1,100,,276706,4,0,5 24 25,1,100,,276707,4,0,5 24 25,1,100,,276708,4,0,5 24 25,1,100,,276709,4,0,5 24 25,1,100,,276710,4,0,5 24 25,1,100,,276711,4,0,5 24 25,1,100,,276712,4,0,5 24 25,1,100,,276713,4,0,5 24 25,1,100,,276714,4,0,5 24 25,1,200,,276715,4,0,5 24 25,1
3600,'20261019',505,,276716,4,0,5 24 25,1,95,,276717,4,0,5 24 25,1,105,,276718,4,0,5 24 25,1,30,,276719,4,0,5 24 25,1,75,,276720,4,0,5 24 25,1,90,,276721,4,0,5 24 25,1,100,,276722,4,0,5 24 25,1,100,,276723,4,0,5 24 25,1,100,,276724,4,0,5 24 25,1,100,,276725,4,0,5 24 25,1,100,,276726,4,0,5 24 25,1,100,,276727,4,0,5 24 25,1,40,,276728,4,0,5 24 25,1,95,,276729,4,0,5 24 25,1,105,,276730,4,0,5 24 25,1,200,,276731,4,0,5 24 25,1,190,,276732,4,0,5 24 25,1
3600,'20261020',505,,276733,4,0,5 24 25,1,95,,276734,4,0,5 24 25,1,105,,276735,4,0,5 24 25,1,30,,276736,4,0,5 24 25,1,75,,276737,4,0,5 24 25,1,90,,276738,4,0,5 24 25,1,100,,276739,4,0,5 24 25,1,100,,276740,4,0,5 24 25,1,100,,276741,4,0,5 24 25,1,100,,276742,4,0,5 24 25,1,100,,276743,4,0,5 24 25,1,100,,276744,4,0,5 24 25,1,40,,276745,4,0,5 24 25,1,95,,276746,4,0,5 24 25,1,105,,276747,4,0,5 24 25,1,200,,276748,4,0,5 24 25,1,190,,276749,4,0,5 24 25,1
3600,'20261021',505,,276750,4,0,5 24 25,1,95,,276751,4,0,5 24 25,1,105,,276752,4,0,5 24 25,1,30,,276753,4,0,5 24 25,1,75,,276754,4,0,5 24 25,1,90,,276755,4,0,5 24 25,1,100,,276756,4,0,5 24 25,1,100,,276757,4,0,5 24 25,1,100,,276758,4,0,5 24 25,1,100,,276759,4,0,5 24 25,1,100,,276760,4,0,5 24 25,1,100,,276761,4,0,5 24 25,1,40,,276762,4,0,5 24 25,1,95,,276763,4,0,5 24 25,1,105,,276764,4,0,5 24 25,1,200,,276765,4,0,5 24 25,1,190,,276766,4,0,5 24 25,1
3600,'20261022',505,,276767,4,0,5 24 25,1,95,,276768,4,0,5 24 25,1,105,,276769,4,0,5 24 25,1,30,,276770,4,0,5 24 25,1,75,,276771,4,0,5 24 25,1,90,,276772,4,0,5 24 25,1,100,,276773,4,0,5 24 25,1,100,,276774,4,0,5 24 25,1,100,,276775,4,0,5 24 25,1,100,,276776,4,0,5 24 25,1,100,,276777,4,0,5 24 25,1,100,,276778,4,0,5 24 25,1,40,,276779,4,0,5 24 25,1,95,,276780,4,0,5 24 25,1,105,,276781,4,0,5 24 25,1,200,,276782,4,0,5 24 25,1,190,,276783,4,0,5 24 25,1
3600,'20261023',505,,276784,4,0,5 24 25,1,95,,276785,4,0,5 24 25,1,105,,276786,4,0,5 24 25,1,30,,276787,4,0,5 24 25,1,75,,276788,4,0,5 24 25,1,90,,276789,4,0,5 24 25,1,100,,276790,4,0,5 24 25,1,100,,276791,4,0,5 24 25,1,100,,276792,4,0,5 24 25,1,100,,276793,4,0,5 24 25,1,100,,276794,4,0,5 24 25,1,100,,276795,4,0,5 24 25,1,40,,276796,4,0,5 24 25,1,95,,276797,4,0,5 24 25,1,105,,276798,4,0,5 24 25,1,200,,276799,4,0,5 24 25,1,190,,276800,4,0,5 24 25,1
3600,'20261024',615,,276801,4,0,5 24 25,1,30,,276802,4,0,5 24 25,1,60,,276803,4,0,5 24 25,1,20,,276804,4,0,5 24 25,1,20,,276805,4,0,5 24 25,1,70,,276806,4,0,5 24 25,1,100,,276807,4,0,5 24 25,1,100,,276808,4,0,5 24 25,1,30,,276809,4,0,5 24 25,1,70,,276810,4,0,5 24 25,1,30,,276811,4,0,5 24 25,1,70,,276812,4,0,5 24 25,1,30,,276813,4,0,5 24 25,1,70,,276814,4,0,5 24 25,1,100,,276815,4,0,5 24 25,1,100,,276816,4,0,5 24 25,1,100,,276817,4,0,5 24 25,1,100,,276818,4,0,5 24 25,1,100,,276819,4,0,5 24 25,1,100,,276820,4,0,5 24 25,1,100,,276821,4,0,5 24 25,1,100,,276822,4,0,5 24 25,1,200,,276823,4,0,5 24 25,1
3600,'20261025',615,,276824,4,0,5 24 25,1,30,,276825,4,0,5 24 25,1,60,,276826,4,0,5 24 25,1,20,,276827,4,0,5 24 25,1,20,,276828,4,0,5 24 25,1,70,,276829,4,0,5 24 25,1,100,,276830,4,0,5 24 25,1,100,,276831,4,0,5 24 25,1,100,,276832,4,0,5 24 25,1,100,,276833,4,0,5 24 25,1,100,,276834,4,0,5 24 25,1,100,,276835,4,0,5 24 25,1,100,,276836,4,0,5 24 25,1,100,,276837,4,0,5 24 25,1,100,,276838,4,0,5 24 25,1,100,,276839,4,0,5 24 25,1,100,,276840,4,0,5 24 25,1,100,,276841,4,0,5 24 25,1,100,,276842,4,0,5 24 25,1,200,,276843,4,0,5 24 25,1
3600,'20261026',505,,276844,4,0,5 24 25,1,95,,276845,4,0,5 24 25,1,105,,276846,4,0,5 24 25,1,30,,276847,4,0,5 24 25,1,75,,276848,4,0,5 24 25,1,90,,276849,4,0,5 24 25,1,100,,276850,4,0,5 24 25,1,100,,276851,4,0,5 24 25,1,100,,276852,4,0,5 24 25,1,100,,276853,4,0,5 24 25,1,100,,276854,4,0,5 24 25,1,100,,276855,4,0,5 24 25,1,40,,276856,4,0,5 24 25,1,95,,276857,4,0,5 24 25,1,105,,276858,4,0,5 24 25,1,200,,276859,4,0,5 24 25,1,190,,276860,4,0,5 24 25,1
3600,'20261027',505,,276861,4,0,5 24 25,1,95,,276862,4,0,5 24 25,1,105,,276863,4,0,5 24 25,1,30,,276864,4,0,5 24 25,1,75,,276865,4,0,5 24 25,1,90,,276866,4,0,5 24 25,1,100,,276867,4,0,5 24 25,1,100,,276868,4,0,5 24 25,1,100,,276869,4,0,5 24 25,1,100,,276870,4,0,5 24 25,1,100,,276871,4,0,5 24 25,1,100,,276872,4,0,5 24 25,1,40,,276873,4,0,5 24 25,1,95,,276874,4,0,5 24 25,1,105,,276875,4,0,5 24 25,1,200,,276876,4,0,5 24 25,1,190,,276877,4,0,5 24 25,1
3600,'20261028',505,,276878,4,0,5 24 25,1,95,,276879,4,0,5 24 25,1,105,,276880,4,0,5 24 25,1,30,,276881,4,0,5 24 25,1,75,,276882,4,0,5 24 25,1,90,,276883,4,0,5 24 25,1,100,,276884,4,0,5 24 25,1,100,,276885,4,0,5 24 25,1,100,,276886,4,0,5 24 25,1,100,,276887,4,0,5 24 25,1,100,,276888,4,0,5 24 25,1,100,,276889,4,0,5 24 25,1,40,,276890,4,0,5 24 25,1,95,,276891,4,0,5 24 25,1,105,,276892,4,0,5 24 25,1,200,,276893,4,0,5 24 25,1,190,,276894,4,0,5 24 25,1
3600,'20261029',505,,276895,4,0,5 24 25,1,95,,276896,4,0,5 24 25,1,105,,276897,4,0,5 24 25,1,30,,276898,4,0,5 24 25,1,75,,276899,4,0,5 24 25,1,90,,276900,4,0,5 24 25,1,100,,276901,4,0,5 24 25,1,100,,276902,4,0,5 24 25,1,100,,276903,4,0,5 24 25,1,100,,276904,4,0,5 24 25,1,100,,276905,4,0,5 24 25,1,100,,276906,4,0,5 24 25,1,40,,276907,4,0,5 24 25,1,95,,276908,4,0,5 24 25,1,105,,276909,4,0,5 24 25,1,200,,276910,4,0,5 24 25,1,190,,276911,4,0,5 24 25,1
3600,'20261030',505,,276912,4,0,5 24 25,1,95,,276913,4,0,5 24 25,1,105,,276914,4,0,5 24 25,1,30,,276915,4,0,5 24 25,1,75,,276916,4,0,5 24 25,1,90,,276917,4,0,5 24 25,1,100,,276918,4,0,5 24 25,1,100,,276919,4,0,5 24 25,1,100,,276920,4,0,5 24 25,1,100,,276921,4,0,5 24 25,1,100,,276922,4,0,5 24 25,1,100,,276923,4,0,5 24 25,1,40,,276924,4,0,5 24 25,1,95,,276925,4,0,5 24 25,1,105,,276926,4,0,5 24 25,1,200,,276927,4,0,5 24 25,1,190,,276928,4,0,5 24 25,1
3600,'20261031',615,,276929,4,0,5 24 25,1,30,,276930,4,0,5 24 25,1,60,,276931,4,0,5 24 25,1,20,,276932,4,0,5 24 25,1,20,,276933,4,0,5 24 25,1,70,,276934,4,0,5 24 25,1,100,,276935,4,0,5 24 25,1,100,,276936,4,0,5 24 25,1,30,,276937,4,0,5 24 25,1,70,,276938,4,0,5 24 25,1,30,,276939,4,0,5 24 25,1,70,,276940,4,0,5 24 25,1,30,,276941,4,0,5 24 25,1,70,,276942,4,0,5 24 25,1,100,,276943,4,0,5 24 25,1,100,,276944,4,0,5 24 25,1,100,,276945,4,0,5 24 25,1,100,,276946,4,0,5 24 25,1,100,,276947,4,0,5 24 25,1,100,,276948,4,0,5 24 25,1,100,,276949,4,0,5 24 25,1,100,,276950,4,0,5 24 25,1,200,,276951,4,0,5 24 25,1
3600,'20261101',615,,276952,4,0,5 24 25,1,30,,276953,4,0,5 24 25,1,60,,276954,4,0,5 24 25,1,20,,276955,4,0,5 24 25,1,20,,276956,4,0,5 24 25,1,70,,276957,4,0,5 24 25,1,100,,276958,4,0,5 24 25,1,100,,276959,4,0,5 24 25,1,100,,276960,4,0,5 24 25,1,100,,276961,4,0,5 24 25,1,100,,276962,4,0,5 24 25,1,100,,276963,4,0,5 24 25,1,100,,276964,4,0,5 24 25,1,100,,276965,4,0,5 24 25,1,100,,276966,4,0,5 24 25,1,100,,276967,4,0,5 24 25,1,100,,276968,4,0,5 24 25,1,100,,276969,4,0,5 24 25,1,100,,276970,4,0,5 24 25,1,200,,276971,4,0,5 24 25,1
3600,'20261102',505,,276972,4,0,5 24 25,1,95,,276973,4,0,5 24 25,1,105,,276974,4,0,5 24 25,1,30,,276975,4,0,5 24 25,1,75,,276976,4,0,5 24 25,1,90,,276977,4,0,5 24 25,1,100,,276978,4,0,5 24 25,1,100,,276979,4,0,5 24 25,1,100,,276980,4,0,5 24 25,1,100,,276981,4,0,5 24 25,1,100,,276982,4,0,5 24 25,1,100,,276983,4,0,5 24 25,1,40,,276984,4,0,5 24 25,1,95,,276985,4,0,5 24 25,1,105,,276986,4,0,5 24 25,1,200,,276987,4,0,5 24 25,1,190,,276988,4,0,5 24 25,1
3600,'20261103',505,,276989,4,0,5 24 25,1,95,,276990,4,0,5 24 25,1,105,,276991,4,0,5 24 25,1,30,,276992,4,0,5 24 25,1,75,,276993,4,0,5 24 25,1,90,,276994,4,0,5 24 25,1,100,,276995,4,0,5 24 25,1,100,,276996,4,0,5 24 25,1,100,,276997,4,0,5 24 25,1,100,,276998,4,0,5 24 25,1,100,,276999,4,0,5 24 25,1,100,,277000,4,0,5 24 25,1,40,,277001,4,0,5 24 25,1,95,,277002,4,0,5 24 25,1,105,,277003,4,0,5 24 25,1,200,,277004,4,0,5 24 25,1,190,,277005,4,0,5 24 25,1
3600,'20261104',505,,277006,4,0,5 24 25,1,95,,277007,4,0,5 24 25,1,105,,277008,4,0,5 24 25,1,30,,277009,4,0,5 24 25,1,75,,277010,4,0,5 24 25,1,90,,277011,4,0,5 24 25,1,100,,277012,4,0,5 24 25,1,100,,277013,4,0,5 24 25,1,100,,277014,4,0,5 24 25,1,100,,277015,4,0,5 24 25,1,100,,277016,4,0,5 24 25,1,100,,277017,4,0,5 24 25,1,40,,277018,4,0,5 24 25,1,95,,277019,4,0,5 24 25,1,105,,277020,4,0,5 24 25,1,200,,277021,4,0,5 24 25,1,190,,277022,4,0,5 24 25,1
3600,'20261105',505,,277023,4,0,5 24 25,1,95,,277024,4,0,5 24 25,1,105,,277025,4,0,5 24 25,1,30,,277026,4,0,5 24 25,1,75,,277027,4,0,5 24 25,1,90,,277028,4,0,5 24 25,1,100,,277029,4,0,5 24 25,1,100,,277030,4,0,5 24 25,1,100,,277031,4,0,5 24 25,1,100,,277032,4,0,5 24 25,1,100,,277033,4,0,5 24 25,1,100,,277034,4,0,5 24 25,1,40,,277035,4,0,5 24 25,1,95,,277036,4,0,5 24 25,1,105,,277037,4,0,5 24 25,1,200,,277038,4,0,5 24 25,1,190,,277039,4,0,5 24 25,1
3600,'20261106',505,,277040,4,0,5 24 25,1,95,,277041,4,0,5 24 25,1,105,,277042,4,0,5 24 25,1,30,,277043,4,0,5 24 25,1,75,,277044,4,0,5 24 25,1,90,,277045,4,0,5 24 25,1,100,,277046,4,0,5 24 25,1,100,,277047,4,0,5 24 25,1,100,,277048,4,0,5 24 25,1,100,,277049,4,0,5 24 25,1,100,,277050,4,0,5 24 25,1,100,,277051,4,0,5 24 25,1,40,,277052,4,0,5 24 25,1,95,,277053,4,0,5 24 25,1,105,,277054,4,0,5 24 25,1,200,,277055,4,0,5 24 25,1,190,,277056,4,0,5 24 25,1
3600,'20261107',615,,277057,4,0,5 24 25,1,30,,277058,4,0,5 24 25,1,60,,277059,4,0,5 24 25,1,20,,277060,4,0,5 24 25,1,20,,277061,4,0,5 24 25,1,70,,277062,4,0,5 24 25,1,100,,277063,4,0,5 24 25,1,100,,277064,4,0,5 24 25,1,30,,277065,4,0,5 24 25,1,70,,277066,4,0,5 24 25,1,30,,277067,4,0,5 24 25,1,70,,277068,4,0,5 24 25,1,30,,277069,4,0,5 24 25,1,70,,277070,4,0,5 24 25,1,100,,277071,4,0,5 24 25,1,100,,277072,4,0,5 24 25,1,100,,277073,4,0,5 24 25,1,100,,277074,4,0,5 24 25,1,100,,277075,4,0,5 24 25,1,100,,277076,4,0,5 24 25,1,100,,277077,4,0,5 24 25,1,100,,277078,4,0,5 24 25,1,200,,277079,4,0,5 24 25,1
3600,'20261108',615,,277080,4,0,5 24 25,1,30,,277081,4,0,5 24 25,1,60,,277082,4,0,5 24 25,1,20,,277083,4,0,5 24 25,1,20,,277084,4,0,5 24 25,1,70,,277085,4,0,5 24 25,1,100,,277086,4,0,5 24 25,1,100,,277087,4,0,5 24 25,1,100,,277088,4,0,5 24 25,1,100,,277089,4,0,5 24 25,1,100,,277090,4,0,5 24 25,1,100,,277091,4,0,5 24 25,1,100,,277092,4,0,5 24 25,1,100,,277093,4,0,5 24 25,1,100,,277094,4,0,5 24 25,1,100,,277095,4,0,5 24 25,1,100,,277096,4,0,5 24 25,1,100,,277097,4,0,5 24 25,1,100,,277098,4,0,5 24 25,1,200,,277099,4,0,5 24 25,1
3600,'20261109',505,,277100,4,0,5 24 25,1,95,,277101,4,0,5 24 25,1,105,,277102,4,0,5 24 25,1,30,,277103,4,0,5 24 25,1,75,,277104,4,0,5 24 25,1,90,,277105,4,0,5 24 25,1,100,,277106,4,0,5 24 25,1,100,,277107,4,0,5 24 25,1,100,,277108,4,0,5 24 25,1,100,,277109,4,0,5 24 25,1,100,,277110,4,0,5 24 25,1,100,,277111,4,0,5 24 25,1,40,,277112,4,0,5 24 25,1,95,,277113,4,0,5 24 25,1,105,,277114,4,0,5 24 25,1,200,,277115,4,0,5 24 25,1,190,,277116,4,0,5 24 25,1
3600,'20261110',505,,277117,4,0,5 24 25,1,95,,277118,4,0,5 24 25,1,105,,277119,4,0,5 24 25,1,30,,277120,4,0,5 24 25,1,75,,277121,4,0,5 24 25,1,90,,277122,4,0,5 24 25,1,100,,277123,4,0,5 24 25,1,100,,277124,4,0,5 24 25,1,100,,277125,4,0,5 24 25,1,100,,277126,4,0,5 24 25,1,100,,277127,4,0,5 24 25,1,100,,277128,4,0,5 24 25,1,40,,277129,4,0,5 24 25,1,95,,277130,4,0,5 24 25,1,105,,277131,4,0,5 24 25,1,200,,277132,4,0,5 24 25,1,190,,277133,4,0,5 24 25,1
3600,'20261111',505,,277134,4,0,5 24 25,1,95,,277135,4,0,5 24 25,1,105,,277136,4,0,5 24 25,1,30,,277137,4,0,5 24 25,1,75,,277138,4,0,5 24 25,1,90,,277139,4,0,5 24 25,1,100,,277140,4,0,5 24 25,1,100,,277141,4,0,5 24 25,1,100,,277142,4,0,5 24 25,1,100,,277143,4,0,5 24 25,1,100,,277144,4,0,5 24 25,1,100,,277145,4,0,5 24 25,1,40,,277146,4,0,5 24 25,1,95,,277147,4,0,5 24 25,1,105,,277148,4,0,5 24 25,1,200,,277149,4,0,5 24 25,1,190,,277150,4,0,5 24 25,1
3600,'20261112',505,,277151,4,0,5 24 25,1,95,,277152,4,0,5 24 25,1,105,,277153,4,0,5 24 25,1,30,,277154,4,0,5 24 25,1,75,,277155,4,0,5 24 25,1,90,,277156,4,0,5 24 25,1,100,,277157,4,0,5 24 25,1,100,,277158,4,0,5 24 25,1,100,,277159,4,0,5 24 25,1,100,,277160,4,0,5 24 25,1,100,,277161,4,0,5 24 25,1,100,,277162,4,0,5 24 25,1,40,,277163,4,0,5 24 25,1,95,,277164,4,0,5 24 25,1,105,,277165,4,0,5 24 25,1,200,,277166,4,0,5 24 25,1,190,,277167,4,0,5 24 25,1
3600,'20261113',505,,277168,4,0,5 24 25,1,95,,277169,4,0,5 24 25,1,105,,277170,4,0,5 24 25,1,30,,277171,4,0,5 24 25,1,75,,277172,4,0,5 24 25,1,90,,277173,4,0,5 24 25,1,100,,277174,4,0,5 24 25,1,100,,277175,4,0,5 24 25,1,100,,277176,4,0,5 24 25,1,100,,277177,4,0,5 24 25,1,100,,277178,4,0,5 24 25,1,100,,277179,4,0,5 24 25,1,40,,277180,4,0,5 24 25,1,95,,277181,4,0,5 24 25,1,105,,277182,4,0,5 24 25,1,200,,277183,4,0,5 24 25,1,190,,277184,4,0,5 24 25,1
3600,'20261114',615,,277185,4,0,5 24 25,1,30,,277186,4,0,5 24 25,1,60,,277187,4,0,5 24 25,1,20,,277188,4,0,5 24 25,1,20,,277189,4,0,5 24 25,1,70,,277190,4,0,5 24 25,1,100,,277191,4,0,5 24 25,1,100,,277192,4,0,5 24 25,1,30,,277193,4,0,5 24 25,1,70,,277194,4,0,5 24 25,1,30,,277195,4,0,5 24 25,1,70,,277196,4,0,5 24 25,1,30,,277197,4,0,5 24 25,1,70,,277198,4,0,5 24 25,1,100,,277199,4,0,5 24 25,1,100,,277200,4,0,5 24 25,1,100,,277201,4,0,5 24 25,1,100,,277202,4,0,5 24 25,1,100,,277203,4,0,5 24 25,1,100,,277204,4,0,5 24 25,1,100,,277205,4,0,5 24 25,1,100,,277206,4,0,5 24 25,1,200,,277207,4,0,5 24 25,1
3600,'20261115',615,,277208,4,0,5 24 25,1,30,,277209,4,0,5 24 25,1,60,,277210,4,0,5 24 25,1,20,,277211,4,0,5 24 25,1,20,,277212,4,0,5 24 25,1,70,,277213,4,0,5 24 25,1,100,,277214,4,0,5 24 25,1,100,,277215,4,0,5 24 25,1,100,,277216,4,0,5 24 25,1,100,,277217,4,0,5 24 25,1,100,,277218,4,0,5 24 25,1,100,,277219,4,0,5 24 25,1,100,,277220,4,0,5 24 25,1,100,,277221,4,0,5 24 25,1,100,,277222,4,0,5 24 25,1,100,,277223,4,0,5 24 25,1,100,,277224,4,0,5 24 25,1,100,,277225,4,0,5 24 25,1,100,,277226,4,0,5 24 25,1,200,,277227,4,0,5 24 25,1
3600,'20261116',505,,277228,4,0,5 24 25,1,95,,277229,4,0,5 24 25,1,105,,277230,4,0,5 24 25,1,30,,277231,4,0,5 24 25,1,75,,277232,4,0,5 24 25,1,90,,277233,4,0,5 24 25,1,100,,277234,4,0,5 24 25,1,100,,277235,4,0,5 24 25,1,100,,277236,4,0,5 24 25,1,100,,277237,4,0,5 24 25,1,100,,277238,4,0,5 24 25,1,100,,277239,4,0,5 24 25,1,40,,277240,4,0,5 24 25,1,95,,277241,4,0,5 24 25,1,105,,277242,4,0,5 24 25,1,200,,277243,4,0,5 24 25,1,190,,277244,4,0,5 24 25,1
3600,'20261117',505,,277245,4,0,5 24 25,1,95,,277246,4,0,5 24 25,1,105,,277247,4,0,5 24 25,1,30,,277248,4,0,5 24 25,1,75,,277249,4,0,5 24 25,1,90,,277250,4,0,5 24 25,1,100,,277251,4,0,5 24 25,1,100,,277252,4,0,5 24 25,1,100,,277253,4,0,5 24 25,1,100,,277254,4,0,5 24 25,1,100,,277255,4,0,5 24 25,1,100,,277256,4,0,5 24 25,1,40,,277257,4,0,5 24 25,1,95,,277258,4,0,5 24 25,1,105,,277259,4,0,5 24 25,1,200,,277260,4,0,5 24 25,1,190,,277261,4,0,5 24 25,1
3600,'20261118',505,,277262,4,0,5 24 25,1,95,,277263,4,0,5 24 25,1,105,,277264,4,0,5 24 25,1,30,,277265,4,0,5 24 25,1,75,,277266,4,0,5 24 25,1,90,,277267,4,0,5 24 25,1,100,,277268,4,0,5 24 25,1,100,,277269,4,0,5 24 25,1,100,,277270,4,0,5 24 25,1,100,,277271,4,0,5 24 25,1,100,,277272,4,0,5 24 25,1,100,,277273,4,0,5 24 25,1,40,,277274,4,0,5 24 25,1,95,,277275,4,0,5 24 25,1,105,,277276,4,0,5 24 25,1,200,,277277,4,0,5 24 25,1,190,,277278,4,0,5 24 25,1
3600,'20261119',505,,277279,4,0,5 24 25,1,95,,277280,4,0,5 24 25,1,105,,277281,4,0,5 24 25,1,30,,277282,4,0,5 24 25,1,75,,277283,4,0,5 24 25,1,90,,277284,4,0,5 24 25,1,100,,277285,4,0,5 24 25,1,100,,277286,4,0,5 24 25,1,100,,277287,4,0,5 24 25,1,100,,277288,4,0,5 24 25,1,100,,277289,4,0,5 24 25,1,100,,277290,4,0,5 24 25,1,40,,277291,4,0,5 24 25,1,95,,277292,4,0,5 24 25,1,105,,277293,4,0,5 24 25,1,200,,277294,4,0,5 24 25,1,190,,277295,4,0,5 24 25,1
3600,'20261120',505,,277296,4,0,5 24 25,1,95,,277297,4,0,5 24 25,1,105,,277298,4,0,5 24 25,1,30,,277299,4,0,5 24 25,1,75,,277300,4,0,5 24 25,1,90,,277301,4,0,5 24 25,1,100,,277302,4,0,5 24 25,1,100,,277303,4,0,5 24 25,1,100,,277304,4,0,5 24 25,1,100,,277305,4,0,5 24 25,1,100,,277306,4,0,5 24 25,1,100,,277307,4,0,5 24 25,1,40,,277308,4,0,5 24 25,1,95,,277309,4,0,5 24 25,1,105,,277310,4,0,5 24 25,1,200,,277311,4,0,5 24 25,1,190,,277312,4,0,5 24 25,1
3600,'20261121',615,,277313,4,0,5 24 25,1,30,,277314,4,0,5 24 25,1,60,,277315,4,0,5 24 25,1,20,,277316,4,0,5 24 25,1,20,,277317,4,0,5 24 25,1,70,,277318,4,0,5 24 25,1,100,,277319,4,0,5 24 25,1,100,,277320,4,0,5 24 25,1,30,,277321,4,0,5 24 25,1,70,,277322,4,0,5 24 25,1,30,,277323,4,0,5 24 25,1,70,,277324,4,0,5 24 25,1,30,,277325,4,0,5 24 25,1,70,,277326,4,0,5 24 25,1,100,,277327,4,0,5 24 25,1,100,,277328,4,0,5 24 25,1,100,,277329,4,0,5 24 25,1,100,,277330,4,0,5 24 25,1,100,,277331,4,0,5 24 25,1,100,,277332,4,0,5 24 25,1,100,,277333,4,0,5 24 25,1,100,,277334,4,0,5 24 25,1,200,,277335,4,0,5 24 25,1
3600,'20261122',615,,277336,4,0,5 24 25,1,30,,277337,4,0,5 24 25,1,60,,277338,4,0,5 24 25,1,20,,277339,4,0,5 24 25,1,20,,277340,4,0,5 24 25,1,70,,277341,4,0,5 24 25,1,100,,277342,4,0,5 24 25,1,100,,277343,4,0,5 24 25,1,100,,277344,4,0,5 24 25,1,100,,277345,4,0,5 24 25,1,100,,277346,4,0,5 24 25,1,100,,277347,4,0,5 24 25,1,100,,277348,4,0,5 24 25,1,100,,277349,4,0,5 24 25,1,100,,277350,4,0,5 24 25,1,100,,277351,4,0,5 24 25,1,100,,277352,4,0,5 24 25,1,100,,277353,4,0,5 24 25,1,100,,277354,4,0,5 24 25,1,200,,277355,4,0,5 24 25,1
3600,'20261123',505,,277356,4,0,5 24 25,1,95,,277357,4,0,5 24 25,1,105,,277358,4,0,5 24 25,1,30,,277359,4,0,5 24 25,1,75,,277360,4,0,5 24 25,1,90,,277361,4,0,5 24 25,1,100,,277362,4,0,5 24 25,1,100,,277363,4,0,5 24 25,1,100,,277364,4,0,5 24 25,1,100,,277365,4,0,5 24 25,1,100,,277366,4,0,5 24 25,1,100,,277367,4,0,5 24 25,1,40,,277368,4,0,5 24 25,1,95,,277369,4,0,5 24 25,1,105,,277370,4,0,5 24 25,1,200,,277371,4,0,5 24 25,1,190,,277372,4,0,5 24 25,1
3600,'20261124',505,,277373,4,0,5 24 25,1,95,,277374,4,0,5 24 25,1,105,,277375,4,0,5 24 25,1,30,,277376,4,0,5 24 25,1,75,,277377,4,0,5 24 25,1,90,,277378,4,0,5 24 25,1,100,,277379,4,0,5 24 25,1,100,,277380,4,0,5 24 25,1,100,,277381,4,0,5 24 25,1,100,,277382,4,0,5 24 25,1,100,,277383,4,0,5 24 25,1,100,,277384,4,0,5 24 25,1,40,,277385,4,0,5 24 25,1,95,,277386,4,0,5 24 25,1,105,,277387,4,0,5 24 25,1,200,,277388,4,0,5 24 25,1,190,,277389,4,0,5 24 25,1
3600,'20261125',505,,277390,4,0,5 24 25,1,95,,277391,4,0,5 24 25,1,105,,277392,4,0,5 24 25,1,30,,277393,4,0,5 24 25,1,75,,277394,4,0,5 24 25,1,90,,277395,4,0,5 24 25,1,100,,277396,4,0,5 24 25,1,100,,277397,4,0,5 24 25,1,100,,277398,4,0,5 24 25,1,100,,277399,4,0,5 24 25,1,100,,277400,4,0,5 24 25,1,100,,277401,4,0,5 24 25,1,40,,277402,4,0,5 24 25,1,95,,277403,4,0,5 24 25,1,105,,277404,4,0,5 24 25,1,200,,277405,4,0,5 24 25,1,190,,277406,4,0,5 24 25,1
3600,'20261126',505,,277407,4,0,5 24 25,1,95,,277408,4,0,5 24 25,1,105,,277409,4,0,5 24 25,1,30,,277410,4,0,5 24 25,1,75,,277411,4,0,5 24 25,1,90,,277412,4,0,5 24 25,1,100,,277413,4,0,5 24 25,1,100,,277414,4,0,5 24 25,1,100,,277415,4,0,5 24 25,1,100,,277416,4,0,5 24 25,1,100,,277417,4,0,5 24 25,1,100,,277418,4,0,5 24 25,1,40,,277419,4,0,5 24 25,1,95,,277420,4,0,5 24 25,1,105,,277421,4,0,5 24 25,1,200,,277422,4,0,5 24 25,1,190,,277423,4,0,5 24 25,1
3600,'20261127',505,,277424,4,0,5 24 25,1,95,,277425,4,0,5 24 25,1,105,,277426,4,0,5 24 25,1,30,,277427,4,0,5 24 25,1,75,,277428,4,0,5 24 25,1,90,,277429,4,0,5 24 25,1,100,,277430,4,0,5 24 25,1,100,,277431,4,0,5 24 25,1,100,,277432,4,0,5 24 25,1,100,,277433,4,0,5 24 25,1,100,,277434,4,0,5 24 25,1,100,,277435,4,0,5 24 25,1,40,,277436,4,0,5 24 25,1,95,,277437,4,0,5 24 25,1,105,,277438,4,0,5 24 25,1,200,,277439,4,0,5 24 25,1,190,,277440,4,0,5 24 25,1
