1701,'20261005',558,,233135,10,,,1,197,,233136,10,,,1,153,,233137,10,,,1,50,,233138,10,,,1,142,,233139,10,,,1,200,,233140,10,,,1,55,,233141,10,,,1,98,,233142,10,,,1,85,,233143,10,,,1,115,,233144,10,,,1,105,,233145,10,,,1,95,,233146,10,,,1,150,,233147,10,,,1,98,,233148,10,,,1
1701,'20261006',558,,233149,10,,,1,197,,233150,10,,,1,153,,233151,10,,,1,50,,233152,10,,,1,142,,233153,10,,,1,200,,233154,10,,,1,55,,233155,10,,,1,98,,233156,10,,,1,85,,233157,10,,,1,115,,233158,10,,,1,105,,233159,10,,,1,95,,233160,10,,,1,150,,233161,10,,,1,98,,233162,10,,,1
1701,'20261007',558,,233163,10,,,1,197,,233164,10,,,1,153,,233165,10,,,1,50,,233166,10,,,1,142,,233167,10,,,1,200,,233168,10,,,1,55,,233169,10,,,1,98,,233170,10,,,1,85,,233171,10,,,1,115,,233172,10,,,1,105,,233173,10,,,1,95,,233174,10,,,1,150,,233175,10,,,1,98,,233176,10,,,1
1701,'20261008',558,,233177,10,,,1,197,,233178,10,,,1,153,,233179,10,,,1,50,,233180,10,,,1,142,,233181,10,,,1,200,,233182,10,,,1,55,,233183,10,,,1,98,,233184,10,,,1,85,,233185,10,,,1,115,,233186,10,,,1,105,,233187,10,,,1,95,,233188,10,,,1,150,,233189,10,,,1,98,,233190,10,,,1
1701,'20261009',558,,233191,10,,,1,197,,233192,10,,,1,153,,233193,10,,,1,50,,233194,10,,,1,142,,233195,10,,,1,200,,233196,10,,,1,55,,233197,10,,,1,98,,233198,10,,,1,85,,233199,10,,,1,115,,233200,10,,,1,105,,233201,10,,,1,95,,233202,10,,,1,150,,233203,10,,,1,98,,233204,10,,,1
1701,'20261013',558,,233205,10,,,1,197,,233206,10,,,1,153,,233207,10,,,1,50,,233208,10,,,1,142,,233209,10,,,1,200,,233210,10,,,1,55,,233211,10,,,1,98,,233212,10,,,1,85,,233213,10,,,1,115,,233214,10,,,1,105,,233215,10,,,1,95,,233216,10,,,1,150,,233217,10,,,1,98,,233218,10,,,1
1701,'20261014',558,,233219,10,,,1,197,,233220,10,,,1,153,,233221,10,,,1,50,,233222,10,,,1,142,,233223,10,,,1,200,,233224,10,,,1,55,,233225,10,,,1,98,,233226,10,,,1,85,,233227,10,,,1,115,,233228,10,,,1,105,,233229,10,,,1,95,,233230,10,,,1,150,,233231,10,,,1,98,,233232,10,,,1
1701,'20261015',558,,233233,10,,,1,197,,233234,10,,,1,153,,233235,10,,,1,50,,233236,10,,,1,142,,233237,10,,,1,200,,233238,10,,,1,55,,233239,10,,,1,98,,233240,10,,,1,85,,233241,10,,,1,115,,233242,10,,,1,105,,233243,10,,,1,95,,233244,10,,,1,150,,233245,10,,,1,98,,233246,10,,,1
1701,'20261016',558,,233247,10,,,1,197,,233248,10,,,1,153,,233249,10,,,1,50,,233250,10,,,1,142,,233251,10,,,1,200,,233252,10,,,1,55,,233253,10,,,1,98,,233254,10,,,1,85,,233255,10,,,1,115,,233256,10,,,1,105,,233257,10,,,1,95,,233258,10,,,1,150,,233259,10,,,1,98,,233260,10,,,1
1701,'20261019',558,,233261,10,,,1,197,,233262,10,,,1,153,,233263,10,,,1,50,,233264,10,,,1,142,,233265,10,,,1,200,,233266,10,,,1,55,,233267,10,,,1,98,,233268,10,,,1,85,,233269,10,,,1,115,,233270,10,,,1,105,,233271,10,,,1,95,,233272,10,,,1,150,,233273,10,,,1,98,,233274,10,,,1
1701,'20261020',558,,233275,10,,,1,197,,233276,10,,,1,153,,233277,10,,,1,50,,233278,10,,,1,142,,233279,10,,,1,200,,233280,10,,,1,55,,233281,10,,,1,98,,233282,10,,,1,85,,233283,10,,,1,115,,233284,10,,,1,105,,233285,10,,,1,95,,233286,10,,,1,150,,233287,10,,,1,98,,233288,10,,,1
1701,'20261021',558,,233289,10,,,1,197,,233290,10,,,1,153,,233291,10,,,1,50,,233292,10,,,1,142,,233293,10,,,1,200,,233294,10,,,1,55,,233295,10,,,1,98,,233296,10,,,1,85,,233297,10,,,1,115,,233298,10,,,1,105,,233299,10,,,1,95,,233300,10,,,1,150,,233301,10,,,1,98,,233302,10,,,1
1701,'20261022',558,,233303,10,,,1,197,,233304,10,,,1,153,,233305,10,,,1,50,,233306,10,,,1,142,,233307,10,,,1,200,,233308,10,,,1,55,,233309,10,,,1,98,,233310,10,,,1,85,,233311,10,,,1,115,,233312,10,,,1,105,,233313,10,,,1,95,,233314,10,,,1,150,,233315,10,,,1,98,,233316,10,,,1
1701,'20261023',558,,233317,10,,,1,197,,233318,10,,,1,153,,233319,10,,,1,50,,233320,10,,,1,142,,233321,10,,,1,200,,233322,10,,,1,55,,233323,10,,,1,98,,233324,10,,,1,85,,233325,10,,,1,115,,233326,10,,,1,105,,233327,10,,,1,95,,233328,10,,,1,150,,233329,10,,,1,98,,233330,10,,,1
1701,'20261026',558,,233331,10,,,1,197,,233332,10,,,1,153,,233333,10,,,1,50,,233334,10,,,1,142,,233335,10,,,1,200,,233336,10,,,1,55,,233337,10,,,1,98,,233338,10,,,1,85,,233339,10,,,1,115,,233340,10,,,1,105,,233341,10,,,1,95,,233342,10,,,1,150,,233343,10,,,1,98,,233344,10,,,1
1701,'20261027',558,,233345,10,,,1,197,,233346,10,,,1,153,,233347,10,,,1,50,,233348,10,,,1,142,,233349,10,,,1,200,,233350,10,,,1,55,,233351,10,,,1,98,,233352,10,,,1,85,,233353,10,,,1,115,,233354,10,,,1,105,,233355,10,,,1,95,,233356,10,,,1,150,,233357,10,,,1,98,,233358,10,,,1
1701,'20261028',558,,233359,10,,,1,197,,233360,10,,,1,153,,233361,10,,,1,50,,233362,10,,,1,142,,233363,10,,,1,200,,233364,10,,,1,55,,233365,10,,,1,98,,233366,10,,,1,85,,233367,10,,,1,115,,233368,10,,,1,105,,233369,10,,,1,95,,233370,10,,,1,150,,233371,10,,,1,98,,233372,10,,,1
1701,'20261029',558,,233373,10,,,1,197,,233374,10,,,1,153,,233375,10,,,1,50,,233376,10,,,1,142,,233377,10,,,1,200,,233378,10,,,1,55,,233379,10,,,1,98,,233380,10,,,1,85,,233381,10,,,1,115,,233382,10,,,1,105,,233383,10,,,1,95,,233384,10,,,1,150,,233385,10,,,1,98,,233386,10,,,1
1701,'20261030',558,,233387,10,,,1,197,,233388,10,,,1,153,,233389,10,,,1,50,,233390,10,,,1,142,,233391,10,,,1,200,,233392,10,,,1,55,,233393,10,,,1,98,,233394,10,,,1,85,,233395,10,,,1,115,,233396,10,,,1,105,,233397,10,,,1,95,,233398,10,,,1,150,,233399,10,,,1,98,,233400,10,,,1
1701,'20261102',558,,233401,10,,,1,197,,233402,10,,,1,153,,233403,10,,,1,50,,233404,10,,,1,142,,233405,10,,,1,200,,233406,10,,,1,55,,233407,10,,,1,98,,233408,10,,,1,85,,233409,10,,,1,115,,233410,10,,,1,105,,233411,10,,,1,95,,233412,10,,,1,150,,233413,10,,,1,98,,233414,10,,,1
1701,'20261103',558,,233415,10,,,1,197,,233416,10,,,1,153,,233417,10,,,1,50,,233418,10,,,1,142,,233419,10,,,1,200,,233420,10,,,1,55,,233421,10,,,1,98,,233422,10,,,1,85,,233423,10,,,1,115,,233424,10,,,1,105,,233425,10,,,1,95,,233426,10,,,1,150,,233427,10,,,1,98,,233428,10,,,1
1701,'20261104',558,,233429,10,,,1,197,,233430,10,,,1,153,,233431,10,,,1,50,,233432,10,,,1,142,,233433,10,,,1,200,,233434,10,,,1,55,,233435,10,,,1,98,,233436,10,,,1,85,,233437,10,,,1,115,,233438,10,,,1,105,,233439,10,,,1,95,,233440,10,,,1,150,,233441,10,,,1,98,,233442,10,,,1
1701,'20261105',558,,233443,10,,,1,197,,233444,10,,,1,153,,233445,10,,,1,50,,233446,10,,,1,142,,233447,10,,,1,200,,233448,10,,,1,55,,233449,10,,,1,98,,233450,10,,,1,85,,233451,10,,,1,115,,233452,10,,,1,105,,233453,10,,,1,95,,233454,10,,,1,150,,233455,10,,,1,98,,233456,10,,,1
1701,'20261106',558,,233457,10,,,1,197,,233458,10,,,1,153,,233459,10,,,1,50,,233460,10,,,1,142,,233461,10,,,1,200,,233462,10,,,1,55,,233463,10,,,1,98,,233464,10,,,1,85,,233465,10,,,1,115,,233466,10,,,1,105,,233467,10,,,1,95,,233468,10,,,1,150,,233469,10,,,1,98,,233470,10,,,1
1701,'20261109',558,,233471,10,,,1,197,,233472,10,,,1,153,,233473,10,,,1,50,,233474,10,,,1,142,,233475,10,,,1,200,,233476,10,,,1,55,,233477,10,,,1,98,,233478,10,,,1,85,,233479,10,,,1,115,,233480,10,,,1,105,,233481,10,,,1,95,,233482,10,,,1,150,,233483,10,,,1,98,,233484,10,,,1
1701,'20261110',558,,233485,10,,,1,197,,233486,10,,,1,153,,233487,10,,,1,50,,233488,10,,,1,142,,233489,10,,,1,200,,233490,10,,,1,55,,233491,10,,,1,98,,233492,10,,,1,85,,233493,10,,,1,115,,233494,10,,,1,105,,233495,10,,,1,95,,233496,10,,,1,150,,233497,10,,,1,98,,233498,10,,,1
1701,'20261111',558,,233499,10,,,1,197,,233500,10,,,1,153,,233501,10,,,1,50,,233502,10,,,1,142,,233503,10,,,1,200,,233504,10,,,1,55,,233505,10,,,1,98,,233506,10,,,1,85,,233507,10,,,1,115,,233508,10,,,1,105,,233509,10,,,1,95,,233510,10,,,1,150,,233511,10,,,1,98,,233512,10,,,1
1701,'20261112',558,,233513,10,,,1,197,,233514,10,,,1,153,,233515,10,,,1,50,,233516,10,,,1,142,,233517,10,,,1,200,,233518,10,,,1,55,,233519,10,,,1,98,,233520,10,,,1,85,,233521,10,,,1,115,,233522,10,,,1,105,,233523,10,,,1,95,,233524,10,,,1,150,,233525,10,,,1,98,,233526,10,,,1
1701,'20261113',558,,233527,10,,,1,197,,233528,10,,,1,153,,233529,10,,,1,50,,233530,10,,,1,142,,233531,10,,,1,200,,233532,10,,,1,55,,233533,10,,,1,98,,233534,10,,,1,85,,233535,10,,,1,115,,233536,10,,,1,105,,233537,10,,,1,95,,233538,10,,,1,150,,233539,10,,,1,98,,233540,10,,,1
1701,'20261116',558,,233541,10,,,1,197,,233542,10,,,1,153,,233543,10,,,1,50,,233544,10,,,1,142,,233545,10,,,1,200,,233546,10,,,1,55,,233547,10,,,1,98,,233548,10,,,1,85,,233549,10,,,1,115,,233550,10,,,1,105,,233551,10,,,1,95,,233552,10,,,1,150,,233553,10,,,1,98,,233554,10,,,1
1701,'20261117',558,,233555,10,,,1,197,,233556,10,,,1,153,,233557,10,,,1,50,,233558,10,,,1,142,,233559,10,,,1,200,,233560,10,,,1,55,,233561,10,,,1,98,,233562,10,,,1,85,,233563,10,,,1,115,,233564,10,,,1,105,,233565,10,,,1,95,,233566,10,,,1,150,,233567,10,,,1,98,,233568,10,,,1
1701,'20261118',558,,233569,10,,,1,197,,233570,10,,,1,153,,233571,10,,,1,50,,233572,10,,,1,142,,233573,10,,,1,200,,233574,10,,,1,55,,233575,10,,,1,98,,233576,10,,,1,85,,233577,10,,,1,115,,233578,10,,,1,105,,233579,10,,,1,95,,233580,10,,,1,150,,233581,10,,,1,98,,233582,10,,,1
1701,'20261119',558,,233583,10,,,1,197,,233584,10,,,1,153,,233585,10,,,1,50,,233586,10,,,1,142,,233587,10,,,1,200,,233588,10,,,1,55,,233589,10,,,1,98,,233590,10,,,1,85,,233591,10,,,1,115,,233592,10,,,1,105,,233593,10,,,1,95,,233594,10,,,1,150,,233595,10,,,1,98,,233596,10,,,1
1701,'20261120',558,,233597,10,,,1,197,,233598,10,,,1,153,,233599,10,,,1,50,,233600,10,,,1,142,,233601,10,,,1,200,,233602,10,,,1,55,,233603,10,,,1,98,,233604,10,,,1,85,,233605,10,,,1,115,,233606,10,,,1,105,,233607,10,,,1,95,,233608,10,,,1,150,,233609,10,,,1,98,,233610,10,,,1
1701,'20261123',558,,233611,10,,,1,197,,233612,10,,,1,153,,233613,10,,,1,50,,233614,10,,,1,142,,233615,10,,,1,200,,233616,10,,,1,55,,233617,10,,,1,98,,233618,10,,,1,85,,233619,10,,,1,115,,233620,10,,,1,105,,233621,10,,,1,95,,233622,10,,,1,150,,233623,10,,,1,98,,233624,10,,,1
1701,'20261124',558,,233625,10,,,1,197,,233626,10,,,1,153,,233627,10,,,1,50,,233628,10,,,1,142,,233629,10,,,1,200,,233630,10,,,1,55,,233631,10,,,1,98,,233632,10,,,1,85,,233633,10,,,1,115,,233634,10,,,1,105,,233635,10,,,1,95,,233636,10,,,1,150,,233637,10,,,1,98,,233638,10,,,1
1701,'20261125',558,,233639,10,,,1,197,,233640,10,,,1,153,,233641,10,,,1,50,,233642,10,,,1,142,,233643,10,,,1,200,,233644,10,,,1,55,,233645,10,,,1,98,,233646,10,,,1,85,,233647,10,,,1,115,,233648,10,,,1,105,,233649,10,,,1,95,,233650,10,,,1,150,,233651,10,,,1,98,,233652,10,,,1
1701,'20261126',558,,233653,10,,,1,197,,233654,10,,,1,153,,233655,10,,,1,50,,233656,10,,,1,142,,233657,10,,,1,200,,233658,10,,,1,55,,233659,10,,,1,98,,233660,10,,,1,85,,233661,10,,,1,115,,233662,10,,,1,105,,233663,10,,,1,95,,233664,10,,,1,150,,233665,10,,,1,98,,233666,10,,,1
1701,'20261127',558,,233667,10,,,1,197,,233668,10,,,1,153,,233669,10,,,1,50,,233670,10,,,1,142,,233671,10,,,1,200,,233672,10,,,1,55,,233673,10,,,1,98,,233674,10,,,1,85,,233675,10,,,1,115,,233676,10,,,1,105,,233677,10,,,1,95,,233678,10,,,1,150,,233679,10,,,1,98,,233680,10,,,1
2900,'20261005',531,,259072,4,,,1,190,,259073,4,,,1,200,,259074,4,,,1,208,,259075,4,,,1,100,,259076,4,,,1,95,,259077,4,,,1,100,,259078,4,,,1,95,,259079,4,,,1,27,,259080,3,0,7 40 41,1,73,,259081,4,,,1,32,,259082,3,0,7 40 41,1,68,,259083,4,,,1,32,,259084,3,0,7 40 41,1,67,,259085,4,,,1,38,,259086,3,0,7 40 41,1,72,,259087,4,,,1,105,,259088,4,,,1,98,,259089,4,,,1,100,,259090,4,,,1
2900,'20261006',531,,259091,4,,,1,190,,259092,4,,,1,200,,259093,4,,,1,208,,259094,4,,,1,100,,259095,4,,,1,95,,259096,4,,,1,100,,259097,4,,,1,95,,259098,4,,,1,27,,259099,3,0,7 40 41,1,73,,259100,4,,,1,32,,259101,3,0,7 40 41,1,68,,259102,4,,,1,32,,259103,3,0,7 40 41,1,67,,259104,4,,,1,38,,259105,3,0,7 40 41,1,72,,259106,4,,,1,105,,259107,4,,,1,98,,259108,4,,,1,100,,259109,4,,,1
2900,'20261007',531,,259110,4,,,1,190,,259111,4,,,1,200,,259112,4,,,1,208,,259113,4,,,1,100,,259114,4,,,1,95,,259115,4,,,1,100,,259116,4,,,1,95,,259117,4,,,1,27,,259118,3,0,7 40 41,1,73,,259119,4,,,1,32,,259120,3,0,7 40 41,1,68,,259121,4,,,1,32,,259122,3,0,7 40 41,1,67,,259123,4,,,1,38,,259124,3,0,7 40 41,1,72,,259125,4,,,1,105,,259126,4,,,1,98,,259127,4,,,1,100,,259128,4,,,1
2900,'20261008',531,,259129,4,,,1,190,,259130,4,,,1,200,,259131,4,,,1,208,,259132,4,,,1,100,,259133,4,,,1,95,,259134,4,,,1,100,,259135,4,,,1,95,,259136,4,,,1,27,,259137,3,0,7 40 41,1,73,,259138,4,,,1,32,,259139,3,0,7 40 41,1,68,,259140,4,,,1,32,,259141,3,0,7 40 41,1,67,,259142,4,,,1,38,,259143,3,0,7 40 41,1,72,,259144,4,,,1,105,,259145,4,,,1,98,,259146,4,,,1,100,,259147,4,,,1
2900,'20261009',531,,259148,4,,,1,190,,259149,4,,,1,200,,259150,4,,,1,208,,259151,4,,,1,100,,259152,4,,,1,95,,259153,4,,,1,100,,259154,4,,,1,95,,259155,4,,,1,27,,259156,3,0,7 40 41,1,73,,259157,4,,,1,32,,259158,3,0,7 40 41,1,68,,259159,4,,,1,32,,259160,3,0,7 40 41,1,67,,259161,4,,,1,38,,259162,3,0,7 40 41,1,72,,259163,4,,,1,105,,259164,4,,,1,98,,259165,4,,,1,100,,259166,4,,,1
2900,'20261010',656,,259167,4,,,1,95,,259168,4,,,1,95,,259169,4,,,1,100,,259170,4,,,1,93,,259171,4,,,1,100,,259172,4,,,1,105,,259173,4,,,1,100,,259174,4,,,1,100,,259175,4,,,1,100,,259176,4,,,1,100,,259177,4,,,1,100,,259178,4,,,1,100,,259179,4,,,1,100,,259180,4,,,1,104,,259181,4,,,1,203,,259182,4,,,1
2900,'20261011',656,,259183,4,,,1,95,,259184,4,,,1,95,,259185,4,,,1,100,,259186,4,,,1,93,,259187,4,,,1,100,,259188,4,,,1,105,,259189,4,,,1,100,,259190,4,,,1,100,,259191,4,,,1,100,,259192,4,,,1,100,,259193,4,,,1,100,,259194,4,,,1,100,,259195,4,,,1,100,,259196,4,,,1,104,,259197,4,,,1,203,,259198,4,,,1
2900,'20261012',656,,259199,4,,,1,95,,259200,4,,,1,95,,259201,4,,,1,100,,259202,4,,,1,93,,259203,4,,,1,100,,259204,4,,,1,105,,259205,4,,,1,100,,259206,4,,,1,100,,259207,4,,,1,100,,259208,4,,,1,100,,259209,4,,,1,100,,259210,4,,,1,100,,259211,4,,,1,100,,259212,4,,,1,104,,259213,4,,,1,203,,259214,4,,,1
2900,'20261013',531,,259215,4,,,1,190,,259216,4,,,1,200,,259217,4,,,1,208,,259218,4,,,1,100,,259219,4,,,1,95,,259220,4,,,1,100,,259221,4,,,1,95,,259222,4,,,1,27,,259223,3,0,7 40 41,1,73,,259224,4,,,1,32,,259225,3,0,7 40 41,1,68,,259226,4,,,1,32,,259227,3,0,7 40 41,1,67,,259228,4,,,1,38,,259229,3,0,7 40 41,1,72,,259230,4,,,1,105,,259231,4,,,1,98,,259232,4,,,1,100,,259233,4,,,1
2900,'20261014',531,,259234,4,,,1,190,,259235,4,,,1,200,,259236,4,,,1,208,,259237,4,,,1,100,,259238,4,,,1,95,,259239,4,,,1,100,,259240,4,,,1,95,,259241,4,,,1,27,,259242,3,0,7 40 41,1,73,,259243,4,,,1,32,,259244,3,0,7 40 41,1,68,,259245,4,,,1,32,,259246,3,0,7 40 41,1,67,,259247,4,,,1,38,,259248,3,0,7 40 41,1,72,,259249,4,,,1,105,,259250,4,,,1,98,,259251,4,,,1,100,,259252,4,,,1
2900,'20261015',531,,259253,4,,,1,190,,259254,4,,,1,200,,259255,4,,,1,208,,259256,4,,,1,100,,259257,4,,,1,95,,259258,4,,,1,100,,259259,4,,,1,95,,259260,4,,,1,27,,259261,3,0,7 40 41,1,73,,259262,4,,,1,32,,259263,3,0,7 40 41,1,68,,259264,4,,,1,32,,259265,3,0,7 40 41,1,67,,259266,4,,,1,38,,259267,3,0,7 40 41,1,72,,259268,4,,,1,105,,259269,4,,,1,98,,259270,4,,,1,100,,259271,4,,,1
2900,'20261016',531,,259272,4,,,1,190,,259273,4,,,1,200,,259274,4,,,1,208,,259275,4,,,1,100,,259276,4,,,1,95,,259277,4,,,1,100,,259278,4,,,1,95,,259279,4,,,1,27,,259280,3,0,7 40 41,1,73,,259281,4,,,1,32,,259282,3,0,7 40 41,1,68,,259283,4,,,1,32,,259284,3,0,7 40 41,1,67,,259285,4,,,1,38,,259286,3,0,7 40 41,1,72,,259287,4,,,1,105,,259288,4,,,1,98,,259289,4,,,1,100,,259290,4,,,1
2900,'20261017',656,,259291,4,,,1,95,,259292,4,,,1,95,,259293,4,,,1,100,,259294,4,,,1,93,,259295,4,,,1,100,,259296,4,,,1,105,,259297,4,,,1,100,,259298,4,,,1,100,,259299,4,,,1,100,,259300,4,,,1,100,,259301,4,,,1,100,,259302,4,,,1,100,,259303,4,,,1,100,,259304,4,,,1,104,,259305,4,,,1,203,,259306,4,,,1
2900,'20261018',656,,259307,4,,,1,95,,259308,4,,,1,95,,259309,4,,,1,100,,259310,4,,,1,93,,259311,4,,,1,100,,259312,4,,,1,105,,259313,4,,,1,100,,259314,4,,,1,100,,259315,4,,,1,100,,259316,4,,,1,100,,259317,4,,,1,100,,259318,4,,,1,100,,259319,4,,,1,100,,259320,4,,,1,104,,259321,4,,,1,203,,259322,4,,,1
2900,'20261019',531,,259323,4,,,1,190,,259324,4,,,1,200,,259325,4,,,1,208,,259326,4,,,1,100,,259327,4,,,1,95,,259328,4,,,1,100,,259329,4,,,1,95,,259330,4,,,1,27,,259331,3,0,7 40 41,1,73,,259332,4,,,1,32,,259333,3,0,7 40 41,1,68,,259334,4,,,1,32,,259335,3,0,7 40 41,1,67,,259336,4,,,1,38,,259337,3,0,7 40 41,1,72,,259338,4,,,1,105,,259339,4,,,1,98,,259340,4,,,1,100,,259341,4,,,1
2900,'20261020',531,,259342,4,,,1,190,,259343,4,,,1,200,,259344,4,,,1,208,,259345,4,,,1,100,,259346,4,,,1,95,,259347,4,,,1,100,,259348,4,,,1,95,,259349,4,,,1,27,,259350,3,0,7 40 41,1,73,,259351,4,,,1,32,,259352,3,0,7 40 41,1,68,,259353,4,,,1,32,,259354,3,0,7 40 41,1,67,,259355,4,,,1,38,,259356,3,0,7 40 41,1,72,,259357,4,,,1,105,,259358,4,,,1,98,,259359,4,,,1,100,,259360,4,,,1
2900,'20261021',531,,259361,4,,,1,190,,259362,4,,,1,200,,259363,4,,,1,208,,259364,4,,,1,100,,259365,4,,,1,95,,259366,4,,,1,100,,259367,4,,,1,95,,259368,4,,,1,27,,259369,3,0,7 40 41,1,73,,259370,4,,,1,32,,259371,3,0,7 40 41,1,68,,259372,4,,,1,32,,259373,3,0,7 40 41,1,67,,259374,4,,,1,38,,259375,3,0,7 40 41,1,72,,259376,4,,,1,105,,259377,4,,,1,98,,259378,4,,,1,100,,259379,4,,,1
2900,'20261022',531,,259380,4,,,1,190,,259381,4,,,1,200,,259382,4,,,1,208,,259383,4,,,1,100,,259384,4,,,1,95,,259385,4,,,1,100,,259386,4,,,1,95,,259387,4,,,1,27,,259388,3,0,7 40 41,1,73,,259389,4,,,1,32,,259390,3,0,7 40 41,1,68,,259391,4,,,1,32,,259392,3,0,7 40 41,1,67,,259393,4,,,1,38,,259394,3,0,7 40 41,1,72,,259395,4,,,1,105,,259396,4,,,1,98,,259397,4,,,1,100,,259398,4,,,1
2900,'20261023',531,,259399,4,,,1,190,,259400,4,,,1,200,,259401,4,,,1,208,,259402,4,,,1,100,,259403,4,,,1,95,,259404,4,,,1,100,,259405,4,,,1,95,,259406,4,,,1,27,,259407,3,0,7 40 41,1,73,,259408,4,,,1,32,,259409,3,0,7 40 41,1,68,,259410,4,,,1,32,,259411,3,0,7 40 41,1,67,,259412,4,,,1,38,,259413,3,0,7 40 41,1,72,,259414,4,,,1,105,,259415,4,,,1,98,,259416,4,,,1,100,,259417,4,,,1
2900,'20261024',656,,259418,4,,,1,95,,259419,4,,,1,95,,259420,4,,,1,100,,259421,4,,,1,93,,259422,4,,,1,100,,259423,4,,,1,105,,259424,4,,,1,100,,259425,4,,,1,100,,259426,4,,,1,100,,259427,4,,,1,100,,259428,4,,,1,100,,259429,4,,,1,100,,259430,4,,,1,100,,259431,4,,,1,104,,259432,4,,,1,203,,259433,4,,,1
2900,'20261025',656,,259434,4,,,1,95,,259435,4,,,1,95,,259436,4,,,1,100,,259437,4,,,1,93,,259438,4,,,1,100,,259439,4,,,1,105,,259440,4,,,1,100,,259441,4,,,1,100,,259442,4,,,1,100,,259443,4,,,1,100,,259444,4,,,1,100,,259445,4,,,1,100,,259446,4,,,1,100,,259447,4,,,1,104,,259448,4,,,1,203,,259449,4,,,1
2900,'20261026',531,,259450,4,,,1,190,,259451,4,,,1,200,,259452,4,,,1,208,,259453,4,,,1,100,,259454,4,,,1,95,,259455,4,,,1,100,,259456,4,,,1,95,,259457,4,,,1,27,,259458,3,0,7 40 41,1,73,,259459,4,,,1,32,,259460,3,0,7 40 41,1,68,,259461,4,,,1,32,,259462,3,0,7 40 41,1,67,,259463,4,,,1,38,,259464,3,0,7 40 41,1,72,,259465,4,,,1,105,,259466,4,,,1,98,,259467,4,,,1,100,,259468,4,,,1
2900,'20261027',531,,259469,4,,,1,190,,259470,4,,,1,200,,259471,4,,,1,208,,259472,4,,,1,100,,259473,4,,,1,95,,259474,4,,,1,100,,259475,4,,,1,95,,259476,4,,,1,27,,259477,3,0,7 40 41,1,73,,259478,4,,,1,32,,259479,3,0,7 40 41,1,68,,259480,4,,,1,32,,259481,3,0,7 40 41,1,67,,259482,4,,,1,38,,259483,3,0,7 40 41,1,72,,259484,4,,,1,105,,259485,4,,,1,98,,259486,4,,,1,100,,259487,4,,,1
2900,'20261028',531,,259488,4,,,1,190,,259489,4,,,1,200,,259490,4,,,1,208,,259491,4,,,1,100,,259492,4,,,1,95,,259493,4,,,1,100,,259494,4,,,1,95,,259495,4,,,1,27,,259496,3,0,7 40 41,1,73,,259497,4,,,1,32,,259498,3,0,7 40 41,1,68,,259499,4,,,1,32,,259500,3,0,7 40 41,1,67,,259501,4,,,1,38,,259502,3,0,7 40 41,1,72,,259503,4,,,1,105,,259504,4,,,1,98,,259505,4,,,1,100,,259506,4,,,1
2900,'20261029',531,,259507,4,,,1,190,,259508,4,,,1,200,,259509,4,,,1,208,,259510,4,,,1,100,,259511,4,,,1,95,,259512,4,,,1,100,,259513,4,,,1,95,,259514,4,,,1,27,,259515,3,0,7 40 41,1,73,,259516,4,,,1,32,,259517,3,0,7 40 41,1,68,,259518,4,,,1,32,,259519,3,0,7 40 41,1,67,,259520,4,,,1,38,,259521,3,0,7 40 41,1,72,,259522,4,,,1,105,,259523,4,,,1,98,,259524,4,,,1,100,,259525,4,,,1
2900,'20261030',531,,259526,4,,,1,190,,259527,4,,,1,200,,259528,4,,,1,208,,259529,4,,,1,100,,259530,4,,,1,95,,259531,4,,,1,100,,259532,4,,,1,95,,259533,4,,,1,27,,259534,3,0,7 40 41,1,73,,259535,4,,,1,32,,259536,3,0,7 40 41,1,68,,259537,4,,,1,32,,259538,3,0,7 40 41,1,67,,259539,4,,,1,38,,259540,3,0,7 40 41,1,72,,259541,4,,,1,105,,259542,4,,,1,98,,259543,4,,,1,100,,259544,4,,,1
2900,'20261031',656,,259545,4,,,1,95,,259546,4,,,1,95,,259547,4,,,1,100,,259548,4,,,1,93,,259549,4,,,1,100,,259550,4,,,1,105,,259551,4,,,1,100,,259552,4,,,1,100,,259553,4,,,1,100,,259554,4,,,1,100,,259555,4,,,1,100,,259556,4,,,1,100,,259557,4,,,1,100,,259558,4,,,1,104,,259559,4,,,1,203,,259560,4,,,1
2900,'20261101',656,,259561,4,,,1,95,,259562,4,,,1,95,,259563,4,,,1,100,,259564,4,,,1,93,,259565,4,,,1,100,,259566,4,,,1,105,,259567,4,,,1,100,,259568,4,,,1,100,,259569,4,,,1,100,,259570,4,,,1,100,,259571,4,,,1,100,,259572,4,,,1,100,,259573,4,,,1,100,,259574,4,,,1,104,,259575,4,,,1,203,,259576,4,,,1
2900,'20261102',531,,259577,4,,,1,190,,259578,4,,,1,200,,259579,4,,,1,208,,259580,4,,,1,100,,259581,4,,,1,95,,259582,4,,,1,100,,259583,4,,,1,95,,259584,4,,,1,27,,259585,3,0,7 40 41,1,73,,259586,4,,,1,32,,259587,3,0,7 40 41,1,68,,259588,4,,,1,32,,259589,3,0,7 40 41,1,67,,259590,4,,,1,38,,259591,3,0,7 40 41,1,72,,259592,4,,,1,105,,259593,4,,,1,98,,259594,4,,,1,100,,259595,4,,,1
2900,'20261103',531,,259596,4,,,1,190,,259597,4,,,1,200,,259598,4,,,1,208,,259599,4,,,1,100,,259600,4,,,1,95,,259601,4,,,1,100,,259602,4,,,1,95,,259603,4,,,1,27,,259604,3,0,7 40 41,1,73,,259605,4,,,1,32,,259606,3,0,7 40 41,1,68,,259607,4,,,1,32,,259608,3,0,7 40 41,1,67,,259609,4,,,1,38,,259610,3,0,7 40 41,1,72,,259611,4,,,1,105,,259612,4,,,1,98,,259613,4,,,1,100,,259614,4,,,1
2900,'20261104',531,,259615,4,,,1,190,,259616,4,,,1,200,,259617,4,,,1,208,,259618,4,,,1,100,,259619,4,,,1,95,,259620,4,,,1,100,,259621,4,,,1,95,,259622,4,,,1,27,,259623,3,0,7 40 41,1,73,,259624,4,,,1,32,,259625,3,0,7 40 41,1,68,,259626,4,,,1,32,,259627,3,0,7 40 41,1,67,,259628,4,,,1,38,,259629,3,0,7 40 41,1,72,,259630,4,,,1,105,,259631,4,,,1,98,,259632,4,,,1,100,,259633,4,,,1
2900,'20261105',531,,259634,4,,,1,190,,259635,4,,,1,200,,259636,4,,,1,208,,259637,4,,,1,100,,259638,4,,,1,95,,259639,4,,,1,100,,259640,4,,,1,95,,259641,4,,,1,27,,259642,3,0,7 40 41,1,73,,259643,4,,,1,32,,259644,3,0,7 40 41,1,68,,259645,4,,,1,32,,259646,3,0,7 40 41,1,67,,259647,4,,,1,38,,259648,3,0,7 40 41,1,72,,259649,4,,,1,105,,259650,4,,,1,98,,259651,4,,,1,100,,259652,4,,,1
2900,'20261106',531,,259653,4,,,1,190,,259654,4,,,1,200,,259655,4,,,1,208,,259656,4,,,1,100,,259657,4,,,1,95,,259658,4,,,1,100,,259659,4,,,1,95,,259660,4,,,1,27,,259661,3,0,7 40 41,1,73,,259662,4,,,1,32,,259663,3,0,7 40 41,1,68,,259664,4,,,1,32,,259665,3,0,7 40 41,1,67,,259666,4,,,1,38,,259667,3,0,7 40 41,1,72,,259668,4,,,1,105,,259669,4,,,1,98,,259670,4,,,1,100,,259671,4,,,1
2900,'20261107',656,,259672,4,,,1,95,,259673,4,,,1,95,,259674,4,,,1,100,,259675,4,,,1,93,,259676,4,,,1,100,,259677,4,,,1,105,,259678,4,,,1,100,,259679,4,,,1,100,,259680,4,,,1,100,,259681,4,,,1,100,,259682,4,,,1,100,,259683,4,,,1,100,,259684,4,,,1,100,,259685,4,,,1,104,,259686,4,,,1,203,,259687,4,,,1
2900,'20261108',656,,259688,4,,,1,95,,259689,4,,,1,95,,259690,4,,,1,100,,259691,4,,,1,93,,259692,4,,,1,100,,259693,4,,,1,105,,259694,4,,,1,100,,259695,4,,,1,100,,259696,4,,,1,100,,259697,4,,,1,100,,259698,4,,,1,100,,259699,4,,,1,100,,259700,4,,,1,100,,259701,4,,,1,104,,259702,4,,,1,203,,259703,4,,,1
2900,'20261109',531,,259704,4,,,1,190,,259705,4,,,1,200,,259706,4,,,1,208,,259707,4,,,1,100,,259708,4,,,1,95,,259709,4,,,1,100,,259710,4,,,1,95,,259711,4,,,1,27,,259712,3,0,7 40 41,1,73,,259713,4,,,1,32,,259714,3,0,7 40 41,1,68,,259715,4,,,1,32,,259716,3,0,7 40 41,1,67,,259717,4,,,1,38,,259718,3,0,7 40 41,1,72,,259719,4,,,1,105,,259720,4,,,1,98,,259721,4,,,1,100,,259722,4,,,1
2900,'20261110',531,,259723,4,,,1,190,,259724,4,,,1,200,,259725,4,,,1,208,,259726,4,,,1,100,,259727,4,,,1,95,,259728,4,,,1,100,,259729,4,,,1,95,,259730,4,,,1,27,,259731,3,0,7 40 41,1,73,,259732,4,,,1,32,,259733,3,0,7 40 41,1,68,,259734,4,,,1,32,,259735,3,0,7 40 41,1,67,,259736,4,,,1,38,,259737,3,0,7 40 41,1,72,,259738,4,,,1,105,,259739,4,,,1,98,,259740,4,,,1,100,,259741,4,,,1
2900,'20261111',531,,259742,4,,,1,190,,259743,4,,,1,200,,259744,4,,,1,208,,259745,4,,,1,100,,259746,4,,,1,95,,259747,4,,,1,100,,259748,4,,,1,95,,259749,4,,,1,27,,259750,3,0,7 40 41,1,73,,259751,4,,,1,32,,259752,3,0,7 40 41,1,68,,259753,4,,,1,32,,259754,3,0,7 40 41,1,67,,259755,4,,,1,38,,259756,3,0,7 40 41,1,72,,259757,4,,,1,105,,259758,4,,,1,98,,259759,4,,,1,100,,259760,4,,,1
2900,'20261112',531,,259761,4,,,1,190,,259762,4,,,1,200,,259763,4,,,1,208,,259764,4,,,1,100,,259765,4,,,1,95,,259766,4,,,1,100,,259767,4,,,1,95,,259768,4,,,1,27,,259769,3,0,7 40 41,1,73,,259770,4,,,1,32,,259771,3,0,7 40 41,1,68,,259772,4,,,1,32,,259773,3,0,7 40 41,1,67,,259774,4,,,1,38,,259775,3,0,7 40 41,1,72,,259776,4,,,1,105,,259777,4,,,1,98,,259778,4,,,1,100,,259779,4,,,1
2900,'20261113',531,,259780,4,,,1,190,,259781,4,,,1,200,,259782,4,,,1,208,,259783,4,,,1,100,,259784,4,,,1,95,,259785,4,,,1,100,,259786,4,,,1,95,,259787,4,,,1,27,,259788,3,0,7 40 41,1,73,,259789,4,,,1,32,,259790,3,0,7 40 41,1,68,,259791,4,,,1,32,,259792,3,0,7 40 41,1,67,,259793,4,,,1,38,,259794,3,0,7 40 41,1,72,,259795,4,,,1,105,,259796,4,,,1,98,,259797,4,,,1,100,,259798,4,,,1
2900,'20261114',656,,259799,4,,,1,95,,259800,4,,,1,95,,259801,4,,,1,100,,259802,4,,,1,93,,259803,4,,,1,100,,259804,4,,,1,105,,259805,4,,,1,100,,259806,4,,,1,100,,259807,4,,,1,100,,259808,4,,,1,100,,259809,4,,,1,100,,259810,4,,,1,100,,259811,4,,,1,100,,259812,4,,,1,104,,259813,4,,,1,203,,259814,4,,,1
2900,'20261115',656,,259815,4,,,1,95,,259816,4,,,1,95,,259817,4,,,1,100,,259818,4,,,1,93,,259819,4,,,1,100,,259820,4,,,1,105,,259821,4,,,1,100,,259822,4,,,1,100,,259823,4,,,1,100,,259824,4,,,1,100,,259825,4,,,1,100,,259826,4,,,1,100,,259827,4,,,1,100,,259828,4,,,1,104,,259829,4,,,1,203,,259830,4,,,1
2900,'20261116',531,,259831,4,,,1,190,,259832,4,,,1,200,,259833,4,,,1,208,,259834,4,,,1,100,,259835,4,,,1,95,,259836,4,,,1,100,,259837,4,,,1,95,,259838,4,,,1,27,,259839,3,0,7 40 41,1,73,,259840,4,,,1,32,,259841,3,0,7 40 41,1,68,,259842,4,,,1,32,,259843,3,0,7 40 41,1,67,,259844,4,,,1,38,,259845,3,0,7 40 41,1,72,,259846,4,,,1,105,,259847,4,,,1,98,,259848,4,,,1,100,,259849,4,,,1
2900,'20261117',531,,259850,4,,,1,190,,259851,4,,,1,200,,259852,4,,,1,208,,259853,4,,,1,100,,259854,4,,,1,95,,259855,4,,,1,100,,259856,4,,,1,95,,259857,4,,,1,27,,259858,3,0,7 40 41,1,73,,259859,4,,,1,32,,259860,3,0,7 40 41,1,68,,259861,4,,,1,32,,259862,3,0,7 40 41,1,67,,259863,4,,,1,38,,259864,3,0,7 40 41,1,72,,259865,4,,,1,105,,259866,4,,,1,98,,259867,4,,,1,100,,259868,4,,,1
2900,'20261118',531,,259869,4,,,1,190,,259870,4,,,1,200,,259871,4,,,1,208,,259872,4,,,1,100,,259873,4,,,1,95,,259874,4,,,1,100,,259875,4,,,1,95,,259876,4,,,1,27,,259877,3,0,7 40 41,1,73,,259878,4,,,1,32,,259879,3,0,7 40 41,1,68,,259880,4,,,1,32,,259881,3,0,7 40 41,1,67,,259882,4,,,1,38,,259883,3,0,7 40 41,1,72,,259884,4,,,1,105,,259885,4,,,1,98,,259886,4,,,1,100,,259887,4,,,1
2900,'20261119',531,,259888,4,,,1,190,,259889,4,,,1,200,,259890,4,,,1,208,,259891,4,,,1,100,,259892,4,,,1,95,,259893,4,,,1,100,,259894,4,,,1,95,,259895,4,,,1,27,,259896,3,0,7 40 41,1,73,,259897,4,,,1,32,,259898,3,0,7 40 41,1,68,,259899,4,,,1,32,,259900,3,0,7 40 41,1,67,,259901,4,,,1,38,,259902,3,0,7 40 41,1,72,,259903,4,,,1,105,,259904,4,,,1,98,,259905,4,,,1,100,,259906,4,,,1
2900,'20261120',531,,259907,4,,,1,190,,259908,4,,,1,200,,259909,4,,,1,208,,259910,4,,,1,100,,259911,4,,,1,95,,259912,4,,,1,100,,259913,4,,,1,95,,259914,4,,,1,27,,259915,3,0,7 40 41,1,73,,259916,4,,,1,32,,259917,3,0,7 40 41,1,68,,259918,4,,,1,32,,259919,3,0,7 40 41,1,67,,259920,4,,,1,38,,259921,3,0,7 40 41,1,72,,259922,4,,,1,105,,259923,4,,,1,98,,259924,4,,,1,100,,259925,4,,,1
2900,'20261121',656,,259926,4,,,1,95,,259927,4,,,1,95,,259928,4,,,1,100,,259929,4,,,1,93,,259930,4,,,1,100,,259931,4,,,1,105,,259932,4,,,1,100,,259933,4,,,1,100,,259934,4,,,1,100,,259935,4,,,1,100,,259936,4,,,1,100,,259937,4,,,1,100,,259938,4,,,1,100,,259939,4,,,1,104,,259940,4,,,1,203,,259941,4,,,1
2900,'20261122',656,,259942,4,,,1,95,,259943,4,,,1,95,,259944,4,,,1,100,,259945,4,,,1,93,,259946,4,,,1,100,,259947,4,,,1,105,,259948,4,,,1,100,,259949,4,,,1,100,,259950,4,,,1,100,,259951,4,,,1,100,,259952,4,,,1,100,,259953,4,,,1,100,,259954,4,,,1,100,,259955,4,,,1,104,,259956,4,,,1,203,,259957,4,,,1
2900,'20261123',531,,259958,4,,,1,190,,259959,4,,,1,200,,259960,4,,,1,208,,259961,4,,,1,100,,259962,4,,,1,95,,259963,4,,,1,100,,259964,4,,,1,95,,259965,4,,,1,27,,259966,3,0,7 40 41,1,73,,259967,4,,,1,32,,259968,3,0,7 40 41,1,68,,259969,4,,,1,32,,259970,3,0,7 40 41,1,67,,259971,4,,,1,38,,259972,3,0,7 40 41,1,72,,259973,4,,,1,105,,259974,4,,,1,98,,259975,4,,,1,100,,259976,4,,,1
2900,'20261124',531,,259977,4,,,1,190,,259978,4,,,1,200,,259979,4,,,1,208,,259980,4,,,1,100,,259981,4,,,1,95,,259982,4,,,1,100,,259983,4,,,1,95,,259984,4,,,1,27,,259985,3,0,7 40 41,1,73,,259986,4,,,1,32,,259987,3,0,7 40 41,1,68,,259988,4,,,1,32,,259989,3,0,7 40 41,1,67,,259990,4,,,1,38,,259991,3,0,7 40 41,1,72,,259992,4,,,1,105,,259993,4,,,1,98,,259994,4,,,1,100,,259995,4,,,1
2900,'20261125',531,,259996,4,,,1,190,,259997,4,,,1,200,,259998,4,,,1,208,,259999,4,,,1,100,,260000,4,,,1,95,,260001,4,,,1,100,,260002,4,,,1,95,,260003,4,,,1,27,,260004,3,0,7 40 41,1,73,,260005,4,,,1,32,,260006,3,0,7 40 41,1,68,,260007,4,,,1,32,,260008,3,0,7 40 41,1,67,,260009,4,,,1,38,,260010,3,0,7 40 41,1,72,,260011,4,,,1,105,,260012,4,,,1,98,,260013,4,,,1,100,,260014,4,,,1
2900,'20261126',531,,260015,4,,,1,190,,260016,4,,,1,200,,260017,4,,,1,208,,260018,4,,,1,100,,260019,4,,,1,95,,260020,4,,,1,100,,260021,4,,,1,95,,260022,4,,,1,27,,260023,3,0,7 40 41,1,73,,260024,4,,,1,32,,260025,3,0,7 40 41,1,68,,260026,4,,,1,32,,260027,3,0,7 40 41,1,67,,260028,4,,,1,38,,260029,3,0,7 40 41,1,72,,260030,4,,,1,105,,260031,4,,,1,98,,260032,4,,,1,100,,260033,4,,,1
2900,'20261127',531,,260034,4,,,1,190,,260035,4,,,1,200,,260036,4,,,1,208,,260037,4,,,1,100,,260038,4,,,1,95,,260039,4,,,1,100,,260040,4,,,1,95,,260041,4,,,1,27,,260042,3,0,7 40 41,1,73,,260043,4,,,1,32,,260044,3,0,7 40 41,1,68,,260045,4,,,1,32,,260046,3,0,7 40 41,1,67,,260047,4,,,1,38,,260048,3,0,7 40 41,1,72,,260049,4,,,1,105,,260050,4,,,1,98,,260051,4,,,1,100,,260052,4,,,1
4800,'20261005',446,,304624,3,,,1,90,,304625,3,,,1,95,,304626,3,,,1,95,,304627,3,,,1,105,,304628,3,,,1,105,,304629,3,,,1,100,,304630,3,,,1,100,,304631,3,,,1,100,,304632,3,,,1,100,,304633,3,,,1,85,,304634,3,,,1,90,,304635,3,,,1,105,,304636,3,,,1,110,,304637,3,,,1,110,,304638,3,,,1,205,,304639,3,,,1,210,,304640,3,,,1
4800,'20261006',446,,304641,3,,,1,90,,304642,3,,,1,95,,304643,3,,,1,95,,304644,3,,,1,105,,304645,3,,,1,105,,304646,3,,,1,100,,304647,3,,,1,100,,304648,3,,,1,100,,304649,3,,,1,100,,304650,3,,,1,85,,304651,3,,,1,90,,304652,3,,,1,105,,304653,3,,,1,110,,304654,3,,,1,110,,304655,3,,,1,205,,304656,3,,,1,210,,304657,3,,,1
4800,'20261007',446,,304658,3,,,1,90,,304659,3,,,1,95,,304660,3,,,1,95,,304661,3,,,1,105,,304662,3,,,1,105,,304663,3,,,1,100,,304664,3,,,1,100,,304665,3,,,1,100,,304666,3,,,1,100,,304667,3,,,1,85,,304668,3,,,1,90,,304669,3,,,1,105,,304670,3,,,1,110,,304671,3,,,1,110,,304672,3,,,1,205,,304673,3,,,1,210,,304674,3,,,1
4800,'20261008',446,,304675,3,,,1,90,,304676,3,,,1,95,,304677,3,,,1,95,,304678,3,,,1,105,,304679,3,,,1,105,,304680,3,,,1,100,,304681,3,,,1,100,,304682,3,,,1,100,,304683,3,,,1,100,,304684,3,,,1,85,,304685,3,,,1,90,,304686,3,,,1,105,,304687,3,,,1,110,,304688,3,,,1,110,,304689,3,,,1,205,,304690,3,,,1,210,,304691,3,,,1
4800,'20261009',446,,304692,3,,,1,90,,304693,3,,,1,95,,304694,3,,,1,95,,304695,3,,,1,105,,304696,3,,,1,105,,304697,3,,,1,100,,304698,3,,,1,100,,304699,3,,,1,100,,304700,3,,,1,100,,304701,3,,,1,85,,304702,3,,,1,90,,304703,3,,,1,105,,304704,3,,,1,110,,304705,3,,,1,110,,304706,3,,,1,205,,304707,3,,,1,210,,304708,3,,,1
4800,'20261013',446,,304709,3,,,1,90,,304710,3,,,1,95,,304711,3,,,1,95,,304712,3,,,1,105,,304713,3,,,1,105,,304714,3,,,1,100,,304715,3,,,1,100,,304716,3,,,1,100,,304717,3,,,1,100,,304718,3,,,1,85,,304719,3,,,1,90,,304720,3,,,1,105,,304721,3,,,1,110,,304722,3,,,1,110,,304723,3,,,1,205,,304724,3,,,1,210,,304725,3,,,1
4800,'20261014',446,,304726,3,,,1,90,,304727,3,,,1,95,,304728,3,,,1,95,,304729,3,,,1,105,,304730,3,,,1,105,,304731,3,,,1,100,,304732,3,,,1,100,,304733,3,,,1,100,,304734,3,,,1,100,,304735,3,,,1,85,,304736,3,,,1,90,,304737,3,,,1,105,,304738,3,,,1,110,,304739,3,,,1,110,,304740,3,,,1,205,,304741,3,,,1,210,,304742,3,,,1
4800,'20261015',446,,304743,3,,,1,90,,304744,3,,,1,95,,304745,3,,,1,95,,304746,3,,,1,105,,304747,3,,,1,105,,304748,3,,,1,100,,304749,3,,,1,100,,304750,3,,,1,100,,304751,3,,,1,100,,304752,3,,,1,85,,304753,3,,,1,90,,304754,3,,,1,105,,304755,3,,,1,110,,304756,3,,,1,110,,304757,3,,,1,205,,304758,3,,,1,210,,304759,3,,,1
4800,'20261016',446,,304760,3,,,1,90,,304761,3,,,1,95,,304762,3,,,1,95,,304763,3,,,1,105,,304764,3,,,1,105,,304765,3,,,1,100,,304766,3,,,1,100,,304767,3,,,1,100,,304768,3,,,1,100,,304769,3,,,1,85,,304770,3,,,1,90,,304771,3,,,1,105,,304772,3,,,1,110,,304773,3,,,1,110,,304774,3,,,1,205,,304775,3,,,1,210,,304776,3,,,1
4800,'20261019',446,,304777,3,,,1,90,,304778,3,,,1,95,,304779,3,,,1,95,,304780,3,,,1,105,,304781,3,,,1,105,,304782,3,,,1,100,,304783,3,,,1,100,,304784,3,,,1,100,,304785,3,,,1,100,,304786,3,,,1,85,,304787,3,,,1,90,,304788,3,,,1,105,,304789,3,,,1,110,,304790,3,,,1,110,,304791,3,,,1,205,,304792,3,,,1,210,,304793,3,,,1
4800,'20261020',446,,304794,3,,,1,90,,304795,3,,,1,95,,304796,3,,,1,95,,304797,3,,,1,105,,304798,3,,,1,105,,304799,3,,,1,100,,304800,3,,,1,100,,304801,3,,,1,100,,304802,3,,,1,100,,304803,3,,,1,85,,304804,3,,,1,90,,304805,3,,,1,105,,304806,3,,,1,110,,304807,3,,,1,110,,304808,3,,,1,205,,304809,3,,,1,210,,304810,3,,,1
4800,'20261021',446,,304811,3,,,1,90,,304812,3,,,1,95,,304813,3,,,1,95,,304814,3,,,1,105,,304815,3,,,1,105,,304816,3,,,1,100,,304817,3,,,1,100,,304818,3,,,1,100,,304819,3,,,1,100,,304820,3,,,1,85,,304821,3,,,1,90,,304822,3,,,1,105,,304823,3,,,1,110,,304824,3,,,1,110,,304825,3,,,1,205,,304826,3,,,1,210,,304827,3,,,1
4800,'20261022',446,,304828,3,,,1,90,,304829,3,,,1,95,,304830,3,,,1,95,,304831,3,,,1,105,,304832,3,,,1,105,,304833,3,,,1,100,,304834,3,,,1,100,,304835,3,,,1,100,,304836,3,,,1,100,,304837,3,,,1,85,,304838,3,,,1,90,,304839,3,,,1,105,,304840,3,,,1,110,,304841,3,,,1,110,,304842,3,,,1,205,,304843,3,,,1,210,,304844,3,,,1
4800,'20261023',446,,304845,3,,,1,90,,304846,3,,,1,95,,304847,3,,,1,95,,304848,3,,,1,105,,304849,3,,,1,105,,304850,3,,,1,100,,304851,3,,,1,100,,304852,3,,,1,100,,304853,3,,,1,100,,304854,3,,,1,85,,304855,3,,,1,90,,304856,3,,,1,105,,304857,3,,,1,110,,304858,3,,,1,110,,304859,3,,,1,205,,304860,3,,,1,210,,304861,3,,,1
4800,'20261026',446,,304862,3,,,1,90,,304863,3,,,1,95,,304864,3,,,1,95,,304865,3,,,1,105,,304866,3,,,1,105,,304867,3,,,1,100,,304868,3,,,1,100,,304869,3,,,1,100,,304870,3,,,1,100,,304871,3,,,1,85,,304872,3,,,1,90,,304873,3,,,1,105,,304874,3,,,1,110,,304875,3,,,1,110,,304876,3,,,1,205,,304877,3,,,1,210,,304878,3,,,1
4800,'20261027',446,,304879,3,,,1,90,,304880,3,,,1,95,,304881,3,,,1,95,,304882,3,,,1,105,,304883,3,,,1,105,,304884,3,,,1,100,,304885,3,,,1,100,,304886,3,,,1,100,,304887,3,,,1,100,,304888,3,,,1,85,,304889,3,,,1,90,,304890,3,,,1,105,,304891,3,,,1,110,,304892,3,,,1,110,,304893,3,,,1,205,,304894,3,,,1,210,,304895,3,,,1
4800,'20261028',446,,304896,3,,,1,90,,304897,3,,,1,95,,304898,3,,,1,95,,304899,3,,,1,105,,304900,3,,,1,105,,304901,3,,,1,100,,304902,3,,,1,100,,304903,3,,,1,100,,304904,3,,,1,100,,304905,3,,,1,85,,304906,3,,,1,90,,304907,3,,,1,105,,304908,3,,,1,110,,304909,3,,,1,110,,304910,3,,,1,205,,304911,3,,,1,210,,304912,3,,,1
4800,'20261029',446,,304913,3,,,1,90,,304914,3,,,1,95,,304915,3,,,1,95,,304916,3,,,1,105,,304917,3,,,1,105,,304918,3,,,1,100,,304919,3,,,1,100,,304920,3,,,1,100,,304921,3,,,1,100,,304922,3,,,1,85,,304923,3,,,1,90,,304924,3,,,1,105,,304925,3,,,1,110,,304926,3,,,1,110,,304927,3,,,1,205,,304928,3,,,1,210,,304929,3,,,1
4800,'20261030',446,,304930,3,,,1,90,,304931,3,,,1,95,,304932,3,,,1,95,,304933,3,,,1,105,,304934,3,,,1,105,,304935,3,,,1,100,,304936,3,,,1,100,,304937,3,,,1,100,,304938,3,,,1,100,,304939,3,,,1,85,,304940,3,,,1,90,,304941,3,,,1,105,,304942,3,,,1,110,,304943,3,,,1,110,,304944,3,,,1,205,,304945,3,,,1,210,,304946,3,,,1
4800,'20261102',446,,304947,3,,,1,90,,304948,3,,,1,95,,304949,3,,,1,95,,304950,3,,,1,105,,304951,3,,,1,105,,304952,3,,,1,100,,304953,3,,,1,100,,304954,3,,,1,100,,304955,3,,,1,100,,304956,3,,,1,85,,304957,3,,,1,90,,304958,3,,,1,105,,304959,3,,,1,110,,304960,3,,,1,110,,304961,3,,,1,205,,304962,3,,,1,210,,304963,3,,,1
4800,'20261103',446,,304964,3,,,1,90,,304965,3,,,1,95,,304966,3,,,1,95,,304967,3,,,1,105,,304968,3,,,1,105,,304969,3,,,1,100,,304970,3,,,1,100,,304971,3,,,1,100,,304972,3,,,1,100,,304973,3,,,1,85,,304974,3,,,1,90,,304975,3,,,1,105,,304976,3,,,1,110,,304977,3,,,1,110,,304978,3,,,1,205,,304979,3,,,1,210,,304980,3,,,1
4800,'20261104',446,,304981,3,,,1,90,,304982,3,,,1,95,,304983,3,,,1,95,,304984,3,,,1,105,,304985,3,,,1,105,,304986,3,,,1,100,,304987,3,,,1,100,,304988,3,,,1,100,,304989,3,,,1,100,,304990,3,,,1,85,,304991,3,,,1,90,,304992,3,,,1,105,,304993,3,,,1,110,,304994,3,,,1,110,,304995,3,,,1,205,,304996,3,,,1,210,,304997,3,,,1
4800,'20261105',446,,304998,3,,,1,90,,304999,3,,,1,95,,305000,3,,,1,95,,305001,3,,,1,105,,305002,3,,,1,105,,305003,3,,,1,100,,305004,3,,,1,100,,305005,3,,,1,100,,305006,3,,,1,100,,305007,3,,,1,85,,305008,3,,,1,90,,305009,3,,,1,105,,305010,3,,,1,110,,305011,3,,,1,110,,305012,3,,,1,205,,305013,3,,,1,210,,305014,3,,,1
4800,'20261106',446,,305015,3,,,1,90,,305016,3,,,1,95,,305017,3,,,1,95,,305018,3,,,1,105,,305019,3,,,1,105,,305020,3,,,1,100,,305021,3,,,1,100,,305022,3,,,1,100,,305023,3,,,1,100,,305024,3,,,1,85,,305025,3,,,1,90,,305026,3,,,1,105,,305027,3,,,1,110,,305028,3,,,1,110,,305029,3,,,1,205,,305030,3,,,1,210,,305031,3,,,1
4800,'20261109',446,,305032,3,,,1,90,,305033,3,,,1,95,,305034,3,,,1,95,,305035,3,,,1,105,,305036,3,,,1,105,,305037,3,,,1,100,,305038,3,,,1,100,,305039,3,,,1,100,,305040,3,,,1,100,,305041,3,,,1,85,,305042,3,,,1,90,,305043,3,,,1,105,,305044,3,,,1,110,,305045,3,,,1,110,,305046,3,,,1,205,,305047,3,,,1,210,,305048,3,,,1
4800,'20261110',446,,305049,3,,,1,90,,305050,3,,,1,95,,305051,3,,,1,95,,305052,3,,,1,105,,305053,3,,,1,105,,305054,3,,,1,100,,305055,3,,,1,100,,305056,3,,,1,100,,305057,3,,,1,100,,305058,3,,,1,85,,305059,3,,,1,90,,305060,3,,,1,105,,305061,3,,,1,110,,305062,3,,,1,110,,305063,3,,,1,205,,305064,3,,,1,210,,305065,3,,,1
4800,'20261111',446,,305066,3,,,1,90,,305067,3,,,1,95,,305068,3,,,1,95,,305069,3,,,1,105,,305070,3,,,1,105,,305071,3,,,1,100,,305072,3,,,1,100,,305073,3,,,1,100,,305074,3,,,1,100,,305075,3,,,1,85,,305076,3,,,1,90,,305077,3,,,1,105,,305078,3,,,1,110,,305079,3,,,1,110,,305080,3,,,1,205,,305081,3,,,1,210,,305082,3,,,1
4800,'20261112',446,,305083,3,,,1,90,,305084,3,,,1,95,,305085,3,,,1,95,,305086,3,,,1,105,,305087,3,,,1,105,,305088,3,,,1,100,,305089,3,,,1,100,,305090,3,,,1,100,,305091,3,,,1,100,,305092,3,,,1,85,,305093,3,,,1,90,,305094,3,,,1,105,,305095,3,,,1,110,,305096,3,,,1,110,,305097,3,,,1,205,,305098,3,,,1,210,,305099,3,,,1
4800,'20261113',446,,305100,3,,,1,90,,305101,3,,,1,95,,305102,3,,,1,95,,305103,3,,,1,105,,305104,3,,,1,105,,305105,3,,,1,100,,305106,3,,,1,100,,305107,3,,,1,100,,305108,3,,,1,100,,305109,3,,,1,85,,305110,3,,,1,90,,305111,3,,,1,105,,305112,3,,,1,110,,305113,3,,,1,110,,305114,3,,,1,205,,305115,3,,,1,210,,305116,3,,,1
4800,'20261116',446,,305117,3,,,1,90,,305118,3,,,1,95,,305119,3,,,1,95,,305120,3,,,1,105,,305121,3,,,1,105,,305122,3,,,1,100,,305123,3,,,1,100,,305124,3,,,1,100,,305125,3,,,1,100,,305126,3,,,1,85,,305127,3,,,1,90,,305128,3,,,1,105,,305129,3,,,1,110,,305130,3,,,1,110,,305131,3,,,1,205,,305132,3,,,1,210,,305133,3,,,1
4800,'20261117',446,,305134,3,,,1,90,,305135,3,,,1,95,,305136,3,,,1,95,,305137,3,,,1,105,,305138,3,,,1,105,,305139,3,,,1,100,,305140,3,,,1,100,,305141,3,,,1,100,,305142,3,,,1,100,,305143,3,,,1,85,,305144,3,,,1,90,,305145,3,,,1,105,,305146,3,,,1,110,,305147,3,,,1,110,,305148,3,,,1,205,,305149,3,,,1,210,,305150,3,,,1
4800,'20261118',446,,305151,3,,,1,90,,305152,3,,,1,95,,305153,3,,,1,95,,305154,3,,,1,105,,305155,3,,,1,105,,305156,3,,,1,100,,305157,3,,,1,100,,305158,3,,,1,100,,305159,3,,,1,100,,305160,3,,,1,85,,305161,3,,,1,90,,305162,3,,,1,105,,305163,3,,,1,110,,305164,3,,,1,110,,305165,3,,,1,205,,305166,3,,,1,210,,305167,3,,,1
4800,'20261119',446,,305168,3,,,1,90,,305169,3,,,1,95,,305170,3,,,1,95,,305171,3,,,1,105,,305172,3,,,1,105,,305173,3,,,1,100,,305174,3,,,1,100,,305175,3,,,1,100,,305176,3,,,1,100,,305177,3,,,1,85,,305178,3,,,1,90,,305179,3,,,1,105,,305180,3,,,1,110,,305181,3,,,1,110,,305182,3,,,1,205,,305183,3,,,1,210,,305184,3,,,1
4800,'20261120',446,,305185,3,,,1,90,,305186,3,,,1,95,,305187,3,,,1,95,,305188,3,,,1,105,,305189,3,,,1,105,,305190,3,,,1,100,,305191,3,,,1,100,,305192,3,,,1,100,,305193,3,,,1,100,,305194,3,,,1,85,,305195,3,,,1,90,,305196,3,,,1,105,,305197,3,,,1,110,,305198,3,,,1,110,,305199,3,,,1,205,,305200,3,,,1,210,,305201,3,,,1
4800,'20261123',446,,305202,3,,,1,90,,305203,3,,,1,95,,305204,3,,,1,95,,305205,3,,,1,105,,305206,3,,,1,105,,305207,3,,,1,100,,305208,3,,,1,100,,305209,3,,,1,100,,305210,3,,,1,100,,305211,3,,,1,85,,305212,3,,,1,90,,305213,3,,,1,105,,305214,3,,,1,110,,305215,3,,,1,110,,305216,3,,,1,205,,305217,3,,,1,210,,305218,3,,,1
4800,'20261124',446,,305219,3,,,1,90,,305220,3,,,1,95,,305221,3,,,1,95,,305222,3,,,1,105,,305223,3,,,1,105,,305224,3,,,1,100,,305225,3,,,1,100,,305226,3,,,1,100,,305227,3,,,1,100,,305228,3,,,1,85,,305229,3,,,1,90,,305230,3,,,1,105,,305231,3,,,1,110,,305232,3,,,1,110,,305233,3,,,1,205,,305234,3,,,1,210,,305235,3,,,1
4800,'20261125',446,,305236,3,,,1,90,,305237,3,,,1,95,,305238,3,,,1,95,,305239,3,,,1,105,,305240,3,,,1,105,,305241,3,,,1,100,,305242,3,,,1,100,,305243,3,,,1,100,,305244,3,,,1,100,,305245,3,,,1,85,,305246,3,,,1,90,,305247,3,,,1,105,,305248,3,,,1,110,,305249,3,,,1,110,,305250,3,,,1,205,,305251,3,,,1,210,,305252,3,,,1
4800,'20261126',446,,305253,3,,,1,90,,305254,3,,,1,95,,305255,3,,,1,95,,305256,3,,,1,105,,305257,3,,,1,105,,305258,3,,,1,100,,305259,3,,,1,100,,305260,3,,,1,100,,305261,3,,,1,100,,305262,3,,,1,85,,305263,3,,,1,90,,305264,3,,,1,105,,305265,3,,,1,110,,305266,3,,,1,110,,305267,3,,,1,205,,305268,3,,,1,210,,305269,3,,,1
4800,'20261127',446,,305270,3,,,1,90,,305271,3,,,1,95,,305272,3,,,1,95,,305273,3,,,1,105,,305274,3,,,1,105,,305275,3,,,1,100,,305276,3,,,1,100,,305277,3,,,1,100,,305278,3,,,1,100,,305279,3,,,1,85,,305280,3,,,1,90,,305281,3,,,1,105,,305282,3,,,1,110,,305283,3,,,1,110,,305284,3,,,1,205,,305285,3,,,1,210,,305286,3,,,1
