7001,'20260917',1709,,317446,37,,,1
7001,'20260918',1709,,317453,37,,,1
7001,'20260921',1709,,317462,37,,,1
7001,'20260922',1709,,317469,37,,,1
7001,'20260923',1709,,317476,37,,,1
7001,'20260924',1709,,317483,37,,,1
7001,'20260925',1709,,317490,37,,,1
7001,'20260928',1709,,317499,37,,,1
7001,'20260929',1709,,317506,37,,,1
7001,'20260930',1709,,317513,37,,,1
7001,'20261001',1709,,317520,37,,,1
7001,'20261002',1709,,317527,37,,,1
7001,'20261005',1709,,317536,37,,,1
7001,'20261006',1709,,317543,37,,,1
7001,'20261007',1709,,317550,37,,,1
7001,'20261008',1709,,317557,37,,,1
7001,'20261009',1709,,317564,37,,,1
7001,'20261013',1709,,317574,37,,,1
7001,'20261014',1709,,317581,37,,,1
7001,'20261015',1709,,317588,37,,,1
7001,'20261016',1709,,317595,37,,,1
7001,'20261019',1709,,317604,37,,,1
7001,'20261020',1709,,317611,37,,,1
7001,'20261021',1709,,317618,37,,,1
7001,'20261022',1709,,317625,37,,,1
7001,'20261023',1709,,317632,37,,,1
7001,'20261026',1709,,317641,37,,,1
7001,'20261027',1709,,317648,37,,,1
7001,'20261028',1709,,317655,37,,,1
7001,'20261029',1709,,317662,37,,,1
7001,'20261030',1709,,317669,37,,,1
7001,'20261102',1709,,317678,37,,,1
7001,'20261103',1709,,317685,37,,,1
7001,'20261104',1709,,317692,37,,,1
7001,'20261105',1709,,317699,37,,,1
7001,'20261106',1709,,317706,37,,,1
7001,'20261109',1709,,317715,37,,,1
7001,'20261110',1709,,317722,37,,,1
7001,'20261111',1709,,317729,37,,,1
7001,'20261112',1709,,317736,37,,,1
7001,'20261113',1709,,317743,37,,,1
7001,'20261116',1709,,317752,37,,,1
7001,'20261117',1709,,317759,37,,,1
7001,'20261118',1709,,317766,37,,,1
7001,'20261119',1709,,317773,37,,,1
7001,'20261120',1709,,317780,37,,,1
7001,'20261123',1709,,317789,37,,,1
7001,'20261124',1709,,317796,37,,,1
7001,'20261125',1709,,317803,37,,,1
7001,'20261126',1709,,317810,37,,,1
7001,'20261127',1709,,317817,37,,,1
7101,'20260917',511,,319402,37,,,1,1103,,319403,10,0,16 29 30,1,5,,319404,25,0,31 29 30,1,214,,319405,37,,,1,315,,319406,37,,,1,91,,319408,10,0,16 29 30,1,96,,319407,37,,,1,205,,319409,25,0,31 29 30,1
7101,'20260918',511,,319410,37,,,1,1103,,319411,10,0,16 29 30,1,5,,319412,25,0,31 29 30,1,214,,319413,37,,,1,315,,319414,37,,,1,91,,319416,10,0,16 29 30,1,96,,319415,37,,,1,205,,319417,25,0,31 29 30,1
7101,'20260919',640,,319418,37,,,1,88,,319419,10,0,16 29 30,1,5,,319420,25,0,31 29 30,1,95,,319421,10,0,16 29 30,1,5,,319422,37,,,1,100,,319424,10,0,16 29 30,1,70,,319425,10,0,16 29 30,1,27,,319427,10,0,16 29 30,1,75,,319428,10,0,16 29 30,1,25,,319430,10,0,16 29 30,1,70,,319431,10,0,16 29 30,1,30,,319433,37,,,1,70,,319434,10,0,16 29 30,1,30,,319436,10,0,16 29 30,1,70,,319437,10,0,16 29 30,1,30,,319439,37,,,1,200,,319441,37,,,1,198,,319442,10,0,16 29 30,1,5,,319443,37,,,1,200,,319444,37,,,1,196,,319445,37,,,1,111,,319446,25,0,31 29 30,1,200,,319447,25,0,31 29 30,1
7101,'20260920',640,,319448,37,,,1,88,,319449,10,0,16 29 30,1,5,,319450,25,0,31 29 30,1,95,,319451,10,0,16 29 30,1,5,,319452,37,,,1,100,,319454,10,0,16 29 30,1,70,,319455,10,0,16 29 30,1,27,,319457,10,0,16 29 30,1,75,,319458,10,0,16 29 30,1,25,,319460,10,0,16 29 30,1,70,,319461,10,0,16 29 30,1,30,,319463,37,,,1,70,,319464,10,0,16 29 30,1,30,,319466,10,0,16 29 30,1,70,,319467,10,0,16 29 30,1,30,,319469,37,,,1,200,,319471,37,,,1,198,,319472,10,0,16 29 30,1,5,,319473,37,,,1,200,,319474,37,,,1,196,,319475,37,,,1,111,,319476,25,0,31 29 30,1,200,,319477,25,0,31 29 30,1
7101,'20260921',511,,319478,37,,,1,1103,,319479,10,0,16 29 30,1,5,,319480,25,0,31 29 30,1,214,,319481,37,,,1,315,,319482,37,,,1,91,,319484,10,0,16 29 30,1,96,,319483,37,,,1,205,,319485,25,0,31 29 30,1
7101,'20260922',511,,319486,37,,,1,1103,,319487,10,0,16 29 30,1,5,,319488,25,0,31 29 30,1,214,,319489,37,,,1,315,,319490,37,,,1,91,,319492,10,0,16 29 30,1,96,,319491,37,,,1,205,,319493,25,0,31 29 30,1
7101,'20260923',511,,319494,37,,,1,1103,,319495,10,0,16 29 30,1,5,,319496,25,0,31 29 30,1,214,,319497,37,,,1,315,,319498,37,,,1,91,,319500,10,0,16 29 30,1,96,,319499,37,,,1,205,,319501,25,0,31 29 30,1
7101,'20260924',511,,319502,37,,,1,1103,,319503,10,0,16 29 30,1,5,,319504,25,0,31 29 30,1,214,,319505,37,,,1,315,,319506,37,,,1,91,,319508,10,0,16 29 30,1,96,,319507,37,,,1,205,,319509,25,0,31 29 30,1
7101,'20260925',511,,319510,37,,,1,1103,,319511,10,0,16 29 30,1,5,,319512,25,0,31 29 30,1,214,,319513,37,,,1,315,,319514,37,,,1,91,,319516,10,0,16 29 30,1,96,,319515,37,,,1,205,,319517,25,0,31 29 30,1
7101,'20260926',640,,319518,37,,,1,88,,319519,10,0,16 29 30,1,5,,319520,25,0,31 29 30,1,95,,319521,10,0,16 29 30,1,5,,319522,37,,,1,100,,319524,10,0,16 29 30,1,70,,319525,10,0,16 29 30,1,27,,319527,10,0,16 29 30,1,75,,319528,10,0,16 29 30,1,25,,319530,10,0,16 29 30,1,70,,319531,10,0,16 29 30,1,30,,319533,37,,,1,70,,319534,10,0,16 29 30,1,30,,319536,10,0,16 29 30,1,70,,319537,10,0,16 29 30,1,30,,319539,37,,,1,115,,332334,25,0,31 29 30,1,5,,332335,10,0,16 29 30,1,80,,319541,37,,,1,115,,332336,10,0,16 29 30,1,5,,332337,10,0,16 29 30,1,78,,319542,10,0,16 29 30,1,5,,319543,37,,,1,105,,332338,10,0,16 29 30,1,5,,332339,10,0,16 29 30,1,90,,319544,37,,,1,105,,332340,10,0,16 29 30,1,5,,332341,10,0,16 29 30,1,86,,319545,37,,,1,111,,319546,25,0,31 29 30,1,200,,319547,25,0,31 29 30,1
7101,'20260927',640,,319548,37,,,1,88,,319549,10,0,16 29 30,1,5,,319550,25,0,31 29 30,1,95,,319551,10,0,16 29 30,1,5,,319552,37,,,1,100,,319554,10,0,16 29 30,1,70,,319555,10,0,16 29 30,1,27,,319557,10,0,16 29 30,1,75,,319558,10,0,16 29 30,1,25,,319560,10,0,16 29 30,1,70,,319561,10,0,16 29 30,1,30,,319563,37,,,1,70,,319564,10,0,16 29 30,1,30,,319566,10,0,16 29 30,1,70,,319567,10,0,16 29 30,1,30,,319569,37,,,1,115,,332342,25,0,31 29 30,1,5,,332343,10,0,16 29 30,1,80,,319571,37,,,1,115,,332344,10,0,16 29 30,1,5,,332345,10,0,16 29 30,1,78,,319572,10,0,16 29 30,1,5,,319573,37,,,1,105,,332346,10,0,16 29 30,1,5,,332347,10,0,16 29 30,1,90,,319574,37,,,1,105,,332348,10,0,16 29 30,1,5,,332349,10,0,16 29 30,1,86,,319575,37,,,1,111,,319576,25,0,31 29 30,1,200,,319577,25,0,31 29 30,1
7101,'20260928',511,,319578,37,,,1,1103,,319579,10,0,16 29 30,1,5,,319580,25,0,31 29 30,1,214,,319581,37,,,1,315,,319582,37,,,1,91,,319584,10,0,16 29 30,1,96,,319583,37,,,1,205,,319585,25,0,31 29 30,1
7101,'20260929',511,,319586,37,,,1,1103,,319587,10,0,16 29 30,1,5,,319588,25,0,31 29 30,1,214,,319589,37,,,1,315,,319590,37,,,1,91,,319592,10,0,16 29 30,1,96,,319591,37,,,1,205,,319593,25,0,31 29 30,1
7101,'20260930',511,,319594,37,,,1,1103,,319595,10,0,16 29 30,1,5,,319596,25,0,31 29 30,1,214,,319597,37,,,1,315,,319598,37,,,1,91,,319600,10,0,16 29 30,1,96,,319599,37,,,1,205,,319601,25,0,31 29 30,1
7101,'20261001',511,,319602,37,,,1,1103,,319603,10,0,16 29 30,1,5,,319604,25,0,31 29 30,1,214,,319605,37,,,1,315,,319606,37,,,1,91,,319608,10,0,16 29 30,1,96,,319607,37,,,1,205,,319609,25,0,31 29 30,1
7101,'20261002',511,,319610,37,,,1,1103,,319611,10,0,16 29 30,1,5,,319612,25,0,31 29 30,1,214,,319613,37,,,1,315,,319614,37,,,1,91,,319616,10,0,16 29 30,1,96,,319615,37,,,1,205,,319617,25,0,31 29 30,1
7101,'20261003',640,,319618,37,,,1,88,,319619,10,0,16 29 30,1,5,,319620,25,0,31 29 30,1,95,,319621,10,0,16 29 30,1,5,,319622,37,,,1,100,,319624,10,0,16 29 30,1,70,,319625,10,0,16 29 30,1,27,,319627,10,0,16 29 30,1,75,,319628,10,0,16 29 30,1,25,,319630,10,0,16 29 30,1,70,,319631,10,0,16 29 30,1,30,,319633,37,,,1,70,,319634,10,0,16 29 30,1,30,,319636,10,0,16 29 30,1,70,,319637,10,0,16 29 30,1,30,,319639,37,,,1,200,,319641,37,,,1,198,,319642,10,0,16 29 30,1,5,,319643,37,,,1,200,,319644,37,,,1,196,,319645,37,,,1,111,,319646,25,0,31 29 30,1,200,,319647,25,0,31 29 30,1
7101,'20261004',640,,319648,37,,,1,88,,319649,10,0,16 29 30,1,5,,319650,25,0,31 29 30,1,95,,319651,10,0,16 29 30,1,5,,319652,37,,,1,100,,319654,10,0,16 29 30,1,70,,319655,10,0,16 29 30,1,27,,319657,10,0,16 29 30,1,75,,319658,10,0,16 29 30,1,25,,319660,10,0,16 29 30,1,70,,319661,10,0,16 29 30,1,30,,319663,37,,,1,70,,319664,10,0,16 29 30,1,30,,319666,10,0,16 29 30,1,70,,319667,10,0,16 29 30,1,30,,319669,37,,,1,200,,319671,37,,,1,198,,319672,10,0,16 29 30,1,5,,319673,37,,,1,200,,319674,37,,,1,196,,319675,37,,,1,111,,319676,25,0,31 29 30,1,200,,319677,25,0,31 29 30,1
7101,'20261005',511,,319678,37,,,1,1103,,319679,10,0,16 29 30,1,5,,319680,25,0,31 29 30,1,214,,319681,37,,,1,315,,319682,37,,,1,91,,319684,10,0,16 29 30,1,96,,319683,37,,,1,205,,319685,25,0,31 29 30,1
7101,'20261006',511,,319686,37,,,1,1103,,319687,10,0,16 29 30,1,5,,319688,25,0,31 29 30,1,214,,319689,37,,,1,315,,319690,37,,,1,91,,319692,10,0,16 29 30,1,96,,319691,37,,,1,205,,319693,25,0,31 29 30,1
7101,'20261007',511,,319694,37,,,1,1103,,319695,10,0,16 29 30,1,5,,319696,25,0,31 29 30,1,214,,319697,37,,,1,315,,319698,37,,,1,91,,319700,10,0,16 29 30,1,96,,319699,37,,,1,205,,319701,25,0,31 29 30,1
7101,'20261008',511,,319702,37,,,1,1103,,319703,10,0,16 29 30,1,5,,319704,25,0,31 29 30,1,214,,319705,37,,,1,315,,319706,37,,,1,91,,319708,10,0,16 29 30,1,96,,319707,37,,,1,205,,319709,25,0,31 29 30,1
7101,'20261009',511,,319710,37,,,1,1103,,319711,10,0,16 29 30,1,5,,319712,25,0,31 29 30,1,214,,319713,37,,,1,315,,319714,37,,,1,91,,319716,10,0,16 29 30,1,96,,319715,37,,,1,205,,319717,25,0,31 29 30,1
7101,'20261010',640,,319718,37,,,1,88,,319719,10,0,16 29 30,1,5,,319720,25,0,31 29 30,1,95,,319721,10,0,16 29 30,1,5,,319722,37,,,1,100,,319724,10,0,16 29 30,1,70,,319725,10,0,16 29 30,1,27,,319727,10,0,16 29 30,1,75,,319728,10,0,16 29 30,1,25,,319730,10,0,16 29 30,1,70,,319731,10,0,16 29 30,1,30,,319733,37,,,1,70,,319734,10,0,16 29 30,1,30,,319736,10,0,16 29 30,1,70,,319737,10,0,16 29 30,1,30,,319739,37,,,1,200,,319741,37,,,1,198,,319742,10,0,16 29 30,1,5,,319743,37,,,1,200,,319744,37,,,1,196,,319745,37,,,1,111,,319746,25,0,31 29 30,1,200,,319747,25,0,31 29 30,1
7101,'20261011',640,,319748,37,,,1,88,,319749,10,0,16 29 30,1,5,,319750,25,0,31 29 30,1,95,,319751,10,0,16 29 30,1,5,,319752,37,,,1,100,,319754,10,0,16 29 30,1,70,,319755,10,0,16 29 30,1,27,,319757,10,0,16 29 30,1,75,,319758,10,0,16 29 30,1,25,,319760,10,0,16 29 30,1,70,,319761,10,0,16 29 30,1,30,,319763,37,,,1,70,,319764,10,0,16 29 30,1,30,,319766,10,0,16 29 30,1,70,,319767,10,0,16 29 30,1,30,,319769,37,,,1,200,,319771,37,,,1,198,,319772,10,0,16 29 30,1,5,,319773,37,,,1,200,,319774,37,,,1,196,,319775,37,,,1,111,,319776,25,0,31 29 30,1,200,,319777,25,0,31 29 30,1
7101,'20261012',640,,319778,37,,,1,88,,319779,10,0,16 29 30,1,5,,319780,25,0,31 29 30,1,95,,319781,10,0,16 29 30,1,5,,319782,37,,,1,100,,319784,10,0,16 29 30,1,70,,319785,10,0,16 29 30,1,27,,319787,10,0,16 29 30,1,75,,319788,10,0,16 29 30,1,25,,319790,10,0,16 29 30,1,70,,319791,10,0,16 29 30,1,30,,319793,37,,,1,70,,319794,10,0,16 29 30,1,30,,319796,10,0,16 29 30,1,70,,319797,10,0,16 29 30,1,30,,319799,37,,,1,200,,319801,37,,,1,198,,319802,10,0,16 29 30,1,5,,319803,37,,,1,200,,319804,37,,,1,196,,319805,37,,,1,111,,319806,25,0,31 29 30,1,200,,319807,25,0,31 29 30,1
7101,'20261013',511,,319808,37,,,1,1103,,319809,10,0,16 29 30,1,5,,319810,25,0,31 29 30,1,214,,319811,37,,,1,315,,319812,37,,,1,91,,319814,10,0,16 29 30,1,96,,319813,37,,,1,205,,319815,25,0,31 29 30,1
7101,'20261014',511,,319816,37,,,1,1103,,319817,10,0,16 29 30,1,5,,319818,25,0,31 29 30,1,214,,319819,37,,,1,315,,319820,37,,,1,91,,319822,10,0,16 29 30,1,96,,319821,37,,,1,205,,319823,25,0,31 29 30,1
7101,'20261015',511,,319824,37,,,1,1103,,319825,10,0,16 29 30,1,5,,319826,25,0,31 29 30,1,214,,319827,37,,,1,315,,319828,37,,,1,91,,319830,10,0,16 29 30,1,96,,319829,37,,,1,205,,319831,25,0,31 29 30,1
7101,'20261016',511,,319832,37,,,1,1103,,319833,10,0,16 29 30,1,5,,319834,25,0,31 29 30,1,214,,319835,37,,,1,315,,319836,37,,,1,91,,319838,10,0,16 29 30,1,96,,319837,37,,,1,205,,319839,25,0,31 29 30,1
7101,'20261017',640,,319840,37,,,1,88,,319841,10,0,16 29 30,1,5,,319842,25,0,31 29 30,1,95,,319843,10,0,16 29 30,1,5,,319844,37,,,1,100,,319846,10,0,16 29 30,1,70,,319847,10,0,16 29 30,1,27,,319849,10,0,16 29 30,1,75,,319850,10,0,16 29 30,1,25,,319852,10,0,16 29 30,1,70,,319853,10,0,16 29 30,1,30,,319855,37,,,1,70,,319856,10,0,16 29 30,1,30,,319858,10,0,16 29 30,1,70,,319859,10,0,16 29 30,1,30,,319861,37,,,1,200,,319863,37,,,1,198,,319864,10,0,16 29 30,1,5,,319865,37,,,1,200,,319866,37,,,1,196,,319867,37,,,1,111,,319868,25,0,31 29 30,1,200,,319869,25,0,31 29 30,1
7101,'20261018',640,,319870,37,,,1,88,,319871,10,0,16 29 30,1,5,,319872,25,0,31 29 30,1,95,,319873,10,0,16 29 30,1,5,,319874,37,,,1,100,,319876,10,0,16 29 30,1,70,,319877,10,0,16 29 30,1,27,,319879,10,0,16 29 30,1,75,,319880,10,0,16 29 30,1,25,,319882,10,0,16 29 30,1,70,,319883,10,0,16 29 30,1,30,,319885,37,,,1,70,,319886,10,0,16 29 30,1,30,,319888,10,0,16 29 30,1,70,,319889,10,0,16 29 30,1,30,,319891,37,,,1,200,,319893,37,,,1,198,,319894,10,0,16 29 30,1,5,,319895,37,,,1,200,,319896,37,,,1,196,,319897,37,,,1,111,,319898,25,0,31 29 30,1,200,,319899,25,0,31 29 30,1
7101,'20261019',511,,319900,37,,,1,1103,,319901,10,0,16 29 30,1,5,,319902,25,0,31 29 30,1,214,,319903,37,,,1,315,,319904,37,,,1,91,,319906,10,0,16 29 30,1,96,,319905,37,,,1,205,,319907,25,0,31 29 30,1
7101,'20261020',511,,319908,37,,,1,1103,,319909,10,0,16 29 30,1,5,,319910,25,0,31 29 30,1,214,,319911,37,,,1,315,,319912,37,,,1,91,,319914,10,0,16 29 30,1,96,,319913,37,,,1,205,,319915,25,0,31 29 30,1
7101,'20261021',511,,319916,37,,,1,1103,,319917,10,0,16 29 30,1,5,,319918,25,0,31 29 30,1,214,,319919,37,,,1,315,,319920,37,,,1,91,,319922,10,0,16 29 30,1,96,,319921,37,,,1,205,,319923,25,0,31 29 30,1
7101,'20261022',511,,319924,37,,,1,1103,,319925,10,0,16 29 30,1,5,,319926,25,0,31 29 30,1,214,,319927,37,,,1,315,,319928,37,,,1,91,,319930,10,0,16 29 30,1,96,,319929,37,,,1,205,,319931,25,0,31 29 30,1
7101,'20261023',511,,319932,37,,,1,1103,,319933,10,0,16 29 30,1,5,,319934,25,0,31 29 30,1,214,,319935,37,,,1,315,,319936,37,,,1,91,,319938,10,0,16 29 30,1,96,,319937,37,,,1,205,,319939,25,0,31 29 30,1
7101,'20261024',640,,319940,37,,,1,88,,319941,10,0,16 29 30,1,5,,319942,25,0,31 29 30,1,95,,319943,10,0,16 29 30,1,5,,319944,37,,,1,100,,319946,10,0,16 29 30,1,70,,319947,10,0,16 29 30,1,27,,319949,10,0,16 29 30,1,75,,319950,10,0,16 29 30,1,25,,319952,10,0,16 29 30,1,70,,319953,10,0,16 29 30,1,30,,319955,37,,,1,70,,319956,10,0,16 29 30,1,30,,319958,10,0,16 29 30,1,70,,319959,10,0,16 29 30,1,30,,319961,37,,,1,200,,319963,37,,,1,198,,319964,10,0,16 29 30,1,5,,319965,37,,,1,200,,319966,37,,,1,196,,319967,37,,,1,111,,319968,25,0,31 29 30,1,200,,319969,25,0,31 29 30,1
7101,'20261025',640,,319970,37,,,1,88,,319971,10,0,16 29 30,1,5,,319972,25,0,31 29 30,1,95,,319973,10,0,16 29 30,1,5,,319974,37,,,1,100,,319976,10,0,16 29 30,1,70,,319977,10,0,16 29 30,1,27,,319979,10,0,16 29 30,1,75,,319980,10,0,16 29 30,1,25,,319982,10,0,16 29 30,1,70,,319983,10,0,16 29 30,1,30,,319985,37,,,1,70,,319986,10,0,16 29 30,1,30,,319988,10,0,16 29 30,1,70,,319989,10,0,16 29 30,1,30,,319991,37,,,1,200,,319993,37,,,1,198,,319994,10,0,16 29 30,1,5,,319995,37,,,1,200,,319996,37,,,1,196,,319997,37,,,1,111,,319998,25,0,31 29 30,1,200,,319999,25,0,31 29 30,1
7101,'20261026',511,,320000,37,,,1,1103,,320001,10,0,16 29 30,1,5,,320002,25,0,31 29 30,1,214,,320003,37,,,1,315,,320004,37,,,1,91,,320006,10,0,16 29 30,1,96,,320005,37,,,1,205,,320007,25,0,31 29 30,1
7101,'20261027',511,,320008,37,,,1,1103,,320009,10,0,16 29 30,1,5,,320010,25,0,31 29 30,1,214,,320011,37,,,1,315,,320012,37,,,1,91,,320014,10,0,16 29 30,1,96,,320013,37,,,1,205,,320015,25,0,31 29 30,1
7101,'20261028',511,,320016,37,,,1,1103,,320017,10,0,16 29 30,1,5,,320018,25,0,31 29 30,1,214,,320019,37,,,1,315,,320020,37,,,1,91,,320022,10,0,16 29 30,1,96,,320021,37,,,1,205,,320023,25,0,31 29 30,1
7101,'20261029',511,,320024,37,,,1,1103,,320025,10,0,16 29 30,1,5,,320026,25,0,31 29 30,1,214,,320027,37,,,1,315,,320028,37,,,1,91,,320030,10,0,16 29 30,1,96,,320029,37,,,1,205,,320031,25,0,31 29 30,1
7101,'20261030',511,,320032,37,,,1,1103,,320033,10,0,16 29 30,1,5,,320034,25,0,31 29 30,1,214,,320035,37,,,1,315,,320036,37,,,1,91,,320038,10,0,16 29 30,1,96,,320037,37,,,1,205,,320039,25,0,31 29 30,1
7101,'20261031',640,,320040,37,,,1,88,,320041,10,0,16 29 30,1,5,,320042,25,0,31 29 30,1,95,,320043,10,0,16 29 30,1,5,,320044,37,,,1,100,,320046,10,0,16 29 30,1,70,,320047,10,0,16 29 30,1,27,,320049,10,0,16 29 30,1,75,,320050,10,0,16 29 30,1,25,,320052,10,0,16 29 30,1,70,,320053,10,0,16 29 30,1,30,,320055,37,,,1,70,,320056,10,0,16 29 30,1,30,,320058,10,0,16 29 30,1,70,,320059,10,0,16 29 30,1,30,,320061,37,,,1,200,,320063,37,,,1,198,,320064,10,0,16 29 30,1,5,,320065,37,,,1,200,,320066,37,,,1,196,,320067,37,,,1,111,,320068,25,0,31 29 30,1,200,,320069,25,0,31 29 30,1
7101,'20261101',640,,320070,37,,,1,88,,320071,10,0,16 29 30,1,5,,320072,25,0,31 29 30,1,95,,320073,10,0,16 29 30,1,5,,320074,37,,,1,100,,320076,10,0,16 29 30,1,70,,320077,10,0,16 29 30,1,27,,320079,10,0,16 29 30,1,75,,320080,10,0,16 29 30,1,25,,320082,10,0,16 29 30,1,70,,320083,10,0,16 29 30,1,30,,320085,37,,,1,70,,320086,10,0,16 29 30,1,30,,320088,10,0,16 29 30,1,70,,320089,10,0,16 29 30,1,30,,320091,37,,,1,200,,320093,37,,,1,198,,320094,10,0,16 29 30,1,5,,320095,37,,,1,200,,320096,37,,,1,196,,320097,37,,,1,111,,320098,25,0,31 29 30,1,200,,320099,25,0,31 29 30,1
7101,'20261102',511,,320100,37,,,1,1103,,320101,10,0,16 29 30,1,5,,320102,25,0,31 29 30,1,214,,320103,37,,,1,315,,320104,37,,,1,91,,320106,10,0,16 29 30,1,96,,320105,37,,,1,205,,320107,25,0,31 29 30,1
7101,'20261103',511,,320108,37,,,1,1103,,320109,10,0,16 29 30,1,5,,320110,25,0,31 29 30,1,214,,320111,37,,,1,315,,320112,37,,,1,91,,320114,10,0,16 29 30,1,96,,320113,37,,,1,205,,320115,25,0,31 29 30,1
7101,'20261104',511,,320116,37,,,1,1103,,320117,10,0,16 29 30,1,5,,320118,25,0,31 29 30,1,214,,320119,37,,,1,315,,320120,37,,,1,91,,320122,10,0,16 29 30,1,96,,320121,37,,,1,205,,320123,25,0,31 29 30,1
7101,'20261105',511,,320124,37,,,1,1103,,320125,10,0,16 29 30,1,5,,320126,25,0,31 29 30,1,214,,320127,37,,,1,315,,320128,37,,,1,91,,320130,10,0,16 29 30,1,96,,320129,37,,,1,205,,320131,25,0,31 29 30,1
7101,'20261106',511,,320132,37,,,1,1103,,320133,10,0,16 29 30,1,5,,320134,25,0,31 29 30,1,214,,320135,37,,,1,315,,320136,37,,,1,91,,320138,10,0,16 29 30,1,96,,320137,37,,,1,205,,320139,25,0,31 29 30,1
7101,'20261107',640,,320140,37,,,1,88,,320141,10,0,16 29 30,1,5,,320142,25,0,31 29 30,1,95,,320143,10,0,16 29 30,1,5,,320144,37,,,1,100,,320146,10,0,16 29 30,1,70,,320147,10,0,16 29 30,1,27,,320149,10,0,16 29 30,1,75,,320150,10,0,16 29 30,1,25,,320152,10,0,16 29 30,1,70,,320153,10,0,16 29 30,1,30,,320155,37,,,1,70,,320156,10,0,16 29 30,1,30,,320158,10,0,16 29 30,1,70,,320159,10,0,16 29 30,1,30,,320161,37,,,1,200,,320163,37,,,1,198,,320164,10,0,16 29 30,1,5,,320165,37,,,1,200,,320166,37,,,1,196,,320167,37,,,1,111,,320168,25,0,31 29 30,1,200,,320169,25,0,31 29 30,1
7101,'20261108',640,,320170,37,,,1,88,,320171,10,0,16 29 30,1,5,,320172,25,0,31 29 30,1,95,,320173,10,0,16 29 30,1,5,,320174,37,,,1,100,,320176,10,0,16 29 30,1,70,,320177,10,0,16 29 30,1,27,,320179,10,0,16 29 30,1,75,,320180,10,0,16 29 30,1,25,,320182,10,0,16 29 30,1,70,,320183,10,0,16 29 30,1,30,,320185,37,,,1,70,,320186,10,0,16 29 30,1,30,,320188,10,0,16 29 30,1,70,,320189,10,0,16 29 30,1,30,,320191,37,,,1,200,,320193,37,,,1,198,,320194,10,0,16 29 30,1,5,,320195,37,,,1,200,,320196,37,,,1,196,,320197,37,,,1,111,,320198,25,0,31 29 30,1,200,,320199,25,0,31 29 30,1
7101,'20261109',511,,320200,37,,,1,1103,,320201,10,0,16 29 30,1,5,,320202,25,0,31 29 30,1,214,,320203,37,,,1,315,,320204,37,,,1,91,,320206,10,0,16 29 30,1,96,,320205,37,,,1,205,,320207,25,0,31 29 30,1
7101,'20261110',511,,320208,37,,,1,1103,,320209,10,0,16 29 30,1,5,,320210,25,0,31 29 30,1,214,,320211,37,,,1,315,,320212,37,,,1,91,,320214,10,0,16 29 30,1,96,,320213,37,,,1,205,,320215,25,0,31 29 30,1
7101,'20261111',511,,320216,37,,,1,1103,,320217,10,0,16 29 30,1,5,,320218,25,0,31 29 30,1,214,,320219,37,,,1,315,,320220,37,,,1,91,,320222,10,0,16 29 30,1,96,,320221,37,,,1,205,,320223,25,0,31 29 30,1
7101,'20261112',511,,320224,37,,,1,1103,,320225,10,0,16 29 30,1,5,,320226,25,0,31 29 30,1,214,,320227,37,,,1,315,,320228,37,,,1,91,,320230,10,0,16 29 30,1,96,,320229,37,,,1,205,,320231,25,0,31 29 30,1
7101,'20261113',511,,320232,37,,,1,1103,,320233,10,0,16 29 30,1,5,,320234,25,0,31 29 30,1,214,,320235,37,,,1,315,,320236,37,,,1,91,,320238,10,0,16 29 30,1,96,,320237,37,,,1,205,,320239,25,0,31 29 30,1
7101,'20261114',640,,320240,37,,,1,88,,320241,10,0,16 29 30,1,5,,320242,25,0,31 29 30,1,95,,320243,10,0,16 29 30,1,5,,320244,37,,,1,100,,320246,10,0,16 29 30,1,70,,320247,10,0,16 29 30,1,27,,320249,10,0,16 29 30,1,75,,320250,10,0,16 29 30,1,25,,320252,10,0,16 29 30,1,70,,320253,10,0,16 29 30,1,30,,320255,37,,,1,70,,320256,10,0,16 29 30,1,30,,320258,10,0,16 29 30,1,70,,320259,10,0,16 29 30,1,30,,320261,37,,,1,200,,320263,37,,,1,198,,320264,10,0,16 29 30,1,5,,320265,37,,,1,200,,320266,37,,,1,196,,320267,37,,,1,111,,320268,25,0,31 29 30,1,200,,320269,25,0,31 29 30,1
7101,'20261115',640,,320270,37,,,1,88,,320271,10,0,16 29 30,1,5,,320272,25,0,31 29 30,1,95,,320273,10,0,16 29 30,1,5,,320274,37,,,1,100,,320276,10,0,16 29 30,1,70,,320277,10,0,16 29 30,1,27,,320279,10,0,16 29 30,1,75,,320280,10,0,16 29 30,1,25,,320282,10,0,16 29 30,1,70,,320283,10,0,16 29 30,1,30,,320285,37,,,1,70,,320286,10,0,16 29 30,1,30,,320288,10,0,16 29 30,1,70,,320289,10,0,16 29 30,1,30,,320291,37,,,1,200,,320293,37,,,1,198,,320294,10,0,16 29 30,1,5,,320295,37,,,1,200,,320296,37,,,1,196,,320297,37,,,1,111,,320298,25,0,31 29 30,1,200,,320299,25,0,31 29 30,1
7101,'20261116',511,,320300,37,,,1,1103,,320301,10,0,16 29 30,1,5,,320302,25,0,31 29 30,1,214,,320303,37,,,1,315,,320304,37,,,1,91,,320306,10,0,16 29 30,1,96,,320305,37,,,1,205,,320307,25,0,31 29 30,1
7101,'20261117',511,,320308,37,,,1,1103,,320309,10,0,16 29 30,1,5,,320310,25,0,31 29 30,1,214,,320311,37,,,1,315,,320312,37,,,1,91,,320314,10,0,16 29 30,1,96,,320313,37,,,1,205,,320315,25,0,31 29 30,1
7101,'20261118',511,,320316,37,,,1,1103,,320317,10,0,16 29 30,1,5,,320318,25,0,31 29 30,1,214,,320319,37,,,1,315,,320320,37,,,1,91,,320322,10,0,16 29 30,1,96,,320321,37,,,1,205,,320323,25,0,31 29 30,1
7101,'20261119',511,,320324,37,,,1,1103,,320325,10,0,16 29 30,1,5,,320326,25,0,31 29 30,1,214,,320327,37,,,1,315,,320328,37,,,1,91,,320330,10,0,16 29 30,1,96,,320329,37,,,1,205,,320331,25,0,31 29 30,1
7101,'20261120',511,,320332,37,,,1,1103,,320333,10,0,16 29 30,1,5,,320334,25,0,31 29 30,1,214,,320335,37,,,1,315,,320336,37,,,1,91,,320338,10,0,16 29 30,1,96,,320337,37,,,1,205,,320339,25,0,31 29 30,1
7101,'20261121',640,,320340,37,,,1,88,,320341,10,0,16 29 30,1,5,,320342,25,0,31 29 30,1,95,,320343,10,0,16 29 30,1,5,,320344,37,,,1,100,,320346,10,0,16 29 30,1,70,,320347,10,0,16 29 30,1,27,,320349,10,0,16 29 30,1,75,,320350,10,0,16 29 30,1,25,,320352,10,0,16 29 30,1,70,,320353,10,0,16 29 30,1,30,,320355,37,,,1,70,,320356,10,0,16 29 30,1,30,,320358,10,0,16 29 30,1,70,,320359,10,0,16 29 30,1,30,,320361,37,,,1,200,,320363,37,,,1,198,,320364,10,0,16 29 30,1,5,,320365,37,,,1,200,,320366,37,,,1,196,,320367,37,,,1,111,,320368,25,0,31 29 30,1,200,,320369,25,0,31 29 30,1
7101,'20261122',640,,320370,37,,,1,88,,320371,10,0,16 29 30,1,5,,320372,25,0,31 29 30,1,95,,320373,10,0,16 29 30,1,5,,320374,37,,,1,100,,320376,10,0,16 29 30,1,70,,320377,10,0,16 29 30,1,27,,320379,10,0,16 29 30,1,75,,320380,10,0,16 29 30,1,25,,320382,10,0,16 29 30,1,70,,320383,10,0,16 29 30,1,30,,320385,37,,,1,70,,320386,10,0,16 29 30,1,30,,320388,10,0,16 29 30,1,70,,320389,10,0,16 29 30,1,30,,320391,37,,,1,200,,320393,37,,,1,198,,320394,10,0,16 29 30,1,5,,320395,37,,,1,200,,320396,37,,,1,196,,320397,37,,,1,111,,320398,25,0,31 29 30,1,200,,320399,25,0,31 29 30,1
7101,'20261123',511,,320400,37,,,1,1103,,320401,10,0,16 29 30,1,5,,320402,25,0,31 29 30,1,214,,320403,37,,,1,315,,320404,37,,,1,91,,320406,10,0,16 29 30,1,96,,320405,37,,,1,205,,320407,25,0,31 29 30,1
7101,'20261124',511,,320408,37,,,1,1103,,320409,10,0,16 29 30,1,5,,320410,25,0,31 29 30,1,214,,320411,37,,,1,315,,320412,37,,,1,91,,320414,10,0,16 29 30,1,96,,320413,37,,,1,205,,320415,25,0,31 29 30,1
7101,'20261125',511,,320416,37,,,1,1103,,320417,10,0,16 29 30,1,5,,320418,25,0,31 29 30,1,214,,320419,37,,,1,315,,320420,37,,,1,91,,320422,10,0,16 29 30,1,96,,320421,37,,,1,205,,320423,25,0,31 29 30,1
7101,'20261126',511,,320424,37,,,1,1103,,320425,10,0,16 29 30,1,5,,320426,25,0,31 29 30,1,214,,320427,37,,,1,315,,320428,37,,,1,91,,320430,10,0,16 29 30,1,96,,320429,37,,,1,205,,320431,25,0,31 29 30,1
7101,'20261127',511,,320432,37,,,1,1103,,320433,10,0,16 29 30,1,5,,320434,25,0,31 29 30,1,214,,320435,37,,,1,315,,320436,37,,,1,91,,320438,10,0,16 29 30,1,96,,320437,37,,,1,205,,320439,25,0,31 29 30,1
