6101,'20260917',524,,312501,8,,,1,411,,312502,8,,,1,102,,312503,8,,,1,100,,312504,8,,,1,100,,312505,8,,,1,100,,312506,8,,,1
6101,'20260918',524,,312507,8,,,1,411,,312508,8,,,1,102,,312509,8,,,1,100,,312510,8,,,1,100,,312511,8,,,1,100,,312512,8,,,1
6101,'20260921',524,,312513,8,,,1,411,,312514,8,,,1,102,,312515,8,,,1,100,,312516,8,,,1,100,,312517,8,,,1,100,,312518,8,,,1
6101,'20260922',524,,312519,8,,,1,411,,312520,8,,,1,102,,312521,8,,,1,100,,312522,8,,,1,100,,312523,8,,,1,100,,312524,8,,,1
6101,'20260923',524,,312525,8,,,1,411,,312526,8,,,1,102,,312527,8,,,1,100,,312528,8,,,1,100,,312529,8,,,1,100,,312530,8,,,1
6101,'20260924',524,,312531,8,,,1,411,,312532,8,,,1,102,,312533,8,,,1,100,,312534,8,,,1,100,,312535,8,,,1,100,,312536,8,,,1
6101,'20260925',524,,312537,8,,,1,411,,312538,8,,,1,102,,312539,8,,,1,100,,312540,8,,,1,100,,312541,8,,,1,100,,312542,8,,,1
6101,'20260928',524,,312543,8,,,1,411,,312544,8,,,1,102,,312545,8,,,1,100,,312546,8,,,1,100,,312547,8,,,1,100,,312548,8,,,1
6101,'20260929',524,,312549,8,,,1,411,,312550,8,,,1,102,,312551,8,,,1,100,,312552,8,,,1,100,,312553,8,,,1,100,,312554,8,,,1
6101,'20260930',524,,312555,8,,,1,411,,312556,8,,,1,102,,312557,8,,,1,100,,312558,8,,,1,100,,312559,8,,,1,100,,312560,8,,,1
6101,'20261001',524,,312561,8,,,1,411,,312562,8,,,1,102,,312563,8,,,1,100,,312564,8,,,1,100,,312565,8,,,1,100,,312566,8,,,1
6101,'20261002',524,,312567,8,,,1,411,,312568,8,,,1,102,,312569,8,,,1,100,,312570,8,,,1,100,,312571,8,,,1,100,,312572,8,,,1
6101,'20261005',524,,312573,8,,,1,411,,312574,8,,,1,102,,312575,8,,,1,100,,312576,8,,,1,100,,312577,8,,,1,100,,312578,8,,,1
6101,'20261006',524,,312579,8,,,1,411,,312580,8,,,1,102,,312581,8,,,1,100,,312582,8,,,1,100,,312583,8,,,1,100,,312584,8,,,1
6101,'20261007',524,,312585,8,,,1,411,,312586,8,,,1,102,,312587,8,,,1,100,,312588,8,,,1,100,,312589,8,,,1,100,,312590,8,,,1
6101,'20261008',524,,312591,8,,,1,411,,312592,8,,,1,102,,312593,8,,,1,100,,312594,8,,,1,100,,312595,8,,,1,100,,312596,8,,,1
6101,'20261009',524,,312597,8,,,1,411,,312598,8,,,1,102,,312599,8,,,1,100,,312600,8,,,1,100,,312601,8,,,1,100,,312602,8,,,1
6101,'20261013',524,,312603,8,,,1,411,,312604,8,,,1,102,,312605,8,,,1,100,,312606,8,,,1,100,,312607,8,,,1,100,,312608,8,,,1
6101,'20261014',524,,312609,8,,,1,411,,312610,8,,,1,102,,312611,8,,,1,100,,312612,8,,,1,100,,312613,8,,,1,100,,312614,8,,,1
6101,'20261015',524,,312615,8,,,1,411,,312616,8,,,1,102,,312617,8,,,1,100,,312618,8,,,1,100,,312619,8,,,1,100,,312620,8,,,1
6101,'20261016',524,,312621,8,,,1,411,,312622,8,,,1,102,,312623,8,,,1,100,,312624,8,,,1,100,,312625,8,,,1,100,,312626,8,,,1
6101,'20261019',524,,312627,8,,,1,411,,312628,8,,,1,102,,312629,8,,,1,100,,312630,8,,,1,100,,312631,8,,,1,100,,312632,8,,,1
6101,'20261020',524,,312633,8,,,1,411,,312634,8,,,1,102,,312635,8,,,1,100,,312636,8,,,1,100,,312637,8,,,1,100,,312638,8,,,1
6101,'20261021',524,,312639,8,,,1,411,,312640,8,,,1,102,,312641,8,,,1,100,,312642,8,,,1,100,,312643,8,,,1,100,,312644,8,,,1
6101,'20261022',524,,312645,8,,,1,411,,312646,8,,,1,102,,312647,8,,,1,100,,312648,8,,,1,100,,312649,8,,,1,100,,312650,8,,,1
6101,'20261023',524,,312651,8,,,1,411,,312652,8,,,1,102,,312653,8,,,1,100,,312654,8,,,1,100,,312655,8,,,1,100,,312656,8,,,1
6101,'20261026',524,,312657,8,,,1,411,,312658,8,,,1,102,,312659,8,,,1,100,,312660,8,,,1,100,,312661,8,,,1,100,,312662,8,,,1
6101,'20261027',524,,312663,8,,,1,411,,312664,8,,,1,102,,312665,8,,,1,100,,312666,8,,,1,100,,312667,8,,,1,100,,312668,8,,,1
6101,'20261028',524,,312669,8,,,1,411,,312670,8,,,1,102,,312671,8,,,1,100,,312672,8,,,1,100,,312673,8,,,1,100,,312674,8,,,1
6101,'20261029',524,,312675,8,,,1,411,,312676,8,,,1,102,,312677,8,,,1,100,,312678,8,,,1,100,,312679,8,,,1,100,,312680,8,,,1
6101,'20261030',524,,312681,8,,,1,411,,312682,8,,,1,102,,312683,8,,,1,100,,312684,8,,,1,100,,312685,8,,,1,100,,312686,8,,,1
6101,'20261102',524,,312687,8,,,1,411,,312688,8,,,1,102,,312689,8,,,1,100,,312690,8,,,1,100,,312691,8,,,1,100,,312692,8,,,1
6101,'20261103',524,,312693,8,,,1,411,,312694,8,,,1,102,,312695,8,,,1,100,,312696,8,,,1,100,,312697,8,,,1,100,,312698,8,,,1
6101,'20261104',524,,312699,8,,,1,411,,312700,8,,,1,102,,312701,8,,,1,100,,312702,8,,,1,100,,312703,8,,,1,100,,312704,8,,,1
6101,'20261105',524,,312705,8,,,1,411,,312706,8,,,1,102,,312707,8,,,1,100,,312708,8,,,1,100,,312709,8,,,1,100,,312710,8,,,1
6101,'20261106',524,,312711,8,,,1,411,,312712,8,,,1,102,,312713,8,,,1,100,,312714,8,,,1,100,,312715,8,,,1,100,,312716,8,,,1
6101,'20261109',524,,312717,8,,,1,411,,312718,8,,,1,102,,312719,8,,,1,100,,312720,8,,,1,100,,312721,8,,,1,100,,312722,8,,,1
6101,'20261110',524,,312723,8,,,1,411,,312724,8,,,1,102,,312725,8,,,1,100,,312726,8,,,1,100,,312727,8,,,1,100,,312728,8,,,1
6101,'20261111',524,,312729,8,,,1,411,,312730,8,,,1,102,,312731,8,,,1,100,,312732,8,,,1,100,,312733,8,,,1,100,,312734,8,,,1
6101,'20261112',524,,312735,8,,,1,411,,312736,8,,,1,102,,312737,8,,,1,100,,312738,8,,,1,100,,312739,8,,,1,100,,312740,8,,,1
6101,'20261113',524,,312741,8,,,1,411,,312742,8,,,1,102,,312743,8,,,1,100,,312744,8,,,1,100,,312745,8,,,1,100,,312746,8,,,1
6101,'20261116',524,,312747,8,,,1,411,,312748,8,,,1,102,,312749,8,,,1,100,,312750,8,,,1,100,,312751,8,,,1,100,,312752,8,,,1
6101,'20261117',524,,312753,8,,,1,411,,312754,8,,,1,102,,312755,8,,,1,100,,312756,8,,,1,100,,312757,8,,,1,100,,312758,8,,,1
6101,'20261118',524,,312759,8,,,1,411,,312760,8,,,1,102,,312761,8,,,1,100,,312762,8,,,1,100,,312763,8,,,1,100,,312764,8,,,1
6101,'20261119',524,,312765,8,,,1,411,,312766,8,,,1,102,,312767,8,,,1,100,,312768,8,,,1,100,,312769,8,,,1,100,,312770,8,,,1
6101,'20261120',524,,312771,8,,,1,411,,312772,8,,,1,102,,312773,8,,,1,100,,312774,8,,,1,100,,312775,8,,,1,100,,312776,8,,,1
6101,'20261123',524,,312777,8,,,1,411,,312778,8,,,1,102,,312779,8,,,1,100,,312780,8,,,1,100,,312781,8,,,1,100,,312782,8,,,1
6101,'20261124',524,,312783,8,,,1,411,,312784,8,,,1,102,,312785,8,,,1,100,,312786,8,,,1,100,,312787,8,,,1,100,,312788,8,,,1
6101,'20261125',524,,312789,8,,,1,411,,312790,8,,,1,102,,312791,8,,,1,100,,312792,8,,,1,100,,312793,8,,,1,100,,312794,8,,,1
6101,'20261126',524,,312795,8,,,1,411,,312796,8,,,1,102,,312797,8,,,1,100,,312798,8,,,1,100,,312799,8,,,1,100,,312800,8,,,1
6101,'20261127',524,,312801,8,,,1,411,,312802,8,,,1,102,,312803,8,,,1,100,,312804,8,,,1,100,,312805,8,,,1,100,,312806,8,,,1
