6101,'20260910',520,,312471,4,,,1,410,,312472,4,,,1,103,,312473,4,,,1,100,,312474,4,,,1,100,,312475,4,,,1,100,,312476,4,,,1
6101,'20260911',520,,312477,4,,,1,410,,312478,4,,,1,103,,312479,4,,,1,100,,312480,4,,,1,100,,312481,4,,,1,100,,312482,4,,,1
6101,'20260914',520,,312483,4,,,1,410,,312484,4,,,1,103,,312485,4,,,1,100,,312486,4,,,1,100,,312487,4,,,1,100,,312488,4,,,1
6101,'20260915',520,,312489,4,,,1,410,,312490,4,,,1,103,,312491,4,,,1,100,,312492,4,,,1,100,,312493,4,,,1,100,,312494,4,,,1
6101,'20260916',520,,312495,4,,,1,410,,312496,4,,,1,103,,312497,4,,,1,100,,312498,4,,,1,100,,312499,4,,,1,100,,312500,4,,,1
6101,'20260917',520,,312501,4,,,1,410,,312502,4,,,1,103,,312503,4,,,1,100,,312504,4,,,1,100,,312505,4,,,1,100,,312506,4,,,1
6101,'20260918',520,,312507,4,,,1,410,,312508,4,,,1,103,,312509,4,,,1,100,,312510,4,,,1,100,,312511,4,,,1,100,,312512,4,,,1
6101,'20260921',520,,312513,4,,,1,410,,312514,4,,,1,103,,312515,4,,,1,100,,312516,4,,,1,100,,312517,4,,,1,100,,312518,4,,,1
6101,'20260922',520,,312519,4,,,1,410,,312520,4,,,1,103,,312521,4,,,1,100,,312522,4,,,1,100,,312523,4,,,1,100,,312524,4,,,1
6101,'20260923',520,,312525,4,,,1,410,,312526,4,,,1,103,,312527,4,,,1,100,,312528,4,,,1,100,,312529,4,,,1,100,,312530,4,,,1
6101,'20260924',520,,312531,4,,,1,410,,312532,4,,,1,103,,312533,4,,,1,100,,312534,4,,,1,100,,312535,4,,,1,100,,312536,4,,,1
6101,'20260925',520,,312537,4,,,1,410,,312538,4,,,1,103,,312539,4,,,1,100,,312540,4,,,1,100,,312541,4,,,1,100,,312542,4,,,1
6101,'20260928',520,,312543,4,,,1,410,,312544,4,,,1,103,,312545,4,,,1,100,,312546,4,,,1,100,,312547,4,,,1,100,,312548,4,,,1
6101,'20260929',520,,312549,4,,,1,410,,312550,4,,,1,103,,312551,4,,,1,100,,312552,4,,,1,100,,312553,4,,,1,100,,312554,4,,,1
6101,'20260930',520,,312555,4,,,1,410,,312556,4,,,1,103,,312557,4,,,1,100,,312558,4,,,1,100,,312559,4,,,1,100,,312560,4,,,1
6101,'20261001',520,,312561,4,,,1,410,,312562,4,,,1,103,,312563,4,,,1,100,,312564,4,,,1,100,,312565,4,,,1,100,,312566,4,,,1
6101,'20261002',520,,312567,4,,,1,410,,312568,4,,,1,103,,312569,4,,,1,100,,312570,4,,,1,100,,312571,4,,,1,100,,312572,4,,,1
6101,'20261005',520,,312573,4,,,1,410,,312574,4,,,1,103,,312575,4,,,1,100,,312576,4,,,1,100,,312577,4,,,1,100,,312578,4,,,1
6101,'20261006',520,,312579,4,,,1,410,,312580,4,,,1,103,,312581,4,,,1,100,,312582,4,,,1,100,,312583,4,,,1,100,,312584,4,,,1
6101,'20261007',520,,312585,4,,,1,410,,312586,4,,,1,103,,312587,4,,,1,100,,312588,4,,,1,100,,312589,4,,,1,100,,312590,4,,,1
6101,'20261008',520,,312591,4,,,1,410,,312592,4,,,1,103,,312593,4,,,1,100,,312594,4,,,1,100,,312595,4,,,1,100,,312596,4,,,1
6101,'20261009',520,,312597,4,,,1,410,,312598,4,,,1,103,,312599,4,,,1,100,,312600,4,,,1,100,,312601,4,,,1,100,,312602,4,,,1
6101,'20261013',520,,312603,4,,,1,410,,312604,4,,,1,103,,312605,4,,,1,100,,312606,4,,,1,100,,312607,4,,,1,100,,312608,4,,,1
6101,'20261014',520,,312609,4,,,1,410,,312610,4,,,1,103,,312611,4,,,1,100,,312612,4,,,1,100,,312613,4,,,1,100,,312614,4,,,1
6101,'20261015',520,,312615,4,,,1,410,,312616,4,,,1,103,,312617,4,,,1,100,,312618,4,,,1,100,,312619,4,,,1,100,,312620,4,,,1
6101,'20261016',520,,312621,4,,,1,410,,312622,4,,,1,103,,312623,4,,,1,100,,312624,4,,,1,100,,312625,4,,,1,100,,312626,4,,,1
6101,'20261019',520,,312627,4,,,1,410,,312628,4,,,1,103,,312629,4,,,1,100,,312630,4,,,1,100,,312631,4,,,1,100,,312632,4,,,1
6101,'20261020',520,,312633,4,,,1,410,,312634,4,,,1,103,,312635,4,,,1,100,,312636,4,,,1,100,,312637,4,,,1,100,,312638,4,,,1
6101,'20261021',520,,312639,4,,,1,410,,312640,4,,,1,103,,312641,4,,,1,100,,312642,4,,,1,100,,312643,4,,,1,100,,312644,4,,,1
6101,'20261022',520,,312645,4,,,1,410,,312646,4,,,1,103,,312647,4,,,1,100,,312648,4,,,1,100,,312649,4,,,1,100,,312650,4,,,1
6101,'20261023',520,,312651,4,,,1,410,,312652,4,,,1,103,,312653,4,,,1,100,,312654,4,,,1,100,,312655,4,,,1,100,,312656,4,,,1
6101,'20261026',520,,312657,4,,,1,410,,312658,4,,,1,103,,312659,4,,,1,100,,312660,4,,,1,100,,312661,4,,,1,100,,312662,4,,,1
6101,'20261027',520,,312663,4,,,1,410,,312664,4,,,1,103,,312665,4,,,1,100,,312666,4,,,1,100,,312667,4,,,1,100,,312668,4,,,1
6101,'20261028',520,,312669,4,,,1,410,,312670,4,,,1,103,,312671,4,,,1,100,,312672,4,,,1,100,,312673,4,,,1,100,,312674,4,,,1
6101,'20261029',520,,312675,4,,,1,410,,312676,4,,,1,103,,312677,4,,,1,100,,312678,4,,,1,100,,312679,4,,,1,100,,312680,4,,,1
6101,'20261030',520,,312681,4,,,1,410,,312682,4,,,1,103,,312683,4,,,1,100,,312684,4,,,1,100,,312685,4,,,1,100,,312686,4,,,1
6101,'20261102',520,,312687,4,,,1,410,,312688,4,,,1,103,,312689,4,,,1,100,,312690,4,,,1,100,,312691,4,,,1,100,,312692,4,,,1
6101,'20261103',520,,312693,4,,,1,410,,312694,4,,,1,103,,312695,4,,,1,100,,312696,4,,,1,100,,312697,4,,,1,100,,312698,4,,,1
6101,'20261104',520,,312699,4,,,1,410,,312700,4,,,1,103,,312701,4,,,1,100,,312702,4,,,1,100,,312703,4,,,1,100,,312704,4,,,1
6101,'20261105',520,,312705,4,,,1,410,,312706,4,,,1,103,,312707,4,,,1,100,,312708,4,,,1,100,,312709,4,,,1,100,,312710,4,,,1
6101,'20261106',520,,312711,4,,,1,410,,312712,4,,,1,103,,312713,4,,,1,100,,312714,4,,,1,100,,312715,4,,,1,100,,312716,4,,,1
6101,'20261109',520,,312717,4,,,1,410,,312718,4,,,1,103,,312719,4,,,1,100,,312720,4,,,1,100,,312721,4,,,1,100,,312722,4,,,1
6101,'20261110',520,,312723,4,,,1,410,,312724,4,,,1,103,,312725,4,,,1,100,,312726,4,,,1,100,,312727,4,,,1,100,,312728,4,,,1
6101,'20261111',520,,312729,4,,,1,410,,312730,4,,,1,103,,312731,4,,,1,100,,312732,4,,,1,100,,312733,4,,,1,100,,312734,4,,,1
6101,'20261112',520,,312735,4,,,1,410,,312736,4,,,1,103,,312737,4,,,1,100,,312738,4,,,1,100,,312739,4,,,1,100,,312740,4,,,1
6101,'20261113',520,,312741,4,,,1,410,,312742,4,,,1,103,,312743,4,,,1,100,,312744,4,,,1,100,,312745,4,,,1,100,,312746,4,,,1
6101,'20261116',520,,312747,4,,,1,410,,312748,4,,,1,103,,312749,4,,,1,100,,312750,4,,,1,100,,312751,4,,,1,100,,312752,4,,,1
6101,'20261117',520,,312753,4,,,1,410,,312754,4,,,1,103,,312755,4,,,1,100,,312756,4,,,1,100,,312757,4,,,1,100,,312758,4,,,1
6101,'20261118',520,,312759,4,,,1,410,,312760,4,,,1,103,,312761,4,,,1,100,,312762,4,,,1,100,,312763,4,,,1,100,,312764,4,,,1
6101,'20261119',520,,312765,4,,,1,410,,312766,4,,,1,103,,312767,4,,,1,100,,312768,4,,,1,100,,312769,4,,,1,100,,312770,4,,,1
6101,'20261120',520,,312771,4,,,1,410,,312772,4,,,1,103,,312773,4,,,1,100,,312774,4,,,1,100,,312775,4,,,1,100,,312776,4,,,1
6101,'20261123',520,,312777,4,,,1,410,,312778,4,,,1,103,,312779,4,,,1,100,,312780,4,,,1,100,,312781,4,,,1,100,,312782,4,,,1
6101,'20261124',520,,312783,4,,,1,410,,312784,4,,,1,103,,312785,4,,,1,100,,312786,4,,,1,100,,312787,4,,,1,100,,312788,4,,,1
6101,'20261125',520,,312789,4,,,1,410,,312790,4,,,1,103,,312791,4,,,1,100,,312792,4,,,1,100,,312793,4,,,1,100,,312794,4,,,1
6101,'20261126',520,,312795,4,,,1,410,,312796,4,,,1,103,,312797,4,,,1,100,,312798,4,,,1,100,,312799,4,,,1,100,,312800,4,,,1
6101,'20261127',520,,312801,4,,,1,410,,312802,4,,,1,103,,312803,4,,,1,100,,312804,4,,,1,100,,312805,4,,,1,100,,312806,4,,,1
