3801,'20260910',539,,279805,18,,,1,100,,279806,18,,,1
3801,'20260911',539,,279807,18,,,1,100,,279808,18,,,1
3801,'20260914',539,,279809,18,,,1,100,,279810,18,,,1
3801,'20260915',539,,279811,18,,,1,100,,279812,18,,,1
3801,'20260916',539,,279813,18,,,1,100,,279814,18,,,1
3801,'20260917',539,,279815,18,,,1,100,,279816,18,,,1
3801,'20260918',539,,279817,18,,,1,100,,279818,18,,,1
3801,'20260921',539,,279819,18,,,1,100,,279820,18,,,1
3801,'20260922',539,,279821,18,,,1,100,,279822,18,,,1
3801,'20260923',539,,279823,18,,,1,100,,279824,18,,,1
3801,'20260924',539,,279825,18,,,1,100,,279826,18,,,1
3801,'20260925',539,,279827,18,,,1,100,,279828,18,,,1
3801,'20260928',539,,279829,18,,,1,100,,279830,18,,,1
3801,'20260929',539,,279831,18,,,1,100,,279832,18,,,1
3801,'20260930',539,,279833,18,,,1,100,,279834,18,,,1
3801,'20261001',539,,279835,18,,,1,100,,279836,18,,,1
3801,'20261002',539,,279837,18,,,1,100,,279838,18,,,1
3801,'20261005',539,,279839,18,,,1,100,,279840,18,,,1
3801,'20261006',539,,279841,18,,,1,100,,279842,18,,,1
3801,'20261007',539,,279843,18,,,1,100,,279844,18,,,1
3801,'20261008',539,,279845,18,,,1,100,,279846,18,,,1
3801,'20261009',539,,279847,18,,,1,100,,279848,18,,,1
3801,'20261013',539,,279849,18,,,1,100,,279850,18,,,1
3801,'20261014',539,,279851,18,,,1,100,,279852,18,,,1
3801,'20261015',539,,279853,18,,,1,100,,279854,18,,,1
3801,'20261016',539,,279855,18,,,1,100,,279856,18,,,1
3801,'20261019',539,,279857,18,,,1,100,,279858,18,,,1
3801,'20261020',539,,279859,18,,,1,100,,279860,18,,,1
3801,'20261021',539,,279861,18,,,1,100,,279862,18,,,1
3801,'20261022',539,,279863,18,,,1,100,,279864,18,,,1
3801,'20261023',539,,279865,18,,,1,100,,279866,18,,,1
3801,'20261026',539,,279867,18,,,1,100,,279868,18,,,1
3801,'20261027',539,,279869,18,,,1,100,,279870,18,,,1
3801,'20261028',539,,279871,18,,,1,100,,279872,18,,,1
3801,'20261029',539,,279873,18,,,1,100,,279874,18,,,1
3801,'20261030',539,,279875,18,,,1,100,,279876,18,,,1
3801,'20261102',539,,279877,18,,,1,100,,279878,18,,,1
3801,'20261103',539,,279879,18,,,1,100,,279880,18,,,1
3801,'20261104',539,,279881,18,,,1,100,,279882,18,,,1
3801,'20261105',539,,279883,18,,,1,100,,279884,18,,,1
3801,'20261106',539,,279885,18,,,1,100,,279886,18,,,1
3801,'20261109',539,,279887,18,,,1,100,,279888,18,,,1
3801,'20261110',539,,279889,18,,,1,100,,279890,18,,,1
3801,'20261111',539,,279891,18,,,1,100,,279892,18,,,1
3801,'20261112',539,,279893,18,,,1,100,,279894,18,,,1
3801,'20261113',539,,279895,18,,,1,100,,279896,18,,,1
3801,'20261116',539,,279897,18,,,1,100,,279898,18,,,1
3801,'20261117',539,,279899,18,,,1,100,,279900,18,,,1
3801,'20261118',539,,279901,18,,,1,100,,279902,18,,,1
3801,'20261119',539,,279903,18,,,1,100,,279904,18,,,1
3801,'20261120',539,,279905,18,,,1,100,,279906,18,,,1
3801,'20261123',539,,279907,18,,,1,100,,279908,18,,,1
3801,'20261124',539,,279909,18,,,1,100,,279910,18,,,1
3801,'20261125',539,,279911,18,,,1,100,,279912,18,,,1
3801,'20261126',539,,279913,18,,,1,100,,279914,18,,,1
3801,'20261127',539,,279915,18,,,1,100,,279916,18,,,1
