3200,'20260910',618,,268487,10,,,1,15,,268488,10,,,1,20,,268489,10,,,1,55,,268490,10,,,1,15,,268491,10,,,1,10,,268492,10,,,1,5,,268493,12,0,5 6,1,5,,268494,10,,,1,10,,268495,10,,,1,50,,268496,10,,,1,10,,268497,12,0,5 6,1,14,,268498,10,,,1,15,,268499,10,,,1,10,,268500,10,,,1,60,,268501,10,,,1,25,,268502,10,,,1,76,,268503,10,,,1,100,,268504,10,,,1,100,,268505,10,,,1,100,,268506,10,,,1,100,,268507,10,,,1,100,,268508,10,,,1
3200,'20260911',618,,268509,10,,,1,15,,268510,10,,,1,20,,268511,10,,,1,55,,268512,10,,,1,15,,268513,10,,,1,10,,268514,10,,,1,5,,268515,12,0,5 6,1,5,,268516,10,,,1,10,,268517,10,,,1,50,,268518,10,,,1,10,,268519,12,0,5 6,1,14,,268520,10,,,1,15,,268521,10,,,1,10,,268522,10,,,1,60,,268523,10,,,1,25,,268524,10,,,1,76,,268525,10,,,1,100,,268526,10,,,1,100,,268527,10,,,1,100,,268528,10,,,1,100,,268529,10,,,1,100,,268530,10,,,1
3200,'20260914',618,,268531,10,,,1,15,,268532,10,,,1,20,,268533,10,,,1,55,,268534,10,,,1,15,,268535,10,,,1,10,,268536,10,,,1,5,,268537,12,0,5 6,1,5,,268538,10,,,1,10,,268539,10,,,1,50,,268540,10,,,1,10,,268541,12,0,5 6,1,14,,268542,10,,,1,15,,268543,10,,,1,10,,268544,10,,,1,60,,268545,10,,,1,25,,268546,10,,,1,76,,268547,10,,,1,100,,268548,10,,,1,100,,268549,10,,,1,100,,268550,10,,,1,100,,268551,10,,,1,100,,268552,10,,,1
3200,'20260915',618,,268553,10,,,1,15,,268554,10,,,1,20,,268555,10,,,1,55,,268556,10,,,1,15,,268557,10,,,1,10,,268558,10,,,1,5,,268559,12,0,5 6,1,5,,268560,10,,,1,10,,268561,10,,,1,50,,268562,10,,,1,10,,268563,12,0,5 6,1,14,,268564,10,,,1,15,,268565,10,,,1,10,,268566,10,,,1,60,,268567,10,,,1,25,,268568,10,,,1,76,,268569,10,,,1,100,,268570,10,,,1,100,,268571,10,,,1,100,,268572,10,,,1,100,,268573,10,,,1,100,,268574,10,,,1
3200,'20260916',618,,268575,10,,,1,15,,268576,10,,,1,20,,268577,10,,,1,55,,268578,10,,,1,15,,268579,10,,,1,10,,268580,10,,,1,5,,268581,12,0,5 6,1,5,,268582,10,,,1,10,,268583,10,,,1,50,,268584,10,,,1,10,,268585,12,0,5 6,1,14,,268586,10,,,1,15,,268587,10,,,1,10,,268588,10,,,1,60,,268589,10,,,1,25,,268590,10,,,1,76,,268591,10,,,1,100,,268592,10,,,1,100,,268593,10,,,1,100,,268594,10,,,1,100,,268595,10,,,1,100,,268596,10,,,1
3200,'20260917',618,,268597,10,,,1,15,,268598,10,,,1,20,,268599,10,,,1,55,,268600,10,,,1,15,,268601,10,,,1,10,,268602,10,,,1,5,,268603,12,0,5 6,1,5,,268604,10,,,1,10,,268605,10,,,1,50,,268606,10,,,1,10,,268607,12,0,5 6,1,14,,268608,10,,,1,15,,268609,10,,,1,10,,268610,10,,,1,60,,268611,10,,,1,25,,268612,10,,,1,76,,268613,10,,,1,100,,268614,10,,,1,100,,268615,10,,,1,100,,268616,10,,,1,100,,268617,10,,,1,100,,268618,10,,,1
3200,'20260918',618,,268619,10,,,1,15,,268620,10,,,1,20,,268621,10,,,1,55,,268622,10,,,1,15,,268623,10,,,1,10,,268624,10,,,1,5,,268625,12,0,5 6,1,5,,268626,10,,,1,10,,268627,10,,,1,50,,268628,10,,,1,10,,268629,12,0,5 6,1,14,,268630,10,,,1,15,,268631,10,,,1,10,,268632,10,,,1,60,,268633,10,,,1,25,,268634,10,,,1,76,,268635,10,,,1,100,,268636,10,,,1,100,,268637,10,,,1,100,,268638,10,,,1,100,,268639,10,,,1,100,,268640,10,,,1
3200,'20260921',618,,268641,10,,,1,15,,268642,10,,,1,20,,268643,10,,,1,55,,268644,10,,,1,15,,268645,10,,,1,10,,268646,10,,,1,5,,268647,12,0,5 6,1,5,,268648,10,,,1,10,,268649,10,,,1,50,,268650,10,,,1,10,,268651,12,0,5 6,1,14,,268652,10,,,1,15,,268653,10,,,1,10,,268654,10,,,1,60,,268655,10,,,1,25,,268656,10,,,1,76,,268657,10,,,1,100,,268658,10,,,1,100,,268659,10,,,1,100,,268660,10,,,1,100,,268661,10,,,1,100,,268662,10,,,1
3200,'20260922',618,,268663,10,,,1,15,,268664,10,,,1,20,,268665,10,,,1,55,,268666,10,,,1,15,,268667,10,,,1,10,,268668,10,,,1,5,,268669,12,0,5 6,1,5,,268670,10,,,1,10,,268671,10,,,1,50,,268672,10,,,1,10,,268673,12,0,5 6,1,14,,268674,10,,,1,15,,268675,10,,,1,10,,268676,10,,,1,60,,268677,10,,,1,25,,268678,10,,,1,76,,268679,10,,,1,100,,268680,10,,,1,100,,268681,10,,,1,100,,268682,10,,,1,100,,268683,10,,,1,100,,268684,10,,,1
3200,'20260923',618,,268685,10,,,1,15,,268686,10,,,1,20,,268687,10,,,1,55,,268688,10,,,1,15,,268689,10,,,1,10,,268690,10,,,1,5,,268691,12,0,5 6,1,5,,268692,10,,,1,10,,268693,10,,,1,50,,268694,10,,,1,10,,268695,12,0,5 6,1,14,,268696,10,,,1,15,,268697,10,,,1,10,,268698,10,,,1,60,,268699,10,,,1,25,,268700,10,,,1,76,,268701,10,,,1,100,,268702,10,,,1,100,,268703,10,,,1,100,,268704,10,,,1,100,,268705,10,,,1,100,,268706,10,,,1
3200,'20260924',618,,268707,10,,,1,15,,268708,10,,,1,20,,268709,10,,,1,55,,268710,10,,,1,15,,268711,10,,,1,10,,268712,10,,,1,5,,268713,12,0,5 6,1,5,,268714,10,,,1,10,,268715,10,,,1,50,,268716,10,,,1,10,,268717,12,0,5 6,1,14,,268718,10,,,1,15,,268719,10,,,1,10,,268720,10,,,1,60,,268721,10,,,1,25,,268722,10,,,1,76,,268723,10,,,1,100,,268724,10,,,1,100,,268725,10,,,1,100,,268726,10,,,1,100,,268727,10,,,1,100,,268728,10,,,1
3200,'20260925',618,,268729,10,,,1,15,,268730,10,,,1,20,,268731,10,,,1,55,,268732,10,,,1,15,,268733,10,,,1,10,,268734,10,,,1,5,,268735,12,0,5 6,1,5,,268736,10,,,1,10,,268737,10,,,1,50,,268738,10,,,1,10,,268739,12,0,5 6,1,14,,268740,10,,,1,15,,268741,10,,,1,10,,268742,10,,,1,60,,268743,10,,,1,25,,268744,10,,,1,76,,268745,10,,,1,100,,268746,10,,,1,100,,268747,10,,,1,100,,268748,10,,,1,100,,268749,10,,,1,100,,268750,10,,,1
3200,'20260928',618,,268751,10,,,1,15,,268752,10,,,1,20,,268753,10,,,1,55,,268754,10,,,1,15,,268755,10,,,1,10,,268756,10,,,1,5,,268757,12,0,5 6,1,5,,268758,10,,,1,10,,268759,10,,,1,50,,268760,10,,,1,10,,268761,12,0,5 6,1,14,,268762,10,,,1,15,,268763,10,,,1,10,,268764,10,,,1,60,,268765,10,,,1,25,,268766,10,,,1,76,,268767,10,,,1,100,,268768,10,,,1,100,,268769,10,,,1,100,,268770,10,,,1,100,,268771,10,,,1,100,,268772,10,,,1
3200,'20260929',618,,268773,10,,,1,15,,268774,10,,,1,20,,268775,10,,,1,55,,268776,10,,,1,15,,268777,10,,,1,10,,268778,10,,,1,5,,268779,12,0,5 6,1,5,,268780,10,,,1,10,,268781,10,,,1,50,,268782,10,,,1,10,,268783,12,0,5 6,1,14,,268784,10,,,1,15,,268785,10,,,1,10,,268786,10,,,1,60,,268787,10,,,1,25,,268788,10,,,1,76,,268789,10,,,1,100,,268790,10,,,1,100,,268791,10,,,1,100,,268792,10,,,1,100,,268793,10,,,1,100,,268794,10,,,1
3200,'20260930',618,,268795,10,,,1,15,,268796,10,,,1,20,,268797,10,,,1,55,,268798,10,,,1,15,,268799,10,,,1,10,,268800,10,,,1,5,,268801,12,0,5 6,1,5,,268802,10,,,1,10,,268803,10,,,1,50,,268804,10,,,1,10,,268805,12,0,5 6,1,14,,268806,10,,,1,15,,268807,10,,,1,10,,268808,10,,,1,60,,268809,10,,,1,25,,268810,10,,,1,76,,268811,10,,,1,100,,268812,10,,,1,100,,268813,10,,,1,100,,268814,10,,,1,100,,268815,10,,,1,100,,268816,10,,,1
3200,'20261001',618,,268817,10,,,1,15,,268818,10,,,1,20,,268819,10,,,1,55,,268820,10,,,1,15,,268821,10,,,1,10,,268822,10,,,1,5,,268823,12,0,5 6,1,5,,268824,10,,,1,10,,268825,10,,,1,50,,268826,10,,,1,10,,268827,12,0,5 6,1,14,,268828,10,,,1,15,,268829,10,,,1,10,,268830,10,,,1,60,,268831,10,,,1,25,,268832,10,,,1,76,,268833,10,,,1,100,,268834,10,,,1,100,,268835,10,,,1,100,,268836,10,,,1,100,,268837,10,,,1,100,,268838,10,,,1
3200,'20261002',618,,268839,10,,,1,15,,268840,10,,,1,20,,268841,10,,,1,55,,268842,10,,,1,15,,268843,10,,,1,10,,268844,10,,,1,5,,268845,12,0,5 6,1,5,,268846,10,,,1,10,,268847,10,,,1,50,,268848,10,,,1,10,,268849,12,0,5 6,1,14,,268850,10,,,1,15,,268851,10,,,1,10,,268852,10,,,1,60,,268853,10,,,1,25,,268854,10,,,1,76,,268855,10,,,1,100,,268856,10,,,1,100,,268857,10,,,1,100,,268858,10,,,1,100,,268859,10,,,1,100,,268860,10,,,1
3200,'20261005',618,,268861,10,,,1,15,,268862,10,,,1,20,,268863,10,,,1,55,,268864,10,,,1,15,,268865,10,,,1,10,,268866,10,,,1,5,,268867,12,0,5 6,1,5,,268868,10,,,1,10,,268869,10,,,1,50,,268870,10,,,1,10,,268871,12,0,5 6,1,14,,268872,10,,,1,15,,268873,10,,,1,10,,268874,10,,,1,60,,268875,10,,,1,25,,268876,10,,,1,76,,268877,10,,,1,100,,268878,10,,,1,100,,268879,10,,,1,100,,268880,10,,,1,100,,268881,10,,,1,100,,268882,10,,,1
3200,'20261006',618,,268883,10,,,1,15,,268884,10,,,1,20,,268885,10,,,1,55,,268886,10,,,1,15,,268887,10,,,1,10,,268888,10,,,1,5,,268889,12,0,5 6,1,5,,268890,10,,,1,10,,268891,10,,,1,50,,268892,10,,,1,10,,268893,12,0,5 6,1,14,,268894,10,,,1,15,,268895,10,,,1,10,,268896,10,,,1,60,,268897,10,,,1,25,,268898,10,,,1,76,,268899,10,,,1,100,,268900,10,,,1,100,,268901,10,,,1,100,,268902,10,,,1,100,,268903,10,,,1,100,,268904,10,,,1
3200,'20261007',618,,268905,10,,,1,15,,268906,10,,,1,20,,268907,10,,,1,55,,268908,10,,,1,15,,268909,10,,,1,10,,268910,10,,,1,5,,268911,12,0,5 6,1,5,,268912,10,,,1,10,,268913,10,,,1,50,,268914,10,,,1,10,,268915,12,0,5 6,1,14,,268916,10,,,1,15,,268917,10,,,1,10,,268918,10,,,1,60,,268919,10,,,1,25,,268920,10,,,1,76,,268921,10,,,1,100,,268922,10,,,1,100,,268923,10,,,1,100,,268924,10,,,1,100,,268925,10,,,1,100,,268926,10,,,1
3200,'20261008',618,,268927,10,,,1,15,,268928,10,,,1,20,,268929,10,,,1,55,,268930,10,,,1,15,,268931,10,,,1,10,,268932,10,,,1,5,,268933,12,0,5 6,1,5,,268934,10,,,1,10,,268935,10,,,1,50,,268936,10,,,1,10,,268937,12,0,5 6,1,14,,268938,10,,,1,15,,268939,10,,,1,10,,268940,10,,,1,60,,268941,10,,,1,25,,268942,10,,,1,76,,268943,10,,,1,100,,268944,10,,,1,100,,268945,10,,,1,100,,268946,10,,,1,100,,268947,10,,,1,100,,268948,10,,,1
3200,'20261009',618,,268949,10,,,1,15,,268950,10,,,1,20,,268951,10,,,1,55,,268952,10,,,1,15,,268953,10,,,1,10,,268954,10,,,1,5,,268955,12,0,5 6,1,5,,268956,10,,,1,10,,268957,10,,,1,50,,268958,10,,,1,10,,268959,12,0,5 6,1,14,,268960,10,,,1,15,,268961,10,,,1,10,,268962,10,,,1,60,,268963,10,,,1,25,,268964,10,,,1,76,,268965,10,,,1,100,,268966,10,,,1,100,,268967,10,,,1,100,,268968,10,,,1,100,,268969,10,,,1,100,,268970,10,,,1
3200,'20261013',618,,268971,10,,,1,15,,268972,10,,,1,20,,268973,10,,,1,55,,268974,10,,,1,15,,268975,10,,,1,10,,268976,10,,,1,5,,268977,12,0,5 6,1,5,,268978,10,,,1,10,,268979,10,,,1,50,,268980,10,,,1,10,,268981,12,0,5 6,1,14,,268982,10,,,1,15,,268983,10,,,1,10,,268984,10,,,1,60,,268985,10,,,1,25,,268986,10,,,1,76,,268987,10,,,1,100,,268988,10,,,1,100,,268989,10,,,1,100,,268990,10,,,1,100,,268991,10,,,1,100,,268992,10,,,1
3200,'20261014',618,,268993,10,,,1,15,,268994,10,,,1,20,,268995,10,,,1,55,,268996,10,,,1,15,,268997,10,,,1,10,,268998,10,,,1,5,,268999,12,0,5 6,1,5,,269000,10,,,1,10,,269001,10,,,1,50,,269002,10,,,1,10,,269003,12,0,5 6,1,14,,269004,10,,,1,15,,269005,10,,,1,10,,269006,10,,,1,60,,269007,10,,,1,25,,269008,10,,,1,76,,269009,10,,,1,100,,269010,10,,,1,100,,269011,10,,,1,100,,269012,10,,,1,100,,269013,10,,,1,100,,269014,10,,,1
3200,'20261015',618,,269015,10,,,1,15,,269016,10,,,1,20,,269017,10,,,1,55,,269018,10,,,1,15,,269019,10,,,1,10,,269020,10,,,1,5,,269021,12,0,5 6,1,5,,269022,10,,,1,10,,269023,10,,,1,50,,269024,10,,,1,10,,269025,12,0,5 6,1,14,,269026,10,,,1,15,,269027,10,,,1,10,,269028,10,,,1,60,,269029,10,,,1,25,,269030,10,,,1,76,,269031,10,,,1,100,,269032,10,,,1,100,,269033,10,,,1,100,,269034,10,,,1,100,,269035,10,,,1,100,,269036,10,,,1
3200,'20261016',618,,269037,10,,,1,15,,269038,10,,,1,20,,269039,10,,,1,55,,269040,10,,,1,15,,269041,10,,,1,10,,269042,10,,,1,5,,269043,12,0,5 6,1,5,,269044,10,,,1,10,,269045,10,,,1,50,,269046,10,,,1,10,,269047,12,0,5 6,1,14,,269048,10,,,1,15,,269049,10,,,1,10,,269050,10,,,1,60,,269051,10,,,1,25,,269052,10,,,1,76,,269053,10,,,1,100,,269054,10,,,1,100,,269055,10,,,1,100,,269056,10,,,1,100,,269057,10,,,1,100,,269058,10,,,1
3200,'20261019',618,,269059,10,,,1,15,,269060,10,,,1,20,,269061,10,,,1,55,,269062,10,,,1,15,,269063,10,,,1,10,,269064,10,,,1,5,,269065,12,0,5 6,1,5,,269066,10,,,1,10,,269067,10,,,1,50,,269068,10,,,1,10,,269069,12,0,5 6,1,14,,269070,10,,,1,15,,269071,10,,,1,10,,269072,10,,,1,60,,269073,10,,,1,25,,269074,10,,,1,76,,269075,10,,,1,100,,269076,10,,,1,100,,269077,10,,,1,100,,269078,10,,,1,100,,269079,10,,,1,100,,269080,10,,,1
3200,'20261020',618,,269081,10,,,1,15,,269082,10,,,1,20,,269083,10,,,1,55,,269084,10,,,1,15,,269085,10,,,1,10,,269086,10,,,1,5,,269087,12,0,5 6,1,5,,269088,10,,,1,10,,269089,10,,,1,50,,269090,10,,,1,10,,269091,12,0,5 6,1,14,,269092,10,,,1,15,,269093,10,,,1,10,,269094,10,,,1,60,,269095,10,,,1,25,,269096,10,,,1,76,,269097,10,,,1,100,,269098,10,,,1,100,,269099,10,,,1,100,,269100,10,,,1,100,,269101,10,,,1,100,,269102,10,,,1
3200,'20261021',618,,269103,10,,,1,15,,269104,10,,,1,20,,269105,10,,,1,55,,269106,10,,,1,15,,269107,10,,,1,10,,269108,10,,,1,5,,269109,12,0,5 6,1,5,,269110,10,,,1,10,,269111,10,,,1,50,,269112,10,,,1,10,,269113,12,0,5 6,1,14,,269114,10,,,1,15,,269115,10,,,1,10,,269116,10,,,1,60,,269117,10,,,1,25,,269118,10,,,1,76,,269119,10,,,1,100,,269120,10,,,1,100,,269121,10,,,1,100,,269122,10,,,1,100,,269123,10,,,1,100,,269124,10,,,1
3200,'20261022',618,,269125,10,,,1,15,,269126,10,,,1,20,,269127,10,,,1,55,,269128,10,,,1,15,,269129,10,,,1,10,,269130,10,,,1,5,,269131,12,0,5 6,1,5,,269132,10,,,1,10,,269133,10,,,1,50,,269134,10,,,1,10,,269135,12,0,5 6,1,14,,269136,10,,,1,15,,269137,10,,,1,10,,269138,10,,,1,60,,269139,10,,,1,25,,269140,10,,,1,76,,269141,10,,,1,100,,269142,10,,,1,100,,269143,10,,,1,100,,269144,10,,,1,100,,269145,10,,,1,100,,269146,10,,,1
3200,'20261023',618,,269147,10,,,1,15,,269148,10,,,1,20,,269149,10,,,1,55,,269150,10,,,1,15,,269151,10,,,1,10,,269152,10,,,1,5,,269153,12,0,5 6,1,5,,269154,10,,,1,10,,269155,10,,,1,50,,269156,10,,,1,10,,269157,12,0,5 6,1,14,,269158,10,,,1,15,,269159,10,,,1,10,,269160,10,,,1,60,,269161,10,,,1,25,,269162,10,,,1,76,,269163,10,,,1,100,,269164,10,,,1,100,,269165,10,,,1,100,,269166,10,,,1,100,,269167,10,,,1,100,,269168,10,,,1
3200,'20261026',618,,269169,10,,,1,15,,269170,10,,,1,20,,269171,10,,,1,55,,269172,10,,,1,15,,269173,10,,,1,10,,269174,10,,,1,5,,269175,12,0,5 6,1,5,,269176,10,,,1,10,,269177,10,,,1,50,,269178,10,,,1,10,,269179,12,0,5 6,1,14,,269180,10,,,1,15,,269181,10,,,1,10,,269182,10,,,1,60,,269183,10,,,1,25,,269184,10,,,1,76,,269185,10,,,1,100,,269186,10,,,1,100,,269187,10,,,1,100,,269188,10,,,1,100,,269189,10,,,1,100,,269190,10,,,1
3200,'20261027',618,,269191,10,,,1,15,,269192,10,,,1,20,,269193,10,,,1,55,,269194,10,,,1,15,,269195,10,,,1,10,,269196,10,,,1,5,,269197,12,0,5 6,1,5,,269198,10,,,1,10,,269199,10,,,1,50,,269200,10,,,1,10,,269201,12,0,5 6,1,14,,269202,10,,,1,15,,269203,10,,,1,10,,269204,10,,,1,60,,269205,10,,,1,25,,269206,10,,,1,76,,269207,10,,,1,100,,269208,10,,,1,100,,269209,10,,,1,100,,269210,10,,,1,100,,269211,10,,,1,100,,269212,10,,,1
3200,'20261028',618,,269213,10,,,1,15,,269214,10,,,1,20,,269215,10,,,1,55,,269216,10,,,1,15,,269217,10,,,1,10,,269218,10,,,1,5,,269219,12,0,5 6,1,5,,269220,10,,,1,10,,269221,10,,,1,50,,269222,10,,,1,10,,269223,12,0,5 6,1,14,,269224,10,,,1,15,,269225,10,,,1,10,,269226,10,,,1,60,,269227,10,,,1,25,,269228,10,,,1,76,,269229,10,,,1,100,,269230,10,,,1,100,,269231,10,,,1,100,,269232,10,,,1,100,,269233,10,,,1,100,,269234,10,,,1
3200,'20261029',618,,269235,10,,,1,15,,269236,10,,,1,20,,269237,10,,,1,55,,269238,10,,,1,15,,269239,10,,,1,10,,269240,10,,,1,5,,269241,12,0,5 6,1,5,,269242,10,,,1,10,,269243,10,,,1,50,,269244,10,,,1,10,,269245,12,0,5 6,1,14,,269246,10,,,1,15,,269247,10,,,1,10,,269248,10,,,1,60,,269249,10,,,1,25,,269250,10,,,1,76,,269251,10,,,1,100,,269252,10,,,1,100,,269253,10,,,1,100,,269254,10,,,1,100,,269255,10,,,1,100,,269256,10,,,1
3200,'20261030',618,,269257,10,,,1,15,,269258,10,,,1,20,,269259,10,,,1,55,,269260,10,,,1,15,,269261,10,,,1,10,,269262,10,,,1,5,,269263,12,0,5 6,1,5,,269264,10,,,1,10,,269265,10,,,1,50,,269266,10,,,1,10,,269267,12,0,5 6,1,14,,269268,10,,,1,15,,269269,10,,,1,10,,269270,10,,,1,60,,269271,10,,,1,25,,269272,10,,,1,76,,269273,10,,,1,100,,269274,10,,,1,100,,269275,10,,,1,100,,269276,10,,,1,100,,269277,10,,,1,100,,269278,10,,,1
3200,'20261102',618,,269279,10,,,1,15,,269280,10,,,1,20,,269281,10,,,1,55,,269282,10,,,1,15,,269283,10,,,1,10,,269284,10,,,1,5,,269285,12,0,5 6,1,5,,269286,10,,,1,10,,269287,10,,,1,50,,269288,10,,,1,10,,269289,12,0,5 6,1,14,,269290,10,,,1,15,,269291,10,,,1,10,,269292,10,,,1,60,,269293,10,,,1,25,,269294,10,,,1,76,,269295,10,,,1,100,,269296,10,,,1,100,,269297,10,,,1,100,,269298,10,,,1,100,,269299,10,,,1,100,,269300,10,,,1
3200,'20261103',618,,269301,10,,,1,15,,269302,10,,,1,20,,269303,10,,,1,55,,269304,10,,,1,15,,269305,10,,,1,10,,269306,10,,,1,5,,269307,12,0,5 6,1,5,,269308,10,,,1,10,,269309,10,,,1,50,,269310,10,,,1,10,,269311,12,0,5 6,1,14,,269312,10,,,1,15,,269313,10,,,1,10,,269314,10,,,1,60,,269315,10,,,1,25,,269316,10,,,1,76,,269317,10,,,1,100,,269318,10,,,1,100,,269319,10,,,1,100,,269320,10,,,1,100,,269321,10,,,1,100,,269322,10,,,1
3200,'20261104',618,,269323,10,,,1,15,,269324,10,,,1,20,,269325,10,,,1,55,,269326,10,,,1,15,,269327,10,,,1,10,,269328,10,,,1,5,,269329,12,0,5 6,1,5,,269330,10,,,1,10,,269331,10,,,1,50,,269332,10,,,1,10,,269333,12,0,5 6,1,14,,269334,10,,,1,15,,269335,10,,,1,10,,269336,10,,,1,60,,269337,10,,,1,25,,269338,10,,,1,76,,269339,10,,,1,100,,269340,10,,,1,100,,269341,10,,,1,100,,269342,10,,,1,100,,269343,10,,,1,100,,269344,10,,,1
3200,'20261105',618,,269345,10,,,1,15,,269346,10,,,1,20,,269347,10,,,1,55,,269348,10,,,1,15,,269349,10,,,1,10,,269350,10,,,1,5,,269351,12,0,5 6,1,5,,269352,10,,,1,10,,269353,10,,,1,50,,269354,10,,,1,10,,269355,12,0,5 6,1,14,,269356,10,,,1,15,,269357,10,,,1,10,,269358,10,,,1,60,,269359,10,,,1,25,,269360,10,,,1,76,,269361,10,,,1,100,,269362,10,,,1,100,,269363,10,,,1,100,,269364,10,,,1,100,,269365,10,,,1,100,,269366,10,,,1
3200,'20261106',618,,269367,10,,,1,15,,269368,10,,,1,20,,269369,10,,,1,55,,269370,10,,,1,15,,269371,10,,,1,10,,269372,10,,,1,5,,269373,12,0,5 6,1,5,,269374,10,,,1,10,,269375,10,,,1,50,,269376,10,,,1,10,,269377,12,0,5 6,1,14,,269378,10,,,1,15,,269379,10,,,1,10,,269380,10,,,1,60,,269381,10,,,1,25,,269382,10,,,1,76,,269383,10,,,1,100,,269384,10,,,1,100,,269385,10,,,1,100,,269386,10,,,1,100,,269387,10,,,1,100,,269388,10,,,1
3200,'20261109',618,,269389,10,,,1,15,,269390,10,,,1,20,,269391,10,,,1,55,,269392,10,,,1,15,,269393,10,,,1,10,,269394,10,,,1,5,,269395,12,0,5 6,1,5,,269396,10,,,1,10,,269397,10,,,1,50,,269398,10,,,1,10,,269399,12,0,5 6,1,14,,269400,10,,,1,15,,269401,10,,,1,10,,269402,10,,,1,60,,269403,10,,,1,25,,269404,10,,,1,76,,269405,10,,,1,100,,269406,10,,,1,100,,269407,10,,,1,100,,269408,10,,,1,100,,269409,10,,,1,100,,269410,10,,,1
3200,'20261110',618,,269411,10,,,1,15,,269412,10,,,1,20,,269413,10,,,1,55,,269414,10,,,1,15,,269415,10,,,1,10,,269416,10,,,1,5,,269417,12,0,5 6,1,5,,269418,10,,,1,10,,269419,10,,,1,50,,269420,10,,,1,10,,269421,12,0,5 6,1,14,,269422,10,,,1,15,,269423,10,,,1,10,,269424,10,,,1,60,,269425,10,,,1,25,,269426,10,,,1,76,,269427,10,,,1,100,,269428,10,,,1,100,,269429,10,,,1,100,,269430,10,,,1,100,,269431,10,,,1,100,,269432,10,,,1
3200,'20261111',618,,269433,10,,,1,15,,269434,10,,,1,20,,269435,10,,,1,55,,269436,10,,,1,15,,269437,10,,,1,10,,269438,10,,,1,5,,269439,12,0,5 6,1,5,,269440,10,,,1,10,,269441,10,,,1,50,,269442,10,,,1,10,,269443,12,0,5 6,1,14,,269444,10,,,1,15,,269445,10,,,1,10,,269446,10,,,1,60,,269447,10,,,1,25,,269448,10,,,1,76,,269449,10,,,1,100,,269450,10,,,1,100,,269451,10,,,1,100,,269452,10,,,1,100,,269453,10,,,1,100,,269454,10,,,1
3200,'20261112',618,,269455,10,,,1,15,,269456,10,,,1,20,,269457,10,,,1,55,,269458,10,,,1,15,,269459,10,,,1,10,,269460,10,,,1,5,,269461,12,0,5 6,1,5,,269462,10,,,1,10,,269463,10,,,1,50,,269464,10,,,1,10,,269465,12,0,5 6,1,14,,269466,10,,,1,15,,269467,10,,,1,10,,269468,10,,,1,60,,269469,10,,,1,25,,269470,10,,,1,76,,269471,10,,,1,100,,269472,10,,,1,100,,269473,10,,,1,100,,269474,10,,,1,100,,269475,10,,,1,100,,269476,10,,,1
3200,'20261113',618,,269477,10,,,1,15,,269478,10,,,1,20,,269479,10,,,1,55,,269480,10,,,1,15,,269481,10,,,1,10,,269482,10,,,1,5,,269483,12,0,5 6,1,5,,269484,10,,,1,10,,269485,10,,,1,50,,269486,10,,,1,10,,269487,12,0,5 6,1,14,,269488,10,,,1,15,,269489,10,,,1,10,,269490,10,,,1,60,,269491,10,,,1,25,,269492,10,,,1,76,,269493,10,,,1,100,,269494,10,,,1,100,,269495,10,,,1,100,,269496,10,,,1,100,,269497,10,,,1,100,,269498,10,,,1
3200,'20261116',618,,269499,10,,,1,15,,269500,10,,,1,20,,269501,10,,,1,55,,269502,10,,,1,15,,269503,10,,,1,10,,269504,10,,,1,5,,269505,12,0,5 6,1,5,,269506,10,,,1,10,,269507,10,,,1,50,,269508,10,,,1,10,,269509,12,0,5 6,1,14,,269510,10,,,1,15,,269511,10,,,1,10,,269512,10,,,1,60,,269513,10,,,1,25,,269514,10,,,1,76,,269515,10,,,1,100,,269516,10,,,1,100,,269517,10,,,1,100,,269518,10,,,1,100,,269519,10,,,1,100,,269520,10,,,1
3200,'20261117',618,,269521,10,,,1,15,,269522,10,,,1,20,,269523,10,,,1,55,,269524,10,,,1,15,,269525,10,,,1,10,,269526,10,,,1,5,,269527,12,0,5 6,1,5,,269528,10,,,1,10,,269529,10,,,1,50,,269530,10,,,1,10,,269531,12,0,5 6,1,14,,269532,10,,,1,15,,269533,10,,,1,10,,269534,10,,,1,60,,269535,10,,,1,25,,269536,10,,,1,76,,269537,10,,,1,100,,269538,10,,,1,100,,269539,10,,,1,100,,269540,10,,,1,100,,269541,10,,,1,100,,269542,10,,,1
3200,'20261118',618,,269543,10,,,1,15,,269544,10,,,1,20,,269545,10,,,1,55,,269546,10,,,1,15,,269547,10,,,1,10,,269548,10,,,1,5,,269549,12,0,5 6,1,5,,269550,10,,,1,10,,269551,10,,,1,50,,269552,10,,,1,10,,269553,12,0,5 6,1,14,,269554,10,,,1,15,,269555,10,,,1,10,,269556,10,,,1,60,,269557,10,,,1,25,,269558,10,,,1,76,,269559,10,,,1,100,,269560,10,,,1,100,,269561,10,,,1,100,,269562,10,,,1,100,,269563,10,,,1,100,,269564,10,,,1
3200,'20261119',618,,269565,10,,,1,15,,269566,10,,,1,20,,269567,10,,,1,55,,269568,10,,,1,15,,269569,10,,,1,10,,269570,10,,,1,5,,269571,12,0,5 6,1,5,,269572,10,,,1,10,,269573,10,,,1,50,,269574,10,,,1,10,,269575,12,0,5 6,1,14,,269576,10,,,1,15,,269577,10,,,1,10,,269578,10,,,1,60,,269579,10,,,1,25,,269580,10,,,1,76,,269581,10,,,1,100,,269582,10,,,1,100,,269583,10,,,1,100,,269584,10,,,1,100,,269585,10,,,1,100,,269586,10,,,1
3200,'20261120',618,,269587,10,,,1,15,,269588,10,,,1,20,,269589,10,,,1,55,,269590,10,,,1,15,,269591,10,,,1,10,,269592,10,,,1,5,,269593,12,0,5 6,1,5,,269594,10,,,1,10,,269595,10,,,1,50,,269596,10,,,1,10,,269597,12,0,5 6,1,14,,269598,10,,,1,15,,269599,10,,,1,10,,269600,10,,,1,60,,269601,10,,,1,25,,269602,10,,,1,76,,269603,10,,,1,100,,269604,10,,,1,100,,269605,10,,,1,100,,269606,10,,,1,100,,269607,10,,,1,100,,269608,10,,,1
3200,'20261123',618,,269609,10,,,1,15,,269610,10,,,1,20,,269611,10,,,1,55,,269612,10,,,1,15,,269613,10,,,1,10,,269614,10,,,1,5,,269615,12,0,5 6,1,5,,269616,10,,,1,10,,269617,10,,,1,50,,269618,10,,,1,10,,269619,12,0,5 6,1,14,,269620,10,,,1,15,,269621,10,,,1,10,,269622,10,,,1,60,,269623,10,,,1,25,,269624,10,,,1,76,,269625,10,,,1,100,,269626,10,,,1,100,,269627,10,,,1,100,,269628,10,,,1,100,,269629,10,,,1,100,,269630,10,,,1
3200,'20261124',618,,269631,10,,,1,15,,269632,10,,,1,20,,269633,10,,,1,55,,269634,10,,,1,15,,269635,10,,,1,10,,269636,10,,,1,5,,269637,12,0,5 6,1,5,,269638,10,,,1,10,,269639,10,,,1,50,,269640,10,,,1,10,,269641,12,0,5 6,1,14,,269642,10,,,1,15,,269643,10,,,1,10,,269644,10,,,1,60,,269645,10,,,1,25,,269646,10,,,1,76,,269647,10,,,1,100,,269648,10,,,1,100,,269649,10,,,1,100,,269650,10,,,1,100,,269651,10,,,1,100,,269652,10,,,1
3200,'20261125',618,,269653,10,,,1,15,,269654,10,,,1,20,,269655,10,,,1,55,,269656,10,,,1,15,,269657,10,,,1,10,,269658,10,,,1,5,,269659,12,0,5 6,1,5,,269660,10,,,1,10,,269661,10,,,1,50,,269662,10,,,1,10,,269663,12,0,5 6,1,14,,269664,10,,,1,15,,269665,10,,,1,10,,269666,10,,,1,60,,269667,10,,,1,25,,269668,10,,,1,76,,269669,10,,,1,100,,269670,10,,,1,100,,269671,10,,,1,100,,269672,10,,,1,100,,269673,10,,,1,100,,269674,10,,,1
3200,'20261126',618,,269675,10,,,1,15,,269676,10,,,1,20,,269677,10,,,1,55,,269678,10,,,1,15,,269679,10,,,1,10,,269680,10,,,1,5,,269681,12,0,5 6,1,5,,269682,10,,,1,10,,269683,10,,,1,50,,269684,10,,,1,10,,269685,12,0,5 6,1,14,,269686,10,,,1,15,,269687,10,,,1,10,,269688,10,,,1,60,,269689,10,,,1,25,,269690,10,,,1,76,,269691,10,,,1,100,,269692,10,,,1,100,,269693,10,,,1,100,,269694,10,,,1,100,,269695,10,,,1,100,,269696,10,,,1
3200,'20261127',618,,269697,10,,,1,15,,269698,10,,,1,20,,269699,10,,,1,55,,269700,10,,,1,15,,269701,10,,,1,10,,269702,10,,,1,5,,269703,12,0,5 6,1,5,,269704,10,,,1,10,,269705,10,,,1,50,,269706,10,,,1,10,,269707,12,0,5 6,1,14,,269708,10,,,1,15,,269709,10,,,1,10,,269710,10,,,1,60,,269711,10,,,1,25,,269712,10,,,1,76,,269713,10,,,1,100,,269714,10,,,1,100,,269715,10,,,1,100,,269716,10,,,1,100,,269717,10,,,1,100,,269718,10,,,1
