8800,'20260921',1752,,320638,3,0,5 48 43,1,100,,320639,3,0,5 48 43,1
8800,'20260922',1752,,320650,3,0,5 48 43,1,100,,320651,3,0,5 48 43,1
8800,'20260923',1752,,320662,3,0,5 48 43,1,100,,320663,3,0,5 48 43,1
8800,'20260924',1752,,320674,3,0,5 48 43,1,100,,320675,3,0,5 48 43,1
8800,'20260925',1752,,320689,3,0,5 48 43,1,100,,320690,3,0,5 48 43,1
8800,'20260928',1752,,320723,3,0,5 48 43,1,100,,320724,3,0,5 48 43,1
8800,'20260929',1752,,320735,3,0,5 48 43,1,100,,320736,3,0,5 48 43,1
8800,'20260930',1752,,320747,3,0,5 48 43,1,100,,320748,3,0,5 48 43,1
8800,'20261001',1752,,320759,3,0,5 48 43,1,100,,320760,3,0,5 48 43,1
8800,'20261002',1752,,320774,3,0,5 48 43,1,100,,320775,3,0,5 48 43,1
8800,'20261005',1752,,320808,3,0,5 48 43,1,100,,320809,3,0,5 48 43,1
8800,'20261006',1752,,320820,3,0,5 48 43,1,100,,320821,3,0,5 48 43,1
8800,'20261007',1752,,320832,3,0,5 48 43,1,100,,320833,3,0,5 48 43,1
8800,'20261008',1752,,320844,3,0,5 48 43,1,100,,320845,3,0,5 48 43,1
8800,'20261009',1752,,320859,3,0,5 48 43,1,100,,320860,3,0,5 48 43,1
8800,'20261013',1752,,320904,3,0,5 48 43,1,100,,320905,3,0,5 48 43,1
8800,'20261014',1752,,320916,3,0,5 48 43,1,100,,320917,3,0,5 48 43,1
8800,'20261015',1752,,320928,3,0,5 48 43,1,100,,320929,3,0,5 48 43,1
8800,'20261016',1752,,320943,3,0,5 48 43,1,100,,320944,3,0,5 48 43,1
8800,'20261019',1752,,320977,3,0,5 48 43,1,100,,320978,3,0,5 48 43,1
8800,'20261020',1752,,320989,3,0,5 48 43,1,100,,320990,3,0,5 48 43,1
8800,'20261021',1752,,321001,3,0,5 48 43,1,100,,321002,3,0,5 48 43,1
8800,'20261022',1752,,321013,3,0,5 48 43,1,100,,321014,3,0,5 48 43,1
8800,'20261023',1752,,321028,3,0,5 48 43,1,100,,321029,3,0,5 48 43,1
8800,'20261026',1752,,321062,3,0,5 48 43,1,100,,321063,3,0,5 48 43,1
8800,'20261027',1752,,321074,3,0,5 48 43,1,100,,321075,3,0,5 48 43,1
8800,'20261028',1752,,321086,3,0,5 48 43,1,100,,321087,3,0,5 48 43,1
8800,'20261029',1752,,321098,3,0,5 48 43,1,100,,321099,3,0,5 48 43,1
8800,'20261030',1752,,321113,3,0,5 48 43,1,100,,321114,3,0,5 48 43,1
8800,'20261102',1752,,321147,3,0,5 48 43,1,100,,321148,3,0,5 48 43,1
8800,'20261103',1752,,321159,3,0,5 48 43,1,100,,321160,3,0,5 48 43,1
8800,'20261104',1752,,321171,3,0,5 48 43,1,100,,321172,3,0,5 48 43,1
8800,'20261105',1752,,321183,3,0,5 48 43,1,100,,321184,3,0,5 48 43,1
8800,'20261106',1752,,321198,3,0,5 48 43,1,100,,321199,3,0,5 48 43,1
8800,'20261109',1752,,321232,3,0,5 48 43,1,100,,321233,3,0,5 48 43,1
8800,'20261110',1752,,321244,3,0,5 48 43,1,100,,321245,3,0,5 48 43,1
8800,'20261111',1752,,321256,3,0,5 48 43,1,100,,321257,3,0,5 48 43,1
8800,'20261112',1752,,321268,3,0,5 48 43,1,100,,321269,3,0,5 48 43,1
8800,'20261113',1752,,321283,3,0,5 48 43,1,100,,321284,3,0,5 48 43,1
8800,'20261116',1752,,321317,3,0,5 48 43,1,100,,321318,3,0,5 48 43,1
8800,'20261117',1752,,321329,3,0,5 48 43,1,100,,321330,3,0,5 48 43,1
8800,'20261118',1752,,321341,3,0,5 48 43,1,100,,321342,3,0,5 48 43,1
8800,'20261119',1752,,321353,3,0,5 48 43,1,100,,321354,3,0,5 48 43,1
8800,'20261120',1752,,321368,3,0,5 48 43,1,100,,321369,3,0,5 48 43,1
8800,'20261123',1752,,321402,3,0,5 48 43,1,100,,321403,3,0,5 48 43,1
8800,'20261124',1752,,321414,3,0,5 48 43,1,100,,321415,3,0,5 48 43,1
8800,'20261125',1752,,321426,3,0,5 48 43,1,100,,321427,3,0,5 48 43,1
8800,'20261126',1752,,321438,3,0,5 48 43,1,100,,321439,3,0,5 48 43,1
8800,'20261127',1752,,321453,3,0,5 48 43,1,100,,321454,3,0,5 48 43,1
8801,'20260921',559,,321640,24,0,5 11 12 9,1,341,,321642,24,0,5 11 12 9,1
8801,'20260922',559,,321651,24,0,5 11 12 9,1,341,,321653,24,0,5 11 12 9,1
8801,'20260923',559,,321662,24,0,5 11 12 9,1,341,,321664,24,0,5 11 12 9,1
8801,'20260924',559,,321673,24,0,5 11 12 9,1,341,,321675,24,0,5 11 12 9,1
8801,'20260925',559,,321684,24,0,5 11 12 9,1,341,,321686,24,0,5 11 12 9,1
8801,'20260928',559,,321720,24,0,5 11 12 9,1,341,,321722,24,0,5 11 12 9,1
8801,'20260929',559,,321731,24,0,5 11 12 9,1,341,,321733,24,0,5 11 12 9,1
8801,'20260930',559,,321742,24,0,5 11 12 9,1,341,,321744,24,0,5 11 12 9,1
8801,'20261001',559,,321753,24,0,5 11 12 9,1,341,,321755,24,0,5 11 12 9,1
8801,'20261002',559,,321764,24,0,5 11 12 9,1,341,,321766,24,0,5 11 12 9,1
8801,'20261005',559,,321800,24,0,5 11 12 9,1,341,,321802,24,0,5 11 12 9,1
8801,'20261006',559,,321811,24,0,5 11 12 9,1,341,,321813,24,0,5 11 12 9,1
8801,'20261007',559,,321822,24,0,5 11 12 9,1,341,,321824,24,0,5 11 12 9,1
8801,'20261008',559,,321833,24,0,5 11 12 9,1,341,,321835,24,0,5 11 12 9,1
8801,'20261009',559,,321844,24,0,5 11 12 9,1,341,,321846,24,0,5 11 12 9,1
8801,'20261013',559,,321891,24,0,5 11 12 9,1,341,,321893,24,0,5 11 12 9,1
8801,'20261014',559,,321902,24,0,5 11 12 9,1,341,,321904,24,0,5 11 12 9,1
8801,'20261015',559,,321913,24,0,5 11 12 9,1,341,,321915,24,0,5 11 12 9,1
8801,'20261016',559,,321924,24,0,5 11 12 9,1,341,,321926,24,0,5 11 12 9,1
8801,'20261019',559,,321960,24,0,5 11 12 9,1,341,,321962,24,0,5 11 12 9,1
8801,'20261020',559,,321971,24,0,5 11 12 9,1,341,,321973,24,0,5 11 12 9,1
8801,'20261021',559,,321982,24,0,5 11 12 9,1,341,,321984,24,0,5 11 12 9,1
8801,'20261022',559,,321993,24,0,5 11 12 9,1,341,,321995,24,0,5 11 12 9,1
8801,'20261023',559,,322004,24,0,5 11 12 9,1,341,,322006,24,0,5 11 12 9,1
8801,'20261026',559,,322040,24,0,5 11 12 9,1,341,,322042,24,0,5 11 12 9,1
8801,'20261027',559,,322051,24,0,5 11 12 9,1,341,,322053,24,0,5 11 12 9,1
8801,'20261028',559,,322062,24,0,5 11 12 9,1,341,,322064,24,0,5 11 12 9,1
8801,'20261029',559,,322073,24,0,5 11 12 9,1,341,,322075,24,0,5 11 12 9,1
8801,'20261030',559,,322084,24,0,5 11 12 9,1,341,,322086,24,0,5 11 12 9,1
8801,'20261102',559,,322120,24,0,5 11 12 9,1,341,,322122,24,0,5 11 12 9,1
8801,'20261103',559,,322131,24,0,5 11 12 9,1,341,,322133,24,0,5 11 12 9,1
8801,'20261104',559,,322142,24,0,5 11 12 9,1,341,,322144,24,0,5 11 12 9,1
8801,'20261105',559,,322153,24,0,5 11 12 9,1,341,,322155,24,0,5 11 12 9,1
8801,'20261106',559,,322164,24,0,5 11 12 9,1,341,,322166,24,0,5 11 12 9,1
8801,'20261109',559,,322200,24,0,5 11 12 9,1,341,,322202,24,0,5 11 12 9,1
8801,'20261110',559,,322211,24,0,5 11 12 9,1,341,,322213,24,0,5 11 12 9,1
8801,'20261111',559,,322222,24,0,5 11 12 9,1,341,,322224,24,0,5 11 12 9,1
8801,'20261112',559,,322233,24,0,5 11 12 9,1,341,,322235,24,0,5 11 12 9,1
8801,'20261113',559,,322244,24,0,5 11 12 9,1,341,,322246,24,0,5 11 12 9,1
8801,'20261116',559,,322280,24,0,5 11 12 9,1,341,,322282,24,0,5 11 12 9,1
8801,'20261117',559,,322291,24,0,5 11 12 9,1,341,,322293,24,0,5 11 12 9,1
8801,'20261118',559,,322302,24,0,5 11 12 9,1,341,,322304,24,0,5 11 12 9,1
8801,'20261119',559,,322313,24,0,5 11 12 9,1,341,,322315,24,0,5 11 12 9,1
8801,'20261120',559,,322324,24,0,5 11 12 9,1,341,,322326,24,0,5 11 12 9,1
8801,'20261123',559,,322360,24,0,5 11 12 9,1,341,,322362,24,0,5 11 12 9,1
8801,'20261124',559,,322371,24,0,5 11 12 9,1,341,,322373,24,0,5 11 12 9,1
8801,'20261125',559,,322382,24,0,5 11 12 9,1,341,,322384,24,0,5 11 12 9,1
8801,'20261126',559,,322393,24,0,5 11 12 9,1,341,,322395,24,0,5 11 12 9,1
8801,'20261127',559,,322404,24,0,5 11 12 9,1,341,,322406,24,0,5 11 12 9,1
