6800,'20260921',655,,315278,23,,,1,99,,315279,15,0,5 27 28 9,1,148,,315280,15,0,5 27 28 9,1,347,,315281,23,,,1,99,,315282,23,,,1,297,,315283,15,0,5 27 28 9,1,403,,315285,23,,,1,94,,315286,23,,,1,103,,315287,23,,,1,173,,315288,16,0,7 27 28 9,1
6800,'20260922',655,,315289,23,,,1,99,,315290,15,0,5 27 28 9,1,148,,315291,15,0,5 27 28 9,1,347,,315292,23,,,1,99,,315293,23,,,1,297,,315294,15,0,5 27 28 9,1,403,,315296,23,,,1,94,,315297,23,,,1,103,,315298,23,,,1,173,,315299,16,0,7 27 28 9,1
6800,'20260923',655,,315300,23,,,1,99,,315301,15,0,5 27 28 9,1,148,,315302,15,0,5 27 28 9,1,347,,315303,23,,,1,99,,315304,23,,,1,297,,315305,15,0,5 27 28 9,1,403,,315307,23,,,1,94,,315308,23,,,1,103,,315309,23,,,1,173,,315310,16,0,7 27 28 9,1
6800,'20260924',655,,315311,23,,,1,99,,315312,15,0,5 27 28 9,1,148,,315313,15,0,5 27 28 9,1,347,,315314,23,,,1,99,,315315,23,,,1,297,,315316,15,0,5 27 28 9,1,403,,315318,23,,,1,94,,315319,23,,,1,103,,315320,23,,,1,173,,315321,16,0,7 27 28 9,1
6800,'20260925',655,,315322,23,,,1,99,,315323,15,0,5 27 28 9,1,148,,315324,15,0,5 27 28 9,1,347,,315325,23,,,1,99,,315326,23,,,1,297,,315327,15,0,5 27 28 9,1,403,,315329,23,,,1,94,,315330,23,,,1,103,,315331,23,,,1,173,,315332,16,0,7 27 28 9,1
6800,'20260926',842,,315333,23,,,1,260,,315336,33,0,53 27 28 9,1,41,,315334,23,,,1,267,,315338,33,0,53 27 28 9,1,33,,315339,23,,,1,267,,315341,33,0,53 27 28 9,1,133,,315342,23,,,1,200,,315343,23,,,1,489,,315344,15,0,5 27 28 9,1
6800,'20260927',842,,315345,23,,,1,260,,315348,33,0,53 27 28 9,1,41,,315346,23,,,1,267,,315350,33,0,53 27 28 9,1,33,,315351,23,,,1,267,,315353,33,0,53 27 28 9,1,133,,315354,23,,,1,200,,315355,23,,,1,489,,315356,15,0,5 27 28 9,1
6800,'20260928',655,,315357,23,,,1,99,,315358,15,0,5 27 28 9,1,148,,315359,15,0,5 27 28 9,1,347,,315360,23,,,1,99,,315361,23,,,1,297,,315362,15,0,5 27 28 9,1,403,,315364,23,,,1,94,,315365,23,,,1,103,,315366,23,,,1,173,,315367,16,0,7 27 28 9,1
6800,'20260929',655,,315368,23,,,1,99,,315369,15,0,5 27 28 9,1,148,,315370,15,0,5 27 28 9,1,347,,315371,23,,,1,99,,315372,23,,,1,297,,315373,15,0,5 27 28 9,1,403,,315375,23,,,1,94,,315376,23,,,1,103,,315377,23,,,1,173,,315378,16,0,7 27 28 9,1
6800,'20260930',655,,315379,23,,,1,99,,315380,15,0,5 27 28 9,1,148,,315381,15,0,5 27 28 9,1,347,,315382,23,,,1,99,,315383,23,,,1,297,,315384,15,0,5 27 28 9,1,403,,315386,23,,,1,94,,315387,23,,,1,103,,315388,23,,,1,173,,315389,16,0,7 27 28 9,1
6800,'20261001',655,,315390,23,,,1,99,,315391,15,0,5 27 28 9,1,148,,315392,15,0,5 27 28 9,1,347,,315393,23,,,1,99,,315394,23,,,1,297,,315395,15,0,5 27 28 9,1,403,,315397,23,,,1,94,,315398,23,,,1,103,,315399,23,,,1,173,,315400,16,0,7 27 28 9,1
6800,'20261002',655,,315401,23,,,1,99,,315402,15,0,5 27 28 9,1,148,,315403,15,0,5 27 28 9,1,347,,315404,23,,,1,99,,315405,23,,,1,297,,315406,15,0,5 27 28 9,1,403,,315408,23,,,1,94,,315409,23,,,1,103,,315410,23,,,1,173,,315411,16,0,7 27 28 9,1
6800,'20261003',842,,315412,23,,,1,260,,315415,33,0,53 27 28 9,1,41,,315413,23,,,1,267,,315417,33,0,53 27 28 9,1,33,,315418,23,,,1,267,,315420,33,0,53 27 28 9,1,133,,315421,23,,,1,200,,315422,23,,,1,213,,333039,33,0,53 27 28 9,1,200,,333040,33,0,53 27 28 9,1,76,,315423,15,0,5 27 28 9,1
6800,'20261004',842,,315424,23,,,1,260,,315427,33,0,53 27 28 9,1,41,,315425,23,,,1,267,,315429,33,0,53 27 28 9,1,33,,315430,23,,,1,267,,315432,33,0,53 27 28 9,1,133,,315433,23,,,1,200,,315434,23,,,1,213,,333043,33,0,53 27 28 9,1,200,,333044,33,0,53 27 28 9,1,76,,315435,15,0,5 27 28 9,1
6800,'20261005',655,,315436,23,,,1,99,,315437,15,0,5 27 28 9,1,148,,315438,15,0,5 27 28 9,1,347,,315439,23,,,1,99,,315440,23,,,1,297,,315441,15,0,5 27 28 9,1,403,,315443,23,,,1,94,,315444,23,,,1,103,,315445,23,,,1,173,,315446,16,0,7 27 28 9,1
6800,'20261006',655,,315447,23,,,1,99,,315448,15,0,5 27 28 9,1,148,,315449,15,0,5 27 28 9,1,347,,315450,23,,,1,99,,315451,23,,,1,297,,315452,15,0,5 27 28 9,1,403,,315454,23,,,1,94,,315455,23,,,1,103,,315456,23,,,1,173,,315457,16,0,7 27 28 9,1
6800,'20261007',655,,315458,23,,,1,99,,315459,15,0,5 27 28 9,1,148,,315460,15,0,5 27 28 9,1,347,,315461,23,,,1,99,,315462,23,,,1,297,,315463,15,0,5 27 28 9,1,403,,315465,23,,,1,94,,315466,23,,,1,103,,315467,23,,,1,173,,315468,16,0,7 27 28 9,1
6800,'20261008',655,,315469,23,,,1,99,,315470,15,0,5 27 28 9,1,148,,315471,15,0,5 27 28 9,1,347,,315472,23,,,1,99,,315473,23,,,1,297,,315474,15,0,5 27 28 9,1,403,,315476,23,,,1,94,,315477,23,,,1,103,,315478,23,,,1,173,,315479,16,0,7 27 28 9,1
6800,'20261009',655,,315480,23,,,1,99,,315481,15,0,5 27 28 9,1,148,,315482,15,0,5 27 28 9,1,347,,315483,23,,,1,99,,315484,23,,,1,297,,315485,15,0,5 27 28 9,1,403,,315487,23,,,1,94,,315488,23,,,1,103,,315489,23,,,1,173,,315490,16,0,7 27 28 9,1
6800,'20261010',842,,315491,23,,,1,260,,315494,33,0,53 27 28 9,1,41,,315492,23,,,1,267,,315496,33,0,53 27 28 9,1,33,,315497,23,,,1,267,,315499,33,0,53 27 28 9,1,133,,315500,23,,,1,200,,315501,23,,,1,489,,315502,15,0,5 27 28 9,1
6800,'20261011',842,,315503,23,,,1,260,,315506,33,0,53 27 28 9,1,41,,315504,23,,,1,267,,315508,33,0,53 27 28 9,1,33,,315509,23,,,1,267,,315511,33,0,53 27 28 9,1,133,,315512,23,,,1,200,,315513,23,,,1,489,,315514,15,0,5 27 28 9,1
6800,'20261012',842,,315515,23,,,1,260,,315518,33,0,53 27 28 9,1,41,,315516,23,,,1,267,,315520,33,0,53 27 28 9,1,33,,315521,23,,,1,267,,315523,33,0,53 27 28 9,1,133,,315524,23,,,1,200,,315525,23,,,1,489,,315526,15,0,5 27 28 9,1
6800,'20261013',655,,315527,23,,,1,99,,315528,15,0,5 27 28 9,1,148,,315529,15,0,5 27 28 9,1,347,,315530,23,,,1,99,,315531,23,,,1,297,,315532,15,0,5 27 28 9,1,403,,315534,23,,,1,94,,315535,23,,,1,103,,315536,23,,,1,173,,315537,16,0,7 27 28 9,1
6800,'20261014',655,,315538,23,,,1,99,,315539,15,0,5 27 28 9,1,148,,315540,15,0,5 27 28 9,1,347,,315541,23,,,1,99,,315542,23,,,1,297,,315543,15,0,5 27 28 9,1,403,,315545,23,,,1,94,,315546,23,,,1,103,,315547,23,,,1,173,,315548,16,0,7 27 28 9,1
6800,'20261015',655,,315549,23,,,1,99,,315550,15,0,5 27 28 9,1,148,,315551,15,0,5 27 28 9,1,347,,315552,23,,,1,99,,315553,23,,,1,297,,315554,15,0,5 27 28 9,1,403,,315556,23,,,1,94,,315557,23,,,1,103,,315558,23,,,1,173,,315559,16,0,7 27 28 9,1
6800,'20261016',655,,315560,23,,,1,99,,315561,15,0,5 27 28 9,1,148,,315562,15,0,5 27 28 9,1,347,,315563,23,,,1,99,,315564,23,,,1,297,,315565,15,0,5 27 28 9,1,403,,315567,23,,,1,94,,315568,23,,,1,103,,315569,23,,,1,173,,315570,16,0,7 27 28 9,1
6800,'20261017',842,,315571,23,,,1,260,,315574,33,0,53 27 28 9,1,41,,315572,23,,,1,267,,315576,33,0,53 27 28 9,1,33,,315577,23,,,1,267,,315579,33,0,53 27 28 9,1,133,,315580,23,,,1,200,,315581,23,,,1,489,,315582,15,0,5 27 28 9,1
6800,'20261018',842,,315583,23,,,1,260,,315586,33,0,53 27 28 9,1,41,,315584,23,,,1,267,,315588,33,0,53 27 28 9,1,33,,315589,23,,,1,267,,315591,33,0,53 27 28 9,1,133,,315592,23,,,1,200,,315593,23,,,1,489,,315594,15,0,5 27 28 9,1
6800,'20261019',655,,315595,23,,,1,99,,315596,15,0,5 27 28 9,1,148,,315597,15,0,5 27 28 9,1,347,,315598,23,,,1,99,,315599,23,,,1,297,,315600,15,0,5 27 28 9,1,403,,315602,23,,,1,94,,315603,23,,,1,103,,315604,23,,,1,173,,315605,16,0,7 27 28 9,1
6800,'20261020',655,,315606,23,,,1,99,,315607,15,0,5 27 28 9,1,148,,315608,15,0,5 27 28 9,1,347,,315609,23,,,1,99,,315610,23,,,1,297,,315611,15,0,5 27 28 9,1,403,,315613,23,,,1,94,,315614,23,,,1,103,,315615,23,,,1,173,,315616,16,0,7 27 28 9,1
6800,'20261021',655,,315617,23,,,1,99,,315618,15,0,5 27 28 9,1,148,,315619,15,0,5 27 28 9,1,347,,315620,23,,,1,99,,315621,23,,,1,297,,315622,15,0,5 27 28 9,1,403,,315624,23,,,1,94,,315625,23,,,1,103,,315626,23,,,1,173,,315627,16,0,7 27 28 9,1
6800,'20261022',655,,315628,23,,,1,99,,315629,15,0,5 27 28 9,1,148,,315630,15,0,5 27 28 9,1,347,,315631,23,,,1,99,,315632,23,,,1,297,,315633,15,0,5 27 28 9,1,403,,315635,23,,,1,94,,315636,23,,,1,103,,315637,23,,,1,173,,315638,16,0,7 27 28 9,1
6800,'20261023',655,,315639,23,,,1,99,,315640,15,0,5 27 28 9,1,148,,315641,15,0,5 27 28 9,1,347,,315642,23,,,1,99,,315643,23,,,1,297,,315644,15,0,5 27 28 9,1,403,,315646,23,,,1,94,,315647,23,,,1,103,,315648,23,,,1,173,,315649,16,0,7 27 28 9,1
6800,'20261024',842,,315650,23,,,1,260,,315653,33,0,53 27 28 9,1,41,,315651,23,,,1,267,,315655,33,0,53 27 28 9,1,33,,315656,23,,,1,267,,315658,33,0,53 27 28 9,1,133,,315659,23,,,1,200,,315660,23,,,1,489,,315661,15,0,5 27 28 9,1
6800,'20261025',842,,315662,23,,,1,260,,315665,33,0,53 27 28 9,1,41,,315663,23,,,1,267,,315667,33,0,53 27 28 9,1,33,,315668,23,,,1,267,,315670,33,0,53 27 28 9,1,133,,315671,23,,,1,200,,315672,23,,,1,489,,315673,15,0,5 27 28 9,1
6800,'20261026',655,,315674,23,,,1,99,,315675,15,0,5 27 28 9,1,148,,315676,15,0,5 27 28 9,1,347,,315677,23,,,1,99,,315678,23,,,1,297,,315679,15,0,5 27 28 9,1,403,,315681,23,,,1,94,,315682,23,,,1,103,,315683,23,,,1,173,,315684,16,0,7 27 28 9,1
6800,'20261027',655,,315685,23,,,1,99,,315686,15,0,5 27 28 9,1,148,,315687,15,0,5 27 28 9,1,347,,315688,23,,,1,99,,315689,23,,,1,297,,315690,15,0,5 27 28 9,1,403,,315692,23,,,1,94,,315693,23,,,1,103,,315694,23,,,1,173,,315695,16,0,7 27 28 9,1
6800,'20261028',655,,315696,23,,,1,99,,315697,15,0,5 27 28 9,1,148,,315698,15,0,5 27 28 9,1,347,,315699,23,,,1,99,,315700,23,,,1,297,,315701,15,0,5 27 28 9,1,403,,315703,23,,,1,94,,315704,23,,,1,103,,315705,23,,,1,173,,315706,16,0,7 27 28 9,1
6800,'20261029',655,,315707,23,,,1,99,,315708,15,0,5 27 28 9,1,148,,315709,15,0,5 27 28 9,1,347,,315710,23,,,1,99,,315711,23,,,1,297,,315712,15,0,5 27 28 9,1,403,,315714,23,,,1,94,,315715,23,,,1,103,,315716,23,,,1,173,,315717,16,0,7 27 28 9,1
6800,'20261030',655,,315718,23,,,1,99,,315719,15,0,5 27 28 9,1,148,,315720,15,0,5 27 28 9,1,347,,315721,23,,,1,99,,315722,23,,,1,297,,315723,15,0,5 27 28 9,1,403,,315725,23,,,1,94,,315726,23,,,1,103,,315727,23,,,1,173,,315728,16,0,7 27 28 9,1
6800,'20261031',842,,315729,23,,,1,260,,315732,33,0,53 27 28 9,1,41,,315730,23,,,1,267,,315734,33,0,53 27 28 9,1,33,,315735,23,,,1,267,,315737,33,0,53 27 28 9,1,133,,315738,23,,,1,200,,315739,23,,,1,489,,315740,15,0,5 27 28 9,1
6800,'20261101',842,,315741,23,,,1,260,,315744,33,0,53 27 28 9,1,41,,315742,23,,,1,267,,315746,33,0,53 27 28 9,1,33,,315747,23,,,1,267,,315749,33,0,53 27 28 9,1,133,,315750,23,,,1,200,,315751,23,,,1,489,,315752,15,0,5 27 28 9,1
6800,'20261102',655,,315753,23,,,1,99,,315754,15,0,5 27 28 9,1,148,,315755,15,0,5 27 28 9,1,347,,315756,23,,,1,99,,315757,23,,,1,297,,315758,15,0,5 27 28 9,1,403,,315760,23,,,1,94,,315761,23,,,1,103,,315762,23,,,1,173,,315763,16,0,7 27 28 9,1
6800,'20261103',655,,315764,23,,,1,99,,315765,15,0,5 27 28 9,1,148,,315766,15,0,5 27 28 9,1,347,,315767,23,,,1,99,,315768,23,,,1,297,,315769,15,0,5 27 28 9,1,403,,315771,23,,,1,94,,315772,23,,,1,103,,315773,23,,,1,173,,315774,16,0,7 27 28 9,1
6800,'20261104',655,,315775,23,,,1,99,,315776,15,0,5 27 28 9,1,148,,315777,15,0,5 27 28 9,1,347,,315778,23,,,1,99,,315779,23,,,1,297,,315780,15,0,5 27 28 9,1,403,,315782,23,,,1,94,,315783,23,,,1,103,,315784,23,,,1,173,,315785,16,0,7 27 28 9,1
6800,'20261105',655,,315786,23,,,1,99,,315787,15,0,5 27 28 9,1,148,,315788,15,0,5 27 28 9,1,347,,315789,23,,,1,99,,315790,23,,,1,297,,315791,15,0,5 27 28 9,1,403,,315793,23,,,1,94,,315794,23,,,1,103,,315795,23,,,1,173,,315796,16,0,7 27 28 9,1
6800,'20261106',655,,315797,23,,,1,99,,315798,15,0,5 27 28 9,1,148,,315799,15,0,5 27 28 9,1,347,,315800,23,,,1,99,,315801,23,,,1,297,,315802,15,0,5 27 28 9,1,403,,315804,23,,,1,94,,315805,23,,,1,103,,315806,23,,,1,173,,315807,16,0,7 27 28 9,1
6800,'20261107',842,,315808,23,,,1,260,,315811,33,0,53 27 28 9,1,41,,315809,23,,,1,267,,315813,33,0,53 27 28 9,1,33,,315814,23,,,1,267,,315816,33,0,53 27 28 9,1,133,,315817,23,,,1,200,,315818,23,,,1,489,,315819,15,0,5 27 28 9,1
6800,'20261108',842,,315820,23,,,1,260,,315823,33,0,53 27 28 9,1,41,,315821,23,,,1,267,,315825,33,0,53 27 28 9,1,33,,315826,23,,,1,267,,315828,33,0,53 27 28 9,1,133,,315829,23,,,1,200,,315830,23,,,1,489,,315831,15,0,5 27 28 9,1
6800,'20261109',655,,315832,23,,,1,99,,315833,15,0,5 27 28 9,1,148,,315834,15,0,5 27 28 9,1,347,,315835,23,,,1,99,,315836,23,,,1,297,,315837,15,0,5 27 28 9,1,403,,315839,23,,,1,94,,315840,23,,,1,103,,315841,23,,,1,173,,315842,16,0,7 27 28 9,1
6800,'20261110',655,,315843,23,,,1,99,,315844,15,0,5 27 28 9,1,148,,315845,15,0,5 27 28 9,1,347,,315846,23,,,1,99,,315847,23,,,1,297,,315848,15,0,5 27 28 9,1,403,,315850,23,,,1,94,,315851,23,,,1,103,,315852,23,,,1,173,,315853,16,0,7 27 28 9,1
6800,'20261111',655,,315854,23,,,1,99,,315855,15,0,5 27 28 9,1,148,,315856,15,0,5 27 28 9,1,347,,315857,23,,,1,99,,315858,23,,,1,297,,315859,15,0,5 27 28 9,1,403,,315861,23,,,1,94,,315862,23,,,1,103,,315863,23,,,1,173,,315864,16,0,7 27 28 9,1
6800,'20261112',655,,315865,23,,,1,99,,315866,15,0,5 27 28 9,1,148,,315867,15,0,5 27 28 9,1,347,,315868,23,,,1,99,,315869,23,,,1,297,,315870,15,0,5 27 28 9,1,403,,315872,23,,,1,94,,315873,23,,,1,103,,315874,23,,,1,173,,315875,16,0,7 27 28 9,1
6800,'20261113',655,,315876,23,,,1,99,,315877,15,0,5 27 28 9,1,148,,315878,15,0,5 27 28 9,1,347,,315879,23,,,1,99,,315880,23,,,1,297,,315881,15,0,5 27 28 9,1,403,,315883,23,,,1,94,,315884,23,,,1,103,,315885,23,,,1,173,,315886,16,0,7 27 28 9,1
6800,'20261114',842,,315887,23,,,1,260,,315890,33,0,53 27 28 9,1,41,,315888,23,,,1,267,,315892,33,0,53 27 28 9,1,33,,315893,23,,,1,267,,315895,33,0,53 27 28 9,1,133,,315896,23,,,1,200,,315897,23,,,1,489,,315898,15,0,5 27 28 9,1
6800,'20261115',842,,315899,23,,,1,260,,315902,33,0,53 27 28 9,1,41,,315900,23,,,1,267,,315904,33,0,53 27 28 9,1,33,,315905,23,,,1,267,,315907,33,0,53 27 28 9,1,133,,315908,23,,,1,200,,315909,23,,,1,489,,315910,15,0,5 27 28 9,1
6800,'20261116',655,,315911,23,,,1,99,,315912,15,0,5 27 28 9,1,148,,315913,15,0,5 27 28 9,1,347,,315914,23,,,1,99,,315915,23,,,1,297,,315916,15,0,5 27 28 9,1,403,,315918,23,,,1,94,,315919,23,,,1,103,,315920,23,,,1,173,,315921,16,0,7 27 28 9,1
6800,'20261117',655,,315922,23,,,1,99,,315923,15,0,5 27 28 9,1,148,,315924,15,0,5 27 28 9,1,347,,315925,23,,,1,99,,315926,23,,,1,297,,315927,15,0,5 27 28 9,1,403,,315929,23,,,1,94,,315930,23,,,1,103,,315931,23,,,1,173,,315932,16,0,7 27 28 9,1
6800,'20261118',655,,315933,23,,,1,99,,315934,15,0,5 27 28 9,1,148,,315935,15,0,5 27 28 9,1,347,,315936,23,,,1,99,,315937,23,,,1,297,,315938,15,0,5 27 28 9,1,403,,315940,23,,,1,94,,315941,23,,,1,103,,315942,23,,,1,173,,315943,16,0,7 27 28 9,1
6800,'20261119',655,,315944,23,,,1,99,,315945,15,0,5 27 28 9,1,148,,315946,15,0,5 27 28 9,1,347,,315947,23,,,1,99,,315948,23,,,1,297,,315949,15,0,5 27 28 9,1,403,,315951,23,,,1,94,,315952,23,,,1,103,,315953,23,,,1,173,,315954,16,0,7 27 28 9,1
6800,'20261120',655,,315955,23,,,1,99,,315956,15,0,5 27 28 9,1,148,,315957,15,0,5 27 28 9,1,347,,315958,23,,,1,99,,315959,23,,,1,297,,315960,15,0,5 27 28 9,1,403,,315962,23,,,1,94,,315963,23,,,1,103,,315964,23,,,1,173,,315965,16,0,7 27 28 9,1
6800,'20261121',842,,315966,23,,,1,260,,315969,33,0,53 27 28 9,1,41,,315967,23,,,1,267,,315971,33,0,53 27 28 9,1,33,,315972,23,,,1,267,,315974,33,0,53 27 28 9,1,133,,315975,23,,,1,200,,315976,23,,,1,489,,315977,15,0,5 27 28 9,1
6800,'20261122',842,,315978,23,,,1,260,,315981,33,0,53 27 28 9,1,41,,315979,23,,,1,267,,315983,33,0,53 27 28 9,1,33,,315984,23,,,1,267,,315986,33,0,53 27 28 9,1,133,,315987,23,,,1,200,,315988,23,,,1,489,,315989,15,0,5 27 28 9,1
6800,'20261123',655,,315990,23,,,1,99,,315991,15,0,5 27 28 9,1,148,,315992,15,0,5 27 28 9,1,347,,315993,23,,,1,99,,315994,23,,,1,297,,315995,15,0,5 27 28 9,1,403,,315997,23,,,1,94,,315998,23,,,1,103,,315999,23,,,1,173,,316000,16,0,7 27 28 9,1
6800,'20261124',655,,316001,23,,,1,99,,316002,15,0,5 27 28 9,1,148,,316003,15,0,5 27 28 9,1,347,,316004,23,,,1,99,,316005,23,,,1,297,,316006,15,0,5 27 28 9,1,403,,316008,23,,,1,94,,316009,23,,,1,103,,316010,23,,,1,173,,316011,16,0,7 27 28 9,1
6800,'20261125',655,,316012,23,,,1,99,,316013,15,0,5 27 28 9,1,148,,316014,15,0,5 27 28 9,1,347,,316015,23,,,1,99,,316016,23,,,1,297,,316017,15,0,5 27 28 9,1,403,,316019,23,,,1,94,,316020,23,,,1,103,,316021,23,,,1,173,,316022,16,0,7 27 28 9,1
6800,'20261126',655,,316023,23,,,1,99,,316024,15,0,5 27 28 9,1,148,,316025,15,0,5 27 28 9,1,347,,316026,23,,,1,99,,316027,23,,,1,297,,316028,15,0,5 27 28 9,1,403,,316030,23,,,1,94,,316031,23,,,1,103,,316032,23,,,1,173,,316033,16,0,7 27 28 9,1
6800,'20261127',655,,316034,23,,,1,99,,316035,15,0,5 27 28 9,1,148,,316036,15,0,5 27 28 9,1,347,,316037,23,,,1,99,,316038,23,,,1,297,,316039,15,0,5 27 28 9,1,403,,316041,23,,,1,94,,316042,23,,,1,103,,316043,23,,,1,173,,316044,16,0,7 27 28 9,1
