2101,'20260910',724,,244535,41,,,1,119,,244536,41,,,1,115,,244537,41,,,1,95,,244538,41,,,1,100,,244539,41,,,1,55,,244541,20,0,7 8 9,1,100,,244544,20,0,7 8 9,1,25,,244545,20,0,7 8 9,1,70,,244547,20,0,7 8 9,1,28,,244549,20,0,7 8 9,1,25,,244551,20,0,7 8 9,1,170,,244555,20,0,7 8 9,1,417,,244559,20,0,7 8 9,1,70,,244561,20,0,7 8 9,1,30,,244564,20,0,7 8 9,1,65,,244566,20,0,7 8 9,1,35,,244569,20,0,7 8 9,1,100,,244572,20,0,7 8 9,1,90,,244574,20,0,7 8 9,1,122,,244576,41,,,1,91,,244577,41,,,1,100,,244578,41,,,1
2101,'20260911',724,,244579,41,,,1,119,,244580,41,,,1,115,,244581,41,,,1,95,,244582,41,,,1,100,,244583,41,,,1,55,,244585,20,0,7 8 9,1,100,,244588,20,0,7 8 9,1,25,,244589,20,0,7 8 9,1,70,,244591,20,0,7 8 9,1,28,,244593,20,0,7 8 9,1,25,,244595,20,0,7 8 9,1,170,,244599,20,0,7 8 9,1,417,,244603,20,0,7 8 9,1,70,,244605,20,0,7 8 9,1,30,,244608,20,0,7 8 9,1,65,,244610,20,0,7 8 9,1,35,,244613,20,0,7 8 9,1,100,,244616,20,0,7 8 9,1,90,,244618,20,0,7 8 9,1,122,,244620,41,,,1,91,,244621,41,,,1,100,,244622,41,,,1
2101,'20260912',859,,244623,40,0,57 8 9,1,100,,244624,40,0,57 8 9,1,95,,244625,40,0,57 8 9,1,150,,244626,40,0,57 8 9,1,98,,244629,20,0,7 8 9,1,110,,244631,20,0,7 8 9,1,105,,244633,20,0,7 8 9,1,91,,244635,20,0,7 8 9,1,105,,244638,20,0,7 8 9,1,110,,244641,20,0,7 8 9,1,95,,244645,20,0,7 8 9,1,90,,244649,20,0,7 8 9,1,95,,244653,20,0,7 8 9,1,100,,244656,20,0,7 8 9,1,99,,244659,20,0,7 8 9,1,55,,244662,20,0,7 8 9,1,100,,244665,20,0,7 8 9,1,91,,244666,40,0,57 8 9,1,96,,244667,40,0,57 8 9,1,100,,244668,40,0,57 8 9,1
2101,'20260913',859,,244669,40,0,57 8 9,1,100,,244670,40,0,57 8 9,1,95,,244671,40,0,57 8 9,1,150,,244672,40,0,57 8 9,1,98,,244674,20,0,7 8 9,1,110,,244676,20,0,7 8 9,1,105,,244678,20,0,7 8 9,1,91,,244680,20,0,7 8 9,1,105,,244683,20,0,7 8 9,1,110,,244686,20,0,7 8 9,1,95,,244690,20,0,7 8 9,1,90,,244694,20,0,7 8 9,1,95,,244698,20,0,7 8 9,1,100,,244701,20,0,7 8 9,1,99,,244704,20,0,7 8 9,1,55,,244707,20,0,7 8 9,1,100,,244709,20,0,7 8 9,1,91,,244710,40,0,57 8 9,1,96,,244711,40,0,57 8 9,1,100,,244712,40,0,57 8 9,1
2101,'20260914',724,,244713,41,,,1,119,,244714,41,,,1,115,,244715,41,,,1,95,,244716,41,,,1,100,,244717,41,,,1,55,,244719,20,0,7 8 9,1,100,,244722,20,0,7 8 9,1,25,,244723,20,0,7 8 9,1,70,,244725,20,0,7 8 9,1,28,,244727,20,0,7 8 9,1,25,,244729,20,0,7 8 9,1,170,,244733,20,0,7 8 9,1,417,,244737,20,0,7 8 9,1,70,,244739,20,0,7 8 9,1,30,,244742,20,0,7 8 9,1,65,,244744,20,0,7 8 9,1,35,,244747,20,0,7 8 9,1,100,,244750,20,0,7 8 9,1,90,,244752,20,0,7 8 9,1,122,,244754,41,,,1,91,,244755,41,,,1,100,,244756,41,,,1
2101,'20260915',724,,244757,41,,,1,119,,244758,41,,,1,115,,244759,41,,,1,95,,244760,41,,,1,100,,244761,41,,,1,55,,244763,20,0,7 8 9,1,100,,244766,20,0,7 8 9,1,25,,244767,20,0,7 8 9,1,70,,244769,20,0,7 8 9,1,28,,244771,20,0,7 8 9,1,25,,244773,20,0,7 8 9,1,170,,244777,20,0,7 8 9,1,417,,244781,20,0,7 8 9,1,70,,244783,20,0,7 8 9,1,30,,244786,20,0,7 8 9,1,65,,244788,20,0,7 8 9,1,35,,244791,20,0,7 8 9,1,100,,244794,20,0,7 8 9,1,90,,244796,20,0,7 8 9,1,122,,244798,41,,,1,91,,244799,41,,,1,100,,244800,41,,,1
2101,'20260916',724,,244801,41,,,1,119,,244802,41,,,1,115,,244803,41,,,1,95,,244804,41,,,1,100,,244805,41,,,1,55,,244807,20,0,7 8 9,1,100,,244810,20,0,7 8 9,1,25,,244811,20,0,7 8 9,1,70,,244813,20,0,7 8 9,1,28,,244815,20,0,7 8 9,1,25,,244817,20,0,7 8 9,1,170,,244821,20,0,7 8 9,1,417,,244825,20,0,7 8 9,1,70,,244827,20,0,7 8 9,1,30,,244830,20,0,7 8 9,1,65,,244832,20,0,7 8 9,1,35,,244835,20,0,7 8 9,1,100,,244838,20,0,7 8 9,1,90,,244840,20,0,7 8 9,1,122,,244842,41,,,1,91,,244843,41,,,1,100,,244844,41,,,1
2101,'20260917',724,,244845,41,,,1,119,,244846,41,,,1,115,,244847,41,,,1,95,,244848,41,,,1,100,,244849,41,,,1,55,,244851,20,0,7 8 9,1,100,,244854,20,0,7 8 9,1,25,,244855,20,0,7 8 9,1,70,,244857,20,0,7 8 9,1,28,,244859,20,0,7 8 9,1,25,,244861,20,0,7 8 9,1,170,,244865,20,0,7 8 9,1,417,,244869,20,0,7 8 9,1,70,,244871,20,0,7 8 9,1,30,,244874,20,0,7 8 9,1,65,,244876,20,0,7 8 9,1,35,,244879,20,0,7 8 9,1,100,,244882,20,0,7 8 9,1,90,,244884,20,0,7 8 9,1,122,,244886,41,,,1,91,,244887,41,,,1,100,,244888,41,,,1
2101,'20260918',724,,244889,41,,,1,119,,244890,41,,,1,115,,244891,41,,,1,95,,244892,41,,,1,100,,244893,41,,,1,55,,244895,20,0,7 8 9,1,100,,244898,20,0,7 8 9,1,25,,244899,20,0,7 8 9,1,70,,244901,20,0,7 8 9,1,28,,244903,20,0,7 8 9,1,25,,244905,20,0,7 8 9,1,170,,244909,20,0,7 8 9,1,417,,244913,20,0,7 8 9,1,70,,244915,20,0,7 8 9,1,30,,244918,20,0,7 8 9,1,65,,244920,20,0,7 8 9,1,35,,244923,20,0,7 8 9,1,100,,244926,20,0,7 8 9,1,90,,244928,20,0,7 8 9,1,122,,244930,41,,,1,91,,244931,41,,,1,100,,244932,41,,,1
2101,'20260919',859,,244933,40,0,57 8 9,1,100,,244934,40,0,57 8 9,1,95,,244935,40,0,57 8 9,1,150,,244936,40,0,57 8 9,1,98,,244939,20,0,7 8 9,1,110,,244941,20,0,7 8 9,1,105,,244943,20,0,7 8 9,1,91,,244945,20,0,7 8 9,1,105,,244948,20,0,7 8 9,1,110,,244951,20,0,7 8 9,1,95,,244955,20,0,7 8 9,1,90,,244959,20,0,7 8 9,1,95,,244963,20,0,7 8 9,1,100,,244966,20,0,7 8 9,1,99,,244969,20,0,7 8 9,1,55,,244972,20,0,7 8 9,1,100,,244975,20,0,7 8 9,1,91,,244976,40,0,57 8 9,1,96,,244977,40,0,57 8 9,1,100,,244978,40,0,57 8 9,1
2101,'20260920',859,,244979,40,0,57 8 9,1,100,,244980,40,0,57 8 9,1,95,,244981,40,0,57 8 9,1,150,,244982,40,0,57 8 9,1,98,,244984,20,0,7 8 9,1,110,,244986,20,0,7 8 9,1,105,,244988,20,0,7 8 9,1,91,,244990,20,0,7 8 9,1,105,,244993,20,0,7 8 9,1,110,,244996,20,0,7 8 9,1,95,,245000,20,0,7 8 9,1,90,,245004,20,0,7 8 9,1,95,,245008,20,0,7 8 9,1,100,,245011,20,0,7 8 9,1,99,,245014,20,0,7 8 9,1,55,,245017,20,0,7 8 9,1,100,,245019,20,0,7 8 9,1,91,,245020,40,0,57 8 9,1,96,,245021,40,0,57 8 9,1,100,,245022,40,0,57 8 9,1
2101,'20260921',724,,245023,41,,,1,119,,245024,41,,,1,115,,245025,41,,,1,95,,245026,41,,,1,100,,245027,41,,,1,55,,245029,20,0,7 8 9,1,100,,245032,20,0,7 8 9,1,25,,245033,20,0,7 8 9,1,70,,245035,20,0,7 8 9,1,28,,245037,20,0,7 8 9,1,25,,245039,20,0,7 8 9,1,170,,245043,20,0,7 8 9,1,417,,245047,20,0,7 8 9,1,70,,245049,20,0,7 8 9,1,30,,245052,20,0,7 8 9,1,65,,245054,20,0,7 8 9,1,35,,245057,20,0,7 8 9,1,100,,245060,20,0,7 8 9,1,90,,245062,20,0,7 8 9,1,122,,245064,41,,,1,91,,245065,41,,,1,100,,245066,41,,,1
2101,'20260922',724,,245067,41,,,1,119,,245068,41,,,1,115,,245069,41,,,1,95,,245070,41,,,1,100,,245071,41,,,1,55,,245073,20,0,7 8 9,1,100,,245076,20,0,7 8 9,1,25,,245077,20,0,7 8 9,1,70,,245079,20,0,7 8 9,1,28,,245081,20,0,7 8 9,1,25,,245083,20,0,7 8 9,1,170,,245087,20,0,7 8 9,1,417,,245091,20,0,7 8 9,1,70,,245093,20,0,7 8 9,1,30,,245096,20,0,7 8 9,1,65,,245098,20,0,7 8 9,1,35,,245101,20,0,7 8 9,1,100,,245104,20,0,7 8 9,1,90,,245106,20,0,7 8 9,1,122,,245108,41,,,1,91,,245109,41,,,1,100,,245110,41,,,1
2101,'20260923',724,,245111,41,,,1,119,,245112,41,,,1,115,,245113,41,,,1,95,,245114,41,,,1,100,,245115,41,,,1,55,,245117,20,0,7 8 9,1,100,,245120,20,0,7 8 9,1,25,,245121,20,0,7 8 9,1,70,,245123,20,0,7 8 9,1,28,,245125,20,0,7 8 9,1,25,,245127,20,0,7 8 9,1,170,,245131,20,0,7 8 9,1,417,,245135,20,0,7 8 9,1,70,,245137,20,0,7 8 9,1,30,,245140,20,0,7 8 9,1,65,,245142,20,0,7 8 9,1,35,,245145,20,0,7 8 9,1,100,,245148,20,0,7 8 9,1,90,,245150,20,0,7 8 9,1,122,,245152,41,,,1,91,,245153,41,,,1,100,,245154,41,,,1
2101,'20260924',724,,245155,41,,,1,119,,245156,41,,,1,115,,245157,41,,,1,95,,245158,41,,,1,100,,245159,41,,,1,55,,245161,20,0,7 8 9,1,100,,245164,20,0,7 8 9,1,25,,245165,20,0,7 8 9,1,70,,245167,20,0,7 8 9,1,28,,245169,20,0,7 8 9,1,25,,245171,20,0,7 8 9,1,170,,245175,20,0,7 8 9,1,417,,245179,20,0,7 8 9,1,70,,245181,20,0,7 8 9,1,30,,245184,20,0,7 8 9,1,65,,245186,20,0,7 8 9,1,35,,245189,20,0,7 8 9,1,100,,245192,20,0,7 8 9,1,90,,245194,20,0,7 8 9,1,122,,245196,41,,,1,91,,245197,41,,,1,100,,245198,41,,,1
2101,'20260925',724,,245199,41,,,1,119,,245200,41,,,1,115,,245201,41,,,1,95,,245202,41,,,1,100,,245203,41,,,1,55,,245205,20,0,7 8 9,1,100,,245208,20,0,7 8 9,1,25,,245209,20,0,7 8 9,1,70,,245211,20,0,7 8 9,1,28,,245213,20,0,7 8 9,1,25,,245215,20,0,7 8 9,1,170,,245219,20,0,7 8 9,1,417,,245223,20,0,7 8 9,1,70,,245225,20,0,7 8 9,1,30,,245228,20,0,7 8 9,1,65,,245230,20,0,7 8 9,1,35,,245233,20,0,7 8 9,1,100,,245236,20,0,7 8 9,1,90,,245238,20,0,7 8 9,1,122,,245240,41,,,1,91,,245241,41,,,1,100,,245242,41,,,1
2101,'20260926',859,,245243,40,0,57 8 9,1,100,,245244,40,0,57 8 9,1,95,,245245,40,0,57 8 9,1,150,,245246,40,0,57 8 9,1,98,,245249,20,0,7 8 9,1,110,,245251,20,0,7 8 9,1,105,,245253,20,0,7 8 9,1,91,,245255,20,0,7 8 9,1,105,,245258,20,0,7 8 9,1,110,,245261,20,0,7 8 9,1,95,,245265,20,0,7 8 9,1,90,,245269,20,0,7 8 9,1,95,,245273,20,0,7 8 9,1,100,,245276,20,0,7 8 9,1,99,,245279,20,0,7 8 9,1,55,,245282,20,0,7 8 9,1,100,,245285,20,0,7 8 9,1,91,,245286,40,0,57 8 9,1,96,,245287,40,0,57 8 9,1,100,,245288,40,0,57 8 9,1
2101,'20260927',859,,245289,40,0,57 8 9,1,100,,245290,40,0,57 8 9,1,95,,245291,40,0,57 8 9,1,150,,245292,40,0,57 8 9,1,98,,245294,20,0,7 8 9,1,110,,245296,20,0,7 8 9,1,105,,245298,20,0,7 8 9,1,91,,245300,20,0,7 8 9,1,105,,245303,20,0,7 8 9,1,110,,245306,20,0,7 8 9,1,95,,245310,20,0,7 8 9,1,90,,245314,20,0,7 8 9,1,95,,245318,20,0,7 8 9,1,100,,245321,20,0,7 8 9,1,99,,245324,20,0,7 8 9,1,55,,245327,20,0,7 8 9,1,100,,245329,20,0,7 8 9,1,91,,245330,40,0,57 8 9,1,96,,245331,40,0,57 8 9,1,100,,245332,40,0,57 8 9,1
2101,'20260928',724,,245333,41,,,1,119,,245334,41,,,1,115,,245335,41,,,1,95,,245336,41,,,1,100,,245337,41,,,1,55,,245339,20,0,7 8 9,1,100,,245342,20,0,7 8 9,1,25,,245343,20,0,7 8 9,1,70,,245345,20,0,7 8 9,1,28,,245347,20,0,7 8 9,1,25,,245349,20,0,7 8 9,1,170,,245353,20,0,7 8 9,1,417,,245357,20,0,7 8 9,1,70,,245359,20,0,7 8 9,1,30,,245362,20,0,7 8 9,1,65,,245364,20,0,7 8 9,1,35,,245367,20,0,7 8 9,1,100,,245370,20,0,7 8 9,1,90,,245372,20,0,7 8 9,1,122,,245374,41,,,1,91,,245375,41,,,1,100,,245376,41,,,1
2101,'20260929',724,,245377,41,,,1,119,,245378,41,,,1,115,,245379,41,,,1,95,,245380,41,,,1,100,,245381,41,,,1,55,,245383,20,0,7 8 9,1,100,,245386,20,0,7 8 9,1,25,,245387,20,0,7 8 9,1,70,,245389,20,0,7 8 9,1,28,,245391,20,0,7 8 9,1,25,,245393,20,0,7 8 9,1,170,,245397,20,0,7 8 9,1,417,,245401,20,0,7 8 9,1,70,,245403,20,0,7 8 9,1,30,,245406,20,0,7 8 9,1,65,,245408,20,0,7 8 9,1,35,,245411,20,0,7 8 9,1,100,,245414,20,0,7 8 9,1,90,,245416,20,0,7 8 9,1,122,,245418,41,,,1,91,,245419,41,,,1,100,,245420,41,,,1
2101,'20260930',724,,245421,41,,,1,119,,245422,41,,,1,115,,245423,41,,,1,95,,245424,41,,,1,100,,245425,41,,,1,55,,245427,20,0,7 8 9,1,100,,245430,20,0,7 8 9,1,25,,245431,20,0,7 8 9,1,70,,245433,20,0,7 8 9,1,28,,245435,20,0,7 8 9,1,25,,245437,20,0,7 8 9,1,170,,245441,20,0,7 8 9,1,417,,245445,20,0,7 8 9,1,70,,245447,20,0,7 8 9,1,30,,245450,20,0,7 8 9,1,65,,245452,20,0,7 8 9,1,35,,245455,20,0,7 8 9,1,100,,245458,20,0,7 8 9,1,90,,245460,20,0,7 8 9,1,122,,245462,41,,,1,91,,245463,41,,,1,100,,245464,41,,,1
2101,'20261001',724,,245465,41,,,1,119,,245466,41,,,1,115,,245467,41,,,1,95,,245468,41,,,1,100,,245469,41,,,1,55,,245471,20,0,7 8 9,1,100,,245474,20,0,7 8 9,1,25,,245475,20,0,7 8 9,1,70,,245477,20,0,7 8 9,1,28,,245479,20,0,7 8 9,1,25,,245481,20,0,7 8 9,1,170,,245485,20,0,7 8 9,1,417,,245489,20,0,7 8 9,1,70,,245491,20,0,7 8 9,1,30,,245494,20,0,7 8 9,1,65,,245496,20,0,7 8 9,1,35,,245499,20,0,7 8 9,1,100,,245502,20,0,7 8 9,1,90,,245504,20,0,7 8 9,1,122,,245506,41,,,1,91,,245507,41,,,1,100,,245508,41,,,1
2101,'20261002',724,,245509,41,,,1,119,,245510,41,,,1,115,,245511,41,,,1,95,,245512,41,,,1,100,,245513,41,,,1,55,,245515,20,0,7 8 9,1,100,,245518,20,0,7 8 9,1,25,,245519,20,0,7 8 9,1,70,,245521,20,0,7 8 9,1,28,,245523,20,0,7 8 9,1,25,,245525,20,0,7 8 9,1,170,,245529,20,0,7 8 9,1,417,,245533,20,0,7 8 9,1,70,,245535,20,0,7 8 9,1,30,,245538,20,0,7 8 9,1,65,,245540,20,0,7 8 9,1,35,,245543,20,0,7 8 9,1,100,,245546,20,0,7 8 9,1,90,,245548,20,0,7 8 9,1,122,,245550,41,,,1,91,,245551,41,,,1,100,,245552,41,,,1
2101,'20261003',859,,245553,40,0,57 8 9,1,100,,245554,40,0,57 8 9,1,95,,245555,40,0,57 8 9,1,150,,245556,40,0,57 8 9,1,98,,245559,20,0,7 8 9,1,110,,245561,20,0,7 8 9,1,105,,245563,20,0,7 8 9,1,91,,245565,20,0,7 8 9,1,105,,245568,20,0,7 8 9,1,110,,245571,20,0,7 8 9,1,95,,245575,20,0,7 8 9,1,90,,245579,20,0,7 8 9,1,95,,245583,20,0,7 8 9,1,100,,245586,20,0,7 8 9,1,99,,245589,20,0,7 8 9,1,55,,245592,20,0,7 8 9,1,100,,245595,20,0,7 8 9,1,91,,245596,40,0,57 8 9,1,96,,245597,40,0,57 8 9,1,100,,245598,40,0,57 8 9,1
2101,'20261004',859,,245599,40,0,57 8 9,1,100,,245600,40,0,57 8 9,1,95,,245601,40,0,57 8 9,1,150,,245602,40,0,57 8 9,1,98,,245604,20,0,7 8 9,1,110,,245606,20,0,7 8 9,1,105,,245608,20,0,7 8 9,1,91,,245610,20,0,7 8 9,1,105,,245613,20,0,7 8 9,1,110,,245616,20,0,7 8 9,1,95,,245620,20,0,7 8 9,1,90,,245624,20,0,7 8 9,1,95,,245628,20,0,7 8 9,1,100,,245631,20,0,7 8 9,1,99,,245634,20,0,7 8 9,1,55,,245637,20,0,7 8 9,1,100,,245639,20,0,7 8 9,1,91,,245640,40,0,57 8 9,1,96,,245641,40,0,57 8 9,1,100,,245642,40,0,57 8 9,1
2101,'20261005',724,,245643,41,,,1,119,,245644,41,,,1,115,,245645,41,,,1,95,,245646,41,,,1,100,,245647,41,,,1,55,,245649,20,0,7 8 9,1,100,,245652,20,0,7 8 9,1,25,,245653,20,0,7 8 9,1,70,,245655,20,0,7 8 9,1,28,,245657,20,0,7 8 9,1,25,,245659,20,0,7 8 9,1,170,,245663,20,0,7 8 9,1,417,,245667,20,0,7 8 9,1,70,,245669,20,0,7 8 9,1,30,,245672,20,0,7 8 9,1,65,,245674,20,0,7 8 9,1,35,,245677,20,0,7 8 9,1,100,,245680,20,0,7 8 9,1,90,,245682,20,0,7 8 9,1,122,,245684,41,,,1,91,,245685,41,,,1,100,,245686,41,,,1
2101,'20261006',724,,245687,41,,,1,119,,245688,41,,,1,115,,245689,41,,,1,95,,245690,41,,,1,100,,245691,41,,,1,55,,245693,20,0,7 8 9,1,100,,245696,20,0,7 8 9,1,25,,245697,20,0,7 8 9,1,70,,245699,20,0,7 8 9,1,28,,245701,20,0,7 8 9,1,25,,245703,20,0,7 8 9,1,170,,245707,20,0,7 8 9,1,417,,245711,20,0,7 8 9,1,70,,245713,20,0,7 8 9,1,30,,245716,20,0,7 8 9,1,65,,245718,20,0,7 8 9,1,35,,245721,20,0,7 8 9,1,100,,245724,20,0,7 8 9,1,90,,245726,20,0,7 8 9,1,122,,245728,41,,,1,91,,245729,41,,,1,100,,245730,41,,,1
2101,'20261007',724,,245731,41,,,1,119,,245732,41,,,1,115,,245733,41,,,1,95,,245734,41,,,1,100,,245735,41,,,1,55,,245737,20,0,7 8 9,1,100,,245740,20,0,7 8 9,1,25,,245741,20,0,7 8 9,1,70,,245743,20,0,7 8 9,1,28,,245745,20,0,7 8 9,1,25,,245747,20,0,7 8 9,1,170,,245751,20,0,7 8 9,1,417,,245755,20,0,7 8 9,1,70,,245757,20,0,7 8 9,1,30,,245760,20,0,7 8 9,1,65,,245762,20,0,7 8 9,1,35,,245765,20,0,7 8 9,1,100,,245768,20,0,7 8 9,1,90,,245770,20,0,7 8 9,1,122,,245772,41,,,1,91,,245773,41,,,1,100,,245774,41,,,1
2101,'20261008',724,,245775,41,,,1,119,,245776,41,,,1,115,,245777,41,,,1,95,,245778,41,,,1,100,,245779,41,,,1,55,,245781,20,0,7 8 9,1,100,,245784,20,0,7 8 9,1,25,,245785,20,0,7 8 9,1,70,,245787,20,0,7 8 9,1,28,,245789,20,0,7 8 9,1,25,,245791,20,0,7 8 9,1,170,,245795,20,0,7 8 9,1,417,,245799,20,0,7 8 9,1,70,,245801,20,0,7 8 9,1,30,,245804,20,0,7 8 9,1,65,,245806,20,0,7 8 9,1,35,,245809,20,0,7 8 9,1,100,,245812,20,0,7 8 9,1,90,,245814,20,0,7 8 9,1,122,,245816,41,,,1,91,,245817,41,,,1,100,,245818,41,,,1
2101,'20261009',724,,245819,41,,,1,119,,245820,41,,,1,115,,245821,41,,,1,95,,245822,41,,,1,100,,245823,41,,,1,55,,245825,20,0,7 8 9,1,100,,245828,20,0,7 8 9,1,25,,245829,20,0,7 8 9,1,70,,245831,20,0,7 8 9,1,28,,245833,20,0,7 8 9,1,25,,245835,20,0,7 8 9,1,170,,245839,20,0,7 8 9,1,417,,245843,20,0,7 8 9,1,70,,245845,20,0,7 8 9,1,30,,245848,20,0,7 8 9,1,65,,245850,20,0,7 8 9,1,35,,245853,20,0,7 8 9,1,100,,245856,20,0,7 8 9,1,90,,245858,20,0,7 8 9,1,122,,245860,41,,,1,91,,245861,41,,,1,100,,245862,41,,,1
2101,'20261010',859,,245863,40,0,57 8 9,1,100,,245864,40,0,57 8 9,1,95,,245865,40,0,57 8 9,1,150,,245866,40,0,57 8 9,1,98,,245869,20,0,7 8 9,1,110,,245871,20,0,7 8 9,1,105,,245873,20,0,7 8 9,1,91,,245875,20,0,7 8 9,1,105,,245878,20,0,7 8 9,1,110,,245881,20,0,7 8 9,1,95,,245885,20,0,7 8 9,1,90,,245889,20,0,7 8 9,1,95,,245893,20,0,7 8 9,1,100,,245896,20,0,7 8 9,1,99,,245899,20,0,7 8 9,1,55,,245902,20,0,7 8 9,1,100,,245905,20,0,7 8 9,1,91,,245906,40,0,57 8 9,1,96,,245907,40,0,57 8 9,1,100,,245908,40,0,57 8 9,1
2101,'20261011',859,,245909,40,0,57 8 9,1,100,,245910,40,0,57 8 9,1,95,,245911,40,0,57 8 9,1,150,,245912,40,0,57 8 9,1,98,,245914,20,0,7 8 9,1,110,,245916,20,0,7 8 9,1,105,,245918,20,0,7 8 9,1,91,,245920,20,0,7 8 9,1,105,,245923,20,0,7 8 9,1,110,,245926,20,0,7 8 9,1,95,,245930,20,0,7 8 9,1,90,,245934,20,0,7 8 9,1,95,,245938,20,0,7 8 9,1,100,,245941,20,0,7 8 9,1,99,,245944,20,0,7 8 9,1,55,,245947,20,0,7 8 9,1,100,,245949,20,0,7 8 9,1,91,,245950,40,0,57 8 9,1,96,,245951,40,0,57 8 9,1,100,,245952,40,0,57 8 9,1
2101,'20261012',859,,245953,40,0,57 8 9,1,100,,245954,40,0,57 8 9,1,95,,245955,40,0,57 8 9,1,150,,245956,40,0,57 8 9,1,98,,245959,20,0,7 8 9,1,110,,245961,20,0,7 8 9,1,105,,245963,20,0,7 8 9,1,91,,245965,20,0,7 8 9,1,105,,245968,20,0,7 8 9,1,110,,245971,20,0,7 8 9,1,95,,245975,20,0,7 8 9,1,90,,245979,20,0,7 8 9,1,95,,245983,20,0,7 8 9,1,100,,245986,20,0,7 8 9,1,99,,245989,20,0,7 8 9,1,55,,245992,20,0,7 8 9,1,100,,245995,20,0,7 8 9,1,91,,245996,40,0,57 8 9,1,96,,245997,40,0,57 8 9,1,100,,245998,40,0,57 8 9,1
2101,'20261013',724,,245999,41,,,1,119,,246000,41,,,1,115,,246001,41,,,1,95,,246002,41,,,1,100,,246003,41,,,1,55,,246005,20,0,7 8 9,1,100,,246008,20,0,7 8 9,1,25,,246009,20,0,7 8 9,1,70,,246011,20,0,7 8 9,1,28,,246013,20,0,7 8 9,1,25,,246015,20,0,7 8 9,1,170,,246019,20,0,7 8 9,1,417,,246023,20,0,7 8 9,1,70,,246025,20,0,7 8 9,1,30,,246028,20,0,7 8 9,1,65,,246030,20,0,7 8 9,1,35,,246033,20,0,7 8 9,1,100,,246036,20,0,7 8 9,1,90,,246038,20,0,7 8 9,1,122,,246040,41,,,1,91,,246041,41,,,1,100,,246042,41,,,1
2101,'20261014',724,,246043,41,,,1,119,,246044,41,,,1,115,,246045,41,,,1,95,,246046,41,,,1,100,,246047,41,,,1,55,,246049,20,0,7 8 9,1,100,,246052,20,0,7 8 9,1,25,,246053,20,0,7 8 9,1,70,,246055,20,0,7 8 9,1,28,,246057,20,0,7 8 9,1,25,,246059,20,0,7 8 9,1,170,,246063,20,0,7 8 9,1,417,,246067,20,0,7 8 9,1,70,,246069,20,0,7 8 9,1,30,,246072,20,0,7 8 9,1,65,,246074,20,0,7 8 9,1,35,,246077,20,0,7 8 9,1,100,,246080,20,0,7 8 9,1,90,,246082,20,0,7 8 9,1,122,,246084,41,,,1,91,,246085,41,,,1,100,,246086,41,,,1
2101,'20261015',724,,246087,41,,,1,119,,246088,41,,,1,115,,246089,41,,,1,95,,246090,41,,,1,100,,246091,41,,,1,55,,246093,20,0,7 8 9,1,100,,246096,20,0,7 8 9,1,25,,246097,20,0,7 8 9,1,70,,246099,20,0,7 8 9,1,28,,246101,20,0,7 8 9,1,25,,246103,20,0,7 8 9,1,170,,246107,20,0,7 8 9,1,417,,246111,20,0,7 8 9,1,70,,246113,20,0,7 8 9,1,30,,246116,20,0,7 8 9,1,65,,246118,20,0,7 8 9,1,35,,246121,20,0,7 8 9,1,100,,246124,20,0,7 8 9,1,90,,246126,20,0,7 8 9,1,122,,246128,41,,,1,91,,246129,41,,,1,100,,246130,41,,,1
2101,'20261016',724,,246131,41,,,1,119,,246132,41,,,1,115,,246133,41,,,1,95,,246134,41,,,1,100,,246135,41,,,1,55,,246137,20,0,7 8 9,1,100,,246140,20,0,7 8 9,1,25,,246141,20,0,7 8 9,1,70,,246143,20,0,7 8 9,1,28,,246145,20,0,7 8 9,1,25,,246147,20,0,7 8 9,1,170,,246151,20,0,7 8 9,1,417,,246155,20,0,7 8 9,1,70,,246157,20,0,7 8 9,1,30,,246160,20,0,7 8 9,1,65,,246162,20,0,7 8 9,1,35,,246165,20,0,7 8 9,1,100,,246168,20,0,7 8 9,1,90,,246170,20,0,7 8 9,1,122,,246172,41,,,1,91,,246173,41,,,1,100,,246174,41,,,1
2101,'20261017',859,,246175,40,0,57 8 9,1,100,,246176,40,0,57 8 9,1,95,,246177,40,0,57 8 9,1,150,,246178,40,0,57 8 9,1,98,,246181,20,0,7 8 9,1,110,,246183,20,0,7 8 9,1,105,,246185,20,0,7 8 9,1,91,,246187,20,0,7 8 9,1,105,,246190,20,0,7 8 9,1,110,,246193,20,0,7 8 9,1,95,,246197,20,0,7 8 9,1,90,,246201,20,0,7 8 9,1,95,,246205,20,0,7 8 9,1,100,,246208,20,0,7 8 9,1,99,,246211,20,0,7 8 9,1,55,,246214,20,0,7 8 9,1,100,,246217,20,0,7 8 9,1,91,,246218,40,0,57 8 9,1,96,,246219,40,0,57 8 9,1,100,,246220,40,0,57 8 9,1
2101,'20261018',859,,246221,40,0,57 8 9,1,100,,246222,40,0,57 8 9,1,95,,246223,40,0,57 8 9,1,150,,246224,40,0,57 8 9,1,98,,246226,20,0,7 8 9,1,110,,246228,20,0,7 8 9,1,105,,246230,20,0,7 8 9,1,91,,246232,20,0,7 8 9,1,105,,246235,20,0,7 8 9,1,110,,246238,20,0,7 8 9,1,95,,246242,20,0,7 8 9,1,90,,246246,20,0,7 8 9,1,95,,246250,20,0,7 8 9,1,100,,246253,20,0,7 8 9,1,99,,246256,20,0,7 8 9,1,55,,246259,20,0,7 8 9,1,100,,246261,20,0,7 8 9,1,91,,246262,40,0,57 8 9,1,96,,246263,40,0,57 8 9,1,100,,246264,40,0,57 8 9,1
2101,'20261019',724,,246265,41,,,1,119,,246266,41,,,1,115,,246267,41,,,1,95,,246268,41,,,1,100,,246269,41,,,1,55,,246271,20,0,7 8 9,1,100,,246274,20,0,7 8 9,1,25,,246275,20,0,7 8 9,1,70,,246277,20,0,7 8 9,1,28,,246279,20,0,7 8 9,1,25,,246281,20,0,7 8 9,1,170,,246285,20,0,7 8 9,1,417,,246289,20,0,7 8 9,1,70,,246291,20,0,7 8 9,1,30,,246294,20,0,7 8 9,1,65,,246296,20,0,7 8 9,1,35,,246299,20,0,7 8 9,1,100,,246302,20,0,7 8 9,1,90,,246304,20,0,7 8 9,1,122,,246306,41,,,1,91,,246307,41,,,1,100,,246308,41,,,1
2101,'20261020',724,,246309,41,,,1,119,,246310,41,,,1,115,,246311,41,,,1,95,,246312,41,,,1,100,,246313,41,,,1,55,,246315,20,0,7 8 9,1,100,,246318,20,0,7 8 9,1,25,,246319,20,0,7 8 9,1,70,,246321,20,0,7 8 9,1,28,,246323,20,0,7 8 9,1,25,,246325,20,0,7 8 9,1,170,,246329,20,0,7 8 9,1,417,,246333,20,0,7 8 9,1,70,,246335,20,0,7 8 9,1,30,,246338,20,0,7 8 9,1,65,,246340,20,0,7 8 9,1,35,,246343,20,0,7 8 9,1,100,,246346,20,0,7 8 9,1,90,,246348,20,0,7 8 9,1,122,,246350,41,,,1,91,,246351,41,,,1,100,,246352,41,,,1
2101,'20261021',724,,246353,41,,,1,119,,246354,41,,,1,115,,246355,41,,,1,95,,246356,41,,,1,100,,246357,41,,,1,55,,246359,20,0,7 8 9,1,100,,246362,20,0,7 8 9,1,25,,246363,20,0,7 8 9,1,70,,246365,20,0,7 8 9,1,28,,246367,20,0,7 8 9,1,25,,246369,20,0,7 8 9,1,170,,246373,20,0,7 8 9,1,417,,246377,20,0,7 8 9,1,70,,246379,20,0,7 8 9,1,30,,246382,20,0,7 8 9,1,65,,246384,20,0,7 8 9,1,35,,246387,20,0,7 8 9,1,100,,246390,20,0,7 8 9,1,90,,246392,20,0,7 8 9,1,122,,246394,41,,,1,91,,246395,41,,,1,100,,246396,41,,,1
2101,'20261022',724,,246397,41,,,1,119,,246398,41,,,1,115,,246399,41,,,1,95,,246400,41,,,1,100,,246401,41,,,1,55,,246403,20,0,7 8 9,1,100,,246406,20,0,7 8 9,1,25,,246407,20,0,7 8 9,1,70,,246409,20,0,7 8 9,1,28,,246411,20,0,7 8 9,1,25,,246413,20,0,7 8 9,1,170,,246417,20,0,7 8 9,1,417,,246421,20,0,7 8 9,1,70,,246423,20,0,7 8 9,1,30,,246426,20,0,7 8 9,1,65,,246428,20,0,7 8 9,1,35,,246431,20,0,7 8 9,1,100,,246434,20,0,7 8 9,1,90,,246436,20,0,7 8 9,1,122,,246438,41,,,1,91,,246439,41,,,1,100,,246440,41,,,1
2101,'20261023',724,,246441,41,,,1,119,,246442,41,,,1,115,,246443,41,,,1,95,,246444,41,,,1,100,,246445,41,,,1,55,,246447,20,0,7 8 9,1,100,,246450,20,0,7 8 9,1,25,,246451,20,0,7 8 9,1,70,,246453,20,0,7 8 9,1,28,,246455,20,0,7 8 9,1,25,,246457,20,0,7 8 9,1,170,,246461,20,0,7 8 9,1,417,,246465,20,0,7 8 9,1,70,,246467,20,0,7 8 9,1,30,,246470,20,0,7 8 9,1,65,,246472,20,0,7 8 9,1,35,,246475,20,0,7 8 9,1,100,,246478,20,0,7 8 9,1,90,,246480,20,0,7 8 9,1,122,,246482,41,,,1,91,,246483,41,,,1,100,,246484,41,,,1
2101,'20261024',859,,246485,40,0,57 8 9,1,100,,246486,40,0,57 8 9,1,95,,246487,40,0,57 8 9,1,150,,246488,40,0,57 8 9,1,98,,246491,20,0,7 8 9,1,110,,246493,20,0,7 8 9,1,105,,246495,20,0,7 8 9,1,91,,246497,20,0,7 8 9,1,105,,246500,20,0,7 8 9,1,110,,246503,20,0,7 8 9,1,95,,246507,20,0,7 8 9,1,90,,246511,20,0,7 8 9,1,95,,246515,20,0,7 8 9,1,100,,246518,20,0,7 8 9,1,99,,246521,20,0,7 8 9,1,55,,246524,20,0,7 8 9,1,100,,246527,20,0,7 8 9,1,91,,246528,40,0,57 8 9,1,96,,246529,40,0,57 8 9,1,100,,246530,40,0,57 8 9,1
2101,'20261025',859,,246531,40,0,57 8 9,1,100,,246532,40,0,57 8 9,1,95,,246533,40,0,57 8 9,1,150,,246534,40,0,57 8 9,1,98,,246536,20,0,7 8 9,1,110,,246538,20,0,7 8 9,1,105,,246540,20,0,7 8 9,1,91,,246542,20,0,7 8 9,1,105,,246545,20,0,7 8 9,1,110,,246548,20,0,7 8 9,1,95,,246552,20,0,7 8 9,1,90,,246556,20,0,7 8 9,1,95,,246560,20,0,7 8 9,1,100,,246563,20,0,7 8 9,1,99,,246566,20,0,7 8 9,1,55,,246569,20,0,7 8 9,1,100,,246571,20,0,7 8 9,1,91,,246572,40,0,57 8 9,1,96,,246573,40,0,57 8 9,1,100,,246574,40,0,57 8 9,1
2101,'20261026',724,,246575,41,,,1,119,,246576,41,,,1,115,,246577,41,,,1,95,,246578,41,,,1,100,,246579,41,,,1,55,,246581,20,0,7 8 9,1,100,,246584,20,0,7 8 9,1,25,,246585,20,0,7 8 9,1,70,,246587,20,0,7 8 9,1,28,,246589,20,0,7 8 9,1,25,,246591,20,0,7 8 9,1,170,,246595,20,0,7 8 9,1,417,,246599,20,0,7 8 9,1,70,,246601,20,0,7 8 9,1,30,,246604,20,0,7 8 9,1,65,,246606,20,0,7 8 9,1,35,,246609,20,0,7 8 9,1,100,,246612,20,0,7 8 9,1,90,,246614,20,0,7 8 9,1,122,,246616,41,,,1,91,,246617,41,,,1,100,,246618,41,,,1
2101,'20261027',724,,246619,41,,,1,119,,246620,41,,,1,115,,246621,41,,,1,95,,246622,41,,,1,100,,246623,41,,,1,55,,246625,20,0,7 8 9,1,100,,246628,20,0,7 8 9,1,25,,246629,20,0,7 8 9,1,70,,246631,20,0,7 8 9,1,28,,246633,20,0,7 8 9,1,25,,246635,20,0,7 8 9,1,170,,246639,20,0,7 8 9,1,417,,246643,20,0,7 8 9,1,70,,246645,20,0,7 8 9,1,30,,246648,20,0,7 8 9,1,65,,246650,20,0,7 8 9,1,35,,246653,20,0,7 8 9,1,100,,246656,20,0,7 8 9,1,90,,246658,20,0,7 8 9,1,122,,246660,41,,,1,91,,246661,41,,,1,100,,246662,41,,,1
2101,'20261028',724,,246663,41,,,1,119,,246664,41,,,1,115,,246665,41,,,1,95,,246666,41,,,1,100,,246667,41,,,1,55,,246669,20,0,7 8 9,1,100,,246672,20,0,7 8 9,1,25,,246673,20,0,7 8 9,1,70,,246675,20,0,7 8 9,1,28,,246677,20,0,7 8 9,1,25,,246679,20,0,7 8 9,1,170,,246683,20,0,7 8 9,1,417,,246687,20,0,7 8 9,1,70,,246689,20,0,7 8 9,1,30,,246692,20,0,7 8 9,1,65,,246694,20,0,7 8 9,1,35,,246697,20,0,7 8 9,1,100,,246700,20,0,7 8 9,1,90,,246702,20,0,7 8 9,1,122,,246704,41,,,1,91,,246705,41,,,1,100,,246706,41,,,1
2101,'20261029',724,,246707,41,,,1,119,,246708,41,,,1,115,,246709,41,,,1,95,,246710,41,,,1,100,,246711,41,,,1,55,,246713,20,0,7 8 9,1,100,,246716,20,0,7 8 9,1,25,,246717,20,0,7 8 9,1,70,,246719,20,0,7 8 9,1,28,,246721,20,0,7 8 9,1,25,,246723,20,0,7 8 9,1,170,,246727,20,0,7 8 9,1,417,,246731,20,0,7 8 9,1,70,,246733,20,0,7 8 9,1,30,,246736,20,0,7 8 9,1,65,,246738,20,0,7 8 9,1,35,,246741,20,0,7 8 9,1,100,,246744,20,0,7 8 9,1,90,,246746,20,0,7 8 9,1,122,,246748,41,,,1,91,,246749,41,,,1,100,,246750,41,,,1
2101,'20261030',724,,246751,41,,,1,119,,246752,41,,,1,115,,246753,41,,,1,95,,246754,41,,,1,100,,246755,41,,,1,55,,246757,20,0,7 8 9,1,100,,246760,20,0,7 8 9,1,25,,246761,20,0,7 8 9,1,70,,246763,20,0,7 8 9,1,28,,246765,20,0,7 8 9,1,25,,246767,20,0,7 8 9,1,170,,246771,20,0,7 8 9,1,417,,246775,20,0,7 8 9,1,70,,246777,20,0,7 8 9,1,30,,246780,20,0,7 8 9,1,65,,246782,20,0,7 8 9,1,35,,246785,20,0,7 8 9,1,100,,246788,20,0,7 8 9,1,90,,246790,20,0,7 8 9,1,122,,246792,41,,,1,91,,246793,41,,,1,100,,246794,41,,,1
2101,'20261031',859,,246795,40,0,57 8 9,1,100,,246796,40,0,57 8 9,1,95,,246797,40,0,57 8 9,1,150,,246798,40,0,57 8 9,1,98,,246801,20,0,7 8 9,1,110,,246803,20,0,7 8 9,1,105,,246805,20,0,7 8 9,1,91,,246807,20,0,7 8 9,1,105,,246810,20,0,7 8 9,1,110,,246813,20,0,7 8 9,1,95,,246817,20,0,7 8 9,1,90,,246821,20,0,7 8 9,1,95,,246825,20,0,7 8 9,1,100,,246828,20,0,7 8 9,1,99,,246831,20,0,7 8 9,1,55,,246834,20,0,7 8 9,1,100,,246837,20,0,7 8 9,1,91,,246838,40,0,57 8 9,1,96,,246839,40,0,57 8 9,1,100,,246840,40,0,57 8 9,1
2101,'20261101',859,,246841,40,0,57 8 9,1,100,,246842,40,0,57 8 9,1,95,,246843,40,0,57 8 9,1,150,,246844,40,0,57 8 9,1,98,,246846,20,0,7 8 9,1,110,,246848,20,0,7 8 9,1,105,,246850,20,0,7 8 9,1,91,,246852,20,0,7 8 9,1,105,,246855,20,0,7 8 9,1,110,,246858,20,0,7 8 9,1,95,,246862,20,0,7 8 9,1,90,,246866,20,0,7 8 9,1,95,,246870,20,0,7 8 9,1,100,,246873,20,0,7 8 9,1,99,,246876,20,0,7 8 9,1,55,,246879,20,0,7 8 9,1,100,,246881,20,0,7 8 9,1,91,,246882,40,0,57 8 9,1,96,,246883,40,0,57 8 9,1,100,,246884,40,0,57 8 9,1
2101,'20261102',724,,246885,41,,,1,119,,246886,41,,,1,115,,246887,41,,,1,95,,246888,41,,,1,100,,246889,41,,,1,55,,246891,20,0,7 8 9,1,100,,246894,20,0,7 8 9,1,25,,246895,20,0,7 8 9,1,70,,246897,20,0,7 8 9,1,28,,246899,20,0,7 8 9,1,25,,246901,20,0,7 8 9,1,170,,246905,20,0,7 8 9,1,417,,246909,20,0,7 8 9,1,70,,246911,20,0,7 8 9,1,30,,246914,20,0,7 8 9,1,65,,246916,20,0,7 8 9,1,35,,246919,20,0,7 8 9,1,100,,246922,20,0,7 8 9,1,90,,246924,20,0,7 8 9,1,122,,246926,41,,,1,91,,246927,41,,,1,100,,246928,41,,,1
2101,'20261103',724,,246929,41,,,1,119,,246930,41,,,1,115,,246931,41,,,1,95,,246932,41,,,1,100,,246933,41,,,1,55,,246935,20,0,7 8 9,1,100,,246938,20,0,7 8 9,1,25,,246939,20,0,7 8 9,1,70,,246941,20,0,7 8 9,1,28,,246943,20,0,7 8 9,1,25,,246945,20,0,7 8 9,1,170,,246949,20,0,7 8 9,1,417,,246953,20,0,7 8 9,1,70,,246955,20,0,7 8 9,1,30,,246958,20,0,7 8 9,1,65,,246960,20,0,7 8 9,1,35,,246963,20,0,7 8 9,1,100,,246966,20,0,7 8 9,1,90,,246968,20,0,7 8 9,1,122,,246970,41,,,1,91,,246971,41,,,1,100,,246972,41,,,1
2101,'20261104',724,,246973,41,,,1,119,,246974,41,,,1,115,,246975,41,,,1,95,,246976,41,,,1,100,,246977,41,,,1,55,,246979,20,0,7 8 9,1,100,,246982,20,0,7 8 9,1,25,,246983,20,0,7 8 9,1,70,,246985,20,0,7 8 9,1,28,,246987,20,0,7 8 9,1,25,,246989,20,0,7 8 9,1,170,,246993,20,0,7 8 9,1,417,,246997,20,0,7 8 9,1,70,,246999,20,0,7 8 9,1,30,,247002,20,0,7 8 9,1,65,,247004,20,0,7 8 9,1,35,,247007,20,0,7 8 9,1,100,,247010,20,0,7 8 9,1,90,,247012,20,0,7 8 9,1,122,,247014,41,,,1,91,,247015,41,,,1,100,,247016,41,,,1
2101,'20261105',724,,247017,41,,,1,119,,247018,41,,,1,115,,247019,41,,,1,95,,247020,41,,,1,100,,247021,41,,,1,55,,247023,20,0,7 8 9,1,100,,247026,20,0,7 8 9,1,25,,247027,20,0,7 8 9,1,70,,247029,20,0,7 8 9,1,28,,247031,20,0,7 8 9,1,25,,247033,20,0,7 8 9,1,170,,247037,20,0,7 8 9,1,417,,247041,20,0,7 8 9,1,70,,247043,20,0,7 8 9,1,30,,247046,20,0,7 8 9,1,65,,247048,20,0,7 8 9,1,35,,247051,20,0,7 8 9,1,100,,247054,20,0,7 8 9,1,90,,247056,20,0,7 8 9,1,122,,247058,41,,,1,91,,247059,41,,,1,100,,247060,41,,,1
2101,'20261106',724,,247061,41,,,1,119,,247062,41,,,1,115,,247063,41,,,1,95,,247064,41,,,1,100,,247065,41,,,1,55,,247067,20,0,7 8 9,1,100,,247070,20,0,7 8 9,1,25,,247071,20,0,7 8 9,1,70,,247073,20,0,7 8 9,1,28,,247075,20,0,7 8 9,1,25,,247077,20,0,7 8 9,1,170,,247081,20,0,7 8 9,1,417,,247085,20,0,7 8 9,1,70,,247087,20,0,7 8 9,1,30,,247090,20,0,7 8 9,1,65,,247092,20,0,7 8 9,1,35,,247095,20,0,7 8 9,1,100,,247098,20,0,7 8 9,1,90,,247100,20,0,7 8 9,1,122,,247102,41,,,1,91,,247103,41,,,1,100,,247104,41,,,1
2101,'20261107',859,,247105,40,0,57 8 9,1,100,,247106,40,0,57 8 9,1,95,,247107,40,0,57 8 9,1,150,,247108,40,0,57 8 9,1,98,,247111,20,0,7 8 9,1,110,,247113,20,0,7 8 9,1,105,,247115,20,0,7 8 9,1,91,,247117,20,0,7 8 9,1,105,,247120,20,0,7 8 9,1,110,,247123,20,0,7 8 9,1,95,,247127,20,0,7 8 9,1,90,,247131,20,0,7 8 9,1,95,,247135,20,0,7 8 9,1,100,,247138,20,0,7 8 9,1,99,,247141,20,0,7 8 9,1,55,,247144,20,0,7 8 9,1,100,,247147,20,0,7 8 9,1,91,,247148,40,0,57 8 9,1,96,,247149,40,0,57 8 9,1,100,,247150,40,0,57 8 9,1
2101,'20261108',859,,247151,40,0,57 8 9,1,100,,247152,40,0,57 8 9,1,95,,247153,40,0,57 8 9,1,150,,247154,40,0,57 8 9,1,98,,247156,20,0,7 8 9,1,110,,247158,20,0,7 8 9,1,105,,247160,20,0,7 8 9,1,91,,247162,20,0,7 8 9,1,105,,247165,20,0,7 8 9,1,110,,247168,20,0,7 8 9,1,95,,247172,20,0,7 8 9,1,90,,247176,20,0,7 8 9,1,95,,247180,20,0,7 8 9,1,100,,247183,20,0,7 8 9,1,99,,247186,20,0,7 8 9,1,55,,247189,20,0,7 8 9,1,100,,247191,20,0,7 8 9,1,91,,247192,40,0,57 8 9,1,96,,247193,40,0,57 8 9,1,100,,247194,40,0,57 8 9,1
2101,'20261109',724,,247195,41,,,1,119,,247196,41,,,1,115,,247197,41,,,1,95,,247198,41,,,1,100,,247199,41,,,1,55,,247201,20,0,7 8 9,1,100,,247204,20,0,7 8 9,1,25,,247205,20,0,7 8 9,1,70,,247207,20,0,7 8 9,1,28,,247209,20,0,7 8 9,1,25,,247211,20,0,7 8 9,1,170,,247215,20,0,7 8 9,1,417,,247219,20,0,7 8 9,1,70,,247221,20,0,7 8 9,1,30,,247224,20,0,7 8 9,1,65,,247226,20,0,7 8 9,1,35,,247229,20,0,7 8 9,1,100,,247232,20,0,7 8 9,1,90,,247234,20,0,7 8 9,1,122,,247236,41,,,1,91,,247237,41,,,1,100,,247238,41,,,1
2101,'20261110',724,,247239,41,,,1,119,,247240,41,,,1,115,,247241,41,,,1,95,,247242,41,,,1,100,,247243,41,,,1,55,,247245,20,0,7 8 9,1,100,,247248,20,0,7 8 9,1,25,,247249,20,0,7 8 9,1,70,,247251,20,0,7 8 9,1,28,,247253,20,0,7 8 9,1,25,,247255,20,0,7 8 9,1,170,,247259,20,0,7 8 9,1,417,,247263,20,0,7 8 9,1,70,,247265,20,0,7 8 9,1,30,,247268,20,0,7 8 9,1,65,,247270,20,0,7 8 9,1,35,,247273,20,0,7 8 9,1,100,,247276,20,0,7 8 9,1,90,,247278,20,0,7 8 9,1,122,,247280,41,,,1,91,,247281,41,,,1,100,,247282,41,,,1
2101,'20261111',724,,247283,41,,,1,119,,247284,41,,,1,115,,247285,41,,,1,95,,247286,41,,,1,100,,247287,41,,,1,55,,247289,20,0,7 8 9,1,100,,247292,20,0,7 8 9,1,25,,247293,20,0,7 8 9,1,70,,247295,20,0,7 8 9,1,28,,247297,20,0,7 8 9,1,25,,247299,20,0,7 8 9,1,170,,247303,20,0,7 8 9,1,417,,247307,20,0,7 8 9,1,70,,247309,20,0,7 8 9,1,30,,247312,20,0,7 8 9,1,65,,247314,20,0,7 8 9,1,35,,247317,20,0,7 8 9,1,100,,247320,20,0,7 8 9,1,90,,247322,20,0,7 8 9,1,122,,247324,41,,,1,91,,247325,41,,,1,100,,247326,41,,,1
2101,'20261112',724,,247327,41,,,1,119,,247328,41,,,1,115,,247329,41,,,1,95,,247330,41,,,1,100,,247331,41,,,1,55,,247333,20,0,7 8 9,1,100,,247336,20,0,7 8 9,1,25,,247337,20,0,7 8 9,1,70,,247339,20,0,7 8 9,1,28,,247341,20,0,7 8 9,1,25,,247343,20,0,7 8 9,1,170,,247347,20,0,7 8 9,1,417,,247351,20,0,7 8 9,1,70,,247353,20,0,7 8 9,1,30,,247356,20,0,7 8 9,1,65,,247358,20,0,7 8 9,1,35,,247361,20,0,7 8 9,1,100,,247364,20,0,7 8 9,1,90,,247366,20,0,7 8 9,1,122,,247368,41,,,1,91,,247369,41,,,1,100,,247370,41,,,1
2101,'20261113',724,,247371,41,,,1,119,,247372,41,,,1,115,,247373,41,,,1,95,,247374,41,,,1,100,,247375,41,,,1,55,,247377,20,0,7 8 9,1,100,,247380,20,0,7 8 9,1,25,,247381,20,0,7 8 9,1,70,,247383,20,0,7 8 9,1,28,,247385,20,0,7 8 9,1,25,,247387,20,0,7 8 9,1,170,,247391,20,0,7 8 9,1,417,,247395,20,0,7 8 9,1,70,,247397,20,0,7 8 9,1,30,,247400,20,0,7 8 9,1,65,,247402,20,0,7 8 9,1,35,,247405,20,0,7 8 9,1,100,,247408,20,0,7 8 9,1,90,,247410,20,0,7 8 9,1,122,,247412,41,,,1,91,,247413,41,,,1,100,,247414,41,,,1
2101,'20261114',859,,247415,40,0,57 8 9,1,100,,247416,40,0,57 8 9,1,95,,247417,40,0,57 8 9,1,150,,247418,40,0,57 8 9,1,98,,247421,20,0,7 8 9,1,110,,247423,20,0,7 8 9,1,105,,247425,20,0,7 8 9,1,91,,247427,20,0,7 8 9,1,105,,247430,20,0,7 8 9,1,110,,247433,20,0,7 8 9,1,95,,247437,20,0,7 8 9,1,90,,247441,20,0,7 8 9,1,95,,247445,20,0,7 8 9,1,100,,247448,20,0,7 8 9,1,99,,247451,20,0,7 8 9,1,55,,247454,20,0,7 8 9,1,100,,247457,20,0,7 8 9,1,91,,247458,40,0,57 8 9,1,96,,247459,40,0,57 8 9,1,100,,247460,40,0,57 8 9,1
2101,'20261115',859,,247461,40,0,57 8 9,1,100,,247462,40,0,57 8 9,1,95,,247463,40,0,57 8 9,1,150,,247464,40,0,57 8 9,1,98,,247466,20,0,7 8 9,1,110,,247468,20,0,7 8 9,1,105,,247470,20,0,7 8 9,1,91,,247472,20,0,7 8 9,1,105,,247475,20,0,7 8 9,1,110,,247478,20,0,7 8 9,1,95,,247482,20,0,7 8 9,1,90,,247486,20,0,7 8 9,1,95,,247490,20,0,7 8 9,1,100,,247493,20,0,7 8 9,1,99,,247496,20,0,7 8 9,1,55,,247499,20,0,7 8 9,1,100,,247501,20,0,7 8 9,1,91,,247502,40,0,57 8 9,1,96,,247503,40,0,57 8 9,1,100,,247504,40,0,57 8 9,1
2101,'20261116',724,,247505,41,,,1,119,,247506,41,,,1,115,,247507,41,,,1,95,,247508,41,,,1,100,,247509,41,,,1,55,,247511,20,0,7 8 9,1,100,,247514,20,0,7 8 9,1,25,,247515,20,0,7 8 9,1,70,,247517,20,0,7 8 9,1,28,,247519,20,0,7 8 9,1,25,,247521,20,0,7 8 9,1,170,,247525,20,0,7 8 9,1,417,,247529,20,0,7 8 9,1,70,,247531,20,0,7 8 9,1,30,,247534,20,0,7 8 9,1,65,,247536,20,0,7 8 9,1,35,,247539,20,0,7 8 9,1,100,,247542,20,0,7 8 9,1,90,,247544,20,0,7 8 9,1,122,,247546,41,,,1,91,,247547,41,,,1,100,,247548,41,,,1
2101,'20261117',724,,247549,41,,,1,119,,247550,41,,,1,115,,247551,41,,,1,95,,247552,41,,,1,100,,247553,41,,,1,55,,247555,20,0,7 8 9,1,100,,247558,20,0,7 8 9,1,25,,247559,20,0,7 8 9,1,70,,247561,20,0,7 8 9,1,28,,247563,20,0,7 8 9,1,25,,247565,20,0,7 8 9,1,170,,247569,20,0,7 8 9,1,417,,247573,20,0,7 8 9,1,70,,247575,20,0,7 8 9,1,30,,247578,20,0,7 8 9,1,65,,247580,20,0,7 8 9,1,35,,247583,20,0,7 8 9,1,100,,247586,20,0,7 8 9,1,90,,247588,20,0,7 8 9,1,122,,247590,41,,,1,91,,247591,41,,,1,100,,247592,41,,,1
2101,'20261118',724,,247593,41,,,1,119,,247594,41,,,1,115,,247595,41,,,1,95,,247596,41,,,1,100,,247597,41,,,1,55,,247599,20,0,7 8 9,1,100,,247602,20,0,7 8 9,1,25,,247603,20,0,7 8 9,1,70,,247605,20,0,7 8 9,1,28,,247607,20,0,7 8 9,1,25,,247609,20,0,7 8 9,1,170,,247613,20,0,7 8 9,1,417,,247617,20,0,7 8 9,1,70,,247619,20,0,7 8 9,1,30,,247622,20,0,7 8 9,1,65,,247624,20,0,7 8 9,1,35,,247627,20,0,7 8 9,1,100,,247630,20,0,7 8 9,1,90,,247632,20,0,7 8 9,1,122,,247634,41,,,1,91,,247635,41,,,1,100,,247636,41,,,1
2101,'20261119',724,,247637,41,,,1,119,,247638,41,,,1,115,,247639,41,,,1,95,,247640,41,,,1,100,,247641,41,,,1,55,,247643,20,0,7 8 9,1,100,,247646,20,0,7 8 9,1,25,,247647,20,0,7 8 9,1,70,,247649,20,0,7 8 9,1,28,,247651,20,0,7 8 9,1,25,,247653,20,0,7 8 9,1,170,,247657,20,0,7 8 9,1,417,,247661,20,0,7 8 9,1,70,,247663,20,0,7 8 9,1,30,,247666,20,0,7 8 9,1,65,,247668,20,0,7 8 9,1,35,,247671,20,0,7 8 9,1,100,,247674,20,0,7 8 9,1,90,,247676,20,0,7 8 9,1,122,,247678,41,,,1,91,,247679,41,,,1,100,,247680,41,,,1
2101,'20261120',724,,247681,41,,,1,119,,247682,41,,,1,115,,247683,41,,,1,95,,247684,41,,,1,100,,247685,41,,,1,55,,247687,20,0,7 8 9,1,100,,247690,20,0,7 8 9,1,25,,247691,20,0,7 8 9,1,70,,247693,20,0,7 8 9,1,28,,247695,20,0,7 8 9,1,25,,247697,20,0,7 8 9,1,170,,247701,20,0,7 8 9,1,417,,247705,20,0,7 8 9,1,70,,247707,20,0,7 8 9,1,30,,247710,20,0,7 8 9,1,65,,247712,20,0,7 8 9,1,35,,247715,20,0,7 8 9,1,100,,247718,20,0,7 8 9,1,90,,247720,20,0,7 8 9,1,122,,247722,41,,,1,91,,247723,41,,,1,100,,247724,41,,,1
2101,'20261121',859,,247725,40,0,57 8 9,1,100,,247726,40,0,57 8 9,1,95,,247727,40,0,57 8 9,1,150,,247728,40,0,57 8 9,1,98,,247731,20,0,7 8 9,1,110,,247733,20,0,7 8 9,1,105,,247735,20,0,7 8 9,1,91,,247737,20,0,7 8 9,1,105,,247740,20,0,7 8 9,1,110,,247743,20,0,7 8 9,1,95,,247747,20,0,7 8 9,1,90,,247751,20,0,7 8 9,1,95,,247755,20,0,7 8 9,1,100,,247758,20,0,7 8 9,1,99,,247761,20,0,7 8 9,1,55,,247764,20,0,7 8 9,1,100,,247767,20,0,7 8 9,1,91,,247768,40,0,57 8 9,1,96,,247769,40,0,57 8 9,1,100,,247770,40,0,57 8 9,1
2101,'20261122',859,,247771,40,0,57 8 9,1,100,,247772,40,0,57 8 9,1,95,,247773,40,0,57 8 9,1,150,,247774,40,0,57 8 9,1,98,,247776,20,0,7 8 9,1,110,,247778,20,0,7 8 9,1,105,,247780,20,0,7 8 9,1,91,,247782,20,0,7 8 9,1,105,,247785,20,0,7 8 9,1,110,,247788,20,0,7 8 9,1,95,,247792,20,0,7 8 9,1,90,,247796,20,0,7 8 9,1,95,,247800,20,0,7 8 9,1,100,,247803,20,0,7 8 9,1,99,,247806,20,0,7 8 9,1,55,,247809,20,0,7 8 9,1,100,,247811,20,0,7 8 9,1,91,,247812,40,0,57 8 9,1,96,,247813,40,0,57 8 9,1,100,,247814,40,0,57 8 9,1
2101,'20261123',724,,247815,41,,,1,119,,247816,41,,,1,115,,247817,41,,,1,95,,247818,41,,,1,100,,247819,41,,,1,55,,247821,20,0,7 8 9,1,100,,247824,20,0,7 8 9,1,25,,247825,20,0,7 8 9,1,70,,247827,20,0,7 8 9,1,28,,247829,20,0,7 8 9,1,25,,247831,20,0,7 8 9,1,170,,247835,20,0,7 8 9,1,417,,247839,20,0,7 8 9,1,70,,247841,20,0,7 8 9,1,30,,247844,20,0,7 8 9,1,65,,247846,20,0,7 8 9,1,35,,247849,20,0,7 8 9,1,100,,247852,20,0,7 8 9,1,90,,247854,20,0,7 8 9,1,122,,247856,41,,,1,91,,247857,41,,,1,100,,247858,41,,,1
2101,'20261124',724,,247859,41,,,1,119,,247860,41,,,1,115,,247861,41,,,1,95,,247862,41,,,1,100,,247863,41,,,1,55,,247865,20,0,7 8 9,1,100,,247868,20,0,7 8 9,1,25,,247869,20,0,7 8 9,1,70,,247871,20,0,7 8 9,1,28,,247873,20,0,7 8 9,1,25,,247875,20,0,7 8 9,1,170,,247879,20,0,7 8 9,1,417,,247883,20,0,7 8 9,1,70,,247885,20,0,7 8 9,1,30,,247888,20,0,7 8 9,1,65,,247890,20,0,7 8 9,1,35,,247893,20,0,7 8 9,1,100,,247896,20,0,7 8 9,1,90,,247898,20,0,7 8 9,1,122,,247900,41,,,1,91,,247901,41,,,1,100,,247902,41,,,1
2101,'20261125',724,,247903,41,,,1,119,,247904,41,,,1,115,,247905,41,,,1,95,,247906,41,,,1,100,,247907,41,,,1,55,,247909,20,0,7 8 9,1,100,,247912,20,0,7 8 9,1,25,,247913,20,0,7 8 9,1,70,,247915,20,0,7 8 9,1,28,,247917,20,0,7 8 9,1,25,,247919,20,0,7 8 9,1,170,,247923,20,0,7 8 9,1,417,,247927,20,0,7 8 9,1,70,,247929,20,0,7 8 9,1,30,,247932,20,0,7 8 9,1,65,,247934,20,0,7 8 9,1,35,,247937,20,0,7 8 9,1,100,,247940,20,0,7 8 9,1,90,,247942,20,0,7 8 9,1,122,,247944,41,,,1,91,,247945,41,,,1,100,,247946,41,,,1
2101,'20261126',724,,247947,41,,,1,119,,247948,41,,,1,115,,247949,41,,,1,95,,247950,41,,,1,100,,247951,41,,,1,55,,247953,20,0,7 8 9,1,100,,247956,20,0,7 8 9,1,25,,247957,20,0,7 8 9,1,70,,247959,20,0,7 8 9,1,28,,247961,20,0,7 8 9,1,25,,247963,20,0,7 8 9,1,170,,247967,20,0,7 8 9,1,417,,247971,20,0,7 8 9,1,70,,247973,20,0,7 8 9,1,30,,247976,20,0,7 8 9,1,65,,247978,20,0,7 8 9,1,35,,247981,20,0,7 8 9,1,100,,247984,20,0,7 8 9,1,90,,247986,20,0,7 8 9,1,122,,247988,41,,,1,91,,247989,41,,,1,100,,247990,41,,,1
2101,'20261127',724,,247991,41,,,1,119,,247992,41,,,1,115,,247993,41,,,1,95,,247994,41,,,1,100,,247995,41,,,1,55,,247997,20,0,7 8 9,1,100,,248000,20,0,7 8 9,1,25,,248001,20,0,7 8 9,1,70,,248003,20,0,7 8 9,1,28,,248005,20,0,7 8 9,1,25,,248007,20,0,7 8 9,1,170,,248011,20,0,7 8 9,1,417,,248015,20,0,7 8 9,1,70,,248017,20,0,7 8 9,1,30,,248020,20,0,7 8 9,1,65,,248022,20,0,7 8 9,1,35,,248025,20,0,7 8 9,1,100,,248028,20,0,7 8 9,1,90,,248030,20,0,7 8 9,1,122,,248032,41,,,1,91,,248033,41,,,1,100,,248034,41,,,1
2200,'20260910',847,,248051,14,,,1,100,,248052,14,,,1,197,,248053,14,,,1,204,,248054,14,,,1,202,,248055,14,,,1,195,,248056,14,,,1,204,,248057,14,,,1,200,,248058,14,,,1
2200,'20260911',847,,248059,14,,,1,100,,248060,14,,,1,197,,248061,14,,,1,204,,248062,14,,,1,202,,248063,14,,,1,195,,248064,14,,,1,204,,248065,14,,,1,200,,248066,14,,,1
2200,'20260914',847,,248067,14,,,1,100,,248068,14,,,1,197,,248069,14,,,1,204,,248070,14,,,1,202,,248071,14,,,1,195,,248072,14,,,1,204,,248073,14,,,1,200,,248074,14,,,1
2200,'20260915',847,,248075,14,,,1,100,,248076,14,,,1,197,,248077,14,,,1,204,,248078,14,,,1,202,,248079,14,,,1,195,,248080,14,,,1,204,,248081,14,,,1,200,,248082,14,,,1
2200,'20260916',847,,248083,14,,,1,100,,248084,14,,,1,197,,248085,14,,,1,204,,248086,14,,,1,202,,248087,14,,,1,195,,248088,14,,,1,204,,248089,14,,,1,200,,248090,14,,,1
2200,'20260917',847,,248091,14,,,1,100,,248092,14,,,1,197,,248093,14,,,1,204,,248094,14,,,1,202,,248095,14,,,1,195,,248096,14,,,1,204,,248097,14,,,1,200,,248098,14,,,1
2200,'20260918',847,,248099,14,,,1,100,,248100,14,,,1,197,,248101,14,,,1,204,,248102,14,,,1,202,,248103,14,,,1,195,,248104,14,,,1,204,,248105,14,,,1,200,,248106,14,,,1
2200,'20260921',847,,248107,14,,,1,100,,248108,14,,,1,197,,248109,14,,,1,204,,248110,14,,,1,202,,248111,14,,,1,195,,248112,14,,,1,204,,248113,14,,,1,200,,248114,14,,,1
2200,'20260922',847,,248115,14,,,1,100,,248116,14,,,1,197,,248117,14,,,1,204,,248118,14,,,1,202,,248119,14,,,1,195,,248120,14,,,1,204,,248121,14,,,1,200,,248122,14,,,1
2200,'20260923',847,,248123,14,,,1,100,,248124,14,,,1,197,,248125,14,,,1,204,,248126,14,,,1,202,,248127,14,,,1,195,,248128,14,,,1,204,,248129,14,,,1,200,,248130,14,,,1
2200,'20260924',847,,248131,14,,,1,100,,248132,14,,,1,197,,248133,14,,,1,204,,248134,14,,,1,202,,248135,14,,,1,195,,248136,14,,,1,204,,248137,14,,,1,200,,248138,14,,,1
2200,'20260925',847,,248139,14,,,1,100,,248140,14,,,1,197,,248141,14,,,1,204,,248142,14,,,1,202,,248143,14,,,1,195,,248144,14,,,1,204,,248145,14,,,1,200,,248146,14,,,1
2200,'20260928',847,,248147,14,,,1,100,,248148,14,,,1,197,,248149,14,,,1,204,,248150,14,,,1,202,,248151,14,,,1,195,,248152,14,,,1,204,,248153,14,,,1,200,,248154,14,,,1
2200,'20260929',847,,248155,14,,,1,100,,248156,14,,,1,197,,248157,14,,,1,204,,248158,14,,,1,202,,248159,14,,,1,195,,248160,14,,,1,204,,248161,14,,,1,200,,248162,14,,,1
2200,'20260930',847,,248163,14,,,1,100,,248164,14,,,1,197,,248165,14,,,1,204,,248166,14,,,1,202,,248167,14,,,1,195,,248168,14,,,1,204,,248169,14,,,1,200,,248170,14,,,1
2200,'20261001',847,,248171,14,,,1,100,,248172,14,,,1,197,,248173,14,,,1,204,,248174,14,,,1,202,,248175,14,,,1,195,,248176,14,,,1,204,,248177,14,,,1,200,,248178,14,,,1
2200,'20261002',847,,248179,14,,,1,100,,248180,14,,,1,197,,248181,14,,,1,204,,248182,14,,,1,202,,248183,14,,,1,195,,248184,14,,,1,204,,248185,14,,,1,200,,248186,14,,,1
2200,'20261005',847,,248187,14,,,1,100,,248188,14,,,1,197,,248189,14,,,1,204,,248190,14,,,1,202,,248191,14,,,1,195,,248192,14,,,1,204,,248193,14,,,1,200,,248194,14,,,1
2200,'20261006',847,,248195,14,,,1,100,,248196,14,,,1,197,,248197,14,,,1,204,,248198,14,,,1,202,,248199,14,,,1,195,,248200,14,,,1,204,,248201,14,,,1,200,,248202,14,,,1
2200,'20261007',847,,248203,14,,,1,100,,248204,14,,,1,197,,248205,14,,,1,204,,248206,14,,,1,202,,248207,14,,,1,195,,248208,14,,,1,204,,248209,14,,,1,200,,248210,14,,,1
2200,'20261008',847,,248211,14,,,1,100,,248212,14,,,1,197,,248213,14,,,1,204,,248214,14,,,1,202,,248215,14,,,1,195,,248216,14,,,1,204,,248217,14,,,1,200,,248218,14,,,1
2200,'20261009',847,,248219,14,,,1,100,,248220,14,,,1,197,,248221,14,,,1,204,,248222,14,,,1,202,,248223,14,,,1,195,,248224,14,,,1,204,,248225,14,,,1,200,,248226,14,,,1
2200,'20261013',847,,248227,14,,,1,100,,248228,14,,,1,197,,248229,14,,,1,204,,248230,14,,,1,202,,248231,14,,,1,195,,248232,14,,,1,204,,248233,14,,,1,200,,248234,14,,,1
2200,'20261014',847,,248235,14,,,1,100,,248236,14,,,1,197,,248237,14,,,1,204,,248238,14,,,1,202,,248239,14,,,1,195,,248240,14,,,1,204,,248241,14,,,1,200,,248242,14,,,1
2200,'20261015',847,,248243,14,,,1,100,,248244,14,,,1,197,,248245,14,,,1,204,,248246,14,,,1,202,,248247,14,,,1,195,,248248,14,,,1,204,,248249,14,,,1,200,,248250,14,,,1
2200,'20261016',847,,248251,14,,,1,100,,248252,14,,,1,197,,248253,14,,,1,204,,248254,14,,,1,202,,248255,14,,,1,195,,248256,14,,,1,204,,248257,14,,,1,200,,248258,14,,,1
2200,'20261019',847,,248259,14,,,1,100,,248260,14,,,1,197,,248261,14,,,1,204,,248262,14,,,1,202,,248263,14,,,1,195,,248264,14,,,1,204,,248265,14,,,1,200,,248266,14,,,1
2200,'20261020',847,,248267,14,,,1,100,,248268,14,,,1,197,,248269,14,,,1,204,,248270,14,,,1,202,,248271,14,,,1,195,,248272,14,,,1,204,,248273,14,,,1,200,,248274,14,,,1
2200,'20261021',847,,248275,14,,,1,100,,248276,14,,,1,197,,248277,14,,,1,204,,248278,14,,,1,202,,248279,14,,,1,195,,248280,14,,,1,204,,248281,14,,,1,200,,248282,14,,,1
2200,'20261022',847,,248283,14,,,1,100,,248284,14,,,1,197,,248285,14,,,1,204,,248286,14,,,1,202,,248287,14,,,1,195,,248288,14,,,1,204,,248289,14,,,1,200,,248290,14,,,1
2200,'20261023',847,,248291,14,,,1,100,,248292,14,,,1,197,,248293,14,,,1,204,,248294,14,,,1,202,,248295,14,,,1,195,,248296,14,,,1,204,,248297,14,,,1,200,,248298,14,,,1
2200,'20261026',847,,248299,14,,,1,100,,248300,14,,,1,197,,248301,14,,,1,204,,248302,14,,,1,202,,248303,14,,,1,195,,248304,14,,,1,204,,248305,14,,,1,200,,248306,14,,,1
2200,'20261027',847,,248307,14,,,1,100,,248308,14,,,1,197,,248309,14,,,1,204,,248310,14,,,1,202,,248311,14,,,1,195,,248312,14,,,1,204,,248313,14,,,1,200,,248314,14,,,1
2200,'20261028',847,,248315,14,,,1,100,,248316,14,,,1,197,,248317,14,,,1,204,,248318,14,,,1,202,,248319,14,,,1,195,,248320,14,,,1,204,,248321,14,,,1,200,,248322,14,,,1
2200,'20261029',847,,248323,14,,,1,100,,248324,14,,,1,197,,248325,14,,,1,204,,248326,14,,,1,202,,248327,14,,,1,195,,248328,14,,,1,204,,248329,14,,,1,200,,248330,14,,,1
2200,'20261030',847,,248331,14,,,1,100,,248332,14,,,1,197,,248333,14,,,1,204,,248334,14,,,1,202,,248335,14,,,1,195,,248336,14,,,1,204,,248337,14,,,1,200,,248338,14,,,1
2200,'20261102',847,,248339,14,,,1,100,,248340,14,,,1,197,,248341,14,,,1,204,,248342,14,,,1,202,,248343,14,,,1,195,,248344,14,,,1,204,,248345,14,,,1,200,,248346,14,,,1
2200,'20261103',847,,248347,14,,,1,100,,248348,14,,,1,197,,248349,14,,,1,204,,248350,14,,,1,202,,248351,14,,,1,195,,248352,14,,,1,204,,248353,14,,,1,200,,248354,14,,,1
2200,'20261104',847,,248355,14,,,1,100,,248356,14,,,1,197,,248357,14,,,1,204,,248358,14,,,1,202,,248359,14,,,1,195,,248360,14,,,1,204,,248361,14,,,1,200,,248362,14,,,1
2200,'20261105',847,,248363,14,,,1,100,,248364,14,,,1,197,,248365,14,,,1,204,,248366,14,,,1,202,,248367,14,,,1,195,,248368,14,,,1,204,,248369,14,,,1,200,,248370,14,,,1
2200,'20261106',847,,248371,14,,,1,100,,248372,14,,,1,197,,248373,14,,,1,204,,248374,14,,,1,202,,248375,14,,,1,195,,248376,14,,,1,204,,248377,14,,,1,200,,248378,14,,,1
2200,'20261109',847,,248379,14,,,1,100,,248380,14,,,1,197,,248381,14,,,1,204,,248382,14,,,1,202,,248383,14,,,1,195,,248384,14,,,1,204,,248385,14,,,1,200,,248386,14,,,1
2200,'20261110',847,,248387,14,,,1,100,,248388,14,,,1,197,,248389,14,,,1,204,,248390,14,,,1,202,,248391,14,,,1,195,,248392,14,,,1,204,,248393,14,,,1,200,,248394,14,,,1
2200,'20261111',847,,248395,14,,,1,100,,248396,14,,,1,197,,248397,14,,,1,204,,248398,14,,,1,202,,248399,14,,,1,195,,248400,14,,,1,204,,248401,14,,,1,200,,248402,14,,,1
2200,'20261112',847,,248403,14,,,1,100,,248404,14,,,1,197,,248405,14,,,1,204,,248406,14,,,1,202,,248407,14,,,1,195,,248408,14,,,1,204,,248409,14,,,1,200,,248410,14,,,1
2200,'20261113',847,,248411,14,,,1,100,,248412,14,,,1,197,,248413,14,,,1,204,,248414,14,,,1,202,,248415,14,,,1,195,,248416,14,,,1,204,,248417,14,,,1,200,,248418,14,,,1
2200,'20261116',847,,248419,14,,,1,100,,248420,14,,,1,197,,248421,14,,,1,204,,248422,14,,,1,202,,248423,14,,,1,195,,248424,14,,,1,204,,248425,14,,,1,200,,248426,14,,,1
2200,'20261117',847,,248427,14,,,1,100,,248428,14,,,1,197,,248429,14,,,1,204,,248430,14,,,1,202,,248431,14,,,1,195,,248432,14,,,1,204,,248433,14,,,1,200,,248434,14,,,1
2200,'20261118',847,,248435,14,,,1,100,,248436,14,,,1,197,,248437,14,,,1,204,,248438,14,,,1,202,,248439,14,,,1,195,,248440,14,,,1,204,,248441,14,,,1,200,,248442,14,,,1
2200,'20261119',847,,248443,14,,,1,100,,248444,14,,,1,197,,248445,14,,,1,204,,248446,14,,,1,202,,248447,14,,,1,195,,248448,14,,,1,204,,248449,14,,,1,200,,248450,14,,,1
2200,'20261120',847,,248451,14,,,1,100,,248452,14,,,1,197,,248453,14,,,1,204,,248454,14,,,1,202,,248455,14,,,1,195,,248456,14,,,1,204,,248457,14,,,1,200,,248458,14,,,1
2200,'20261123',847,,248459,14,,,1,100,,248460,14,,,1,197,,248461,14,,,1,204,,248462,14,,,1,202,,248463,14,,,1,195,,248464,14,,,1,204,,248465,14,,,1,200,,248466,14,,,1
2200,'20261124',847,,248467,14,,,1,100,,248468,14,,,1,197,,248469,14,,,1,204,,248470,14,,,1,202,,248471,14,,,1,195,,248472,14,,,1,204,,248473,14,,,1,200,,248474,14,,,1
2200,'20261125',847,,248475,14,,,1,100,,248476,14,,,1,197,,248477,14,,,1,204,,248478,14,,,1,202,,248479,14,,,1,195,,248480,14,,,1,204,,248481,14,,,1,200,,248482,14,,,1
2200,'20261126',847,,248483,14,,,1,100,,248484,14,,,1,197,,248485,14,,,1,204,,248486,14,,,1,202,,248487,14,,,1,195,,248488,14,,,1,204,,248489,14,,,1,200,,248490,14,,,1
2200,'20261127',847,,248491,14,,,1,100,,248492,14,,,1,197,,248493,14,,,1,204,,248494,14,,,1,202,,248495,14,,,1,195,,248496,14,,,1,204,,248497,14,,,1,200,,248498,14,,,1
2701,'20260910',638,,256543,34,0,7 8 9,1,120,,256544,35,0,57 8 9,1,60,,256545,35,0,57 8 9,1,30,,256547,35,0,57 8 9,1,65,,256549,35,0,57 8 9,1,30,,256551,35,0,57 8 9,1,70,,256552,35,0,57 8 9,1,35,,256553,34,0,7 8 9,1,508,,256558,35,0,57 8 9,1,157,,256560,35,0,57 8 9,1,30,,256561,35,0,57 8 9,1,70,,256562,35,0,57 8 9,1,38,,256563,35,0,57 8 9,1,65,,256564,35,0,57 8 9,1,25,,256565,34,0,7 8 9,1,65,,256566,34,0,7 8 9,1
2701,'20260911',638,,256572,34,0,7 8 9,1,120,,256573,35,0,57 8 9,1,60,,256574,35,0,57 8 9,1,30,,256576,35,0,57 8 9,1,65,,256578,35,0,57 8 9,1,30,,256580,35,0,57 8 9,1,70,,256581,35,0,57 8 9,1,35,,256582,34,0,7 8 9,1,508,,256587,35,0,57 8 9,1,157,,256589,35,0,57 8 9,1,30,,256590,35,0,57 8 9,1,70,,256591,35,0,57 8 9,1,38,,256592,35,0,57 8 9,1,65,,256593,35,0,57 8 9,1,25,,256594,34,0,7 8 9,1,65,,256595,34,0,7 8 9,1
2701,'20260912',736,,256601,34,0,7 8 9,1
2701,'20260913',736,,256617,34,0,7 8 9,1
2701,'20260914',638,,256633,34,0,7 8 9,1,120,,256634,35,0,57 8 9,1,60,,256635,35,0,57 8 9,1,30,,256637,35,0,57 8 9,1,65,,256639,35,0,57 8 9,1,30,,256641,35,0,57 8 9,1,70,,256642,35,0,57 8 9,1,35,,256643,34,0,7 8 9,1,508,,256648,35,0,57 8 9,1,157,,256650,35,0,57 8 9,1,30,,256651,35,0,57 8 9,1,70,,256652,35,0,57 8 9,1,38,,256653,35,0,57 8 9,1,65,,256654,35,0,57 8 9,1,25,,256655,34,0,7 8 9,1,65,,256656,34,0,7 8 9,1
2701,'20260915',638,,256662,34,0,7 8 9,1,120,,256663,35,0,57 8 9,1,60,,256664,35,0,57 8 9,1,30,,256666,35,0,57 8 9,1,65,,256668,35,0,57 8 9,1,30,,256670,35,0,57 8 9,1,70,,256671,35,0,57 8 9,1,35,,256672,34,0,7 8 9,1,508,,256677,35,0,57 8 9,1,157,,256679,35,0,57 8 9,1,30,,256680,35,0,57 8 9,1,70,,256681,35,0,57 8 9,1,38,,256682,35,0,57 8 9,1,65,,256683,35,0,57 8 9,1,25,,256684,34,0,7 8 9,1,65,,256685,34,0,7 8 9,1
2701,'20260916',638,,256691,34,0,7 8 9,1,120,,256692,35,0,57 8 9,1,60,,256693,35,0,57 8 9,1,30,,256695,35,0,57 8 9,1,65,,256697,35,0,57 8 9,1,30,,256699,35,0,57 8 9,1,70,,256700,35,0,57 8 9,1,35,,256701,34,0,7 8 9,1,508,,256706,35,0,57 8 9,1,157,,256708,35,0,57 8 9,1,30,,256709,35,0,57 8 9,1,70,,256710,35,0,57 8 9,1,38,,256711,35,0,57 8 9,1,65,,256712,35,0,57 8 9,1,25,,256713,34,0,7 8 9,1,65,,256714,34,0,7 8 9,1
2701,'20260917',638,,256720,34,0,7 8 9,1,120,,256721,35,0,57 8 9,1,60,,256722,35,0,57 8 9,1,30,,256724,35,0,57 8 9,1,65,,256726,35,0,57 8 9,1,30,,256728,35,0,57 8 9,1,70,,256729,35,0,57 8 9,1,35,,256730,34,0,7 8 9,1,508,,256735,35,0,57 8 9,1,157,,256737,35,0,57 8 9,1,30,,256738,35,0,57 8 9,1,70,,256739,35,0,57 8 9,1,38,,256740,35,0,57 8 9,1,65,,256741,35,0,57 8 9,1,25,,256742,34,0,7 8 9,1,65,,256743,34,0,7 8 9,1
2701,'20260918',638,,256749,34,0,7 8 9,1,120,,256750,35,0,57 8 9,1,60,,256751,35,0,57 8 9,1,30,,256753,35,0,57 8 9,1,65,,256755,35,0,57 8 9,1,30,,256757,35,0,57 8 9,1,70,,256758,35,0,57 8 9,1,35,,256759,34,0,7 8 9,1,508,,256764,35,0,57 8 9,1,157,,256766,35,0,57 8 9,1,30,,256767,35,0,57 8 9,1,70,,256768,35,0,57 8 9,1,38,,256769,35,0,57 8 9,1,65,,256770,35,0,57 8 9,1,25,,256771,34,0,7 8 9,1,65,,256772,34,0,7 8 9,1
2701,'20260919',736,,256778,34,0,7 8 9,1
2701,'20260920',736,,256794,34,0,7 8 9,1
2701,'20260921',638,,256810,34,0,7 8 9,1,120,,256811,35,0,57 8 9,1,60,,256812,35,0,57 8 9,1,30,,256814,35,0,57 8 9,1,65,,256816,35,0,57 8 9,1,30,,256818,35,0,57 8 9,1,70,,256819,35,0,57 8 9,1,35,,256820,34,0,7 8 9,1,508,,256825,35,0,57 8 9,1,157,,256827,35,0,57 8 9,1,30,,256828,35,0,57 8 9,1,70,,256829,35,0,57 8 9,1,38,,256830,35,0,57 8 9,1,65,,256831,35,0,57 8 9,1,25,,256832,34,0,7 8 9,1,65,,256833,34,0,7 8 9,1
2701,'20260922',638,,256839,34,0,7 8 9,1,120,,256840,35,0,57 8 9,1,60,,256841,35,0,57 8 9,1,30,,256843,35,0,57 8 9,1,65,,256845,35,0,57 8 9,1,30,,256847,35,0,57 8 9,1,70,,256848,35,0,57 8 9,1,35,,256849,34,0,7 8 9,1,508,,256854,35,0,57 8 9,1,157,,256856,35,0,57 8 9,1,30,,256857,35,0,57 8 9,1,70,,256858,35,0,57 8 9,1,38,,256859,35,0,57 8 9,1,65,,256860,35,0,57 8 9,1,25,,256861,34,0,7 8 9,1,65,,256862,34,0,7 8 9,1
2701,'20260923',638,,256868,34,0,7 8 9,1,120,,256869,35,0,57 8 9,1,60,,256870,35,0,57 8 9,1,30,,256872,35,0,57 8 9,1,65,,256874,35,0,57 8 9,1,30,,256876,35,0,57 8 9,1,70,,256877,35,0,57 8 9,1,35,,256878,34,0,7 8 9,1,508,,256883,35,0,57 8 9,1,157,,256885,35,0,57 8 9,1,30,,256886,35,0,57 8 9,1,70,,256887,35,0,57 8 9,1,38,,256888,35,0,57 8 9,1,65,,256889,35,0,57 8 9,1,25,,256890,34,0,7 8 9,1,65,,256891,34,0,7 8 9,1
2701,'20260924',638,,256897,34,0,7 8 9,1,120,,256898,35,0,57 8 9,1,60,,256899,35,0,57 8 9,1,30,,256901,35,0,57 8 9,1,65,,256903,35,0,57 8 9,1,30,,256905,35,0,57 8 9,1,70,,256906,35,0,57 8 9,1,35,,256907,34,0,7 8 9,1,508,,256912,35,0,57 8 9,1,157,,256914,35,0,57 8 9,1,30,,256915,35,0,57 8 9,1,70,,256916,35,0,57 8 9,1,38,,256917,35,0,57 8 9,1,65,,256918,35,0,57 8 9,1,25,,256919,34,0,7 8 9,1,65,,256920,34,0,7 8 9,1
2701,'20260925',638,,256926,34,0,7 8 9,1,120,,256927,35,0,57 8 9,1,60,,256928,35,0,57 8 9,1,30,,256930,35,0,57 8 9,1,65,,256932,35,0,57 8 9,1,30,,256934,35,0,57 8 9,1,70,,256935,35,0,57 8 9,1,35,,256936,34,0,7 8 9,1,508,,256941,35,0,57 8 9,1,157,,256943,35,0,57 8 9,1,30,,256944,35,0,57 8 9,1,70,,256945,35,0,57 8 9,1,38,,256946,35,0,57 8 9,1,65,,256947,35,0,57 8 9,1,25,,256948,34,0,7 8 9,1,65,,256949,34,0,7 8 9,1
2701,'20260926',736,,256955,34,0,7 8 9,1
2701,'20260927',736,,256971,34,0,7 8 9,1
2701,'20260928',638,,256987,34,0,7 8 9,1,120,,256988,35,0,57 8 9,1,60,,256989,35,0,57 8 9,1,30,,256991,35,0,57 8 9,1,65,,256993,35,0,57 8 9,1,30,,256995,35,0,57 8 9,1,70,,256996,35,0,57 8 9,1,35,,256997,34,0,7 8 9,1,508,,257002,35,0,57 8 9,1,157,,257004,35,0,57 8 9,1,30,,257005,35,0,57 8 9,1,70,,257006,35,0,57 8 9,1,38,,257007,35,0,57 8 9,1,65,,257008,35,0,57 8 9,1,25,,257009,34,0,7 8 9,1,65,,257010,34,0,7 8 9,1
2701,'20260929',638,,257016,34,0,7 8 9,1,120,,257017,35,0,57 8 9,1,60,,257018,35,0,57 8 9,1,30,,257020,35,0,57 8 9,1,65,,257022,35,0,57 8 9,1,30,,257024,35,0,57 8 9,1,70,,257025,35,0,57 8 9,1,35,,257026,34,0,7 8 9,1,508,,257031,35,0,57 8 9,1,157,,257033,35,0,57 8 9,1,30,,257034,35,0,57 8 9,1,70,,257035,35,0,57 8 9,1,38,,257036,35,0,57 8 9,1,65,,257037,35,0,57 8 9,1,25,,257038,34,0,7 8 9,1,65,,257039,34,0,7 8 9,1
2701,'20260930',638,,257045,34,0,7 8 9,1,120,,257046,35,0,57 8 9,1,60,,257047,35,0,57 8 9,1,30,,257049,35,0,57 8 9,1,65,,257051,35,0,57 8 9,1,30,,257053,35,0,57 8 9,1,70,,257054,35,0,57 8 9,1,35,,257055,34,0,7 8 9,1,508,,257060,35,0,57 8 9,1,157,,257062,35,0,57 8 9,1,30,,257063,35,0,57 8 9,1,70,,257064,35,0,57 8 9,1,38,,257065,35,0,57 8 9,1,65,,257066,35,0,57 8 9,1,25,,257067,34,0,7 8 9,1,65,,257068,34,0,7 8 9,1
2701,'20261001',638,,257074,34,0,7 8 9,1,120,,257075,35,0,57 8 9,1,60,,257076,35,0,57 8 9,1,30,,257078,35,0,57 8 9,1,65,,257080,35,0,57 8 9,1,30,,257082,35,0,57 8 9,1,70,,257083,35,0,57 8 9,1,35,,257084,34,0,7 8 9,1,508,,257089,35,0,57 8 9,1,157,,257091,35,0,57 8 9,1,30,,257092,35,0,57 8 9,1,70,,257093,35,0,57 8 9,1,38,,257094,35,0,57 8 9,1,65,,257095,35,0,57 8 9,1,25,,257096,34,0,7 8 9,1,65,,257097,34,0,7 8 9,1
2701,'20261002',638,,257103,34,0,7 8 9,1,120,,257104,35,0,57 8 9,1,60,,257105,35,0,57 8 9,1,30,,257107,35,0,57 8 9,1,65,,257109,35,0,57 8 9,1,30,,257111,35,0,57 8 9,1,70,,257112,35,0,57 8 9,1,35,,257113,34,0,7 8 9,1,508,,257118,35,0,57 8 9,1,157,,257120,35,0,57 8 9,1,30,,257121,35,0,57 8 9,1,70,,257122,35,0,57 8 9,1,38,,257123,35,0,57 8 9,1,65,,257124,35,0,57 8 9,1,25,,257125,34,0,7 8 9,1,65,,257126,34,0,7 8 9,1
2701,'20261003',736,,257132,34,0,7 8 9,1
2701,'20261004',736,,257148,34,0,7 8 9,1
2701,'20261005',638,,257164,34,0,7 8 9,1,120,,257165,35,0,57 8 9,1,60,,257166,35,0,57 8 9,1,30,,257168,35,0,57 8 9,1,65,,257170,35,0,57 8 9,1,30,,257172,35,0,57 8 9,1,70,,257173,35,0,57 8 9,1,35,,257174,34,0,7 8 9,1,508,,257179,35,0,57 8 9,1,157,,257181,35,0,57 8 9,1,30,,257182,35,0,57 8 9,1,70,,257183,35,0,57 8 9,1,38,,257184,35,0,57 8 9,1,65,,257185,35,0,57 8 9,1,25,,257186,34,0,7 8 9,1,65,,257187,34,0,7 8 9,1
2701,'20261006',638,,257193,34,0,7 8 9,1,120,,257194,35,0,57 8 9,1,60,,257195,35,0,57 8 9,1,30,,257197,35,0,57 8 9,1,65,,257199,35,0,57 8 9,1,30,,257201,35,0,57 8 9,1,70,,257202,35,0,57 8 9,1,35,,257203,34,0,7 8 9,1,508,,257208,35,0,57 8 9,1,157,,257210,35,0,57 8 9,1,30,,257211,35,0,57 8 9,1,70,,257212,35,0,57 8 9,1,38,,257213,35,0,57 8 9,1,65,,257214,35,0,57 8 9,1,25,,257215,34,0,7 8 9,1,65,,257216,34,0,7 8 9,1
2701,'20261007',638,,257222,34,0,7 8 9,1,120,,257223,35,0,57 8 9,1,60,,257224,35,0,57 8 9,1,30,,257226,35,0,57 8 9,1,65,,257228,35,0,57 8 9,1,30,,257230,35,0,57 8 9,1,70,,257231,35,0,57 8 9,1,35,,257232,34,0,7 8 9,1,508,,257237,35,0,57 8 9,1,157,,257239,35,0,57 8 9,1,30,,257240,35,0,57 8 9,1,70,,257241,35,0,57 8 9,1,38,,257242,35,0,57 8 9,1,65,,257243,35,0,57 8 9,1,25,,257244,34,0,7 8 9,1,65,,257245,34,0,7 8 9,1
2701,'20261008',638,,257251,34,0,7 8 9,1,120,,257252,35,0,57 8 9,1,60,,257253,35,0,57 8 9,1,30,,257255,35,0,57 8 9,1,65,,257257,35,0,57 8 9,1,30,,257259,35,0,57 8 9,1,70,,257260,35,0,57 8 9,1,35,,257261,34,0,7 8 9,1,508,,257266,35,0,57 8 9,1,157,,257268,35,0,57 8 9,1,30,,257269,35,0,57 8 9,1,70,,257270,35,0,57 8 9,1,38,,257271,35,0,57 8 9,1,65,,257272,35,0,57 8 9,1,25,,257273,34,0,7 8 9,1,65,,257274,34,0,7 8 9,1
2701,'20261009',638,,257280,34,0,7 8 9,1,120,,257281,35,0,57 8 9,1,60,,257282,35,0,57 8 9,1,30,,257284,35,0,57 8 9,1,65,,257286,35,0,57 8 9,1,30,,257288,35,0,57 8 9,1,70,,257289,35,0,57 8 9,1,35,,257290,34,0,7 8 9,1,508,,257295,35,0,57 8 9,1,157,,257297,35,0,57 8 9,1,30,,257298,35,0,57 8 9,1,70,,257299,35,0,57 8 9,1,38,,257300,35,0,57 8 9,1,65,,257301,35,0,57 8 9,1,25,,257302,34,0,7 8 9,1,65,,257303,34,0,7 8 9,1
2701,'20261010',736,,257309,34,0,7 8 9,1
2701,'20261011',736,,257325,34,0,7 8 9,1
2701,'20261012',736,,257341,34,0,7 8 9,1
2701,'20261013',638,,257357,34,0,7 8 9,1,120,,257358,35,0,57 8 9,1,60,,257359,35,0,57 8 9,1,30,,257361,35,0,57 8 9,1,65,,257363,35,0,57 8 9,1,30,,257365,35,0,57 8 9,1,70,,257366,35,0,57 8 9,1,35,,257367,34,0,7 8 9,1,508,,257372,35,0,57 8 9,1,157,,257374,35,0,57 8 9,1,30,,257375,35,0,57 8 9,1,70,,257376,35,0,57 8 9,1,38,,257377,35,0,57 8 9,1,65,,257378,35,0,57 8 9,1,25,,257379,34,0,7 8 9,1,65,,257380,34,0,7 8 9,1
2701,'20261014',638,,257386,34,0,7 8 9,1,120,,257387,35,0,57 8 9,1,60,,257388,35,0,57 8 9,1,30,,257390,35,0,57 8 9,1,65,,257392,35,0,57 8 9,1,30,,257394,35,0,57 8 9,1,70,,257395,35,0,57 8 9,1,35,,257396,34,0,7 8 9,1,508,,257401,35,0,57 8 9,1,157,,257403,35,0,57 8 9,1,30,,257404,35,0,57 8 9,1,70,,257405,35,0,57 8 9,1,38,,257406,35,0,57 8 9,1,65,,257407,35,0,57 8 9,1,25,,257408,34,0,7 8 9,1,65,,257409,34,0,7 8 9,1
2701,'20261015',638,,257415,34,0,7 8 9,1,120,,257416,35,0,57 8 9,1,60,,257417,35,0,57 8 9,1,30,,257419,35,0,57 8 9,1,65,,257421,35,0,57 8 9,1,30,,257423,35,0,57 8 9,1,70,,257424,35,0,57 8 9,1,35,,257425,34,0,7 8 9,1,508,,257430,35,0,57 8 9,1,157,,257432,35,0,57 8 9,1,30,,257433,35,0,57 8 9,1,70,,257434,35,0,57 8 9,1,38,,257435,35,0,57 8 9,1,65,,257436,35,0,57 8 9,1,25,,257437,34,0,7 8 9,1,65,,257438,34,0,7 8 9,1
2701,'20261016',638,,257444,34,0,7 8 9,1,120,,257445,35,0,57 8 9,1,60,,257446,35,0,57 8 9,1,30,,257448,35,0,57 8 9,1,65,,257450,35,0,57 8 9,1,30,,257452,35,0,57 8 9,1,70,,257453,35,0,57 8 9,1,35,,257454,34,0,7 8 9,1,508,,257459,35,0,57 8 9,1,157,,257461,35,0,57 8 9,1,30,,257462,35,0,57 8 9,1,70,,257463,35,0,57 8 9,1,38,,257464,35,0,57 8 9,1,65,,257465,35,0,57 8 9,1,25,,257466,34,0,7 8 9,1,65,,257467,34,0,7 8 9,1
2701,'20261017',736,,257473,34,0,7 8 9,1
2701,'20261018',736,,257489,34,0,7 8 9,1
2701,'20261019',638,,257505,34,0,7 8 9,1,120,,257506,35,0,57 8 9,1,60,,257507,35,0,57 8 9,1,30,,257509,35,0,57 8 9,1,65,,257511,35,0,57 8 9,1,30,,257513,35,0,57 8 9,1,70,,257514,35,0,57 8 9,1,35,,257515,34,0,7 8 9,1,508,,257520,35,0,57 8 9,1,157,,257522,35,0,57 8 9,1,30,,257523,35,0,57 8 9,1,70,,257524,35,0,57 8 9,1,38,,257525,35,0,57 8 9,1,65,,257526,35,0,57 8 9,1,25,,257527,34,0,7 8 9,1,65,,257528,34,0,7 8 9,1
2701,'20261020',638,,257534,34,0,7 8 9,1,120,,257535,35,0,57 8 9,1,60,,257536,35,0,57 8 9,1,30,,257538,35,0,57 8 9,1,65,,257540,35,0,57 8 9,1,30,,257542,35,0,57 8 9,1,70,,257543,35,0,57 8 9,1,35,,257544,34,0,7 8 9,1,508,,257549,35,0,57 8 9,1,157,,257551,35,0,57 8 9,1,30,,257552,35,0,57 8 9,1,70,,257553,35,0,57 8 9,1,38,,257554,35,0,57 8 9,1,65,,257555,35,0,57 8 9,1,25,,257556,34,0,7 8 9,1,65,,257557,34,0,7 8 9,1
2701,'20261021',638,,257563,34,0,7 8 9,1,120,,257564,35,0,57 8 9,1,60,,257565,35,0,57 8 9,1,30,,257567,35,0,57 8 9,1,65,,257569,35,0,57 8 9,1,30,,257571,35,0,57 8 9,1,70,,257572,35,0,57 8 9,1,35,,257573,34,0,7 8 9,1,508,,257578,35,0,57 8 9,1,157,,257580,35,0,57 8 9,1,30,,257581,35,0,57 8 9,1,70,,257582,35,0,57 8 9,1,38,,257583,35,0,57 8 9,1,65,,257584,35,0,57 8 9,1,25,,257585,34,0,7 8 9,1,65,,257586,34,0,7 8 9,1
2701,'20261022',638,,257592,34,0,7 8 9,1,120,,257593,35,0,57 8 9,1,60,,257594,35,0,57 8 9,1,30,,257596,35,0,57 8 9,1,65,,257598,35,0,57 8 9,1,30,,257600,35,0,57 8 9,1,70,,257601,35,0,57 8 9,1,35,,257602,34,0,7 8 9,1,508,,257607,35,0,57 8 9,1,157,,257609,35,0,57 8 9,1,30,,257610,35,0,57 8 9,1,70,,257611,35,0,57 8 9,1,38,,257612,35,0,57 8 9,1,65,,257613,35,0,57 8 9,1,25,,257614,34,0,7 8 9,1,65,,257615,34,0,7 8 9,1
2701,'20261023',638,,257621,34,0,7 8 9,1,120,,257622,35,0,57 8 9,1,60,,257623,35,0,57 8 9,1,30,,257625,35,0,57 8 9,1,65,,257627,35,0,57 8 9,1,30,,257629,35,0,57 8 9,1,70,,257630,35,0,57 8 9,1,35,,257631,34,0,7 8 9,1,508,,257636,35,0,57 8 9,1,157,,257638,35,0,57 8 9,1,30,,257639,35,0,57 8 9,1,70,,257640,35,0,57 8 9,1,38,,257641,35,0,57 8 9,1,65,,257642,35,0,57 8 9,1,25,,257643,34,0,7 8 9,1,65,,257644,34,0,7 8 9,1
2701,'20261024',736,,257650,34,0,7 8 9,1
2701,'20261025',736,,257666,34,0,7 8 9,1
2701,'20261026',638,,257682,34,0,7 8 9,1,120,,257683,35,0,57 8 9,1,60,,257684,35,0,57 8 9,1,30,,257686,35,0,57 8 9,1,65,,257688,35,0,57 8 9,1,30,,257690,35,0,57 8 9,1,70,,257691,35,0,57 8 9,1,35,,257692,34,0,7 8 9,1,508,,257697,35,0,57 8 9,1,157,,257699,35,0,57 8 9,1,30,,257700,35,0,57 8 9,1,70,,257701,35,0,57 8 9,1,38,,257702,35,0,57 8 9,1,65,,257703,35,0,57 8 9,1,25,,257704,34,0,7 8 9,1,65,,257705,34,0,7 8 9,1
2701,'20261027',638,,257711,34,0,7 8 9,1,120,,257712,35,0,57 8 9,1,60,,257713,35,0,57 8 9,1,30,,257715,35,0,57 8 9,1,65,,257717,35,0,57 8 9,1,30,,257719,35,0,57 8 9,1,70,,257720,35,0,57 8 9,1,35,,257721,34,0,7 8 9,1,508,,257726,35,0,57 8 9,1,157,,257728,35,0,57 8 9,1,30,,257729,35,0,57 8 9,1,70,,257730,35,0,57 8 9,1,38,,257731,35,0,57 8 9,1,65,,257732,35,0,57 8 9,1,25,,257733,34,0,7 8 9,1,65,,257734,34,0,7 8 9,1
2701,'20261028',638,,257740,34,0,7 8 9,1,120,,257741,35,0,57 8 9,1,60,,257742,35,0,57 8 9,1,30,,257744,35,0,57 8 9,1,65,,257746,35,0,57 8 9,1,30,,257748,35,0,57 8 9,1,70,,257749,35,0,57 8 9,1,35,,257750,34,0,7 8 9,1,508,,257755,35,0,57 8 9,1,157,,257757,35,0,57 8 9,1,30,,257758,35,0,57 8 9,1,70,,257759,35,0,57 8 9,1,38,,257760,35,0,57 8 9,1,65,,257761,35,0,57 8 9,1,25,,257762,34,0,7 8 9,1,65,,257763,34,0,7 8 9,1
2701,'20261029',638,,257769,34,0,7 8 9,1,120,,257770,35,0,57 8 9,1,60,,257771,35,0,57 8 9,1,30,,257773,35,0,57 8 9,1,65,,257775,35,0,57 8 9,1,30,,257777,35,0,57 8 9,1,70,,257778,35,0,57 8 9,1,35,,257779,34,0,7 8 9,1,508,,257784,35,0,57 8 9,1,157,,257786,35,0,57 8 9,1,30,,257787,35,0,57 8 9,1,70,,257788,35,0,57 8 9,1,38,,257789,35,0,57 8 9,1,65,,257790,35,0,57 8 9,1,25,,257791,34,0,7 8 9,1,65,,257792,34,0,7 8 9,1
2701,'20261030',638,,257798,34,0,7 8 9,1,120,,257799,35,0,57 8 9,1,60,,257800,35,0,57 8 9,1,30,,257802,35,0,57 8 9,1,65,,257804,35,0,57 8 9,1,30,,257806,35,0,57 8 9,1,70,,257807,35,0,57 8 9,1,35,,257808,34,0,7 8 9,1,508,,257813,35,0,57 8 9,1,157,,257815,35,0,57 8 9,1,30,,257816,35,0,57 8 9,1,70,,257817,35,0,57 8 9,1,38,,257818,35,0,57 8 9,1,65,,257819,35,0,57 8 9,1,25,,257820,34,0,7 8 9,1,65,,257821,34,0,7 8 9,1
2701,'20261031',736,,257827,34,0,7 8 9,1
2701,'20261101',736,,257843,34,0,7 8 9,1
2701,'20261102',638,,257859,34,0,7 8 9,1,120,,257860,35,0,57 8 9,1,60,,257861,35,0,57 8 9,1,30,,257863,35,0,57 8 9,1,65,,257865,35,0,57 8 9,1,30,,257867,35,0,57 8 9,1,70,,257868,35,0,57 8 9,1,35,,257869,34,0,7 8 9,1,508,,257874,35,0,57 8 9,1,157,,257876,35,0,57 8 9,1,30,,257877,35,0,57 8 9,1,70,,257878,35,0,57 8 9,1,38,,257879,35,0,57 8 9,1,65,,257880,35,0,57 8 9,1,25,,257881,34,0,7 8 9,1,65,,257882,34,0,7 8 9,1
2701,'20261103',638,,257888,34,0,7 8 9,1,120,,257889,35,0,57 8 9,1,60,,257890,35,0,57 8 9,1,30,,257892,35,0,57 8 9,1,65,,257894,35,0,57 8 9,1,30,,257896,35,0,57 8 9,1,70,,257897,35,0,57 8 9,1,35,,257898,34,0,7 8 9,1,508,,257903,35,0,57 8 9,1,157,,257905,35,0,57 8 9,1,30,,257906,35,0,57 8 9,1,70,,257907,35,0,57 8 9,1,38,,257908,35,0,57 8 9,1,65,,257909,35,0,57 8 9,1,25,,257910,34,0,7 8 9,1,65,,257911,34,0,7 8 9,1
2701,'20261104',638,,257917,34,0,7 8 9,1,120,,257918,35,0,57 8 9,1,60,,257919,35,0,57 8 9,1,30,,257921,35,0,57 8 9,1,65,,257923,35,0,57 8 9,1,30,,257925,35,0,57 8 9,1,70,,257926,35,0,57 8 9,1,35,,257927,34,0,7 8 9,1,508,,257932,35,0,57 8 9,1,157,,257934,35,0,57 8 9,1,30,,257935,35,0,57 8 9,1,70,,257936,35,0,57 8 9,1,38,,257937,35,0,57 8 9,1,65,,257938,35,0,57 8 9,1,25,,257939,34,0,7 8 9,1,65,,257940,34,0,7 8 9,1
2701,'20261105',638,,257946,34,0,7 8 9,1,120,,257947,35,0,57 8 9,1,60,,257948,35,0,57 8 9,1,30,,257950,35,0,57 8 9,1,65,,257952,35,0,57 8 9,1,30,,257954,35,0,57 8 9,1,70,,257955,35,0,57 8 9,1,35,,257956,34,0,7 8 9,1,508,,257961,35,0,57 8 9,1,157,,257963,35,0,57 8 9,1,30,,257964,35,0,57 8 9,1,70,,257965,35,0,57 8 9,1,38,,257966,35,0,57 8 9,1,65,,257967,35,0,57 8 9,1,25,,257968,34,0,7 8 9,1,65,,257969,34,0,7 8 9,1
2701,'20261106',638,,257975,34,0,7 8 9,1,120,,257976,35,0,57 8 9,1,60,,257977,35,0,57 8 9,1,30,,257979,35,0,57 8 9,1,65,,257981,35,0,57 8 9,1,30,,257983,35,0,57 8 9,1,70,,257984,35,0,57 8 9,1,35,,257985,34,0,7 8 9,1,508,,257990,35,0,57 8 9,1,157,,257992,35,0,57 8 9,1,30,,257993,35,0,57 8 9,1,70,,257994,35,0,57 8 9,1,38,,257995,35,0,57 8 9,1,65,,257996,35,0,57 8 9,1,25,,257997,34,0,7 8 9,1,65,,257998,34,0,7 8 9,1
2701,'20261107',736,,258004,34,0,7 8 9,1
2701,'20261108',736,,258020,34,0,7 8 9,1
2701,'20261109',638,,258036,34,0,7 8 9,1,120,,258037,35,0,57 8 9,1,60,,258038,35,0,57 8 9,1,30,,258040,35,0,57 8 9,1,65,,258042,35,0,57 8 9,1,30,,258044,35,0,57 8 9,1,70,,258045,35,0,57 8 9,1,35,,258046,34,0,7 8 9,1,508,,258051,35,0,57 8 9,1,157,,258053,35,0,57 8 9,1,30,,258054,35,0,57 8 9,1,70,,258055,35,0,57 8 9,1,38,,258056,35,0,57 8 9,1,65,,258057,35,0,57 8 9,1,25,,258058,34,0,7 8 9,1,65,,258059,34,0,7 8 9,1
2701,'20261110',638,,258065,34,0,7 8 9,1,120,,258066,35,0,57 8 9,1,60,,258067,35,0,57 8 9,1,30,,258069,35,0,57 8 9,1,65,,258071,35,0,57 8 9,1,30,,258073,35,0,57 8 9,1,70,,258074,35,0,57 8 9,1,35,,258075,34,0,7 8 9,1,508,,258080,35,0,57 8 9,1,157,,258082,35,0,57 8 9,1,30,,258083,35,0,57 8 9,1,70,,258084,35,0,57 8 9,1,38,,258085,35,0,57 8 9,1,65,,258086,35,0,57 8 9,1,25,,258087,34,0,7 8 9,1,65,,258088,34,0,7 8 9,1
2701,'20261111',638,,258094,34,0,7 8 9,1,120,,258095,35,0,57 8 9,1,60,,258096,35,0,57 8 9,1,30,,258098,35,0,57 8 9,1,65,,258100,35,0,57 8 9,1,30,,258102,35,0,57 8 9,1,70,,258103,35,0,57 8 9,1,35,,258104,34,0,7 8 9,1,508,,258109,35,0,57 8 9,1,157,,258111,35,0,57 8 9,1,30,,258112,35,0,57 8 9,1,70,,258113,35,0,57 8 9,1,38,,258114,35,0,57 8 9,1,65,,258115,35,0,57 8 9,1,25,,258116,34,0,7 8 9,1,65,,258117,34,0,7 8 9,1
2701,'20261112',638,,258123,34,0,7 8 9,1,120,,258124,35,0,57 8 9,1,60,,258125,35,0,57 8 9,1,30,,258127,35,0,57 8 9,1,65,,258129,35,0,57 8 9,1,30,,258131,35,0,57 8 9,1,70,,258132,35,0,57 8 9,1,35,,258133,34,0,7 8 9,1,508,,258138,35,0,57 8 9,1,157,,258140,35,0,57 8 9,1,30,,258141,35,0,57 8 9,1,70,,258142,35,0,57 8 9,1,38,,258143,35,0,57 8 9,1,65,,258144,35,0,57 8 9,1,25,,258145,34,0,7 8 9,1,65,,258146,34,0,7 8 9,1
2701,'20261113',638,,258152,34,0,7 8 9,1,120,,258153,35,0,57 8 9,1,60,,258154,35,0,57 8 9,1,30,,258156,35,0,57 8 9,1,65,,258158,35,0,57 8 9,1,30,,258160,35,0,57 8 9,1,70,,258161,35,0,57 8 9,1,35,,258162,34,0,7 8 9,1,508,,258167,35,0,57 8 9,1,157,,258169,35,0,57 8 9,1,30,,258170,35,0,57 8 9,1,70,,258171,35,0,57 8 9,1,38,,258172,35,0,57 8 9,1,65,,258173,35,0,57 8 9,1,25,,258174,34,0,7 8 9,1,65,,258175,34,0,7 8 9,1
2701,'20261114',736,,258181,34,0,7 8 9,1
2701,'20261115',736,,258197,34,0,7 8 9,1
2701,'20261116',638,,258213,34,0,7 8 9,1,120,,258214,35,0,57 8 9,1,60,,258215,35,0,57 8 9,1,30,,258217,35,0,57 8 9,1,65,,258219,35,0,57 8 9,1,30,,258221,35,0,57 8 9,1,70,,258222,35,0,57 8 9,1,35,,258223,34,0,7 8 9,1,508,,258228,35,0,57 8 9,1,157,,258230,35,0,57 8 9,1,30,,258231,35,0,57 8 9,1,70,,258232,35,0,57 8 9,1,38,,258233,35,0,57 8 9,1,65,,258234,35,0,57 8 9,1,25,,258235,34,0,7 8 9,1,65,,258236,34,0,7 8 9,1
2701,'20261117',638,,258242,34,0,7 8 9,1,120,,258243,35,0,57 8 9,1,60,,258244,35,0,57 8 9,1,30,,258246,35,0,57 8 9,1,65,,258248,35,0,57 8 9,1,30,,258250,35,0,57 8 9,1,70,,258251,35,0,57 8 9,1,35,,258252,34,0,7 8 9,1,508,,258257,35,0,57 8 9,1,157,,258259,35,0,57 8 9,1,30,,258260,35,0,57 8 9,1,70,,258261,35,0,57 8 9,1,38,,258262,35,0,57 8 9,1,65,,258263,35,0,57 8 9,1,25,,258264,34,0,7 8 9,1,65,,258265,34,0,7 8 9,1
2701,'20261118',638,,258271,34,0,7 8 9,1,120,,258272,35,0,57 8 9,1,60,,258273,35,0,57 8 9,1,30,,258275,35,0,57 8 9,1,65,,258277,35,0,57 8 9,1,30,,258279,35,0,57 8 9,1,70,,258280,35,0,57 8 9,1,35,,258281,34,0,7 8 9,1,508,,258286,35,0,57 8 9,1,157,,258288,35,0,57 8 9,1,30,,258289,35,0,57 8 9,1,70,,258290,35,0,57 8 9,1,38,,258291,35,0,57 8 9,1,65,,258292,35,0,57 8 9,1,25,,258293,34,0,7 8 9,1,65,,258294,34,0,7 8 9,1
2701,'20261119',638,,258300,34,0,7 8 9,1,120,,258301,35,0,57 8 9,1,60,,258302,35,0,57 8 9,1,30,,258304,35,0,57 8 9,1,65,,258306,35,0,57 8 9,1,30,,258308,35,0,57 8 9,1,70,,258309,35,0,57 8 9,1,35,,258310,34,0,7 8 9,1,508,,258315,35,0,57 8 9,1,157,,258317,35,0,57 8 9,1,30,,258318,35,0,57 8 9,1,70,,258319,35,0,57 8 9,1,38,,258320,35,0,57 8 9,1,65,,258321,35,0,57 8 9,1,25,,258322,34,0,7 8 9,1,65,,258323,34,0,7 8 9,1
2701,'20261120',638,,258329,34,0,7 8 9,1,120,,258330,35,0,57 8 9,1,60,,258331,35,0,57 8 9,1,30,,258333,35,0,57 8 9,1,65,,258335,35,0,57 8 9,1,30,,258337,35,0,57 8 9,1,70,,258338,35,0,57 8 9,1,35,,258339,34,0,7 8 9,1,508,,258344,35,0,57 8 9,1,157,,258346,35,0,57 8 9,1,30,,258347,35,0,57 8 9,1,70,,258348,35,0,57 8 9,1,38,,258349,35,0,57 8 9,1,65,,258350,35,0,57 8 9,1,25,,258351,34,0,7 8 9,1,65,,258352,34,0,7 8 9,1
2701,'20261121',736,,258358,34,0,7 8 9,1
2701,'20261122',736,,258374,34,0,7 8 9,1
2701,'20261123',638,,258390,34,0,7 8 9,1,120,,258391,35,0,57 8 9,1,60,,258392,35,0,57 8 9,1,30,,258394,35,0,57 8 9,1,65,,258396,35,0,57 8 9,1,30,,258398,35,0,57 8 9,1,70,,258399,35,0,57 8 9,1,35,,258400,34,0,7 8 9,1,508,,258405,35,0,57 8 9,1,157,,258407,35,0,57 8 9,1,30,,258408,35,0,57 8 9,1,70,,258409,35,0,57 8 9,1,38,,258410,35,0,57 8 9,1,65,,258411,35,0,57 8 9,1,25,,258412,34,0,7 8 9,1,65,,258413,34,0,7 8 9,1
2701,'20261124',638,,258419,34,0,7 8 9,1,120,,258420,35,0,57 8 9,1,60,,258421,35,0,57 8 9,1,30,,258423,35,0,57 8 9,1,65,,258425,35,0,57 8 9,1,30,,258427,35,0,57 8 9,1,70,,258428,35,0,57 8 9,1,35,,258429,34,0,7 8 9,1,508,,258434,35,0,57 8 9,1,157,,258436,35,0,57 8 9,1,30,,258437,35,0,57 8 9,1,70,,258438,35,0,57 8 9,1,38,,258439,35,0,57 8 9,1,65,,258440,35,0,57 8 9,1,25,,258441,34,0,7 8 9,1,65,,258442,34,0,7 8 9,1
2701,'20261125',638,,258448,34,0,7 8 9,1,120,,258449,35,0,57 8 9,1,60,,258450,35,0,57 8 9,1,30,,258452,35,0,57 8 9,1,65,,258454,35,0,57 8 9,1,30,,258456,35,0,57 8 9,1,70,,258457,35,0,57 8 9,1,35,,258458,34,0,7 8 9,1,508,,258463,35,0,57 8 9,1,157,,258465,35,0,57 8 9,1,30,,258466,35,0,57 8 9,1,70,,258467,35,0,57 8 9,1,38,,258468,35,0,57 8 9,1,65,,258469,35,0,57 8 9,1,25,,258470,34,0,7 8 9,1,65,,258471,34,0,7 8 9,1
2701,'20261126',638,,258477,34,0,7 8 9,1,120,,258478,35,0,57 8 9,1,60,,258479,35,0,57 8 9,1,30,,258481,35,0,57 8 9,1,65,,258483,35,0,57 8 9,1,30,,258485,35,0,57 8 9,1,70,,258486,35,0,57 8 9,1,35,,258487,34,0,7 8 9,1,508,,258492,35,0,57 8 9,1,157,,258494,35,0,57 8 9,1,30,,258495,35,0,57 8 9,1,70,,258496,35,0,57 8 9,1,38,,258497,35,0,57 8 9,1,65,,258498,35,0,57 8 9,1,25,,258499,34,0,7 8 9,1,65,,258500,34,0,7 8 9,1
2701,'20261127',638,,258506,34,0,7 8 9,1,120,,258507,35,0,57 8 9,1,60,,258508,35,0,57 8 9,1,30,,258510,35,0,57 8 9,1,65,,258512,35,0,57 8 9,1,30,,258514,35,0,57 8 9,1,70,,258515,35,0,57 8 9,1,35,,258516,34,0,7 8 9,1,508,,258521,35,0,57 8 9,1,157,,258523,35,0,57 8 9,1,30,,258524,35,0,57 8 9,1,70,,258525,35,0,57 8 9,1,38,,258526,35,0,57 8 9,1,65,,258527,35,0,57 8 9,1,25,,258528,34,0,7 8 9,1,65,,258529,34,0,7 8 9,1
