4700,'20260822',805,,192953,17,4,,1,30,,192954,17,4,,1,70,,192955,17,4,,1,30,,192956,17,4,,1,70,,192957,17,4,,1,100,,192959,17,4,,1,100,,192961,17,4,,1,105,,192963,17,4,,1,100,,192965,17,4,,1,100,,192967,17,4,,1,100,,192969,17,4,,1,100,,192971,17,4,,1,100,,192973,17,4,,1,95,,192975,17,4,,1,100,,192977,17,4,,1,100,,192979,17,4,,1,100,,192981,17,4,,1
4700,'20260823',805,,192988,17,4,,1,30,,192989,17,4,,1,70,,192990,17,4,,1,30,,192991,17,4,,1,70,,192992,17,4,,1,100,,192994,17,4,,1,100,,192996,17,4,,1,105,,192998,17,4,,1,100,,193000,17,4,,1,100,,193002,17,4,,1,100,,193004,17,4,,1,100,,193006,17,4,,1,100,,193008,17,4,,1,95,,193010,17,4,,1,100,,193012,17,4,,1,100,,193014,17,4,,1,100,,193016,17,4,,1
4700,'20260829',805,,193058,17,4,,1,30,,193059,17,4,,1,70,,193060,17,4,,1,30,,193061,17,4,,1,70,,193062,17,4,,1,100,,193064,17,4,,1,100,,193066,17,4,,1,105,,193068,17,4,,1,100,,193070,17,4,,1,100,,193072,17,4,,1,100,,193074,17,4,,1,100,,193076,17,4,,1,100,,193078,17,4,,1,95,,193080,17,4,,1,100,,193082,17,4,,1,100,,193084,17,4,,1,100,,193086,17,4,,1
4700,'20260830',805,,193093,17,4,,1,30,,193094,17,4,,1,70,,193095,17,4,,1,30,,193096,17,4,,1,70,,193097,17,4,,1,100,,193099,17,4,,1,100,,193101,17,4,,1,105,,193103,17,4,,1,100,,193105,17,4,,1,100,,193107,17,4,,1,100,,193109,17,4,,1,100,,193111,17,4,,1,100,,193113,17,4,,1,95,,193115,17,4,,1,100,,193117,17,4,,1,100,,193119,17,4,,1,100,,193121,17,4,,1
4701,'20260822',820,,194751,1,0,71 38 9,1,100,,194753,1,0,71 38 9,1,105,,194755,1,0,71 38 9,1,100,,194757,1,0,71 38 9,1,100,,194759,1,0,71 38 9,1,100,,194761,1,0,71 38 9,1,100,,194763,1,0,71 38 9,1,100,,194765,1,0,71 38 9,1,100,,194767,1,0,71 38 9,1,100,,194769,1,0,71 38 9,1,100,,194771,1,0,71 38 9,1,100,,194773,1,0,71 38 9,1,100,,194775,1,0,71 38 9,1,100,,194777,1,0,71 38 9,1,30,,194778,1,0,71 38 9,1,70,,194779,1,0,71 38 9,1
4701,'20260823',820,,194786,1,0,71 38 9,1,100,,194788,1,0,71 38 9,1,105,,194790,1,0,71 38 9,1,100,,194792,1,0,71 38 9,1,100,,194794,1,0,71 38 9,1,100,,194796,1,0,71 38 9,1,100,,194798,1,0,71 38 9,1,100,,194800,1,0,71 38 9,1,100,,194802,1,0,71 38 9,1,100,,194804,1,0,71 38 9,1,100,,194806,1,0,71 38 9,1,100,,194808,1,0,71 38 9,1,100,,194810,1,0,71 38 9,1,100,,194812,1,0,71 38 9,1,30,,194813,1,0,71 38 9,1,70,,194814,1,0,71 38 9,1
4701,'20260829',820,,194906,1,0,71 38 9,1,100,,194908,1,0,71 38 9,1,105,,194910,1,0,71 38 9,1,100,,194912,1,0,71 38 9,1,100,,194914,1,0,71 38 9,1,100,,194916,1,0,71 38 9,1,100,,194918,1,0,71 38 9,1,100,,194920,1,0,71 38 9,1,100,,194922,1,0,71 38 9,1,100,,194924,1,0,71 38 9,1,100,,194926,1,0,71 38 9,1,100,,194928,1,0,71 38 9,1,100,,194930,1,0,71 38 9,1,100,,194932,1,0,71 38 9,1,30,,194933,1,0,71 38 9,1,70,,194934,1,0,71 38 9,1
4701,'20260830',820,,194941,1,0,71 38 9,1,100,,194943,1,0,71 38 9,1,105,,194945,1,0,71 38 9,1,100,,194947,1,0,71 38 9,1,100,,194949,1,0,71 38 9,1,100,,194951,1,0,71 38 9,1,100,,194953,1,0,71 38 9,1,100,,194955,1,0,71 38 9,1,100,,194957,1,0,71 38 9,1,100,,194959,1,0,71 38 9,1,100,,194961,1,0,71 38 9,1,100,,194963,1,0,71 38 9,1,100,,194965,1,0,71 38 9,1,100,,194967,1,0,71 38 9,1,30,,194968,1,0,71 38 9,1,70,,194969,1,0,71 38 9,1
5200,'20260822',810,,197305,1,0,78 11 12 9,1,200,,197306,1,0,78 11 12 9,1,200,,197307,1,0,78 11 12 9,1,200,,197309,1,0,78 11 12 9,1,200,,197311,1,0,78 11 12 9,1,200,,197313,1,0,78 11 12 9,1,200,,197315,1,0,78 11 12 9,1,300,,197317,1,0,78 11 12 9,1
5200,'20260823',810,,197318,1,0,78 11 12 9,1,200,,197319,1,0,78 11 12 9,1,200,,197320,1,0,78 11 12 9,1,200,,197322,1,0,78 11 12 9,1,200,,197324,1,0,78 11 12 9,1,200,,197326,1,0,78 11 12 9,1,200,,197328,1,0,78 11 12 9,1,300,,197330,1,0,78 11 12 9,1
5200,'20260829',810,,197336,1,0,78 11 12 9,1,200,,197337,1,0,78 11 12 9,1,200,,197338,1,0,78 11 12 9,1,200,,197340,1,0,78 11 12 9,1,200,,197342,1,0,78 11 12 9,1,200,,197344,1,0,78 11 12 9,1,200,,197346,1,0,78 11 12 9,1,300,,197348,1,0,78 11 12 9,1
5200,'20260830',810,,197349,1,0,78 11 12 9,1,200,,197350,1,0,78 11 12 9,1,200,,197351,1,0,78 11 12 9,1,200,,197353,1,0,78 11 12 9,1,200,,197355,1,0,78 11 12 9,1,200,,197357,1,0,78 11 12 9,1,200,,197359,1,0,78 11 12 9,1,300,,197361,1,0,78 11 12 9,1
5201,'20260822',810,,197701,19,4,,1,200,,197702,19,4,,1,200,,197703,19,4,,1,205,,197705,19,4,,1,200,,197707,19,4,,1,200,,197709,19,4,,1,195,,197711,19,4,,1,300,,197713,19,4,,1
5201,'20260823',810,,197714,19,4,,1,200,,197715,19,4,,1,200,,197716,19,4,,1,205,,197718,19,4,,1,200,,197720,19,4,,1,200,,197722,19,4,,1,195,,197724,19,4,,1,300,,197726,19,4,,1
5201,'20260829',810,,197732,19,4,,1,200,,197733,19,4,,1,200,,197734,19,4,,1,205,,197736,19,4,,1,200,,197738,19,4,,1,200,,197740,19,4,,1,195,,197742,19,4,,1,300,,197744,19,4,,1
5201,'20260830',810,,197745,19,4,,1,200,,197746,19,4,,1,200,,197747,19,4,,1,205,,197749,19,4,,1,200,,197751,19,4,,1,200,,197753,19,4,,1,195,,197755,19,4,,1,300,,197757,19,4,,1
