2201,'20260910',743,,248515,21,,,1,97,,248516,21,,,1,201,,248517,21,,,1,200,,248518,21,,,1,200,,248519,21,,,1,205,,248520,21,,,1,200,,248521,21,,,1,194,,248522,21,,,1
2201,'20260911',743,,248523,21,,,1,97,,248524,21,,,1,201,,248525,21,,,1,200,,248526,21,,,1,200,,248527,21,,,1,205,,248528,21,,,1,200,,248529,21,,,1,194,,248530,21,,,1
2201,'20260914',743,,248531,21,,,1,97,,248532,21,,,1,201,,248533,21,,,1,200,,248534,21,,,1,200,,248535,21,,,1,205,,248536,21,,,1,200,,248537,21,,,1,194,,248538,21,,,1
2201,'20260915',743,,248539,21,,,1,97,,248540,21,,,1,201,,248541,21,,,1,200,,248542,21,,,1,200,,248543,21,,,1,205,,248544,21,,,1,200,,248545,21,,,1,194,,248546,21,,,1
2201,'20260916',743,,248547,21,,,1,97,,248548,21,,,1,201,,248549,21,,,1,200,,248550,21,,,1,200,,248551,21,,,1,205,,248552,21,,,1,200,,248553,21,,,1,194,,248554,21,,,1
2201,'20260917',743,,248555,21,,,1,97,,248556,21,,,1,201,,248557,21,,,1,200,,248558,21,,,1,200,,248559,21,,,1,205,,248560,21,,,1,200,,248561,21,,,1,194,,248562,21,,,1
2201,'20260918',743,,248563,21,,,1,97,,248564,21,,,1,201,,248565,21,,,1,200,,248566,21,,,1,200,,248567,21,,,1,205,,248568,21,,,1,200,,248569,21,,,1,194,,248570,21,,,1
2201,'20260921',743,,248571,21,,,1,97,,248572,21,,,1,201,,248573,21,,,1,200,,248574,21,,,1,200,,248575,21,,,1,205,,248576,21,,,1,200,,248577,21,,,1,194,,248578,21,,,1
2201,'20260922',743,,248579,21,,,1,97,,248580,21,,,1,201,,248581,21,,,1,200,,248582,21,,,1,200,,248583,21,,,1,205,,248584,21,,,1,200,,248585,21,,,1,194,,248586,21,,,1
2201,'20260923',743,,248587,21,,,1,97,,248588,21,,,1,201,,248589,21,,,1,200,,248590,21,,,1,200,,248591,21,,,1,205,,248592,21,,,1,200,,248593,21,,,1,194,,248594,21,,,1
2201,'20260924',743,,248595,21,,,1,97,,248596,21,,,1,201,,248597,21,,,1,200,,248598,21,,,1,200,,248599,21,,,1,205,,248600,21,,,1,200,,248601,21,,,1,194,,248602,21,,,1
2201,'20260925',743,,248603,21,,,1,97,,248604,21,,,1,201,,248605,21,,,1,200,,248606,21,,,1,200,,248607,21,,,1,205,,248608,21,,,1,200,,248609,21,,,1,194,,248610,21,,,1
2201,'20260928',743,,248611,21,,,1,97,,248612,21,,,1,201,,248613,21,,,1,200,,248614,21,,,1,200,,248615,21,,,1,205,,248616,21,,,1,200,,248617,21,,,1,194,,248618,21,,,1
2201,'20260929',743,,248619,21,,,1,97,,248620,21,,,1,201,,248621,21,,,1,200,,248622,21,,,1,200,,248623,21,,,1,205,,248624,21,,,1,200,,248625,21,,,1,194,,248626,21,,,1
2201,'20260930',743,,248627,21,,,1,97,,248628,21,,,1,201,,248629,21,,,1,200,,248630,21,,,1,200,,248631,21,,,1,205,,248632,21,,,1,200,,248633,21,,,1,194,,248634,21,,,1
2201,'20261001',743,,248635,21,,,1,97,,248636,21,,,1,201,,248637,21,,,1,200,,248638,21,,,1,200,,248639,21,,,1,205,,248640,21,,,1,200,,248641,21,,,1,194,,248642,21,,,1
2201,'20261002',743,,248643,21,,,1,97,,248644,21,,,1,201,,248645,21,,,1,200,,248646,21,,,1,200,,248647,21,,,1,205,,248648,21,,,1,200,,248649,21,,,1,194,,248650,21,,,1
2201,'20261005',743,,248651,21,,,1,97,,248652,21,,,1,201,,248653,21,,,1,200,,248654,21,,,1,200,,248655,21,,,1,205,,248656,21,,,1,200,,248657,21,,,1,194,,248658,21,,,1
2201,'20261006',743,,248659,21,,,1,97,,248660,21,,,1,201,,248661,21,,,1,200,,248662,21,,,1,200,,248663,21,,,1,205,,248664,21,,,1,200,,248665,21,,,1,194,,248666,21,,,1
2201,'20261007',743,,248667,21,,,1,97,,248668,21,,,1,201,,248669,21,,,1,200,,248670,21,,,1,200,,248671,21,,,1,205,,248672,21,,,1,200,,248673,21,,,1,194,,248674,21,,,1
2201,'20261008',743,,248675,21,,,1,97,,248676,21,,,1,201,,248677,21,,,1,200,,248678,21,,,1,200,,248679,21,,,1,205,,248680,21,,,1,200,,248681,21,,,1,194,,248682,21,,,1
2201,'20261009',743,,248683,21,,,1,97,,248684,21,,,1,201,,248685,21,,,1,200,,248686,21,,,1,200,,248687,21,,,1,205,,248688,21,,,1,200,,248689,21,,,1,194,,248690,21,,,1
2201,'20261013',743,,248691,21,,,1,97,,248692,21,,,1,201,,248693,21,,,1,200,,248694,21,,,1,200,,248695,21,,,1,205,,248696,21,,,1,200,,248697,21,,,1,194,,248698,21,,,1
2201,'20261014',743,,248699,21,,,1,97,,248700,21,,,1,201,,248701,21,,,1,200,,248702,21,,,1,200,,248703,21,,,1,205,,248704,21,,,1,200,,248705,21,,,1,194,,248706,21,,,1
2201,'20261015',743,,248707,21,,,1,97,,248708,21,,,1,201,,248709,21,,,1,200,,248710,21,,,1,200,,248711,21,,,1,205,,248712,21,,,1,200,,248713,21,,,1,194,,248714,21,,,1
2201,'20261016',743,,248715,21,,,1,97,,248716,21,,,1,201,,248717,21,,,1,200,,248718,21,,,1,200,,248719,21,,,1,205,,248720,21,,,1,200,,248721,21,,,1,194,,248722,21,,,1
2201,'20261019',743,,248723,21,,,1,97,,248724,21,,,1,201,,248725,21,,,1,200,,248726,21,,,1,200,,248727,21,,,1,205,,248728,21,,,1,200,,248729,21,,,1,194,,248730,21,,,1
2201,'20261020',743,,248731,21,,,1,97,,248732,21,,,1,201,,248733,21,,,1,200,,248734,21,,,1,200,,248735,21,,,1,205,,248736,21,,,1,200,,248737,21,,,1,194,,248738,21,,,1
2201,'20261021',743,,248739,21,,,1,97,,248740,21,,,1,201,,248741,21,,,1,200,,248742,21,,,1,200,,248743,21,,,1,205,,248744,21,,,1,200,,248745,21,,,1,194,,248746,21,,,1
2201,'20261022',743,,248747,21,,,1,97,,248748,21,,,1,201,,248749,21,,,1,200,,248750,21,,,1,200,,248751,21,,,1,205,,248752,21,,,1,200,,248753,21,,,1,194,,248754,21,,,1
2201,'20261023',743,,248755,21,,,1,97,,248756,21,,,1,201,,248757,21,,,1,200,,248758,21,,,1,200,,248759,21,,,1,205,,248760,21,,,1,200,,248761,21,,,1,194,,248762,21,,,1
2201,'20261026',743,,248763,21,,,1,97,,248764,21,,,1,201,,248765,21,,,1,200,,248766,21,,,1,200,,248767,21,,,1,205,,248768,21,,,1,200,,248769,21,,,1,194,,248770,21,,,1
2201,'20261027',743,,248771,21,,,1,97,,248772,21,,,1,201,,248773,21,,,1,200,,248774,21,,,1,200,,248775,21,,,1,205,,248776,21,,,1,200,,248777,21,,,1,194,,248778,21,,,1
2201,'20261028',743,,248779,21,,,1,97,,248780,21,,,1,201,,248781,21,,,1,200,,248782,21,,,1,200,,248783,21,,,1,205,,248784,21,,,1,200,,248785,21,,,1,194,,248786,21,,,1
2201,'20261029',743,,248787,21,,,1,97,,248788,21,,,1,201,,248789,21,,,1,200,,248790,21,,,1,200,,248791,21,,,1,205,,248792,21,,,1,200,,248793,21,,,1,194,,248794,21,,,1
2201,'20261030',743,,248795,21,,,1,97,,248796,21,,,1,201,,248797,21,,,1,200,,248798,21,,,1,200,,248799,21,,,1,205,,248800,21,,,1,200,,248801,21,,,1,194,,248802,21,,,1
2201,'20261102',743,,248803,21,,,1,97,,248804,21,,,1,201,,248805,21,,,1,200,,248806,21,,,1,200,,248807,21,,,1,205,,248808,21,,,1,200,,248809,21,,,1,194,,248810,21,,,1
2201,'20261103',743,,248811,21,,,1,97,,248812,21,,,1,201,,248813,21,,,1,200,,248814,21,,,1,200,,248815,21,,,1,205,,248816,21,,,1,200,,248817,21,,,1,194,,248818,21,,,1
2201,'20261104',743,,248819,21,,,1,97,,248820,21,,,1,201,,248821,21,,,1,200,,248822,21,,,1,200,,248823,21,,,1,205,,248824,21,,,1,200,,248825,21,,,1,194,,248826,21,,,1
2201,'20261105',743,,248827,21,,,1,97,,248828,21,,,1,201,,248829,21,,,1,200,,248830,21,,,1,200,,248831,21,,,1,205,,248832,21,,,1,200,,248833,21,,,1,194,,248834,21,,,1
2201,'20261106',743,,248835,21,,,1,97,,248836,21,,,1,201,,248837,21,,,1,200,,248838,21,,,1,200,,248839,21,,,1,205,,248840,21,,,1,200,,248841,21,,,1,194,,248842,21,,,1
2201,'20261109',743,,248843,21,,,1,97,,248844,21,,,1,201,,248845,21,,,1,200,,248846,21,,,1,200,,248847,21,,,1,205,,248848,21,,,1,200,,248849,21,,,1,194,,248850,21,,,1
2201,'20261110',743,,248851,21,,,1,97,,248852,21,,,1,201,,248853,21,,,1,200,,248854,21,,,1,200,,248855,21,,,1,205,,248856,21,,,1,200,,248857,21,,,1,194,,248858,21,,,1
2201,'20261111',743,,248859,21,,,1,97,,248860,21,,,1,201,,248861,21,,,1,200,,248862,21,,,1,200,,248863,21,,,1,205,,248864,21,,,1,200,,248865,21,,,1,194,,248866,21,,,1
2201,'20261112',743,,248867,21,,,1,97,,248868,21,,,1,201,,248869,21,,,1,200,,248870,21,,,1,200,,248871,21,,,1,205,,248872,21,,,1,200,,248873,21,,,1,194,,248874,21,,,1
2201,'20261113',743,,248875,21,,,1,97,,248876,21,,,1,201,,248877,21,,,1,200,,248878,21,,,1,200,,248879,21,,,1,205,,248880,21,,,1,200,,248881,21,,,1,194,,248882,21,,,1
2201,'20261116',743,,248883,21,,,1,97,,248884,21,,,1,201,,248885,21,,,1,200,,248886,21,,,1,200,,248887,21,,,1,205,,248888,21,,,1,200,,248889,21,,,1,194,,248890,21,,,1
2201,'20261117',743,,248891,21,,,1,97,,248892,21,,,1,201,,248893,21,,,1,200,,248894,21,,,1,200,,248895,21,,,1,205,,248896,21,,,1,200,,248897,21,,,1,194,,248898,21,,,1
2201,'20261118',743,,248899,21,,,1,97,,248900,21,,,1,201,,248901,21,,,1,200,,248902,21,,,1,200,,248903,21,,,1,205,,248904,21,,,1,200,,248905,21,,,1,194,,248906,21,,,1
2201,'20261119',743,,248907,21,,,1,97,,248908,21,,,1,201,,248909,21,,,1,200,,248910,21,,,1,200,,248911,21,,,1,205,,248912,21,,,1,200,,248913,21,,,1,194,,248914,21,,,1
2201,'20261120',743,,248915,21,,,1,97,,248916,21,,,1,201,,248917,21,,,1,200,,248918,21,,,1,200,,248919,21,,,1,205,,248920,21,,,1,200,,248921,21,,,1,194,,248922,21,,,1
2201,'20261123',743,,248923,21,,,1,97,,248924,21,,,1,201,,248925,21,,,1,200,,248926,21,,,1,200,,248927,21,,,1,205,,248928,21,,,1,200,,248929,21,,,1,194,,248930,21,,,1
2201,'20261124',743,,248931,21,,,1,97,,248932,21,,,1,201,,248933,21,,,1,200,,248934,21,,,1,200,,248935,21,,,1,205,,248936,21,,,1,200,,248937,21,,,1,194,,248938,21,,,1
2201,'20261125',743,,248939,21,,,1,97,,248940,21,,,1,201,,248941,21,,,1,200,,248942,21,,,1,200,,248943,21,,,1,205,,248944,21,,,1,200,,248945,21,,,1,194,,248946,21,,,1
2201,'20261126',743,,248947,21,,,1,97,,248948,21,,,1,201,,248949,21,,,1,200,,248950,21,,,1,200,,248951,21,,,1,205,,248952,21,,,1,200,,248953,21,,,1,194,,248954,21,,,1
2201,'20261127',743,,248955,21,,,1,97,,248956,21,,,1,201,,248957,21,,,1,200,,248958,21,,,1,200,,248959,21,,,1,205,,248960,21,,,1,200,,248961,21,,,1,194,,248962,21,,,1
5601,'20260910',618,,309639,30,,,1,85,,309640,13,0,5 56 9,1,20,,309641,30,,,1,15,,309642,13,0,5 56 9,1,17,,309643,30,,,1,55,,309644,13,0,5 56 9,1,15,,309645,30,,,1,15,,309646,13,0,5 56 9,1,15,,309647,30,,,1,70,,309648,30,,,1,75,,309649,30,,,1,23,,309650,30,,,1,30,,309651,30,,,1,75,,309652,30,,,1,30,,309653,30,,,1,70,,309654,30,,,1,30,,309655,30,,,1,70,,309656,30,,,1,27,,309657,30,,,1,70,,309658,30,,,1,30,,309659,30,,,1,70,,309660,30,,,1,33,,309661,30,,,1,70,,309662,30,,,1,82,,309664,30,,,1,20,,309665,30,,,1,75,,309666,30,,,1,30,,309667,30,,,1,70,,309669,30,,,1,25,,309670,30,,,1,25,,309672,30,,,1,65,,309673,30,,,1,30,,309674,30,,,1,83,,309675,30,,,1,100,,309676,30,,,1,100,,309677,30,,,1,200,,309678,30,,,1
5601,'20260911',618,,309679,30,,,1,85,,309680,13,0,5 56 9,1,20,,309681,30,,,1,15,,309682,13,0,5 56 9,1,17,,309683,30,,,1,55,,309684,13,0,5 56 9,1,15,,309685,30,,,1,15,,309686,13,0,5 56 9,1,15,,309687,30,,,1,70,,309688,30,,,1,75,,309689,30,,,1,23,,309690,30,,,1,30,,309691,30,,,1,75,,309692,30,,,1,30,,309693,30,,,1,70,,309694,30,,,1,30,,309695,30,,,1,70,,309696,30,,,1,27,,309697,30,,,1,70,,309698,30,,,1,30,,309699,30,,,1,70,,309700,30,,,1,33,,309701,30,,,1,70,,309702,30,,,1,82,,309704,30,,,1,20,,309705,30,,,1,75,,309706,30,,,1,30,,309707,30,,,1,70,,309709,30,,,1,25,,309710,30,,,1,25,,309712,30,,,1,65,,309713,30,,,1,30,,309714,30,,,1,83,,309715,30,,,1,100,,309716,30,,,1,100,,309717,30,,,1,200,,309718,30,,,1
5601,'20260914',618,,309719,30,,,1,85,,309720,13,0,5 56 9,1,20,,309721,30,,,1,15,,309722,13,0,5 56 9,1,17,,309723,30,,,1,55,,309724,13,0,5 56 9,1,15,,309725,30,,,1,15,,309726,13,0,5 56 9,1,15,,309727,30,,,1,70,,309728,30,,,1,75,,309729,30,,,1,23,,309730,30,,,1,30,,309731,30,,,1,75,,309732,30,,,1,30,,309733,30,,,1,70,,309734,30,,,1,30,,309735,30,,,1,70,,309736,30,,,1,27,,309737,30,,,1,70,,309738,30,,,1,30,,309739,30,,,1,70,,309740,30,,,1,33,,309741,30,,,1,70,,309742,30,,,1,82,,309744,30,,,1,20,,309745,30,,,1,75,,309746,30,,,1,30,,309747,30,,,1,70,,309749,30,,,1,25,,309750,30,,,1,25,,309752,30,,,1,65,,309753,30,,,1,30,,309754,30,,,1,83,,309755,30,,,1,100,,309756,30,,,1,100,,309757,30,,,1,200,,309758,30,,,1
5601,'20260915',618,,309759,30,,,1,85,,309760,13,0,5 56 9,1,20,,309761,30,,,1,15,,309762,13,0,5 56 9,1,17,,309763,30,,,1,55,,309764,13,0,5 56 9,1,15,,309765,30,,,1,15,,309766,13,0,5 56 9,1,15,,309767,30,,,1,70,,309768,30,,,1,75,,309769,30,,,1,23,,309770,30,,,1,30,,309771,30,,,1,75,,309772,30,,,1,30,,309773,30,,,1,70,,309774,30,,,1,30,,309775,30,,,1,70,,309776,30,,,1,27,,309777,30,,,1,70,,309778,30,,,1,30,,309779,30,,,1,70,,309780,30,,,1,33,,309781,30,,,1,70,,309782,30,,,1,82,,309784,30,,,1,20,,309785,30,,,1,75,,309786,30,,,1,30,,309787,30,,,1,70,,309789,30,,,1,25,,309790,30,,,1,25,,309792,30,,,1,65,,309793,30,,,1,30,,309794,30,,,1,83,,309795,30,,,1,100,,309796,30,,,1,100,,309797,30,,,1,200,,309798,30,,,1
5601,'20260916',618,,309799,30,,,1,85,,309800,13,0,5 56 9,1,20,,309801,30,,,1,15,,309802,13,0,5 56 9,1,17,,309803,30,,,1,55,,309804,13,0,5 56 9,1,15,,309805,30,,,1,15,,309806,13,0,5 56 9,1,15,,309807,30,,,1,70,,309808,30,,,1,75,,309809,30,,,1,23,,309810,30,,,1,30,,309811,30,,,1,75,,309812,30,,,1,30,,309813,30,,,1,70,,309814,30,,,1,30,,309815,30,,,1,70,,309816,30,,,1,27,,309817,30,,,1,70,,309818,30,,,1,30,,309819,30,,,1,70,,309820,30,,,1,33,,309821,30,,,1,70,,309822,30,,,1,82,,309824,30,,,1,20,,309825,30,,,1,75,,309826,30,,,1,30,,309827,30,,,1,70,,309829,30,,,1,25,,309830,30,,,1,25,,309832,30,,,1,65,,309833,30,,,1,30,,309834,30,,,1,83,,309835,30,,,1,100,,309836,30,,,1,100,,309837,30,,,1,200,,309838,30,,,1
5601,'20260917',618,,309839,30,,,1,85,,309840,13,0,5 56 9,1,20,,309841,30,,,1,15,,309842,13,0,5 56 9,1,17,,309843,30,,,1,55,,309844,13,0,5 56 9,1,15,,309845,30,,,1,15,,309846,13,0,5 56 9,1,15,,309847,30,,,1,70,,309848,30,,,1,75,,309849,30,,,1,23,,309850,30,,,1,30,,309851,30,,,1,75,,309852,30,,,1,30,,309853,30,,,1,70,,309854,30,,,1,30,,309855,30,,,1,70,,309856,30,,,1,27,,309857,30,,,1,70,,309858,30,,,1,30,,309859,30,,,1,70,,309860,30,,,1,33,,309861,30,,,1,70,,309862,30,,,1,82,,309864,30,,,1,20,,309865,30,,,1,75,,309866,30,,,1,30,,309867,30,,,1,70,,309869,30,,,1,25,,309870,30,,,1,25,,309872,30,,,1,65,,309873,30,,,1,30,,309874,30,,,1,83,,309875,30,,,1,100,,309876,30,,,1,100,,309877,30,,,1,200,,309878,30,,,1
5601,'20260918',618,,309879,30,,,1,85,,309880,13,0,5 56 9,1,20,,309881,30,,,1,15,,309882,13,0,5 56 9,1,17,,309883,30,,,1,55,,309884,13,0,5 56 9,1,15,,309885,30,,,1,15,,309886,13,0,5 56 9,1,15,,309887,30,,,1,70,,309888,30,,,1,75,,309889,30,,,1,23,,309890,30,,,1,30,,309891,30,,,1,75,,309892,30,,,1,30,,309893,30,,,1,70,,309894,30,,,1,30,,309895,30,,,1,70,,309896,30,,,1,27,,309897,30,,,1,70,,309898,30,,,1,30,,309899,30,,,1,70,,309900,30,,,1,33,,309901,30,,,1,70,,309902,30,,,1,82,,309904,30,,,1,20,,309905,30,,,1,75,,309906,30,,,1,30,,309907,30,,,1,70,,309909,30,,,1,25,,309910,30,,,1,25,,309912,30,,,1,65,,309913,30,,,1,30,,309914,30,,,1,83,,309915,30,,,1,100,,309916,30,,,1,100,,309917,30,,,1,200,,309918,30,,,1
5601,'20260921',618,,309919,30,,,1,85,,309920,13,0,5 56 9,1,20,,309921,30,,,1,15,,309922,13,0,5 56 9,1,17,,309923,30,,,1,55,,309924,13,0,5 56 9,1,15,,309925,30,,,1,15,,309926,13,0,5 56 9,1,15,,309927,30,,,1,70,,309928,30,,,1,75,,309929,30,,,1,23,,309930,30,,,1,30,,309931,30,,,1,75,,309932,30,,,1,30,,309933,30,,,1,70,,309934,30,,,1,30,,309935,30,,,1,70,,309936,30,,,1,27,,309937,30,,,1,70,,309938,30,,,1,30,,309939,30,,,1,70,,309940,30,,,1,33,,309941,30,,,1,70,,309942,30,,,1,82,,309944,30,,,1,20,,309945,30,,,1,75,,309946,30,,,1,30,,309947,30,,,1,70,,309949,30,,,1,25,,309950,30,,,1,25,,309952,30,,,1,65,,309953,30,,,1,30,,309954,30,,,1,83,,309955,30,,,1,100,,309956,30,,,1,100,,309957,30,,,1,200,,309958,30,,,1
5601,'20260922',618,,309959,30,,,1,85,,309960,13,0,5 56 9,1,20,,309961,30,,,1,15,,309962,13,0,5 56 9,1,17,,309963,30,,,1,55,,309964,13,0,5 56 9,1,15,,309965,30,,,1,15,,309966,13,0,5 56 9,1,15,,309967,30,,,1,70,,309968,30,,,1,75,,309969,30,,,1,23,,309970,30,,,1,30,,309971,30,,,1,75,,309972,30,,,1,30,,309973,30,,,1,70,,309974,30,,,1,30,,309975,30,,,1,70,,309976,30,,,1,27,,309977,30,,,1,70,,309978,30,,,1,30,,309979,30,,,1,70,,309980,30,,,1,33,,309981,30,,,1,70,,309982,30,,,1,82,,309984,30,,,1,20,,309985,30,,,1,75,,309986,30,,,1,30,,309987,30,,,1,70,,309989,30,,,1,25,,309990,30,,,1,25,,309992,30,,,1,65,,309993,30,,,1,30,,309994,30,,,1,83,,309995,30,,,1,100,,309996,30,,,1,100,,309997,30,,,1,200,,309998,30,,,1
5601,'20260923',618,,309999,30,,,1,85,,310000,13,0,5 56 9,1,20,,310001,30,,,1,15,,310002,13,0,5 56 9,1,17,,310003,30,,,1,55,,310004,13,0,5 56 9,1,15,,310005,30,,,1,15,,310006,13,0,5 56 9,1,15,,310007,30,,,1,70,,310008,30,,,1,75,,310009,30,,,1,23,,310010,30,,,1,30,,310011,30,,,1,75,,310012,30,,,1,30,,310013,30,,,1,70,,310014,30,,,1,30,,310015,30,,,1,70,,310016,30,,,1,27,,310017,30,,,1,70,,310018,30,,,1,30,,310019,30,,,1,70,,310020,30,,,1,33,,310021,30,,,1,70,,310022,30,,,1,82,,310024,30,,,1,20,,310025,30,,,1,75,,310026,30,,,1,30,,310027,30,,,1,70,,310029,30,,,1,25,,310030,30,,,1,25,,310032,30,,,1,65,,310033,30,,,1,30,,310034,30,,,1,83,,310035,30,,,1,100,,310036,30,,,1,100,,310037,30,,,1,200,,310038,30,,,1
5601,'20260924',618,,310039,30,,,1,85,,310040,13,0,5 56 9,1,20,,310041,30,,,1,15,,310042,13,0,5 56 9,1,17,,310043,30,,,1,55,,310044,13,0,5 56 9,1,15,,310045,30,,,1,15,,310046,13,0,5 56 9,1,15,,310047,30,,,1,70,,310048,30,,,1,75,,310049,30,,,1,23,,310050,30,,,1,30,,310051,30,,,1,75,,310052,30,,,1,30,,310053,30,,,1,70,,310054,30,,,1,30,,310055,30,,,1,70,,310056,30,,,1,27,,310057,30,,,1,70,,310058,30,,,1,30,,310059,30,,,1,70,,310060,30,,,1,33,,310061,30,,,1,70,,310062,30,,,1,82,,310064,30,,,1,20,,310065,30,,,1,75,,310066,30,,,1,30,,310067,30,,,1,70,,310069,30,,,1,25,,310070,30,,,1,25,,310072,30,,,1,65,,310073,30,,,1,30,,310074,30,,,1,83,,310075,30,,,1,100,,310076,30,,,1,100,,310077,30,,,1,200,,310078,30,,,1
5601,'20260925',618,,310079,30,,,1,85,,310080,13,0,5 56 9,1,20,,310081,30,,,1,15,,310082,13,0,5 56 9,1,17,,310083,30,,,1,55,,310084,13,0,5 56 9,1,15,,310085,30,,,1,15,,310086,13,0,5 56 9,1,15,,310087,30,,,1,70,,310088,30,,,1,75,,310089,30,,,1,23,,310090,30,,,1,30,,310091,30,,,1,75,,310092,30,,,1,30,,310093,30,,,1,70,,310094,30,,,1,30,,310095,30,,,1,70,,310096,30,,,1,27,,310097,30,,,1,70,,310098,30,,,1,30,,310099,30,,,1,70,,310100,30,,,1,33,,310101,30,,,1,70,,310102,30,,,1,82,,310104,30,,,1,20,,310105,30,,,1,75,,310106,30,,,1,30,,310107,30,,,1,70,,310109,30,,,1,25,,310110,30,,,1,25,,310112,30,,,1,65,,310113,30,,,1,30,,310114,30,,,1,83,,310115,30,,,1,100,,310116,30,,,1,100,,310117,30,,,1,200,,310118,30,,,1
5601,'20260928',618,,310119,30,,,1,85,,310120,13,0,5 56 9,1,20,,310121,30,,,1,15,,310122,13,0,5 56 9,1,17,,310123,30,,,1,55,,310124,13,0,5 56 9,1,15,,310125,30,,,1,15,,310126,13,0,5 56 9,1,15,,310127,30,,,1,70,,310128,30,,,1,75,,310129,30,,,1,23,,310130,30,,,1,30,,310131,30,,,1,75,,310132,30,,,1,30,,310133,30,,,1,70,,310134,30,,,1,30,,310135,30,,,1,70,,310136,30,,,1,27,,310137,30,,,1,70,,310138,30,,,1,30,,310139,30,,,1,70,,310140,30,,,1,33,,310141,30,,,1,70,,310142,30,,,1,82,,310144,30,,,1,20,,310145,30,,,1,75,,310146,30,,,1,30,,310147,30,,,1,70,,310149,30,,,1,25,,310150,30,,,1,25,,310152,30,,,1,65,,310153,30,,,1,30,,310154,30,,,1,83,,310155,30,,,1,100,,310156,30,,,1,100,,310157,30,,,1,200,,310158,30,,,1
5601,'20260929',618,,310159,30,,,1,85,,310160,13,0,5 56 9,1,20,,310161,30,,,1,15,,310162,13,0,5 56 9,1,17,,310163,30,,,1,55,,310164,13,0,5 56 9,1,15,,310165,30,,,1,15,,310166,13,0,5 56 9,1,15,,310167,30,,,1,70,,310168,30,,,1,75,,310169,30,,,1,23,,310170,30,,,1,30,,310171,30,,,1,75,,310172,30,,,1,30,,310173,30,,,1,70,,310174,30,,,1,30,,310175,30,,,1,70,,310176,30,,,1,27,,310177,30,,,1,70,,310178,30,,,1,30,,310179,30,,,1,70,,310180,30,,,1,33,,310181,30,,,1,70,,310182,30,,,1,82,,310184,30,,,1,20,,310185,30,,,1,75,,310186,30,,,1,30,,310187,30,,,1,70,,310189,30,,,1,25,,310190,30,,,1,25,,310192,30,,,1,65,,310193,30,,,1,30,,310194,30,,,1,83,,310195,30,,,1,100,,310196,30,,,1,100,,310197,30,,,1,200,,310198,30,,,1
5601,'20260930',618,,310199,30,,,1,85,,310200,13,0,5 56 9,1,20,,310201,30,,,1,15,,310202,13,0,5 56 9,1,17,,310203,30,,,1,55,,310204,13,0,5 56 9,1,15,,310205,30,,,1,15,,310206,13,0,5 56 9,1,15,,310207,30,,,1,70,,310208,30,,,1,75,,310209,30,,,1,23,,310210,30,,,1,30,,310211,30,,,1,75,,310212,30,,,1,30,,310213,30,,,1,70,,310214,30,,,1,30,,310215,30,,,1,70,,310216,30,,,1,27,,310217,30,,,1,70,,310218,30,,,1,30,,310219,30,,,1,70,,310220,30,,,1,33,,310221,30,,,1,70,,310222,30,,,1,82,,310224,30,,,1,20,,310225,30,,,1,75,,310226,30,,,1,30,,310227,30,,,1,70,,310229,30,,,1,25,,310230,30,,,1,25,,310232,30,,,1,65,,310233,30,,,1,30,,310234,30,,,1,83,,310235,30,,,1,100,,310236,30,,,1,100,,310237,30,,,1,200,,310238,30,,,1
5601,'20261001',618,,310239,30,,,1,85,,310240,13,0,5 56 9,1,20,,310241,30,,,1,15,,310242,13,0,5 56 9,1,17,,310243,30,,,1,55,,310244,13,0,5 56 9,1,15,,310245,30,,,1,15,,310246,13,0,5 56 9,1,15,,310247,30,,,1,70,,310248,30,,,1,75,,310249,30,,,1,23,,310250,30,,,1,30,,310251,30,,,1,75,,310252,30,,,1,30,,310253,30,,,1,70,,310254,30,,,1,30,,310255,30,,,1,70,,310256,30,,,1,27,,310257,30,,,1,70,,310258,30,,,1,30,,310259,30,,,1,70,,310260,30,,,1,33,,310261,30,,,1,70,,310262,30,,,1,82,,310264,30,,,1,20,,310265,30,,,1,75,,310266,30,,,1,30,,310267,30,,,1,70,,310269,30,,,1,25,,310270,30,,,1,25,,310272,30,,,1,65,,310273,30,,,1,30,,310274,30,,,1,83,,310275,30,,,1,100,,310276,30,,,1,100,,310277,30,,,1,200,,310278,30,,,1
5601,'20261002',618,,310279,30,,,1,85,,310280,13,0,5 56 9,1,20,,310281,30,,,1,15,,310282,13,0,5 56 9,1,17,,310283,30,,,1,55,,310284,13,0,5 56 9,1,15,,310285,30,,,1,15,,310286,13,0,5 56 9,1,15,,310287,30,,,1,70,,310288,30,,,1,75,,310289,30,,,1,23,,310290,30,,,1,30,,310291,30,,,1,75,,310292,30,,,1,30,,310293,30,,,1,70,,310294,30,,,1,30,,310295,30,,,1,70,,310296,30,,,1,27,,310297,30,,,1,70,,310298,30,,,1,30,,310299,30,,,1,70,,310300,30,,,1,33,,310301,30,,,1,70,,310302,30,,,1,82,,310304,30,,,1,20,,310305,30,,,1,75,,310306,30,,,1,30,,310307,30,,,1,70,,310309,30,,,1,25,,310310,30,,,1,25,,310312,30,,,1,65,,310313,30,,,1,30,,310314,30,,,1,83,,310315,30,,,1,100,,310316,30,,,1,100,,310317,30,,,1,200,,310318,30,,,1
5601,'20261005',618,,310319,30,,,1,85,,310320,13,0,5 56 9,1,20,,310321,30,,,1,15,,310322,13,0,5 56 9,1,17,,310323,30,,,1,55,,310324,13,0,5 56 9,1,15,,310325,30,,,1,15,,310326,13,0,5 56 9,1,15,,310327,30,,,1,70,,310328,30,,,1,75,,310329,30,,,1,23,,310330,30,,,1,30,,310331,30,,,1,75,,310332,30,,,1,30,,310333,30,,,1,70,,310334,30,,,1,30,,310335,30,,,1,70,,310336,30,,,1,27,,310337,30,,,1,70,,310338,30,,,1,30,,310339,30,,,1,70,,310340,30,,,1,33,,310341,30,,,1,70,,310342,30,,,1,82,,310344,30,,,1,20,,310345,30,,,1,75,,310346,30,,,1,30,,310347,30,,,1,70,,310349,30,,,1,25,,310350,30,,,1,25,,310352,30,,,1,65,,310353,30,,,1,30,,310354,30,,,1,83,,310355,30,,,1,100,,310356,30,,,1,100,,310357,30,,,1,200,,310358,30,,,1
5601,'20261006',618,,310359,30,,,1,85,,310360,13,0,5 56 9,1,20,,310361,30,,,1,15,,310362,13,0,5 56 9,1,17,,310363,30,,,1,55,,310364,13,0,5 56 9,1,15,,310365,30,,,1,15,,310366,13,0,5 56 9,1,15,,310367,30,,,1,70,,310368,30,,,1,75,,310369,30,,,1,23,,310370,30,,,1,30,,310371,30,,,1,75,,310372,30,,,1,30,,310373,30,,,1,70,,310374,30,,,1,30,,310375,30,,,1,70,,310376,30,,,1,27,,310377,30,,,1,70,,310378,30,,,1,30,,310379,30,,,1,70,,310380,30,,,1,33,,310381,30,,,1,70,,310382,30,,,1,82,,310384,30,,,1,20,,310385,30,,,1,75,,310386,30,,,1,30,,310387,30,,,1,70,,310389,30,,,1,25,,310390,30,,,1,25,,310392,30,,,1,65,,310393,30,,,1,30,,310394,30,,,1,83,,310395,30,,,1,100,,310396,30,,,1,100,,310397,30,,,1,200,,310398,30,,,1
5601,'20261007',618,,310399,30,,,1,85,,310400,13,0,5 56 9,1,20,,310401,30,,,1,15,,310402,13,0,5 56 9,1,17,,310403,30,,,1,55,,310404,13,0,5 56 9,1,15,,310405,30,,,1,15,,310406,13,0,5 56 9,1,15,,310407,30,,,1,70,,310408,30,,,1,75,,310409,30,,,1,23,,310410,30,,,1,30,,310411,30,,,1,75,,310412,30,,,1,30,,310413,30,,,1,70,,310414,30,,,1,30,,310415,30,,,1,70,,310416,30,,,1,27,,310417,30,,,1,70,,310418,30,,,1,30,,310419,30,,,1,70,,310420,30,,,1,33,,310421,30,,,1,70,,310422,30,,,1,82,,310424,30,,,1,20,,310425,30,,,1,75,,310426,30,,,1,30,,310427,30,,,1,70,,310429,30,,,1,25,,310430,30,,,1,25,,310432,30,,,1,65,,310433,30,,,1,30,,310434,30,,,1,83,,310435,30,,,1,100,,310436,30,,,1,100,,310437,30,,,1,200,,310438,30,,,1
5601,'20261008',618,,310439,30,,,1,85,,310440,13,0,5 56 9,1,20,,310441,30,,,1,15,,310442,13,0,5 56 9,1,17,,310443,30,,,1,55,,310444,13,0,5 56 9,1,15,,310445,30,,,1,15,,310446,13,0,5 56 9,1,15,,310447,30,,,1,70,,310448,30,,,1,75,,310449,30,,,1,23,,310450,30,,,1,30,,310451,30,,,1,75,,310452,30,,,1,30,,310453,30,,,1,70,,310454,30,,,1,30,,310455,30,,,1,70,,310456,30,,,1,27,,310457,30,,,1,70,,310458,30,,,1,30,,310459,30,,,1,70,,310460,30,,,1,33,,310461,30,,,1,70,,310462,30,,,1,82,,310464,30,,,1,20,,310465,30,,,1,75,,310466,30,,,1,30,,310467,30,,,1,70,,310469,30,,,1,25,,310470,30,,,1,25,,310472,30,,,1,65,,310473,30,,,1,30,,310474,30,,,1,83,,310475,30,,,1,100,,310476,30,,,1,100,,310477,30,,,1,200,,310478,30,,,1
5601,'20261009',618,,310479,30,,,1,85,,310480,13,0,5 56 9,1,20,,310481,30,,,1,15,,310482,13,0,5 56 9,1,17,,310483,30,,,1,55,,310484,13,0,5 56 9,1,15,,310485,30,,,1,15,,310486,13,0,5 56 9,1,15,,310487,30,,,1,70,,310488,30,,,1,75,,310489,30,,,1,23,,310490,30,,,1,30,,310491,30,,,1,75,,310492,30,,,1,30,,310493,30,,,1,70,,310494,30,,,1,30,,310495,30,,,1,70,,310496,30,,,1,27,,310497,30,,,1,70,,310498,30,,,1,30,,310499,30,,,1,70,,310500,30,,,1,33,,310501,30,,,1,70,,310502,30,,,1,82,,310504,30,,,1,20,,310505,30,,,1,75,,310506,30,,,1,30,,310507,30,,,1,70,,310509,30,,,1,25,,310510,30,,,1,25,,310512,30,,,1,65,,310513,30,,,1,30,,310514,30,,,1,83,,310515,30,,,1,100,,310516,30,,,1,100,,310517,30,,,1,200,,310518,30,,,1
5601,'20261013',618,,310519,30,,,1,85,,310520,13,0,5 56 9,1,20,,310521,30,,,1,15,,310522,13,0,5 56 9,1,17,,310523,30,,,1,55,,310524,13,0,5 56 9,1,15,,310525,30,,,1,15,,310526,13,0,5 56 9,1,15,,310527,30,,,1,70,,310528,30,,,1,75,,310529,30,,,1,23,,310530,30,,,1,30,,310531,30,,,1,75,,310532,30,,,1,30,,310533,30,,,1,70,,310534,30,,,1,30,,310535,30,,,1,70,,310536,30,,,1,27,,310537,30,,,1,70,,310538,30,,,1,30,,310539,30,,,1,70,,310540,30,,,1,33,,310541,30,,,1,70,,310542,30,,,1,82,,310544,30,,,1,20,,310545,30,,,1,75,,310546,30,,,1,30,,310547,30,,,1,70,,310549,30,,,1,25,,310550,30,,,1,25,,310552,30,,,1,65,,310553,30,,,1,30,,310554,30,,,1,83,,310555,30,,,1,100,,310556,30,,,1,100,,310557,30,,,1,200,,310558,30,,,1
5601,'20261014',618,,310559,30,,,1,85,,310560,13,0,5 56 9,1,20,,310561,30,,,1,15,,310562,13,0,5 56 9,1,17,,310563,30,,,1,55,,310564,13,0,5 56 9,1,15,,310565,30,,,1,15,,310566,13,0,5 56 9,1,15,,310567,30,,,1,70,,310568,30,,,1,75,,310569,30,,,1,23,,310570,30,,,1,30,,310571,30,,,1,75,,310572,30,,,1,30,,310573,30,,,1,70,,310574,30,,,1,30,,310575,30,,,1,70,,310576,30,,,1,27,,310577,30,,,1,70,,310578,30,,,1,30,,310579,30,,,1,70,,310580,30,,,1,33,,310581,30,,,1,70,,310582,30,,,1,82,,310584,30,,,1,20,,310585,30,,,1,75,,310586,30,,,1,30,,310587,30,,,1,70,,310589,30,,,1,25,,310590,30,,,1,25,,310592,30,,,1,65,,310593,30,,,1,30,,310594,30,,,1,83,,310595,30,,,1,100,,310596,30,,,1,100,,310597,30,,,1,200,,310598,30,,,1
5601,'20261015',618,,310599,30,,,1,85,,310600,13,0,5 56 9,1,20,,310601,30,,,1,15,,310602,13,0,5 56 9,1,17,,310603,30,,,1,55,,310604,13,0,5 56 9,1,15,,310605,30,,,1,15,,310606,13,0,5 56 9,1,15,,310607,30,,,1,70,,310608,30,,,1,75,,310609,30,,,1,23,,310610,30,,,1,30,,310611,30,,,1,75,,310612,30,,,1,30,,310613,30,,,1,70,,310614,30,,,1,30,,310615,30,,,1,70,,310616,30,,,1,27,,310617,30,,,1,70,,310618,30,,,1,30,,310619,30,,,1,70,,310620,30,,,1,33,,310621,30,,,1,70,,310622,30,,,1,82,,310624,30,,,1,20,,310625,30,,,1,75,,310626,30,,,1,30,,310627,30,,,1,70,,310629,30,,,1,25,,310630,30,,,1,25,,310632,30,,,1,65,,310633,30,,,1,30,,310634,30,,,1,83,,310635,30,,,1,100,,310636,30,,,1,100,,310637,30,,,1,200,,310638,30,,,1
5601,'20261016',618,,310639,30,,,1,85,,310640,13,0,5 56 9,1,20,,310641,30,,,1,15,,310642,13,0,5 56 9,1,17,,310643,30,,,1,55,,310644,13,0,5 56 9,1,15,,310645,30,,,1,15,,310646,13,0,5 56 9,1,15,,310647,30,,,1,70,,310648,30,,,1,75,,310649,30,,,1,23,,310650,30,,,1,30,,310651,30,,,1,75,,310652,30,,,1,30,,310653,30,,,1,70,,310654,30,,,1,30,,310655,30,,,1,70,,310656,30,,,1,27,,310657,30,,,1,70,,310658,30,,,1,30,,310659,30,,,1,70,,310660,30,,,1,33,,310661,30,,,1,70,,310662,30,,,1,82,,310664,30,,,1,20,,310665,30,,,1,75,,310666,30,,,1,30,,310667,30,,,1,70,,310669,30,,,1,25,,310670,30,,,1,25,,310672,30,,,1,65,,310673,30,,,1,30,,310674,30,,,1,83,,310675,30,,,1,100,,310676,30,,,1,100,,310677,30,,,1,200,,310678,30,,,1
5601,'20261019',618,,310679,30,,,1,85,,310680,13,0,5 56 9,1,20,,310681,30,,,1,15,,310682,13,0,5 56 9,1,17,,310683,30,,,1,55,,310684,13,0,5 56 9,1,15,,310685,30,,,1,15,,310686,13,0,5 56 9,1,15,,310687,30,,,1,70,,310688,30,,,1,75,,310689,30,,,1,23,,310690,30,,,1,30,,310691,30,,,1,75,,310692,30,,,1,30,,310693,30,,,1,70,,310694,30,,,1,30,,310695,30,,,1,70,,310696,30,,,1,27,,310697,30,,,1,70,,310698,30,,,1,30,,310699,30,,,1,70,,310700,30,,,1,33,,310701,30,,,1,70,,310702,30,,,1,82,,310704,30,,,1,20,,310705,30,,,1,75,,310706,30,,,1,30,,310707,30,,,1,70,,310709,30,,,1,25,,310710,30,,,1,25,,310712,30,,,1,65,,310713,30,,,1,30,,310714,30,,,1,83,,310715,30,,,1,100,,310716,30,,,1,100,,310717,30,,,1,200,,310718,30,,,1
5601,'20261020',618,,310719,30,,,1,85,,310720,13,0,5 56 9,1,20,,310721,30,,,1,15,,310722,13,0,5 56 9,1,17,,310723,30,,,1,55,,310724,13,0,5 56 9,1,15,,310725,30,,,1,15,,310726,13,0,5 56 9,1,15,,310727,30,,,1,70,,310728,30,,,1,75,,310729,30,,,1,23,,310730,30,,,1,30,,310731,30,,,1,75,,310732,30,,,1,30,,310733,30,,,1,70,,310734,30,,,1,30,,310735,30,,,1,70,,310736,30,,,1,27,,310737,30,,,1,70,,310738,30,,,1,30,,310739,30,,,1,70,,310740,30,,,1,33,,310741,30,,,1,70,,310742,30,,,1,82,,310744,30,,,1,20,,310745,30,,,1,75,,310746,30,,,1,30,,310747,30,,,1,70,,310749,30,,,1,25,,310750,30,,,1,25,,310752,30,,,1,65,,310753,30,,,1,30,,310754,30,,,1,83,,310755,30,,,1,100,,310756,30,,,1,100,,310757,30,,,1,200,,310758,30,,,1
5601,'20261021',618,,310759,30,,,1,85,,310760,13,0,5 56 9,1,20,,310761,30,,,1,15,,310762,13,0,5 56 9,1,17,,310763,30,,,1,55,,310764,13,0,5 56 9,1,15,,310765,30,,,1,15,,310766,13,0,5 56 9,1,15,,310767,30,,,1,70,,310768,30,,,1,75,,310769,30,,,1,23,,310770,30,,,1,30,,310771,30,,,1,75,,310772,30,,,1,30,,310773,30,,,1,70,,310774,30,,,1,30,,310775,30,,,1,70,,310776,30,,,1,27,,310777,30,,,1,70,,310778,30,,,1,30,,310779,30,,,1,70,,310780,30,,,1,33,,310781,30,,,1,70,,310782,30,,,1,82,,310784,30,,,1,20,,310785,30,,,1,75,,310786,30,,,1,30,,310787,30,,,1,70,,310789,30,,,1,25,,310790,30,,,1,25,,310792,30,,,1,65,,310793,30,,,1,30,,310794,30,,,1,83,,310795,30,,,1,100,,310796,30,,,1,100,,310797,30,,,1,200,,310798,30,,,1
5601,'20261022',618,,310799,30,,,1,85,,310800,13,0,5 56 9,1,20,,310801,30,,,1,15,,310802,13,0,5 56 9,1,17,,310803,30,,,1,55,,310804,13,0,5 56 9,1,15,,310805,30,,,1,15,,310806,13,0,5 56 9,1,15,,310807,30,,,1,70,,310808,30,,,1,75,,310809,30,,,1,23,,310810,30,,,1,30,,310811,30,,,1,75,,310812,30,,,1,30,,310813,30,,,1,70,,310814,30,,,1,30,,310815,30,,,1,70,,310816,30,,,1,27,,310817,30,,,1,70,,310818,30,,,1,30,,310819,30,,,1,70,,310820,30,,,1,33,,310821,30,,,1,70,,310822,30,,,1,82,,310824,30,,,1,20,,310825,30,,,1,75,,310826,30,,,1,30,,310827,30,,,1,70,,310829,30,,,1,25,,310830,30,,,1,25,,310832,30,,,1,65,,310833,30,,,1,30,,310834,30,,,1,83,,310835,30,,,1,100,,310836,30,,,1,100,,310837,30,,,1,200,,310838,30,,,1
5601,'20261023',618,,310839,30,,,1,85,,310840,13,0,5 56 9,1,20,,310841,30,,,1,15,,310842,13,0,5 56 9,1,17,,310843,30,,,1,55,,310844,13,0,5 56 9,1,15,,310845,30,,,1,15,,310846,13,0,5 56 9,1,15,,310847,30,,,1,70,,310848,30,,,1,75,,310849,30,,,1,23,,310850,30,,,1,30,,310851,30,,,1,75,,310852,30,,,1,30,,310853,30,,,1,70,,310854,30,,,1,30,,310855,30,,,1,70,,310856,30,,,1,27,,310857,30,,,1,70,,310858,30,,,1,30,,310859,30,,,1,70,,310860,30,,,1,33,,310861,30,,,1,70,,310862,30,,,1,82,,310864,30,,,1,20,,310865,30,,,1,75,,310866,30,,,1,30,,310867,30,,,1,70,,310869,30,,,1,25,,310870,30,,,1,25,,310872,30,,,1,65,,310873,30,,,1,30,,310874,30,,,1,83,,310875,30,,,1,100,,310876,30,,,1,100,,310877,30,,,1,200,,310878,30,,,1
5601,'20261026',618,,310879,30,,,1,85,,310880,13,0,5 56 9,1,20,,310881,30,,,1,15,,310882,13,0,5 56 9,1,17,,310883,30,,,1,55,,310884,13,0,5 56 9,1,15,,310885,30,,,1,15,,310886,13,0,5 56 9,1,15,,310887,30,,,1,70,,310888,30,,,1,75,,310889,30,,,1,23,,310890,30,,,1,30,,310891,30,,,1,75,,310892,30,,,1,30,,310893,30,,,1,70,,310894,30,,,1,30,,310895,30,,,1,70,,310896,30,,,1,27,,310897,30,,,1,70,,310898,30,,,1,30,,310899,30,,,1,70,,310900,30,,,1,33,,310901,30,,,1,70,,310902,30,,,1,82,,310904,30,,,1,20,,310905,30,,,1,75,,310906,30,,,1,30,,310907,30,,,1,70,,310909,30,,,1,25,,310910,30,,,1,25,,310912,30,,,1,65,,310913,30,,,1,30,,310914,30,,,1,83,,310915,30,,,1,100,,310916,30,,,1,100,,310917,30,,,1,200,,310918,30,,,1
5601,'20261027',618,,310919,30,,,1,85,,310920,13,0,5 56 9,1,20,,310921,30,,,1,15,,310922,13,0,5 56 9,1,17,,310923,30,,,1,55,,310924,13,0,5 56 9,1,15,,310925,30,,,1,15,,310926,13,0,5 56 9,1,15,,310927,30,,,1,70,,310928,30,,,1,75,,310929,30,,,1,23,,310930,30,,,1,30,,310931,30,,,1,75,,310932,30,,,1,30,,310933,30,,,1,70,,310934,30,,,1,30,,310935,30,,,1,70,,310936,30,,,1,27,,310937,30,,,1,70,,310938,30,,,1,30,,310939,30,,,1,70,,310940,30,,,1,33,,310941,30,,,1,70,,310942,30,,,1,82,,310944,30,,,1,20,,310945,30,,,1,75,,310946,30,,,1,30,,310947,30,,,1,70,,310949,30,,,1,25,,310950,30,,,1,25,,310952,30,,,1,65,,310953,30,,,1,30,,310954,30,,,1,83,,310955,30,,,1,100,,310956,30,,,1,100,,310957,30,,,1,200,,310958,30,,,1
5601,'20261028',618,,310959,30,,,1,85,,310960,13,0,5 56 9,1,20,,310961,30,,,1,15,,310962,13,0,5 56 9,1,17,,310963,30,,,1,55,,310964,13,0,5 56 9,1,15,,310965,30,,,1,15,,310966,13,0,5 56 9,1,15,,310967,30,,,1,70,,310968,30,,,1,75,,310969,30,,,1,23,,310970,30,,,1,30,,310971,30,,,1,75,,310972,30,,,1,30,,310973,30,,,1,70,,310974,30,,,1,30,,310975,30,,,1,70,,310976,30,,,1,27,,310977,30,,,1,70,,310978,30,,,1,30,,310979,30,,,1,70,,310980,30,,,1,33,,310981,30,,,1,70,,310982,30,,,1,82,,310984,30,,,1,20,,310985,30,,,1,75,,310986,30,,,1,30,,310987,30,,,1,70,,310989,30,,,1,25,,310990,30,,,1,25,,310992,30,,,1,65,,310993,30,,,1,30,,310994,30,,,1,83,,310995,30,,,1,100,,310996,30,,,1,100,,310997,30,,,1,200,,310998,30,,,1
5601,'20261029',618,,310999,30,,,1,85,,311000,13,0,5 56 9,1,20,,311001,30,,,1,15,,311002,13,0,5 56 9,1,17,,311003,30,,,1,55,,311004,13,0,5 56 9,1,15,,311005,30,,,1,15,,311006,13,0,5 56 9,1,15,,311007,30,,,1,70,,311008,30,,,1,75,,311009,30,,,1,23,,311010,30,,,1,30,,311011,30,,,1,75,,311012,30,,,1,30,,311013,30,,,1,70,,311014,30,,,1,30,,311015,30,,,1,70,,311016,30,,,1,27,,311017,30,,,1,70,,311018,30,,,1,30,,311019,30,,,1,70,,311020,30,,,1,33,,311021,30,,,1,70,,311022,30,,,1,82,,311024,30,,,1,20,,311025,30,,,1,75,,311026,30,,,1,30,,311027,30,,,1,70,,311029,30,,,1,25,,311030,30,,,1,25,,311032,30,,,1,65,,311033,30,,,1,30,,311034,30,,,1,83,,311035,30,,,1,100,,311036,30,,,1,100,,311037,30,,,1,200,,311038,30,,,1
5601,'20261030',618,,311039,30,,,1,85,,311040,13,0,5 56 9,1,20,,311041,30,,,1,15,,311042,13,0,5 56 9,1,17,,311043,30,,,1,55,,311044,13,0,5 56 9,1,15,,311045,30,,,1,15,,311046,13,0,5 56 9,1,15,,311047,30,,,1,70,,311048,30,,,1,75,,311049,30,,,1,23,,311050,30,,,1,30,,311051,30,,,1,75,,311052,30,,,1,30,,311053,30,,,1,70,,311054,30,,,1,30,,311055,30,,,1,70,,311056,30,,,1,27,,311057,30,,,1,70,,311058,30,,,1,30,,311059,30,,,1,70,,311060,30,,,1,33,,311061,30,,,1,70,,311062,30,,,1,82,,311064,30,,,1,20,,311065,30,,,1,75,,311066,30,,,1,30,,311067,30,,,1,70,,311069,30,,,1,25,,311070,30,,,1,25,,311072,30,,,1,65,,311073,30,,,1,30,,311074,30,,,1,83,,311075,30,,,1,100,,311076,30,,,1,100,,311077,30,,,1,200,,311078,30,,,1
5601,'20261102',618,,311079,30,,,1,85,,311080,13,0,5 56 9,1,20,,311081,30,,,1,15,,311082,13,0,5 56 9,1,17,,311083,30,,,1,55,,311084,13,0,5 56 9,1,15,,311085,30,,,1,15,,311086,13,0,5 56 9,1,15,,311087,30,,,1,70,,311088,30,,,1,75,,311089,30,,,1,23,,311090,30,,,1,30,,311091,30,,,1,75,,311092,30,,,1,30,,311093,30,,,1,70,,311094,30,,,1,30,,311095,30,,,1,70,,311096,30,,,1,27,,311097,30,,,1,70,,311098,30,,,1,30,,311099,30,,,1,70,,311100,30,,,1,33,,311101,30,,,1,70,,311102,30,,,1,82,,311104,30,,,1,20,,311105,30,,,1,75,,311106,30,,,1,30,,311107,30,,,1,70,,311109,30,,,1,25,,311110,30,,,1,25,,311112,30,,,1,65,,311113,30,,,1,30,,311114,30,,,1,83,,311115,30,,,1,100,,311116,30,,,1,100,,311117,30,,,1,200,,311118,30,,,1
5601,'20261103',618,,311119,30,,,1,85,,311120,13,0,5 56 9,1,20,,311121,30,,,1,15,,311122,13,0,5 56 9,1,17,,311123,30,,,1,55,,311124,13,0,5 56 9,1,15,,311125,30,,,1,15,,311126,13,0,5 56 9,1,15,,311127,30,,,1,70,,311128,30,,,1,75,,311129,30,,,1,23,,311130,30,,,1,30,,311131,30,,,1,75,,311132,30,,,1,30,,311133,30,,,1,70,,311134,30,,,1,30,,311135,30,,,1,70,,311136,30,,,1,27,,311137,30,,,1,70,,311138,30,,,1,30,,311139,30,,,1,70,,311140,30,,,1,33,,311141,30,,,1,70,,311142,30,,,1,82,,311144,30,,,1,20,,311145,30,,,1,75,,311146,30,,,1,30,,311147,30,,,1,70,,311149,30,,,1,25,,311150,30,,,1,25,,311152,30,,,1,65,,311153,30,,,1,30,,311154,30,,,1,83,,311155,30,,,1,100,,311156,30,,,1,100,,311157,30,,,1,200,,311158,30,,,1
5601,'20261104',618,,311159,30,,,1,85,,311160,13,0,5 56 9,1,20,,311161,30,,,1,15,,311162,13,0,5 56 9,1,17,,311163,30,,,1,55,,311164,13,0,5 56 9,1,15,,311165,30,,,1,15,,311166,13,0,5 56 9,1,15,,311167,30,,,1,70,,311168,30,,,1,75,,311169,30,,,1,23,,311170,30,,,1,30,,311171,30,,,1,75,,311172,30,,,1,30,,311173,30,,,1,70,,311174,30,,,1,30,,311175,30,,,1,70,,311176,30,,,1,27,,311177,30,,,1,70,,311178,30,,,1,30,,311179,30,,,1,70,,311180,30,,,1,33,,311181,30,,,1,70,,311182,30,,,1,82,,311184,30,,,1,20,,311185,30,,,1,75,,311186,30,,,1,30,,311187,30,,,1,70,,311189,30,,,1,25,,311190,30,,,1,25,,311192,30,,,1,65,,311193,30,,,1,30,,311194,30,,,1,83,,311195,30,,,1,100,,311196,30,,,1,100,,311197,30,,,1,200,,311198,30,,,1
5601,'20261105',618,,311199,30,,,1,85,,311200,13,0,5 56 9,1,20,,311201,30,,,1,15,,311202,13,0,5 56 9,1,17,,311203,30,,,1,55,,311204,13,0,5 56 9,1,15,,311205,30,,,1,15,,311206,13,0,5 56 9,1,15,,311207,30,,,1,70,,311208,30,,,1,75,,311209,30,,,1,23,,311210,30,,,1,30,,311211,30,,,1,75,,311212,30,,,1,30,,311213,30,,,1,70,,311214,30,,,1,30,,311215,30,,,1,70,,311216,30,,,1,27,,311217,30,,,1,70,,311218,30,,,1,30,,311219,30,,,1,70,,311220,30,,,1,33,,311221,30,,,1,70,,311222,30,,,1,82,,311224,30,,,1,20,,311225,30,,,1,75,,311226,30,,,1,30,,311227,30,,,1,70,,311229,30,,,1,25,,311230,30,,,1,25,,311232,30,,,1,65,,311233,30,,,1,30,,311234,30,,,1,83,,311235,30,,,1,100,,311236,30,,,1,100,,311237,30,,,1,200,,311238,30,,,1
5601,'20261106',618,,311239,30,,,1,85,,311240,13,0,5 56 9,1,20,,311241,30,,,1,15,,311242,13,0,5 56 9,1,17,,311243,30,,,1,55,,311244,13,0,5 56 9,1,15,,311245,30,,,1,15,,311246,13,0,5 56 9,1,15,,311247,30,,,1,70,,311248,30,,,1,75,,311249,30,,,1,23,,311250,30,,,1,30,,311251,30,,,1,75,,311252,30,,,1,30,,311253,30,,,1,70,,311254,30,,,1,30,,311255,30,,,1,70,,311256,30,,,1,27,,311257,30,,,1,70,,311258,30,,,1,30,,311259,30,,,1,70,,311260,30,,,1,33,,311261,30,,,1,70,,311262,30,,,1,82,,311264,30,,,1,20,,311265,30,,,1,75,,311266,30,,,1,30,,311267,30,,,1,70,,311269,30,,,1,25,,311270,30,,,1,25,,311272,30,,,1,65,,311273,30,,,1,30,,311274,30,,,1,83,,311275,30,,,1,100,,311276,30,,,1,100,,311277,30,,,1,200,,311278,30,,,1
5601,'20261109',618,,311279,30,,,1,85,,311280,13,0,5 56 9,1,20,,311281,30,,,1,15,,311282,13,0,5 56 9,1,17,,311283,30,,,1,55,,311284,13,0,5 56 9,1,15,,311285,30,,,1,15,,311286,13,0,5 56 9,1,15,,311287,30,,,1,70,,311288,30,,,1,75,,311289,30,,,1,23,,311290,30,,,1,30,,311291,30,,,1,75,,311292,30,,,1,30,,311293,30,,,1,70,,311294,30,,,1,30,,311295,30,,,1,70,,311296,30,,,1,27,,311297,30,,,1,70,,311298,30,,,1,30,,311299,30,,,1,70,,311300,30,,,1,33,,311301,30,,,1,70,,311302,30,,,1,82,,311304,30,,,1,20,,311305,30,,,1,75,,311306,30,,,1,30,,311307,30,,,1,70,,311309,30,,,1,25,,311310,30,,,1,25,,311312,30,,,1,65,,311313,30,,,1,30,,311314,30,,,1,83,,311315,30,,,1,100,,311316,30,,,1,100,,311317,30,,,1,200,,311318,30,,,1
5601,'20261110',618,,311319,30,,,1,85,,311320,13,0,5 56 9,1,20,,311321,30,,,1,15,,311322,13,0,5 56 9,1,17,,311323,30,,,1,55,,311324,13,0,5 56 9,1,15,,311325,30,,,1,15,,311326,13,0,5 56 9,1,15,,311327,30,,,1,70,,311328,30,,,1,75,,311329,30,,,1,23,,311330,30,,,1,30,,311331,30,,,1,75,,311332,30,,,1,30,,311333,30,,,1,70,,311334,30,,,1,30,,311335,30,,,1,70,,311336,30,,,1,27,,311337,30,,,1,70,,311338,30,,,1,30,,311339,30,,,1,70,,311340,30,,,1,33,,311341,30,,,1,70,,311342,30,,,1,82,,311344,30,,,1,20,,311345,30,,,1,75,,311346,30,,,1,30,,311347,30,,,1,70,,311349,30,,,1,25,,311350,30,,,1,25,,311352,30,,,1,65,,311353,30,,,1,30,,311354,30,,,1,83,,311355,30,,,1,100,,311356,30,,,1,100,,311357,30,,,1,200,,311358,30,,,1
5601,'20261111',618,,311359,30,,,1,85,,311360,13,0,5 56 9,1,20,,311361,30,,,1,15,,311362,13,0,5 56 9,1,17,,311363,30,,,1,55,,311364,13,0,5 56 9,1,15,,311365,30,,,1,15,,311366,13,0,5 56 9,1,15,,311367,30,,,1,70,,311368,30,,,1,75,,311369,30,,,1,23,,311370,30,,,1,30,,311371,30,,,1,75,,311372,30,,,1,30,,311373,30,,,1,70,,311374,30,,,1,30,,311375,30,,,1,70,,311376,30,,,1,27,,311377,30,,,1,70,,311378,30,,,1,30,,311379,30,,,1,70,,311380,30,,,1,33,,311381,30,,,1,70,,311382,30,,,1,82,,311384,30,,,1,20,,311385,30,,,1,75,,311386,30,,,1,30,,311387,30,,,1,70,,311389,30,,,1,25,,311390,30,,,1,25,,311392,30,,,1,65,,311393,30,,,1,30,,311394,30,,,1,83,,311395,30,,,1,100,,311396,30,,,1,100,,311397,30,,,1,200,,311398,30,,,1
5601,'20261112',618,,311399,30,,,1,85,,311400,13,0,5 56 9,1,20,,311401,30,,,1,15,,311402,13,0,5 56 9,1,17,,311403,30,,,1,55,,311404,13,0,5 56 9,1,15,,311405,30,,,1,15,,311406,13,0,5 56 9,1,15,,311407,30,,,1,70,,311408,30,,,1,75,,311409,30,,,1,23,,311410,30,,,1,30,,311411,30,,,1,75,,311412,30,,,1,30,,311413,30,,,1,70,,311414,30,,,1,30,,311415,30,,,1,70,,311416,30,,,1,27,,311417,30,,,1,70,,311418,30,,,1,30,,311419,30,,,1,70,,311420,30,,,1,33,,311421,30,,,1,70,,311422,30,,,1,82,,311424,30,,,1,20,,311425,30,,,1,75,,311426,30,,,1,30,,311427,30,,,1,70,,311429,30,,,1,25,,311430,30,,,1,25,,311432,30,,,1,65,,311433,30,,,1,30,,311434,30,,,1,83,,311435,30,,,1,100,,311436,30,,,1,100,,311437,30,,,1,200,,311438,30,,,1
5601,'20261113',618,,311439,30,,,1,85,,311440,13,0,5 56 9,1,20,,311441,30,,,1,15,,311442,13,0,5 56 9,1,17,,311443,30,,,1,55,,311444,13,0,5 56 9,1,15,,311445,30,,,1,15,,311446,13,0,5 56 9,1,15,,311447,30,,,1,70,,311448,30,,,1,75,,311449,30,,,1,23,,311450,30,,,1,30,,311451,30,,,1,75,,311452,30,,,1,30,,311453,30,,,1,70,,311454,30,,,1,30,,311455,30,,,1,70,,311456,30,,,1,27,,311457,30,,,1,70,,311458,30,,,1,30,,311459,30,,,1,70,,311460,30,,,1,33,,311461,30,,,1,70,,311462,30,,,1,82,,311464,30,,,1,20,,311465,30,,,1,75,,311466,30,,,1,30,,311467,30,,,1,70,,311469,30,,,1,25,,311470,30,,,1,25,,311472,30,,,1,65,,311473,30,,,1,30,,311474,30,,,1,83,,311475,30,,,1,100,,311476,30,,,1,100,,311477,30,,,1,200,,311478,30,,,1
5601,'20261116',618,,311479,30,,,1,85,,311480,13,0,5 56 9,1,20,,311481,30,,,1,15,,311482,13,0,5 56 9,1,17,,311483,30,,,1,55,,311484,13,0,5 56 9,1,15,,311485,30,,,1,15,,311486,13,0,5 56 9,1,15,,311487,30,,,1,70,,311488,30,,,1,75,,311489,30,,,1,23,,311490,30,,,1,30,,311491,30,,,1,75,,311492,30,,,1,30,,311493,30,,,1,70,,311494,30,,,1,30,,311495,30,,,1,70,,311496,30,,,1,27,,311497,30,,,1,70,,311498,30,,,1,30,,311499,30,,,1,70,,311500,30,,,1,33,,311501,30,,,1,70,,311502,30,,,1,82,,311504,30,,,1,20,,311505,30,,,1,75,,311506,30,,,1,30,,311507,30,,,1,70,,311509,30,,,1,25,,311510,30,,,1,25,,311512,30,,,1,65,,311513,30,,,1,30,,311514,30,,,1,83,,311515,30,,,1,100,,311516,30,,,1,100,,311517,30,,,1,200,,311518,30,,,1
5601,'20261117',618,,311519,30,,,1,85,,311520,13,0,5 56 9,1,20,,311521,30,,,1,15,,311522,13,0,5 56 9,1,17,,311523,30,,,1,55,,311524,13,0,5 56 9,1,15,,311525,30,,,1,15,,311526,13,0,5 56 9,1,15,,311527,30,,,1,70,,311528,30,,,1,75,,311529,30,,,1,23,,311530,30,,,1,30,,311531,30,,,1,75,,311532,30,,,1,30,,311533,30,,,1,70,,311534,30,,,1,30,,311535,30,,,1,70,,311536,30,,,1,27,,311537,30,,,1,70,,311538,30,,,1,30,,311539,30,,,1,70,,311540,30,,,1,33,,311541,30,,,1,70,,311542,30,,,1,82,,311544,30,,,1,20,,311545,30,,,1,75,,311546,30,,,1,30,,311547,30,,,1,70,,311549,30,,,1,25,,311550,30,,,1,25,,311552,30,,,1,65,,311553,30,,,1,30,,311554,30,,,1,83,,311555,30,,,1,100,,311556,30,,,1,100,,311557,30,,,1,200,,311558,30,,,1
5601,'20261118',618,,311559,30,,,1,85,,311560,13,0,5 56 9,1,20,,311561,30,,,1,15,,311562,13,0,5 56 9,1,17,,311563,30,,,1,55,,311564,13,0,5 56 9,1,15,,311565,30,,,1,15,,311566,13,0,5 56 9,1,15,,311567,30,,,1,70,,311568,30,,,1,75,,311569,30,,,1,23,,311570,30,,,1,30,,311571,30,,,1,75,,311572,30,,,1,30,,311573,30,,,1,70,,311574,30,,,1,30,,311575,30,,,1,70,,311576,30,,,1,27,,311577,30,,,1,70,,311578,30,,,1,30,,311579,30,,,1,70,,311580,30,,,1,33,,311581,30,,,1,70,,311582,30,,,1,82,,311584,30,,,1,20,,311585,30,,,1,75,,311586,30,,,1,30,,311587,30,,,1,70,,311589,30,,,1,25,,311590,30,,,1,25,,311592,30,,,1,65,,311593,30,,,1,30,,311594,30,,,1,83,,311595,30,,,1,100,,311596,30,,,1,100,,311597,30,,,1,200,,311598,30,,,1
5601,'20261119',618,,311599,30,,,1,85,,311600,13,0,5 56 9,1,20,,311601,30,,,1,15,,311602,13,0,5 56 9,1,17,,311603,30,,,1,55,,311604,13,0,5 56 9,1,15,,311605,30,,,1,15,,311606,13,0,5 56 9,1,15,,311607,30,,,1,70,,311608,30,,,1,75,,311609,30,,,1,23,,311610,30,,,1,30,,311611,30,,,1,75,,311612,30,,,1,30,,311613,30,,,1,70,,311614,30,,,1,30,,311615,30,,,1,70,,311616,30,,,1,27,,311617,30,,,1,70,,311618,30,,,1,30,,311619,30,,,1,70,,311620,30,,,1,33,,311621,30,,,1,70,,311622,30,,,1,82,,311624,30,,,1,20,,311625,30,,,1,75,,311626,30,,,1,30,,311627,30,,,1,70,,311629,30,,,1,25,,311630,30,,,1,25,,311632,30,,,1,65,,311633,30,,,1,30,,311634,30,,,1,83,,311635,30,,,1,100,,311636,30,,,1,100,,311637,30,,,1,200,,311638,30,,,1
5601,'20261120',618,,311639,30,,,1,85,,311640,13,0,5 56 9,1,20,,311641,30,,,1,15,,311642,13,0,5 56 9,1,17,,311643,30,,,1,55,,311644,13,0,5 56 9,1,15,,311645,30,,,1,15,,311646,13,0,5 56 9,1,15,,311647,30,,,1,70,,311648,30,,,1,75,,311649,30,,,1,23,,311650,30,,,1,30,,311651,30,,,1,75,,311652,30,,,1,30,,311653,30,,,1,70,,311654,30,,,1,30,,311655,30,,,1,70,,311656,30,,,1,27,,311657,30,,,1,70,,311658,30,,,1,30,,311659,30,,,1,70,,311660,30,,,1,33,,311661,30,,,1,70,,311662,30,,,1,82,,311664,30,,,1,20,,311665,30,,,1,75,,311666,30,,,1,30,,311667,30,,,1,70,,311669,30,,,1,25,,311670,30,,,1,25,,311672,30,,,1,65,,311673,30,,,1,30,,311674,30,,,1,83,,311675,30,,,1,100,,311676,30,,,1,100,,311677,30,,,1,200,,311678,30,,,1
5601,'20261123',618,,311679,30,,,1,85,,311680,13,0,5 56 9,1,20,,311681,30,,,1,15,,311682,13,0,5 56 9,1,17,,311683,30,,,1,55,,311684,13,0,5 56 9,1,15,,311685,30,,,1,15,,311686,13,0,5 56 9,1,15,,311687,30,,,1,70,,311688,30,,,1,75,,311689,30,,,1,23,,311690,30,,,1,30,,311691,30,,,1,75,,311692,30,,,1,30,,311693,30,,,1,70,,311694,30,,,1,30,,311695,30,,,1,70,,311696,30,,,1,27,,311697,30,,,1,70,,311698,30,,,1,30,,311699,30,,,1,70,,311700,30,,,1,33,,311701,30,,,1,70,,311702,30,,,1,82,,311704,30,,,1,20,,311705,30,,,1,75,,311706,30,,,1,30,,311707,30,,,1,70,,311709,30,,,1,25,,311710,30,,,1,25,,311712,30,,,1,65,,311713,30,,,1,30,,311714,30,,,1,83,,311715,30,,,1,100,,311716,30,,,1,100,,311717,30,,,1,200,,311718,30,,,1
5601,'20261124',618,,311719,30,,,1,85,,311720,13,0,5 56 9,1,20,,311721,30,,,1,15,,311722,13,0,5 56 9,1,17,,311723,30,,,1,55,,311724,13,0,5 56 9,1,15,,311725,30,,,1,15,,311726,13,0,5 56 9,1,15,,311727,30,,,1,70,,311728,30,,,1,75,,311729,30,,,1,23,,311730,30,,,1,30,,311731,30,,,1,75,,311732,30,,,1,30,,311733,30,,,1,70,,311734,30,,,1,30,,311735,30,,,1,70,,311736,30,,,1,27,,311737,30,,,1,70,,311738,30,,,1,30,,311739,30,,,1,70,,311740,30,,,1,33,,311741,30,,,1,70,,311742,30,,,1,82,,311744,30,,,1,20,,311745,30,,,1,75,,311746,30,,,1,30,,311747,30,,,1,70,,311749,30,,,1,25,,311750,30,,,1,25,,311752,30,,,1,65,,311753,30,,,1,30,,311754,30,,,1,83,,311755,30,,,1,100,,311756,30,,,1,100,,311757,30,,,1,200,,311758,30,,,1
5601,'20261125',618,,311759,30,,,1,85,,311760,13,0,5 56 9,1,20,,311761,30,,,1,15,,311762,13,0,5 56 9,1,17,,311763,30,,,1,55,,311764,13,0,5 56 9,1,15,,311765,30,,,1,15,,311766,13,0,5 56 9,1,15,,311767,30,,,1,70,,311768,30,,,1,75,,311769,30,,,1,23,,311770,30,,,1,30,,311771,30,,,1,75,,311772,30,,,1,30,,311773,30,,,1,70,,311774,30,,,1,30,,311775,30,,,1,70,,311776,30,,,1,27,,311777,30,,,1,70,,311778,30,,,1,30,,311779,30,,,1,70,,311780,30,,,1,33,,311781,30,,,1,70,,311782,30,,,1,82,,311784,30,,,1,20,,311785,30,,,1,75,,311786,30,,,1,30,,311787,30,,,1,70,,311789,30,,,1,25,,311790,30,,,1,25,,311792,30,,,1,65,,311793,30,,,1,30,,311794,30,,,1,83,,311795,30,,,1,100,,311796,30,,,1,100,,311797,30,,,1,200,,311798,30,,,1
5601,'20261126',618,,311799,30,,,1,85,,311800,13,0,5 56 9,1,20,,311801,30,,,1,15,,311802,13,0,5 56 9,1,17,,311803,30,,,1,55,,311804,13,0,5 56 9,1,15,,311805,30,,,1,15,,311806,13,0,5 56 9,1,15,,311807,30,,,1,70,,311808,30,,,1,75,,311809,30,,,1,23,,311810,30,,,1,30,,311811,30,,,1,75,,311812,30,,,1,30,,311813,30,,,1,70,,311814,30,,,1,30,,311815,30,,,1,70,,311816,30,,,1,27,,311817,30,,,1,70,,311818,30,,,1,30,,311819,30,,,1,70,,311820,30,,,1,33,,311821,30,,,1,70,,311822,30,,,1,82,,311824,30,,,1,20,,311825,30,,,1,75,,311826,30,,,1,30,,311827,30,,,1,70,,311829,30,,,1,25,,311830,30,,,1,25,,311832,30,,,1,65,,311833,30,,,1,30,,311834,30,,,1,83,,311835,30,,,1,100,,311836,30,,,1,100,,311837,30,,,1,200,,311838,30,,,1
5601,'20261127',618,,311839,30,,,1,85,,311840,13,0,5 56 9,1,20,,311841,30,,,1,15,,311842,13,0,5 56 9,1,17,,311843,30,,,1,55,,311844,13,0,5 56 9,1,15,,311845,30,,,1,15,,311846,13,0,5 56 9,1,15,,311847,30,,,1,70,,311848,30,,,1,75,,311849,30,,,1,23,,311850,30,,,1,30,,311851,30,,,1,75,,311852,30,,,1,30,,311853,30,,,1,70,,311854,30,,,1,30,,311855,30,,,1,70,,311856,30,,,1,27,,311857,30,,,1,70,,311858,30,,,1,30,,311859,30,,,1,70,,311860,30,,,1,33,,311861,30,,,1,70,,311862,30,,,1,82,,311864,30,,,1,20,,311865,30,,,1,75,,311866,30,,,1,30,,311867,30,,,1,70,,311869,30,,,1,25,,311870,30,,,1,25,,311872,30,,,1,65,,311873,30,,,1,30,,311874,30,,,1,83,,311875,30,,,1,100,,311876,30,,,1,100,,311877,30,,,1,200,,311878,30,,,1
