6501,'20260821',438,,203775,7,,,1,70,,203777,7,,,1,1036,,203778,7,,,1,84,,203779,7,,,1,95,,203780,7,,,1,99,,203781,7,,,1,604,,203782,7,0,16 29 30,1
6501,'20260822',521,,203783,7,0,16 29 30,1,105,,203784,7,0,16 29 30,1,1815,,203785,7,,,1
6501,'20260823',521,,203786,7,0,16 29 30,1,105,,203787,7,0,16 29 30,1,1815,,203788,7,,,1
6501,'20260824',438,,203789,7,,,1,70,,203791,7,,,1,1036,,203792,7,,,1,84,,203793,7,,,1,95,,203794,7,,,1,99,,203795,7,,,1,604,,203796,7,0,16 29 30,1
6501,'20260825',438,,203797,7,,,1,70,,203799,7,,,1,1036,,203800,7,,,1,84,,203801,7,,,1,95,,203802,7,,,1,99,,203803,7,,,1,604,,203804,7,0,16 29 30,1
6501,'20260826',438,,203805,7,,,1,70,,203807,7,,,1,1036,,203808,7,,,1,84,,203809,7,,,1,95,,203810,7,,,1,99,,203811,7,,,1,604,,203812,7,0,16 29 30,1
6501,'20260827',438,,203813,7,,,1,70,,203815,7,,,1,1036,,203816,7,,,1,84,,203817,7,,,1,95,,203818,7,,,1,99,,203819,7,,,1,604,,203820,7,0,16 29 30,1
6501,'20260828',438,,203821,7,,,1,70,,203823,7,,,1,1036,,203824,7,,,1,84,,203825,7,,,1,95,,203826,7,,,1,99,,203827,7,,,1,604,,203828,7,0,16 29 30,1
6501,'20260829',521,,203829,7,0,16 29 30,1,105,,203830,7,0,16 29 30,1,1815,,203831,7,,,1
6501,'20260830',521,,203832,7,0,16 29 30,1,105,,203833,7,0,16 29 30,1,1815,,203834,7,,,1
6501,'20260831',438,,203835,7,,,1,70,,203837,7,,,1,1036,,203838,7,,,1,84,,203839,7,,,1,95,,203840,7,,,1,99,,203841,7,,,1,604,,203842,7,0,16 29 30,1
6501,'20260901',438,,203843,7,,,1,70,,203845,7,,,1,1036,,203846,7,,,1,84,,203847,7,,,1,95,,203848,7,,,1,99,,203849,7,,,1,604,,203850,7,0,16 29 30,1
6501,'20260902',438,,203851,7,,,1,70,,203853,7,,,1,1036,,203854,7,,,1,84,,203855,7,,,1,95,,203856,7,,,1,99,,203857,7,,,1,604,,203858,7,0,16 29 30,1
6501,'20260903',438,,203859,7,,,1,70,,203861,7,,,1,1036,,203862,7,,,1,84,,203863,7,,,1,95,,203864,7,,,1,99,,203865,7,,,1,604,,203866,7,0,16 29 30,1
6501,'20260904',438,,203867,7,,,1,70,,203869,7,,,1,1036,,203870,7,,,1,84,,203871,7,,,1,95,,203872,7,,,1,99,,203873,7,,,1,604,,203874,7,0,16 29 30,1
6801,'20260821',1132,,205504,35,,,1,100,,205505,35,,,1,699,,205508,35,,,1,102,,205509,35,,,1
6801,'20260822',1034,,205511,35,,,1,300,,205512,35,,,1,300,,205513,35,,,1,300,,205514,35,,,1
6801,'20260823',1034,,205516,35,,,1,300,,205517,35,,,1,300,,205518,35,,,1,300,,205519,35,,,1
6801,'20260824',1132,,205522,35,,,1,100,,205523,35,,,1,699,,205526,35,,,1,102,,205527,35,,,1
6801,'20260825',1132,,205530,35,,,1,100,,205531,35,,,1,699,,205534,35,,,1,102,,205535,35,,,1
6801,'20260826',1132,,205538,35,,,1,100,,205539,35,,,1,699,,205542,35,,,1,102,,205543,35,,,1
6801,'20260827',1132,,205546,35,,,1,100,,205547,35,,,1,699,,205550,35,,,1,102,,205551,35,,,1
6801,'20260828',1132,,205554,35,,,1,100,,205555,35,,,1,699,,205558,35,,,1,102,,205559,35,,,1
6801,'20260829',1034,,205561,35,,,1,300,,205562,35,,,1,300,,205563,35,,,1,300,,205564,35,,,1
6801,'20260830',1034,,205566,35,,,1,300,,205567,35,,,1,300,,205568,35,,,1,300,,205569,35,,,1
6801,'20260831',1132,,205572,35,,,1,100,,205573,35,,,1,699,,205576,35,,,1,102,,205577,35,,,1
6801,'20260901',1132,,205580,35,,,1,100,,205581,35,,,1,699,,205584,35,,,1,102,,205585,35,,,1
6801,'20260902',1132,,205588,35,,,1,100,,205589,35,,,1,699,,205592,35,,,1,102,,205593,35,,,1
6801,'20260903',1132,,205596,35,,,1,100,,205597,35,,,1,699,,205600,35,,,1,102,,205601,35,,,1
6801,'20260904',1132,,205604,35,,,1,100,,205605,35,,,1,699,,205608,35,,,1,102,,205609,35,,,1
