3000,'20260831',442,,162069,6,,,1,188,,162070,6,,,1,97,,162071,6,,,1,92,,162072,6,,,1,110,,162073,6,,,1,102,,162074,6,,,1,105,,162075,6,,,1,100,,162076,6,,,1,95,,162077,6,,,1,95,,162078,6,,,1,223,,162081,6,0,7 18 9,1,5,,162082,6,,,1,70,,162083,6,,,1,102,,162084,6,0,7 18 9,1,5,,162085,6,,,1,100,,162086,6,0,7 18 9,1,5,,162087,6,,,1,100,,162088,6,,,1,166,,162089,6,,,1
3000,'20260901',442,,162090,6,,,1,188,,162091,6,,,1,97,,162092,6,,,1,92,,162093,6,,,1,110,,162094,6,,,1,102,,162095,6,,,1,105,,162096,6,,,1,100,,162097,6,,,1,95,,162098,6,,,1,95,,162099,6,,,1,223,,162102,6,0,7 18 9,1,5,,162103,6,,,1,70,,162104,6,,,1,102,,162105,6,0,7 18 9,1,5,,162106,6,,,1,100,,162107,6,0,7 18 9,1,5,,162108,6,,,1,100,,162109,6,,,1,166,,162110,6,,,1
3000,'20260902',442,,162111,6,,,1,188,,162112,6,,,1,97,,162113,6,,,1,92,,162114,6,,,1,110,,162115,6,,,1,102,,162116,6,,,1,105,,162117,6,,,1,100,,162118,6,,,1,95,,162119,6,,,1,95,,162120,6,,,1,223,,162123,6,0,7 18 9,1,5,,162124,6,,,1,70,,162125,6,,,1,102,,162126,6,0,7 18 9,1,5,,162127,6,,,1,100,,162128,6,0,7 18 9,1,5,,162129,6,,,1,100,,162130,6,,,1,166,,162131,6,,,1
3000,'20260903',442,,162132,6,,,1,188,,162133,6,,,1,97,,162134,6,,,1,92,,162135,6,,,1,110,,162136,6,,,1,102,,162137,6,,,1,105,,162138,6,,,1,95,,162139,6,0,7 18 9,1,5,,162140,6,,,1,80,,162141,6,0,7 18 9,1,15,,162142,6,,,1,95,,162143,6,,,1,218,,162147,6,,,1,5,,162148,6,0,7 18 9,1,5,,162149,6,,,1,60,,162150,6,0,7 18 9,1,10,,162151,6,,,1,97,,162152,6,0,7 18 9,1,5,,162153,6,0,7 18 9,1,5,,162154,6,,,1,100,,162155,6,0,7 18 9,1,5,,162156,6,,,1,100,,162157,6,,,1,166,,162158,6,,,1
3000,'20260904',442,,162159,6,,,1,188,,162160,6,,,1,97,,162161,6,,,1,92,,162162,6,,,1,110,,162163,6,,,1,102,,162164,6,,,1,105,,162165,6,,,1,95,,162166,6,0,7 18 9,1,5,,162167,6,,,1,80,,162168,6,0,7 18 9,1,15,,162169,6,,,1,90,,162170,6,0,7 18 9,1,5,,162171,6,,,1,218,,162175,6,,,1,5,,162176,6,0,7 18 9,1,5,,162177,6,,,1,60,,162178,6,0,7 18 9,1,10,,162179,6,,,1,97,,162180,6,0,7 18 9,1,5,,162181,6,0,7 18 9,1,5,,162182,6,,,1,100,,162183,6,0,7 18 9,1,5,,162184,6,,,1,71,,162185,6,0,7 18 9,1,29,,162186,6,,,1,166,,162187,6,,,1
3000,'20260905',641,,261745,6,0,7 18 9,1,5,,261746,6,,,1,190,,261747,6,0,7 18 9,1,5,,261748,6,,,1,95,,261750,6,0,7 18 9,1,5,,261751,6,,,1,92,,261753,6,0,7 18 9,1,5,,261754,6,,,1,95,,261756,6,0,7 18 9,1,5,,261757,6,,,1,90,,261759,6,0,7 18 9,1,5,,261760,6,,,1,95,,261762,6,0,7 18 9,1,5,,261763,6,,,1,90,,261765,6,0,7 18 9,1,5,,261766,6,,,1,210,,261768,6,0,7 18 9,1,20,,261769,6,,,1,80,,261770,6,0,7 18 9,1,20,,261771,6,,,1,80,,261772,6,,,1,100,,261773,6,,,1,73,,261774,6,0,7 18 9,1,95,,261775,6,,,1,35,,261776,6,,,1,102,,261777,6,,,1
3000,'20260906',646,,261778,6,,,1,190,,261779,6,0,7 18 9,1,5,,261780,6,,,1,95,,261781,6,0,7 18 9,1,5,,261782,6,,,1,92,,261783,6,0,7 18 9,1,5,,261784,6,,,1,95,,261785,6,0,7 18 9,1,5,,261786,6,,,1,90,,261787,6,0,7 18 9,1,5,,261788,6,,,1,95,,261789,6,0,7 18 9,1,5,,261790,6,,,1,90,,261791,6,0,7 18 9,1,5,,261792,6,,,1,210,,261793,6,0,7 18 9,1,20,,261794,6,,,1,80,,261795,6,0,7 18 9,1,20,,261796,6,,,1,80,,261797,6,,,1,100,,261798,6,,,1,73,,261799,6,0,7 18 9,1,95,,261800,6,,,1,35,,261801,6,,,1,102,,261802,6,,,1
3000,'20260907',641,,261803,6,0,7 18 9,1,5,,261804,6,,,1,190,,261805,6,0,7 18 9,1,5,,261806,6,,,1,95,,261808,6,0,7 18 9,1,5,,261809,6,,,1,92,,261811,6,0,7 18 9,1,5,,261812,6,,,1,95,,261814,6,0,7 18 9,1,5,,261815,6,,,1,90,,261817,6,0,7 18 9,1,5,,261818,6,,,1,95,,261820,6,0,7 18 9,1,5,,261821,6,,,1,90,,261823,6,0,7 18 9,1,5,,261824,6,,,1,210,,261826,6,0,7 18 9,1,20,,261827,6,,,1,80,,261828,6,0,7 18 9,1,20,,261829,6,,,1,80,,261830,6,,,1,100,,261831,6,,,1,73,,261832,6,0,7 18 9,1,95,,261833,6,,,1,35,,261834,6,,,1,102,,261835,6,,,1
3000,'20260908',442,,261836,6,,,1,188,,261837,6,,,1,97,,261838,6,,,1,92,,261839,6,,,1,110,,261840,6,,,1,28,,261841,6,,,1,74,,261842,6,,,1,105,,261843,6,,,1,100,,261844,6,,,1,95,,261845,6,,,1,26,,261846,6,,,1,69,,261847,6,,,1,223,,261850,6,0,5 20 39,1,5,,261851,6,,,1,65,,261852,6,0,5 20 39,1,5,,261853,6,,,1,107,,261855,6,,,1,100,,261856,6,0,7 18 9,1,5,,261857,6,,,1,100,,261858,6,,,1,166,,261859,6,,,1
3000,'20260909',442,,261860,6,,,1,188,,261861,6,,,1,97,,261862,6,,,1,92,,261863,6,,,1,110,,261864,6,,,1,28,,261865,6,,,1,74,,261866,6,,,1,105,,261867,6,,,1,100,,261868,6,,,1,95,,261869,6,,,1,26,,261870,6,,,1,69,,261871,6,,,1,223,,261874,6,0,5 20 39,1,5,,261875,6,,,1,65,,261876,6,0,5 20 39,1,5,,261877,6,,,1,107,,261879,6,,,1,100,,261880,6,0,7 18 9,1,5,,261881,6,,,1,100,,261882,6,,,1,166,,261883,6,,,1
3000,'20260910',442,,261884,6,,,1,188,,261885,6,,,1,97,,261886,6,,,1,92,,261887,6,,,1,110,,261888,6,,,1,28,,261889,6,,,1,74,,261890,6,,,1,105,,261891,6,,,1,100,,261892,6,,,1,90,,261894,6,0,5 20 39,1,5,,261895,6,,,1,26,,261897,6,,,1,64,,261898,6,0,5 20 39,1,5,,261899,6,,,1,218,,261904,3,0,77 18 9,1,5,,261905,6,0,5 20 39,1,5,,261906,6,,,1,65,,261907,6,0,5 20 39,1,5,,261908,6,,,1,102,,261911,3,0,77 18 9,1,5,,261912,6,,,1,75,,261913,6,,,1,25,,261914,6,0,7 18 9,1,5,,261915,6,,,1,100,,261917,6,,,1,166,,261920,6,,,1
3000,'20260911',442,,261921,6,,,1,188,,261922,6,,,1,97,,261923,6,,,1,92,,261924,6,,,1,110,,261925,6,,,1,28,,261926,6,,,1,74,,261927,6,,,1,105,,261929,6,,,1,100,,261931,6,,,1,90,,261934,6,0,5 20 39,1,5,,261935,6,,,1,26,,261937,6,,,1,64,,261938,6,0,5 20 39,1,5,,261939,6,,,1,218,,261945,3,0,77 18 9,1,5,,261946,6,0,5 20 39,1,5,,261947,6,,,1,60,,261948,6,,,1,5,,261949,6,0,5 20 39,1,5,,261950,6,,,1,102,,261953,3,0,77 18 9,1,5,,261954,6,,,1,75,,261955,6,,,1,25,,261956,6,0,7 18 9,1,5,,261957,6,,,1,100,,261959,6,,,1,166,,261962,6,,,1
3000,'20260912',641,,261963,6,0,7 18 9,1,5,,261964,6,,,1,90,,261965,6,0,5 20 39,1,100,,261966,6,0,7 18 9,1,5,,261967,6,,,1,95,,261969,6,0,7 18 9,1,5,,261970,6,,,1,92,,261972,6,0,7 18 9,1,5,,261973,6,,,1,95,,261975,6,0,7 18 9,1,5,,261976,6,,,1,90,,261978,6,0,7 18 9,1,5,,261979,6,,,1,95,,261981,6,0,7 18 9,1,5,,261982,6,,,1,90,,261984,6,0,7 18 9,1,5,,261985,6,,,1,95,,261987,6,0,5 20 39,1,115,,261988,6,0,7 18 9,1,20,,261989,6,,,1,80,,261990,6,0,7 18 9,1,20,,261991,6,,,1,80,,261992,6,,,1,100,,261994,6,,,1,73,,261995,6,0,7 18 9,1,95,,261996,6,,,1,35,,261997,6,,,1,102,,261998,6,,,1
3000,'20260913',646,,261999,6,,,1,90,,262000,6,0,5 20 39,1,100,,262001,6,0,7 18 9,1,5,,262002,6,,,1,95,,262003,6,0,7 18 9,1,5,,262004,6,,,1,92,,262005,6,0,7 18 9,1,5,,262006,6,,,1,95,,262007,6,0,7 18 9,1,5,,262008,6,,,1,90,,262009,6,0,7 18 9,1,5,,262010,6,,,1,95,,262011,6,0,7 18 9,1,5,,262012,6,,,1,90,,262013,6,0,7 18 9,1,5,,262014,6,,,1,95,,262015,6,0,5 20 39,1,115,,262016,6,0,7 18 9,1,20,,262017,6,,,1,80,,262018,6,0,7 18 9,1,20,,262019,6,,,1,80,,262020,6,,,1,100,,262022,6,,,1,73,,262023,6,0,7 18 9,1,95,,262024,6,,,1,35,,262025,6,,,1,102,,262026,6,,,1
3000,'20260914',442,,262027,6,,,1,188,,262028,6,,,1,97,,262029,6,,,1,92,,262030,6,,,1,110,,262031,6,,,1,28,,262032,6,,,1,74,,262033,6,,,1,105,,262034,6,,,1,100,,262035,6,,,1,95,,262036,6,,,1,26,,262037,6,,,1,69,,262038,6,,,1,223,,262041,6,0,5 20 39,1,5,,262042,6,,,1,65,,262043,6,0,5 20 39,1,5,,262044,6,,,1,107,,262046,6,,,1,100,,262047,6,0,7 18 9,1,5,,262048,6,,,1,100,,262049,6,,,1,166,,262050,6,,,1
3000,'20260915',442,,262051,6,,,1,188,,262052,6,,,1,97,,262053,6,,,1,92,,262054,6,,,1,110,,262055,6,,,1,28,,262056,6,,,1,74,,262057,6,,,1,105,,262058,6,,,1,100,,262059,6,,,1,95,,262060,6,,,1,26,,262061,6,,,1,69,,262062,6,,,1,223,,262065,6,0,5 20 39,1,5,,262066,6,,,1,65,,262067,6,0,5 20 39,1,5,,262068,6,,,1,107,,262070,6,,,1,100,,262071,6,0,7 18 9,1,5,,262072,6,,,1,100,,262073,6,,,1,166,,262074,6,,,1
3000,'20260916',442,,262075,6,,,1,188,,262076,6,,,1,97,,262077,6,,,1,92,,262078,6,,,1,110,,262079,6,,,1,28,,262080,6,,,1,74,,262081,6,,,1,105,,262082,6,,,1,100,,262083,6,,,1,95,,262084,6,,,1,26,,262085,6,,,1,69,,262086,6,,,1,223,,262089,6,0,5 20 39,1,5,,262090,6,,,1,65,,262091,6,0,5 20 39,1,5,,262092,6,,,1,107,,262094,6,,,1,100,,262095,6,0,7 18 9,1,5,,262096,6,,,1,100,,262097,6,,,1,166,,262098,6,,,1
3000,'20260917',442,,262099,6,,,1,188,,262100,6,,,1,97,,262101,6,,,1,92,,262102,6,,,1,110,,262103,6,,,1,28,,262104,6,,,1,74,,262105,6,,,1,105,,262106,6,,,1,100,,262107,6,,,1,90,,262109,6,0,5 20 39,1,5,,262110,6,,,1,26,,262112,6,,,1,64,,262113,6,0,5 20 39,1,5,,262114,6,,,1,218,,262119,3,0,77 18 9,1,5,,262120,6,0,5 20 39,1,5,,262121,6,,,1,65,,262122,6,0,5 20 39,1,5,,262123,6,,,1,102,,262126,3,0,77 18 9,1,5,,262127,6,,,1,75,,262128,6,,,1,25,,262129,6,0,7 18 9,1,5,,262130,6,,,1,100,,262132,6,,,1,166,,262135,6,,,1
3000,'20260918',442,,262136,6,,,1,188,,262137,6,,,1,97,,262138,6,,,1,92,,262139,6,,,1,110,,262140,6,,,1,28,,262141,6,,,1,74,,262142,6,,,1,105,,262144,6,,,1,100,,262146,6,,,1,90,,262149,6,0,5 20 39,1,5,,262150,6,,,1,26,,262152,6,,,1,64,,262153,6,0,5 20 39,1,5,,262154,6,,,1,218,,262160,3,0,77 18 9,1,5,,262161,6,0,5 20 39,1,5,,262162,6,,,1,60,,262163,6,,,1,5,,262164,6,0,5 20 39,1,5,,262165,6,,,1,102,,262168,3,0,77 18 9,1,5,,262169,6,,,1,75,,262170,6,,,1,25,,262171,6,0,7 18 9,1,5,,262172,6,,,1,100,,262174,6,,,1,166,,262177,6,,,1
3000,'20260919',641,,262178,6,0,7 18 9,1,5,,262179,6,,,1,90,,262180,6,0,5 20 39,1,100,,262181,6,0,7 18 9,1,5,,262182,6,,,1,95,,262184,6,0,7 18 9,1,5,,262185,6,,,1,92,,262187,6,0,7 18 9,1,5,,262188,6,,,1,95,,262190,6,0,7 18 9,1,5,,262191,6,,,1,90,,262193,6,0,7 18 9,1,5,,262194,6,,,1,95,,262196,6,0,7 18 9,1,5,,262197,6,,,1,90,,262199,6,0,7 18 9,1,5,,262200,6,,,1,95,,262202,6,0,5 20 39,1,115,,262203,6,0,7 18 9,1,20,,262204,6,,,1,80,,262205,6,0,7 18 9,1,20,,262206,6,,,1,80,,262207,6,,,1,100,,262209,6,,,1,73,,262210,6,0,7 18 9,1,95,,262211,6,,,1,35,,262212,6,,,1,102,,262213,6,,,1
3000,'20260920',646,,262214,6,,,1,90,,262215,6,0,5 20 39,1,100,,262216,6,0,7 18 9,1,5,,262217,6,,,1,95,,262218,6,0,7 18 9,1,5,,262219,6,,,1,92,,262220,6,0,7 18 9,1,5,,262221,6,,,1,95,,262222,6,0,7 18 9,1,5,,262223,6,,,1,90,,262224,6,0,7 18 9,1,5,,262225,6,,,1,95,,262226,6,0,7 18 9,1,5,,262227,6,,,1,90,,262228,6,0,7 18 9,1,5,,262229,6,,,1,95,,262230,6,0,5 20 39,1,115,,262231,6,0,7 18 9,1,20,,262232,6,,,1,80,,262233,6,0,7 18 9,1,20,,262234,6,,,1,80,,262235,6,,,1,100,,262237,6,,,1,73,,262238,6,0,7 18 9,1,95,,262239,6,,,1,35,,262240,6,,,1,102,,262241,6,,,1
3000,'20260921',442,,262242,6,,,1,188,,262243,6,,,1,97,,262244,6,,,1,92,,262245,6,,,1,110,,262246,6,,,1,28,,262247,6,,,1,74,,262248,6,,,1,105,,262249,6,,,1,100,,262250,6,,,1,95,,262251,6,,,1,26,,262252,6,,,1,69,,262253,6,,,1,223,,262256,6,0,5 20 39,1,5,,262257,6,,,1,65,,262258,6,0,5 20 39,1,5,,262259,6,,,1,107,,262261,6,,,1,100,,262262,6,0,7 18 9,1,5,,262263,6,,,1,100,,262264,6,,,1,166,,262265,6,,,1
3000,'20260922',442,,262266,6,,,1,188,,262267,6,,,1,97,,262268,6,,,1,92,,262269,6,,,1,110,,262270,6,,,1,28,,262271,6,,,1,74,,262272,6,,,1,105,,262273,6,,,1,100,,262274,6,,,1,95,,262275,6,,,1,26,,262276,6,,,1,69,,262277,6,,,1,223,,262280,6,0,5 20 39,1,5,,262281,6,,,1,65,,262282,6,0,5 20 39,1,5,,262283,6,,,1,107,,262285,6,,,1,100,,262286,6,0,7 18 9,1,5,,262287,6,,,1,100,,262288,6,,,1,166,,262289,6,,,1
3000,'20260923',442,,262290,6,,,1,188,,262291,6,,,1,97,,262292,6,,,1,92,,262293,6,,,1,110,,262294,6,,,1,28,,262295,6,,,1,74,,262296,6,,,1,105,,262297,6,,,1,100,,262298,6,,,1,95,,262299,6,,,1,26,,262300,6,,,1,69,,262301,6,,,1,223,,262304,6,0,5 20 39,1,5,,262305,6,,,1,65,,262306,6,0,5 20 39,1,5,,262307,6,,,1,107,,262309,6,,,1,100,,262310,6,0,7 18 9,1,5,,262311,6,,,1,100,,262312,6,,,1,166,,262313,6,,,1
3000,'20260924',442,,262314,6,,,1,188,,262315,6,,,1,97,,262316,6,,,1,92,,262317,6,,,1,110,,262318,6,,,1,28,,262319,6,,,1,74,,262320,6,,,1,105,,262321,6,,,1,100,,262322,6,,,1,90,,262324,6,0,5 20 39,1,5,,262325,6,,,1,26,,262327,6,,,1,64,,262328,6,0,5 20 39,1,5,,262329,6,,,1,218,,262334,3,0,77 18 9,1,5,,262335,6,0,5 20 39,1,5,,262336,6,,,1,65,,262337,6,0,5 20 39,1,5,,262338,6,,,1,102,,262341,3,0,77 18 9,1,5,,262342,6,,,1,75,,262343,6,,,1,25,,262344,6,0,7 18 9,1,5,,262345,6,,,1,100,,262347,6,,,1,166,,262350,6,,,1
3000,'20260925',442,,262351,6,,,1,188,,262352,6,,,1,97,,262353,6,,,1,92,,262354,6,,,1,110,,262355,6,,,1,28,,262356,6,,,1,74,,262357,6,,,1,105,,262359,6,,,1,100,,262361,6,,,1,90,,262364,6,0,5 20 39,1,5,,262365,6,,,1,26,,262367,6,,,1,64,,262368,6,0,5 20 39,1,5,,262369,6,,,1,218,,262375,3,0,77 18 9,1,5,,262376,6,0,5 20 39,1,5,,262377,6,,,1,60,,262378,6,,,1,5,,262379,6,0,5 20 39,1,5,,262380,6,,,1,102,,262383,3,0,77 18 9,1,5,,262384,6,,,1,75,,262385,6,,,1,25,,262386,6,0,7 18 9,1,5,,262387,6,,,1,100,,262389,6,,,1,166,,262392,6,,,1
3000,'20260926',641,,262393,6,0,7 18 9,1,5,,262394,6,,,1,190,,262395,6,0,7 18 9,1,5,,262396,6,,,1,95,,262398,6,0,7 18 9,1,5,,262399,6,,,1,92,,262401,6,0,7 18 9,1,5,,262402,6,,,1,95,,262404,6,0,7 18 9,1,5,,262405,6,,,1,90,,262407,6,0,7 18 9,1,5,,262408,6,,,1,95,,262410,6,0,7 18 9,1,5,,262411,6,,,1,90,,262413,6,0,7 18 9,1,5,,262414,6,,,1,210,,262416,6,0,7 18 9,1,20,,262417,6,,,1,80,,262418,6,0,7 18 9,1,20,,262419,6,,,1,80,,262420,6,,,1,100,,262421,6,,,1,73,,262422,6,0,7 18 9,1,95,,262423,6,,,1,35,,262424,6,,,1,102,,262425,6,,,1
3000,'20260927',646,,262426,6,,,1,190,,262427,6,0,7 18 9,1,5,,262428,6,,,1,95,,262429,6,0,7 18 9,1,5,,262430,6,,,1,92,,262431,6,0,7 18 9,1,5,,262432,6,,,1,95,,262433,6,0,7 18 9,1,5,,262434,6,,,1,90,,262435,6,0,7 18 9,1,5,,262436,6,,,1,95,,262437,6,0,7 18 9,1,5,,262438,6,,,1,90,,262439,6,0,7 18 9,1,5,,262440,6,,,1,210,,262441,6,0,7 18 9,1,20,,262442,6,,,1,80,,262443,6,0,7 18 9,1,20,,262444,6,,,1,80,,262445,6,,,1,100,,262446,6,,,1,73,,262447,6,0,7 18 9,1,95,,262448,6,,,1,35,,262449,6,,,1,102,,262450,6,,,1
3000,'20260928',442,,262451,6,,,1,188,,262452,6,,,1,97,,262453,6,,,1,92,,262454,6,,,1,110,,262455,6,,,1,28,,262456,6,,,1,74,,262457,6,,,1,105,,262458,6,,,1,100,,262459,6,,,1,95,,262460,6,,,1,26,,262461,6,,,1,69,,262462,6,,,1,223,,262465,6,0,5 20 39,1,5,,262466,6,,,1,65,,262467,6,0,5 20 39,1,5,,262468,6,,,1,107,,262470,6,,,1,100,,262471,6,0,7 18 9,1,5,,262472,6,,,1,100,,262473,6,,,1,166,,262474,6,,,1
3000,'20260929',442,,262475,6,,,1,188,,262476,6,,,1,97,,262477,6,,,1,92,,262478,6,,,1,110,,262479,6,,,1,28,,262480,6,,,1,74,,262481,6,,,1,105,,262482,6,,,1,100,,262483,6,,,1,95,,262484,6,,,1,26,,262485,6,,,1,69,,262486,6,,,1,223,,262489,6,0,5 20 39,1,5,,262490,6,,,1,65,,262491,6,0,5 20 39,1,5,,262492,6,,,1,107,,262494,6,,,1,100,,262495,6,0,7 18 9,1,5,,262496,6,,,1,100,,262497,6,,,1,166,,262498,6,,,1
3000,'20260930',442,,262499,6,,,1,188,,262500,6,,,1,97,,262501,6,,,1,92,,262502,6,,,1,110,,262503,6,,,1,28,,262504,6,,,1,74,,262505,6,,,1,105,,262506,6,,,1,100,,262507,6,,,1,95,,262508,6,,,1,26,,262509,6,,,1,69,,262510,6,,,1,223,,262513,6,0,5 20 39,1,5,,262514,6,,,1,65,,262515,6,0,5 20 39,1,5,,262516,6,,,1,107,,262518,6,,,1,100,,262519,6,0,7 18 9,1,5,,262520,6,,,1,100,,262521,6,,,1,166,,262522,6,,,1
3000,'20261001',442,,262523,6,,,1,188,,262524,6,,,1,97,,262525,6,,,1,92,,262526,6,,,1,110,,262527,6,,,1,28,,262528,6,,,1,74,,262529,6,,,1,105,,262530,6,,,1,100,,262531,6,,,1,90,,262533,6,0,5 20 39,1,5,,262534,6,,,1,26,,262536,6,,,1,64,,262537,6,0,5 20 39,1,5,,262538,6,,,1,218,,262543,3,0,77 18 9,1,5,,262544,6,0,5 20 39,1,5,,262545,6,,,1,65,,262546,6,0,5 20 39,1,5,,262547,6,,,1,102,,262550,3,0,77 18 9,1,5,,262551,6,,,1,75,,262552,6,,,1,25,,262553,6,0,7 18 9,1,5,,262554,6,,,1,100,,262556,6,,,1,166,,262559,6,,,1
3000,'20261002',442,,262560,6,,,1,188,,262561,6,,,1,97,,262562,6,,,1,92,,262563,6,,,1,110,,262564,6,,,1,28,,262565,6,,,1,74,,262566,6,,,1,105,,262568,6,,,1,100,,262570,6,,,1,90,,262573,6,0,5 20 39,1,5,,262574,6,,,1,26,,262576,6,,,1,64,,262577,6,0,5 20 39,1,5,,262578,6,,,1,218,,262584,3,0,77 18 9,1,5,,262585,6,0,5 20 39,1,5,,262586,6,,,1,60,,262587,6,,,1,5,,262588,6,0,5 20 39,1,5,,262589,6,,,1,102,,262592,3,0,77 18 9,1,5,,262593,6,,,1,75,,262594,6,,,1,25,,262595,6,0,7 18 9,1,5,,262596,6,,,1,100,,262598,6,,,1,166,,262601,6,,,1
3000,'20261003',641,,262602,6,0,7 18 9,1,5,,262603,6,,,1,190,,262604,6,0,7 18 9,1,5,,262605,6,,,1,95,,262607,6,0,7 18 9,1,5,,262608,6,,,1,92,,262610,6,0,7 18 9,1,5,,262611,6,,,1,95,,262613,6,0,7 18 9,1,5,,262614,6,,,1,90,,262616,6,0,7 18 9,1,5,,262617,6,,,1,95,,262619,6,0,7 18 9,1,5,,262620,6,,,1,90,,262622,6,0,7 18 9,1,5,,262623,6,,,1,210,,262625,6,0,7 18 9,1,20,,262626,6,,,1,80,,262627,6,0,7 18 9,1,20,,262628,6,,,1,80,,262629,6,,,1,100,,262630,6,,,1,73,,262631,6,0,7 18 9,1,95,,262632,6,,,1,35,,262633,6,,,1,102,,262634,6,,,1
3000,'20261004',646,,262635,6,,,1,190,,262636,6,0,7 18 9,1,5,,262637,6,,,1,95,,262638,6,0,7 18 9,1,5,,262639,6,,,1,92,,262640,6,0,7 18 9,1,5,,262641,6,,,1,95,,262642,6,0,7 18 9,1,5,,262643,6,,,1,90,,262644,6,0,7 18 9,1,5,,262645,6,,,1,95,,262646,6,0,7 18 9,1,5,,262647,6,,,1,90,,262648,6,0,7 18 9,1,5,,262649,6,,,1,210,,262650,6,0,7 18 9,1,20,,262651,6,,,1,80,,262652,6,0,7 18 9,1,20,,262653,6,,,1,80,,262654,6,,,1,100,,262655,6,,,1,73,,262656,6,0,7 18 9,1,95,,262657,6,,,1,35,,262658,6,,,1,102,,262659,6,,,1
3000,'20261005',442,,262660,6,,,1,188,,262661,6,,,1,97,,262662,6,,,1,92,,262663,6,,,1,110,,262664,6,,,1,28,,262665,6,,,1,74,,262666,6,,,1,105,,262667,6,,,1,100,,262668,6,,,1,95,,262669,6,,,1,26,,262670,6,,,1,69,,262671,6,,,1,223,,262674,6,0,5 20 39,1,5,,262675,6,,,1,65,,262676,6,0,5 20 39,1,5,,262677,6,,,1,107,,262679,6,,,1,100,,262680,6,0,7 18 9,1,5,,262681,6,,,1,100,,262682,6,,,1,166,,262683,6,,,1
3000,'20261006',442,,262684,6,,,1,188,,262685,6,,,1,97,,262686,6,,,1,92,,262687,6,,,1,110,,262688,6,,,1,28,,262689,6,,,1,74,,262690,6,,,1,105,,262691,6,,,1,100,,262692,6,,,1,95,,262693,6,,,1,26,,262694,6,,,1,69,,262695,6,,,1,223,,262698,6,0,5 20 39,1,5,,262699,6,,,1,65,,262700,6,0,5 20 39,1,5,,262701,6,,,1,107,,262703,6,,,1,100,,262704,6,0,7 18 9,1,5,,262705,6,,,1,100,,262706,6,,,1,166,,262707,6,,,1
3000,'20261007',442,,262708,6,,,1,188,,262709,6,,,1,97,,262710,6,,,1,92,,262711,6,,,1,110,,262712,6,,,1,28,,262713,6,,,1,74,,262714,6,,,1,105,,262715,6,,,1,100,,262716,6,,,1,95,,262717,6,,,1,26,,262718,6,,,1,69,,262719,6,,,1,223,,262722,6,0,5 20 39,1,5,,262723,6,,,1,65,,262724,6,0,5 20 39,1,5,,262725,6,,,1,107,,262727,6,,,1,100,,262728,6,0,7 18 9,1,5,,262729,6,,,1,100,,262730,6,,,1,166,,262731,6,,,1
3000,'20261008',442,,262732,6,,,1,188,,262733,6,,,1,97,,262734,6,,,1,92,,262735,6,,,1,110,,262736,6,,,1,28,,262737,6,,,1,74,,262738,6,,,1,105,,262739,6,,,1,100,,262740,6,,,1,90,,262742,6,0,5 20 39,1,5,,262743,6,,,1,26,,262745,6,,,1,64,,262746,6,0,5 20 39,1,5,,262747,6,,,1,218,,262752,3,0,77 18 9,1,5,,262753,6,0,5 20 39,1,5,,262754,6,,,1,65,,262755,6,0,5 20 39,1,5,,262756,6,,,1,102,,262759,3,0,77 18 9,1,5,,262760,6,,,1,75,,262761,6,,,1,25,,262762,6,0,7 18 9,1,5,,262763,6,,,1,100,,262765,6,,,1,166,,262768,6,,,1
3000,'20261009',442,,262769,6,,,1,188,,262770,6,,,1,97,,262771,6,,,1,92,,262772,6,,,1,110,,262773,6,,,1,28,,262774,6,,,1,74,,262775,6,,,1,105,,262777,6,,,1,100,,262779,6,,,1,90,,262782,6,0,5 20 39,1,5,,262783,6,,,1,26,,262785,6,,,1,64,,262786,6,0,5 20 39,1,5,,262787,6,,,1,218,,262793,3,0,77 18 9,1,5,,262794,6,0,5 20 39,1,5,,262795,6,,,1,60,,262796,6,,,1,5,,262797,6,0,5 20 39,1,5,,262798,6,,,1,102,,262801,3,0,77 18 9,1,5,,262802,6,,,1,75,,262803,6,,,1,25,,262804,6,0,7 18 9,1,5,,262805,6,,,1,100,,262807,6,,,1,166,,262810,6,,,1
3000,'20261010',641,,262811,6,0,7 18 9,1,5,,262812,6,,,1,190,,262813,6,0,7 18 9,1,5,,262814,6,,,1,95,,262816,6,0,7 18 9,1,5,,262817,6,,,1,92,,262819,6,0,7 18 9,1,5,,262820,6,,,1,95,,262822,6,0,7 18 9,1,5,,262823,6,,,1,90,,262825,6,0,7 18 9,1,5,,262826,6,,,1,95,,262828,6,0,7 18 9,1,5,,262829,6,,,1,90,,262831,6,0,7 18 9,1,5,,262832,6,,,1,210,,262834,6,0,7 18 9,1,20,,262835,6,,,1,80,,262836,6,0,7 18 9,1,20,,262837,6,,,1,80,,262838,6,,,1,100,,262839,6,,,1,73,,262840,6,0,7 18 9,1,95,,262841,6,,,1,35,,262842,6,,,1,102,,262843,6,,,1
3000,'20261011',646,,262844,6,,,1,190,,262845,6,0,7 18 9,1,5,,262846,6,,,1,95,,262847,6,0,7 18 9,1,5,,262848,6,,,1,92,,262849,6,0,7 18 9,1,5,,262850,6,,,1,95,,262851,6,0,7 18 9,1,5,,262852,6,,,1,90,,262853,6,0,7 18 9,1,5,,262854,6,,,1,95,,262855,6,0,7 18 9,1,5,,262856,6,,,1,90,,262857,6,0,7 18 9,1,5,,262858,6,,,1,210,,262859,6,0,7 18 9,1,20,,262860,6,,,1,80,,262861,6,0,7 18 9,1,20,,262862,6,,,1,80,,262863,6,,,1,100,,262864,6,,,1,73,,262865,6,0,7 18 9,1,95,,262866,6,,,1,35,,262867,6,,,1,102,,262868,6,,,1
3000,'20261012',641,,262869,6,0,7 18 9,1,5,,262870,6,,,1,190,,262871,6,0,7 18 9,1,5,,262872,6,,,1,95,,262874,6,0,7 18 9,1,5,,262875,6,,,1,92,,262877,6,0,7 18 9,1,5,,262878,6,,,1,95,,262880,6,0,7 18 9,1,5,,262881,6,,,1,90,,262883,6,0,7 18 9,1,5,,262884,6,,,1,95,,262886,6,0,7 18 9,1,5,,262887,6,,,1,90,,262889,6,0,7 18 9,1,5,,262890,6,,,1,210,,262892,6,0,7 18 9,1,20,,262893,6,,,1,80,,262894,6,0,7 18 9,1,20,,262895,6,,,1,80,,262896,6,,,1,100,,262897,6,,,1,73,,262898,6,0,7 18 9,1,95,,262899,6,,,1,35,,262900,6,,,1,102,,262901,6,,,1
3000,'20261013',442,,262902,6,,,1,188,,262903,6,,,1,97,,262904,6,,,1,92,,262905,6,,,1,110,,262906,6,,,1,28,,262907,6,,,1,74,,262908,6,,,1,105,,262909,6,,,1,100,,262910,6,,,1,95,,262911,6,,,1,26,,262912,6,,,1,69,,262913,6,,,1,223,,262916,6,0,5 20 39,1,5,,262917,6,,,1,65,,262918,6,0,5 20 39,1,5,,262919,6,,,1,107,,262921,6,,,1,100,,262922,6,0,7 18 9,1,5,,262923,6,,,1,100,,262924,6,,,1,166,,262925,6,,,1
3000,'20261014',442,,262926,6,,,1,188,,262927,6,,,1,97,,262928,6,,,1,92,,262929,6,,,1,110,,262930,6,,,1,28,,262931,6,,,1,74,,262932,6,,,1,105,,262933,6,,,1,100,,262934,6,,,1,95,,262935,6,,,1,26,,262936,6,,,1,69,,262937,6,,,1,223,,262940,6,0,5 20 39,1,5,,262941,6,,,1,65,,262942,6,0,5 20 39,1,5,,262943,6,,,1,107,,262945,6,,,1,100,,262946,6,0,7 18 9,1,5,,262947,6,,,1,100,,262948,6,,,1,166,,262949,6,,,1
3000,'20261015',442,,262950,6,,,1,188,,262951,6,,,1,97,,262952,6,,,1,92,,262953,6,,,1,110,,262954,6,,,1,28,,262955,6,,,1,74,,262956,6,,,1,105,,262957,6,,,1,100,,262958,6,,,1,90,,262960,6,0,5 20 39,1,5,,262961,6,,,1,26,,262963,6,,,1,64,,262964,6,0,5 20 39,1,5,,262965,6,,,1,218,,262970,3,0,77 18 9,1,5,,262971,6,0,5 20 39,1,5,,262972,6,,,1,65,,262973,6,0,5 20 39,1,5,,262974,6,,,1,102,,262977,3,0,77 18 9,1,5,,262978,6,,,1,75,,262979,6,,,1,25,,262980,6,0,7 18 9,1,5,,262981,6,,,1,100,,262983,6,,,1,166,,262986,6,,,1
3000,'20261016',442,,262987,6,,,1,188,,262988,6,,,1,97,,262989,6,,,1,92,,262990,6,,,1,110,,262991,6,,,1,28,,262992,6,,,1,74,,262993,6,,,1,105,,262995,6,,,1,100,,262997,6,,,1,90,,263000,6,0,5 20 39,1,5,,263001,6,,,1,26,,263003,6,,,1,64,,263004,6,0,5 20 39,1,5,,263005,6,,,1,218,,263011,3,0,77 18 9,1,5,,263012,6,0,5 20 39,1,5,,263013,6,,,1,60,,263014,6,,,1,5,,263015,6,0,5 20 39,1,5,,263016,6,,,1,102,,263019,3,0,77 18 9,1,5,,263020,6,,,1,75,,263021,6,,,1,25,,263022,6,0,7 18 9,1,5,,263023,6,,,1,100,,263025,6,,,1,166,,263028,6,,,1
3000,'20261017',641,,263029,6,0,7 18 9,1,5,,263030,6,,,1,190,,263031,6,0,7 18 9,1,5,,263032,6,,,1,95,,263034,6,0,7 18 9,1,5,,263035,6,,,1,92,,263037,6,0,7 18 9,1,5,,263038,6,,,1,95,,263040,6,0,7 18 9,1,5,,263041,6,,,1,90,,263043,6,0,7 18 9,1,5,,263044,6,,,1,95,,263046,6,0,7 18 9,1,5,,263047,6,,,1,90,,263049,6,0,7 18 9,1,5,,263050,6,,,1,210,,263052,6,0,7 18 9,1,20,,263053,6,,,1,80,,263054,6,0,7 18 9,1,20,,263055,6,,,1,80,,263056,6,,,1,100,,263057,6,,,1,73,,263058,6,0,7 18 9,1,95,,263059,6,,,1,35,,263060,6,,,1,102,,263061,6,,,1
3000,'20261018',646,,263062,6,,,1,190,,263063,6,0,7 18 9,1,5,,263064,6,,,1,95,,263065,6,0,7 18 9,1,5,,263066,6,,,1,92,,263067,6,0,7 18 9,1,5,,263068,6,,,1,95,,263069,6,0,7 18 9,1,5,,263070,6,,,1,90,,263071,6,0,7 18 9,1,5,,263072,6,,,1,95,,263073,6,0,7 18 9,1,5,,263074,6,,,1,90,,263075,6,0,7 18 9,1,5,,263076,6,,,1,210,,263077,6,0,7 18 9,1,20,,263078,6,,,1,80,,263079,6,0,7 18 9,1,20,,263080,6,,,1,80,,263081,6,,,1,100,,263082,6,,,1,73,,263083,6,0,7 18 9,1,95,,263084,6,,,1,35,,263085,6,,,1,102,,263086,6,,,1
3000,'20261019',442,,263087,6,,,1,188,,263088,6,,,1,97,,263089,6,,,1,92,,263090,6,,,1,110,,263091,6,,,1,28,,263092,6,,,1,74,,263093,6,,,1,105,,263094,6,,,1,100,,263095,6,,,1,95,,263096,6,,,1,26,,263097,6,,,1,69,,263098,6,,,1,223,,263101,6,0,5 20 39,1,5,,263102,6,,,1,65,,263103,6,0,5 20 39,1,5,,263104,6,,,1,107,,263106,6,,,1,100,,263107,6,0,7 18 9,1,5,,263108,6,,,1,100,,263109,6,,,1,166,,263110,6,,,1
3000,'20261020',442,,263111,6,,,1,188,,263112,6,,,1,97,,263113,6,,,1,92,,263114,6,,,1,110,,263115,6,,,1,28,,263116,6,,,1,74,,263117,6,,,1,105,,263118,6,,,1,100,,263119,6,,,1,95,,263120,6,,,1,26,,263121,6,,,1,69,,263122,6,,,1,223,,263125,6,0,5 20 39,1,5,,263126,6,,,1,65,,263127,6,0,5 20 39,1,5,,263128,6,,,1,107,,263130,6,,,1,100,,263131,6,0,7 18 9,1,5,,263132,6,,,1,100,,263133,6,,,1,166,,263134,6,,,1
3000,'20261021',442,,263135,6,,,1,188,,263136,6,,,1,97,,263137,6,,,1,92,,263138,6,,,1,110,,263139,6,,,1,28,,263140,6,,,1,74,,263141,6,,,1,105,,263142,6,,,1,100,,263143,6,,,1,95,,263144,6,,,1,26,,263145,6,,,1,69,,263146,6,,,1,223,,263149,6,0,5 20 39,1,5,,263150,6,,,1,65,,263151,6,0,5 20 39,1,5,,263152,6,,,1,107,,263154,6,,,1,100,,263155,6,0,7 18 9,1,5,,263156,6,,,1,100,,263157,6,,,1,166,,263158,6,,,1
3000,'20261022',442,,263159,6,,,1,188,,263160,6,,,1,97,,263161,6,,,1,92,,263162,6,,,1,110,,263163,6,,,1,28,,263164,6,,,1,74,,263165,6,,,1,105,,263166,6,,,1,100,,263167,6,,,1,90,,263169,6,0,5 20 39,1,5,,263170,6,,,1,26,,263172,6,,,1,64,,263173,6,0,5 20 39,1,5,,263174,6,,,1,218,,263179,3,0,77 18 9,1,5,,263180,6,0,5 20 39,1,5,,263181,6,,,1,65,,263182,6,0,5 20 39,1,5,,263183,6,,,1,102,,263186,3,0,77 18 9,1,5,,263187,6,,,1,75,,263188,6,,,1,25,,263189,6,0,7 18 9,1,5,,263190,6,,,1,100,,263192,6,,,1,166,,263195,6,,,1
3000,'20261023',442,,263196,6,,,1,188,,263197,6,,,1,97,,263198,6,,,1,92,,263199,6,,,1,110,,263200,6,,,1,28,,263201,6,,,1,74,,263202,6,,,1,105,,263204,6,,,1,100,,263206,6,,,1,90,,263209,6,0,5 20 39,1,5,,263210,6,,,1,26,,263212,6,,,1,64,,263213,6,0,5 20 39,1,5,,263214,6,,,1,218,,263220,3,0,77 18 9,1,5,,263221,6,0,5 20 39,1,5,,263222,6,,,1,60,,263223,6,,,1,5,,263224,6,0,5 20 39,1,5,,263225,6,,,1,102,,263228,3,0,77 18 9,1,5,,263229,6,,,1,75,,263230,6,,,1,25,,263231,6,0,7 18 9,1,5,,263232,6,,,1,100,,263234,6,,,1,166,,263237,6,,,1
3000,'20261024',641,,263238,6,0,7 18 9,1,5,,263239,6,,,1,190,,263240,6,0,7 18 9,1,5,,263241,6,,,1,95,,263243,6,0,7 18 9,1,5,,263244,6,,,1,92,,263246,6,0,7 18 9,1,5,,263247,6,,,1,95,,263249,6,0,7 18 9,1,5,,263250,6,,,1,90,,263252,6,0,7 18 9,1,5,,263253,6,,,1,95,,263255,6,0,7 18 9,1,5,,263256,6,,,1,90,,263258,6,0,7 18 9,1,5,,263259,6,,,1,210,,263261,6,0,7 18 9,1,20,,263262,6,,,1,80,,263263,6,0,7 18 9,1,20,,263264,6,,,1,80,,263265,6,,,1,100,,263266,6,,,1,73,,263267,6,0,7 18 9,1,95,,263268,6,,,1,35,,263269,6,,,1,102,,263270,6,,,1
3000,'20261025',646,,263271,6,,,1,190,,263272,6,0,7 18 9,1,5,,263273,6,,,1,95,,263274,6,0,7 18 9,1,5,,263275,6,,,1,92,,263276,6,0,7 18 9,1,5,,263277,6,,,1,95,,263278,6,0,7 18 9,1,5,,263279,6,,,1,90,,263280,6,0,7 18 9,1,5,,263281,6,,,1,95,,263282,6,0,7 18 9,1,5,,263283,6,,,1,90,,263284,6,0,7 18 9,1,5,,263285,6,,,1,210,,263286,6,0,7 18 9,1,20,,263287,6,,,1,80,,263288,6,0,7 18 9,1,20,,263289,6,,,1,80,,263290,6,,,1,100,,263291,6,,,1,73,,263292,6,0,7 18 9,1,95,,263293,6,,,1,35,,263294,6,,,1,102,,263295,6,,,1
3000,'20261026',442,,263296,6,,,1,188,,263297,6,,,1,97,,263298,6,,,1,92,,263299,6,,,1,110,,263300,6,,,1,28,,263301,6,,,1,74,,263302,6,,,1,105,,263303,6,,,1,100,,263304,6,,,1,95,,263305,6,,,1,26,,263306,6,,,1,69,,263307,6,,,1,223,,263310,6,0,5 20 39,1,5,,263311,6,,,1,65,,263312,6,0,5 20 39,1,5,,263313,6,,,1,107,,263315,6,,,1,100,,263316,6,0,7 18 9,1,5,,263317,6,,,1,100,,263318,6,,,1,166,,263319,6,,,1
3000,'20261027',442,,263320,6,,,1,188,,263321,6,,,1,97,,263322,6,,,1,92,,263323,6,,,1,110,,263324,6,,,1,28,,263325,6,,,1,74,,263326,6,,,1,105,,263327,6,,,1,100,,263328,6,,,1,95,,263329,6,,,1,26,,263330,6,,,1,69,,263331,6,,,1,223,,263334,6,0,5 20 39,1,5,,263335,6,,,1,65,,263336,6,0,5 20 39,1,5,,263337,6,,,1,107,,263339,6,,,1,100,,263340,6,0,7 18 9,1,5,,263341,6,,,1,100,,263342,6,,,1,166,,263343,6,,,1
3000,'20261028',442,,263344,6,,,1,188,,263345,6,,,1,97,,263346,6,,,1,92,,263347,6,,,1,110,,263348,6,,,1,28,,263349,6,,,1,74,,263350,6,,,1,105,,263351,6,,,1,100,,263352,6,,,1,95,,263353,6,,,1,26,,263354,6,,,1,69,,263355,6,,,1,223,,263358,6,0,5 20 39,1,5,,263359,6,,,1,65,,263360,6,0,5 20 39,1,5,,263361,6,,,1,107,,263363,6,,,1,100,,263364,6,0,7 18 9,1,5,,263365,6,,,1,100,,263366,6,,,1,166,,263367,6,,,1
3000,'20261029',442,,263368,6,,,1,188,,263369,6,,,1,97,,263370,6,,,1,92,,263371,6,,,1,110,,263372,6,,,1,28,,263373,6,,,1,74,,263374,6,,,1,105,,263375,6,,,1,100,,263376,6,,,1,90,,263378,6,0,5 20 39,1,5,,263379,6,,,1,26,,263381,6,,,1,64,,263382,6,0,5 20 39,1,5,,263383,6,,,1,218,,263388,3,0,77 18 9,1,5,,263389,6,0,5 20 39,1,5,,263390,6,,,1,65,,263391,6,0,5 20 39,1,5,,263392,6,,,1,102,,263395,3,0,77 18 9,1,5,,263396,6,,,1,75,,263397,6,,,1,25,,263398,6,0,7 18 9,1,5,,263399,6,,,1,100,,263401,6,,,1,166,,263404,6,,,1
3000,'20261030',442,,263405,6,,,1,188,,263406,6,,,1,97,,263407,6,,,1,92,,263408,6,,,1,110,,263409,6,,,1,28,,263410,6,,,1,74,,263411,6,,,1,105,,263413,6,,,1,100,,263415,6,,,1,90,,263418,6,0,5 20 39,1,5,,263419,6,,,1,26,,263421,6,,,1,64,,263422,6,0,5 20 39,1,5,,263423,6,,,1,218,,263429,3,0,77 18 9,1,5,,263430,6,0,5 20 39,1,5,,263431,6,,,1,60,,263432,6,,,1,5,,263433,6,0,5 20 39,1,5,,263434,6,,,1,102,,263437,3,0,77 18 9,1,5,,263438,6,,,1,75,,263439,6,,,1,25,,263440,6,0,7 18 9,1,5,,263441,6,,,1,100,,263443,6,,,1,166,,263446,6,,,1
3000,'20261031',641,,263447,6,0,7 18 9,1,5,,263448,6,,,1,190,,263449,6,0,7 18 9,1,5,,263450,6,,,1,95,,263452,6,0,7 18 9,1,5,,263453,6,,,1,92,,263455,6,0,7 18 9,1,5,,263456,6,,,1,95,,263458,6,0,7 18 9,1,5,,263459,6,,,1,90,,263461,6,0,7 18 9,1,5,,263462,6,,,1,95,,263464,6,0,7 18 9,1,5,,263465,6,,,1,90,,263467,6,0,7 18 9,1,5,,263468,6,,,1,210,,263470,6,0,7 18 9,1,20,,263471,6,,,1,80,,263472,6,0,7 18 9,1,20,,263473,6,,,1,80,,263474,6,,,1,100,,263475,6,,,1,73,,263476,6,0,7 18 9,1,95,,263477,6,,,1,35,,263478,6,,,1,102,,263479,6,,,1
3000,'20261101',646,,263480,6,,,1,190,,263481,6,0,7 18 9,1,5,,263482,6,,,1,95,,263483,6,0,7 18 9,1,5,,263484,6,,,1,92,,263485,6,0,7 18 9,1,5,,263486,6,,,1,95,,263487,6,0,7 18 9,1,5,,263488,6,,,1,90,,263489,6,0,7 18 9,1,5,,263490,6,,,1,95,,263491,6,0,7 18 9,1,5,,263492,6,,,1,90,,263493,6,0,7 18 9,1,5,,263494,6,,,1,210,,263495,6,0,7 18 9,1,20,,263496,6,,,1,80,,263497,6,0,7 18 9,1,20,,263498,6,,,1,80,,263499,6,,,1,100,,263500,6,,,1,73,,263501,6,0,7 18 9,1,95,,263502,6,,,1,35,,263503,6,,,1,102,,263504,6,,,1
3000,'20261102',442,,263505,6,,,1,188,,263506,6,,,1,97,,263507,6,,,1,92,,263508,6,,,1,110,,263509,6,,,1,28,,263510,6,,,1,74,,263511,6,,,1,105,,263512,6,,,1,100,,263513,6,,,1,95,,263514,6,,,1,26,,263515,6,,,1,69,,263516,6,,,1,223,,263519,6,0,5 20 39,1,5,,263520,6,,,1,65,,263521,6,0,5 20 39,1,5,,263522,6,,,1,107,,263524,6,,,1,100,,263525,6,0,7 18 9,1,5,,263526,6,,,1,100,,263527,6,,,1,166,,263528,6,,,1
3000,'20261103',442,,263529,6,,,1,188,,263530,6,,,1,97,,263531,6,,,1,92,,263532,6,,,1,110,,263533,6,,,1,28,,263534,6,,,1,74,,263535,6,,,1,105,,263536,6,,,1,100,,263537,6,,,1,95,,263538,6,,,1,26,,263539,6,,,1,69,,263540,6,,,1,223,,263543,6,0,5 20 39,1,5,,263544,6,,,1,65,,263545,6,0,5 20 39,1,5,,263546,6,,,1,107,,263548,6,,,1,100,,263549,6,0,7 18 9,1,5,,263550,6,,,1,100,,263551,6,,,1,166,,263552,6,,,1
3000,'20261104',442,,263553,6,,,1,188,,263554,6,,,1,97,,263555,6,,,1,92,,263556,6,,,1,110,,263557,6,,,1,28,,263558,6,,,1,74,,263559,6,,,1,105,,263560,6,,,1,100,,263561,6,,,1,95,,263562,6,,,1,26,,263563,6,,,1,69,,263564,6,,,1,223,,263567,6,0,5 20 39,1,5,,263568,6,,,1,65,,263569,6,0,5 20 39,1,5,,263570,6,,,1,107,,263572,6,,,1,100,,263573,6,0,7 18 9,1,5,,263574,6,,,1,100,,263575,6,,,1,166,,263576,6,,,1
3000,'20261105',442,,263577,6,,,1,188,,263578,6,,,1,97,,263579,6,,,1,92,,263580,6,,,1,110,,263581,6,,,1,28,,263582,6,,,1,74,,263583,6,,,1,105,,263584,6,,,1,100,,263585,6,,,1,90,,263587,6,0,5 20 39,1,5,,263588,6,,,1,26,,263590,6,,,1,64,,263591,6,0,5 20 39,1,5,,263592,6,,,1,218,,263597,3,0,77 18 9,1,5,,263598,6,0,5 20 39,1,5,,263599,6,,,1,65,,263600,6,0,5 20 39,1,5,,263601,6,,,1,102,,263604,3,0,77 18 9,1,5,,263605,6,,,1,75,,263606,6,,,1,25,,263607,6,0,7 18 9,1,5,,263608,6,,,1,100,,263610,6,,,1,166,,263613,6,,,1
3000,'20261106',442,,263614,6,,,1,188,,263615,6,,,1,97,,263616,6,,,1,92,,263617,6,,,1,110,,263618,6,,,1,28,,263619,6,,,1,74,,263620,6,,,1,105,,263622,6,,,1,100,,263624,6,,,1,90,,263627,6,0,5 20 39,1,5,,263628,6,,,1,26,,263630,6,,,1,64,,263631,6,0,5 20 39,1,5,,263632,6,,,1,218,,263638,3,0,77 18 9,1,5,,263639,6,0,5 20 39,1,5,,263640,6,,,1,60,,263641,6,,,1,5,,263642,6,0,5 20 39,1,5,,263643,6,,,1,102,,263646,3,0,77 18 9,1,5,,263647,6,,,1,75,,263648,6,,,1,25,,263649,6,0,7 18 9,1,5,,263650,6,,,1,100,,263652,6,,,1,166,,263655,6,,,1
3000,'20261107',641,,263656,6,0,7 18 9,1,5,,263657,6,,,1,190,,263658,6,0,7 18 9,1,5,,263659,6,,,1,95,,263661,6,0,7 18 9,1,5,,263662,6,,,1,92,,263664,6,0,7 18 9,1,5,,263665,6,,,1,95,,263667,6,0,7 18 9,1,5,,263668,6,,,1,90,,263670,6,0,7 18 9,1,5,,263671,6,,,1,95,,263673,6,0,7 18 9,1,5,,263674,6,,,1,90,,263676,6,0,7 18 9,1,5,,263677,6,,,1,210,,263679,6,0,7 18 9,1,20,,263680,6,,,1,80,,263681,6,0,7 18 9,1,20,,263682,6,,,1,80,,263683,6,,,1,100,,263684,6,,,1,73,,263685,6,0,7 18 9,1,95,,263686,6,,,1,35,,263687,6,,,1,102,,263688,6,,,1
3000,'20261108',646,,263689,6,,,1,190,,263690,6,0,7 18 9,1,5,,263691,6,,,1,95,,263692,6,0,7 18 9,1,5,,263693,6,,,1,92,,263694,6,0,7 18 9,1,5,,263695,6,,,1,95,,263696,6,0,7 18 9,1,5,,263697,6,,,1,90,,263698,6,0,7 18 9,1,5,,263699,6,,,1,95,,263700,6,0,7 18 9,1,5,,263701,6,,,1,90,,263702,6,0,7 18 9,1,5,,263703,6,,,1,210,,263704,6,0,7 18 9,1,20,,263705,6,,,1,80,,263706,6,0,7 18 9,1,20,,263707,6,,,1,80,,263708,6,,,1,100,,263709,6,,,1,73,,263710,6,0,7 18 9,1,95,,263711,6,,,1,35,,263712,6,,,1,102,,263713,6,,,1
3000,'20261109',442,,263714,6,,,1,188,,263715,6,,,1,97,,263716,6,,,1,92,,263717,6,,,1,110,,263718,6,,,1,28,,263719,6,,,1,74,,263720,6,,,1,105,,263721,6,,,1,100,,263722,6,,,1,95,,263723,6,,,1,26,,263724,6,,,1,69,,263725,6,,,1,223,,263728,6,0,5 20 39,1,5,,263729,6,,,1,65,,263730,6,0,5 20 39,1,5,,263731,6,,,1,107,,263733,6,,,1,100,,263734,6,0,7 18 9,1,5,,263735,6,,,1,100,,263736,6,,,1,166,,263737,6,,,1
3000,'20261110',442,,263738,6,,,1,188,,263739,6,,,1,97,,263740,6,,,1,92,,263741,6,,,1,110,,263742,6,,,1,28,,263743,6,,,1,74,,263744,6,,,1,105,,263745,6,,,1,100,,263746,6,,,1,95,,263747,6,,,1,26,,263748,6,,,1,69,,263749,6,,,1,223,,263752,6,0,5 20 39,1,5,,263753,6,,,1,65,,263754,6,0,5 20 39,1,5,,263755,6,,,1,107,,263757,6,,,1,100,,263758,6,0,7 18 9,1,5,,263759,6,,,1,100,,263760,6,,,1,166,,263761,6,,,1
3000,'20261111',442,,263762,6,,,1,188,,263763,6,,,1,97,,263764,6,,,1,92,,263765,6,,,1,110,,263766,6,,,1,28,,263767,6,,,1,74,,263768,6,,,1,105,,263769,6,,,1,100,,263770,6,,,1,95,,263771,6,,,1,26,,263772,6,,,1,69,,263773,6,,,1,223,,263776,6,0,5 20 39,1,5,,263777,6,,,1,65,,263778,6,0,5 20 39,1,5,,263779,6,,,1,107,,263781,6,,,1,100,,263782,6,0,7 18 9,1,5,,263783,6,,,1,100,,263784,6,,,1,166,,263785,6,,,1
3000,'20261112',442,,263786,6,,,1,188,,263787,6,,,1,97,,263788,6,,,1,92,,263789,6,,,1,110,,263790,6,,,1,28,,263791,6,,,1,74,,263792,6,,,1,105,,263793,6,,,1,100,,263794,6,,,1,90,,263796,6,0,5 20 39,1,5,,263797,6,,,1,26,,263799,6,,,1,64,,263800,6,0,5 20 39,1,5,,263801,6,,,1,218,,263806,3,0,77 18 9,1,5,,263807,6,0,5 20 39,1,5,,263808,6,,,1,65,,263809,6,0,5 20 39,1,5,,263810,6,,,1,102,,263813,3,0,77 18 9,1,5,,263814,6,,,1,75,,263815,6,,,1,25,,263816,6,0,7 18 9,1,5,,263817,6,,,1,100,,263819,6,,,1,166,,263822,6,,,1
3000,'20261113',442,,263823,6,,,1,188,,263824,6,,,1,97,,263825,6,,,1,92,,263826,6,,,1,110,,263827,6,,,1,28,,263828,6,,,1,74,,263829,6,,,1,105,,263831,6,,,1,100,,263833,6,,,1,90,,263836,6,0,5 20 39,1,5,,263837,6,,,1,26,,263839,6,,,1,64,,263840,6,0,5 20 39,1,5,,263841,6,,,1,218,,263847,3,0,77 18 9,1,5,,263848,6,0,5 20 39,1,5,,263849,6,,,1,60,,263850,6,,,1,5,,263851,6,0,5 20 39,1,5,,263852,6,,,1,102,,263855,3,0,77 18 9,1,5,,263856,6,,,1,75,,263857,6,,,1,25,,263858,6,0,7 18 9,1,5,,263859,6,,,1,100,,263861,6,,,1,166,,263864,6,,,1
3000,'20261114',641,,263865,6,0,7 18 9,1,5,,263866,6,,,1,190,,263867,6,0,7 18 9,1,5,,263868,6,,,1,95,,263870,6,0,7 18 9,1,5,,263871,6,,,1,92,,263873,6,0,7 18 9,1,5,,263874,6,,,1,95,,263876,6,0,7 18 9,1,5,,263877,6,,,1,90,,263879,6,0,7 18 9,1,5,,263880,6,,,1,95,,263882,6,0,7 18 9,1,5,,263883,6,,,1,90,,263885,6,0,7 18 9,1,5,,263886,6,,,1,210,,263888,6,0,7 18 9,1,20,,263889,6,,,1,80,,263890,6,0,7 18 9,1,20,,263891,6,,,1,80,,263892,6,,,1,100,,263893,6,,,1,73,,263894,6,0,7 18 9,1,95,,263895,6,,,1,35,,263896,6,,,1,102,,263897,6,,,1
3000,'20261115',646,,263898,6,,,1,190,,263899,6,0,7 18 9,1,5,,263900,6,,,1,95,,263901,6,0,7 18 9,1,5,,263902,6,,,1,92,,263903,6,0,7 18 9,1,5,,263904,6,,,1,95,,263905,6,0,7 18 9,1,5,,263906,6,,,1,90,,263907,6,0,7 18 9,1,5,,263908,6,,,1,95,,263909,6,0,7 18 9,1,5,,263910,6,,,1,90,,263911,6,0,7 18 9,1,5,,263912,6,,,1,210,,263913,6,0,7 18 9,1,20,,263914,6,,,1,80,,263915,6,0,7 18 9,1,20,,263916,6,,,1,80,,263917,6,,,1,100,,263918,6,,,1,73,,263919,6,0,7 18 9,1,95,,263920,6,,,1,35,,263921,6,,,1,102,,263922,6,,,1
3000,'20261116',442,,263923,6,,,1,188,,263924,6,,,1,97,,263925,6,,,1,92,,263926,6,,,1,110,,263927,6,,,1,28,,263928,6,,,1,74,,263929,6,,,1,105,,263930,6,,,1,100,,263931,6,,,1,95,,263932,6,,,1,26,,263933,6,,,1,69,,263934,6,,,1,223,,263937,6,0,5 20 39,1,5,,263938,6,,,1,65,,263939,6,0,5 20 39,1,5,,263940,6,,,1,107,,263942,6,,,1,100,,263943,6,0,7 18 9,1,5,,263944,6,,,1,100,,263945,6,,,1,166,,263946,6,,,1
3000,'20261117',442,,263947,6,,,1,188,,263948,6,,,1,97,,263949,6,,,1,92,,263950,6,,,1,110,,263951,6,,,1,28,,263952,6,,,1,74,,263953,6,,,1,105,,263954,6,,,1,100,,263955,6,,,1,95,,263956,6,,,1,26,,263957,6,,,1,69,,263958,6,,,1,223,,263961,6,0,5 20 39,1,5,,263962,6,,,1,65,,263963,6,0,5 20 39,1,5,,263964,6,,,1,107,,263966,6,,,1,100,,263967,6,0,7 18 9,1,5,,263968,6,,,1,100,,263969,6,,,1,166,,263970,6,,,1
3000,'20261118',442,,263971,6,,,1,188,,263972,6,,,1,97,,263973,6,,,1,92,,263974,6,,,1,110,,263975,6,,,1,28,,263976,6,,,1,74,,263977,6,,,1,105,,263978,6,,,1,100,,263979,6,,,1,95,,263980,6,,,1,26,,263981,6,,,1,69,,263982,6,,,1,223,,263985,6,0,5 20 39,1,5,,263986,6,,,1,65,,263987,6,0,5 20 39,1,5,,263988,6,,,1,107,,263990,6,,,1,100,,263991,6,0,7 18 9,1,5,,263992,6,,,1,100,,263993,6,,,1,166,,263994,6,,,1
3000,'20261119',442,,263995,6,,,1,188,,263996,6,,,1,97,,263997,6,,,1,92,,263998,6,,,1,110,,263999,6,,,1,28,,264000,6,,,1,74,,264001,6,,,1,105,,264002,6,,,1,100,,264003,6,,,1,90,,264005,6,0,5 20 39,1,5,,264006,6,,,1,26,,264008,6,,,1,64,,264009,6,0,5 20 39,1,5,,264010,6,,,1,218,,264015,3,0,77 18 9,1,5,,264016,6,0,5 20 39,1,5,,264017,6,,,1,65,,264018,6,0,5 20 39,1,5,,264019,6,,,1,102,,264022,3,0,77 18 9,1,5,,264023,6,,,1,75,,264024,6,,,1,25,,264025,6,0,7 18 9,1,5,,264026,6,,,1,100,,264028,6,,,1,166,,264031,6,,,1
3000,'20261120',442,,264032,6,,,1,188,,264033,6,,,1,97,,264034,6,,,1,92,,264035,6,,,1,110,,264036,6,,,1,28,,264037,6,,,1,74,,264038,6,,,1,105,,264040,6,,,1,100,,264042,6,,,1,90,,264045,6,0,5 20 39,1,5,,264046,6,,,1,26,,264048,6,,,1,64,,264049,6,0,5 20 39,1,5,,264050,6,,,1,218,,264056,3,0,77 18 9,1,5,,264057,6,0,5 20 39,1,5,,264058,6,,,1,60,,264059,6,,,1,5,,264060,6,0,5 20 39,1,5,,264061,6,,,1,102,,264064,3,0,77 18 9,1,5,,264065,6,,,1,75,,264066,6,,,1,25,,264067,6,0,7 18 9,1,5,,264068,6,,,1,100,,264070,6,,,1,166,,264073,6,,,1
3000,'20261121',641,,264074,6,0,7 18 9,1,5,,264075,6,,,1,190,,264076,6,0,7 18 9,1,5,,264077,6,,,1,95,,264079,6,0,7 18 9,1,5,,264080,6,,,1,92,,264082,6,0,7 18 9,1,5,,264083,6,,,1,95,,264085,6,0,7 18 9,1,5,,264086,6,,,1,90,,264088,6,0,7 18 9,1,5,,264089,6,,,1,95,,264091,6,0,7 18 9,1,5,,264092,6,,,1,90,,264094,6,0,7 18 9,1,5,,264095,6,,,1,210,,264097,6,0,7 18 9,1,20,,264098,6,,,1,80,,264099,6,0,7 18 9,1,20,,264100,6,,,1,80,,264101,6,,,1,100,,264102,6,,,1,73,,264103,6,0,7 18 9,1,95,,264104,6,,,1,35,,264105,6,,,1,102,,264106,6,,,1
3000,'20261122',646,,264107,6,,,1,190,,264108,6,0,7 18 9,1,5,,264109,6,,,1,95,,264110,6,0,7 18 9,1,5,,264111,6,,,1,92,,264112,6,0,7 18 9,1,5,,264113,6,,,1,95,,264114,6,0,7 18 9,1,5,,264115,6,,,1,90,,264116,6,0,7 18 9,1,5,,264117,6,,,1,95,,264118,6,0,7 18 9,1,5,,264119,6,,,1,90,,264120,6,0,7 18 9,1,5,,264121,6,,,1,210,,264122,6,0,7 18 9,1,20,,264123,6,,,1,80,,264124,6,0,7 18 9,1,20,,264125,6,,,1,80,,264126,6,,,1,100,,264127,6,,,1,73,,264128,6,0,7 18 9,1,95,,264129,6,,,1,35,,264130,6,,,1,102,,264131,6,,,1
3000,'20261123',442,,264132,6,,,1,188,,264133,6,,,1,97,,264134,6,,,1,92,,264135,6,,,1,110,,264136,6,,,1,28,,264137,6,,,1,74,,264138,6,,,1,105,,264139,6,,,1,100,,264140,6,,,1,95,,264141,6,,,1,26,,264142,6,,,1,69,,264143,6,,,1,223,,264146,6,0,5 20 39,1,5,,264147,6,,,1,65,,264148,6,0,5 20 39,1,5,,264149,6,,,1,107,,264151,6,,,1,100,,264152,6,0,7 18 9,1,5,,264153,6,,,1,100,,264154,6,,,1,166,,264155,6,,,1
3000,'20261124',442,,264156,6,,,1,188,,264157,6,,,1,97,,264158,6,,,1,92,,264159,6,,,1,110,,264160,6,,,1,28,,264161,6,,,1,74,,264162,6,,,1,105,,264163,6,,,1,100,,264164,6,,,1,95,,264165,6,,,1,26,,264166,6,,,1,69,,264167,6,,,1,223,,264170,6,0,5 20 39,1,5,,264171,6,,,1,65,,264172,6,0,5 20 39,1,5,,264173,6,,,1,107,,264175,6,,,1,100,,264176,6,0,7 18 9,1,5,,264177,6,,,1,100,,264178,6,,,1,166,,264179,6,,,1
3000,'20261125',442,,264180,6,,,1,188,,264181,6,,,1,97,,264182,6,,,1,92,,264183,6,,,1,110,,264184,6,,,1,28,,264185,6,,,1,74,,264186,6,,,1,105,,264187,6,,,1,100,,264188,6,,,1,95,,264189,6,,,1,26,,264190,6,,,1,69,,264191,6,,,1,223,,264194,6,0,5 20 39,1,5,,264195,6,,,1,65,,264196,6,0,5 20 39,1,5,,264197,6,,,1,107,,264199,6,,,1,100,,264200,6,0,7 18 9,1,5,,264201,6,,,1,100,,264202,6,,,1,166,,264203,6,,,1
3000,'20261126',442,,264204,6,,,1,188,,264205,6,,,1,97,,264206,6,,,1,92,,264207,6,,,1,110,,264208,6,,,1,28,,264209,6,,,1,74,,264210,6,,,1,105,,264211,6,,,1,100,,264212,6,,,1,90,,264214,6,0,5 20 39,1,5,,264215,6,,,1,26,,264217,6,,,1,64,,264218,6,0,5 20 39,1,5,,264219,6,,,1,218,,264224,3,0,77 18 9,1,5,,264225,6,0,5 20 39,1,5,,264226,6,,,1,65,,264227,6,0,5 20 39,1,5,,264228,6,,,1,102,,264231,3,0,77 18 9,1,5,,264232,6,,,1,75,,264233,6,,,1,25,,264234,6,0,7 18 9,1,5,,264235,6,,,1,100,,264237,6,,,1,166,,264240,6,,,1
3000,'20261127',442,,264241,6,,,1,188,,264242,6,,,1,97,,264243,6,,,1,92,,264244,6,,,1,110,,264245,6,,,1,28,,264246,6,,,1,74,,264247,6,,,1,105,,264249,6,,,1,100,,264251,6,,,1,90,,264254,6,0,5 20 39,1,5,,264255,6,,,1,26,,264257,6,,,1,64,,264258,6,0,5 20 39,1,5,,264259,6,,,1,218,,264265,3,0,77 18 9,1,5,,264266,6,0,5 20 39,1,5,,264267,6,,,1,60,,264268,6,,,1,5,,264269,6,0,5 20 39,1,5,,264270,6,,,1,102,,264273,3,0,77 18 9,1,5,,264274,6,,,1,75,,264275,6,,,1,25,,264276,6,0,7 18 9,1,5,,264277,6,,,1,100,,264279,6,,,1,166,,264282,6,,,1
