2100,'20260831',426,,143571,35,,,1,79,,143572,35,,,1,25,,143573,35,,,1,392,,143577,11,0,5 29 30,1,100,,143583,11,0,5 29 30,1,100,,143589,11,0,16 29 30,1,95,,143593,11,0,16 29 30,1,85,,143597,11,0,16 29 30,1,110,,143600,11,0,16 29 30,1,98,,143602,11,0,16 29 30,1,92,,143605,11,0,16 29 30,1,107,,143607,35,,,1,105,,143608,35,,,1,95,,143609,35,,,1,99,,143610,35,,,1,99,,143611,35,,,1,99,,143612,35,,,1,97,,143613,35,,,1,100,,143614,35,,,1,103,,143615,35,,,1
2100,'20260901',426,,143616,35,,,1,79,,143617,35,,,1,25,,143618,35,,,1,392,,143622,11,0,5 29 30,1,100,,143628,11,0,5 29 30,1,100,,143634,11,0,16 29 30,1,95,,143638,11,0,16 29 30,1,85,,143642,11,0,16 29 30,1,110,,143645,11,0,16 29 30,1,98,,143647,11,0,16 29 30,1,92,,143650,11,0,16 29 30,1,107,,143652,35,,,1,105,,143653,35,,,1,95,,143654,35,,,1,99,,143655,35,,,1,99,,143656,35,,,1,99,,143657,35,,,1,97,,143658,35,,,1,100,,143659,35,,,1,103,,143660,35,,,1
2100,'20260902',426,,143661,35,,,1,79,,143662,35,,,1,25,,143663,35,,,1,392,,143667,11,0,5 29 30,1,100,,143673,11,0,5 29 30,1,100,,143679,11,0,16 29 30,1,95,,143683,11,0,16 29 30,1,85,,143687,11,0,16 29 30,1,110,,143690,11,0,16 29 30,1,98,,143692,11,0,16 29 30,1,92,,143695,11,0,16 29 30,1,107,,143697,35,,,1,105,,143698,35,,,1,95,,143699,35,,,1,99,,143700,35,,,1,99,,143701,35,,,1,99,,143702,35,,,1,97,,143703,35,,,1,100,,143704,35,,,1,103,,143705,35,,,1
2100,'20260903',426,,143706,35,,,1,79,,143707,35,,,1,25,,143708,35,,,1,392,,143712,11,0,5 29 30,1,100,,143718,11,0,5 29 30,1,100,,143724,11,0,16 29 30,1,95,,143728,11,0,16 29 30,1,85,,143732,11,0,16 29 30,1,110,,143735,11,0,16 29 30,1,98,,143737,11,0,16 29 30,1,92,,143740,11,0,16 29 30,1,107,,143742,35,,,1,105,,143743,35,,,1,95,,143744,35,,,1,99,,143745,35,,,1,99,,143746,35,,,1,99,,143747,35,,,1,97,,143748,35,,,1,100,,143749,35,,,1,103,,143750,35,,,1
2100,'20260904',426,,143751,35,,,1,79,,143752,35,,,1,25,,143753,35,,,1,392,,143757,11,0,5 29 30,1,100,,143763,11,0,5 29 30,1,100,,143769,11,0,16 29 30,1,95,,143773,11,0,16 29 30,1,85,,143777,11,0,16 29 30,1,110,,143780,11,0,16 29 30,1,98,,143782,11,0,16 29 30,1,92,,143785,11,0,16 29 30,1,107,,143787,35,,,1,105,,143788,35,,,1,95,,143789,35,,,1,99,,143790,35,,,1,99,,143791,35,,,1,99,,143792,35,,,1,97,,143793,35,,,1,100,,143794,35,,,1,103,,143795,35,,,1
2100,'20260905',527,,240513,35,0,57 29 30,1,100,,240514,35,0,57 29 30,1,77,,240515,35,0,57 29 30,1,110,,240518,13,0,34 29 30,1,100,,240522,13,0,34 29 30,1,101,,240526,13,0,34 29 30,1,100,,240530,13,0,34 29 30,1,100,,240533,13,0,34 29 30,1,100,,240536,13,0,34 29 30,1,100,,240539,13,0,34 29 30,1,100,,240542,13,0,34 29 30,1,100,,240545,13,0,34 29 30,1,100,,240548,13,0,34 29 30,1,100,,240551,13,0,34 29 30,1,100,,240553,13,0,34 29 30,1,92,,240555,35,0,57 29 30,1,95,,240556,35,0,57 29 30,1,100,,240557,35,0,57 29 30,1,55,,240558,35,0,57 29 30,1,102,,240559,35,0,57 29 30,1,100,,240560,35,0,57 29 30,1
2100,'20260906',527,,240561,35,0,57 29 30,1,100,,240562,35,0,57 29 30,1,77,,240563,35,0,57 29 30,1,110,,240565,13,0,34 29 30,1,100,,240568,13,0,34 29 30,1,101,,240571,13,0,34 29 30,1,100,,240574,13,0,34 29 30,1,100,,240577,13,0,34 29 30,1,100,,240580,13,0,34 29 30,1,100,,240583,13,0,34 29 30,1,100,,240586,13,0,34 29 30,1,100,,240589,13,0,34 29 30,1,100,,240592,13,0,34 29 30,1,100,,240595,13,0,34 29 30,1,100,,240597,13,0,34 29 30,1,92,,240598,35,0,57 29 30,1,95,,240599,35,0,57 29 30,1,100,,240600,35,0,57 29 30,1,55,,240601,35,0,57 29 30,1,102,,240602,35,0,57 29 30,1,100,,240603,35,0,57 29 30,1
2100,'20260907',527,,240604,35,0,57 29 30,1,100,,240605,35,0,57 29 30,1,77,,240606,35,0,57 29 30,1,110,,240609,13,0,34 29 30,1,100,,240613,13,0,34 29 30,1,101,,240617,13,0,34 29 30,1,100,,240621,13,0,34 29 30,1,100,,240624,13,0,34 29 30,1,100,,240627,13,0,34 29 30,1,100,,240630,13,0,34 29 30,1,100,,240633,13,0,34 29 30,1,100,,240636,13,0,34 29 30,1,100,,240639,13,0,34 29 30,1,100,,240642,13,0,34 29 30,1,100,,240644,13,0,34 29 30,1,92,,240646,35,0,57 29 30,1,95,,240647,35,0,57 29 30,1,100,,240648,35,0,57 29 30,1,55,,240649,35,0,57 29 30,1,102,,240650,35,0,57 29 30,1,100,,240651,35,0,57 29 30,1
2100,'20260908',426,,240652,35,,,1,79,,240653,35,,,1,25,,240654,35,,,1,392,,240658,11,0,5 29 30,1,100,,240664,11,0,5 29 30,1,100,,240670,11,0,16 29 30,1,95,,240674,11,0,16 29 30,1,85,,240678,11,0,16 29 30,1,110,,240681,11,0,16 29 30,1,98,,240683,11,0,16 29 30,1,95,,240686,11,0,16 29 30,1,104,,240688,35,,,1,105,,240689,35,,,1,93,,240690,35,,,1,99,,240691,35,,,1,99,,240692,35,,,1,100,,240693,35,,,1,97,,240694,35,,,1,100,,240695,35,,,1,104,,240696,35,,,1
2100,'20260909',426,,240697,35,,,1,79,,240698,35,,,1,25,,240699,35,,,1,392,,240703,11,0,5 29 30,1,100,,240709,11,0,5 29 30,1,100,,240715,11,0,16 29 30,1,95,,240719,11,0,16 29 30,1,85,,240723,11,0,16 29 30,1,110,,240726,11,0,16 29 30,1,98,,240728,11,0,16 29 30,1,95,,240731,11,0,16 29 30,1,104,,240733,35,,,1,105,,240734,35,,,1,93,,240735,35,,,1,99,,240736,35,,,1,99,,240737,35,,,1,100,,240738,35,,,1,97,,240739,35,,,1,100,,240740,35,,,1,104,,240741,35,,,1
2100,'20260910',426,,240742,35,,,1,79,,240743,35,,,1,25,,240744,35,,,1,392,,240748,11,0,5 29 30,1,100,,240754,11,0,5 29 30,1,100,,240760,11,0,16 29 30,1,95,,240764,11,0,16 29 30,1,85,,240768,11,0,16 29 30,1,110,,240771,11,0,16 29 30,1,98,,240773,11,0,16 29 30,1,95,,240776,11,0,16 29 30,1,104,,240778,35,,,1,105,,240779,35,,,1,93,,240780,35,,,1,99,,240781,35,,,1,99,,240782,35,,,1,100,,240783,35,,,1,97,,240784,35,,,1,100,,240785,35,,,1,104,,240786,35,,,1
2100,'20260911',426,,240787,35,,,1,79,,240788,35,,,1,25,,240789,35,,,1,392,,240793,11,0,5 29 30,1,100,,240799,11,0,5 29 30,1,100,,240805,11,0,16 29 30,1,95,,240809,11,0,16 29 30,1,85,,240813,11,0,16 29 30,1,110,,240816,11,0,16 29 30,1,98,,240818,11,0,16 29 30,1,95,,240821,11,0,16 29 30,1,104,,240823,35,,,1,105,,240824,35,,,1,93,,240825,35,,,1,99,,240826,35,,,1,99,,240827,35,,,1,100,,240828,35,,,1,97,,240829,35,,,1,100,,240830,35,,,1,104,,240831,35,,,1
2100,'20260912',527,,240832,35,0,57 29 30,1,100,,240833,35,0,57 29 30,1,77,,240834,35,0,57 29 30,1,110,,240837,13,0,34 29 30,1,100,,240841,13,0,34 29 30,1,101,,240845,13,0,34 29 30,1,100,,240849,13,0,34 29 30,1,100,,240852,13,0,34 29 30,1,100,,240855,13,0,34 29 30,1,100,,240858,13,0,34 29 30,1,100,,240861,13,0,34 29 30,1,100,,240864,13,0,34 29 30,1,100,,240867,13,0,34 29 30,1,100,,240870,13,0,34 29 30,1,100,,240872,13,0,34 29 30,1,92,,240874,35,0,57 29 30,1,95,,240875,35,0,57 29 30,1,100,,240876,35,0,57 29 30,1,55,,240877,35,0,57 29 30,1,102,,240878,35,0,57 29 30,1,100,,240879,35,0,57 29 30,1
2100,'20260913',527,,240880,35,0,57 29 30,1,100,,240881,35,0,57 29 30,1,77,,240882,35,0,57 29 30,1,110,,240884,13,0,34 29 30,1,100,,240887,13,0,34 29 30,1,101,,240890,13,0,34 29 30,1,100,,240893,13,0,34 29 30,1,100,,240896,13,0,34 29 30,1,100,,240899,13,0,34 29 30,1,100,,240902,13,0,34 29 30,1,100,,240905,13,0,34 29 30,1,100,,240908,13,0,34 29 30,1,100,,240911,13,0,34 29 30,1,100,,240914,13,0,34 29 30,1,100,,240916,13,0,34 29 30,1,92,,240917,35,0,57 29 30,1,95,,240918,35,0,57 29 30,1,100,,240919,35,0,57 29 30,1,55,,240920,35,0,57 29 30,1,102,,240921,35,0,57 29 30,1,100,,240922,35,0,57 29 30,1
2100,'20260914',426,,240923,35,,,1,79,,240924,35,,,1,25,,240925,35,,,1,392,,240929,11,0,5 29 30,1,100,,240935,11,0,5 29 30,1,100,,240941,11,0,16 29 30,1,95,,240945,11,0,16 29 30,1,85,,240949,11,0,16 29 30,1,110,,240952,11,0,16 29 30,1,98,,240954,11,0,16 29 30,1,95,,240957,11,0,16 29 30,1,104,,240959,35,,,1,105,,240960,35,,,1,93,,240961,35,,,1,99,,240962,35,,,1,99,,240963,35,,,1,100,,240964,35,,,1,97,,240965,35,,,1,100,,240966,35,,,1,104,,240967,35,,,1
2100,'20260915',426,,240968,35,,,1,79,,240969,35,,,1,25,,240970,35,,,1,392,,240974,11,0,5 29 30,1,100,,240980,11,0,5 29 30,1,100,,240986,11,0,16 29 30,1,95,,240990,11,0,16 29 30,1,85,,240994,11,0,16 29 30,1,110,,240997,11,0,16 29 30,1,98,,240999,11,0,16 29 30,1,95,,241002,11,0,16 29 30,1,104,,241004,35,,,1,105,,241005,35,,,1,93,,241006,35,,,1,99,,241007,35,,,1,99,,241008,35,,,1,100,,241009,35,,,1,97,,241010,35,,,1,100,,241011,35,,,1,104,,241012,35,,,1
2100,'20260916',426,,241013,35,,,1,79,,241014,35,,,1,25,,241015,35,,,1,392,,241019,11,0,5 29 30,1,100,,241025,11,0,5 29 30,1,100,,241031,11,0,16 29 30,1,95,,241035,11,0,16 29 30,1,85,,241039,11,0,16 29 30,1,110,,241042,11,0,16 29 30,1,98,,241044,11,0,16 29 30,1,95,,241047,11,0,16 29 30,1,104,,241049,35,,,1,105,,241050,35,,,1,93,,241051,35,,,1,99,,241052,35,,,1,99,,241053,35,,,1,100,,241054,35,,,1,97,,241055,35,,,1,100,,241056,35,,,1,104,,241057,35,,,1
2100,'20260917',426,,241058,35,,,1,79,,241059,35,,,1,25,,241060,35,,,1,392,,241064,11,0,5 29 30,1,100,,241070,11,0,5 29 30,1,100,,241076,11,0,16 29 30,1,95,,241080,11,0,16 29 30,1,85,,241084,11,0,16 29 30,1,110,,241087,11,0,16 29 30,1,98,,241089,11,0,16 29 30,1,95,,241092,11,0,16 29 30,1,104,,241094,35,,,1,105,,241095,35,,,1,93,,241096,35,,,1,99,,241097,35,,,1,99,,241098,35,,,1,100,,241099,35,,,1,97,,241100,35,,,1,100,,241101,35,,,1,104,,241102,35,,,1
2100,'20260918',426,,241103,35,,,1,79,,241104,35,,,1,25,,241105,35,,,1,392,,241109,11,0,5 29 30,1,100,,241115,11,0,5 29 30,1,100,,241121,11,0,16 29 30,1,95,,241125,11,0,16 29 30,1,85,,241129,11,0,16 29 30,1,110,,241132,11,0,16 29 30,1,98,,241134,11,0,16 29 30,1,95,,241137,11,0,16 29 30,1,104,,241139,35,,,1,105,,241140,35,,,1,93,,241141,35,,,1,99,,241142,35,,,1,99,,241143,35,,,1,100,,241144,35,,,1,97,,241145,35,,,1,100,,241146,35,,,1,104,,241147,35,,,1
2100,'20260919',527,,241148,35,0,57 29 30,1,100,,241149,35,0,57 29 30,1,77,,241150,35,0,57 29 30,1,110,,241153,13,0,34 29 30,1,100,,241157,13,0,34 29 30,1,101,,241161,13,0,34 29 30,1,100,,241165,13,0,34 29 30,1,100,,241168,13,0,34 29 30,1,100,,241171,13,0,34 29 30,1,100,,241174,13,0,34 29 30,1,100,,241177,13,0,34 29 30,1,100,,241180,13,0,34 29 30,1,100,,241183,13,0,34 29 30,1,100,,241186,13,0,34 29 30,1,100,,241188,13,0,34 29 30,1,92,,241190,35,0,57 29 30,1,95,,241191,35,0,57 29 30,1,100,,241192,35,0,57 29 30,1,55,,241193,35,0,57 29 30,1,102,,241194,35,0,57 29 30,1,100,,241195,35,0,57 29 30,1
2100,'20260920',527,,241196,35,0,57 29 30,1,100,,241197,35,0,57 29 30,1,77,,241198,35,0,57 29 30,1,110,,241200,13,0,34 29 30,1,100,,241203,13,0,34 29 30,1,101,,241206,13,0,34 29 30,1,100,,241209,13,0,34 29 30,1,100,,241212,13,0,34 29 30,1,100,,241215,13,0,34 29 30,1,100,,241218,13,0,34 29 30,1,100,,241221,13,0,34 29 30,1,100,,241224,13,0,34 29 30,1,100,,241227,13,0,34 29 30,1,100,,241230,13,0,34 29 30,1,100,,241232,13,0,34 29 30,1,92,,241233,35,0,57 29 30,1,95,,241234,35,0,57 29 30,1,100,,241235,35,0,57 29 30,1,55,,241236,35,0,57 29 30,1,102,,241237,35,0,57 29 30,1,100,,241238,35,0,57 29 30,1
2100,'20260921',426,,241239,35,,,1,79,,241240,35,,,1,25,,241241,35,,,1,392,,241245,11,0,5 29 30,1,100,,241251,11,0,5 29 30,1,100,,241257,11,0,16 29 30,1,95,,241261,11,0,16 29 30,1,85,,241265,11,0,16 29 30,1,110,,241268,11,0,16 29 30,1,98,,241270,11,0,16 29 30,1,95,,241273,11,0,16 29 30,1,104,,241275,35,,,1,105,,241276,35,,,1,93,,241277,35,,,1,99,,241278,35,,,1,99,,241279,35,,,1,100,,241280,35,,,1,97,,241281,35,,,1,100,,241282,35,,,1,104,,241283,35,,,1
2100,'20260922',426,,241284,35,,,1,79,,241285,35,,,1,25,,241286,35,,,1,392,,241290,11,0,5 29 30,1,100,,241296,11,0,5 29 30,1,100,,241302,11,0,16 29 30,1,95,,241306,11,0,16 29 30,1,85,,241310,11,0,16 29 30,1,110,,241313,11,0,16 29 30,1,98,,241315,11,0,16 29 30,1,95,,241318,11,0,16 29 30,1,104,,241320,35,,,1,105,,241321,35,,,1,93,,241322,35,,,1,99,,241323,35,,,1,99,,241324,35,,,1,100,,241325,35,,,1,97,,241326,35,,,1,100,,241327,35,,,1,104,,241328,35,,,1
2100,'20260923',426,,241329,35,,,1,79,,241330,35,,,1,25,,241331,35,,,1,392,,241335,11,0,5 29 30,1,100,,241341,11,0,5 29 30,1,100,,241347,11,0,16 29 30,1,95,,241351,11,0,16 29 30,1,85,,241355,11,0,16 29 30,1,110,,241358,11,0,16 29 30,1,98,,241360,11,0,16 29 30,1,95,,241363,11,0,16 29 30,1,104,,241365,35,,,1,105,,241366,35,,,1,93,,241367,35,,,1,99,,241368,35,,,1,99,,241369,35,,,1,100,,241370,35,,,1,97,,241371,35,,,1,100,,241372,35,,,1,104,,241373,35,,,1
2100,'20260924',426,,241374,35,,,1,79,,241375,35,,,1,25,,241376,35,,,1,392,,241380,11,0,5 29 30,1,100,,241386,11,0,5 29 30,1,100,,241392,11,0,16 29 30,1,95,,241396,11,0,16 29 30,1,85,,241400,11,0,16 29 30,1,110,,241403,11,0,16 29 30,1,98,,241405,11,0,16 29 30,1,95,,241408,11,0,16 29 30,1,104,,241410,35,,,1,105,,241411,35,,,1,93,,241412,35,,,1,99,,241413,35,,,1,99,,241414,35,,,1,100,,241415,35,,,1,97,,241416,35,,,1,100,,241417,35,,,1,104,,241418,35,,,1
2100,'20260925',426,,241419,35,,,1,79,,241420,35,,,1,25,,241421,35,,,1,392,,241425,11,0,5 29 30,1,100,,241431,11,0,5 29 30,1,100,,241437,11,0,16 29 30,1,95,,241441,11,0,16 29 30,1,85,,241445,11,0,16 29 30,1,110,,241448,11,0,16 29 30,1,98,,241450,11,0,16 29 30,1,95,,241453,11,0,16 29 30,1,104,,241455,35,,,1,105,,241456,35,,,1,93,,241457,35,,,1,99,,241458,35,,,1,99,,241459,35,,,1,100,,241460,35,,,1,97,,241461,35,,,1,100,,241462,35,,,1,104,,241463,35,,,1
2100,'20260926',527,,241464,35,0,57 29 30,1,100,,241465,35,0,57 29 30,1,77,,241466,35,0,57 29 30,1,110,,241469,13,0,34 29 30,1,100,,241473,13,0,34 29 30,1,101,,241477,13,0,34 29 30,1,100,,241481,13,0,34 29 30,1,100,,241484,13,0,34 29 30,1,100,,241487,13,0,34 29 30,1,100,,241490,13,0,34 29 30,1,100,,241493,13,0,34 29 30,1,100,,241496,13,0,34 29 30,1,100,,241499,13,0,34 29 30,1,100,,241502,13,0,34 29 30,1,100,,241504,13,0,34 29 30,1,92,,241506,35,0,57 29 30,1,95,,241507,35,0,57 29 30,1,100,,241508,35,0,57 29 30,1,55,,241509,35,0,57 29 30,1,102,,241510,35,0,57 29 30,1,100,,241511,35,0,57 29 30,1
2100,'20260927',527,,241512,35,0,57 29 30,1,100,,241513,35,0,57 29 30,1,77,,241514,35,0,57 29 30,1,110,,241516,13,0,34 29 30,1,100,,241519,13,0,34 29 30,1,101,,241522,13,0,34 29 30,1,100,,241525,13,0,34 29 30,1,100,,241528,13,0,34 29 30,1,100,,241531,13,0,34 29 30,1,100,,241534,13,0,34 29 30,1,100,,241537,13,0,34 29 30,1,100,,241540,13,0,34 29 30,1,100,,241543,13,0,34 29 30,1,100,,241546,13,0,34 29 30,1,100,,241548,13,0,34 29 30,1,92,,241549,35,0,57 29 30,1,95,,241550,35,0,57 29 30,1,100,,241551,35,0,57 29 30,1,55,,241552,35,0,57 29 30,1,102,,241553,35,0,57 29 30,1,100,,241554,35,0,57 29 30,1
2100,'20260928',426,,241555,35,,,1,79,,241556,35,,,1,25,,241557,35,,,1,392,,241561,11,0,5 29 30,1,100,,241567,11,0,5 29 30,1,100,,241573,11,0,16 29 30,1,95,,241577,11,0,16 29 30,1,85,,241581,11,0,16 29 30,1,110,,241584,11,0,16 29 30,1,98,,241586,11,0,16 29 30,1,95,,241589,11,0,16 29 30,1,104,,241591,35,,,1,105,,241592,35,,,1,93,,241593,35,,,1,99,,241594,35,,,1,99,,241595,35,,,1,100,,241596,35,,,1,97,,241597,35,,,1,100,,241598,35,,,1,104,,241599,35,,,1
2100,'20260929',426,,241600,35,,,1,79,,241601,35,,,1,25,,241602,35,,,1,392,,241606,11,0,5 29 30,1,100,,241612,11,0,5 29 30,1,100,,241618,11,0,16 29 30,1,95,,241622,11,0,16 29 30,1,85,,241626,11,0,16 29 30,1,110,,241629,11,0,16 29 30,1,98,,241631,11,0,16 29 30,1,95,,241634,11,0,16 29 30,1,104,,241636,35,,,1,105,,241637,35,,,1,93,,241638,35,,,1,99,,241639,35,,,1,99,,241640,35,,,1,100,,241641,35,,,1,97,,241642,35,,,1,100,,241643,35,,,1,104,,241644,35,,,1
2100,'20260930',426,,241645,35,,,1,79,,241646,35,,,1,25,,241647,35,,,1,392,,241651,11,0,5 29 30,1,100,,241657,11,0,5 29 30,1,100,,241663,11,0,16 29 30,1,95,,241667,11,0,16 29 30,1,85,,241671,11,0,16 29 30,1,110,,241674,11,0,16 29 30,1,98,,241676,11,0,16 29 30,1,95,,241679,11,0,16 29 30,1,104,,241681,35,,,1,105,,241682,35,,,1,93,,241683,35,,,1,99,,241684,35,,,1,99,,241685,35,,,1,100,,241686,35,,,1,97,,241687,35,,,1,100,,241688,35,,,1,104,,241689,35,,,1
2100,'20261001',426,,241690,35,,,1,79,,241691,35,,,1,25,,241692,35,,,1,392,,241696,11,0,5 29 30,1,100,,241702,11,0,5 29 30,1,100,,241708,11,0,16 29 30,1,95,,241712,11,0,16 29 30,1,85,,241716,11,0,16 29 30,1,110,,241719,11,0,16 29 30,1,98,,241721,11,0,16 29 30,1,95,,241724,11,0,16 29 30,1,104,,241726,35,,,1,105,,241727,35,,,1,93,,241728,35,,,1,99,,241729,35,,,1,99,,241730,35,,,1,100,,241731,35,,,1,97,,241732,35,,,1,100,,241733,35,,,1,104,,241734,35,,,1
2100,'20261002',426,,241735,35,,,1,79,,241736,35,,,1,25,,241737,35,,,1,392,,241741,11,0,5 29 30,1,100,,241747,11,0,5 29 30,1,100,,241753,11,0,16 29 30,1,95,,241757,11,0,16 29 30,1,85,,241761,11,0,16 29 30,1,110,,241764,11,0,16 29 30,1,98,,241766,11,0,16 29 30,1,95,,241769,11,0,16 29 30,1,104,,241771,35,,,1,105,,241772,35,,,1,93,,241773,35,,,1,99,,241774,35,,,1,99,,241775,35,,,1,100,,241776,35,,,1,97,,241777,35,,,1,100,,241778,35,,,1,104,,241779,35,,,1
2100,'20261003',527,,241780,35,0,57 29 30,1,100,,241781,35,0,57 29 30,1,77,,241782,35,0,57 29 30,1,110,,241785,13,0,34 29 30,1,100,,241789,13,0,34 29 30,1,101,,241793,13,0,34 29 30,1,100,,241797,13,0,34 29 30,1,100,,241800,13,0,34 29 30,1,100,,241803,13,0,34 29 30,1,100,,241806,13,0,34 29 30,1,100,,241809,13,0,34 29 30,1,100,,241812,13,0,34 29 30,1,100,,241815,13,0,34 29 30,1,100,,241818,13,0,34 29 30,1,100,,241820,13,0,34 29 30,1,92,,241822,35,0,57 29 30,1,95,,241823,35,0,57 29 30,1,100,,241824,35,0,57 29 30,1,55,,241825,35,0,57 29 30,1,102,,241826,35,0,57 29 30,1,100,,241827,35,0,57 29 30,1
2100,'20261004',527,,241828,35,0,57 29 30,1,100,,241829,35,0,57 29 30,1,77,,241830,35,0,57 29 30,1,110,,241832,13,0,34 29 30,1,100,,241835,13,0,34 29 30,1,101,,241838,13,0,34 29 30,1,100,,241841,13,0,34 29 30,1,100,,241844,13,0,34 29 30,1,100,,241847,13,0,34 29 30,1,100,,241850,13,0,34 29 30,1,100,,241853,13,0,34 29 30,1,100,,241856,13,0,34 29 30,1,100,,241859,13,0,34 29 30,1,100,,241862,13,0,34 29 30,1,100,,241864,13,0,34 29 30,1,92,,241865,35,0,57 29 30,1,95,,241866,35,0,57 29 30,1,100,,241867,35,0,57 29 30,1,55,,241868,35,0,57 29 30,1,102,,241869,35,0,57 29 30,1,100,,241870,35,0,57 29 30,1
2100,'20261005',426,,241871,35,,,1,79,,241872,35,,,1,25,,241873,35,,,1,392,,241877,11,0,5 29 30,1,100,,241883,11,0,5 29 30,1,100,,241889,11,0,16 29 30,1,95,,241893,11,0,16 29 30,1,85,,241897,11,0,16 29 30,1,110,,241900,11,0,16 29 30,1,98,,241902,11,0,16 29 30,1,95,,241905,11,0,16 29 30,1,104,,241907,35,,,1,105,,241908,35,,,1,93,,241909,35,,,1,99,,241910,35,,,1,99,,241911,35,,,1,100,,241912,35,,,1,97,,241913,35,,,1,100,,241914,35,,,1,104,,241915,35,,,1
2100,'20261006',426,,241916,35,,,1,79,,241917,35,,,1,25,,241918,35,,,1,392,,241922,11,0,5 29 30,1,100,,241928,11,0,5 29 30,1,100,,241934,11,0,16 29 30,1,95,,241938,11,0,16 29 30,1,85,,241942,11,0,16 29 30,1,110,,241945,11,0,16 29 30,1,98,,241947,11,0,16 29 30,1,95,,241950,11,0,16 29 30,1,104,,241952,35,,,1,105,,241953,35,,,1,93,,241954,35,,,1,99,,241955,35,,,1,99,,241956,35,,,1,100,,241957,35,,,1,97,,241958,35,,,1,100,,241959,35,,,1,104,,241960,35,,,1
2100,'20261007',426,,241961,35,,,1,79,,241962,35,,,1,25,,241963,35,,,1,392,,241967,11,0,5 29 30,1,100,,241973,11,0,5 29 30,1,100,,241979,11,0,16 29 30,1,95,,241983,11,0,16 29 30,1,85,,241987,11,0,16 29 30,1,110,,241990,11,0,16 29 30,1,98,,241992,11,0,16 29 30,1,95,,241995,11,0,16 29 30,1,104,,241997,35,,,1,105,,241998,35,,,1,93,,241999,35,,,1,99,,242000,35,,,1,99,,242001,35,,,1,100,,242002,35,,,1,97,,242003,35,,,1,100,,242004,35,,,1,104,,242005,35,,,1
2100,'20261008',426,,242006,35,,,1,79,,242007,35,,,1,25,,242008,35,,,1,392,,242012,11,0,5 29 30,1,100,,242018,11,0,5 29 30,1,100,,242024,11,0,16 29 30,1,95,,242028,11,0,16 29 30,1,85,,242032,11,0,16 29 30,1,110,,242035,11,0,16 29 30,1,98,,242037,11,0,16 29 30,1,95,,242040,11,0,16 29 30,1,104,,242042,35,,,1,105,,242043,35,,,1,93,,242044,35,,,1,99,,242045,35,,,1,99,,242046,35,,,1,100,,242047,35,,,1,97,,242048,35,,,1,100,,242049,35,,,1,104,,242050,35,,,1
2100,'20261009',426,,242051,35,,,1,79,,242052,35,,,1,25,,242053,35,,,1,392,,242057,11,0,5 29 30,1,100,,242063,11,0,5 29 30,1,100,,242069,11,0,16 29 30,1,95,,242073,11,0,16 29 30,1,85,,242077,11,0,16 29 30,1,110,,242080,11,0,16 29 30,1,98,,242082,11,0,16 29 30,1,95,,242085,11,0,16 29 30,1,104,,242087,35,,,1,105,,242088,35,,,1,93,,242089,35,,,1,99,,242090,35,,,1,99,,242091,35,,,1,100,,242092,35,,,1,97,,242093,35,,,1,100,,242094,35,,,1,104,,242095,35,,,1
2100,'20261010',527,,242096,35,0,57 29 30,1,100,,242097,35,0,57 29 30,1,77,,242098,35,0,57 29 30,1,110,,242101,13,0,34 29 30,1,100,,242105,13,0,34 29 30,1,101,,242109,13,0,34 29 30,1,100,,242113,13,0,34 29 30,1,100,,242116,13,0,34 29 30,1,100,,242119,13,0,34 29 30,1,100,,242122,13,0,34 29 30,1,100,,242125,13,0,34 29 30,1,100,,242128,13,0,34 29 30,1,100,,242131,13,0,34 29 30,1,100,,242134,13,0,34 29 30,1,100,,242136,13,0,34 29 30,1,92,,242138,35,0,57 29 30,1,95,,242139,35,0,57 29 30,1,100,,242140,35,0,57 29 30,1,55,,242141,35,0,57 29 30,1,102,,242142,35,0,57 29 30,1,100,,242143,35,0,57 29 30,1
2100,'20261011',527,,242144,35,0,57 29 30,1,100,,242145,35,0,57 29 30,1,77,,242146,35,0,57 29 30,1,110,,242148,13,0,34 29 30,1,100,,242151,13,0,34 29 30,1,101,,242154,13,0,34 29 30,1,100,,242157,13,0,34 29 30,1,100,,242160,13,0,34 29 30,1,100,,242163,13,0,34 29 30,1,100,,242166,13,0,34 29 30,1,100,,242169,13,0,34 29 30,1,100,,242172,13,0,34 29 30,1,100,,242175,13,0,34 29 30,1,100,,242178,13,0,34 29 30,1,100,,242180,13,0,34 29 30,1,92,,242181,35,0,57 29 30,1,95,,242182,35,0,57 29 30,1,100,,242183,35,0,57 29 30,1,55,,242184,35,0,57 29 30,1,102,,242185,35,0,57 29 30,1,100,,242186,35,0,57 29 30,1
2100,'20261012',527,,242187,35,0,57 29 30,1,100,,242188,35,0,57 29 30,1,77,,242189,35,0,57 29 30,1,110,,242192,13,0,34 29 30,1,100,,242196,13,0,34 29 30,1,101,,242200,13,0,34 29 30,1,100,,242204,13,0,34 29 30,1,100,,242207,13,0,34 29 30,1,100,,242210,13,0,34 29 30,1,100,,242213,13,0,34 29 30,1,100,,242216,13,0,34 29 30,1,100,,242219,13,0,34 29 30,1,100,,242222,13,0,34 29 30,1,100,,242225,13,0,34 29 30,1,100,,242227,13,0,34 29 30,1,92,,242229,35,0,57 29 30,1,95,,242230,35,0,57 29 30,1,100,,242231,35,0,57 29 30,1,55,,242232,35,0,57 29 30,1,102,,242233,35,0,57 29 30,1,100,,242234,35,0,57 29 30,1
2100,'20261013',426,,242235,35,,,1,79,,242236,35,,,1,25,,242237,35,,,1,392,,242241,11,0,5 29 30,1,100,,242247,11,0,5 29 30,1,100,,242253,11,0,16 29 30,1,95,,242257,11,0,16 29 30,1,85,,242261,11,0,16 29 30,1,110,,242264,11,0,16 29 30,1,98,,242266,11,0,16 29 30,1,95,,242269,11,0,16 29 30,1,104,,242271,35,,,1,105,,242272,35,,,1,93,,242273,35,,,1,99,,242274,35,,,1,99,,242275,35,,,1,100,,242276,35,,,1,97,,242277,35,,,1,100,,242278,35,,,1,104,,242279,35,,,1
2100,'20261014',426,,242280,35,,,1,79,,242281,35,,,1,25,,242282,35,,,1,392,,242286,11,0,5 29 30,1,100,,242292,11,0,5 29 30,1,100,,242298,11,0,16 29 30,1,95,,242302,11,0,16 29 30,1,85,,242306,11,0,16 29 30,1,110,,242309,11,0,16 29 30,1,98,,242311,11,0,16 29 30,1,95,,242314,11,0,16 29 30,1,104,,242316,35,,,1,105,,242317,35,,,1,93,,242318,35,,,1,99,,242319,35,,,1,99,,242320,35,,,1,100,,242321,35,,,1,97,,242322,35,,,1,100,,242323,35,,,1,104,,242324,35,,,1
2100,'20261015',426,,242325,35,,,1,79,,242326,35,,,1,25,,242327,35,,,1,392,,242331,11,0,5 29 30,1,100,,242337,11,0,5 29 30,1,100,,242343,11,0,16 29 30,1,95,,242347,11,0,16 29 30,1,85,,242351,11,0,16 29 30,1,110,,242354,11,0,16 29 30,1,98,,242356,11,0,16 29 30,1,95,,242359,11,0,16 29 30,1,104,,242361,35,,,1,105,,242362,35,,,1,93,,242363,35,,,1,99,,242364,35,,,1,99,,242365,35,,,1,100,,242366,35,,,1,97,,242367,35,,,1,100,,242368,35,,,1,104,,242369,35,,,1
2100,'20261016',426,,242370,35,,,1,79,,242371,35,,,1,25,,242372,35,,,1,392,,242376,11,0,5 29 30,1,100,,242382,11,0,5 29 30,1,100,,242388,11,0,16 29 30,1,95,,242392,11,0,16 29 30,1,85,,242396,11,0,16 29 30,1,110,,242399,11,0,16 29 30,1,98,,242401,11,0,16 29 30,1,95,,242404,11,0,16 29 30,1,104,,242406,35,,,1,105,,242407,35,,,1,93,,242408,35,,,1,99,,242409,35,,,1,99,,242410,35,,,1,100,,242411,35,,,1,97,,242412,35,,,1,100,,242413,35,,,1,104,,242414,35,,,1
2100,'20261017',527,,242415,35,0,57 29 30,1,100,,242416,35,0,57 29 30,1,77,,242417,35,0,57 29 30,1,110,,242420,13,0,34 29 30,1,100,,242424,13,0,34 29 30,1,101,,242428,13,0,34 29 30,1,100,,242432,13,0,34 29 30,1,100,,242435,13,0,34 29 30,1,100,,242438,13,0,34 29 30,1,100,,242441,13,0,34 29 30,1,100,,242444,13,0,34 29 30,1,100,,242447,13,0,34 29 30,1,100,,242450,13,0,34 29 30,1,100,,242453,13,0,34 29 30,1,100,,242455,13,0,34 29 30,1,92,,242457,35,0,57 29 30,1,95,,242458,35,0,57 29 30,1,100,,242459,35,0,57 29 30,1,55,,242460,35,0,57 29 30,1,102,,242461,35,0,57 29 30,1,100,,242462,35,0,57 29 30,1
2100,'20261018',527,,242463,35,0,57 29 30,1,100,,242464,35,0,57 29 30,1,77,,242465,35,0,57 29 30,1,110,,242467,13,0,34 29 30,1,100,,242470,13,0,34 29 30,1,101,,242473,13,0,34 29 30,1,100,,242476,13,0,34 29 30,1,100,,242479,13,0,34 29 30,1,100,,242482,13,0,34 29 30,1,100,,242485,13,0,34 29 30,1,100,,242488,13,0,34 29 30,1,100,,242491,13,0,34 29 30,1,100,,242494,13,0,34 29 30,1,100,,242497,13,0,34 29 30,1,100,,242499,13,0,34 29 30,1,92,,242500,35,0,57 29 30,1,95,,242501,35,0,57 29 30,1,100,,242502,35,0,57 29 30,1,55,,242503,35,0,57 29 30,1,102,,242504,35,0,57 29 30,1,100,,242505,35,0,57 29 30,1
2100,'20261019',426,,242506,35,,,1,79,,242507,35,,,1,25,,242508,35,,,1,392,,242512,11,0,5 29 30,1,100,,242518,11,0,5 29 30,1,100,,242524,11,0,16 29 30,1,95,,242528,11,0,16 29 30,1,85,,242532,11,0,16 29 30,1,110,,242535,11,0,16 29 30,1,98,,242537,11,0,16 29 30,1,95,,242540,11,0,16 29 30,1,104,,242542,35,,,1,105,,242543,35,,,1,93,,242544,35,,,1,99,,242545,35,,,1,99,,242546,35,,,1,100,,242547,35,,,1,97,,242548,35,,,1,100,,242549,35,,,1,104,,242550,35,,,1
2100,'20261020',426,,242551,35,,,1,79,,242552,35,,,1,25,,242553,35,,,1,392,,242557,11,0,5 29 30,1,100,,242563,11,0,5 29 30,1,100,,242569,11,0,16 29 30,1,95,,242573,11,0,16 29 30,1,85,,242577,11,0,16 29 30,1,110,,242580,11,0,16 29 30,1,98,,242582,11,0,16 29 30,1,95,,242585,11,0,16 29 30,1,104,,242587,35,,,1,105,,242588,35,,,1,93,,242589,35,,,1,99,,242590,35,,,1,99,,242591,35,,,1,100,,242592,35,,,1,97,,242593,35,,,1,100,,242594,35,,,1,104,,242595,35,,,1
2100,'20261021',426,,242596,35,,,1,79,,242597,35,,,1,25,,242598,35,,,1,392,,242602,11,0,5 29 30,1,100,,242608,11,0,5 29 30,1,100,,242614,11,0,16 29 30,1,95,,242618,11,0,16 29 30,1,85,,242622,11,0,16 29 30,1,110,,242625,11,0,16 29 30,1,98,,242627,11,0,16 29 30,1,95,,242630,11,0,16 29 30,1,104,,242632,35,,,1,105,,242633,35,,,1,93,,242634,35,,,1,99,,242635,35,,,1,99,,242636,35,,,1,100,,242637,35,,,1,97,,242638,35,,,1,100,,242639,35,,,1,104,,242640,35,,,1
2100,'20261022',426,,242641,35,,,1,79,,242642,35,,,1,25,,242643,35,,,1,392,,242647,11,0,5 29 30,1,100,,242653,11,0,5 29 30,1,100,,242659,11,0,16 29 30,1,95,,242663,11,0,16 29 30,1,85,,242667,11,0,16 29 30,1,110,,242670,11,0,16 29 30,1,98,,242672,11,0,16 29 30,1,95,,242675,11,0,16 29 30,1,104,,242677,35,,,1,105,,242678,35,,,1,93,,242679,35,,,1,99,,242680,35,,,1,99,,242681,35,,,1,100,,242682,35,,,1,97,,242683,35,,,1,100,,242684,35,,,1,104,,242685,35,,,1
2100,'20261023',426,,242686,35,,,1,79,,242687,35,,,1,25,,242688,35,,,1,392,,242692,11,0,5 29 30,1,100,,242698,11,0,5 29 30,1,100,,242704,11,0,16 29 30,1,95,,242708,11,0,16 29 30,1,85,,242712,11,0,16 29 30,1,110,,242715,11,0,16 29 30,1,98,,242717,11,0,16 29 30,1,95,,242720,11,0,16 29 30,1,104,,242722,35,,,1,105,,242723,35,,,1,93,,242724,35,,,1,99,,242725,35,,,1,99,,242726,35,,,1,100,,242727,35,,,1,97,,242728,35,,,1,100,,242729,35,,,1,104,,242730,35,,,1
2100,'20261024',527,,242731,35,0,57 29 30,1,100,,242732,35,0,57 29 30,1,77,,242733,35,0,57 29 30,1,110,,242736,13,0,34 29 30,1,100,,242740,13,0,34 29 30,1,101,,242744,13,0,34 29 30,1,100,,242748,13,0,34 29 30,1,100,,242751,13,0,34 29 30,1,100,,242754,13,0,34 29 30,1,100,,242757,13,0,34 29 30,1,100,,242760,13,0,34 29 30,1,100,,242763,13,0,34 29 30,1,100,,242766,13,0,34 29 30,1,100,,242769,13,0,34 29 30,1,100,,242771,13,0,34 29 30,1,92,,242773,35,0,57 29 30,1,95,,242774,35,0,57 29 30,1,100,,242775,35,0,57 29 30,1,55,,242776,35,0,57 29 30,1,102,,242777,35,0,57 29 30,1,100,,242778,35,0,57 29 30,1
2100,'20261025',527,,242779,35,0,57 29 30,1,100,,242780,35,0,57 29 30,1,77,,242781,35,0,57 29 30,1,110,,242783,13,0,34 29 30,1,100,,242786,13,0,34 29 30,1,101,,242789,13,0,34 29 30,1,100,,242792,13,0,34 29 30,1,100,,242795,13,0,34 29 30,1,100,,242798,13,0,34 29 30,1,100,,242801,13,0,34 29 30,1,100,,242804,13,0,34 29 30,1,100,,242807,13,0,34 29 30,1,100,,242810,13,0,34 29 30,1,100,,242813,13,0,34 29 30,1,100,,242815,13,0,34 29 30,1,92,,242816,35,0,57 29 30,1,95,,242817,35,0,57 29 30,1,100,,242818,35,0,57 29 30,1,55,,242819,35,0,57 29 30,1,102,,242820,35,0,57 29 30,1,100,,242821,35,0,57 29 30,1
2100,'20261026',426,,242822,35,,,1,79,,242823,35,,,1,25,,242824,35,,,1,392,,242828,11,0,5 29 30,1,100,,242834,11,0,5 29 30,1,100,,242840,11,0,16 29 30,1,95,,242844,11,0,16 29 30,1,85,,242848,11,0,16 29 30,1,110,,242851,11,0,16 29 30,1,98,,242853,11,0,16 29 30,1,95,,242856,11,0,16 29 30,1,104,,242858,35,,,1,105,,242859,35,,,1,93,,242860,35,,,1,99,,242861,35,,,1,99,,242862,35,,,1,100,,242863,35,,,1,97,,242864,35,,,1,100,,242865,35,,,1,104,,242866,35,,,1
2100,'20261027',426,,242867,35,,,1,79,,242868,35,,,1,25,,242869,35,,,1,392,,242873,11,0,5 29 30,1,100,,242879,11,0,5 29 30,1,100,,242885,11,0,16 29 30,1,95,,242889,11,0,16 29 30,1,85,,242893,11,0,16 29 30,1,110,,242896,11,0,16 29 30,1,98,,242898,11,0,16 29 30,1,95,,242901,11,0,16 29 30,1,104,,242903,35,,,1,105,,242904,35,,,1,93,,242905,35,,,1,99,,242906,35,,,1,99,,242907,35,,,1,100,,242908,35,,,1,97,,242909,35,,,1,100,,242910,35,,,1,104,,242911,35,,,1
2100,'20261028',426,,242912,35,,,1,79,,242913,35,,,1,25,,242914,35,,,1,392,,242918,11,0,5 29 30,1,100,,242924,11,0,5 29 30,1,100,,242930,11,0,16 29 30,1,95,,242934,11,0,16 29 30,1,85,,242938,11,0,16 29 30,1,110,,242941,11,0,16 29 30,1,98,,242943,11,0,16 29 30,1,95,,242946,11,0,16 29 30,1,104,,242948,35,,,1,105,,242949,35,,,1,93,,242950,35,,,1,99,,242951,35,,,1,99,,242952,35,,,1,100,,242953,35,,,1,97,,242954,35,,,1,100,,242955,35,,,1,104,,242956,35,,,1
2100,'20261029',426,,242957,35,,,1,79,,242958,35,,,1,25,,242959,35,,,1,392,,242963,11,0,5 29 30,1,100,,242969,11,0,5 29 30,1,100,,242975,11,0,16 29 30,1,95,,242979,11,0,16 29 30,1,85,,242983,11,0,16 29 30,1,110,,242986,11,0,16 29 30,1,98,,242988,11,0,16 29 30,1,95,,242991,11,0,16 29 30,1,104,,242993,35,,,1,105,,242994,35,,,1,93,,242995,35,,,1,99,,242996,35,,,1,99,,242997,35,,,1,100,,242998,35,,,1,97,,242999,35,,,1,100,,243000,35,,,1,104,,243001,35,,,1
2100,'20261030',426,,243002,35,,,1,79,,243003,35,,,1,25,,243004,35,,,1,392,,243008,11,0,5 29 30,1,100,,243014,11,0,5 29 30,1,100,,243020,11,0,16 29 30,1,95,,243024,11,0,16 29 30,1,85,,243028,11,0,16 29 30,1,110,,243031,11,0,16 29 30,1,98,,243033,11,0,16 29 30,1,95,,243036,11,0,16 29 30,1,104,,243038,35,,,1,105,,243039,35,,,1,93,,243040,35,,,1,99,,243041,35,,,1,99,,243042,35,,,1,100,,243043,35,,,1,97,,243044,35,,,1,100,,243045,35,,,1,104,,243046,35,,,1
2100,'20261031',527,,243047,35,0,57 29 30,1,100,,243048,35,0,57 29 30,1,77,,243049,35,0,57 29 30,1,110,,243052,13,0,34 29 30,1,100,,243056,13,0,34 29 30,1,101,,243060,13,0,34 29 30,1,100,,243064,13,0,34 29 30,1,100,,243067,13,0,34 29 30,1,100,,243070,13,0,34 29 30,1,100,,243073,13,0,34 29 30,1,100,,243076,13,0,34 29 30,1,100,,243079,13,0,34 29 30,1,100,,243082,13,0,34 29 30,1,100,,243085,13,0,34 29 30,1,100,,243087,13,0,34 29 30,1,92,,243089,35,0,57 29 30,1,95,,243090,35,0,57 29 30,1,100,,243091,35,0,57 29 30,1,55,,243092,35,0,57 29 30,1,102,,243093,35,0,57 29 30,1,100,,243094,35,0,57 29 30,1
2100,'20261101',527,,243095,35,0,57 29 30,1,100,,243096,35,0,57 29 30,1,77,,243097,35,0,57 29 30,1,110,,243099,13,0,34 29 30,1,100,,243102,13,0,34 29 30,1,101,,243105,13,0,34 29 30,1,100,,243108,13,0,34 29 30,1,100,,243111,13,0,34 29 30,1,100,,243114,13,0,34 29 30,1,100,,243117,13,0,34 29 30,1,100,,243120,13,0,34 29 30,1,100,,243123,13,0,34 29 30,1,100,,243126,13,0,34 29 30,1,100,,243129,13,0,34 29 30,1,100,,243131,13,0,34 29 30,1,92,,243132,35,0,57 29 30,1,95,,243133,35,0,57 29 30,1,100,,243134,35,0,57 29 30,1,55,,243135,35,0,57 29 30,1,102,,243136,35,0,57 29 30,1,100,,243137,35,0,57 29 30,1
2100,'20261102',426,,243138,35,,,1,79,,243139,35,,,1,25,,243140,35,,,1,392,,243144,11,0,5 29 30,1,100,,243150,11,0,5 29 30,1,100,,243156,11,0,16 29 30,1,95,,243160,11,0,16 29 30,1,85,,243164,11,0,16 29 30,1,110,,243167,11,0,16 29 30,1,98,,243169,11,0,16 29 30,1,95,,243172,11,0,16 29 30,1,104,,243174,35,,,1,105,,243175,35,,,1,93,,243176,35,,,1,99,,243177,35,,,1,99,,243178,35,,,1,100,,243179,35,,,1,97,,243180,35,,,1,100,,243181,35,,,1,104,,243182,35,,,1
2100,'20261103',426,,243183,35,,,1,79,,243184,35,,,1,25,,243185,35,,,1,392,,243189,11,0,5 29 30,1,100,,243195,11,0,5 29 30,1,100,,243201,11,0,16 29 30,1,95,,243205,11,0,16 29 30,1,85,,243209,11,0,16 29 30,1,110,,243212,11,0,16 29 30,1,98,,243214,11,0,16 29 30,1,95,,243217,11,0,16 29 30,1,104,,243219,35,,,1,105,,243220,35,,,1,93,,243221,35,,,1,99,,243222,35,,,1,99,,243223,35,,,1,100,,243224,35,,,1,97,,243225,35,,,1,100,,243226,35,,,1,104,,243227,35,,,1
2100,'20261104',426,,243228,35,,,1,79,,243229,35,,,1,25,,243230,35,,,1,392,,243234,11,0,5 29 30,1,100,,243240,11,0,5 29 30,1,100,,243246,11,0,16 29 30,1,95,,243250,11,0,16 29 30,1,85,,243254,11,0,16 29 30,1,110,,243257,11,0,16 29 30,1,98,,243259,11,0,16 29 30,1,95,,243262,11,0,16 29 30,1,104,,243264,35,,,1,105,,243265,35,,,1,93,,243266,35,,,1,99,,243267,35,,,1,99,,243268,35,,,1,100,,243269,35,,,1,97,,243270,35,,,1,100,,243271,35,,,1,104,,243272,35,,,1
2100,'20261105',426,,243273,35,,,1,79,,243274,35,,,1,25,,243275,35,,,1,392,,243279,11,0,5 29 30,1,100,,243285,11,0,5 29 30,1,100,,243291,11,0,16 29 30,1,95,,243295,11,0,16 29 30,1,85,,243299,11,0,16 29 30,1,110,,243302,11,0,16 29 30,1,98,,243304,11,0,16 29 30,1,95,,243307,11,0,16 29 30,1,104,,243309,35,,,1,105,,243310,35,,,1,93,,243311,35,,,1,99,,243312,35,,,1,99,,243313,35,,,1,100,,243314,35,,,1,97,,243315,35,,,1,100,,243316,35,,,1,104,,243317,35,,,1
2100,'20261106',426,,243318,35,,,1,79,,243319,35,,,1,25,,243320,35,,,1,392,,243324,11,0,5 29 30,1,100,,243330,11,0,5 29 30,1,100,,243336,11,0,16 29 30,1,95,,243340,11,0,16 29 30,1,85,,243344,11,0,16 29 30,1,110,,243347,11,0,16 29 30,1,98,,243349,11,0,16 29 30,1,95,,243352,11,0,16 29 30,1,104,,243354,35,,,1,105,,243355,35,,,1,93,,243356,35,,,1,99,,243357,35,,,1,99,,243358,35,,,1,100,,243359,35,,,1,97,,243360,35,,,1,100,,243361,35,,,1,104,,243362,35,,,1
2100,'20261107',527,,243363,35,0,57 29 30,1,100,,243364,35,0,57 29 30,1,77,,243365,35,0,57 29 30,1,110,,243368,13,0,34 29 30,1,100,,243372,13,0,34 29 30,1,101,,243376,13,0,34 29 30,1,100,,243380,13,0,34 29 30,1,100,,243383,13,0,34 29 30,1,100,,243386,13,0,34 29 30,1,100,,243389,13,0,34 29 30,1,100,,243392,13,0,34 29 30,1,100,,243395,13,0,34 29 30,1,100,,243398,13,0,34 29 30,1,100,,243401,13,0,34 29 30,1,100,,243403,13,0,34 29 30,1,92,,243405,35,0,57 29 30,1,95,,243406,35,0,57 29 30,1,100,,243407,35,0,57 29 30,1,55,,243408,35,0,57 29 30,1,102,,243409,35,0,57 29 30,1,100,,243410,35,0,57 29 30,1
2100,'20261108',527,,243411,35,0,57 29 30,1,100,,243412,35,0,57 29 30,1,77,,243413,35,0,57 29 30,1,110,,243415,13,0,34 29 30,1,100,,243418,13,0,34 29 30,1,101,,243421,13,0,34 29 30,1,100,,243424,13,0,34 29 30,1,100,,243427,13,0,34 29 30,1,100,,243430,13,0,34 29 30,1,100,,243433,13,0,34 29 30,1,100,,243436,13,0,34 29 30,1,100,,243439,13,0,34 29 30,1,100,,243442,13,0,34 29 30,1,100,,243445,13,0,34 29 30,1,100,,243447,13,0,34 29 30,1,92,,243448,35,0,57 29 30,1,95,,243449,35,0,57 29 30,1,100,,243450,35,0,57 29 30,1,55,,243451,35,0,57 29 30,1,102,,243452,35,0,57 29 30,1,100,,243453,35,0,57 29 30,1
2100,'20261109',426,,243454,35,,,1,79,,243455,35,,,1,25,,243456,35,,,1,392,,243460,11,0,5 29 30,1,100,,243466,11,0,5 29 30,1,100,,243472,11,0,16 29 30,1,95,,243476,11,0,16 29 30,1,85,,243480,11,0,16 29 30,1,110,,243483,11,0,16 29 30,1,98,,243485,11,0,16 29 30,1,95,,243488,11,0,16 29 30,1,104,,243490,35,,,1,105,,243491,35,,,1,93,,243492,35,,,1,99,,243493,35,,,1,99,,243494,35,,,1,100,,243495,35,,,1,97,,243496,35,,,1,100,,243497,35,,,1,104,,243498,35,,,1
2100,'20261110',426,,243499,35,,,1,79,,243500,35,,,1,25,,243501,35,,,1,392,,243505,11,0,5 29 30,1,100,,243511,11,0,5 29 30,1,100,,243517,11,0,16 29 30,1,95,,243521,11,0,16 29 30,1,85,,243525,11,0,16 29 30,1,110,,243528,11,0,16 29 30,1,98,,243530,11,0,16 29 30,1,95,,243533,11,0,16 29 30,1,104,,243535,35,,,1,105,,243536,35,,,1,93,,243537,35,,,1,99,,243538,35,,,1,99,,243539,35,,,1,100,,243540,35,,,1,97,,243541,35,,,1,100,,243542,35,,,1,104,,243543,35,,,1
2100,'20261111',426,,243544,35,,,1,79,,243545,35,,,1,25,,243546,35,,,1,392,,243550,11,0,5 29 30,1,100,,243556,11,0,5 29 30,1,100,,243562,11,0,16 29 30,1,95,,243566,11,0,16 29 30,1,85,,243570,11,0,16 29 30,1,110,,243573,11,0,16 29 30,1,98,,243575,11,0,16 29 30,1,95,,243578,11,0,16 29 30,1,104,,243580,35,,,1,105,,243581,35,,,1,93,,243582,35,,,1,99,,243583,35,,,1,99,,243584,35,,,1,100,,243585,35,,,1,97,,243586,35,,,1,100,,243587,35,,,1,104,,243588,35,,,1
2100,'20261112',426,,243589,35,,,1,79,,243590,35,,,1,25,,243591,35,,,1,392,,243595,11,0,5 29 30,1,100,,243601,11,0,5 29 30,1,100,,243607,11,0,16 29 30,1,95,,243611,11,0,16 29 30,1,85,,243615,11,0,16 29 30,1,110,,243618,11,0,16 29 30,1,98,,243620,11,0,16 29 30,1,95,,243623,11,0,16 29 30,1,104,,243625,35,,,1,105,,243626,35,,,1,93,,243627,35,,,1,99,,243628,35,,,1,99,,243629,35,,,1,100,,243630,35,,,1,97,,243631,35,,,1,100,,243632,35,,,1,104,,243633,35,,,1
2100,'20261113',426,,243634,35,,,1,79,,243635,35,,,1,25,,243636,35,,,1,392,,243640,11,0,5 29 30,1,100,,243646,11,0,5 29 30,1,100,,243652,11,0,16 29 30,1,95,,243656,11,0,16 29 30,1,85,,243660,11,0,16 29 30,1,110,,243663,11,0,16 29 30,1,98,,243665,11,0,16 29 30,1,95,,243668,11,0,16 29 30,1,104,,243670,35,,,1,105,,243671,35,,,1,93,,243672,35,,,1,99,,243673,35,,,1,99,,243674,35,,,1,100,,243675,35,,,1,97,,243676,35,,,1,100,,243677,35,,,1,104,,243678,35,,,1
2100,'20261114',527,,243679,35,0,57 29 30,1,100,,243680,35,0,57 29 30,1,77,,243681,35,0,57 29 30,1,110,,243684,13,0,34 29 30,1,100,,243688,13,0,34 29 30,1,101,,243692,13,0,34 29 30,1,100,,243696,13,0,34 29 30,1,100,,243699,13,0,34 29 30,1,100,,243702,13,0,34 29 30,1,100,,243705,13,0,34 29 30,1,100,,243708,13,0,34 29 30,1,100,,243711,13,0,34 29 30,1,100,,243714,13,0,34 29 30,1,100,,243717,13,0,34 29 30,1,100,,243719,13,0,34 29 30,1,92,,243721,35,0,57 29 30,1,95,,243722,35,0,57 29 30,1,100,,243723,35,0,57 29 30,1,55,,243724,35,0,57 29 30,1,102,,243725,35,0,57 29 30,1,100,,243726,35,0,57 29 30,1
2100,'20261115',527,,243727,35,0,57 29 30,1,100,,243728,35,0,57 29 30,1,77,,243729,35,0,57 29 30,1,110,,243731,13,0,34 29 30,1,100,,243734,13,0,34 29 30,1,101,,243737,13,0,34 29 30,1,100,,243740,13,0,34 29 30,1,100,,243743,13,0,34 29 30,1,100,,243746,13,0,34 29 30,1,100,,243749,13,0,34 29 30,1,100,,243752,13,0,34 29 30,1,100,,243755,13,0,34 29 30,1,100,,243758,13,0,34 29 30,1,100,,243761,13,0,34 29 30,1,100,,243763,13,0,34 29 30,1,92,,243764,35,0,57 29 30,1,95,,243765,35,0,57 29 30,1,100,,243766,35,0,57 29 30,1,55,,243767,35,0,57 29 30,1,102,,243768,35,0,57 29 30,1,100,,243769,35,0,57 29 30,1
2100,'20261116',426,,243770,35,,,1,79,,243771,35,,,1,25,,243772,35,,,1,392,,243776,11,0,5 29 30,1,100,,243782,11,0,5 29 30,1,100,,243788,11,0,16 29 30,1,95,,243792,11,0,16 29 30,1,85,,243796,11,0,16 29 30,1,110,,243799,11,0,16 29 30,1,98,,243801,11,0,16 29 30,1,95,,243804,11,0,16 29 30,1,104,,243806,35,,,1,105,,243807,35,,,1,93,,243808,35,,,1,99,,243809,35,,,1,99,,243810,35,,,1,100,,243811,35,,,1,97,,243812,35,,,1,100,,243813,35,,,1,104,,243814,35,,,1
2100,'20261117',426,,243815,35,,,1,79,,243816,35,,,1,25,,243817,35,,,1,392,,243821,11,0,5 29 30,1,100,,243827,11,0,5 29 30,1,100,,243833,11,0,16 29 30,1,95,,243837,11,0,16 29 30,1,85,,243841,11,0,16 29 30,1,110,,243844,11,0,16 29 30,1,98,,243846,11,0,16 29 30,1,95,,243849,11,0,16 29 30,1,104,,243851,35,,,1,105,,243852,35,,,1,93,,243853,35,,,1,99,,243854,35,,,1,99,,243855,35,,,1,100,,243856,35,,,1,97,,243857,35,,,1,100,,243858,35,,,1,104,,243859,35,,,1
2100,'20261118',426,,243860,35,,,1,79,,243861,35,,,1,25,,243862,35,,,1,392,,243866,11,0,5 29 30,1,100,,243872,11,0,5 29 30,1,100,,243878,11,0,16 29 30,1,95,,243882,11,0,16 29 30,1,85,,243886,11,0,16 29 30,1,110,,243889,11,0,16 29 30,1,98,,243891,11,0,16 29 30,1,95,,243894,11,0,16 29 30,1,104,,243896,35,,,1,105,,243897,35,,,1,93,,243898,35,,,1,99,,243899,35,,,1,99,,243900,35,,,1,100,,243901,35,,,1,97,,243902,35,,,1,100,,243903,35,,,1,104,,243904,35,,,1
2100,'20261119',426,,243905,35,,,1,79,,243906,35,,,1,25,,243907,35,,,1,392,,243911,11,0,5 29 30,1,100,,243917,11,0,5 29 30,1,100,,243923,11,0,16 29 30,1,95,,243927,11,0,16 29 30,1,85,,243931,11,0,16 29 30,1,110,,243934,11,0,16 29 30,1,98,,243936,11,0,16 29 30,1,95,,243939,11,0,16 29 30,1,104,,243941,35,,,1,105,,243942,35,,,1,93,,243943,35,,,1,99,,243944,35,,,1,99,,243945,35,,,1,100,,243946,35,,,1,97,,243947,35,,,1,100,,243948,35,,,1,104,,243949,35,,,1
2100,'20261120',426,,243950,35,,,1,79,,243951,35,,,1,25,,243952,35,,,1,392,,243956,11,0,5 29 30,1,100,,243962,11,0,5 29 30,1,100,,243968,11,0,16 29 30,1,95,,243972,11,0,16 29 30,1,85,,243976,11,0,16 29 30,1,110,,243979,11,0,16 29 30,1,98,,243981,11,0,16 29 30,1,95,,243984,11,0,16 29 30,1,104,,243986,35,,,1,105,,243987,35,,,1,93,,243988,35,,,1,99,,243989,35,,,1,99,,243990,35,,,1,100,,243991,35,,,1,97,,243992,35,,,1,100,,243993,35,,,1,104,,243994,35,,,1
2100,'20261121',527,,243995,35,0,57 29 30,1,100,,243996,35,0,57 29 30,1,77,,243997,35,0,57 29 30,1,110,,244000,13,0,34 29 30,1,100,,244004,13,0,34 29 30,1,101,,244008,13,0,34 29 30,1,100,,244012,13,0,34 29 30,1,100,,244015,13,0,34 29 30,1,100,,244018,13,0,34 29 30,1,100,,244021,13,0,34 29 30,1,100,,244024,13,0,34 29 30,1,100,,244027,13,0,34 29 30,1,100,,244030,13,0,34 29 30,1,100,,244033,13,0,34 29 30,1,100,,244035,13,0,34 29 30,1,92,,244037,35,0,57 29 30,1,95,,244038,35,0,57 29 30,1,100,,244039,35,0,57 29 30,1,55,,244040,35,0,57 29 30,1,102,,244041,35,0,57 29 30,1,100,,244042,35,0,57 29 30,1
2100,'20261122',527,,244043,35,0,57 29 30,1,100,,244044,35,0,57 29 30,1,77,,244045,35,0,57 29 30,1,110,,244047,13,0,34 29 30,1,100,,244050,13,0,34 29 30,1,101,,244053,13,0,34 29 30,1,100,,244056,13,0,34 29 30,1,100,,244059,13,0,34 29 30,1,100,,244062,13,0,34 29 30,1,100,,244065,13,0,34 29 30,1,100,,244068,13,0,34 29 30,1,100,,244071,13,0,34 29 30,1,100,,244074,13,0,34 29 30,1,100,,244077,13,0,34 29 30,1,100,,244079,13,0,34 29 30,1,92,,244080,35,0,57 29 30,1,95,,244081,35,0,57 29 30,1,100,,244082,35,0,57 29 30,1,55,,244083,35,0,57 29 30,1,102,,244084,35,0,57 29 30,1,100,,244085,35,0,57 29 30,1
2100,'20261123',426,,244086,35,,,1,79,,244087,35,,,1,25,,244088,35,,,1,392,,244092,11,0,5 29 30,1,100,,244098,11,0,5 29 30,1,100,,244104,11,0,16 29 30,1,95,,244108,11,0,16 29 30,1,85,,244112,11,0,16 29 30,1,110,,244115,11,0,16 29 30,1,98,,244117,11,0,16 29 30,1,95,,244120,11,0,16 29 30,1,104,,244122,35,,,1,105,,244123,35,,,1,93,,244124,35,,,1,99,,244125,35,,,1,99,,244126,35,,,1,100,,244127,35,,,1,97,,244128,35,,,1,100,,244129,35,,,1,104,,244130,35,,,1
2100,'20261124',426,,244131,35,,,1,79,,244132,35,,,1,25,,244133,35,,,1,392,,244137,11,0,5 29 30,1,100,,244143,11,0,5 29 30,1,100,,244149,11,0,16 29 30,1,95,,244153,11,0,16 29 30,1,85,,244157,11,0,16 29 30,1,110,,244160,11,0,16 29 30,1,98,,244162,11,0,16 29 30,1,95,,244165,11,0,16 29 30,1,104,,244167,35,,,1,105,,244168,35,,,1,93,,244169,35,,,1,99,,244170,35,,,1,99,,244171,35,,,1,100,,244172,35,,,1,97,,244173,35,,,1,100,,244174,35,,,1,104,,244175,35,,,1
2100,'20261125',426,,244176,35,,,1,79,,244177,35,,,1,25,,244178,35,,,1,392,,244182,11,0,5 29 30,1,100,,244188,11,0,5 29 30,1,100,,244194,11,0,16 29 30,1,95,,244198,11,0,16 29 30,1,85,,244202,11,0,16 29 30,1,110,,244205,11,0,16 29 30,1,98,,244207,11,0,16 29 30,1,95,,244210,11,0,16 29 30,1,104,,244212,35,,,1,105,,244213,35,,,1,93,,244214,35,,,1,99,,244215,35,,,1,99,,244216,35,,,1,100,,244217,35,,,1,97,,244218,35,,,1,100,,244219,35,,,1,104,,244220,35,,,1
2100,'20261126',426,,244221,35,,,1,79,,244222,35,,,1,25,,244223,35,,,1,392,,244227,11,0,5 29 30,1,100,,244233,11,0,5 29 30,1,100,,244239,11,0,16 29 30,1,95,,244243,11,0,16 29 30,1,85,,244247,11,0,16 29 30,1,110,,244250,11,0,16 29 30,1,98,,244252,11,0,16 29 30,1,95,,244255,11,0,16 29 30,1,104,,244257,35,,,1,105,,244258,35,,,1,93,,244259,35,,,1,99,,244260,35,,,1,99,,244261,35,,,1,100,,244262,35,,,1,97,,244263,35,,,1,100,,244264,35,,,1,104,,244265,35,,,1
2100,'20261127',426,,244266,35,,,1,79,,244267,35,,,1,25,,244268,35,,,1,392,,244272,11,0,5 29 30,1,100,,244278,11,0,5 29 30,1,100,,244284,11,0,16 29 30,1,95,,244288,11,0,16 29 30,1,85,,244292,11,0,16 29 30,1,110,,244295,11,0,16 29 30,1,98,,244297,11,0,16 29 30,1,95,,244300,11,0,16 29 30,1,104,,244302,35,,,1,105,,244303,35,,,1,93,,244304,35,,,1,99,,244305,35,,,1,99,,244306,35,,,1,100,,244307,35,,,1,97,,244308,35,,,1,100,,244309,35,,,1,104,,244310,35,,,1
