3201,'20260921',1233,,269881,6,,,1,100,,269882,6,,,1,102,,269883,6,,,1,85,,269884,6,,,1,20,,269885,6,,,1,15,,269886,6,,,1,55,,269887,6,,,1,15,,269888,6,0,5 18,1,17,,269889,6,,,1,15,,269890,6,,,1,55,,269891,6,,,1,15,,269892,6,0,5 18,1,15,,269893,6,,,1,60,,269894,6,,,1,20,,269895,6,,,1,23,,269896,6,,,1,63,,269897,6,,,1,35,,269898,6,,,1
3201,'20260922',1233,,269899,6,,,1,100,,269900,6,,,1,102,,269901,6,,,1,85,,269902,6,,,1,20,,269903,6,,,1,15,,269904,6,,,1,55,,269905,6,,,1,15,,269906,6,0,5 18,1,17,,269907,6,,,1,15,,269908,6,,,1,55,,269909,6,,,1,15,,269910,6,0,5 18,1,15,,269911,6,,,1,60,,269912,6,,,1,20,,269913,6,,,1,23,,269914,6,,,1,63,,269915,6,,,1,35,,269916,6,,,1
3201,'20260923',1233,,269917,6,,,1,100,,269918,6,,,1,102,,269919,6,,,1,85,,269920,6,,,1,20,,269921,6,,,1,15,,269922,6,,,1,55,,269923,6,,,1,15,,269924,6,0,5 18,1,17,,269925,6,,,1,15,,269926,6,,,1,55,,269927,6,,,1,15,,269928,6,0,5 18,1,15,,269929,6,,,1,60,,269930,6,,,1,20,,269931,6,,,1,23,,269932,6,,,1,63,,269933,6,,,1,35,,269934,6,,,1
3201,'20260924',1233,,269935,6,,,1,100,,269936,6,,,1,102,,269937,6,,,1,85,,269938,6,,,1,20,,269939,6,,,1,15,,269940,6,,,1,55,,269941,6,,,1,15,,269942,6,0,5 18,1,17,,269943,6,,,1,15,,269944,6,,,1,55,,269945,6,,,1,15,,269946,6,0,5 18,1,15,,269947,6,,,1,60,,269948,6,,,1,20,,269949,6,,,1,23,,269950,6,,,1,63,,269951,6,,,1,35,,269952,6,,,1
3201,'20260925',1233,,269953,6,,,1,100,,269954,6,,,1,102,,269955,6,,,1,85,,269956,6,,,1,20,,269957,6,,,1,15,,269958,6,,,1,55,,269959,6,,,1,15,,269960,6,0,5 18,1,17,,269961,6,,,1,15,,269962,6,,,1,55,,269963,6,,,1,15,,269964,6,0,5 18,1,15,,269965,6,,,1,60,,269966,6,,,1,20,,269967,6,,,1,23,,269968,6,,,1,63,,269969,6,,,1,35,,269970,6,,,1
3201,'20260928',1233,,269971,6,,,1,100,,269972,6,,,1,102,,269973,6,,,1,85,,269974,6,,,1,20,,269975,6,,,1,15,,269976,6,,,1,55,,269977,6,,,1,15,,269978,6,0,5 18,1,17,,269979,6,,,1,15,,269980,6,,,1,55,,269981,6,,,1,15,,269982,6,0,5 18,1,15,,269983,6,,,1,60,,269984,6,,,1,20,,269985,6,,,1,23,,269986,6,,,1,63,,269987,6,,,1,35,,269988,6,,,1
3201,'20260929',1233,,269989,6,,,1,100,,269990,6,,,1,102,,269991,6,,,1,85,,269992,6,,,1,20,,269993,6,,,1,15,,269994,6,,,1,55,,269995,6,,,1,15,,269996,6,0,5 18,1,17,,269997,6,,,1,15,,269998,6,,,1,55,,269999,6,,,1,15,,270000,6,0,5 18,1,15,,270001,6,,,1,60,,270002,6,,,1,20,,270003,6,,,1,23,,270004,6,,,1,63,,270005,6,,,1,35,,270006,6,,,1
3201,'20260930',1233,,270007,6,,,1,100,,270008,6,,,1,102,,270009,6,,,1,85,,270010,6,,,1,20,,270011,6,,,1,15,,270012,6,,,1,55,,270013,6,,,1,15,,270014,6,0,5 18,1,17,,270015,6,,,1,15,,270016,6,,,1,55,,270017,6,,,1,15,,270018,6,0,5 18,1,15,,270019,6,,,1,60,,270020,6,,,1,20,,270021,6,,,1,23,,270022,6,,,1,63,,270023,6,,,1,35,,270024,6,,,1
3201,'20261001',1233,,270025,6,,,1,100,,270026,6,,,1,102,,270027,6,,,1,85,,270028,6,,,1,20,,270029,6,,,1,15,,270030,6,,,1,55,,270031,6,,,1,15,,270032,6,0,5 18,1,17,,270033,6,,,1,15,,270034,6,,,1,55,,270035,6,,,1,15,,270036,6,0,5 18,1,15,,270037,6,,,1,60,,270038,6,,,1,20,,270039,6,,,1,23,,270040,6,,,1,63,,270041,6,,,1,35,,270042,6,,,1
3201,'20261002',1233,,270043,6,,,1,100,,270044,6,,,1,102,,270045,6,,,1,85,,270046,6,,,1,20,,270047,6,,,1,15,,270048,6,,,1,55,,270049,6,,,1,15,,270050,6,0,5 18,1,17,,270051,6,,,1,15,,270052,6,,,1,55,,270053,6,,,1,15,,270054,6,0,5 18,1,15,,270055,6,,,1,60,,270056,6,,,1,20,,270057,6,,,1,23,,270058,6,,,1,63,,270059,6,,,1,35,,270060,6,,,1
3201,'20261005',1233,,270061,6,,,1,100,,270062,6,,,1,102,,270063,6,,,1,85,,270064,6,,,1,20,,270065,6,,,1,15,,270066,6,,,1,55,,270067,6,,,1,15,,270068,6,0,5 18,1,17,,270069,6,,,1,15,,270070,6,,,1,55,,270071,6,,,1,15,,270072,6,0,5 18,1,15,,270073,6,,,1,60,,270074,6,,,1,20,,270075,6,,,1,23,,270076,6,,,1,63,,270077,6,,,1,35,,270078,6,,,1
3201,'20261006',1233,,270079,6,,,1,100,,270080,6,,,1,102,,270081,6,,,1,85,,270082,6,,,1,20,,270083,6,,,1,15,,270084,6,,,1,55,,270085,6,,,1,15,,270086,6,0,5 18,1,17,,270087,6,,,1,15,,270088,6,,,1,55,,270089,6,,,1,15,,270090,6,0,5 18,1,15,,270091,6,,,1,60,,270092,6,,,1,20,,270093,6,,,1,23,,270094,6,,,1,63,,270095,6,,,1,35,,270096,6,,,1
3201,'20261007',1233,,270097,6,,,1,100,,270098,6,,,1,102,,270099,6,,,1,85,,270100,6,,,1,20,,270101,6,,,1,15,,270102,6,,,1,55,,270103,6,,,1,15,,270104,6,0,5 18,1,17,,270105,6,,,1,15,,270106,6,,,1,55,,270107,6,,,1,15,,270108,6,0,5 18,1,15,,270109,6,,,1,60,,270110,6,,,1,20,,270111,6,,,1,23,,270112,6,,,1,63,,270113,6,,,1,35,,270114,6,,,1
3201,'20261008',1233,,270115,6,,,1,100,,270116,6,,,1,102,,270117,6,,,1,85,,270118,6,,,1,20,,270119,6,,,1,15,,270120,6,,,1,55,,270121,6,,,1,15,,270122,6,0,5 18,1,17,,270123,6,,,1,15,,270124,6,,,1,55,,270125,6,,,1,15,,270126,6,0,5 18,1,15,,270127,6,,,1,60,,270128,6,,,1,20,,270129,6,,,1,23,,270130,6,,,1,63,,270131,6,,,1,35,,270132,6,,,1
3201,'20261009',1233,,270133,6,,,1,100,,270134,6,,,1,102,,270135,6,,,1,85,,270136,6,,,1,20,,270137,6,,,1,15,,270138,6,,,1,55,,270139,6,,,1,15,,270140,6,0,5 18,1,17,,270141,6,,,1,15,,270142,6,,,1,55,,270143,6,,,1,15,,270144,6,0,5 18,1,15,,270145,6,,,1,60,,270146,6,,,1,20,,270147,6,,,1,23,,270148,6,,,1,63,,270149,6,,,1,35,,270150,6,,,1
3201,'20261013',1233,,270151,6,,,1,100,,270152,6,,,1,102,,270153,6,,,1,85,,270154,6,,,1,20,,270155,6,,,1,15,,270156,6,,,1,55,,270157,6,,,1,15,,270158,6,0,5 18,1,17,,270159,6,,,1,15,,270160,6,,,1,55,,270161,6,,,1,15,,270162,6,0,5 18,1,15,,270163,6,,,1,60,,270164,6,,,1,20,,270165,6,,,1,23,,270166,6,,,1,63,,270167,6,,,1,35,,270168,6,,,1
3201,'20261014',1233,,270169,6,,,1,100,,270170,6,,,1,102,,270171,6,,,1,85,,270172,6,,,1,20,,270173,6,,,1,15,,270174,6,,,1,55,,270175,6,,,1,15,,270176,6,0,5 18,1,17,,270177,6,,,1,15,,270178,6,,,1,55,,270179,6,,,1,15,,270180,6,0,5 18,1,15,,270181,6,,,1,60,,270182,6,,,1,20,,270183,6,,,1,23,,270184,6,,,1,63,,270185,6,,,1,35,,270186,6,,,1
3201,'20261015',1233,,270187,6,,,1,100,,270188,6,,,1,102,,270189,6,,,1,85,,270190,6,,,1,20,,270191,6,,,1,15,,270192,6,,,1,55,,270193,6,,,1,15,,270194,6,0,5 18,1,17,,270195,6,,,1,15,,270196,6,,,1,55,,270197,6,,,1,15,,270198,6,0,5 18,1,15,,270199,6,,,1,60,,270200,6,,,1,20,,270201,6,,,1,23,,270202,6,,,1,63,,270203,6,,,1,35,,270204,6,,,1
3201,'20261016',1233,,270205,6,,,1,100,,270206,6,,,1,102,,270207,6,,,1,85,,270208,6,,,1,20,,270209,6,,,1,15,,270210,6,,,1,55,,270211,6,,,1,15,,270212,6,0,5 18,1,17,,270213,6,,,1,15,,270214,6,,,1,55,,270215,6,,,1,15,,270216,6,0,5 18,1,15,,270217,6,,,1,60,,270218,6,,,1,20,,270219,6,,,1,23,,270220,6,,,1,63,,270221,6,,,1,35,,270222,6,,,1
3201,'20261019',1233,,270223,6,,,1,100,,270224,6,,,1,102,,270225,6,,,1,85,,270226,6,,,1,20,,270227,6,,,1,15,,270228,6,,,1,55,,270229,6,,,1,15,,270230,6,0,5 18,1,17,,270231,6,,,1,15,,270232,6,,,1,55,,270233,6,,,1,15,,270234,6,0,5 18,1,15,,270235,6,,,1,60,,270236,6,,,1,20,,270237,6,,,1,23,,270238,6,,,1,63,,270239,6,,,1,35,,270240,6,,,1
3201,'20261020',1233,,270241,6,,,1,100,,270242,6,,,1,102,,270243,6,,,1,85,,270244,6,,,1,20,,270245,6,,,1,15,,270246,6,,,1,55,,270247,6,,,1,15,,270248,6,0,5 18,1,17,,270249,6,,,1,15,,270250,6,,,1,55,,270251,6,,,1,15,,270252,6,0,5 18,1,15,,270253,6,,,1,60,,270254,6,,,1,20,,270255,6,,,1,23,,270256,6,,,1,63,,270257,6,,,1,35,,270258,6,,,1
3201,'20261021',1233,,270259,6,,,1,100,,270260,6,,,1,102,,270261,6,,,1,85,,270262,6,,,1,20,,270263,6,,,1,15,,270264,6,,,1,55,,270265,6,,,1,15,,270266,6,0,5 18,1,17,,270267,6,,,1,15,,270268,6,,,1,55,,270269,6,,,1,15,,270270,6,0,5 18,1,15,,270271,6,,,1,60,,270272,6,,,1,20,,270273,6,,,1,23,,270274,6,,,1,63,,270275,6,,,1,35,,270276,6,,,1
3201,'20261022',1233,,270277,6,,,1,100,,270278,6,,,1,102,,270279,6,,,1,85,,270280,6,,,1,20,,270281,6,,,1,15,,270282,6,,,1,55,,270283,6,,,1,15,,270284,6,0,5 18,1,17,,270285,6,,,1,15,,270286,6,,,1,55,,270287,6,,,1,15,,270288,6,0,5 18,1,15,,270289,6,,,1,60,,270290,6,,,1,20,,270291,6,,,1,23,,270292,6,,,1,63,,270293,6,,,1,35,,270294,6,,,1
3201,'20261023',1233,,270295,6,,,1,100,,270296,6,,,1,102,,270297,6,,,1,85,,270298,6,,,1,20,,270299,6,,,1,15,,270300,6,,,1,55,,270301,6,,,1,15,,270302,6,0,5 18,1,17,,270303,6,,,1,15,,270304,6,,,1,55,,270305,6,,,1,15,,270306,6,0,5 18,1,15,,270307,6,,,1,60,,270308,6,,,1,20,,270309,6,,,1,23,,270310,6,,,1,63,,270311,6,,,1,35,,270312,6,,,1
3201,'20261026',1233,,270313,6,,,1,100,,270314,6,,,1,102,,270315,6,,,1,85,,270316,6,,,1,20,,270317,6,,,1,15,,270318,6,,,1,55,,270319,6,,,1,15,,270320,6,0,5 18,1,17,,270321,6,,,1,15,,270322,6,,,1,55,,270323,6,,,1,15,,270324,6,0,5 18,1,15,,270325,6,,,1,60,,270326,6,,,1,20,,270327,6,,,1,23,,270328,6,,,1,63,,270329,6,,,1,35,,270330,6,,,1
3201,'20261027',1233,,270331,6,,,1,100,,270332,6,,,1,102,,270333,6,,,1,85,,270334,6,,,1,20,,270335,6,,,1,15,,270336,6,,,1,55,,270337,6,,,1,15,,270338,6,0,5 18,1,17,,270339,6,,,1,15,,270340,6,,,1,55,,270341,6,,,1,15,,270342,6,0,5 18,1,15,,270343,6,,,1,60,,270344,6,,,1,20,,270345,6,,,1,23,,270346,6,,,1,63,,270347,6,,,1,35,,270348,6,,,1
3201,'20261028',1233,,270349,6,,,1,100,,270350,6,,,1,102,,270351,6,,,1,85,,270352,6,,,1,20,,270353,6,,,1,15,,270354,6,,,1,55,,270355,6,,,1,15,,270356,6,0,5 18,1,17,,270357,6,,,1,15,,270358,6,,,1,55,,270359,6,,,1,15,,270360,6,0,5 18,1,15,,270361,6,,,1,60,,270362,6,,,1,20,,270363,6,,,1,23,,270364,6,,,1,63,,270365,6,,,1,35,,270366,6,,,1
3201,'20261029',1233,,270367,6,,,1,100,,270368,6,,,1,102,,270369,6,,,1,85,,270370,6,,,1,20,,270371,6,,,1,15,,270372,6,,,1,55,,270373,6,,,1,15,,270374,6,0,5 18,1,17,,270375,6,,,1,15,,270376,6,,,1,55,,270377,6,,,1,15,,270378,6,0,5 18,1,15,,270379,6,,,1,60,,270380,6,,,1,20,,270381,6,,,1,23,,270382,6,,,1,63,,270383,6,,,1,35,,270384,6,,,1
3201,'20261030',1233,,270385,6,,,1,100,,270386,6,,,1,102,,270387,6,,,1,85,,270388,6,,,1,20,,270389,6,,,1,15,,270390,6,,,1,55,,270391,6,,,1,15,,270392,6,0,5 18,1,17,,270393,6,,,1,15,,270394,6,,,1,55,,270395,6,,,1,15,,270396,6,0,5 18,1,15,,270397,6,,,1,60,,270398,6,,,1,20,,270399,6,,,1,23,,270400,6,,,1,63,,270401,6,,,1,35,,270402,6,,,1
3201,'20261102',1233,,270403,6,,,1,100,,270404,6,,,1,102,,270405,6,,,1,85,,270406,6,,,1,20,,270407,6,,,1,15,,270408,6,,,1,55,,270409,6,,,1,15,,270410,6,0,5 18,1,17,,270411,6,,,1,15,,270412,6,,,1,55,,270413,6,,,1,15,,270414,6,0,5 18,1,15,,270415,6,,,1,60,,270416,6,,,1,20,,270417,6,,,1,23,,270418,6,,,1,63,,270419,6,,,1,35,,270420,6,,,1
3201,'20261103',1233,,270421,6,,,1,100,,270422,6,,,1,102,,270423,6,,,1,85,,270424,6,,,1,20,,270425,6,,,1,15,,270426,6,,,1,55,,270427,6,,,1,15,,270428,6,0,5 18,1,17,,270429,6,,,1,15,,270430,6,,,1,55,,270431,6,,,1,15,,270432,6,0,5 18,1,15,,270433,6,,,1,60,,270434,6,,,1,20,,270435,6,,,1,23,,270436,6,,,1,63,,270437,6,,,1,35,,270438,6,,,1
3201,'20261104',1233,,270439,6,,,1,100,,270440,6,,,1,102,,270441,6,,,1,85,,270442,6,,,1,20,,270443,6,,,1,15,,270444,6,,,1,55,,270445,6,,,1,15,,270446,6,0,5 18,1,17,,270447,6,,,1,15,,270448,6,,,1,55,,270449,6,,,1,15,,270450,6,0,5 18,1,15,,270451,6,,,1,60,,270452,6,,,1,20,,270453,6,,,1,23,,270454,6,,,1,63,,270455,6,,,1,35,,270456,6,,,1
3201,'20261105',1233,,270457,6,,,1,100,,270458,6,,,1,102,,270459,6,,,1,85,,270460,6,,,1,20,,270461,6,,,1,15,,270462,6,,,1,55,,270463,6,,,1,15,,270464,6,0,5 18,1,17,,270465,6,,,1,15,,270466,6,,,1,55,,270467,6,,,1,15,,270468,6,0,5 18,1,15,,270469,6,,,1,60,,270470,6,,,1,20,,270471,6,,,1,23,,270472,6,,,1,63,,270473,6,,,1,35,,270474,6,,,1
3201,'20261106',1233,,270475,6,,,1,100,,270476,6,,,1,102,,270477,6,,,1,85,,270478,6,,,1,20,,270479,6,,,1,15,,270480,6,,,1,55,,270481,6,,,1,15,,270482,6,0,5 18,1,17,,270483,6,,,1,15,,270484,6,,,1,55,,270485,6,,,1,15,,270486,6,0,5 18,1,15,,270487,6,,,1,60,,270488,6,,,1,20,,270489,6,,,1,23,,270490,6,,,1,63,,270491,6,,,1,35,,270492,6,,,1
3201,'20261109',1233,,270493,6,,,1,100,,270494,6,,,1,102,,270495,6,,,1,85,,270496,6,,,1,20,,270497,6,,,1,15,,270498,6,,,1,55,,270499,6,,,1,15,,270500,6,0,5 18,1,17,,270501,6,,,1,15,,270502,6,,,1,55,,270503,6,,,1,15,,270504,6,0,5 18,1,15,,270505,6,,,1,60,,270506,6,,,1,20,,270507,6,,,1,23,,270508,6,,,1,63,,270509,6,,,1,35,,270510,6,,,1
3201,'20261110',1233,,270511,6,,,1,100,,270512,6,,,1,102,,270513,6,,,1,85,,270514,6,,,1,20,,270515,6,,,1,15,,270516,6,,,1,55,,270517,6,,,1,15,,270518,6,0,5 18,1,17,,270519,6,,,1,15,,270520,6,,,1,55,,270521,6,,,1,15,,270522,6,0,5 18,1,15,,270523,6,,,1,60,,270524,6,,,1,20,,270525,6,,,1,23,,270526,6,,,1,63,,270527,6,,,1,35,,270528,6,,,1
3201,'20261111',1233,,270529,6,,,1,100,,270530,6,,,1,102,,270531,6,,,1,85,,270532,6,,,1,20,,270533,6,,,1,15,,270534,6,,,1,55,,270535,6,,,1,15,,270536,6,0,5 18,1,17,,270537,6,,,1,15,,270538,6,,,1,55,,270539,6,,,1,15,,270540,6,0,5 18,1,15,,270541,6,,,1,60,,270542,6,,,1,20,,270543,6,,,1,23,,270544,6,,,1,63,,270545,6,,,1,35,,270546,6,,,1
3201,'20261112',1233,,270547,6,,,1,100,,270548,6,,,1,102,,270549,6,,,1,85,,270550,6,,,1,20,,270551,6,,,1,15,,270552,6,,,1,55,,270553,6,,,1,15,,270554,6,0,5 18,1,17,,270555,6,,,1,15,,270556,6,,,1,55,,270557,6,,,1,15,,270558,6,0,5 18,1,15,,270559,6,,,1,60,,270560,6,,,1,20,,270561,6,,,1,23,,270562,6,,,1,63,,270563,6,,,1,35,,270564,6,,,1
3201,'20261113',1233,,270565,6,,,1,100,,270566,6,,,1,102,,270567,6,,,1,85,,270568,6,,,1,20,,270569,6,,,1,15,,270570,6,,,1,55,,270571,6,,,1,15,,270572,6,0,5 18,1,17,,270573,6,,,1,15,,270574,6,,,1,55,,270575,6,,,1,15,,270576,6,0,5 18,1,15,,270577,6,,,1,60,,270578,6,,,1,20,,270579,6,,,1,23,,270580,6,,,1,63,,270581,6,,,1,35,,270582,6,,,1
3201,'20261116',1233,,270583,6,,,1,100,,270584,6,,,1,102,,270585,6,,,1,85,,270586,6,,,1,20,,270587,6,,,1,15,,270588,6,,,1,55,,270589,6,,,1,15,,270590,6,0,5 18,1,17,,270591,6,,,1,15,,270592,6,,,1,55,,270593,6,,,1,15,,270594,6,0,5 18,1,15,,270595,6,,,1,60,,270596,6,,,1,20,,270597,6,,,1,23,,270598,6,,,1,63,,270599,6,,,1,35,,270600,6,,,1
3201,'20261117',1233,,270601,6,,,1,100,,270602,6,,,1,102,,270603,6,,,1,85,,270604,6,,,1,20,,270605,6,,,1,15,,270606,6,,,1,55,,270607,6,,,1,15,,270608,6,0,5 18,1,17,,270609,6,,,1,15,,270610,6,,,1,55,,270611,6,,,1,15,,270612,6,0,5 18,1,15,,270613,6,,,1,60,,270614,6,,,1,20,,270615,6,,,1,23,,270616,6,,,1,63,,270617,6,,,1,35,,270618,6,,,1
3201,'20261118',1233,,270619,6,,,1,100,,270620,6,,,1,102,,270621,6,,,1,85,,270622,6,,,1,20,,270623,6,,,1,15,,270624,6,,,1,55,,270625,6,,,1,15,,270626,6,0,5 18,1,17,,270627,6,,,1,15,,270628,6,,,1,55,,270629,6,,,1,15,,270630,6,0,5 18,1,15,,270631,6,,,1,60,,270632,6,,,1,20,,270633,6,,,1,23,,270634,6,,,1,63,,270635,6,,,1,35,,270636,6,,,1
3201,'20261119',1233,,270637,6,,,1,100,,270638,6,,,1,102,,270639,6,,,1,85,,270640,6,,,1,20,,270641,6,,,1,15,,270642,6,,,1,55,,270643,6,,,1,15,,270644,6,0,5 18,1,17,,270645,6,,,1,15,,270646,6,,,1,55,,270647,6,,,1,15,,270648,6,0,5 18,1,15,,270649,6,,,1,60,,270650,6,,,1,20,,270651,6,,,1,23,,270652,6,,,1,63,,270653,6,,,1,35,,270654,6,,,1
3201,'20261120',1233,,270655,6,,,1,100,,270656,6,,,1,102,,270657,6,,,1,85,,270658,6,,,1,20,,270659,6,,,1,15,,270660,6,,,1,55,,270661,6,,,1,15,,270662,6,0,5 18,1,17,,270663,6,,,1,15,,270664,6,,,1,55,,270665,6,,,1,15,,270666,6,0,5 18,1,15,,270667,6,,,1,60,,270668,6,,,1,20,,270669,6,,,1,23,,270670,6,,,1,63,,270671,6,,,1,35,,270672,6,,,1
3201,'20261123',1233,,270673,6,,,1,100,,270674,6,,,1,102,,270675,6,,,1,85,,270676,6,,,1,20,,270677,6,,,1,15,,270678,6,,,1,55,,270679,6,,,1,15,,270680,6,0,5 18,1,17,,270681,6,,,1,15,,270682,6,,,1,55,,270683,6,,,1,15,,270684,6,0,5 18,1,15,,270685,6,,,1,60,,270686,6,,,1,20,,270687,6,,,1,23,,270688,6,,,1,63,,270689,6,,,1,35,,270690,6,,,1
3201,'20261124',1233,,270691,6,,,1,100,,270692,6,,,1,102,,270693,6,,,1,85,,270694,6,,,1,20,,270695,6,,,1,15,,270696,6,,,1,55,,270697,6,,,1,15,,270698,6,0,5 18,1,17,,270699,6,,,1,15,,270700,6,,,1,55,,270701,6,,,1,15,,270702,6,0,5 18,1,15,,270703,6,,,1,60,,270704,6,,,1,20,,270705,6,,,1,23,,270706,6,,,1,63,,270707,6,,,1,35,,270708,6,,,1
3201,'20261125',1233,,270709,6,,,1,100,,270710,6,,,1,102,,270711,6,,,1,85,,270712,6,,,1,20,,270713,6,,,1,15,,270714,6,,,1,55,,270715,6,,,1,15,,270716,6,0,5 18,1,17,,270717,6,,,1,15,,270718,6,,,1,55,,270719,6,,,1,15,,270720,6,0,5 18,1,15,,270721,6,,,1,60,,270722,6,,,1,20,,270723,6,,,1,23,,270724,6,,,1,63,,270725,6,,,1,35,,270726,6,,,1
3201,'20261126',1233,,270727,6,,,1,100,,270728,6,,,1,102,,270729,6,,,1,85,,270730,6,,,1,20,,270731,6,,,1,15,,270732,6,,,1,55,,270733,6,,,1,15,,270734,6,0,5 18,1,17,,270735,6,,,1,15,,270736,6,,,1,55,,270737,6,,,1,15,,270738,6,0,5 18,1,15,,270739,6,,,1,60,,270740,6,,,1,20,,270741,6,,,1,23,,270742,6,,,1,63,,270743,6,,,1,35,,270744,6,,,1
3201,'20261127',1233,,270745,6,,,1,100,,270746,6,,,1,102,,270747,6,,,1,85,,270748,6,,,1,20,,270749,6,,,1,15,,270750,6,,,1,55,,270751,6,,,1,15,,270752,6,0,5 18,1,17,,270753,6,,,1,15,,270754,6,,,1,55,,270755,6,,,1,15,,270756,6,0,5 18,1,15,,270757,6,,,1,60,,270758,6,,,1,20,,270759,6,,,1,23,,270760,6,,,1,63,,270761,6,,,1,35,,270762,6,,,1
