8800,'20260910',552,,320497,2,,,1,176,,320498,2,,,1,107,,320499,2,,,1,197,,320500,2,,,1,211,,320501,2,,,1,200,,320502,2,,,1,201,,320503,2,,,1,156,,320504,4,0,5 48 43,1,100,,320505,4,0,5 48 43,1,144,,320506,2,,,1,199,,320507,2,,,1,274,,320508,2,,,1
8800,'20260911',552,,320509,2,,,1,176,,320510,2,,,1,107,,320511,2,,,1,197,,320513,2,,,1,211,,320515,2,,,1,200,,320517,2,,,1,201,,320518,2,,,1,156,,320519,4,0,5 48 43,1,100,,320520,4,0,5 48 43,1,144,,320521,2,,,1,199,,320522,2,,,1,274,,320523,2,,,1
8800,'20260912',908,,320524,2,,,1,105,,320525,2,,,1,300,,320527,2,,,1,300,,320529,2,,,1,230,,320531,2,,,1,100,,320532,2,,,1,270,,320533,2,,,1,304,,320534,2,,,1
8800,'20260913',908,,320535,2,,,1,105,,320536,2,,,1,300,,320538,2,,,1,300,,320540,2,,,1,230,,320542,2,,,1,100,,320543,2,,,1,270,,320544,2,,,1,304,,320545,2,,,1
8800,'20260914',552,,320546,2,,,1,176,,320547,2,,,1,107,,320548,2,,,1,197,,320549,2,,,1,211,,320550,2,,,1,200,,320551,2,,,1,201,,320552,2,,,1,156,,320553,4,0,5 48 43,1,100,,320554,4,0,5 48 43,1,144,,320555,2,,,1,199,,320556,2,,,1,274,,320557,2,,,1
8800,'20260915',552,,320558,2,,,1,176,,320559,2,,,1,107,,320560,2,,,1,197,,320561,2,,,1,211,,320562,2,,,1,200,,320563,2,,,1,201,,320564,2,,,1,156,,320565,4,0,5 48 43,1,100,,320566,4,0,5 48 43,1,144,,320567,2,,,1,199,,320568,2,,,1,274,,320569,2,,,1
8800,'20260916',552,,320570,2,,,1,176,,320571,2,,,1,107,,320572,2,,,1,197,,320573,2,,,1,211,,320574,2,,,1,200,,320575,2,,,1,201,,320576,2,,,1,156,,320577,4,0,5 48 43,1,100,,320578,4,0,5 48 43,1,144,,320579,2,,,1,199,,320580,2,,,1,274,,320581,2,,,1
8800,'20260917',552,,320582,2,,,1,176,,320583,2,,,1,107,,320584,2,,,1,197,,320585,2,,,1,211,,320586,2,,,1,200,,320587,2,,,1,201,,320588,2,,,1,156,,320589,4,0,5 48 43,1,100,,320590,4,0,5 48 43,1,144,,320591,2,,,1,199,,320592,2,,,1,274,,320593,2,,,1
8800,'20260918',552,,320594,2,,,1,176,,320595,2,,,1,107,,320596,2,,,1,197,,320598,2,,,1,211,,320600,2,,,1,200,,320602,2,,,1,201,,320603,2,,,1,156,,320604,4,0,5 48 43,1,100,,320605,4,0,5 48 43,1,144,,320606,2,,,1,199,,320607,2,,,1,274,,320608,2,,,1
8800,'20260919',908,,320609,2,,,1,105,,320610,2,,,1,300,,320612,2,,,1,300,,320614,2,,,1,230,,320616,2,,,1,100,,320617,2,,,1,270,,320618,2,,,1,304,,320619,2,,,1
8800,'20260920',908,,320620,2,,,1,105,,320621,2,,,1,300,,320623,2,,,1,300,,320625,2,,,1,230,,320627,2,,,1,100,,320628,2,,,1,270,,320629,2,,,1,304,,320630,2,,,1
8800,'20260921',552,,320631,2,,,1,176,,320632,2,,,1,107,,320633,2,,,1,197,,320634,2,,,1,211,,320635,2,,,1,200,,320636,2,,,1,201,,320637,2,,,1,156,,320638,4,0,5 48 43,1,100,,320639,4,0,5 48 43,1,144,,320640,2,,,1,199,,320641,2,,,1,274,,320642,2,,,1
8800,'20260922',552,,320643,2,,,1,176,,320644,2,,,1,107,,320645,2,,,1,197,,320646,2,,,1,211,,320647,2,,,1,200,,320648,2,,,1,201,,320649,2,,,1,156,,320650,4,0,5 48 43,1,100,,320651,4,0,5 48 43,1,144,,320652,2,,,1,199,,320653,2,,,1,274,,320654,2,,,1
8800,'20260923',552,,320655,2,,,1,176,,320656,2,,,1,107,,320657,2,,,1,197,,320658,2,,,1,211,,320659,2,,,1,200,,320660,2,,,1,201,,320661,2,,,1,156,,320662,4,0,5 48 43,1,100,,320663,4,0,5 48 43,1,144,,320664,2,,,1,199,,320665,2,,,1,274,,320666,2,,,1
8800,'20260924',552,,320667,2,,,1,176,,320668,2,,,1,107,,320669,2,,,1,197,,320670,2,,,1,211,,320671,2,,,1,200,,320672,2,,,1,201,,320673,2,,,1,156,,320674,4,0,5 48 43,1,100,,320675,4,0,5 48 43,1,144,,320676,2,,,1,199,,320677,2,,,1,274,,320678,2,,,1
8800,'20260925',552,,320679,2,,,1,176,,320680,2,,,1,107,,320681,2,,,1,197,,320683,2,,,1,211,,320685,2,,,1,200,,320687,2,,,1,201,,320688,2,,,1,156,,320689,4,0,5 48 43,1,100,,320690,4,0,5 48 43,1,144,,320691,2,,,1,199,,320692,2,,,1,274,,320693,2,,,1
8800,'20260926',908,,320694,2,,,1,105,,320695,2,,,1,300,,320697,2,,,1,300,,320699,2,,,1,230,,320701,2,,,1,100,,320702,2,,,1,270,,320703,2,,,1,304,,320704,2,,,1
8800,'20260927',908,,320705,2,,,1,105,,320706,2,,,1,300,,320708,2,,,1,300,,320710,2,,,1,230,,320712,2,,,1,100,,320713,2,,,1,270,,320714,2,,,1,304,,320715,2,,,1
8800,'20260928',552,,320716,2,,,1,176,,320717,2,,,1,107,,320718,2,,,1,197,,320719,2,,,1,211,,320720,2,,,1,200,,320721,2,,,1,201,,320722,2,,,1,156,,320723,4,0,5 48 43,1,100,,320724,4,0,5 48 43,1,144,,320725,2,,,1,199,,320726,2,,,1,274,,320727,2,,,1
8800,'20260929',552,,320728,2,,,1,176,,320729,2,,,1,107,,320730,2,,,1,197,,320731,2,,,1,211,,320732,2,,,1,200,,320733,2,,,1,201,,320734,2,,,1,156,,320735,4,0,5 48 43,1,100,,320736,4,0,5 48 43,1,144,,320737,2,,,1,199,,320738,2,,,1,274,,320739,2,,,1
8800,'20260930',552,,320740,2,,,1,176,,320741,2,,,1,107,,320742,2,,,1,197,,320743,2,,,1,211,,320744,2,,,1,200,,320745,2,,,1,201,,320746,2,,,1,156,,320747,4,0,5 48 43,1,100,,320748,4,0,5 48 43,1,144,,320749,2,,,1,199,,320750,2,,,1,274,,320751,2,,,1
8800,'20261001',552,,320752,2,,,1,176,,320753,2,,,1,107,,320754,2,,,1,197,,320755,2,,,1,211,,320756,2,,,1,200,,320757,2,,,1,201,,320758,2,,,1,156,,320759,4,0,5 48 43,1,100,,320760,4,0,5 48 43,1,144,,320761,2,,,1,199,,320762,2,,,1,274,,320763,2,,,1
8800,'20261002',552,,320764,2,,,1,176,,320765,2,,,1,107,,320766,2,,,1,197,,320768,2,,,1,211,,320770,2,,,1,200,,320772,2,,,1,201,,320773,2,,,1,156,,320774,4,0,5 48 43,1,100,,320775,4,0,5 48 43,1,144,,320776,2,,,1,199,,320777,2,,,1,274,,320778,2,,,1
8800,'20261003',908,,320779,2,,,1,105,,320780,2,,,1,300,,320782,2,,,1,300,,320784,2,,,1,230,,320786,2,,,1,100,,320787,2,,,1,270,,320788,2,,,1,304,,320789,2,,,1
8800,'20261004',908,,320790,2,,,1,105,,320791,2,,,1,300,,320793,2,,,1,300,,320795,2,,,1,230,,320797,2,,,1,100,,320798,2,,,1,270,,320799,2,,,1,304,,320800,2,,,1
8800,'20261005',552,,320801,2,,,1,176,,320802,2,,,1,107,,320803,2,,,1,197,,320804,2,,,1,211,,320805,2,,,1,200,,320806,2,,,1,201,,320807,2,,,1,156,,320808,4,0,5 48 43,1,100,,320809,4,0,5 48 43,1,144,,320810,2,,,1,199,,320811,2,,,1,274,,320812,2,,,1
8800,'20261006',552,,320813,2,,,1,176,,320814,2,,,1,107,,320815,2,,,1,197,,320816,2,,,1,211,,320817,2,,,1,200,,320818,2,,,1,201,,320819,2,,,1,156,,320820,4,0,5 48 43,1,100,,320821,4,0,5 48 43,1,144,,320822,2,,,1,199,,320823,2,,,1,274,,320824,2,,,1
8800,'20261007',552,,320825,2,,,1,176,,320826,2,,,1,107,,320827,2,,,1,197,,320828,2,,,1,211,,320829,2,,,1,200,,320830,2,,,1,201,,320831,2,,,1,156,,320832,4,0,5 48 43,1,100,,320833,4,0,5 48 43,1,144,,320834,2,,,1,199,,320835,2,,,1,274,,320836,2,,,1
8800,'20261008',552,,320837,2,,,1,176,,320838,2,,,1,107,,320839,2,,,1,197,,320840,2,,,1,211,,320841,2,,,1,200,,320842,2,,,1,201,,320843,2,,,1,156,,320844,4,0,5 48 43,1,100,,320845,4,0,5 48 43,1,144,,320846,2,,,1,199,,320847,2,,,1,274,,320848,2,,,1
8800,'20261009',552,,320849,2,,,1,176,,320850,2,,,1,107,,320851,2,,,1,197,,320853,2,,,1,211,,320855,2,,,1,200,,320857,2,,,1,201,,320858,2,,,1,156,,320859,4,0,5 48 43,1,100,,320860,4,0,5 48 43,1,144,,320861,2,,,1,199,,320862,2,,,1,274,,320863,2,,,1
8800,'20261010',908,,320864,2,,,1,105,,320865,2,,,1,300,,320867,2,,,1,300,,320869,2,,,1,230,,320871,2,,,1,100,,320872,2,,,1,270,,320873,2,,,1,304,,320874,2,,,1
8800,'20261011',908,,320875,2,,,1,105,,320876,2,,,1,300,,320878,2,,,1,300,,320880,2,,,1,230,,320882,2,,,1,100,,320883,2,,,1,270,,320884,2,,,1,304,,320885,2,,,1
8800,'20261012',908,,320886,2,,,1,105,,320887,2,,,1,300,,320889,2,,,1,300,,320891,2,,,1,230,,320893,2,,,1,100,,320894,2,,,1,270,,320895,2,,,1,304,,320896,2,,,1
8800,'20261013',552,,320897,2,,,1,176,,320898,2,,,1,107,,320899,2,,,1,197,,320900,2,,,1,211,,320901,2,,,1,200,,320902,2,,,1,201,,320903,2,,,1,156,,320904,4,0,5 48 43,1,100,,320905,4,0,5 48 43,1,144,,320906,2,,,1,199,,320907,2,,,1,274,,320908,2,,,1
8800,'20261014',552,,320909,2,,,1,176,,320910,2,,,1,107,,320911,2,,,1,197,,320912,2,,,1,211,,320913,2,,,1,200,,320914,2,,,1,201,,320915,2,,,1,156,,320916,4,0,5 48 43,1,100,,320917,4,0,5 48 43,1,144,,320918,2,,,1,199,,320919,2,,,1,274,,320920,2,,,1
8800,'20261015',552,,320921,2,,,1,176,,320922,2,,,1,107,,320923,2,,,1,197,,320924,2,,,1,211,,320925,2,,,1,200,,320926,2,,,1,201,,320927,2,,,1,156,,320928,4,0,5 48 43,1,100,,320929,4,0,5 48 43,1,144,,320930,2,,,1,199,,320931,2,,,1,274,,320932,2,,,1
8800,'20261016',552,,320933,2,,,1,176,,320934,2,,,1,107,,320935,2,,,1,197,,320937,2,,,1,211,,320939,2,,,1,200,,320941,2,,,1,201,,320942,2,,,1,156,,320943,4,0,5 48 43,1,100,,320944,4,0,5 48 43,1,144,,320945,2,,,1,199,,320946,2,,,1,274,,320947,2,,,1
8800,'20261017',908,,320948,2,,,1,105,,320949,2,,,1,300,,320951,2,,,1,300,,320953,2,,,1,230,,320955,2,,,1,100,,320956,2,,,1,270,,320957,2,,,1,304,,320958,2,,,1
8800,'20261018',908,,320959,2,,,1,105,,320960,2,,,1,300,,320962,2,,,1,300,,320964,2,,,1,230,,320966,2,,,1,100,,320967,2,,,1,270,,320968,2,,,1,304,,320969,2,,,1
8800,'20261019',552,,320970,2,,,1,176,,320971,2,,,1,107,,320972,2,,,1,197,,320973,2,,,1,211,,320974,2,,,1,200,,320975,2,,,1,201,,320976,2,,,1,156,,320977,4,0,5 48 43,1,100,,320978,4,0,5 48 43,1,144,,320979,2,,,1,199,,320980,2,,,1,274,,320981,2,,,1
8800,'20261020',552,,320982,2,,,1,176,,320983,2,,,1,107,,320984,2,,,1,197,,320985,2,,,1,211,,320986,2,,,1,200,,320987,2,,,1,201,,320988,2,,,1,156,,320989,4,0,5 48 43,1,100,,320990,4,0,5 48 43,1,144,,320991,2,,,1,199,,320992,2,,,1,274,,320993,2,,,1
8800,'20261021',552,,320994,2,,,1,176,,320995,2,,,1,107,,320996,2,,,1,197,,320997,2,,,1,211,,320998,2,,,1,200,,320999,2,,,1,201,,321000,2,,,1,156,,321001,4,0,5 48 43,1,100,,321002,4,0,5 48 43,1,144,,321003,2,,,1,199,,321004,2,,,1,274,,321005,2,,,1
8800,'20261022',552,,321006,2,,,1,176,,321007,2,,,1,107,,321008,2,,,1,197,,321009,2,,,1,211,,321010,2,,,1,200,,321011,2,,,1,201,,321012,2,,,1,156,,321013,4,0,5 48 43,1,100,,321014,4,0,5 48 43,1,144,,321015,2,,,1,199,,321016,2,,,1,274,,321017,2,,,1
8800,'20261023',552,,321018,2,,,1,176,,321019,2,,,1,107,,321020,2,,,1,197,,321022,2,,,1,211,,321024,2,,,1,200,,321026,2,,,1,201,,321027,2,,,1,156,,321028,4,0,5 48 43,1,100,,321029,4,0,5 48 43,1,144,,321030,2,,,1,199,,321031,2,,,1,274,,321032,2,,,1
8800,'20261024',908,,321033,2,,,1,105,,321034,2,,,1,300,,321036,2,,,1,300,,321038,2,,,1,230,,321040,2,,,1,100,,321041,2,,,1,270,,321042,2,,,1,304,,321043,2,,,1
8800,'20261025',908,,321044,2,,,1,105,,321045,2,,,1,300,,321047,2,,,1,300,,321049,2,,,1,230,,321051,2,,,1,100,,321052,2,,,1,270,,321053,2,,,1,304,,321054,2,,,1
8800,'20261026',552,,321055,2,,,1,176,,321056,2,,,1,107,,321057,2,,,1,197,,321058,2,,,1,211,,321059,2,,,1,200,,321060,2,,,1,201,,321061,2,,,1,156,,321062,4,0,5 48 43,1,100,,321063,4,0,5 48 43,1,144,,321064,2,,,1,199,,321065,2,,,1,274,,321066,2,,,1
8800,'20261027',552,,321067,2,,,1,176,,321068,2,,,1,107,,321069,2,,,1,197,,321070,2,,,1,211,,321071,2,,,1,200,,321072,2,,,1,201,,321073,2,,,1,156,,321074,4,0,5 48 43,1,100,,321075,4,0,5 48 43,1,144,,321076,2,,,1,199,,321077,2,,,1,274,,321078,2,,,1
8800,'20261028',552,,321079,2,,,1,176,,321080,2,,,1,107,,321081,2,,,1,197,,321082,2,,,1,211,,321083,2,,,1,200,,321084,2,,,1,201,,321085,2,,,1,156,,321086,4,0,5 48 43,1,100,,321087,4,0,5 48 43,1,144,,321088,2,,,1,199,,321089,2,,,1,274,,321090,2,,,1
8800,'20261029',552,,321091,2,,,1,176,,321092,2,,,1,107,,321093,2,,,1,197,,321094,2,,,1,211,,321095,2,,,1,200,,321096,2,,,1,201,,321097,2,,,1,156,,321098,4,0,5 48 43,1,100,,321099,4,0,5 48 43,1,144,,321100,2,,,1,199,,321101,2,,,1,274,,321102,2,,,1
8800,'20261030',552,,321103,2,,,1,176,,321104,2,,,1,107,,321105,2,,,1,197,,321107,2,,,1,211,,321109,2,,,1,200,,321111,2,,,1,201,,321112,2,,,1,156,,321113,4,0,5 48 43,1,100,,321114,4,0,5 48 43,1,144,,321115,2,,,1,199,,321116,2,,,1,274,,321117,2,,,1
8800,'20261031',908,,321118,2,,,1,105,,321119,2,,,1,300,,321121,2,,,1,300,,321123,2,,,1,230,,321125,2,,,1,100,,321126,2,,,1,270,,321127,2,,,1,304,,321128,2,,,1
8800,'20261101',908,,321129,2,,,1,105,,321130,2,,,1,300,,321132,2,,,1,300,,321134,2,,,1,230,,321136,2,,,1,100,,321137,2,,,1,270,,321138,2,,,1,304,,321139,2,,,1
8800,'20261102',552,,321140,2,,,1,176,,321141,2,,,1,107,,321142,2,,,1,197,,321143,2,,,1,211,,321144,2,,,1,200,,321145,2,,,1,201,,321146,2,,,1,156,,321147,4,0,5 48 43,1,100,,321148,4,0,5 48 43,1,144,,321149,2,,,1,199,,321150,2,,,1,274,,321151,2,,,1
8800,'20261103',552,,321152,2,,,1,176,,321153,2,,,1,107,,321154,2,,,1,197,,321155,2,,,1,211,,321156,2,,,1,200,,321157,2,,,1,201,,321158,2,,,1,156,,321159,4,0,5 48 43,1,100,,321160,4,0,5 48 43,1,144,,321161,2,,,1,199,,321162,2,,,1,274,,321163,2,,,1
8800,'20261104',552,,321164,2,,,1,176,,321165,2,,,1,107,,321166,2,,,1,197,,321167,2,,,1,211,,321168,2,,,1,200,,321169,2,,,1,201,,321170,2,,,1,156,,321171,4,0,5 48 43,1,100,,321172,4,0,5 48 43,1,144,,321173,2,,,1,199,,321174,2,,,1,274,,321175,2,,,1
8800,'20261105',552,,321176,2,,,1,176,,321177,2,,,1,107,,321178,2,,,1,197,,321179,2,,,1,211,,321180,2,,,1,200,,321181,2,,,1,201,,321182,2,,,1,156,,321183,4,0,5 48 43,1,100,,321184,4,0,5 48 43,1,144,,321185,2,,,1,199,,321186,2,,,1,274,,321187,2,,,1
8800,'20261106',552,,321188,2,,,1,176,,321189,2,,,1,107,,321190,2,,,1,197,,321192,2,,,1,211,,321194,2,,,1,200,,321196,2,,,1,201,,321197,2,,,1,156,,321198,4,0,5 48 43,1,100,,321199,4,0,5 48 43,1,144,,321200,2,,,1,199,,321201,2,,,1,274,,321202,2,,,1
8800,'20261107',908,,321203,2,,,1,105,,321204,2,,,1,300,,321206,2,,,1,300,,321208,2,,,1,230,,321210,2,,,1,100,,321211,2,,,1,270,,321212,2,,,1,304,,321213,2,,,1
8800,'20261108',908,,321214,2,,,1,105,,321215,2,,,1,300,,321217,2,,,1,300,,321219,2,,,1,230,,321221,2,,,1,100,,321222,2,,,1,270,,321223,2,,,1,304,,321224,2,,,1
8800,'20261109',552,,321225,2,,,1,176,,321226,2,,,1,107,,321227,2,,,1,197,,321228,2,,,1,211,,321229,2,,,1,200,,321230,2,,,1,201,,321231,2,,,1,156,,321232,4,0,5 48 43,1,100,,321233,4,0,5 48 43,1,144,,321234,2,,,1,199,,321235,2,,,1,274,,321236,2,,,1
8800,'20261110',552,,321237,2,,,1,176,,321238,2,,,1,107,,321239,2,,,1,197,,321240,2,,,1,211,,321241,2,,,1,200,,321242,2,,,1,201,,321243,2,,,1,156,,321244,4,0,5 48 43,1,100,,321245,4,0,5 48 43,1,144,,321246,2,,,1,199,,321247,2,,,1,274,,321248,2,,,1
8800,'20261111',552,,321249,2,,,1,176,,321250,2,,,1,107,,321251,2,,,1,197,,321252,2,,,1,211,,321253,2,,,1,200,,321254,2,,,1,201,,321255,2,,,1,156,,321256,4,0,5 48 43,1,100,,321257,4,0,5 48 43,1,144,,321258,2,,,1,199,,321259,2,,,1,274,,321260,2,,,1
8800,'20261112',552,,321261,2,,,1,176,,321262,2,,,1,107,,321263,2,,,1,197,,321264,2,,,1,211,,321265,2,,,1,200,,321266,2,,,1,201,,321267,2,,,1,156,,321268,4,0,5 48 43,1,100,,321269,4,0,5 48 43,1,144,,321270,2,,,1,199,,321271,2,,,1,274,,321272,2,,,1
8800,'20261113',552,,321273,2,,,1,176,,321274,2,,,1,107,,321275,2,,,1,197,,321277,2,,,1,211,,321279,2,,,1,200,,321281,2,,,1,201,,321282,2,,,1,156,,321283,4,0,5 48 43,1,100,,321284,4,0,5 48 43,1,144,,321285,2,,,1,199,,321286,2,,,1,274,,321287,2,,,1
8800,'20261114',908,,321288,2,,,1,105,,321289,2,,,1,300,,321291,2,,,1,300,,321293,2,,,1,230,,321295,2,,,1,100,,321296,2,,,1,270,,321297,2,,,1,304,,321298,2,,,1
8800,'20261115',908,,321299,2,,,1,105,,321300,2,,,1,300,,321302,2,,,1,300,,321304,2,,,1,230,,321306,2,,,1,100,,321307,2,,,1,270,,321308,2,,,1,304,,321309,2,,,1
8800,'20261116',552,,321310,2,,,1,176,,321311,2,,,1,107,,321312,2,,,1,197,,321313,2,,,1,211,,321314,2,,,1,200,,321315,2,,,1,201,,321316,2,,,1,156,,321317,4,0,5 48 43,1,100,,321318,4,0,5 48 43,1,144,,321319,2,,,1,199,,321320,2,,,1,274,,321321,2,,,1
8800,'20261117',552,,321322,2,,,1,176,,321323,2,,,1,107,,321324,2,,,1,197,,321325,2,,,1,211,,321326,2,,,1,200,,321327,2,,,1,201,,321328,2,,,1,156,,321329,4,0,5 48 43,1,100,,321330,4,0,5 48 43,1,144,,321331,2,,,1,199,,321332,2,,,1,274,,321333,2,,,1
8800,'20261118',552,,321334,2,,,1,176,,321335,2,,,1,107,,321336,2,,,1,197,,321337,2,,,1,211,,321338,2,,,1,200,,321339,2,,,1,201,,321340,2,,,1,156,,321341,4,0,5 48 43,1,100,,321342,4,0,5 48 43,1,144,,321343,2,,,1,199,,321344,2,,,1,274,,321345,2,,,1
8800,'20261119',552,,321346,2,,,1,176,,321347,2,,,1,107,,321348,2,,,1,197,,321349,2,,,1,211,,321350,2,,,1,200,,321351,2,,,1,201,,321352,2,,,1,156,,321353,4,0,5 48 43,1,100,,321354,4,0,5 48 43,1,144,,321355,2,,,1,199,,321356,2,,,1,274,,321357,2,,,1
8800,'20261120',552,,321358,2,,,1,176,,321359,2,,,1,107,,321360,2,,,1,197,,321362,2,,,1,211,,321364,2,,,1,200,,321366,2,,,1,201,,321367,2,,,1,156,,321368,4,0,5 48 43,1,100,,321369,4,0,5 48 43,1,144,,321370,2,,,1,199,,321371,2,,,1,274,,321372,2,,,1
8800,'20261121',908,,321373,2,,,1,105,,321374,2,,,1,300,,321376,2,,,1,300,,321378,2,,,1,230,,321380,2,,,1,100,,321381,2,,,1,270,,321382,2,,,1,304,,321383,2,,,1
8800,'20261122',908,,321384,2,,,1,105,,321385,2,,,1,300,,321387,2,,,1,300,,321389,2,,,1,230,,321391,2,,,1,100,,321392,2,,,1,270,,321393,2,,,1,304,,321394,2,,,1
8800,'20261123',552,,321395,2,,,1,176,,321396,2,,,1,107,,321397,2,,,1,197,,321398,2,,,1,211,,321399,2,,,1,200,,321400,2,,,1,201,,321401,2,,,1,156,,321402,4,0,5 48 43,1,100,,321403,4,0,5 48 43,1,144,,321404,2,,,1,199,,321405,2,,,1,274,,321406,2,,,1
8800,'20261124',552,,321407,2,,,1,176,,321408,2,,,1,107,,321409,2,,,1,197,,321410,2,,,1,211,,321411,2,,,1,200,,321412,2,,,1,201,,321413,2,,,1,156,,321414,4,0,5 48 43,1,100,,321415,4,0,5 48 43,1,144,,321416,2,,,1,199,,321417,2,,,1,274,,321418,2,,,1
8800,'20261125',552,,321419,2,,,1,176,,321420,2,,,1,107,,321421,2,,,1,197,,321422,2,,,1,211,,321423,2,,,1,200,,321424,2,,,1,201,,321425,2,,,1,156,,321426,4,0,5 48 43,1,100,,321427,4,0,5 48 43,1,144,,321428,2,,,1,199,,321429,2,,,1,274,,321430,2,,,1
8800,'20261126',552,,321431,2,,,1,176,,321432,2,,,1,107,,321433,2,,,1,197,,321434,2,,,1,211,,321435,2,,,1,200,,321436,2,,,1,201,,321437,2,,,1,156,,321438,4,0,5 48 43,1,100,,321439,4,0,5 48 43,1,144,,321440,2,,,1,199,,321441,2,,,1,274,,321442,2,,,1
8800,'20261127',552,,321443,2,,,1,176,,321444,2,,,1,107,,321445,2,,,1,197,,321447,2,,,1,211,,321449,2,,,1,200,,321451,2,,,1,201,,321452,2,,,1,156,,321453,4,0,5 48 43,1,100,,321454,4,0,5 48 43,1,144,,321455,2,,,1,199,,321456,2,,,1,274,,321457,2,,,1
