6100,'20260910',1231,,311899,14,,,1,105,,311900,14,,,1,103,,311901,14,,,1,113,,311902,14,,,1,476,,311903,14,,,1,98,,311904,14,,,1,98,,311905,14,,,1,100,,311906,14,,,1,95,,311907,14,,,1,196,,311908,14,,,1
6100,'20260911',1231,,311909,14,,,1,105,,311910,14,,,1,103,,311911,14,,,1,113,,311912,14,,,1,476,,311913,14,,,1,98,,311914,14,,,1,98,,311915,14,,,1,100,,311916,14,,,1,95,,311917,14,,,1,196,,311918,14,,,1
6100,'20260914',1231,,311919,14,,,1,105,,311920,14,,,1,103,,311921,14,,,1,113,,311922,14,,,1,476,,311923,14,,,1,98,,311924,14,,,1,98,,311925,14,,,1,100,,311926,14,,,1,95,,311927,14,,,1,196,,311928,14,,,1
6100,'20260915',1231,,311929,14,,,1,105,,311930,14,,,1,103,,311931,14,,,1,113,,311932,14,,,1,476,,311933,14,,,1,98,,311934,14,,,1,98,,311935,14,,,1,100,,311936,14,,,1,95,,311937,14,,,1,196,,311938,14,,,1
6100,'20260916',1231,,311939,14,,,1,105,,311940,14,,,1,103,,311941,14,,,1,113,,311942,14,,,1,476,,311943,14,,,1,98,,311944,14,,,1,98,,311945,14,,,1,100,,311946,14,,,1,95,,311947,14,,,1,196,,311948,14,,,1
6100,'20260917',1231,,311949,14,,,1,105,,311950,14,,,1,103,,311951,14,,,1,113,,311952,14,,,1,476,,311953,14,,,1,98,,311954,14,,,1,98,,311955,14,,,1,100,,311956,14,,,1,95,,311957,14,,,1,196,,311958,14,,,1
6100,'20260918',1231,,311959,14,,,1,105,,311960,14,,,1,103,,311961,14,,,1,113,,311962,14,,,1,476,,311963,14,,,1,98,,311964,14,,,1,98,,311965,14,,,1,100,,311966,14,,,1,95,,311967,14,,,1,196,,311968,14,,,1
6100,'20260921',1231,,311969,14,,,1,105,,311970,14,,,1,103,,311971,14,,,1,113,,311972,14,,,1,476,,311973,14,,,1,98,,311974,14,,,1,98,,311975,14,,,1,100,,311976,14,,,1,95,,311977,14,,,1,196,,311978,14,,,1
6100,'20260922',1231,,311979,14,,,1,105,,311980,14,,,1,103,,311981,14,,,1,113,,311982,14,,,1,476,,311983,14,,,1,98,,311984,14,,,1,98,,311985,14,,,1,100,,311986,14,,,1,95,,311987,14,,,1,196,,311988,14,,,1
6100,'20260923',1231,,311989,14,,,1,105,,311990,14,,,1,103,,311991,14,,,1,113,,311992,14,,,1,476,,311993,14,,,1,98,,311994,14,,,1,98,,311995,14,,,1,100,,311996,14,,,1,95,,311997,14,,,1,196,,311998,14,,,1
6100,'20260924',1231,,311999,14,,,1,105,,312000,14,,,1,103,,312001,14,,,1,113,,312002,14,,,1,476,,312003,14,,,1,98,,312004,14,,,1,98,,312005,14,,,1,100,,312006,14,,,1,95,,312007,14,,,1,196,,312008,14,,,1
6100,'20260925',1231,,312009,14,,,1,105,,312010,14,,,1,103,,312011,14,,,1,113,,312012,14,,,1,476,,312013,14,,,1,98,,312014,14,,,1,98,,312015,14,,,1,100,,312016,14,,,1,95,,312017,14,,,1,196,,312018,14,,,1
6100,'20260928',1231,,312019,14,,,1,105,,312020,14,,,1,103,,312021,14,,,1,113,,312022,14,,,1,476,,312023,14,,,1,98,,312024,14,,,1,98,,312025,14,,,1,100,,312026,14,,,1,95,,312027,14,,,1,196,,312028,14,,,1
6100,'20260929',1231,,312029,14,,,1,105,,312030,14,,,1,103,,312031,14,,,1,113,,312032,14,,,1,476,,312033,14,,,1,98,,312034,14,,,1,98,,312035,14,,,1,100,,312036,14,,,1,95,,312037,14,,,1,196,,312038,14,,,1
6100,'20260930',1231,,312039,14,,,1,105,,312040,14,,,1,103,,312041,14,,,1,113,,312042,14,,,1,476,,312043,14,,,1,98,,312044,14,,,1,98,,312045,14,,,1,100,,312046,14,,,1,95,,312047,14,,,1,196,,312048,14,,,1
6100,'20261001',1231,,312049,14,,,1,105,,312050,14,,,1,103,,312051,14,,,1,113,,312052,14,,,1,476,,312053,14,,,1,98,,312054,14,,,1,98,,312055,14,,,1,100,,312056,14,,,1,95,,312057,14,,,1,196,,312058,14,,,1
6100,'20261002',1231,,312059,14,,,1,105,,312060,14,,,1,103,,312061,14,,,1,113,,312062,14,,,1,476,,312063,14,,,1,98,,312064,14,,,1,98,,312065,14,,,1,100,,312066,14,,,1,95,,312067,14,,,1,196,,312068,14,,,1
6100,'20261005',1231,,312069,14,,,1,105,,312070,14,,,1,103,,312071,14,,,1,113,,312072,14,,,1,476,,312073,14,,,1,98,,312074,14,,,1,98,,312075,14,,,1,100,,312076,14,,,1,95,,312077,14,,,1,196,,312078,14,,,1
6100,'20261006',1231,,312079,14,,,1,105,,312080,14,,,1,103,,312081,14,,,1,113,,312082,14,,,1,476,,312083,14,,,1,98,,312084,14,,,1,98,,312085,14,,,1,100,,312086,14,,,1,95,,312087,14,,,1,196,,312088,14,,,1
6100,'20261007',1231,,312089,14,,,1,105,,312090,14,,,1,103,,312091,14,,,1,113,,312092,14,,,1,476,,312093,14,,,1,98,,312094,14,,,1,98,,312095,14,,,1,100,,312096,14,,,1,95,,312097,14,,,1,196,,312098,14,,,1
6100,'20261008',1231,,312099,14,,,1,105,,312100,14,,,1,103,,312101,14,,,1,113,,312102,14,,,1,476,,312103,14,,,1,98,,312104,14,,,1,98,,312105,14,,,1,100,,312106,14,,,1,95,,312107,14,,,1,196,,312108,14,,,1
6100,'20261009',1231,,312109,14,,,1,105,,312110,14,,,1,103,,312111,14,,,1,113,,312112,14,,,1,476,,312113,14,,,1,98,,312114,14,,,1,98,,312115,14,,,1,100,,312116,14,,,1,95,,312117,14,,,1,196,,312118,14,,,1
6100,'20261013',1231,,312119,14,,,1,105,,312120,14,,,1,103,,312121,14,,,1,113,,312122,14,,,1,476,,312123,14,,,1,98,,312124,14,,,1,98,,312125,14,,,1,100,,312126,14,,,1,95,,312127,14,,,1,196,,312128,14,,,1
6100,'20261014',1231,,312129,14,,,1,105,,312130,14,,,1,103,,312131,14,,,1,113,,312132,14,,,1,476,,312133,14,,,1,98,,312134,14,,,1,98,,312135,14,,,1,100,,312136,14,,,1,95,,312137,14,,,1,196,,312138,14,,,1
6100,'20261015',1231,,312139,14,,,1,105,,312140,14,,,1,103,,312141,14,,,1,113,,312142,14,,,1,476,,312143,14,,,1,98,,312144,14,,,1,98,,312145,14,,,1,100,,312146,14,,,1,95,,312147,14,,,1,196,,312148,14,,,1
6100,'20261016',1231,,312149,14,,,1,105,,312150,14,,,1,103,,312151,14,,,1,113,,312152,14,,,1,476,,312153,14,,,1,98,,312154,14,,,1,98,,312155,14,,,1,100,,312156,14,,,1,95,,312157,14,,,1,196,,312158,14,,,1
6100,'20261019',1231,,312159,14,,,1,105,,312160,14,,,1,103,,312161,14,,,1,113,,312162,14,,,1,476,,312163,14,,,1,98,,312164,14,,,1,98,,312165,14,,,1,100,,312166,14,,,1,95,,312167,14,,,1,196,,312168,14,,,1
6100,'20261020',1231,,312169,14,,,1,105,,312170,14,,,1,103,,312171,14,,,1,113,,312172,14,,,1,476,,312173,14,,,1,98,,312174,14,,,1,98,,312175,14,,,1,100,,312176,14,,,1,95,,312177,14,,,1,196,,312178,14,,,1
6100,'20261021',1231,,312179,14,,,1,105,,312180,14,,,1,103,,312181,14,,,1,113,,312182,14,,,1,476,,312183,14,,,1,98,,312184,14,,,1,98,,312185,14,,,1,100,,312186,14,,,1,95,,312187,14,,,1,196,,312188,14,,,1
6100,'20261022',1231,,312189,14,,,1,105,,312190,14,,,1,103,,312191,14,,,1,113,,312192,14,,,1,476,,312193,14,,,1,98,,312194,14,,,1,98,,312195,14,,,1,100,,312196,14,,,1,95,,312197,14,,,1,196,,312198,14,,,1
6100,'20261023',1231,,312199,14,,,1,105,,312200,14,,,1,103,,312201,14,,,1,113,,312202,14,,,1,476,,312203,14,,,1,98,,312204,14,,,1,98,,312205,14,,,1,100,,312206,14,,,1,95,,312207,14,,,1,196,,312208,14,,,1
6100,'20261026',1231,,312209,14,,,1,105,,312210,14,,,1,103,,312211,14,,,1,113,,312212,14,,,1,476,,312213,14,,,1,98,,312214,14,,,1,98,,312215,14,,,1,100,,312216,14,,,1,95,,312217,14,,,1,196,,312218,14,,,1
6100,'20261027',1231,,312219,14,,,1,105,,312220,14,,,1,103,,312221,14,,,1,113,,312222,14,,,1,476,,312223,14,,,1,98,,312224,14,,,1,98,,312225,14,,,1,100,,312226,14,,,1,95,,312227,14,,,1,196,,312228,14,,,1
6100,'20261028',1231,,312229,14,,,1,105,,312230,14,,,1,103,,312231,14,,,1,113,,312232,14,,,1,476,,312233,14,,,1,98,,312234,14,,,1,98,,312235,14,,,1,100,,312236,14,,,1,95,,312237,14,,,1,196,,312238,14,,,1
6100,'20261029',1231,,312239,14,,,1,105,,312240,14,,,1,103,,312241,14,,,1,113,,312242,14,,,1,476,,312243,14,,,1,98,,312244,14,,,1,98,,312245,14,,,1,100,,312246,14,,,1,95,,312247,14,,,1,196,,312248,14,,,1
6100,'20261030',1231,,312249,14,,,1,105,,312250,14,,,1,103,,312251,14,,,1,113,,312252,14,,,1,476,,312253,14,,,1,98,,312254,14,,,1,98,,312255,14,,,1,100,,312256,14,,,1,95,,312257,14,,,1,196,,312258,14,,,1
6100,'20261102',1231,,312259,14,,,1,105,,312260,14,,,1,103,,312261,14,,,1,113,,312262,14,,,1,476,,312263,14,,,1,98,,312264,14,,,1,98,,312265,14,,,1,100,,312266,14,,,1,95,,312267,14,,,1,196,,312268,14,,,1
6100,'20261103',1231,,312269,14,,,1,105,,312270,14,,,1,103,,312271,14,,,1,113,,312272,14,,,1,476,,312273,14,,,1,98,,312274,14,,,1,98,,312275,14,,,1,100,,312276,14,,,1,95,,312277,14,,,1,196,,312278,14,,,1
6100,'20261104',1231,,312279,14,,,1,105,,312280,14,,,1,103,,312281,14,,,1,113,,312282,14,,,1,476,,312283,14,,,1,98,,312284,14,,,1,98,,312285,14,,,1,100,,312286,14,,,1,95,,312287,14,,,1,196,,312288,14,,,1
6100,'20261105',1231,,312289,14,,,1,105,,312290,14,,,1,103,,312291,14,,,1,113,,312292,14,,,1,476,,312293,14,,,1,98,,312294,14,,,1,98,,312295,14,,,1,100,,312296,14,,,1,95,,312297,14,,,1,196,,312298,14,,,1
6100,'20261106',1231,,312299,14,,,1,105,,312300,14,,,1,103,,312301,14,,,1,113,,312302,14,,,1,476,,312303,14,,,1,98,,312304,14,,,1,98,,312305,14,,,1,100,,312306,14,,,1,95,,312307,14,,,1,196,,312308,14,,,1
6100,'20261109',1231,,312309,14,,,1,105,,312310,14,,,1,103,,312311,14,,,1,113,,312312,14,,,1,476,,312313,14,,,1,98,,312314,14,,,1,98,,312315,14,,,1,100,,312316,14,,,1,95,,312317,14,,,1,196,,312318,14,,,1
6100,'20261110',1231,,312319,14,,,1,105,,312320,14,,,1,103,,312321,14,,,1,113,,312322,14,,,1,476,,312323,14,,,1,98,,312324,14,,,1,98,,312325,14,,,1,100,,312326,14,,,1,95,,312327,14,,,1,196,,312328,14,,,1
6100,'20261111',1231,,312329,14,,,1,105,,312330,14,,,1,103,,312331,14,,,1,113,,312332,14,,,1,476,,312333,14,,,1,98,,312334,14,,,1,98,,312335,14,,,1,100,,312336,14,,,1,95,,312337,14,,,1,196,,312338,14,,,1
6100,'20261112',1231,,312339,14,,,1,105,,312340,14,,,1,103,,312341,14,,,1,113,,312342,14,,,1,476,,312343,14,,,1,98,,312344,14,,,1,98,,312345,14,,,1,100,,312346,14,,,1,95,,312347,14,,,1,196,,312348,14,,,1
6100,'20261113',1231,,312349,14,,,1,105,,312350,14,,,1,103,,312351,14,,,1,113,,312352,14,,,1,476,,312353,14,,,1,98,,312354,14,,,1,98,,312355,14,,,1,100,,312356,14,,,1,95,,312357,14,,,1,196,,312358,14,,,1
6100,'20261116',1231,,312359,14,,,1,105,,312360,14,,,1,103,,312361,14,,,1,113,,312362,14,,,1,476,,312363,14,,,1,98,,312364,14,,,1,98,,312365,14,,,1,100,,312366,14,,,1,95,,312367,14,,,1,196,,312368,14,,,1
6100,'20261117',1231,,312369,14,,,1,105,,312370,14,,,1,103,,312371,14,,,1,113,,312372,14,,,1,476,,312373,14,,,1,98,,312374,14,,,1,98,,312375,14,,,1,100,,312376,14,,,1,95,,312377,14,,,1,196,,312378,14,,,1
6100,'20261118',1231,,312379,14,,,1,105,,312380,14,,,1,103,,312381,14,,,1,113,,312382,14,,,1,476,,312383,14,,,1,98,,312384,14,,,1,98,,312385,14,,,1,100,,312386,14,,,1,95,,312387,14,,,1,196,,312388,14,,,1
6100,'20261119',1231,,312389,14,,,1,105,,312390,14,,,1,103,,312391,14,,,1,113,,312392,14,,,1,476,,312393,14,,,1,98,,312394,14,,,1,98,,312395,14,,,1,100,,312396,14,,,1,95,,312397,14,,,1,196,,312398,14,,,1
6100,'20261120',1231,,312399,14,,,1,105,,312400,14,,,1,103,,312401,14,,,1,113,,312402,14,,,1,476,,312403,14,,,1,98,,312404,14,,,1,98,,312405,14,,,1,100,,312406,14,,,1,95,,312407,14,,,1,196,,312408,14,,,1
6100,'20261123',1231,,312409,14,,,1,105,,312410,14,,,1,103,,312411,14,,,1,113,,312412,14,,,1,476,,312413,14,,,1,98,,312414,14,,,1,98,,312415,14,,,1,100,,312416,14,,,1,95,,312417,14,,,1,196,,312418,14,,,1
6100,'20261124',1231,,312419,14,,,1,105,,312420,14,,,1,103,,312421,14,,,1,113,,312422,14,,,1,476,,312423,14,,,1,98,,312424,14,,,1,98,,312425,14,,,1,100,,312426,14,,,1,95,,312427,14,,,1,196,,312428,14,,,1
6100,'20261125',1231,,312429,14,,,1,105,,312430,14,,,1,103,,312431,14,,,1,113,,312432,14,,,1,476,,312433,14,,,1,98,,312434,14,,,1,98,,312435,14,,,1,100,,312436,14,,,1,95,,312437,14,,,1,196,,312438,14,,,1
6100,'20261126',1231,,312439,14,,,1,105,,312440,14,,,1,103,,312441,14,,,1,113,,312442,14,,,1,476,,312443,14,,,1,98,,312444,14,,,1,98,,312445,14,,,1,100,,312446,14,,,1,95,,312447,14,,,1,196,,312448,14,,,1
6100,'20261127',1231,,312449,14,,,1,105,,312450,14,,,1,103,,312451,14,,,1,113,,312452,14,,,1,476,,312453,14,,,1,98,,312454,14,,,1,98,,312455,14,,,1,100,,312456,14,,,1,95,,312457,14,,,1,196,,312458,14,,,1
