6801,'20260821',411,,205503,2,0,5 16 26 9,1,591,,205504,2,,,1,100,,205505,2,,,1,340,,205506,2,0,5 16 26 9,1,200,,205507,2,0,5 16 26 9,1,160,,205508,2,,,1,109,,205509,2,,,1,345,,205510,2,0,5 16 26 9,1
6801,'20260822',912,,205511,2,,,1,300,,205512,2,,,1,300,,205513,2,,,1,300,,205514,2,,,1,505,,205515,2,0,5 16 26 9,1
6801,'20260823',912,,205516,2,,,1,300,,205517,2,,,1,300,,205518,2,,,1,300,,205519,2,,,1,505,,205520,2,0,5 16 26 9,1
6801,'20260824',411,,205521,2,0,5 16 26 9,1,591,,205522,2,,,1,100,,205523,2,,,1,340,,205524,2,0,5 16 26 9,1,200,,205525,2,0,5 16 26 9,1,160,,205526,2,,,1,109,,205527,2,,,1,345,,205528,2,0,5 16 26 9,1
6801,'20260825',411,,205529,2,0,5 16 26 9,1,591,,205530,2,,,1,100,,205531,2,,,1,340,,205532,2,0,5 16 26 9,1,200,,205533,2,0,5 16 26 9,1,160,,205534,2,,,1,109,,205535,2,,,1,345,,205536,2,0,5 16 26 9,1
6801,'20260826',411,,205537,2,0,5 16 26 9,1,591,,205538,2,,,1,100,,205539,2,,,1,340,,205540,2,0,5 16 26 9,1,200,,205541,2,0,5 16 26 9,1,160,,205542,2,,,1,109,,205543,2,,,1,345,,205544,2,0,5 16 26 9,1
6801,'20260827',411,,205545,2,0,5 16 26 9,1,591,,205546,2,,,1,100,,205547,2,,,1,340,,205548,2,0,5 16 26 9,1,200,,205549,2,0,5 16 26 9,1,160,,205550,2,,,1,109,,205551,2,,,1,345,,205552,2,0,5 16 26 9,1
6801,'20260828',411,,205553,2,0,5 16 26 9,1,591,,205554,2,,,1,100,,205555,2,,,1,340,,205556,2,0,5 16 26 9,1,200,,205557,2,0,5 16 26 9,1,160,,205558,2,,,1,109,,205559,2,,,1,345,,205560,2,0,5 16 26 9,1
6801,'20260829',912,,205561,2,,,1,300,,205562,2,,,1,300,,205563,2,,,1,300,,205564,2,,,1,505,,205565,2,0,5 16 26 9,1
6801,'20260830',912,,205566,2,,,1,300,,205567,2,,,1,300,,205568,2,,,1,300,,205569,2,,,1,505,,205570,2,0,5 16 26 9,1
6801,'20260831',411,,205571,2,0,5 16 26 9,1,591,,205572,2,,,1,100,,205573,2,,,1,340,,205574,2,0,5 16 26 9,1,200,,205575,2,0,5 16 26 9,1,160,,205576,2,,,1,109,,205577,2,,,1,345,,205578,2,0,5 16 26 9,1
6801,'20260901',411,,205579,2,0,5 16 26 9,1,591,,205580,2,,,1,100,,205581,2,,,1,340,,205582,2,0,5 16 26 9,1,200,,205583,2,0,5 16 26 9,1,160,,205584,2,,,1,109,,205585,2,,,1,345,,205586,2,0,5 16 26 9,1
6801,'20260902',411,,205587,2,0,5 16 26 9,1,591,,205588,2,,,1,100,,205589,2,,,1,340,,205590,2,0,5 16 26 9,1,200,,205591,2,0,5 16 26 9,1,160,,205592,2,,,1,109,,205593,2,,,1,345,,205594,2,0,5 16 26 9,1
6801,'20260903',411,,205595,2,0,5 16 26 9,1,591,,205596,2,,,1,100,,205597,2,,,1,340,,205598,2,0,5 16 26 9,1,200,,205599,2,0,5 16 26 9,1,160,,205600,2,,,1,109,,205601,2,,,1,345,,205602,2,0,5 16 26 9,1
6801,'20260904',411,,205603,2,0,5 16 26 9,1,591,,205604,2,,,1,100,,205605,2,,,1,340,,205606,2,0,5 16 26 9,1,200,,205607,2,0,5 16 26 9,1,160,,205608,2,,,1,109,,205609,2,,,1,345,,205610,2,0,5 16 26 9,1
