9201,'20260917',433,,325049,16,,,1,26,,325050,16,,,1,81,,325052,5,0,7 23,1,16,,325051,16,,,1,71,,325053,5,0,7 23,1,24,,325054,16,,,1,81,,325056,5,0,7 23,1,21,,325055,16,,,1,100,,325057,16,,,1,100,,325058,16,,,1,100,,325059,16,,,1,100,,325060,16,,,1,105,,325061,16,,,1,100,,325062,16,,,1,100,,325063,16,,,1,100,,325064,16,,,1,100,,325065,16,,,1,100,,325066,16,,,1,145,,325067,16,,,1,200,,325068,16,,,1,200,,325069,16,,,1,205,,325070,16,,,1
9201,'20260918',433,,325071,16,,,1,26,,325072,16,,,1,81,,325074,5,0,7 23,1,16,,325073,16,,,1,71,,325075,5,0,7 23,1,24,,325076,16,,,1,81,,325078,5,0,7 23,1,21,,325077,16,,,1,100,,325079,16,,,1,100,,325080,16,,,1,100,,325081,16,,,1,100,,325082,16,,,1,105,,325083,16,,,1,100,,325084,16,,,1,100,,325085,16,,,1,100,,325086,16,,,1,100,,325087,16,,,1,100,,325088,16,,,1,145,,325089,16,,,1,200,,325090,16,,,1,200,,325091,16,,,1,205,,325092,16,,,1
9201,'20260919',549,,325093,16,,,1,100,,325094,16,,,1,100,,325095,16,,,1,95,,325096,16,,,1,98,,325097,16,,,1,95,,325098,16,,,1,96,,325099,16,,,1,100,,325100,16,,,1,100,,325101,16,,,1,100,,325102,16,,,1,105,,325103,16,,,1,105,,325104,16,,,1,99,,325105,16,,,1,100,,325106,16,,,1,109,,325107,16,,,1,205,,325108,16,,,1,193,,325109,16,,,1
9201,'20260920',549,,325110,16,,,1,100,,325111,16,,,1,100,,325112,16,,,1,95,,325113,16,,,1,98,,325114,16,,,1,95,,325115,16,,,1,96,,325116,16,,,1,100,,325117,16,,,1,100,,325118,16,,,1,100,,325119,16,,,1,105,,325120,16,,,1,105,,325121,16,,,1,99,,325122,16,,,1,100,,325123,16,,,1,109,,325124,16,,,1,205,,325125,16,,,1,193,,325126,16,,,1
9201,'20260921',433,,325127,16,,,1,26,,325128,16,,,1,81,,325130,5,0,7 23,1,16,,325129,16,,,1,71,,325131,5,0,7 23,1,24,,325132,16,,,1,81,,325134,5,0,7 23,1,21,,325133,16,,,1,100,,325135,16,,,1,100,,325136,16,,,1,100,,325137,16,,,1,100,,325138,16,,,1,105,,325139,16,,,1,100,,325140,16,,,1,100,,325141,16,,,1,100,,325142,16,,,1,100,,325143,16,,,1,100,,325144,16,,,1,145,,325145,16,,,1,200,,325146,16,,,1,200,,325147,16,,,1,205,,325148,16,,,1
9201,'20260922',433,,325149,16,,,1,26,,325150,16,,,1,81,,325152,5,0,7 23,1,16,,325151,16,,,1,71,,325153,5,0,7 23,1,24,,325154,16,,,1,81,,325156,5,0,7 23,1,21,,325155,16,,,1,100,,325157,16,,,1,100,,325158,16,,,1,100,,325159,16,,,1,100,,325160,16,,,1,105,,325161,16,,,1,100,,325162,16,,,1,100,,325163,16,,,1,100,,325164,16,,,1,100,,325165,16,,,1,100,,325166,16,,,1,145,,325167,16,,,1,200,,325168,16,,,1,200,,325169,16,,,1,205,,325170,16,,,1
9201,'20260923',433,,325171,16,,,1,26,,325172,16,,,1,81,,325174,5,0,7 23,1,16,,325173,16,,,1,71,,325175,5,0,7 23,1,24,,325176,16,,,1,81,,325178,5,0,7 23,1,21,,325177,16,,,1,100,,325179,16,,,1,100,,325180,16,,,1,100,,325181,16,,,1,100,,325182,16,,,1,105,,325183,16,,,1,100,,325184,16,,,1,100,,325185,16,,,1,100,,325186,16,,,1,100,,325187,16,,,1,100,,325188,16,,,1,145,,325189,16,,,1,200,,325190,16,,,1,200,,325191,16,,,1,205,,325192,16,,,1
9201,'20260924',433,,325193,16,,,1,26,,325194,16,,,1,81,,325196,5,0,7 23,1,16,,325195,16,,,1,71,,325197,5,0,7 23,1,24,,325198,16,,,1,81,,325200,5,0,7 23,1,21,,325199,16,,,1,100,,325201,16,,,1,100,,325202,16,,,1,100,,325203,16,,,1,100,,325204,16,,,1,105,,325205,16,,,1,100,,325206,16,,,1,100,,325207,16,,,1,100,,325208,16,,,1,100,,325209,16,,,1,100,,325210,16,,,1,145,,325211,16,,,1,200,,325212,16,,,1,200,,325213,16,,,1,205,,325214,16,,,1
9201,'20260925',433,,325215,16,,,1,26,,325216,16,,,1,81,,325218,5,0,7 23,1,16,,325217,16,,,1,71,,325219,5,0,7 23,1,24,,325220,16,,,1,81,,325222,5,0,7 23,1,21,,325221,16,,,1,100,,325223,16,,,1,100,,325224,16,,,1,100,,325225,16,,,1,100,,325226,16,,,1,105,,325227,16,,,1,100,,325228,16,,,1,100,,325229,16,,,1,100,,325230,16,,,1,100,,325231,16,,,1,100,,325232,16,,,1,145,,325233,16,,,1,200,,325234,16,,,1,200,,325235,16,,,1,205,,325236,16,,,1
9201,'20260926',549,,325237,16,,,1,100,,325238,16,,,1,100,,325239,16,,,1,95,,325240,16,,,1,98,,325241,16,,,1,95,,325242,16,,,1,96,,325243,16,,,1,100,,325244,16,,,1,100,,325245,16,,,1,100,,325246,16,,,1,105,,325247,16,,,1,105,,325248,16,,,1,99,,325249,16,,,1,100,,325250,16,,,1,109,,325251,16,,,1,205,,325252,16,,,1,193,,325253,16,,,1
9201,'20260927',549,,325254,16,,,1,100,,325255,16,,,1,100,,325256,16,,,1,95,,325257,16,,,1,98,,325258,16,,,1,95,,325259,16,,,1,96,,325260,16,,,1,100,,325261,16,,,1,100,,325262,16,,,1,100,,325263,16,,,1,105,,325264,16,,,1,105,,325265,16,,,1,99,,325266,16,,,1,100,,325267,16,,,1,109,,325268,16,,,1,205,,325269,16,,,1,193,,325270,16,,,1
9201,'20260928',433,,325271,16,,,1,26,,325272,16,,,1,81,,325274,5,0,7 23,1,16,,325273,16,,,1,71,,325275,5,0,7 23,1,24,,325276,16,,,1,81,,325278,5,0,7 23,1,21,,325277,16,,,1,100,,325279,16,,,1,100,,325280,16,,,1,100,,325281,16,,,1,100,,325282,16,,,1,105,,325283,16,,,1,100,,325284,16,,,1,100,,325285,16,,,1,100,,325286,16,,,1,100,,325287,16,,,1,100,,325288,16,,,1,145,,325289,16,,,1,200,,325290,16,,,1,200,,325291,16,,,1,205,,325292,16,,,1
9201,'20260929',433,,325293,16,,,1,26,,325294,16,,,1,81,,325296,5,0,7 23,1,16,,325295,16,,,1,71,,325297,5,0,7 23,1,24,,325298,16,,,1,81,,325300,5,0,7 23,1,21,,325299,16,,,1,100,,325301,16,,,1,100,,325302,16,,,1,100,,325303,16,,,1,100,,325304,16,,,1,105,,325305,16,,,1,100,,325306,16,,,1,100,,325307,16,,,1,100,,325308,16,,,1,100,,325309,16,,,1,100,,325310,16,,,1,145,,325311,16,,,1,200,,325312,16,,,1,200,,325313,16,,,1,205,,325314,16,,,1
9201,'20260930',433,,325315,16,,,1,26,,325316,16,,,1,81,,325318,5,0,7 23,1,16,,325317,16,,,1,71,,325319,5,0,7 23,1,24,,325320,16,,,1,81,,325322,5,0,7 23,1,21,,325321,16,,,1,100,,325323,16,,,1,100,,325324,16,,,1,100,,325325,16,,,1,100,,325326,16,,,1,105,,325327,16,,,1,100,,325328,16,,,1,100,,325329,16,,,1,100,,325330,16,,,1,100,,325331,16,,,1,100,,325332,16,,,1,145,,325333,16,,,1,200,,325334,16,,,1,200,,325335,16,,,1,205,,325336,16,,,1
9201,'20261001',433,,325337,16,,,1,26,,325338,16,,,1,81,,325340,5,0,7 23,1,16,,325339,16,,,1,71,,325341,5,0,7 23,1,24,,325342,16,,,1,81,,325344,5,0,7 23,1,21,,325343,16,,,1,100,,325345,16,,,1,100,,325346,16,,,1,100,,325347,16,,,1,100,,325348,16,,,1,105,,325349,16,,,1,100,,325350,16,,,1,100,,325351,16,,,1,100,,325352,16,,,1,100,,325353,16,,,1,100,,325354,16,,,1,145,,325355,16,,,1,200,,325356,16,,,1,200,,325357,16,,,1,205,,325358,16,,,1
9201,'20261002',433,,325359,16,,,1,26,,325360,16,,,1,81,,325362,5,0,7 23,1,16,,325361,16,,,1,71,,325363,5,0,7 23,1,24,,325364,16,,,1,81,,325366,5,0,7 23,1,21,,325365,16,,,1,100,,325367,16,,,1,100,,325368,16,,,1,100,,325369,16,,,1,100,,325370,16,,,1,105,,325371,16,,,1,100,,325372,16,,,1,100,,325373,16,,,1,100,,325374,16,,,1,100,,325375,16,,,1,100,,325376,16,,,1,145,,325377,16,,,1,200,,325378,16,,,1,200,,325379,16,,,1,205,,325380,16,,,1
9201,'20261003',549,,325381,16,,,1,100,,325382,16,,,1,100,,325383,16,,,1,95,,325384,16,,,1,98,,325385,16,,,1,95,,325386,16,,,1,96,,325387,16,,,1,100,,325388,16,,,1,100,,325389,16,,,1,100,,325390,16,,,1,105,,325391,16,,,1,105,,325392,16,,,1,99,,325393,16,,,1,100,,325394,16,,,1,109,,325395,16,,,1,205,,325396,16,,,1,193,,325397,16,,,1
9201,'20261004',549,,325398,16,,,1,100,,325399,16,,,1,100,,325400,16,,,1,95,,325401,16,,,1,98,,325402,16,,,1,95,,325403,16,,,1,96,,325404,16,,,1,100,,325405,16,,,1,100,,325406,16,,,1,100,,325407,16,,,1,105,,325408,16,,,1,105,,325409,16,,,1,99,,325410,16,,,1,100,,325411,16,,,1,109,,325412,16,,,1,205,,325413,16,,,1,193,,325414,16,,,1
9201,'20261005',433,,325415,16,,,1,26,,325416,16,,,1,81,,325418,5,0,7 23,1,16,,325417,16,,,1,71,,325419,5,0,7 23,1,24,,325420,16,,,1,81,,325422,5,0,7 23,1,21,,325421,16,,,1,100,,325423,16,,,1,100,,325424,16,,,1,100,,325425,16,,,1,100,,325426,16,,,1,105,,325427,16,,,1,100,,325428,16,,,1,100,,325429,16,,,1,100,,325430,16,,,1,100,,325431,16,,,1,100,,325432,16,,,1,145,,325433,16,,,1,200,,325434,16,,,1,200,,325435,16,,,1,205,,325436,16,,,1
9201,'20261006',433,,325437,16,,,1,26,,325438,16,,,1,81,,325440,5,0,7 23,1,16,,325439,16,,,1,71,,325441,5,0,7 23,1,24,,325442,16,,,1,81,,325444,5,0,7 23,1,21,,325443,16,,,1,100,,325445,16,,,1,100,,325446,16,,,1,100,,325447,16,,,1,100,,325448,16,,,1,105,,325449,16,,,1,100,,325450,16,,,1,100,,325451,16,,,1,100,,325452,16,,,1,100,,325453,16,,,1,100,,325454,16,,,1,145,,325455,16,,,1,200,,325456,16,,,1,200,,325457,16,,,1,205,,325458,16,,,1
9201,'20261007',433,,325459,16,,,1,26,,325460,16,,,1,81,,325462,5,0,7 23,1,16,,325461,16,,,1,71,,325463,5,0,7 23,1,24,,325464,16,,,1,81,,325466,5,0,7 23,1,21,,325465,16,,,1,100,,325467,16,,,1,100,,325468,16,,,1,100,,325469,16,,,1,100,,325470,16,,,1,105,,325471,16,,,1,100,,325472,16,,,1,100,,325473,16,,,1,100,,325474,16,,,1,100,,325475,16,,,1,100,,325476,16,,,1,145,,325477,16,,,1,200,,325478,16,,,1,200,,325479,16,,,1,205,,325480,16,,,1
9201,'20261008',433,,325481,16,,,1,26,,325482,16,,,1,81,,325484,5,0,7 23,1,16,,325483,16,,,1,71,,325485,5,0,7 23,1,24,,325486,16,,,1,81,,325488,5,0,7 23,1,21,,325487,16,,,1,100,,325489,16,,,1,100,,325490,16,,,1,100,,325491,16,,,1,100,,325492,16,,,1,105,,325493,16,,,1,100,,325494,16,,,1,100,,325495,16,,,1,100,,325496,16,,,1,100,,325497,16,,,1,100,,325498,16,,,1,145,,325499,16,,,1,200,,325500,16,,,1,200,,325501,16,,,1,205,,325502,16,,,1
9201,'20261009',433,,325503,16,,,1,26,,325504,16,,,1,81,,325506,5,0,7 23,1,16,,325505,16,,,1,71,,325507,5,0,7 23,1,24,,325508,16,,,1,81,,325510,5,0,7 23,1,21,,325509,16,,,1,100,,325511,16,,,1,100,,325512,16,,,1,100,,325513,16,,,1,100,,325514,16,,,1,105,,325515,16,,,1,100,,325516,16,,,1,100,,325517,16,,,1,100,,325518,16,,,1,100,,325519,16,,,1,100,,325520,16,,,1,145,,325521,16,,,1,200,,325522,16,,,1,200,,325523,16,,,1,205,,325524,16,,,1
9201,'20261010',549,,325525,16,,,1,100,,325526,16,,,1,100,,325527,16,,,1,95,,325528,16,,,1,98,,325529,16,,,1,95,,325530,16,,,1,96,,325531,16,,,1,100,,325532,16,,,1,100,,325533,16,,,1,100,,325534,16,,,1,105,,325535,16,,,1,105,,325536,16,,,1,99,,325537,16,,,1,100,,325538,16,,,1,109,,325539,16,,,1,205,,325540,16,,,1,193,,325541,16,,,1
9201,'20261011',549,,325542,16,,,1,100,,325543,16,,,1,100,,325544,16,,,1,95,,325545,16,,,1,98,,325546,16,,,1,95,,325547,16,,,1,96,,325548,16,,,1,100,,325549,16,,,1,100,,325550,16,,,1,100,,325551,16,,,1,105,,325552,16,,,1,105,,325553,16,,,1,99,,325554,16,,,1,100,,325555,16,,,1,109,,325556,16,,,1,205,,325557,16,,,1,193,,325558,16,,,1
9201,'20261012',549,,325559,16,,,1,100,,325560,16,,,1,100,,325561,16,,,1,95,,325562,16,,,1,98,,325563,16,,,1,95,,325564,16,,,1,96,,325565,16,,,1,100,,325566,16,,,1,100,,325567,16,,,1,100,,325568,16,,,1,105,,325569,16,,,1,105,,325570,16,,,1,99,,325571,16,,,1,100,,325572,16,,,1,109,,325573,16,,,1,205,,325574,16,,,1,193,,325575,16,,,1
9201,'20261013',433,,325576,16,,,1,26,,325577,16,,,1,81,,325579,5,0,7 23,1,16,,325578,16,,,1,71,,325580,5,0,7 23,1,24,,325581,16,,,1,81,,325583,5,0,7 23,1,21,,325582,16,,,1,100,,325584,16,,,1,100,,325585,16,,,1,100,,325586,16,,,1,100,,325587,16,,,1,105,,325588,16,,,1,100,,325589,16,,,1,100,,325590,16,,,1,100,,325591,16,,,1,100,,325592,16,,,1,100,,325593,16,,,1,145,,325594,16,,,1,200,,325595,16,,,1,200,,325596,16,,,1,205,,325597,16,,,1
9201,'20261014',433,,325598,16,,,1,26,,325599,16,,,1,81,,325601,5,0,7 23,1,16,,325600,16,,,1,71,,325602,5,0,7 23,1,24,,325603,16,,,1,81,,325605,5,0,7 23,1,21,,325604,16,,,1,100,,325606,16,,,1,100,,325607,16,,,1,100,,325608,16,,,1,100,,325609,16,,,1,105,,325610,16,,,1,100,,325611,16,,,1,100,,325612,16,,,1,100,,325613,16,,,1,100,,325614,16,,,1,100,,325615,16,,,1,145,,325616,16,,,1,200,,325617,16,,,1,200,,325618,16,,,1,205,,325619,16,,,1
9201,'20261015',433,,325620,16,,,1,26,,325621,16,,,1,81,,325623,5,0,7 23,1,16,,325622,16,,,1,71,,325624,5,0,7 23,1,24,,325625,16,,,1,81,,325627,5,0,7 23,1,21,,325626,16,,,1,100,,325628,16,,,1,100,,325629,16,,,1,100,,325630,16,,,1,100,,325631,16,,,1,105,,325632,16,,,1,100,,325633,16,,,1,100,,325634,16,,,1,100,,325635,16,,,1,100,,325636,16,,,1,100,,325637,16,,,1,145,,325638,16,,,1,200,,325639,16,,,1,200,,325640,16,,,1,205,,325641,16,,,1
9201,'20261016',433,,325642,16,,,1,26,,325643,16,,,1,81,,325645,5,0,7 23,1,16,,325644,16,,,1,71,,325646,5,0,7 23,1,24,,325647,16,,,1,81,,325649,5,0,7 23,1,21,,325648,16,,,1,100,,325650,16,,,1,100,,325651,16,,,1,100,,325652,16,,,1,100,,325653,16,,,1,105,,325654,16,,,1,100,,325655,16,,,1,100,,325656,16,,,1,100,,325657,16,,,1,100,,325658,16,,,1,100,,325659,16,,,1,145,,325660,16,,,1,200,,325661,16,,,1,200,,325662,16,,,1,205,,325663,16,,,1
9201,'20261017',549,,325664,16,,,1,100,,325665,16,,,1,100,,325666,16,,,1,95,,325667,16,,,1,98,,325668,16,,,1,95,,325669,16,,,1,96,,325670,16,,,1,100,,325671,16,,,1,100,,325672,16,,,1,100,,325673,16,,,1,105,,325674,16,,,1,105,,325675,16,,,1,99,,325676,16,,,1,100,,325677,16,,,1,109,,325678,16,,,1,205,,325679,16,,,1,193,,325680,16,,,1
9201,'20261018',549,,325681,16,,,1,100,,325682,16,,,1,100,,325683,16,,,1,95,,325684,16,,,1,98,,325685,16,,,1,95,,325686,16,,,1,96,,325687,16,,,1,100,,325688,16,,,1,100,,325689,16,,,1,100,,325690,16,,,1,105,,325691,16,,,1,105,,325692,16,,,1,99,,325693,16,,,1,100,,325694,16,,,1,109,,325695,16,,,1,205,,325696,16,,,1,193,,325697,16,,,1
9201,'20261019',433,,325698,16,,,1,26,,325699,16,,,1,81,,325701,5,0,7 23,1,16,,325700,16,,,1,71,,325702,5,0,7 23,1,24,,325703,16,,,1,81,,325705,5,0,7 23,1,21,,325704,16,,,1,100,,325706,16,,,1,100,,325707,16,,,1,100,,325708,16,,,1,100,,325709,16,,,1,105,,325710,16,,,1,100,,325711,16,,,1,100,,325712,16,,,1,100,,325713,16,,,1,100,,325714,16,,,1,100,,325715,16,,,1,145,,325716,16,,,1,200,,325717,16,,,1,200,,325718,16,,,1,205,,325719,16,,,1
9201,'20261020',433,,325720,16,,,1,26,,325721,16,,,1,81,,325723,5,0,7 23,1,16,,325722,16,,,1,71,,325724,5,0,7 23,1,24,,325725,16,,,1,81,,325727,5,0,7 23,1,21,,325726,16,,,1,100,,325728,16,,,1,100,,325729,16,,,1,100,,325730,16,,,1,100,,325731,16,,,1,105,,325732,16,,,1,100,,325733,16,,,1,100,,325734,16,,,1,100,,325735,16,,,1,100,,325736,16,,,1,100,,325737,16,,,1,145,,325738,16,,,1,200,,325739,16,,,1,200,,325740,16,,,1,205,,325741,16,,,1
9201,'20261021',433,,325742,16,,,1,26,,325743,16,,,1,81,,325745,5,0,7 23,1,16,,325744,16,,,1,71,,325746,5,0,7 23,1,24,,325747,16,,,1,81,,325749,5,0,7 23,1,21,,325748,16,,,1,100,,325750,16,,,1,100,,325751,16,,,1,100,,325752,16,,,1,100,,325753,16,,,1,105,,325754,16,,,1,100,,325755,16,,,1,100,,325756,16,,,1,100,,325757,16,,,1,100,,325758,16,,,1,100,,325759,16,,,1,145,,325760,16,,,1,200,,325761,16,,,1,200,,325762,16,,,1,205,,325763,16,,,1
9201,'20261022',433,,325764,16,,,1,26,,325765,16,,,1,81,,325767,5,0,7 23,1,16,,325766,16,,,1,71,,325768,5,0,7 23,1,24,,325769,16,,,1,81,,325771,5,0,7 23,1,21,,325770,16,,,1,100,,325772,16,,,1,100,,325773,16,,,1,100,,325774,16,,,1,100,,325775,16,,,1,105,,325776,16,,,1,100,,325777,16,,,1,100,,325778,16,,,1,100,,325779,16,,,1,100,,325780,16,,,1,100,,325781,16,,,1,145,,325782,16,,,1,200,,325783,16,,,1,200,,325784,16,,,1,205,,325785,16,,,1
9201,'20261023',433,,325786,16,,,1,26,,325787,16,,,1,81,,325789,5,0,7 23,1,16,,325788,16,,,1,71,,325790,5,0,7 23,1,24,,325791,16,,,1,81,,325793,5,0,7 23,1,21,,325792,16,,,1,100,,325794,16,,,1,100,,325795,16,,,1,100,,325796,16,,,1,100,,325797,16,,,1,105,,325798,16,,,1,100,,325799,16,,,1,100,,325800,16,,,1,100,,325801,16,,,1,100,,325802,16,,,1,100,,325803,16,,,1,145,,325804,16,,,1,200,,325805,16,,,1,200,,325806,16,,,1,205,,325807,16,,,1
9201,'20261024',549,,325808,16,,,1,100,,325809,16,,,1,100,,325810,16,,,1,95,,325811,16,,,1,98,,325812,16,,,1,95,,325813,16,,,1,96,,325814,16,,,1,100,,325815,16,,,1,100,,325816,16,,,1,100,,325817,16,,,1,105,,325818,16,,,1,105,,325819,16,,,1,99,,325820,16,,,1,100,,325821,16,,,1,109,,325822,16,,,1,205,,325823,16,,,1,193,,325824,16,,,1
9201,'20261025',549,,325825,16,,,1,100,,325826,16,,,1,100,,325827,16,,,1,95,,325828,16,,,1,98,,325829,16,,,1,95,,325830,16,,,1,96,,325831,16,,,1,100,,325832,16,,,1,100,,325833,16,,,1,100,,325834,16,,,1,105,,325835,16,,,1,105,,325836,16,,,1,99,,325837,16,,,1,100,,325838,16,,,1,109,,325839,16,,,1,205,,325840,16,,,1,193,,325841,16,,,1
9201,'20261026',433,,325842,16,,,1,26,,325843,16,,,1,81,,325845,5,0,7 23,1,16,,325844,16,,,1,71,,325846,5,0,7 23,1,24,,325847,16,,,1,81,,325849,5,0,7 23,1,21,,325848,16,,,1,100,,325850,16,,,1,100,,325851,16,,,1,100,,325852,16,,,1,100,,325853,16,,,1,105,,325854,16,,,1,100,,325855,16,,,1,100,,325856,16,,,1,100,,325857,16,,,1,100,,325858,16,,,1,100,,325859,16,,,1,145,,325860,16,,,1,200,,325861,16,,,1,200,,325862,16,,,1,205,,325863,16,,,1
9201,'20261027',433,,325864,16,,,1,26,,325865,16,,,1,81,,325867,5,0,7 23,1,16,,325866,16,,,1,71,,325868,5,0,7 23,1,24,,325869,16,,,1,81,,325871,5,0,7 23,1,21,,325870,16,,,1,100,,325872,16,,,1,100,,325873,16,,,1,100,,325874,16,,,1,100,,325875,16,,,1,105,,325876,16,,,1,100,,325877,16,,,1,100,,325878,16,,,1,100,,325879,16,,,1,100,,325880,16,,,1,100,,325881,16,,,1,145,,325882,16,,,1,200,,325883,16,,,1,200,,325884,16,,,1,205,,325885,16,,,1
9201,'20261028',433,,325886,16,,,1,26,,325887,16,,,1,81,,325889,5,0,7 23,1,16,,325888,16,,,1,71,,325890,5,0,7 23,1,24,,325891,16,,,1,81,,325893,5,0,7 23,1,21,,325892,16,,,1,100,,325894,16,,,1,100,,325895,16,,,1,100,,325896,16,,,1,100,,325897,16,,,1,105,,325898,16,,,1,100,,325899,16,,,1,100,,325900,16,,,1,100,,325901,16,,,1,100,,325902,16,,,1,100,,325903,16,,,1,145,,325904,16,,,1,200,,325905,16,,,1,200,,325906,16,,,1,205,,325907,16,,,1
9201,'20261029',433,,325908,16,,,1,26,,325909,16,,,1,81,,325911,5,0,7 23,1,16,,325910,16,,,1,71,,325912,5,0,7 23,1,24,,325913,16,,,1,81,,325915,5,0,7 23,1,21,,325914,16,,,1,100,,325916,16,,,1,100,,325917,16,,,1,100,,325918,16,,,1,100,,325919,16,,,1,105,,325920,16,,,1,100,,325921,16,,,1,100,,325922,16,,,1,100,,325923,16,,,1,100,,325924,16,,,1,100,,325925,16,,,1,145,,325926,16,,,1,200,,325927,16,,,1,200,,325928,16,,,1,205,,325929,16,,,1
9201,'20261030',433,,325930,16,,,1,26,,325931,16,,,1,81,,325933,5,0,7 23,1,16,,325932,16,,,1,71,,325934,5,0,7 23,1,24,,325935,16,,,1,81,,325937,5,0,7 23,1,21,,325936,16,,,1,100,,325938,16,,,1,100,,325939,16,,,1,100,,325940,16,,,1,100,,325941,16,,,1,105,,325942,16,,,1,100,,325943,16,,,1,100,,325944,16,,,1,100,,325945,16,,,1,100,,325946,16,,,1,100,,325947,16,,,1,145,,325948,16,,,1,200,,325949,16,,,1,200,,325950,16,,,1,205,,325951,16,,,1
9201,'20261031',549,,325952,16,,,1,100,,325953,16,,,1,100,,325954,16,,,1,95,,325955,16,,,1,98,,325956,16,,,1,95,,325957,16,,,1,96,,325958,16,,,1,100,,325959,16,,,1,100,,325960,16,,,1,100,,325961,16,,,1,105,,325962,16,,,1,105,,325963,16,,,1,99,,325964,16,,,1,100,,325965,16,,,1,109,,325966,16,,,1,205,,325967,16,,,1,193,,325968,16,,,1
9201,'20261101',549,,325969,16,,,1,100,,325970,16,,,1,100,,325971,16,,,1,95,,325972,16,,,1,98,,325973,16,,,1,95,,325974,16,,,1,96,,325975,16,,,1,100,,325976,16,,,1,100,,325977,16,,,1,100,,325978,16,,,1,105,,325979,16,,,1,105,,325980,16,,,1,99,,325981,16,,,1,100,,325982,16,,,1,109,,325983,16,,,1,205,,325984,16,,,1,193,,325985,16,,,1
9201,'20261102',433,,325986,16,,,1,26,,325987,16,,,1,81,,325989,5,0,7 23,1,16,,325988,16,,,1,71,,325990,5,0,7 23,1,24,,325991,16,,,1,81,,325993,5,0,7 23,1,21,,325992,16,,,1,100,,325994,16,,,1,100,,325995,16,,,1,100,,325996,16,,,1,100,,325997,16,,,1,105,,325998,16,,,1,100,,325999,16,,,1,100,,326000,16,,,1,100,,326001,16,,,1,100,,326002,16,,,1,100,,326003,16,,,1,145,,326004,16,,,1,200,,326005,16,,,1,200,,326006,16,,,1,205,,326007,16,,,1
9201,'20261103',433,,326008,16,,,1,26,,326009,16,,,1,81,,326011,5,0,7 23,1,16,,326010,16,,,1,71,,326012,5,0,7 23,1,24,,326013,16,,,1,81,,326015,5,0,7 23,1,21,,326014,16,,,1,100,,326016,16,,,1,100,,326017,16,,,1,100,,326018,16,,,1,100,,326019,16,,,1,105,,326020,16,,,1,100,,326021,16,,,1,100,,326022,16,,,1,100,,326023,16,,,1,100,,326024,16,,,1,100,,326025,16,,,1,145,,326026,16,,,1,200,,326027,16,,,1,200,,326028,16,,,1,205,,326029,16,,,1
9201,'20261104',433,,326030,16,,,1,26,,326031,16,,,1,81,,326033,5,0,7 23,1,16,,326032,16,,,1,71,,326034,5,0,7 23,1,24,,326035,16,,,1,81,,326037,5,0,7 23,1,21,,326036,16,,,1,100,,326038,16,,,1,100,,326039,16,,,1,100,,326040,16,,,1,100,,326041,16,,,1,105,,326042,16,,,1,100,,326043,16,,,1,100,,326044,16,,,1,100,,326045,16,,,1,100,,326046,16,,,1,100,,326047,16,,,1,145,,326048,16,,,1,200,,326049,16,,,1,200,,326050,16,,,1,205,,326051,16,,,1
9201,'20261105',433,,326052,16,,,1,26,,326053,16,,,1,81,,326055,5,0,7 23,1,16,,326054,16,,,1,71,,326056,5,0,7 23,1,24,,326057,16,,,1,81,,326059,5,0,7 23,1,21,,326058,16,,,1,100,,326060,16,,,1,100,,326061,16,,,1,100,,326062,16,,,1,100,,326063,16,,,1,105,,326064,16,,,1,100,,326065,16,,,1,100,,326066,16,,,1,100,,326067,16,,,1,100,,326068,16,,,1,100,,326069,16,,,1,145,,326070,16,,,1,200,,326071,16,,,1,200,,326072,16,,,1,205,,326073,16,,,1
9201,'20261106',433,,326074,16,,,1,26,,326075,16,,,1,81,,326077,5,0,7 23,1,16,,326076,16,,,1,71,,326078,5,0,7 23,1,24,,326079,16,,,1,81,,326081,5,0,7 23,1,21,,326080,16,,,1,100,,326082,16,,,1,100,,326083,16,,,1,100,,326084,16,,,1,100,,326085,16,,,1,105,,326086,16,,,1,100,,326087,16,,,1,100,,326088,16,,,1,100,,326089,16,,,1,100,,326090,16,,,1,100,,326091,16,,,1,145,,326092,16,,,1,200,,326093,16,,,1,200,,326094,16,,,1,205,,326095,16,,,1
9201,'20261107',549,,326096,16,,,1,100,,326097,16,,,1,100,,326098,16,,,1,95,,326099,16,,,1,98,,326100,16,,,1,95,,326101,16,,,1,96,,326102,16,,,1,100,,326103,16,,,1,100,,326104,16,,,1,100,,326105,16,,,1,105,,326106,16,,,1,105,,326107,16,,,1,99,,326108,16,,,1,100,,326109,16,,,1,109,,326110,16,,,1,205,,326111,16,,,1,193,,326112,16,,,1
9201,'20261108',549,,326113,16,,,1,100,,326114,16,,,1,100,,326115,16,,,1,95,,326116,16,,,1,98,,326117,16,,,1,95,,326118,16,,,1,96,,326119,16,,,1,100,,326120,16,,,1,100,,326121,16,,,1,100,,326122,16,,,1,105,,326123,16,,,1,105,,326124,16,,,1,99,,326125,16,,,1,100,,326126,16,,,1,109,,326127,16,,,1,205,,326128,16,,,1,193,,326129,16,,,1
9201,'20261109',433,,326130,16,,,1,26,,326131,16,,,1,81,,326133,5,0,7 23,1,16,,326132,16,,,1,71,,326134,5,0,7 23,1,24,,326135,16,,,1,81,,326137,5,0,7 23,1,21,,326136,16,,,1,100,,326138,16,,,1,100,,326139,16,,,1,100,,326140,16,,,1,100,,326141,16,,,1,105,,326142,16,,,1,100,,326143,16,,,1,100,,326144,16,,,1,100,,326145,16,,,1,100,,326146,16,,,1,100,,326147,16,,,1,145,,326148,16,,,1,200,,326149,16,,,1,200,,326150,16,,,1,205,,326151,16,,,1
9201,'20261110',433,,326152,16,,,1,26,,326153,16,,,1,81,,326155,5,0,7 23,1,16,,326154,16,,,1,71,,326156,5,0,7 23,1,24,,326157,16,,,1,81,,326159,5,0,7 23,1,21,,326158,16,,,1,100,,326160,16,,,1,100,,326161,16,,,1,100,,326162,16,,,1,100,,326163,16,,,1,105,,326164,16,,,1,100,,326165,16,,,1,100,,326166,16,,,1,100,,326167,16,,,1,100,,326168,16,,,1,100,,326169,16,,,1,145,,326170,16,,,1,200,,326171,16,,,1,200,,326172,16,,,1,205,,326173,16,,,1
9201,'20261111',433,,326174,16,,,1,26,,326175,16,,,1,81,,326177,5,0,7 23,1,16,,326176,16,,,1,71,,326178,5,0,7 23,1,24,,326179,16,,,1,81,,326181,5,0,7 23,1,21,,326180,16,,,1,100,,326182,16,,,1,100,,326183,16,,,1,100,,326184,16,,,1,100,,326185,16,,,1,105,,326186,16,,,1,100,,326187,16,,,1,100,,326188,16,,,1,100,,326189,16,,,1,100,,326190,16,,,1,100,,326191,16,,,1,145,,326192,16,,,1,200,,326193,16,,,1,200,,326194,16,,,1,205,,326195,16,,,1
9201,'20261112',433,,326196,16,,,1,26,,326197,16,,,1,81,,326199,5,0,7 23,1,16,,326198,16,,,1,71,,326200,5,0,7 23,1,24,,326201,16,,,1,81,,326203,5,0,7 23,1,21,,326202,16,,,1,100,,326204,16,,,1,100,,326205,16,,,1,100,,326206,16,,,1,100,,326207,16,,,1,105,,326208,16,,,1,100,,326209,16,,,1,100,,326210,16,,,1,100,,326211,16,,,1,100,,326212,16,,,1,100,,326213,16,,,1,145,,326214,16,,,1,200,,326215,16,,,1,200,,326216,16,,,1,205,,326217,16,,,1
9201,'20261113',433,,326218,16,,,1,26,,326219,16,,,1,81,,326221,5,0,7 23,1,16,,326220,16,,,1,71,,326222,5,0,7 23,1,24,,326223,16,,,1,81,,326225,5,0,7 23,1,21,,326224,16,,,1,100,,326226,16,,,1,100,,326227,16,,,1,100,,326228,16,,,1,100,,326229,16,,,1,105,,326230,16,,,1,100,,326231,16,,,1,100,,326232,16,,,1,100,,326233,16,,,1,100,,326234,16,,,1,100,,326235,16,,,1,145,,326236,16,,,1,200,,326237,16,,,1,200,,326238,16,,,1,205,,326239,16,,,1
9201,'20261114',549,,326240,16,,,1,100,,326241,16,,,1,100,,326242,16,,,1,95,,326243,16,,,1,98,,326244,16,,,1,95,,326245,16,,,1,96,,326246,16,,,1,100,,326247,16,,,1,100,,326248,16,,,1,100,,326249,16,,,1,105,,326250,16,,,1,105,,326251,16,,,1,99,,326252,16,,,1,100,,326253,16,,,1,109,,326254,16,,,1,205,,326255,16,,,1,193,,326256,16,,,1
9201,'20261115',549,,326257,16,,,1,100,,326258,16,,,1,100,,326259,16,,,1,95,,326260,16,,,1,98,,326261,16,,,1,95,,326262,16,,,1,96,,326263,16,,,1,100,,326264,16,,,1,100,,326265,16,,,1,100,,326266,16,,,1,105,,326267,16,,,1,105,,326268,16,,,1,99,,326269,16,,,1,100,,326270,16,,,1,109,,326271,16,,,1,205,,326272,16,,,1,193,,326273,16,,,1
9201,'20261116',433,,326274,16,,,1,26,,326275,16,,,1,81,,326277,5,0,7 23,1,16,,326276,16,,,1,71,,326278,5,0,7 23,1,24,,326279,16,,,1,81,,326281,5,0,7 23,1,21,,326280,16,,,1,100,,326282,16,,,1,100,,326283,16,,,1,100,,326284,16,,,1,100,,326285,16,,,1,105,,326286,16,,,1,100,,326287,16,,,1,100,,326288,16,,,1,100,,326289,16,,,1,100,,326290,16,,,1,100,,326291,16,,,1,145,,326292,16,,,1,200,,326293,16,,,1,200,,326294,16,,,1,205,,326295,16,,,1
9201,'20261117',433,,326296,16,,,1,26,,326297,16,,,1,81,,326299,5,0,7 23,1,16,,326298,16,,,1,71,,326300,5,0,7 23,1,24,,326301,16,,,1,81,,326303,5,0,7 23,1,21,,326302,16,,,1,100,,326304,16,,,1,100,,326305,16,,,1,100,,326306,16,,,1,100,,326307,16,,,1,105,,326308,16,,,1,100,,326309,16,,,1,100,,326310,16,,,1,100,,326311,16,,,1,100,,326312,16,,,1,100,,326313,16,,,1,145,,326314,16,,,1,200,,326315,16,,,1,200,,326316,16,,,1,205,,326317,16,,,1
9201,'20261118',433,,326318,16,,,1,26,,326319,16,,,1,81,,326321,5,0,7 23,1,16,,326320,16,,,1,71,,326322,5,0,7 23,1,24,,326323,16,,,1,81,,326325,5,0,7 23,1,21,,326324,16,,,1,100,,326326,16,,,1,100,,326327,16,,,1,100,,326328,16,,,1,100,,326329,16,,,1,105,,326330,16,,,1,100,,326331,16,,,1,100,,326332,16,,,1,100,,326333,16,,,1,100,,326334,16,,,1,100,,326335,16,,,1,145,,326336,16,,,1,200,,326337,16,,,1,200,,326338,16,,,1,205,,326339,16,,,1
9201,'20261119',433,,326340,16,,,1,26,,326341,16,,,1,81,,326343,5,0,7 23,1,16,,326342,16,,,1,71,,326344,5,0,7 23,1,24,,326345,16,,,1,81,,326347,5,0,7 23,1,21,,326346,16,,,1,100,,326348,16,,,1,100,,326349,16,,,1,100,,326350,16,,,1,100,,326351,16,,,1,105,,326352,16,,,1,100,,326353,16,,,1,100,,326354,16,,,1,100,,326355,16,,,1,100,,326356,16,,,1,100,,326357,16,,,1,145,,326358,16,,,1,200,,326359,16,,,1,200,,326360,16,,,1,205,,326361,16,,,1
9201,'20261120',433,,326362,16,,,1,26,,326363,16,,,1,81,,326365,5,0,7 23,1,16,,326364,16,,,1,71,,326366,5,0,7 23,1,24,,326367,16,,,1,81,,326369,5,0,7 23,1,21,,326368,16,,,1,100,,326370,16,,,1,100,,326371,16,,,1,100,,326372,16,,,1,100,,326373,16,,,1,105,,326374,16,,,1,100,,326375,16,,,1,100,,326376,16,,,1,100,,326377,16,,,1,100,,326378,16,,,1,100,,326379,16,,,1,145,,326380,16,,,1,200,,326381,16,,,1,200,,326382,16,,,1,205,,326383,16,,,1
9201,'20261121',549,,326384,16,,,1,100,,326385,16,,,1,100,,326386,16,,,1,95,,326387,16,,,1,98,,326388,16,,,1,95,,326389,16,,,1,96,,326390,16,,,1,100,,326391,16,,,1,100,,326392,16,,,1,100,,326393,16,,,1,105,,326394,16,,,1,105,,326395,16,,,1,99,,326396,16,,,1,100,,326397,16,,,1,109,,326398,16,,,1,205,,326399,16,,,1,193,,326400,16,,,1
9201,'20261122',549,,326401,16,,,1,100,,326402,16,,,1,100,,326403,16,,,1,95,,326404,16,,,1,98,,326405,16,,,1,95,,326406,16,,,1,96,,326407,16,,,1,100,,326408,16,,,1,100,,326409,16,,,1,100,,326410,16,,,1,105,,326411,16,,,1,105,,326412,16,,,1,99,,326413,16,,,1,100,,326414,16,,,1,109,,326415,16,,,1,205,,326416,16,,,1,193,,326417,16,,,1
9201,'20261123',433,,326418,16,,,1,26,,326419,16,,,1,81,,326421,5,0,7 23,1,16,,326420,16,,,1,71,,326422,5,0,7 23,1,24,,326423,16,,,1,81,,326425,5,0,7 23,1,21,,326424,16,,,1,100,,326426,16,,,1,100,,326427,16,,,1,100,,326428,16,,,1,100,,326429,16,,,1,105,,326430,16,,,1,100,,326431,16,,,1,100,,326432,16,,,1,100,,326433,16,,,1,100,,326434,16,,,1,100,,326435,16,,,1,145,,326436,16,,,1,200,,326437,16,,,1,200,,326438,16,,,1,205,,326439,16,,,1
9201,'20261124',433,,326440,16,,,1,26,,326441,16,,,1,81,,326443,5,0,7 23,1,16,,326442,16,,,1,71,,326444,5,0,7 23,1,24,,326445,16,,,1,81,,326447,5,0,7 23,1,21,,326446,16,,,1,100,,326448,16,,,1,100,,326449,16,,,1,100,,326450,16,,,1,100,,326451,16,,,1,105,,326452,16,,,1,100,,326453,16,,,1,100,,326454,16,,,1,100,,326455,16,,,1,100,,326456,16,,,1,100,,326457,16,,,1,145,,326458,16,,,1,200,,326459,16,,,1,200,,326460,16,,,1,205,,326461,16,,,1
9201,'20261125',433,,326462,16,,,1,26,,326463,16,,,1,81,,326465,5,0,7 23,1,16,,326464,16,,,1,71,,326466,5,0,7 23,1,24,,326467,16,,,1,81,,326469,5,0,7 23,1,21,,326468,16,,,1,100,,326470,16,,,1,100,,326471,16,,,1,100,,326472,16,,,1,100,,326473,16,,,1,105,,326474,16,,,1,100,,326475,16,,,1,100,,326476,16,,,1,100,,326477,16,,,1,100,,326478,16,,,1,100,,326479,16,,,1,145,,326480,16,,,1,200,,326481,16,,,1,200,,326482,16,,,1,205,,326483,16,,,1
9201,'20261126',433,,326484,16,,,1,26,,326485,16,,,1,81,,326487,5,0,7 23,1,16,,326486,16,,,1,71,,326488,5,0,7 23,1,24,,326489,16,,,1,81,,326491,5,0,7 23,1,21,,326490,16,,,1,100,,326492,16,,,1,100,,326493,16,,,1,100,,326494,16,,,1,100,,326495,16,,,1,105,,326496,16,,,1,100,,326497,16,,,1,100,,326498,16,,,1,100,,326499,16,,,1,100,,326500,16,,,1,100,,326501,16,,,1,145,,326502,16,,,1,200,,326503,16,,,1,200,,326504,16,,,1,205,,326505,16,,,1
9201,'20261127',433,,326506,16,,,1,26,,326507,16,,,1,81,,326509,5,0,7 23,1,16,,326508,16,,,1,71,,326510,5,0,7 23,1,24,,326511,16,,,1,81,,326513,5,0,7 23,1,21,,326512,16,,,1,100,,326514,16,,,1,100,,326515,16,,,1,100,,326516,16,,,1,100,,326517,16,,,1,105,,326518,16,,,1,100,,326519,16,,,1,100,,326520,16,,,1,100,,326521,16,,,1,100,,326522,16,,,1,100,,326523,16,,,1,145,,326524,16,,,1,200,,326525,16,,,1,200,,326526,16,,,1,205,,326527,16,,,1
