9201,'20260921',438,,325127,18,,,1,66,,325128,18,,,1,41,,325130,7,0,7 23,1,56,,325129,18,,,1,31,,325131,7,0,7 23,1,24,,325132,18,,,1,82,,325134,7,0,7 23,1,21,,325133,18,,,1,100,,325135,18,,,1,100,,325136,18,,,1,100,,325137,18,,,1,100,,325138,18,,,1,145,,325139,18,,,1,100,,325140,18,,,1,100,,325141,18,,,1,100,,325142,18,,,1,100,,325143,18,,,1,100,,325144,18,,,1,105,,325145,18,,,1,200,,325146,18,,,1,199,,325147,18,,,1,205,,325148,18,,,1
9201,'20260922',438,,325149,18,,,1,66,,325150,18,,,1,41,,325152,7,0,7 23,1,56,,325151,18,,,1,31,,325153,7,0,7 23,1,24,,325154,18,,,1,82,,325156,7,0,7 23,1,21,,325155,18,,,1,100,,325157,18,,,1,100,,325158,18,,,1,100,,325159,18,,,1,100,,325160,18,,,1,145,,325161,18,,,1,100,,325162,18,,,1,100,,325163,18,,,1,100,,325164,18,,,1,100,,325165,18,,,1,100,,325166,18,,,1,105,,325167,18,,,1,200,,325168,18,,,1,199,,325169,18,,,1,205,,325170,18,,,1
9201,'20260923',438,,325171,18,,,1,66,,325172,18,,,1,41,,325174,7,0,7 23,1,56,,325173,18,,,1,31,,325175,7,0,7 23,1,24,,325176,18,,,1,82,,325178,7,0,7 23,1,21,,325177,18,,,1,100,,325179,18,,,1,100,,325180,18,,,1,100,,325181,18,,,1,100,,325182,18,,,1,145,,325183,18,,,1,100,,325184,18,,,1,100,,325185,18,,,1,100,,325186,18,,,1,100,,325187,18,,,1,100,,325188,18,,,1,105,,325189,18,,,1,200,,325190,18,,,1,199,,325191,18,,,1,205,,325192,18,,,1
9201,'20260924',438,,325193,18,,,1,66,,325194,18,,,1,41,,325196,7,0,7 23,1,56,,325195,18,,,1,31,,325197,7,0,7 23,1,24,,325198,18,,,1,82,,325200,7,0,7 23,1,21,,325199,18,,,1,100,,325201,18,,,1,100,,325202,18,,,1,100,,325203,18,,,1,100,,325204,18,,,1,145,,325205,18,,,1,100,,325206,18,,,1,100,,325207,18,,,1,100,,325208,18,,,1,100,,325209,18,,,1,100,,325210,18,,,1,105,,325211,18,,,1,200,,325212,18,,,1,199,,325213,18,,,1,205,,325214,18,,,1
9201,'20260925',438,,325215,18,,,1,66,,325216,18,,,1,41,,325218,7,0,7 23,1,56,,325217,18,,,1,31,,325219,7,0,7 23,1,24,,325220,18,,,1,82,,325222,7,0,7 23,1,21,,325221,18,,,1,100,,325223,18,,,1,100,,325224,18,,,1,100,,325225,18,,,1,100,,325226,18,,,1,145,,325227,18,,,1,100,,325228,18,,,1,100,,325229,18,,,1,100,,325230,18,,,1,100,,325231,18,,,1,100,,325232,18,,,1,105,,325233,18,,,1,200,,325234,18,,,1,199,,325235,18,,,1,205,,325236,18,,,1
9201,'20260926',554,,325237,18,,,1,100,,325238,18,,,1,100,,325239,18,,,1,95,,325240,18,,,1,99,,325241,18,,,1,95,,325242,18,,,1,96,,325243,18,,,1,100,,325244,18,,,1,100,,325245,18,,,1,100,,325246,18,,,1,105,,325247,18,,,1,105,,325248,18,,,1,99,,325249,18,,,1,100,,325250,18,,,1,109,,325251,18,,,1,245,,325252,18,,,1,153,,325253,18,,,1
9201,'20260927',554,,325254,18,,,1,100,,325255,18,,,1,100,,325256,18,,,1,95,,325257,18,,,1,99,,325258,18,,,1,95,,325259,18,,,1,96,,325260,18,,,1,100,,325261,18,,,1,100,,325262,18,,,1,100,,325263,18,,,1,105,,325264,18,,,1,105,,325265,18,,,1,99,,325266,18,,,1,100,,325267,18,,,1,109,,325268,18,,,1,245,,325269,18,,,1,153,,325270,18,,,1
9201,'20260928',438,,325271,18,,,1,66,,325272,18,,,1,41,,325274,7,0,7 23,1,56,,325273,18,,,1,31,,325275,7,0,7 23,1,24,,325276,18,,,1,82,,325278,7,0,7 23,1,21,,325277,18,,,1,100,,325279,18,,,1,100,,325280,18,,,1,100,,325281,18,,,1,100,,325282,18,,,1,145,,325283,18,,,1,100,,325284,18,,,1,100,,325285,18,,,1,100,,325286,18,,,1,100,,325287,18,,,1,100,,325288,18,,,1,105,,325289,18,,,1,200,,325290,18,,,1,199,,325291,18,,,1,205,,325292,18,,,1
9201,'20260929',438,,325293,18,,,1,66,,325294,18,,,1,41,,325296,7,0,7 23,1,56,,325295,18,,,1,31,,325297,7,0,7 23,1,24,,325298,18,,,1,82,,325300,7,0,7 23,1,21,,325299,18,,,1,100,,325301,18,,,1,100,,325302,18,,,1,100,,325303,18,,,1,100,,325304,18,,,1,145,,325305,18,,,1,100,,325306,18,,,1,100,,325307,18,,,1,100,,325308,18,,,1,100,,325309,18,,,1,100,,325310,18,,,1,105,,325311,18,,,1,200,,325312,18,,,1,199,,325313,18,,,1,205,,325314,18,,,1
9201,'20260930',438,,325315,18,,,1,66,,325316,18,,,1,41,,325318,7,0,7 23,1,56,,325317,18,,,1,31,,325319,7,0,7 23,1,24,,325320,18,,,1,82,,325322,7,0,7 23,1,21,,325321,18,,,1,100,,325323,18,,,1,100,,325324,18,,,1,100,,325325,18,,,1,100,,325326,18,,,1,145,,325327,18,,,1,100,,325328,18,,,1,100,,325329,18,,,1,100,,325330,18,,,1,100,,325331,18,,,1,100,,325332,18,,,1,105,,325333,18,,,1,200,,325334,18,,,1,199,,325335,18,,,1,205,,325336,18,,,1
9201,'20261001',438,,325337,18,,,1,66,,325338,18,,,1,41,,325340,7,0,7 23,1,56,,325339,18,,,1,31,,325341,7,0,7 23,1,24,,325342,18,,,1,82,,325344,7,0,7 23,1,21,,325343,18,,,1,100,,325345,18,,,1,100,,325346,18,,,1,100,,325347,18,,,1,100,,325348,18,,,1,145,,325349,18,,,1,100,,325350,18,,,1,100,,325351,18,,,1,100,,325352,18,,,1,100,,325353,18,,,1,100,,325354,18,,,1,105,,325355,18,,,1,200,,325356,18,,,1,199,,325357,18,,,1,205,,325358,18,,,1
9201,'20261002',438,,325359,18,,,1,66,,325360,18,,,1,41,,325362,7,0,7 23,1,56,,325361,18,,,1,31,,325363,7,0,7 23,1,24,,325364,18,,,1,82,,325366,7,0,7 23,1,21,,325365,18,,,1,100,,325367,18,,,1,100,,325368,18,,,1,100,,325369,18,,,1,100,,325370,18,,,1,145,,325371,18,,,1,100,,325372,18,,,1,100,,325373,18,,,1,100,,325374,18,,,1,100,,325375,18,,,1,100,,325376,18,,,1,105,,325377,18,,,1,200,,325378,18,,,1,199,,325379,18,,,1,205,,325380,18,,,1
9201,'20261003',554,,325381,18,,,1,100,,325382,18,,,1,100,,325383,18,,,1,95,,325384,18,,,1,99,,325385,18,,,1,95,,325386,18,,,1,96,,325387,18,,,1,100,,325388,18,,,1,100,,325389,18,,,1,100,,325390,18,,,1,105,,325391,18,,,1,105,,325392,18,,,1,99,,325393,18,,,1,100,,325394,18,,,1,109,,325395,18,,,1,245,,325396,18,,,1,153,,325397,18,,,1
9201,'20261004',554,,325398,18,,,1,100,,325399,18,,,1,100,,325400,18,,,1,95,,325401,18,,,1,99,,325402,18,,,1,95,,325403,18,,,1,96,,325404,18,,,1,100,,325405,18,,,1,100,,325406,18,,,1,100,,325407,18,,,1,105,,325408,18,,,1,105,,325409,18,,,1,99,,325410,18,,,1,100,,325411,18,,,1,109,,325412,18,,,1,245,,325413,18,,,1,153,,325414,18,,,1
9201,'20261005',438,,325415,18,,,1,66,,325416,18,,,1,41,,325418,7,0,7 23,1,56,,325417,18,,,1,31,,325419,7,0,7 23,1,24,,325420,18,,,1,82,,325422,7,0,7 23,1,21,,325421,18,,,1,100,,325423,18,,,1,100,,325424,18,,,1,100,,325425,18,,,1,100,,325426,18,,,1,145,,325427,18,,,1,100,,325428,18,,,1,100,,325429,18,,,1,100,,325430,18,,,1,100,,325431,18,,,1,100,,325432,18,,,1,105,,325433,18,,,1,200,,325434,18,,,1,199,,325435,18,,,1,205,,325436,18,,,1
9201,'20261006',438,,325437,18,,,1,66,,325438,18,,,1,41,,325440,7,0,7 23,1,56,,325439,18,,,1,31,,325441,7,0,7 23,1,24,,325442,18,,,1,82,,325444,7,0,7 23,1,21,,325443,18,,,1,100,,325445,18,,,1,100,,325446,18,,,1,100,,325447,18,,,1,100,,325448,18,,,1,145,,325449,18,,,1,100,,325450,18,,,1,100,,325451,18,,,1,100,,325452,18,,,1,100,,325453,18,,,1,100,,325454,18,,,1,105,,325455,18,,,1,200,,325456,18,,,1,199,,325457,18,,,1,205,,325458,18,,,1
9201,'20261007',438,,325459,18,,,1,66,,325460,18,,,1,41,,325462,7,0,7 23,1,56,,325461,18,,,1,31,,325463,7,0,7 23,1,24,,325464,18,,,1,82,,325466,7,0,7 23,1,21,,325465,18,,,1,100,,325467,18,,,1,100,,325468,18,,,1,100,,325469,18,,,1,100,,325470,18,,,1,145,,325471,18,,,1,100,,325472,18,,,1,100,,325473,18,,,1,100,,325474,18,,,1,100,,325475,18,,,1,100,,325476,18,,,1,105,,325477,18,,,1,200,,325478,18,,,1,199,,325479,18,,,1,205,,325480,18,,,1
9201,'20261008',438,,325481,18,,,1,66,,325482,18,,,1,41,,325484,7,0,7 23,1,56,,325483,18,,,1,31,,325485,7,0,7 23,1,24,,325486,18,,,1,82,,325488,7,0,7 23,1,21,,325487,18,,,1,100,,325489,18,,,1,100,,325490,18,,,1,100,,325491,18,,,1,100,,325492,18,,,1,145,,325493,18,,,1,100,,325494,18,,,1,100,,325495,18,,,1,100,,325496,18,,,1,100,,325497,18,,,1,100,,325498,18,,,1,105,,325499,18,,,1,200,,325500,18,,,1,199,,325501,18,,,1,205,,325502,18,,,1
9201,'20261009',438,,325503,18,,,1,66,,325504,18,,,1,41,,325506,7,0,7 23,1,56,,325505,18,,,1,31,,325507,7,0,7 23,1,24,,325508,18,,,1,82,,325510,7,0,7 23,1,21,,325509,18,,,1,100,,325511,18,,,1,100,,325512,18,,,1,100,,325513,18,,,1,100,,325514,18,,,1,145,,325515,18,,,1,100,,325516,18,,,1,100,,325517,18,,,1,100,,325518,18,,,1,100,,325519,18,,,1,100,,325520,18,,,1,105,,325521,18,,,1,200,,325522,18,,,1,199,,325523,18,,,1,205,,325524,18,,,1
9201,'20261010',554,,325525,18,,,1,100,,325526,18,,,1,100,,325527,18,,,1,95,,325528,18,,,1,99,,325529,18,,,1,95,,325530,18,,,1,96,,325531,18,,,1,100,,325532,18,,,1,100,,325533,18,,,1,100,,325534,18,,,1,105,,325535,18,,,1,105,,325536,18,,,1,99,,325537,18,,,1,100,,325538,18,,,1,109,,325539,18,,,1,245,,325540,18,,,1,153,,325541,18,,,1
9201,'20261011',554,,325542,18,,,1,100,,325543,18,,,1,100,,325544,18,,,1,95,,325545,18,,,1,99,,325546,18,,,1,95,,325547,18,,,1,96,,325548,18,,,1,100,,325549,18,,,1,100,,325550,18,,,1,100,,325551,18,,,1,105,,325552,18,,,1,105,,325553,18,,,1,99,,325554,18,,,1,100,,325555,18,,,1,109,,325556,18,,,1,245,,325557,18,,,1,153,,325558,18,,,1
9201,'20261012',554,,325559,18,,,1,100,,325560,18,,,1,100,,325561,18,,,1,95,,325562,18,,,1,99,,325563,18,,,1,95,,325564,18,,,1,96,,325565,18,,,1,100,,325566,18,,,1,100,,325567,18,,,1,100,,325568,18,,,1,105,,325569,18,,,1,105,,325570,18,,,1,99,,325571,18,,,1,100,,325572,18,,,1,109,,325573,18,,,1,245,,325574,18,,,1,153,,325575,18,,,1
9201,'20261013',438,,325576,18,,,1,66,,325577,18,,,1,41,,325579,7,0,7 23,1,56,,325578,18,,,1,31,,325580,7,0,7 23,1,24,,325581,18,,,1,82,,325583,7,0,7 23,1,21,,325582,18,,,1,100,,325584,18,,,1,100,,325585,18,,,1,100,,325586,18,,,1,100,,325587,18,,,1,145,,325588,18,,,1,100,,325589,18,,,1,100,,325590,18,,,1,100,,325591,18,,,1,100,,325592,18,,,1,100,,325593,18,,,1,105,,325594,18,,,1,200,,325595,18,,,1,199,,325596,18,,,1,205,,325597,18,,,1
9201,'20261014',438,,325598,18,,,1,66,,325599,18,,,1,41,,325601,7,0,7 23,1,56,,325600,18,,,1,31,,325602,7,0,7 23,1,24,,325603,18,,,1,82,,325605,7,0,7 23,1,21,,325604,18,,,1,100,,325606,18,,,1,100,,325607,18,,,1,100,,325608,18,,,1,100,,325609,18,,,1,145,,325610,18,,,1,100,,325611,18,,,1,100,,325612,18,,,1,100,,325613,18,,,1,100,,325614,18,,,1,100,,325615,18,,,1,105,,325616,18,,,1,200,,325617,18,,,1,199,,325618,18,,,1,205,,325619,18,,,1
9201,'20261015',438,,325620,18,,,1,66,,325621,18,,,1,41,,325623,7,0,7 23,1,56,,325622,18,,,1,31,,325624,7,0,7 23,1,24,,325625,18,,,1,82,,325627,7,0,7 23,1,21,,325626,18,,,1,100,,325628,18,,,1,100,,325629,18,,,1,100,,325630,18,,,1,100,,325631,18,,,1,145,,325632,18,,,1,100,,325633,18,,,1,100,,325634,18,,,1,100,,325635,18,,,1,100,,325636,18,,,1,100,,325637,18,,,1,105,,325638,18,,,1,200,,325639,18,,,1,199,,325640,18,,,1,205,,325641,18,,,1
9201,'20261016',438,,325642,18,,,1,66,,325643,18,,,1,41,,325645,7,0,7 23,1,56,,325644,18,,,1,31,,325646,7,0,7 23,1,24,,325647,18,,,1,82,,325649,7,0,7 23,1,21,,325648,18,,,1,100,,325650,18,,,1,100,,325651,18,,,1,100,,325652,18,,,1,100,,325653,18,,,1,145,,325654,18,,,1,100,,325655,18,,,1,100,,325656,18,,,1,100,,325657,18,,,1,100,,325658,18,,,1,100,,325659,18,,,1,105,,325660,18,,,1,200,,325661,18,,,1,199,,325662,18,,,1,205,,325663,18,,,1
9201,'20261017',554,,325664,18,,,1,100,,325665,18,,,1,100,,325666,18,,,1,95,,325667,18,,,1,99,,325668,18,,,1,95,,325669,18,,,1,96,,325670,18,,,1,100,,325671,18,,,1,100,,325672,18,,,1,100,,325673,18,,,1,105,,325674,18,,,1,105,,325675,18,,,1,99,,325676,18,,,1,100,,325677,18,,,1,109,,325678,18,,,1,245,,325679,18,,,1,153,,325680,18,,,1
9201,'20261018',554,,325681,18,,,1,100,,325682,18,,,1,100,,325683,18,,,1,95,,325684,18,,,1,99,,325685,18,,,1,95,,325686,18,,,1,96,,325687,18,,,1,100,,325688,18,,,1,100,,325689,18,,,1,100,,325690,18,,,1,105,,325691,18,,,1,105,,325692,18,,,1,99,,325693,18,,,1,100,,325694,18,,,1,109,,325695,18,,,1,245,,325696,18,,,1,153,,325697,18,,,1
9201,'20261019',438,,325698,18,,,1,66,,325699,18,,,1,41,,325701,7,0,7 23,1,56,,325700,18,,,1,31,,325702,7,0,7 23,1,24,,325703,18,,,1,82,,325705,7,0,7 23,1,21,,325704,18,,,1,100,,325706,18,,,1,100,,325707,18,,,1,100,,325708,18,,,1,100,,325709,18,,,1,145,,325710,18,,,1,100,,325711,18,,,1,100,,325712,18,,,1,100,,325713,18,,,1,100,,325714,18,,,1,100,,325715,18,,,1,105,,325716,18,,,1,200,,325717,18,,,1,199,,325718,18,,,1,205,,325719,18,,,1
9201,'20261020',438,,325720,18,,,1,66,,325721,18,,,1,41,,325723,7,0,7 23,1,56,,325722,18,,,1,31,,325724,7,0,7 23,1,24,,325725,18,,,1,82,,325727,7,0,7 23,1,21,,325726,18,,,1,100,,325728,18,,,1,100,,325729,18,,,1,100,,325730,18,,,1,100,,325731,18,,,1,145,,325732,18,,,1,100,,325733,18,,,1,100,,325734,18,,,1,100,,325735,18,,,1,100,,325736,18,,,1,100,,325737,18,,,1,105,,325738,18,,,1,200,,325739,18,,,1,199,,325740,18,,,1,205,,325741,18,,,1
9201,'20261021',438,,325742,18,,,1,66,,325743,18,,,1,41,,325745,7,0,7 23,1,56,,325744,18,,,1,31,,325746,7,0,7 23,1,24,,325747,18,,,1,82,,325749,7,0,7 23,1,21,,325748,18,,,1,100,,325750,18,,,1,100,,325751,18,,,1,100,,325752,18,,,1,100,,325753,18,,,1,145,,325754,18,,,1,100,,325755,18,,,1,100,,325756,18,,,1,100,,325757,18,,,1,100,,325758,18,,,1,100,,325759,18,,,1,105,,325760,18,,,1,200,,325761,18,,,1,199,,325762,18,,,1,205,,325763,18,,,1
9201,'20261022',438,,325764,18,,,1,66,,325765,18,,,1,41,,325767,7,0,7 23,1,56,,325766,18,,,1,31,,325768,7,0,7 23,1,24,,325769,18,,,1,82,,325771,7,0,7 23,1,21,,325770,18,,,1,100,,325772,18,,,1,100,,325773,18,,,1,100,,325774,18,,,1,100,,325775,18,,,1,145,,325776,18,,,1,100,,325777,18,,,1,100,,325778,18,,,1,100,,325779,18,,,1,100,,325780,18,,,1,100,,325781,18,,,1,105,,325782,18,,,1,200,,325783,18,,,1,199,,325784,18,,,1,205,,325785,18,,,1
9201,'20261023',438,,325786,18,,,1,66,,325787,18,,,1,41,,325789,7,0,7 23,1,56,,325788,18,,,1,31,,325790,7,0,7 23,1,24,,325791,18,,,1,82,,325793,7,0,7 23,1,21,,325792,18,,,1,100,,325794,18,,,1,100,,325795,18,,,1,100,,325796,18,,,1,100,,325797,18,,,1,145,,325798,18,,,1,100,,325799,18,,,1,100,,325800,18,,,1,100,,325801,18,,,1,100,,325802,18,,,1,100,,325803,18,,,1,105,,325804,18,,,1,200,,325805,18,,,1,199,,325806,18,,,1,205,,325807,18,,,1
9201,'20261024',554,,325808,18,,,1,100,,325809,18,,,1,100,,325810,18,,,1,95,,325811,18,,,1,99,,325812,18,,,1,95,,325813,18,,,1,96,,325814,18,,,1,100,,325815,18,,,1,100,,325816,18,,,1,100,,325817,18,,,1,105,,325818,18,,,1,105,,325819,18,,,1,99,,325820,18,,,1,100,,325821,18,,,1,109,,325822,18,,,1,245,,325823,18,,,1,153,,325824,18,,,1
9201,'20261025',554,,325825,18,,,1,100,,325826,18,,,1,100,,325827,18,,,1,95,,325828,18,,,1,99,,325829,18,,,1,95,,325830,18,,,1,96,,325831,18,,,1,100,,325832,18,,,1,100,,325833,18,,,1,100,,325834,18,,,1,105,,325835,18,,,1,105,,325836,18,,,1,99,,325837,18,,,1,100,,325838,18,,,1,109,,325839,18,,,1,245,,325840,18,,,1,153,,325841,18,,,1
9201,'20261026',438,,325842,18,,,1,66,,325843,18,,,1,41,,325845,7,0,7 23,1,56,,325844,18,,,1,31,,325846,7,0,7 23,1,24,,325847,18,,,1,82,,325849,7,0,7 23,1,21,,325848,18,,,1,100,,325850,18,,,1,100,,325851,18,,,1,100,,325852,18,,,1,100,,325853,18,,,1,145,,325854,18,,,1,100,,325855,18,,,1,100,,325856,18,,,1,100,,325857,18,,,1,100,,325858,18,,,1,100,,325859,18,,,1,105,,325860,18,,,1,200,,325861,18,,,1,199,,325862,18,,,1,205,,325863,18,,,1
9201,'20261027',438,,325864,18,,,1,66,,325865,18,,,1,41,,325867,7,0,7 23,1,56,,325866,18,,,1,31,,325868,7,0,7 23,1,24,,325869,18,,,1,82,,325871,7,0,7 23,1,21,,325870,18,,,1,100,,325872,18,,,1,100,,325873,18,,,1,100,,325874,18,,,1,100,,325875,18,,,1,145,,325876,18,,,1,100,,325877,18,,,1,100,,325878,18,,,1,100,,325879,18,,,1,100,,325880,18,,,1,100,,325881,18,,,1,105,,325882,18,,,1,200,,325883,18,,,1,199,,325884,18,,,1,205,,325885,18,,,1
9201,'20261028',438,,325886,18,,,1,66,,325887,18,,,1,41,,325889,7,0,7 23,1,56,,325888,18,,,1,31,,325890,7,0,7 23,1,24,,325891,18,,,1,82,,325893,7,0,7 23,1,21,,325892,18,,,1,100,,325894,18,,,1,100,,325895,18,,,1,100,,325896,18,,,1,100,,325897,18,,,1,145,,325898,18,,,1,100,,325899,18,,,1,100,,325900,18,,,1,100,,325901,18,,,1,100,,325902,18,,,1,100,,325903,18,,,1,105,,325904,18,,,1,200,,325905,18,,,1,199,,325906,18,,,1,205,,325907,18,,,1
9201,'20261029',438,,325908,18,,,1,66,,325909,18,,,1,41,,325911,7,0,7 23,1,56,,325910,18,,,1,31,,325912,7,0,7 23,1,24,,325913,18,,,1,82,,325915,7,0,7 23,1,21,,325914,18,,,1,100,,325916,18,,,1,100,,325917,18,,,1,100,,325918,18,,,1,100,,325919,18,,,1,145,,325920,18,,,1,100,,325921,18,,,1,100,,325922,18,,,1,100,,325923,18,,,1,100,,325924,18,,,1,100,,325925,18,,,1,105,,325926,18,,,1,200,,325927,18,,,1,199,,325928,18,,,1,205,,325929,18,,,1
9201,'20261030',438,,325930,18,,,1,66,,325931,18,,,1,41,,325933,7,0,7 23,1,56,,325932,18,,,1,31,,325934,7,0,7 23,1,24,,325935,18,,,1,82,,325937,7,0,7 23,1,21,,325936,18,,,1,100,,325938,18,,,1,100,,325939,18,,,1,100,,325940,18,,,1,100,,325941,18,,,1,145,,325942,18,,,1,100,,325943,18,,,1,100,,325944,18,,,1,100,,325945,18,,,1,100,,325946,18,,,1,100,,325947,18,,,1,105,,325948,18,,,1,200,,325949,18,,,1,199,,325950,18,,,1,205,,325951,18,,,1
9201,'20261031',554,,325952,18,,,1,100,,325953,18,,,1,100,,325954,18,,,1,95,,325955,18,,,1,99,,325956,18,,,1,95,,325957,18,,,1,96,,325958,18,,,1,100,,325959,18,,,1,100,,325960,18,,,1,100,,325961,18,,,1,105,,325962,18,,,1,105,,325963,18,,,1,99,,325964,18,,,1,100,,325965,18,,,1,109,,325966,18,,,1,245,,325967,18,,,1,153,,325968,18,,,1
9201,'20261101',554,,325969,18,,,1,100,,325970,18,,,1,100,,325971,18,,,1,95,,325972,18,,,1,99,,325973,18,,,1,95,,325974,18,,,1,96,,325975,18,,,1,100,,325976,18,,,1,100,,325977,18,,,1,100,,325978,18,,,1,105,,325979,18,,,1,105,,325980,18,,,1,99,,325981,18,,,1,100,,325982,18,,,1,109,,325983,18,,,1,245,,325984,18,,,1,153,,325985,18,,,1
9201,'20261102',438,,325986,18,,,1,66,,325987,18,,,1,41,,325989,7,0,7 23,1,56,,325988,18,,,1,31,,325990,7,0,7 23,1,24,,325991,18,,,1,82,,325993,7,0,7 23,1,21,,325992,18,,,1,100,,325994,18,,,1,100,,325995,18,,,1,100,,325996,18,,,1,100,,325997,18,,,1,145,,325998,18,,,1,100,,325999,18,,,1,100,,326000,18,,,1,100,,326001,18,,,1,100,,326002,18,,,1,100,,326003,18,,,1,105,,326004,18,,,1,200,,326005,18,,,1,199,,326006,18,,,1,205,,326007,18,,,1
9201,'20261103',438,,326008,18,,,1,66,,326009,18,,,1,41,,326011,7,0,7 23,1,56,,326010,18,,,1,31,,326012,7,0,7 23,1,24,,326013,18,,,1,82,,326015,7,0,7 23,1,21,,326014,18,,,1,100,,326016,18,,,1,100,,326017,18,,,1,100,,326018,18,,,1,100,,326019,18,,,1,145,,326020,18,,,1,100,,326021,18,,,1,100,,326022,18,,,1,100,,326023,18,,,1,100,,326024,18,,,1,100,,326025,18,,,1,105,,326026,18,,,1,200,,326027,18,,,1,199,,326028,18,,,1,205,,326029,18,,,1
9201,'20261104',438,,326030,18,,,1,66,,326031,18,,,1,41,,326033,7,0,7 23,1,56,,326032,18,,,1,31,,326034,7,0,7 23,1,24,,326035,18,,,1,82,,326037,7,0,7 23,1,21,,326036,18,,,1,100,,326038,18,,,1,100,,326039,18,,,1,100,,326040,18,,,1,100,,326041,18,,,1,145,,326042,18,,,1,100,,326043,18,,,1,100,,326044,18,,,1,100,,326045,18,,,1,100,,326046,18,,,1,100,,326047,18,,,1,105,,326048,18,,,1,200,,326049,18,,,1,199,,326050,18,,,1,205,,326051,18,,,1
9201,'20261105',438,,326052,18,,,1,66,,326053,18,,,1,41,,326055,7,0,7 23,1,56,,326054,18,,,1,31,,326056,7,0,7 23,1,24,,326057,18,,,1,82,,326059,7,0,7 23,1,21,,326058,18,,,1,100,,326060,18,,,1,100,,326061,18,,,1,100,,326062,18,,,1,100,,326063,18,,,1,145,,326064,18,,,1,100,,326065,18,,,1,100,,326066,18,,,1,100,,326067,18,,,1,100,,326068,18,,,1,100,,326069,18,,,1,105,,326070,18,,,1,200,,326071,18,,,1,199,,326072,18,,,1,205,,326073,18,,,1
9201,'20261106',438,,326074,18,,,1,66,,326075,18,,,1,41,,326077,7,0,7 23,1,56,,326076,18,,,1,31,,326078,7,0,7 23,1,24,,326079,18,,,1,82,,326081,7,0,7 23,1,21,,326080,18,,,1,100,,326082,18,,,1,100,,326083,18,,,1,100,,326084,18,,,1,100,,326085,18,,,1,145,,326086,18,,,1,100,,326087,18,,,1,100,,326088,18,,,1,100,,326089,18,,,1,100,,326090,18,,,1,100,,326091,18,,,1,105,,326092,18,,,1,200,,326093,18,,,1,199,,326094,18,,,1,205,,326095,18,,,1
9201,'20261107',554,,326096,18,,,1,100,,326097,18,,,1,100,,326098,18,,,1,95,,326099,18,,,1,99,,326100,18,,,1,95,,326101,18,,,1,96,,326102,18,,,1,100,,326103,18,,,1,100,,326104,18,,,1,100,,326105,18,,,1,105,,326106,18,,,1,105,,326107,18,,,1,99,,326108,18,,,1,100,,326109,18,,,1,109,,326110,18,,,1,245,,326111,18,,,1,153,,326112,18,,,1
9201,'20261108',554,,326113,18,,,1,100,,326114,18,,,1,100,,326115,18,,,1,95,,326116,18,,,1,99,,326117,18,,,1,95,,326118,18,,,1,96,,326119,18,,,1,100,,326120,18,,,1,100,,326121,18,,,1,100,,326122,18,,,1,105,,326123,18,,,1,105,,326124,18,,,1,99,,326125,18,,,1,100,,326126,18,,,1,109,,326127,18,,,1,245,,326128,18,,,1,153,,326129,18,,,1
9201,'20261109',438,,326130,18,,,1,66,,326131,18,,,1,41,,326133,7,0,7 23,1,56,,326132,18,,,1,31,,326134,7,0,7 23,1,24,,326135,18,,,1,82,,326137,7,0,7 23,1,21,,326136,18,,,1,100,,326138,18,,,1,100,,326139,18,,,1,100,,326140,18,,,1,100,,326141,18,,,1,145,,326142,18,,,1,100,,326143,18,,,1,100,,326144,18,,,1,100,,326145,18,,,1,100,,326146,18,,,1,100,,326147,18,,,1,105,,326148,18,,,1,200,,326149,18,,,1,199,,326150,18,,,1,205,,326151,18,,,1
9201,'20261110',438,,326152,18,,,1,66,,326153,18,,,1,41,,326155,7,0,7 23,1,56,,326154,18,,,1,31,,326156,7,0,7 23,1,24,,326157,18,,,1,82,,326159,7,0,7 23,1,21,,326158,18,,,1,100,,326160,18,,,1,100,,326161,18,,,1,100,,326162,18,,,1,100,,326163,18,,,1,145,,326164,18,,,1,100,,326165,18,,,1,100,,326166,18,,,1,100,,326167,18,,,1,100,,326168,18,,,1,100,,326169,18,,,1,105,,326170,18,,,1,200,,326171,18,,,1,199,,326172,18,,,1,205,,326173,18,,,1
9201,'20261111',438,,326174,18,,,1,66,,326175,18,,,1,41,,326177,7,0,7 23,1,56,,326176,18,,,1,31,,326178,7,0,7 23,1,24,,326179,18,,,1,82,,326181,7,0,7 23,1,21,,326180,18,,,1,100,,326182,18,,,1,100,,326183,18,,,1,100,,326184,18,,,1,100,,326185,18,,,1,145,,326186,18,,,1,100,,326187,18,,,1,100,,326188,18,,,1,100,,326189,18,,,1,100,,326190,18,,,1,100,,326191,18,,,1,105,,326192,18,,,1,200,,326193,18,,,1,199,,326194,18,,,1,205,,326195,18,,,1
9201,'20261112',438,,326196,18,,,1,66,,326197,18,,,1,41,,326199,7,0,7 23,1,56,,326198,18,,,1,31,,326200,7,0,7 23,1,24,,326201,18,,,1,82,,326203,7,0,7 23,1,21,,326202,18,,,1,100,,326204,18,,,1,100,,326205,18,,,1,100,,326206,18,,,1,100,,326207,18,,,1,145,,326208,18,,,1,100,,326209,18,,,1,100,,326210,18,,,1,100,,326211,18,,,1,100,,326212,18,,,1,100,,326213,18,,,1,105,,326214,18,,,1,200,,326215,18,,,1,199,,326216,18,,,1,205,,326217,18,,,1
9201,'20261113',438,,326218,18,,,1,66,,326219,18,,,1,41,,326221,7,0,7 23,1,56,,326220,18,,,1,31,,326222,7,0,7 23,1,24,,326223,18,,,1,82,,326225,7,0,7 23,1,21,,326224,18,,,1,100,,326226,18,,,1,100,,326227,18,,,1,100,,326228,18,,,1,100,,326229,18,,,1,145,,326230,18,,,1,100,,326231,18,,,1,100,,326232,18,,,1,100,,326233,18,,,1,100,,326234,18,,,1,100,,326235,18,,,1,105,,326236,18,,,1,200,,326237,18,,,1,199,,326238,18,,,1,205,,326239,18,,,1
9201,'20261114',554,,326240,18,,,1,100,,326241,18,,,1,100,,326242,18,,,1,95,,326243,18,,,1,99,,326244,18,,,1,95,,326245,18,,,1,96,,326246,18,,,1,100,,326247,18,,,1,100,,326248,18,,,1,100,,326249,18,,,1,105,,326250,18,,,1,105,,326251,18,,,1,99,,326252,18,,,1,100,,326253,18,,,1,109,,326254,18,,,1,245,,326255,18,,,1,153,,326256,18,,,1
9201,'20261115',554,,326257,18,,,1,100,,326258,18,,,1,100,,326259,18,,,1,95,,326260,18,,,1,99,,326261,18,,,1,95,,326262,18,,,1,96,,326263,18,,,1,100,,326264,18,,,1,100,,326265,18,,,1,100,,326266,18,,,1,105,,326267,18,,,1,105,,326268,18,,,1,99,,326269,18,,,1,100,,326270,18,,,1,109,,326271,18,,,1,245,,326272,18,,,1,153,,326273,18,,,1
9201,'20261116',438,,326274,18,,,1,66,,326275,18,,,1,41,,326277,7,0,7 23,1,56,,326276,18,,,1,31,,326278,7,0,7 23,1,24,,326279,18,,,1,82,,326281,7,0,7 23,1,21,,326280,18,,,1,100,,326282,18,,,1,100,,326283,18,,,1,100,,326284,18,,,1,100,,326285,18,,,1,145,,326286,18,,,1,100,,326287,18,,,1,100,,326288,18,,,1,100,,326289,18,,,1,100,,326290,18,,,1,100,,326291,18,,,1,105,,326292,18,,,1,200,,326293,18,,,1,199,,326294,18,,,1,205,,326295,18,,,1
9201,'20261117',438,,326296,18,,,1,66,,326297,18,,,1,41,,326299,7,0,7 23,1,56,,326298,18,,,1,31,,326300,7,0,7 23,1,24,,326301,18,,,1,82,,326303,7,0,7 23,1,21,,326302,18,,,1,100,,326304,18,,,1,100,,326305,18,,,1,100,,326306,18,,,1,100,,326307,18,,,1,145,,326308,18,,,1,100,,326309,18,,,1,100,,326310,18,,,1,100,,326311,18,,,1,100,,326312,18,,,1,100,,326313,18,,,1,105,,326314,18,,,1,200,,326315,18,,,1,199,,326316,18,,,1,205,,326317,18,,,1
9201,'20261118',438,,326318,18,,,1,66,,326319,18,,,1,41,,326321,7,0,7 23,1,56,,326320,18,,,1,31,,326322,7,0,7 23,1,24,,326323,18,,,1,82,,326325,7,0,7 23,1,21,,326324,18,,,1,100,,326326,18,,,1,100,,326327,18,,,1,100,,326328,18,,,1,100,,326329,18,,,1,145,,326330,18,,,1,100,,326331,18,,,1,100,,326332,18,,,1,100,,326333,18,,,1,100,,326334,18,,,1,100,,326335,18,,,1,105,,326336,18,,,1,200,,326337,18,,,1,199,,326338,18,,,1,205,,326339,18,,,1
9201,'20261119',438,,326340,18,,,1,66,,326341,18,,,1,41,,326343,7,0,7 23,1,56,,326342,18,,,1,31,,326344,7,0,7 23,1,24,,326345,18,,,1,82,,326347,7,0,7 23,1,21,,326346,18,,,1,100,,326348,18,,,1,100,,326349,18,,,1,100,,326350,18,,,1,100,,326351,18,,,1,145,,326352,18,,,1,100,,326353,18,,,1,100,,326354,18,,,1,100,,326355,18,,,1,100,,326356,18,,,1,100,,326357,18,,,1,105,,326358,18,,,1,200,,326359,18,,,1,199,,326360,18,,,1,205,,326361,18,,,1
9201,'20261120',438,,326362,18,,,1,66,,326363,18,,,1,41,,326365,7,0,7 23,1,56,,326364,18,,,1,31,,326366,7,0,7 23,1,24,,326367,18,,,1,82,,326369,7,0,7 23,1,21,,326368,18,,,1,100,,326370,18,,,1,100,,326371,18,,,1,100,,326372,18,,,1,100,,326373,18,,,1,145,,326374,18,,,1,100,,326375,18,,,1,100,,326376,18,,,1,100,,326377,18,,,1,100,,326378,18,,,1,100,,326379,18,,,1,105,,326380,18,,,1,200,,326381,18,,,1,199,,326382,18,,,1,205,,326383,18,,,1
9201,'20261121',554,,326384,18,,,1,100,,326385,18,,,1,100,,326386,18,,,1,95,,326387,18,,,1,99,,326388,18,,,1,95,,326389,18,,,1,96,,326390,18,,,1,100,,326391,18,,,1,100,,326392,18,,,1,100,,326393,18,,,1,105,,326394,18,,,1,105,,326395,18,,,1,99,,326396,18,,,1,100,,326397,18,,,1,109,,326398,18,,,1,245,,326399,18,,,1,153,,326400,18,,,1
9201,'20261122',554,,326401,18,,,1,100,,326402,18,,,1,100,,326403,18,,,1,95,,326404,18,,,1,99,,326405,18,,,1,95,,326406,18,,,1,96,,326407,18,,,1,100,,326408,18,,,1,100,,326409,18,,,1,100,,326410,18,,,1,105,,326411,18,,,1,105,,326412,18,,,1,99,,326413,18,,,1,100,,326414,18,,,1,109,,326415,18,,,1,245,,326416,18,,,1,153,,326417,18,,,1
9201,'20261123',438,,326418,18,,,1,66,,326419,18,,,1,41,,326421,7,0,7 23,1,56,,326420,18,,,1,31,,326422,7,0,7 23,1,24,,326423,18,,,1,82,,326425,7,0,7 23,1,21,,326424,18,,,1,100,,326426,18,,,1,100,,326427,18,,,1,100,,326428,18,,,1,100,,326429,18,,,1,145,,326430,18,,,1,100,,326431,18,,,1,100,,326432,18,,,1,100,,326433,18,,,1,100,,326434,18,,,1,100,,326435,18,,,1,105,,326436,18,,,1,200,,326437,18,,,1,199,,326438,18,,,1,205,,326439,18,,,1
9201,'20261124',438,,326440,18,,,1,66,,326441,18,,,1,41,,326443,7,0,7 23,1,56,,326442,18,,,1,31,,326444,7,0,7 23,1,24,,326445,18,,,1,82,,326447,7,0,7 23,1,21,,326446,18,,,1,100,,326448,18,,,1,100,,326449,18,,,1,100,,326450,18,,,1,100,,326451,18,,,1,145,,326452,18,,,1,100,,326453,18,,,1,100,,326454,18,,,1,100,,326455,18,,,1,100,,326456,18,,,1,100,,326457,18,,,1,105,,326458,18,,,1,200,,326459,18,,,1,199,,326460,18,,,1,205,,326461,18,,,1
9201,'20261125',438,,326462,18,,,1,66,,326463,18,,,1,41,,326465,7,0,7 23,1,56,,326464,18,,,1,31,,326466,7,0,7 23,1,24,,326467,18,,,1,82,,326469,7,0,7 23,1,21,,326468,18,,,1,100,,326470,18,,,1,100,,326471,18,,,1,100,,326472,18,,,1,100,,326473,18,,,1,145,,326474,18,,,1,100,,326475,18,,,1,100,,326476,18,,,1,100,,326477,18,,,1,100,,326478,18,,,1,100,,326479,18,,,1,105,,326480,18,,,1,200,,326481,18,,,1,199,,326482,18,,,1,205,,326483,18,,,1
9201,'20261126',438,,326484,18,,,1,66,,326485,18,,,1,41,,326487,7,0,7 23,1,56,,326486,18,,,1,31,,326488,7,0,7 23,1,24,,326489,18,,,1,82,,326491,7,0,7 23,1,21,,326490,18,,,1,100,,326492,18,,,1,100,,326493,18,,,1,100,,326494,18,,,1,100,,326495,18,,,1,145,,326496,18,,,1,100,,326497,18,,,1,100,,326498,18,,,1,100,,326499,18,,,1,100,,326500,18,,,1,100,,326501,18,,,1,105,,326502,18,,,1,200,,326503,18,,,1,199,,326504,18,,,1,205,,326505,18,,,1
9201,'20261127',438,,326506,18,,,1,66,,326507,18,,,1,41,,326509,7,0,7 23,1,56,,326508,18,,,1,31,,326510,7,0,7 23,1,24,,326511,18,,,1,82,,326513,7,0,7 23,1,21,,326512,18,,,1,100,,326514,18,,,1,100,,326515,18,,,1,100,,326516,18,,,1,100,,326517,18,,,1,145,,326518,18,,,1,100,,326519,18,,,1,100,,326520,18,,,1,100,,326521,18,,,1,100,,326522,18,,,1,100,,326523,18,,,1,105,,326524,18,,,1,200,,326525,18,,,1,199,,326526,18,,,1,205,,326527,18,,,1
