6801,'20260821',431,,205503,15,0,5 16 26 9,1,594,,205504,15,,,1,100,,205505,15,,,1,382,,205506,15,0,5 16 26 9,1,200,,205507,15,0,5 16 26 9,1,118,,205508,15,,,1,107,,205509,15,,,1,385,,205510,15,0,5 16 26 9,1
6801,'20260822',933,,205511,15,,,1,300,,205512,15,,,1,300,,205513,15,,,1,300,,205514,15,,,1,505,,205515,15,0,5 16 26 9,1
6801,'20260823',933,,205516,15,,,1,300,,205517,15,,,1,300,,205518,15,,,1,300,,205519,15,,,1,505,,205520,15,0,5 16 26 9,1
6801,'20260824',431,,205521,15,0,5 16 26 9,1,594,,205522,15,,,1,100,,205523,15,,,1,382,,205524,15,0,5 16 26 9,1,200,,205525,15,0,5 16 26 9,1,118,,205526,15,,,1,107,,205527,15,,,1,385,,205528,15,0,5 16 26 9,1
6801,'20260825',431,,205529,15,0,5 16 26 9,1,594,,205530,15,,,1,100,,205531,15,,,1,382,,205532,15,0,5 16 26 9,1,200,,205533,15,0,5 16 26 9,1,118,,205534,15,,,1,107,,205535,15,,,1,385,,205536,15,0,5 16 26 9,1
6801,'20260826',431,,205537,15,0,5 16 26 9,1,594,,205538,15,,,1,100,,205539,15,,,1,382,,205540,15,0,5 16 26 9,1,200,,205541,15,0,5 16 26 9,1,118,,205542,15,,,1,107,,205543,15,,,1,385,,205544,15,0,5 16 26 9,1
6801,'20260827',431,,205545,15,0,5 16 26 9,1,594,,205546,15,,,1,100,,205547,15,,,1,382,,205548,15,0,5 16 26 9,1,200,,205549,15,0,5 16 26 9,1,118,,205550,15,,,1,107,,205551,15,,,1,385,,205552,15,0,5 16 26 9,1
6801,'20260828',431,,205553,15,0,5 16 26 9,1,594,,205554,15,,,1,100,,205555,15,,,1,382,,205556,15,0,5 16 26 9,1,200,,205557,15,0,5 16 26 9,1,118,,205558,15,,,1,107,,205559,15,,,1,385,,205560,15,0,5 16 26 9,1
6801,'20260829',933,,205561,15,,,1,300,,205562,15,,,1,300,,205563,15,,,1,300,,205564,15,,,1,505,,205565,15,0,5 16 26 9,1
6801,'20260830',933,,205566,15,,,1,300,,205567,15,,,1,300,,205568,15,,,1,300,,205569,15,,,1,505,,205570,15,0,5 16 26 9,1
6801,'20260831',431,,205571,15,0,5 16 26 9,1,594,,205572,15,,,1,100,,205573,15,,,1,382,,205574,15,0,5 16 26 9,1,200,,205575,15,0,5 16 26 9,1,118,,205576,15,,,1,107,,205577,15,,,1,385,,205578,15,0,5 16 26 9,1
6801,'20260901',431,,205579,15,0,5 16 26 9,1,594,,205580,15,,,1,100,,205581,15,,,1,382,,205582,15,0,5 16 26 9,1,200,,205583,15,0,5 16 26 9,1,118,,205584,15,,,1,107,,205585,15,,,1,385,,205586,15,0,5 16 26 9,1
6801,'20260902',431,,205587,15,0,5 16 26 9,1,594,,205588,15,,,1,100,,205589,15,,,1,382,,205590,15,0,5 16 26 9,1,200,,205591,15,0,5 16 26 9,1,118,,205592,15,,,1,107,,205593,15,,,1,385,,205594,15,0,5 16 26 9,1
6801,'20260903',431,,205595,15,0,5 16 26 9,1,594,,205596,15,,,1,100,,205597,15,,,1,382,,205598,15,0,5 16 26 9,1,200,,205599,15,0,5 16 26 9,1,118,,205600,15,,,1,107,,205601,15,,,1,385,,205602,15,0,5 16 26 9,1
6801,'20260904',431,,205603,15,0,5 16 26 9,1,594,,205604,15,,,1,100,,205605,15,,,1,382,,205606,15,0,5 16 26 9,1,200,,205607,15,0,5 16 26 9,1,118,,205608,15,,,1,107,,205609,15,,,1,385,,205610,15,0,5 16 26 9,1
