4300,'20260910',755,,296175,23,,,1,696,,296176,23,,,1,150,,296177,23,,,1,100,,296178,23,,,1,45,,296179,23,,,1,60,,296180,23,,,1,37,,296181,23,,,1,60,,296182,23,,,1,48,,296183,23,,,1,100,,296184,23,,,1
4300,'20260911',755,,296185,23,,,1,696,,296186,23,,,1,150,,296187,23,,,1,100,,296188,23,,,1,45,,296189,23,,,1,60,,296190,23,,,1,37,,296191,23,,,1,60,,296192,23,,,1,48,,296193,23,,,1,100,,296194,23,,,1
4300,'20260914',755,,296195,23,,,1,696,,296196,23,,,1,150,,296197,23,,,1,100,,296198,23,,,1,45,,296199,23,,,1,60,,296200,23,,,1,37,,296201,23,,,1,60,,296202,23,,,1,48,,296203,23,,,1,100,,296204,23,,,1
4300,'20260915',755,,296205,23,,,1,696,,296206,23,,,1,150,,296207,23,,,1,100,,296208,23,,,1,45,,296209,23,,,1,60,,296210,23,,,1,37,,296211,23,,,1,60,,296212,23,,,1,48,,296213,23,,,1,100,,296214,23,,,1
4300,'20260916',755,,296215,23,,,1,696,,296216,23,,,1,150,,296217,23,,,1,100,,296218,23,,,1,45,,296219,23,,,1,60,,296220,23,,,1,37,,296221,23,,,1,60,,296222,23,,,1,48,,296223,23,,,1,100,,296224,23,,,1
4300,'20260917',755,,296225,23,,,1,696,,296226,23,,,1,150,,296227,23,,,1,100,,296228,23,,,1,45,,296229,23,,,1,60,,296230,23,,,1,37,,296231,23,,,1,60,,296232,23,,,1,48,,296233,23,,,1,100,,296234,23,,,1
4300,'20260918',755,,296235,23,,,1,696,,296236,23,,,1,150,,296237,23,,,1,100,,296238,23,,,1,45,,296239,23,,,1,60,,296240,23,,,1,37,,296241,23,,,1,60,,296242,23,,,1,48,,296243,23,,,1,100,,296244,23,,,1
4300,'20260921',755,,296245,23,,,1,696,,296246,23,,,1,150,,296247,23,,,1,100,,296248,23,,,1,45,,296249,23,,,1,60,,296250,23,,,1,37,,296251,23,,,1,60,,296252,23,,,1,48,,296253,23,,,1,100,,296254,23,,,1
4300,'20260922',755,,296255,23,,,1,696,,296256,23,,,1,150,,296257,23,,,1,100,,296258,23,,,1,45,,296259,23,,,1,60,,296260,23,,,1,37,,296261,23,,,1,60,,296262,23,,,1,48,,296263,23,,,1,100,,296264,23,,,1
4300,'20260923',755,,296265,23,,,1,696,,296266,23,,,1,150,,296267,23,,,1,100,,296268,23,,,1,45,,296269,23,,,1,60,,296270,23,,,1,37,,296271,23,,,1,60,,296272,23,,,1,48,,296273,23,,,1,100,,296274,23,,,1
4300,'20260924',755,,296275,23,,,1,696,,296276,23,,,1,150,,296277,23,,,1,100,,296278,23,,,1,45,,296279,23,,,1,60,,296280,23,,,1,37,,296281,23,,,1,60,,296282,23,,,1,48,,296283,23,,,1,100,,296284,23,,,1
4300,'20260925',755,,296285,23,,,1,696,,296286,23,,,1,150,,296287,23,,,1,100,,296288,23,,,1,45,,296289,23,,,1,60,,296290,23,,,1,37,,296291,23,,,1,60,,296292,23,,,1,48,,296293,23,,,1,100,,296294,23,,,1
4300,'20260928',755,,296295,23,,,1,696,,296296,23,,,1,150,,296297,23,,,1,100,,296298,23,,,1,45,,296299,23,,,1,60,,296300,23,,,1,37,,296301,23,,,1,60,,296302,23,,,1,48,,296303,23,,,1,100,,296304,23,,,1
4300,'20260929',755,,296305,23,,,1,696,,296306,23,,,1,150,,296307,23,,,1,100,,296308,23,,,1,45,,296309,23,,,1,60,,296310,23,,,1,37,,296311,23,,,1,60,,296312,23,,,1,48,,296313,23,,,1,100,,296314,23,,,1
4300,'20260930',755,,296315,23,,,1,696,,296316,23,,,1,150,,296317,23,,,1,100,,296318,23,,,1,45,,296319,23,,,1,60,,296320,23,,,1,37,,296321,23,,,1,60,,296322,23,,,1,48,,296323,23,,,1,100,,296324,23,,,1
4300,'20261001',755,,296325,23,,,1,696,,296326,23,,,1,150,,296327,23,,,1,100,,296328,23,,,1,45,,296329,23,,,1,60,,296330,23,,,1,37,,296331,23,,,1,60,,296332,23,,,1,48,,296333,23,,,1,100,,296334,23,,,1
4300,'20261002',755,,296335,23,,,1,696,,296336,23,,,1,150,,296337,23,,,1,100,,296338,23,,,1,45,,296339,23,,,1,60,,296340,23,,,1,37,,296341,23,,,1,60,,296342,23,,,1,48,,296343,23,,,1,100,,296344,23,,,1
4300,'20261005',755,,296345,23,,,1,696,,296346,23,,,1,150,,296347,23,,,1,100,,296348,23,,,1,45,,296349,23,,,1,60,,296350,23,,,1,37,,296351,23,,,1,60,,296352,23,,,1,48,,296353,23,,,1,100,,296354,23,,,1
4300,'20261006',755,,296355,23,,,1,696,,296356,23,,,1,150,,296357,23,,,1,100,,296358,23,,,1,45,,296359,23,,,1,60,,296360,23,,,1,37,,296361,23,,,1,60,,296362,23,,,1,48,,296363,23,,,1,100,,296364,23,,,1
4300,'20261007',755,,296365,23,,,1,696,,296366,23,,,1,150,,296367,23,,,1,100,,296368,23,,,1,45,,296369,23,,,1,60,,296370,23,,,1,37,,296371,23,,,1,60,,296372,23,,,1,48,,296373,23,,,1,100,,296374,23,,,1
4300,'20261008',755,,296375,23,,,1,696,,296376,23,,,1,150,,296377,23,,,1,100,,296378,23,,,1,45,,296379,23,,,1,60,,296380,23,,,1,37,,296381,23,,,1,60,,296382,23,,,1,48,,296383,23,,,1,100,,296384,23,,,1
4300,'20261009',755,,296385,23,,,1,696,,296386,23,,,1,150,,296387,23,,,1,100,,296388,23,,,1,45,,296389,23,,,1,60,,296390,23,,,1,37,,296391,23,,,1,60,,296392,23,,,1,48,,296393,23,,,1,100,,296394,23,,,1
4300,'20261013',755,,296395,23,,,1,696,,296396,23,,,1,150,,296397,23,,,1,100,,296398,23,,,1,45,,296399,23,,,1,60,,296400,23,,,1,37,,296401,23,,,1,60,,296402,23,,,1,48,,296403,23,,,1,100,,296404,23,,,1
4300,'20261014',755,,296405,23,,,1,696,,296406,23,,,1,150,,296407,23,,,1,100,,296408,23,,,1,45,,296409,23,,,1,60,,296410,23,,,1,37,,296411,23,,,1,60,,296412,23,,,1,48,,296413,23,,,1,100,,296414,23,,,1
4300,'20261015',755,,296415,23,,,1,696,,296416,23,,,1,150,,296417,23,,,1,100,,296418,23,,,1,45,,296419,23,,,1,60,,296420,23,,,1,37,,296421,23,,,1,60,,296422,23,,,1,48,,296423,23,,,1,100,,296424,23,,,1
4300,'20261016',755,,296425,23,,,1,696,,296426,23,,,1,150,,296427,23,,,1,100,,296428,23,,,1,45,,296429,23,,,1,60,,296430,23,,,1,37,,296431,23,,,1,60,,296432,23,,,1,48,,296433,23,,,1,100,,296434,23,,,1
4300,'20261019',755,,296435,23,,,1,696,,296436,23,,,1,150,,296437,23,,,1,100,,296438,23,,,1,45,,296439,23,,,1,60,,296440,23,,,1,37,,296441,23,,,1,60,,296442,23,,,1,48,,296443,23,,,1,100,,296444,23,,,1
4300,'20261020',755,,296445,23,,,1,696,,296446,23,,,1,150,,296447,23,,,1,100,,296448,23,,,1,45,,296449,23,,,1,60,,296450,23,,,1,37,,296451,23,,,1,60,,296452,23,,,1,48,,296453,23,,,1,100,,296454,23,,,1
4300,'20261021',755,,296455,23,,,1,696,,296456,23,,,1,150,,296457,23,,,1,100,,296458,23,,,1,45,,296459,23,,,1,60,,296460,23,,,1,37,,296461,23,,,1,60,,296462,23,,,1,48,,296463,23,,,1,100,,296464,23,,,1
4300,'20261022',755,,296465,23,,,1,696,,296466,23,,,1,150,,296467,23,,,1,100,,296468,23,,,1,45,,296469,23,,,1,60,,296470,23,,,1,37,,296471,23,,,1,60,,296472,23,,,1,48,,296473,23,,,1,100,,296474,23,,,1
4300,'20261023',755,,296475,23,,,1,696,,296476,23,,,1,150,,296477,23,,,1,100,,296478,23,,,1,45,,296479,23,,,1,60,,296480,23,,,1,37,,296481,23,,,1,60,,296482,23,,,1,48,,296483,23,,,1,100,,296484,23,,,1
4300,'20261026',755,,296485,23,,,1,696,,296486,23,,,1,150,,296487,23,,,1,100,,296488,23,,,1,45,,296489,23,,,1,60,,296490,23,,,1,37,,296491,23,,,1,60,,296492,23,,,1,48,,296493,23,,,1,100,,296494,23,,,1
4300,'20261027',755,,296495,23,,,1,696,,296496,23,,,1,150,,296497,23,,,1,100,,296498,23,,,1,45,,296499,23,,,1,60,,296500,23,,,1,37,,296501,23,,,1,60,,296502,23,,,1,48,,296503,23,,,1,100,,296504,23,,,1
4300,'20261028',755,,296505,23,,,1,696,,296506,23,,,1,150,,296507,23,,,1,100,,296508,23,,,1,45,,296509,23,,,1,60,,296510,23,,,1,37,,296511,23,,,1,60,,296512,23,,,1,48,,296513,23,,,1,100,,296514,23,,,1
4300,'20261029',755,,296515,23,,,1,696,,296516,23,,,1,150,,296517,23,,,1,100,,296518,23,,,1,45,,296519,23,,,1,60,,296520,23,,,1,37,,296521,23,,,1,60,,296522,23,,,1,48,,296523,23,,,1,100,,296524,23,,,1
4300,'20261030',755,,296525,23,,,1,696,,296526,23,,,1,150,,296527,23,,,1,100,,296528,23,,,1,45,,296529,23,,,1,60,,296530,23,,,1,37,,296531,23,,,1,60,,296532,23,,,1,48,,296533,23,,,1,100,,296534,23,,,1
4300,'20261102',755,,296535,23,,,1,696,,296536,23,,,1,150,,296537,23,,,1,100,,296538,23,,,1,45,,296539,23,,,1,60,,296540,23,,,1,37,,296541,23,,,1,60,,296542,23,,,1,48,,296543,23,,,1,100,,296544,23,,,1
4300,'20261103',755,,296545,23,,,1,696,,296546,23,,,1,150,,296547,23,,,1,100,,296548,23,,,1,45,,296549,23,,,1,60,,296550,23,,,1,37,,296551,23,,,1,60,,296552,23,,,1,48,,296553,23,,,1,100,,296554,23,,,1
4300,'20261104',755,,296555,23,,,1,696,,296556,23,,,1,150,,296557,23,,,1,100,,296558,23,,,1,45,,296559,23,,,1,60,,296560,23,,,1,37,,296561,23,,,1,60,,296562,23,,,1,48,,296563,23,,,1,100,,296564,23,,,1
4300,'20261105',755,,296565,23,,,1,696,,296566,23,,,1,150,,296567,23,,,1,100,,296568,23,,,1,45,,296569,23,,,1,60,,296570,23,,,1,37,,296571,23,,,1,60,,296572,23,,,1,48,,296573,23,,,1,100,,296574,23,,,1
4300,'20261106',755,,296575,23,,,1,696,,296576,23,,,1,150,,296577,23,,,1,100,,296578,23,,,1,45,,296579,23,,,1,60,,296580,23,,,1,37,,296581,23,,,1,60,,296582,23,,,1,48,,296583,23,,,1,100,,296584,23,,,1
4300,'20261109',755,,296585,23,,,1,696,,296586,23,,,1,150,,296587,23,,,1,100,,296588,23,,,1,45,,296589,23,,,1,60,,296590,23,,,1,37,,296591,23,,,1,60,,296592,23,,,1,48,,296593,23,,,1,100,,296594,23,,,1
4300,'20261110',755,,296595,23,,,1,696,,296596,23,,,1,150,,296597,23,,,1,100,,296598,23,,,1,45,,296599,23,,,1,60,,296600,23,,,1,37,,296601,23,,,1,60,,296602,23,,,1,48,,296603,23,,,1,100,,296604,23,,,1
4300,'20261111',755,,296605,23,,,1,696,,296606,23,,,1,150,,296607,23,,,1,100,,296608,23,,,1,45,,296609,23,,,1,60,,296610,23,,,1,37,,296611,23,,,1,60,,296612,23,,,1,48,,296613,23,,,1,100,,296614,23,,,1
4300,'20261112',755,,296615,23,,,1,696,,296616,23,,,1,150,,296617,23,,,1,100,,296618,23,,,1,45,,296619,23,,,1,60,,296620,23,,,1,37,,296621,23,,,1,60,,296622,23,,,1,48,,296623,23,,,1,100,,296624,23,,,1
4300,'20261113',755,,296625,23,,,1,696,,296626,23,,,1,150,,296627,23,,,1,100,,296628,23,,,1,45,,296629,23,,,1,60,,296630,23,,,1,37,,296631,23,,,1,60,,296632,23,,,1,48,,296633,23,,,1,100,,296634,23,,,1
4300,'20261116',755,,296635,23,,,1,696,,296636,23,,,1,150,,296637,23,,,1,100,,296638,23,,,1,45,,296639,23,,,1,60,,296640,23,,,1,37,,296641,23,,,1,60,,296642,23,,,1,48,,296643,23,,,1,100,,296644,23,,,1
4300,'20261117',755,,296645,23,,,1,696,,296646,23,,,1,150,,296647,23,,,1,100,,296648,23,,,1,45,,296649,23,,,1,60,,296650,23,,,1,37,,296651,23,,,1,60,,296652,23,,,1,48,,296653,23,,,1,100,,296654,23,,,1
4300,'20261118',755,,296655,23,,,1,696,,296656,23,,,1,150,,296657,23,,,1,100,,296658,23,,,1,45,,296659,23,,,1,60,,296660,23,,,1,37,,296661,23,,,1,60,,296662,23,,,1,48,,296663,23,,,1,100,,296664,23,,,1
4300,'20261119',755,,296665,23,,,1,696,,296666,23,,,1,150,,296667,23,,,1,100,,296668,23,,,1,45,,296669,23,,,1,60,,296670,23,,,1,37,,296671,23,,,1,60,,296672,23,,,1,48,,296673,23,,,1,100,,296674,23,,,1
4300,'20261120',755,,296675,23,,,1,696,,296676,23,,,1,150,,296677,23,,,1,100,,296678,23,,,1,45,,296679,23,,,1,60,,296680,23,,,1,37,,296681,23,,,1,60,,296682,23,,,1,48,,296683,23,,,1,100,,296684,23,,,1
4300,'20261123',755,,296685,23,,,1,696,,296686,23,,,1,150,,296687,23,,,1,100,,296688,23,,,1,45,,296689,23,,,1,60,,296690,23,,,1,37,,296691,23,,,1,60,,296692,23,,,1,48,,296693,23,,,1,100,,296694,23,,,1
4300,'20261124',755,,296695,23,,,1,696,,296696,23,,,1,150,,296697,23,,,1,100,,296698,23,,,1,45,,296699,23,,,1,60,,296700,23,,,1,37,,296701,23,,,1,60,,296702,23,,,1,48,,296703,23,,,1,100,,296704,23,,,1
4300,'20261125',755,,296705,23,,,1,696,,296706,23,,,1,150,,296707,23,,,1,100,,296708,23,,,1,45,,296709,23,,,1,60,,296710,23,,,1,37,,296711,23,,,1,60,,296712,23,,,1,48,,296713,23,,,1,100,,296714,23,,,1
4300,'20261126',755,,296715,23,,,1,696,,296716,23,,,1,150,,296717,23,,,1,100,,296718,23,,,1,45,,296719,23,,,1,60,,296720,23,,,1,37,,296721,23,,,1,60,,296722,23,,,1,48,,296723,23,,,1,100,,296724,23,,,1
4300,'20261127',755,,296725,23,,,1,696,,296726,23,,,1,150,,296727,23,,,1,100,,296728,23,,,1,45,,296729,23,,,1,60,,296730,23,,,1,37,,296731,23,,,1,60,,296732,23,,,1,48,,296733,23,,,1,100,,296734,23,,,1
