3101,'20260910',623,,267583,6,0,37 43 44 47,1,20,,267584,6,0,37 43 44 47,1,61,,267585,16,0,43 44 47,1,21,,267586,6,0,37 43 44 47,1,75,,267587,14,0,5 43 44 47,1,100,,267588,14,0,5 43 44 47,1,1619,,267590,14,0,77 14 15 9,1,19,,267592,14,0,7 43 44 47,1,98,,267593,16,0,16 17 9,1,95,,267594,16,0,16 17 9,1
3101,'20260911',623,,267595,6,0,37 43 44 47,1,20,,267596,6,0,37 43 44 47,1,61,,267597,16,0,43 44 47,1,21,,267598,6,0,37 43 44 47,1,75,,267599,14,0,5 43 44 47,1,100,,267600,14,0,5 43 44 47,1,1523,,267602,14,0,77 14 15 9,1,96,,267607,14,0,77 14 15 9,1,19,,267609,14,0,7 43 44 47,1,98,,267610,16,0,16 17 9,1,95,,267611,16,0,16 17 9,1
3101,'20260912',843,,267612,14,0,7 43 44 47,1,98,,267614,8,0,71 101 9,1,10,,267615,8,0,71 101 9,1,800,,267616,8,0,71 101 9,1,590,,267617,8,0,71 101 9,1,205,,267619,14,0,77 14 15 9,1,60,,267620,16,0,16 17 9,1,30,,267621,16,0,78 14 15 9,1,65,,267622,16,0,16 17 9,1,30,,267623,16,0,16 17 9,1
3101,'20260913',843,,267624,14,0,7 43 44 47,1,98,,267626,8,0,71 101 9,1,10,,267627,8,0,71 101 9,1,800,,267628,8,0,71 101 9,1,590,,267629,8,0,71 101 9,1,205,,267631,14,0,77 14 15 9,1,90,,267632,16,0,78 14 15 9,1,95,,267633,16,0,16 17 9,1
3101,'20260914',623,,267634,6,0,37 43 44 47,1,20,,267635,6,0,37 43 44 47,1,61,,267636,16,0,43 44 47,1,21,,267637,6,0,37 43 44 47,1,75,,267638,14,0,5 43 44 47,1,100,,267639,14,0,5 43 44 47,1,1619,,267641,14,0,77 14 15 9,1,19,,267643,14,0,7 43 44 47,1,98,,267644,16,0,16 17 9,1,95,,267645,16,0,16 17 9,1
3101,'20260915',623,,267646,6,0,37 43 44 47,1,20,,267647,6,0,37 43 44 47,1,61,,267648,16,0,43 44 47,1,21,,267649,6,0,37 43 44 47,1,75,,267650,14,0,5 43 44 47,1,100,,267651,14,0,5 43 44 47,1,1619,,267653,14,0,77 14 15 9,1,19,,267655,14,0,7 43 44 47,1,98,,267656,16,0,16 17 9,1,95,,267657,16,0,16 17 9,1
3101,'20260916',623,,267658,6,0,37 43 44 47,1,20,,267659,6,0,37 43 44 47,1,61,,267660,16,0,43 44 47,1,21,,267661,6,0,37 43 44 47,1,75,,267662,14,0,5 43 44 47,1,100,,267663,14,0,5 43 44 47,1,1619,,267665,14,0,77 14 15 9,1,19,,267667,14,0,7 43 44 47,1,98,,267668,16,0,16 17 9,1,95,,267669,16,0,16 17 9,1
3101,'20260917',623,,267670,6,0,37 43 44 47,1,20,,267671,6,0,37 43 44 47,1,61,,267672,16,0,43 44 47,1,21,,267673,6,0,37 43 44 47,1,75,,267674,14,0,5 43 44 47,1,100,,267675,14,0,5 43 44 47,1,1619,,267677,14,0,77 14 15 9,1,19,,267679,14,0,7 43 44 47,1,98,,267680,16,0,16 17 9,1,95,,267681,16,0,16 17 9,1
3101,'20260918',623,,267682,6,0,37 43 44 47,1,20,,267683,6,0,37 43 44 47,1,61,,267684,16,0,43 44 47,1,21,,267685,6,0,37 43 44 47,1,75,,267686,14,0,5 43 44 47,1,100,,267687,14,0,5 43 44 47,1,1523,,267689,14,0,77 14 15 9,1,96,,267694,14,0,77 14 15 9,1,19,,267696,14,0,7 43 44 47,1,98,,267697,16,0,16 17 9,1,95,,267698,16,0,16 17 9,1
3101,'20260919',843,,267699,14,0,7 43 44 47,1,98,,267701,8,0,71 101 9,1,10,,267702,8,0,71 101 9,1,800,,267703,8,0,71 101 9,1,590,,267704,8,0,71 101 9,1,205,,267706,14,0,77 14 15 9,1,60,,267707,16,0,16 17 9,1,30,,267708,16,0,78 14 15 9,1,65,,267709,16,0,16 17 9,1,30,,267710,16,0,16 17 9,1
3101,'20260920',843,,267711,14,0,7 43 44 47,1,98,,267713,8,0,71 101 9,1,10,,267714,8,0,71 101 9,1,800,,267715,8,0,71 101 9,1,590,,267716,8,0,71 101 9,1,205,,267718,14,0,77 14 15 9,1,90,,267719,16,0,78 14 15 9,1,95,,267720,16,0,16 17 9,1
3101,'20260921',623,,267721,6,0,37 43 44 47,1,20,,267722,6,0,37 43 44 47,1,61,,267723,16,0,43 44 47,1,21,,267724,6,0,37 43 44 47,1,75,,267725,14,0,5 43 44 47,1,100,,267726,14,0,5 43 44 47,1,1619,,267728,14,0,77 14 15 9,1,19,,267730,14,0,7 43 44 47,1,98,,267731,16,0,16 17 9,1,95,,267732,16,0,16 17 9,1
3101,'20260922',623,,267733,6,0,37 43 44 47,1,20,,267734,6,0,37 43 44 47,1,61,,267735,16,0,43 44 47,1,21,,267736,6,0,37 43 44 47,1,75,,267737,14,0,5 43 44 47,1,100,,267738,14,0,5 43 44 47,1,1619,,267740,14,0,77 14 15 9,1,19,,267742,14,0,7 43 44 47,1,98,,267743,16,0,16 17 9,1,95,,267744,16,0,16 17 9,1
3101,'20260923',623,,267745,6,0,37 43 44 47,1,20,,267746,6,0,37 43 44 47,1,61,,267747,16,0,43 44 47,1,21,,267748,6,0,37 43 44 47,1,75,,267749,14,0,5 43 44 47,1,100,,267750,14,0,5 43 44 47,1,1619,,267752,14,0,77 14 15 9,1,19,,267754,14,0,7 43 44 47,1,98,,267755,16,0,16 17 9,1,95,,267756,16,0,16 17 9,1
3101,'20260924',623,,267757,6,0,37 43 44 47,1,20,,267758,6,0,37 43 44 47,1,61,,267759,16,0,43 44 47,1,21,,267760,6,0,37 43 44 47,1,75,,267761,14,0,5 43 44 47,1,100,,267762,14,0,5 43 44 47,1,1619,,267764,14,0,77 14 15 9,1,19,,267766,14,0,7 43 44 47,1,98,,267767,16,0,16 17 9,1,95,,267768,16,0,16 17 9,1
3101,'20260925',623,,267769,6,0,37 43 44 47,1,20,,267770,6,0,37 43 44 47,1,61,,267771,16,0,43 44 47,1,21,,267772,6,0,37 43 44 47,1,75,,267773,14,0,5 43 44 47,1,100,,267774,14,0,5 43 44 47,1,1619,,267776,14,0,77 14 15 9,1,19,,267778,14,0,7 43 44 47,1,98,,267779,16,0,16 17 9,1,95,,267780,16,0,16 17 9,1
3101,'20260926',843,,267781,14,0,7 43 44 47,1,1703,,267784,14,0,77 14 15 9,1,60,,267785,16,0,16 17 9,1,30,,267786,16,0,78 14 15 9,1,65,,267787,16,0,16 17 9,1,30,,267788,16,0,16 17 9,1
3101,'20260927',843,,267789,14,0,7 43 44 47,1,1703,,267792,14,0,77 14 15 9,1,90,,267793,16,0,78 14 15 9,1,95,,267794,16,0,16 17 9,1
3101,'20260928',623,,267795,6,0,37 43 44 47,1,20,,267796,6,0,37 43 44 47,1,61,,267797,16,0,43 44 47,1,21,,267798,6,0,37 43 44 47,1,75,,267799,14,0,5 43 44 47,1,100,,267800,14,0,5 43 44 47,1,1619,,267802,14,0,77 14 15 9,1,19,,267804,14,0,7 43 44 47,1,98,,267805,16,0,16 17 9,1,95,,267806,16,0,16 17 9,1
3101,'20260929',623,,267807,6,0,37 43 44 47,1,20,,267808,6,0,37 43 44 47,1,61,,267809,16,0,43 44 47,1,21,,267810,6,0,37 43 44 47,1,75,,267811,14,0,5 43 44 47,1,100,,267812,14,0,5 43 44 47,1,1619,,267814,14,0,77 14 15 9,1,19,,267816,14,0,7 43 44 47,1,98,,267817,16,0,16 17 9,1,95,,267818,16,0,16 17 9,1
3101,'20260930',623,,267819,6,0,37 43 44 47,1,20,,267820,6,0,37 43 44 47,1,61,,267821,16,0,43 44 47,1,21,,267822,6,0,37 43 44 47,1,75,,267823,14,0,5 43 44 47,1,100,,267824,14,0,5 43 44 47,1,1619,,267826,14,0,77 14 15 9,1,19,,267828,14,0,7 43 44 47,1,98,,267829,16,0,16 17 9,1,95,,267830,16,0,16 17 9,1
3101,'20261001',623,,267831,6,0,37 43 44 47,1,20,,267832,6,0,37 43 44 47,1,61,,267833,16,0,43 44 47,1,21,,267834,6,0,37 43 44 47,1,75,,267835,14,0,5 43 44 47,1,100,,267836,14,0,5 43 44 47,1,1619,,267838,14,0,77 14 15 9,1,19,,267840,14,0,7 43 44 47,1,98,,267841,16,0,16 17 9,1,95,,267842,16,0,16 17 9,1
3101,'20261002',623,,267843,6,0,37 43 44 47,1,20,,267844,6,0,37 43 44 47,1,61,,267845,16,0,43 44 47,1,21,,267846,6,0,37 43 44 47,1,75,,267847,14,0,5 43 44 47,1,100,,267848,14,0,5 43 44 47,1,1619,,267850,14,0,77 14 15 9,1,19,,267852,14,0,7 43 44 47,1,98,,267853,16,0,16 17 9,1,95,,267854,16,0,16 17 9,1
3101,'20261003',843,,267855,14,0,7 43 44 47,1,1703,,267858,14,0,77 14 15 9,1,60,,267859,16,0,16 17 9,1,30,,267860,16,0,78 14 15 9,1,65,,267861,16,0,16 17 9,1,30,,267862,16,0,16 17 9,1
3101,'20261004',843,,267863,14,0,7 43 44 47,1,1703,,267866,14,0,77 14 15 9,1,90,,267867,16,0,78 14 15 9,1,95,,267868,16,0,16 17 9,1
3101,'20261005',623,,267869,6,0,37 43 44 47,1,20,,267870,6,0,37 43 44 47,1,61,,267871,16,0,43 44 47,1,21,,267872,6,0,37 43 44 47,1,75,,267873,14,0,5 43 44 47,1,100,,267874,14,0,5 43 44 47,1,1619,,267876,14,0,77 14 15 9,1,19,,267878,14,0,7 43 44 47,1,98,,267879,16,0,16 17 9,1,95,,267880,16,0,16 17 9,1
3101,'20261006',623,,267881,6,0,37 43 44 47,1,20,,267882,6,0,37 43 44 47,1,61,,267883,16,0,43 44 47,1,21,,267884,6,0,37 43 44 47,1,75,,267885,14,0,5 43 44 47,1,100,,267886,14,0,5 43 44 47,1,1619,,267888,14,0,77 14 15 9,1,19,,267890,14,0,7 43 44 47,1,98,,267891,16,0,16 17 9,1,95,,267892,16,0,16 17 9,1
3101,'20261007',623,,267893,6,0,37 43 44 47,1,20,,267894,6,0,37 43 44 47,1,61,,267895,16,0,43 44 47,1,21,,267896,6,0,37 43 44 47,1,75,,267897,14,0,5 43 44 47,1,100,,267898,14,0,5 43 44 47,1,1619,,267900,14,0,77 14 15 9,1,19,,267902,14,0,7 43 44 47,1,98,,267903,16,0,16 17 9,1,95,,267904,16,0,16 17 9,1
3101,'20261008',623,,267905,6,0,37 43 44 47,1,20,,267906,6,0,37 43 44 47,1,61,,267907,16,0,43 44 47,1,21,,267908,6,0,37 43 44 47,1,75,,267909,14,0,5 43 44 47,1,100,,267910,14,0,5 43 44 47,1,1619,,267912,14,0,77 14 15 9,1,19,,267914,14,0,7 43 44 47,1,98,,267915,16,0,16 17 9,1,95,,267916,16,0,16 17 9,1
3101,'20261009',623,,267917,6,0,37 43 44 47,1,20,,267918,6,0,37 43 44 47,1,61,,267919,16,0,43 44 47,1,21,,267920,6,0,37 43 44 47,1,75,,267921,14,0,5 43 44 47,1,100,,267922,14,0,5 43 44 47,1,1619,,267924,14,0,77 14 15 9,1,19,,267926,14,0,7 43 44 47,1,98,,267927,16,0,16 17 9,1,95,,267928,16,0,16 17 9,1
3101,'20261010',843,,267929,14,0,7 43 44 47,1,1703,,267932,14,0,77 14 15 9,1,60,,267933,16,0,16 17 9,1,30,,267934,16,0,78 14 15 9,1,65,,267935,16,0,16 17 9,1,30,,267936,16,0,16 17 9,1
3101,'20261011',843,,267937,14,0,7 43 44 47,1,1703,,267940,14,0,77 14 15 9,1,90,,267941,16,0,78 14 15 9,1,95,,267942,16,0,16 17 9,1
3101,'20261012',843,,267943,14,0,7 43 44 47,1,1703,,267946,14,0,77 14 15 9,1,60,,267947,16,0,16 17 9,1,30,,267948,16,0,78 14 15 9,1,65,,267949,16,0,16 17 9,1,30,,267950,16,0,16 17 9,1
3101,'20261013',623,,267951,6,0,37 43 44 47,1,20,,267952,6,0,37 43 44 47,1,61,,267953,16,0,43 44 47,1,21,,267954,6,0,37 43 44 47,1,75,,267955,14,0,5 43 44 47,1,100,,267956,14,0,5 43 44 47,1,1619,,267958,14,0,77 14 15 9,1,19,,267960,14,0,7 43 44 47,1,98,,267961,16,0,16 17 9,1,95,,267962,16,0,16 17 9,1
3101,'20261014',623,,267963,6,0,37 43 44 47,1,20,,267964,6,0,37 43 44 47,1,61,,267965,16,0,43 44 47,1,21,,267966,6,0,37 43 44 47,1,75,,267967,14,0,5 43 44 47,1,100,,267968,14,0,5 43 44 47,1,1619,,267970,14,0,77 14 15 9,1,19,,267972,14,0,7 43 44 47,1,98,,267973,16,0,16 17 9,1,95,,267974,16,0,16 17 9,1
3101,'20261015',623,,267975,6,0,37 43 44 47,1,20,,267976,6,0,37 43 44 47,1,61,,267977,16,0,43 44 47,1,21,,267978,6,0,37 43 44 47,1,75,,267979,14,0,5 43 44 47,1,100,,267980,14,0,5 43 44 47,1,1619,,267982,14,0,77 14 15 9,1,19,,267984,14,0,7 43 44 47,1,98,,267985,16,0,16 17 9,1,95,,267986,16,0,16 17 9,1
3101,'20261016',623,,267987,6,0,37 43 44 47,1,20,,267988,6,0,37 43 44 47,1,61,,267989,16,0,43 44 47,1,21,,267990,6,0,37 43 44 47,1,75,,267991,14,0,5 43 44 47,1,100,,267992,14,0,5 43 44 47,1,1619,,267994,14,0,77 14 15 9,1,19,,267996,14,0,7 43 44 47,1,98,,267997,16,0,16 17 9,1,95,,267998,16,0,16 17 9,1
3101,'20261017',843,,267999,14,0,7 43 44 47,1,1703,,268002,14,0,77 14 15 9,1,60,,268003,16,0,16 17 9,1,30,,268004,16,0,78 14 15 9,1,65,,268005,16,0,16 17 9,1,30,,268006,16,0,16 17 9,1
3101,'20261018',843,,268007,14,0,7 43 44 47,1,1703,,268010,14,0,77 14 15 9,1,90,,268011,16,0,78 14 15 9,1,95,,268012,16,0,16 17 9,1
3101,'20261019',623,,268013,6,0,37 43 44 47,1,20,,268014,6,0,37 43 44 47,1,61,,268015,16,0,43 44 47,1,21,,268016,6,0,37 43 44 47,1,75,,268017,14,0,5 43 44 47,1,100,,268018,14,0,5 43 44 47,1,1619,,268020,14,0,77 14 15 9,1,19,,268022,14,0,7 43 44 47,1,98,,268023,16,0,16 17 9,1,95,,268024,16,0,16 17 9,1
3101,'20261020',623,,268025,6,0,37 43 44 47,1,20,,268026,6,0,37 43 44 47,1,61,,268027,16,0,43 44 47,1,21,,268028,6,0,37 43 44 47,1,75,,268029,14,0,5 43 44 47,1,100,,268030,14,0,5 43 44 47,1,1619,,268032,14,0,77 14 15 9,1,19,,268034,14,0,7 43 44 47,1,98,,268035,16,0,16 17 9,1,95,,268036,16,0,16 17 9,1
3101,'20261021',623,,268037,6,0,37 43 44 47,1,20,,268038,6,0,37 43 44 47,1,61,,268039,16,0,43 44 47,1,21,,268040,6,0,37 43 44 47,1,75,,268041,14,0,5 43 44 47,1,100,,268042,14,0,5 43 44 47,1,1619,,268044,14,0,77 14 15 9,1,19,,268046,14,0,7 43 44 47,1,98,,268047,16,0,16 17 9,1,95,,268048,16,0,16 17 9,1
3101,'20261022',623,,268049,6,0,37 43 44 47,1,20,,268050,6,0,37 43 44 47,1,61,,268051,16,0,43 44 47,1,21,,268052,6,0,37 43 44 47,1,75,,268053,14,0,5 43 44 47,1,100,,268054,14,0,5 43 44 47,1,1619,,268056,14,0,77 14 15 9,1,19,,268058,14,0,7 43 44 47,1,98,,268059,16,0,16 17 9,1,95,,268060,16,0,16 17 9,1
3101,'20261023',623,,268061,6,0,37 43 44 47,1,20,,268062,6,0,37 43 44 47,1,61,,268063,16,0,43 44 47,1,21,,268064,6,0,37 43 44 47,1,75,,268065,14,0,5 43 44 47,1,100,,268066,14,0,5 43 44 47,1,1619,,268068,14,0,77 14 15 9,1,19,,268070,14,0,7 43 44 47,1,98,,268071,16,0,16 17 9,1,95,,268072,16,0,16 17 9,1
3101,'20261024',843,,268073,14,0,7 43 44 47,1,1703,,268076,14,0,77 14 15 9,1,60,,268077,16,0,16 17 9,1,30,,268078,16,0,78 14 15 9,1,65,,268079,16,0,16 17 9,1,30,,268080,16,0,16 17 9,1
3101,'20261025',843,,268081,14,0,7 43 44 47,1,1703,,268084,14,0,77 14 15 9,1,90,,268085,16,0,78 14 15 9,1,95,,268086,16,0,16 17 9,1
3101,'20261026',623,,268087,6,0,37 43 44 47,1,20,,268088,6,0,37 43 44 47,1,61,,268089,16,0,43 44 47,1,21,,268090,6,0,37 43 44 47,1,75,,268091,14,0,5 43 44 47,1,100,,268092,14,0,5 43 44 47,1,1619,,268094,14,0,77 14 15 9,1,19,,268096,14,0,7 43 44 47,1,98,,268097,16,0,16 17 9,1,95,,268098,16,0,16 17 9,1
3101,'20261027',623,,268099,6,0,37 43 44 47,1,20,,268100,6,0,37 43 44 47,1,61,,268101,16,0,43 44 47,1,21,,268102,6,0,37 43 44 47,1,75,,268103,14,0,5 43 44 47,1,100,,268104,14,0,5 43 44 47,1,1619,,268106,14,0,77 14 15 9,1,19,,268108,14,0,7 43 44 47,1,98,,268109,16,0,16 17 9,1,95,,268110,16,0,16 17 9,1
3101,'20261028',623,,268111,6,0,37 43 44 47,1,20,,268112,6,0,37 43 44 47,1,61,,268113,16,0,43 44 47,1,21,,268114,6,0,37 43 44 47,1,75,,268115,14,0,5 43 44 47,1,100,,268116,14,0,5 43 44 47,1,1619,,268118,14,0,77 14 15 9,1,19,,268120,14,0,7 43 44 47,1,98,,268121,16,0,16 17 9,1,95,,268122,16,0,16 17 9,1
3101,'20261029',623,,268123,6,0,37 43 44 47,1,20,,268124,6,0,37 43 44 47,1,61,,268125,16,0,43 44 47,1,21,,268126,6,0,37 43 44 47,1,75,,268127,14,0,5 43 44 47,1,100,,268128,14,0,5 43 44 47,1,1619,,268130,14,0,77 14 15 9,1,19,,268132,14,0,7 43 44 47,1,98,,268133,16,0,16 17 9,1,95,,268134,16,0,16 17 9,1
3101,'20261030',623,,268135,6,0,37 43 44 47,1,20,,268136,6,0,37 43 44 47,1,61,,268137,16,0,43 44 47,1,21,,268138,6,0,37 43 44 47,1,75,,268139,14,0,5 43 44 47,1,100,,268140,14,0,5 43 44 47,1,1619,,268142,14,0,77 14 15 9,1,19,,268144,14,0,7 43 44 47,1,98,,268145,16,0,16 17 9,1,95,,268146,16,0,16 17 9,1
3101,'20261031',843,,268147,14,0,7 43 44 47,1,1703,,268150,14,0,77 14 15 9,1,60,,268151,16,0,16 17 9,1,30,,268152,16,0,78 14 15 9,1,65,,268153,16,0,16 17 9,1,30,,268154,16,0,16 17 9,1
3101,'20261101',843,,268155,14,0,7 43 44 47,1,1703,,268158,14,0,77 14 15 9,1,90,,268159,16,0,78 14 15 9,1,95,,268160,16,0,16 17 9,1
3101,'20261102',623,,268161,6,0,37 43 44 47,1,20,,268162,6,0,37 43 44 47,1,61,,268163,16,0,43 44 47,1,21,,268164,6,0,37 43 44 47,1,75,,268165,14,0,5 43 44 47,1,100,,268166,14,0,5 43 44 47,1,1619,,268168,14,0,77 14 15 9,1,19,,268170,14,0,7 43 44 47,1,98,,268171,16,0,16 17 9,1,95,,268172,16,0,16 17 9,1
3101,'20261103',623,,268173,6,0,37 43 44 47,1,20,,268174,6,0,37 43 44 47,1,61,,268175,16,0,43 44 47,1,21,,268176,6,0,37 43 44 47,1,75,,268177,14,0,5 43 44 47,1,100,,268178,14,0,5 43 44 47,1,1619,,268180,14,0,77 14 15 9,1,19,,268182,14,0,7 43 44 47,1,98,,268183,16,0,16 17 9,1,95,,268184,16,0,16 17 9,1
3101,'20261104',623,,268185,6,0,37 43 44 47,1,20,,268186,6,0,37 43 44 47,1,61,,268187,16,0,43 44 47,1,21,,268188,6,0,37 43 44 47,1,75,,268189,14,0,5 43 44 47,1,100,,268190,14,0,5 43 44 47,1,1619,,268192,14,0,77 14 15 9,1,19,,268194,14,0,7 43 44 47,1,98,,268195,16,0,16 17 9,1,95,,268196,16,0,16 17 9,1
3101,'20261105',623,,268197,6,0,37 43 44 47,1,20,,268198,6,0,37 43 44 47,1,61,,268199,16,0,43 44 47,1,21,,268200,6,0,37 43 44 47,1,75,,268201,14,0,5 43 44 47,1,100,,268202,14,0,5 43 44 47,1,1619,,268204,14,0,77 14 15 9,1,19,,268206,14,0,7 43 44 47,1,98,,268207,16,0,16 17 9,1,95,,268208,16,0,16 17 9,1
3101,'20261106',623,,268209,6,0,37 43 44 47,1,20,,268210,6,0,37 43 44 47,1,61,,268211,16,0,43 44 47,1,21,,268212,6,0,37 43 44 47,1,75,,268213,14,0,5 43 44 47,1,100,,268214,14,0,5 43 44 47,1,1619,,268216,14,0,77 14 15 9,1,19,,268218,14,0,7 43 44 47,1,98,,268219,16,0,16 17 9,1,95,,268220,16,0,16 17 9,1
3101,'20261107',843,,268221,14,0,7 43 44 47,1,1703,,268224,14,0,77 14 15 9,1,60,,268225,16,0,16 17 9,1,30,,268226,16,0,78 14 15 9,1,65,,268227,16,0,16 17 9,1,30,,268228,16,0,16 17 9,1
3101,'20261108',843,,268229,14,0,7 43 44 47,1,1703,,268232,14,0,77 14 15 9,1,90,,268233,16,0,78 14 15 9,1,95,,268234,16,0,16 17 9,1
3101,'20261109',623,,268235,6,0,37 43 44 47,1,20,,268236,6,0,37 43 44 47,1,61,,268237,16,0,43 44 47,1,21,,268238,6,0,37 43 44 47,1,75,,268239,14,0,5 43 44 47,1,100,,268240,14,0,5 43 44 47,1,1619,,268242,14,0,77 14 15 9,1,19,,268244,14,0,7 43 44 47,1,98,,268245,16,0,16 17 9,1,95,,268246,16,0,16 17 9,1
3101,'20261110',623,,268247,6,0,37 43 44 47,1,20,,268248,6,0,37 43 44 47,1,61,,268249,16,0,43 44 47,1,21,,268250,6,0,37 43 44 47,1,75,,268251,14,0,5 43 44 47,1,100,,268252,14,0,5 43 44 47,1,1619,,268254,14,0,77 14 15 9,1,19,,268256,14,0,7 43 44 47,1,98,,268257,16,0,16 17 9,1,95,,268258,16,0,16 17 9,1
3101,'20261111',623,,268259,6,0,37 43 44 47,1,20,,268260,6,0,37 43 44 47,1,61,,268261,16,0,43 44 47,1,21,,268262,6,0,37 43 44 47,1,75,,268263,14,0,5 43 44 47,1,100,,268264,14,0,5 43 44 47,1,1619,,268266,14,0,77 14 15 9,1,19,,268268,14,0,7 43 44 47,1,98,,268269,16,0,16 17 9,1,95,,268270,16,0,16 17 9,1
3101,'20261112',623,,268271,6,0,37 43 44 47,1,20,,268272,6,0,37 43 44 47,1,61,,268273,16,0,43 44 47,1,21,,268274,6,0,37 43 44 47,1,75,,268275,14,0,5 43 44 47,1,100,,268276,14,0,5 43 44 47,1,1619,,268278,14,0,77 14 15 9,1,19,,268280,14,0,7 43 44 47,1,98,,268281,16,0,16 17 9,1,95,,268282,16,0,16 17 9,1
3101,'20261113',623,,268283,6,0,37 43 44 47,1,20,,268284,6,0,37 43 44 47,1,61,,268285,16,0,43 44 47,1,21,,268286,6,0,37 43 44 47,1,75,,268287,14,0,5 43 44 47,1,100,,268288,14,0,5 43 44 47,1,1619,,268290,14,0,77 14 15 9,1,19,,268292,14,0,7 43 44 47,1,98,,268293,16,0,16 17 9,1,95,,268294,16,0,16 17 9,1
3101,'20261114',843,,268295,14,0,7 43 44 47,1,1703,,268298,14,0,77 14 15 9,1,60,,268299,16,0,16 17 9,1,30,,268300,16,0,78 14 15 9,1,65,,268301,16,0,16 17 9,1,30,,268302,16,0,16 17 9,1
3101,'20261115',843,,268303,14,0,7 43 44 47,1,1703,,268306,14,0,77 14 15 9,1,90,,268307,16,0,78 14 15 9,1,95,,268308,16,0,16 17 9,1
3101,'20261116',623,,268309,6,0,37 43 44 47,1,20,,268310,6,0,37 43 44 47,1,61,,268311,16,0,43 44 47,1,21,,268312,6,0,37 43 44 47,1,75,,268313,14,0,5 43 44 47,1,100,,268314,14,0,5 43 44 47,1,1619,,268316,14,0,77 14 15 9,1,19,,268318,14,0,7 43 44 47,1,98,,268319,16,0,16 17 9,1,95,,268320,16,0,16 17 9,1
3101,'20261117',623,,268321,6,0,37 43 44 47,1,20,,268322,6,0,37 43 44 47,1,61,,268323,16,0,43 44 47,1,21,,268324,6,0,37 43 44 47,1,75,,268325,14,0,5 43 44 47,1,100,,268326,14,0,5 43 44 47,1,1619,,268328,14,0,77 14 15 9,1,19,,268330,14,0,7 43 44 47,1,98,,268331,16,0,16 17 9,1,95,,268332,16,0,16 17 9,1
3101,'20261118',623,,268333,6,0,37 43 44 47,1,20,,268334,6,0,37 43 44 47,1,61,,268335,16,0,43 44 47,1,21,,268336,6,0,37 43 44 47,1,75,,268337,14,0,5 43 44 47,1,100,,268338,14,0,5 43 44 47,1,1619,,268340,14,0,77 14 15 9,1,19,,268342,14,0,7 43 44 47,1,98,,268343,16,0,16 17 9,1,95,,268344,16,0,16 17 9,1
3101,'20261119',623,,268345,6,0,37 43 44 47,1,20,,268346,6,0,37 43 44 47,1,61,,268347,16,0,43 44 47,1,21,,268348,6,0,37 43 44 47,1,75,,268349,14,0,5 43 44 47,1,100,,268350,14,0,5 43 44 47,1,1619,,268352,14,0,77 14 15 9,1,19,,268354,14,0,7 43 44 47,1,98,,268355,16,0,16 17 9,1,95,,268356,16,0,16 17 9,1
3101,'20261120',623,,268357,6,0,37 43 44 47,1,20,,268358,6,0,37 43 44 47,1,61,,268359,16,0,43 44 47,1,21,,268360,6,0,37 43 44 47,1,75,,268361,14,0,5 43 44 47,1,100,,268362,14,0,5 43 44 47,1,1619,,268364,14,0,77 14 15 9,1,19,,268366,14,0,7 43 44 47,1,98,,268367,16,0,16 17 9,1,95,,268368,16,0,16 17 9,1
3101,'20261121',843,,268369,14,0,7 43 44 47,1,1703,,268372,14,0,77 14 15 9,1,60,,268373,16,0,16 17 9,1,30,,268374,16,0,78 14 15 9,1,65,,268375,16,0,16 17 9,1,30,,268376,16,0,16 17 9,1
3101,'20261122',843,,268377,14,0,7 43 44 47,1,1703,,268380,14,0,77 14 15 9,1,90,,268381,16,0,78 14 15 9,1,95,,268382,16,0,16 17 9,1
3101,'20261123',623,,268383,6,0,37 43 44 47,1,20,,268384,6,0,37 43 44 47,1,61,,268385,16,0,43 44 47,1,21,,268386,6,0,37 43 44 47,1,75,,268387,14,0,5 43 44 47,1,100,,268388,14,0,5 43 44 47,1,1619,,268390,14,0,77 14 15 9,1,19,,268392,14,0,7 43 44 47,1,98,,268393,16,0,16 17 9,1,95,,268394,16,0,16 17 9,1
3101,'20261124',623,,268395,6,0,37 43 44 47,1,20,,268396,6,0,37 43 44 47,1,61,,268397,16,0,43 44 47,1,21,,268398,6,0,37 43 44 47,1,75,,268399,14,0,5 43 44 47,1,100,,268400,14,0,5 43 44 47,1,1619,,268402,14,0,77 14 15 9,1,19,,268404,14,0,7 43 44 47,1,98,,268405,16,0,16 17 9,1,95,,268406,16,0,16 17 9,1
3101,'20261125',623,,268407,6,0,37 43 44 47,1,20,,268408,6,0,37 43 44 47,1,61,,268409,16,0,43 44 47,1,21,,268410,6,0,37 43 44 47,1,75,,268411,14,0,5 43 44 47,1,100,,268412,14,0,5 43 44 47,1,1619,,268414,14,0,77 14 15 9,1,19,,268416,14,0,7 43 44 47,1,98,,268417,16,0,16 17 9,1,95,,268418,16,0,16 17 9,1
3101,'20261126',623,,268419,6,0,37 43 44 47,1,20,,268420,6,0,37 43 44 47,1,61,,268421,16,0,43 44 47,1,21,,268422,6,0,37 43 44 47,1,75,,268423,14,0,5 43 44 47,1,100,,268424,14,0,5 43 44 47,1,1619,,268426,14,0,77 14 15 9,1,19,,268428,14,0,7 43 44 47,1,98,,268429,16,0,16 17 9,1,95,,268430,16,0,16 17 9,1
3101,'20261127',623,,268431,6,0,37 43 44 47,1,20,,268432,6,0,37 43 44 47,1,61,,268433,16,0,43 44 47,1,21,,268434,6,0,37 43 44 47,1,75,,268435,14,0,5 43 44 47,1,100,,268436,14,0,5 43 44 47,1,1619,,268438,14,0,77 14 15 9,1,19,,268440,14,0,7 43 44 47,1,98,,268441,16,0,16 17 9,1,95,,268442,16,0,16 17 9,1
3301,'20260910',941,,273239,18,,,1,100,,273240,18,,,1,100,,273241,18,,,1,101,,273242,18,,,1,105,,273243,18,,,1,100,,273244,18,,,1,79,,273245,18,0,5 14 15 9,1,25,,273246,18,,,1,70,,273247,18,0,5 14 15 9,1,23,,273248,18,0,16 17 9,1,63,,273249,18,,,1,31,,273250,18,0,5 14 15 9,1,18,,273251,18,,,1,59,,273252,18,0,5 14 15 9,1,18,,273253,18,0,16 17 9,1,10,,273254,18,0,5 14 15 9,1,16,,273255,18,0,16 17 9,1,59,,273256,18,0,5 14 15 9,1,23,,273257,18,0,5 14 15 9,1,14,,273258,18,,,1,69,,273259,18,0,5 14 15 9,1,23,,273260,18,0,16 17 9,1,67,,273261,18,0,5 14 15 9,1,26,,273262,18,,,1,69,,273263,18,0,5 14 15 9,1,30,,273264,18,0,16 17 9,1,70,,273265,18,0,5 14 15 9,1,24,,273266,18,,,1,100,,273267,18,0,16 17 9,1
3301,'20260911',941,,273271,18,,,1,100,,273272,18,,,1,100,,273273,18,,,1,101,,273274,18,,,1,105,,273275,18,,,1,100,,273276,18,,,1,79,,273277,18,0,5 14 15 9,1,25,,273278,18,,,1,70,,273279,18,0,5 14 15 9,1,23,,273280,18,0,16 17 9,1,63,,273281,18,,,1,31,,273282,18,0,5 14 15 9,1,18,,273283,18,,,1,59,,273284,18,0,5 14 15 9,1,18,,273285,18,0,16 17 9,1,10,,273286,18,0,5 14 15 9,1,16,,273287,18,0,16 17 9,1,59,,273288,18,0,5 14 15 9,1,23,,273289,18,0,5 14 15 9,1,14,,273290,18,,,1,69,,273291,18,0,5 14 15 9,1,23,,273292,18,0,16 17 9,1,67,,273293,18,0,5 14 15 9,1,26,,273294,18,,,1,69,,273295,18,0,5 14 15 9,1,30,,273296,18,0,16 17 9,1,70,,273297,18,0,5 14 15 9,1,24,,273298,18,,,1,100,,273299,18,0,16 17 9,1
3301,'20260912',1041,,273302,18,,,1,202,,273304,18,,,1,197,,273306,18,,,1,200,,273308,18,,,1,200,,273309,18,,,1,200,,273310,18,,,1,200,,273311,18,,,1,204,,273312,18,,,1
3301,'20260913',1041,,273314,18,,,1,202,,273316,18,,,1,197,,273318,18,,,1,200,,273320,18,,,1,200,,273321,18,,,1,200,,273322,18,,,1,200,,273323,18,,,1,204,,273324,18,,,1
3301,'20260914',941,,273327,18,,,1,100,,273328,18,,,1,100,,273329,18,,,1,101,,273330,18,,,1,105,,273331,18,,,1,100,,273332,18,,,1,79,,273333,18,0,5 14 15 9,1,25,,273334,18,,,1,70,,273335,18,0,5 14 15 9,1,23,,273336,18,0,16 17 9,1,63,,273337,18,,,1,31,,273338,18,0,5 14 15 9,1,18,,273339,18,,,1,59,,273340,18,0,5 14 15 9,1,18,,273341,18,0,16 17 9,1,10,,273342,18,0,5 14 15 9,1,16,,273343,18,0,16 17 9,1,59,,273344,18,0,5 14 15 9,1,23,,273345,18,0,5 14 15 9,1,14,,273346,18,,,1,69,,273347,18,0,5 14 15 9,1,23,,273348,18,0,16 17 9,1,67,,273349,18,0,5 14 15 9,1,26,,273350,18,,,1,69,,273351,18,0,5 14 15 9,1,30,,273352,18,0,16 17 9,1,70,,273353,18,0,5 14 15 9,1,24,,273354,18,,,1,100,,273355,18,0,16 17 9,1
3301,'20260915',941,,273359,18,,,1,100,,273360,18,,,1,100,,273361,18,,,1,101,,273362,18,,,1,105,,273363,18,,,1,100,,273364,18,,,1,79,,273365,18,0,5 14 15 9,1,25,,273366,18,,,1,70,,273367,18,0,5 14 15 9,1,23,,273368,18,0,16 17 9,1,63,,273369,18,,,1,31,,273370,18,0,5 14 15 9,1,18,,273371,18,,,1,59,,273372,18,0,5 14 15 9,1,18,,273373,18,0,16 17 9,1,10,,273374,18,0,5 14 15 9,1,16,,273375,18,0,16 17 9,1,59,,273376,18,0,5 14 15 9,1,23,,273377,18,0,5 14 15 9,1,14,,273378,18,,,1,69,,273379,18,0,5 14 15 9,1,23,,273380,18,0,16 17 9,1,67,,273381,18,0,5 14 15 9,1,26,,273382,18,,,1,69,,273383,18,0,5 14 15 9,1,30,,273384,18,0,16 17 9,1,70,,273385,18,0,5 14 15 9,1,24,,273386,18,,,1,100,,273387,18,0,16 17 9,1
3301,'20260916',941,,273391,18,,,1,100,,273392,18,,,1,100,,273393,18,,,1,101,,273394,18,,,1,105,,273395,18,,,1,100,,273396,18,,,1,79,,273397,18,0,5 14 15 9,1,25,,273398,18,,,1,70,,273399,18,0,5 14 15 9,1,23,,273400,18,0,16 17 9,1,63,,273401,18,,,1,31,,273402,18,0,5 14 15 9,1,18,,273403,18,,,1,59,,273404,18,0,5 14 15 9,1,18,,273405,18,0,16 17 9,1,10,,273406,18,0,5 14 15 9,1,16,,273407,18,0,16 17 9,1,59,,273408,18,0,5 14 15 9,1,23,,273409,18,0,5 14 15 9,1,14,,273410,18,,,1,69,,273411,18,0,5 14 15 9,1,23,,273412,18,0,16 17 9,1,67,,273413,18,0,5 14 15 9,1,26,,273414,18,,,1,69,,273415,18,0,5 14 15 9,1,30,,273416,18,0,16 17 9,1,70,,273417,18,0,5 14 15 9,1,24,,273418,18,,,1,100,,273419,18,0,16 17 9,1
3301,'20260917',941,,273423,18,,,1,100,,273424,18,,,1,100,,273425,18,,,1,101,,273426,18,,,1,105,,273427,18,,,1,100,,273428,18,,,1,79,,273429,18,0,5 14 15 9,1,25,,273430,18,,,1,70,,273431,18,0,5 14 15 9,1,23,,273432,18,0,16 17 9,1,63,,273433,18,,,1,31,,273434,18,0,5 14 15 9,1,18,,273435,18,,,1,59,,273436,18,0,5 14 15 9,1,18,,273437,18,0,16 17 9,1,10,,273438,18,0,5 14 15 9,1,16,,273439,18,0,16 17 9,1,59,,273440,18,0,5 14 15 9,1,23,,273441,18,0,5 14 15 9,1,14,,273442,18,,,1,69,,273443,18,0,5 14 15 9,1,23,,273444,18,0,16 17 9,1,67,,273445,18,0,5 14 15 9,1,26,,273446,18,,,1,69,,273447,18,0,5 14 15 9,1,30,,273448,18,0,16 17 9,1,70,,273449,18,0,5 14 15 9,1,24,,273450,18,,,1,100,,273451,18,0,16 17 9,1
3301,'20260918',941,,273455,18,,,1,100,,273456,18,,,1,100,,273457,18,,,1,101,,273458,18,,,1,105,,273459,18,,,1,100,,273460,18,,,1,79,,273461,18,0,5 14 15 9,1,25,,273462,18,,,1,70,,273463,18,0,5 14 15 9,1,23,,273464,18,0,16 17 9,1,63,,273465,18,,,1,31,,273466,18,0,5 14 15 9,1,18,,273467,18,,,1,59,,273468,18,0,5 14 15 9,1,18,,273469,18,0,16 17 9,1,10,,273470,18,0,5 14 15 9,1,16,,273471,18,0,16 17 9,1,59,,273472,18,0,5 14 15 9,1,23,,273473,18,0,5 14 15 9,1,14,,273474,18,,,1,69,,273475,18,0,5 14 15 9,1,23,,273476,18,0,16 17 9,1,67,,273477,18,0,5 14 15 9,1,26,,273478,18,,,1,69,,273479,18,0,5 14 15 9,1,30,,273480,18,0,16 17 9,1,70,,273481,18,0,5 14 15 9,1,24,,273482,18,,,1,100,,273483,18,0,16 17 9,1
3301,'20260919',1041,,273486,18,,,1,202,,273488,18,,,1,197,,273490,18,,,1,200,,273492,18,,,1,200,,273493,18,,,1,200,,273494,18,,,1,200,,273495,18,,,1,204,,273496,18,,,1
3301,'20260920',1041,,273498,18,,,1,202,,273500,18,,,1,197,,273502,18,,,1,200,,273504,18,,,1,200,,273505,18,,,1,200,,273506,18,,,1,200,,273507,18,,,1,204,,273508,18,,,1
3301,'20260921',941,,273511,18,,,1,100,,273512,18,,,1,100,,273513,18,,,1,101,,273514,18,,,1,105,,273515,18,,,1,100,,273516,18,,,1,79,,273517,18,0,5 14 15 9,1,25,,273518,18,,,1,70,,273519,18,0,5 14 15 9,1,23,,273520,18,0,16 17 9,1,63,,273521,18,,,1,31,,273522,18,0,5 14 15 9,1,18,,273523,18,,,1,59,,273524,18,0,5 14 15 9,1,18,,273525,18,0,16 17 9,1,10,,273526,18,0,5 14 15 9,1,16,,273527,18,0,16 17 9,1,59,,273528,18,0,5 14 15 9,1,23,,273529,18,0,5 14 15 9,1,14,,273530,18,,,1,69,,273531,18,0,5 14 15 9,1,23,,273532,18,0,16 17 9,1,67,,273533,18,0,5 14 15 9,1,26,,273534,18,,,1,69,,273535,18,0,5 14 15 9,1,30,,273536,18,0,16 17 9,1,70,,273537,18,0,5 14 15 9,1,24,,273538,18,,,1,100,,273539,18,0,16 17 9,1
3301,'20260922',941,,273543,18,,,1,100,,273544,18,,,1,100,,273545,18,,,1,101,,273546,18,,,1,105,,273547,18,,,1,100,,273548,18,,,1,79,,273549,18,0,5 14 15 9,1,25,,273550,18,,,1,70,,273551,18,0,5 14 15 9,1,23,,273552,18,0,16 17 9,1,63,,273553,18,,,1,31,,273554,18,0,5 14 15 9,1,18,,273555,18,,,1,59,,273556,18,0,5 14 15 9,1,18,,273557,18,0,16 17 9,1,10,,273558,18,0,5 14 15 9,1,16,,273559,18,0,16 17 9,1,59,,273560,18,0,5 14 15 9,1,23,,273561,18,0,5 14 15 9,1,14,,273562,18,,,1,69,,273563,18,0,5 14 15 9,1,23,,273564,18,0,16 17 9,1,67,,273565,18,0,5 14 15 9,1,26,,273566,18,,,1,69,,273567,18,0,5 14 15 9,1,30,,273568,18,0,16 17 9,1,70,,273569,18,0,5 14 15 9,1,24,,273570,18,,,1,100,,273571,18,0,16 17 9,1
3301,'20260923',941,,273575,18,,,1,100,,273576,18,,,1,100,,273577,18,,,1,101,,273578,18,,,1,105,,273579,18,,,1,100,,273580,18,,,1,79,,273581,18,0,5 14 15 9,1,25,,273582,18,,,1,70,,273583,18,0,5 14 15 9,1,23,,273584,18,0,16 17 9,1,63,,273585,18,,,1,31,,273586,18,0,5 14 15 9,1,18,,273587,18,,,1,59,,273588,18,0,5 14 15 9,1,18,,273589,18,0,16 17 9,1,10,,273590,18,0,5 14 15 9,1,16,,273591,18,0,16 17 9,1,59,,273592,18,0,5 14 15 9,1,23,,273593,18,0,5 14 15 9,1,14,,273594,18,,,1,69,,273595,18,0,5 14 15 9,1,23,,273596,18,0,16 17 9,1,67,,273597,18,0,5 14 15 9,1,26,,273598,18,,,1,69,,273599,18,0,5 14 15 9,1,30,,273600,18,0,16 17 9,1,70,,273601,18,0,5 14 15 9,1,24,,273602,18,,,1,100,,273603,18,0,16 17 9,1
3301,'20260924',941,,273607,18,,,1,100,,273608,18,,,1,100,,273609,18,,,1,101,,273610,18,,,1,105,,273611,18,,,1,100,,273612,18,,,1,79,,273613,18,0,5 14 15 9,1,25,,273614,18,,,1,70,,273615,18,0,5 14 15 9,1,23,,273616,18,0,16 17 9,1,63,,273617,18,,,1,31,,273618,18,0,5 14 15 9,1,18,,273619,18,,,1,59,,273620,18,0,5 14 15 9,1,18,,273621,18,0,16 17 9,1,10,,273622,18,0,5 14 15 9,1,16,,273623,18,0,16 17 9,1,59,,273624,18,0,5 14 15 9,1,23,,273625,18,0,5 14 15 9,1,14,,273626,18,,,1,69,,273627,18,0,5 14 15 9,1,23,,273628,18,0,16 17 9,1,67,,273629,18,0,5 14 15 9,1,26,,273630,18,,,1,69,,273631,18,0,5 14 15 9,1,30,,273632,18,0,16 17 9,1,70,,273633,18,0,5 14 15 9,1,24,,273634,18,,,1,100,,273635,18,0,16 17 9,1
3301,'20260925',941,,273639,18,,,1,100,,273640,18,,,1,100,,273641,18,,,1,101,,273642,18,,,1,105,,273643,18,,,1,100,,273644,18,,,1,79,,273645,18,0,5 14 15 9,1,25,,273646,18,,,1,70,,273647,18,0,5 14 15 9,1,23,,273648,18,0,16 17 9,1,63,,273649,18,,,1,31,,273650,18,0,5 14 15 9,1,18,,273651,18,,,1,59,,273652,18,0,5 14 15 9,1,18,,273653,18,0,16 17 9,1,10,,273654,18,0,5 14 15 9,1,16,,273655,18,0,16 17 9,1,59,,273656,18,0,5 14 15 9,1,23,,273657,18,0,5 14 15 9,1,14,,273658,18,,,1,69,,273659,18,0,5 14 15 9,1,23,,273660,18,0,16 17 9,1,67,,273661,18,0,5 14 15 9,1,26,,273662,18,,,1,69,,273663,18,0,5 14 15 9,1,30,,273664,18,0,16 17 9,1,70,,273665,18,0,5 14 15 9,1,24,,273666,18,,,1,100,,273667,18,0,16 17 9,1
3301,'20260926',1041,,273670,18,,,1,202,,273672,18,,,1,197,,273674,18,,,1,200,,273676,18,,,1,200,,273677,18,,,1,200,,273678,18,,,1,200,,273679,18,,,1,204,,273680,18,,,1
3301,'20260927',1041,,273682,18,,,1,202,,273684,18,,,1,197,,273686,18,,,1,200,,273688,18,,,1,200,,273689,18,,,1,200,,273690,18,,,1,200,,273691,18,,,1,204,,273692,18,,,1
3301,'20260928',941,,273695,18,,,1,100,,273696,18,,,1,100,,273697,18,,,1,101,,273698,18,,,1,105,,273699,18,,,1,100,,273700,18,,,1,79,,273701,18,0,5 14 15 9,1,25,,273702,18,,,1,70,,273703,18,0,5 14 15 9,1,23,,273704,18,0,16 17 9,1,63,,273705,18,,,1,31,,273706,18,0,5 14 15 9,1,18,,273707,18,,,1,59,,273708,18,0,5 14 15 9,1,18,,273709,18,0,16 17 9,1,10,,273710,18,0,5 14 15 9,1,16,,273711,18,0,16 17 9,1,59,,273712,18,0,5 14 15 9,1,23,,273713,18,0,5 14 15 9,1,14,,273714,18,,,1,69,,273715,18,0,5 14 15 9,1,23,,273716,18,0,16 17 9,1,67,,273717,18,0,5 14 15 9,1,26,,273718,18,,,1,69,,273719,18,0,5 14 15 9,1,30,,273720,18,0,16 17 9,1,70,,273721,18,0,5 14 15 9,1,24,,273722,18,,,1,100,,273723,18,0,16 17 9,1
3301,'20260929',941,,273727,18,,,1,100,,273728,18,,,1,100,,273729,18,,,1,101,,273730,18,,,1,105,,273731,18,,,1,100,,273732,18,,,1,79,,273733,18,0,5 14 15 9,1,25,,273734,18,,,1,70,,273735,18,0,5 14 15 9,1,23,,273736,18,0,16 17 9,1,63,,273737,18,,,1,31,,273738,18,0,5 14 15 9,1,18,,273739,18,,,1,59,,273740,18,0,5 14 15 9,1,18,,273741,18,0,16 17 9,1,10,,273742,18,0,5 14 15 9,1,16,,273743,18,0,16 17 9,1,59,,273744,18,0,5 14 15 9,1,23,,273745,18,0,5 14 15 9,1,14,,273746,18,,,1,69,,273747,18,0,5 14 15 9,1,23,,273748,18,0,16 17 9,1,67,,273749,18,0,5 14 15 9,1,26,,273750,18,,,1,69,,273751,18,0,5 14 15 9,1,30,,273752,18,0,16 17 9,1,70,,273753,18,0,5 14 15 9,1,24,,273754,18,,,1,100,,273755,18,0,16 17 9,1
3301,'20260930',941,,273759,18,,,1,100,,273760,18,,,1,100,,273761,18,,,1,101,,273762,18,,,1,105,,273763,18,,,1,100,,273764,18,,,1,79,,273765,18,0,5 14 15 9,1,25,,273766,18,,,1,70,,273767,18,0,5 14 15 9,1,23,,273768,18,0,16 17 9,1,63,,273769,18,,,1,31,,273770,18,0,5 14 15 9,1,18,,273771,18,,,1,59,,273772,18,0,5 14 15 9,1,18,,273773,18,0,16 17 9,1,10,,273774,18,0,5 14 15 9,1,16,,273775,18,0,16 17 9,1,59,,273776,18,0,5 14 15 9,1,23,,273777,18,0,5 14 15 9,1,14,,273778,18,,,1,69,,273779,18,0,5 14 15 9,1,23,,273780,18,0,16 17 9,1,67,,273781,18,0,5 14 15 9,1,26,,273782,18,,,1,69,,273783,18,0,5 14 15 9,1,30,,273784,18,0,16 17 9,1,70,,273785,18,0,5 14 15 9,1,24,,273786,18,,,1,100,,273787,18,0,16 17 9,1
3301,'20261001',941,,273791,18,,,1,100,,273792,18,,,1,100,,273793,18,,,1,101,,273794,18,,,1,105,,273795,18,,,1,100,,273796,18,,,1,79,,273797,18,0,5 14 15 9,1,25,,273798,18,,,1,70,,273799,18,0,5 14 15 9,1,23,,273800,18,0,16 17 9,1,63,,273801,18,,,1,31,,273802,18,0,5 14 15 9,1,18,,273803,18,,,1,59,,273804,18,0,5 14 15 9,1,18,,273805,18,0,16 17 9,1,10,,273806,18,0,5 14 15 9,1,16,,273807,18,0,16 17 9,1,59,,273808,18,0,5 14 15 9,1,23,,273809,18,0,5 14 15 9,1,14,,273810,18,,,1,69,,273811,18,0,5 14 15 9,1,23,,273812,18,0,16 17 9,1,67,,273813,18,0,5 14 15 9,1,26,,273814,18,,,1,69,,273815,18,0,5 14 15 9,1,30,,273816,18,0,16 17 9,1,70,,273817,18,0,5 14 15 9,1,24,,273818,18,,,1,100,,273819,18,0,16 17 9,1
3301,'20261002',941,,273823,18,,,1,100,,273824,18,,,1,100,,273825,18,,,1,101,,273826,18,,,1,105,,273827,18,,,1,100,,273828,18,,,1,79,,273829,18,0,5 14 15 9,1,25,,273830,18,,,1,70,,273831,18,0,5 14 15 9,1,23,,273832,18,0,16 17 9,1,63,,273833,18,,,1,31,,273834,18,0,5 14 15 9,1,18,,273835,18,,,1,59,,273836,18,0,5 14 15 9,1,18,,273837,18,0,16 17 9,1,10,,273838,18,0,5 14 15 9,1,16,,273839,18,0,16 17 9,1,59,,273840,18,0,5 14 15 9,1,23,,273841,18,0,5 14 15 9,1,14,,273842,18,,,1,69,,273843,18,0,5 14 15 9,1,23,,273844,18,0,16 17 9,1,67,,273845,18,0,5 14 15 9,1,26,,273846,18,,,1,69,,273847,18,0,5 14 15 9,1,30,,273848,18,0,16 17 9,1,70,,273849,18,0,5 14 15 9,1,24,,273850,18,,,1,100,,273851,18,0,16 17 9,1
3301,'20261003',1041,,273854,18,,,1,202,,273856,18,,,1,197,,273858,18,,,1,200,,273860,18,,,1,200,,273861,18,,,1,200,,273862,18,,,1,200,,273863,18,,,1,204,,273864,18,,,1
3301,'20261004',1041,,273866,18,,,1,202,,273868,18,,,1,197,,273870,18,,,1,200,,273872,18,,,1,200,,273873,18,,,1,200,,273874,18,,,1,200,,273875,18,,,1,204,,273876,18,,,1
3301,'20261005',941,,273879,18,,,1,100,,273880,18,,,1,100,,273881,18,,,1,101,,273882,18,,,1,105,,273883,18,,,1,100,,273884,18,,,1,79,,273885,18,0,5 14 15 9,1,25,,273886,18,,,1,70,,273887,18,0,5 14 15 9,1,23,,273888,18,0,16 17 9,1,63,,273889,18,,,1,31,,273890,18,0,5 14 15 9,1,18,,273891,18,,,1,59,,273892,18,0,5 14 15 9,1,18,,273893,18,0,16 17 9,1,10,,273894,18,0,5 14 15 9,1,16,,273895,18,0,16 17 9,1,59,,273896,18,0,5 14 15 9,1,23,,273897,18,0,5 14 15 9,1,14,,273898,18,,,1,69,,273899,18,0,5 14 15 9,1,23,,273900,18,0,16 17 9,1,67,,273901,18,0,5 14 15 9,1,26,,273902,18,,,1,69,,273903,18,0,5 14 15 9,1,30,,273904,18,0,16 17 9,1,70,,273905,18,0,5 14 15 9,1,24,,273906,18,,,1,100,,273907,18,0,16 17 9,1
3301,'20261006',941,,273911,18,,,1,100,,273912,18,,,1,100,,273913,18,,,1,101,,273914,18,,,1,105,,273915,18,,,1,100,,273916,18,,,1,79,,273917,18,0,5 14 15 9,1,25,,273918,18,,,1,70,,273919,18,0,5 14 15 9,1,23,,273920,18,0,16 17 9,1,63,,273921,18,,,1,31,,273922,18,0,5 14 15 9,1,18,,273923,18,,,1,59,,273924,18,0,5 14 15 9,1,18,,273925,18,0,16 17 9,1,10,,273926,18,0,5 14 15 9,1,16,,273927,18,0,16 17 9,1,59,,273928,18,0,5 14 15 9,1,23,,273929,18,0,5 14 15 9,1,14,,273930,18,,,1,69,,273931,18,0,5 14 15 9,1,23,,273932,18,0,16 17 9,1,67,,273933,18,0,5 14 15 9,1,26,,273934,18,,,1,69,,273935,18,0,5 14 15 9,1,30,,273936,18,0,16 17 9,1,70,,273937,18,0,5 14 15 9,1,24,,273938,18,,,1,100,,273939,18,0,16 17 9,1
3301,'20261007',941,,273943,18,,,1,100,,273944,18,,,1,100,,273945,18,,,1,101,,273946,18,,,1,105,,273947,18,,,1,100,,273948,18,,,1,79,,273949,18,0,5 14 15 9,1,25,,273950,18,,,1,70,,273951,18,0,5 14 15 9,1,23,,273952,18,0,16 17 9,1,63,,273953,18,,,1,31,,273954,18,0,5 14 15 9,1,18,,273955,18,,,1,59,,273956,18,0,5 14 15 9,1,18,,273957,18,0,16 17 9,1,10,,273958,18,0,5 14 15 9,1,16,,273959,18,0,16 17 9,1,59,,273960,18,0,5 14 15 9,1,23,,273961,18,0,5 14 15 9,1,14,,273962,18,,,1,69,,273963,18,0,5 14 15 9,1,23,,273964,18,0,16 17 9,1,67,,273965,18,0,5 14 15 9,1,26,,273966,18,,,1,69,,273967,18,0,5 14 15 9,1,30,,273968,18,0,16 17 9,1,70,,273969,18,0,5 14 15 9,1,24,,273970,18,,,1,100,,273971,18,0,16 17 9,1
3301,'20261008',941,,273975,18,,,1,100,,273976,18,,,1,100,,273977,18,,,1,101,,273978,18,,,1,105,,273979,18,,,1,100,,273980,18,,,1,79,,273981,18,0,5 14 15 9,1,25,,273982,18,,,1,70,,273983,18,0,5 14 15 9,1,23,,273984,18,0,16 17 9,1,63,,273985,18,,,1,31,,273986,18,0,5 14 15 9,1,18,,273987,18,,,1,59,,273988,18,0,5 14 15 9,1,18,,273989,18,0,16 17 9,1,10,,273990,18,0,5 14 15 9,1,16,,273991,18,0,16 17 9,1,59,,273992,18,0,5 14 15 9,1,23,,273993,18,0,5 14 15 9,1,14,,273994,18,,,1,69,,273995,18,0,5 14 15 9,1,23,,273996,18,0,16 17 9,1,67,,273997,18,0,5 14 15 9,1,26,,273998,18,,,1,69,,273999,18,0,5 14 15 9,1,30,,274000,18,0,16 17 9,1,70,,274001,18,0,5 14 15 9,1,24,,274002,18,,,1,100,,274003,18,0,16 17 9,1
3301,'20261009',941,,274007,18,,,1,100,,274008,18,,,1,100,,274009,18,,,1,101,,274010,18,,,1,105,,274011,18,,,1,100,,274012,18,,,1,79,,274013,18,0,5 14 15 9,1,25,,274014,18,,,1,70,,274015,18,0,5 14 15 9,1,23,,274016,18,0,16 17 9,1,63,,274017,18,,,1,31,,274018,18,0,5 14 15 9,1,18,,274019,18,,,1,59,,274020,18,0,5 14 15 9,1,18,,274021,18,0,16 17 9,1,10,,274022,18,0,5 14 15 9,1,16,,274023,18,0,16 17 9,1,59,,274024,18,0,5 14 15 9,1,23,,274025,18,0,5 14 15 9,1,14,,274026,18,,,1,69,,274027,18,0,5 14 15 9,1,23,,274028,18,0,16 17 9,1,67,,274029,18,0,5 14 15 9,1,26,,274030,18,,,1,69,,274031,18,0,5 14 15 9,1,30,,274032,18,0,16 17 9,1,70,,274033,18,0,5 14 15 9,1,24,,274034,18,,,1,100,,274035,18,0,16 17 9,1
3301,'20261010',1041,,274038,18,,,1,202,,274040,18,,,1,197,,274042,18,,,1,200,,274044,18,,,1,200,,274045,18,,,1,200,,274046,18,,,1,200,,274047,18,,,1,204,,274048,18,,,1
3301,'20261011',1041,,274050,18,,,1,202,,274052,18,,,1,197,,274054,18,,,1,200,,274056,18,,,1,200,,274057,18,,,1,200,,274058,18,,,1,200,,274059,18,,,1,204,,274060,18,,,1
3301,'20261012',1041,,274062,18,,,1,202,,274064,18,,,1,197,,274066,18,,,1,200,,274068,18,,,1,200,,274069,18,,,1,200,,274070,18,,,1,200,,274071,18,,,1,204,,274072,18,,,1
3301,'20261013',941,,274075,18,,,1,100,,274076,18,,,1,100,,274077,18,,,1,101,,274078,18,,,1,105,,274079,18,,,1,100,,274080,18,,,1,79,,274081,18,0,5 14 15 9,1,25,,274082,18,,,1,70,,274083,18,0,5 14 15 9,1,23,,274084,18,0,16 17 9,1,63,,274085,18,,,1,31,,274086,18,0,5 14 15 9,1,18,,274087,18,,,1,59,,274088,18,0,5 14 15 9,1,18,,274089,18,0,16 17 9,1,10,,274090,18,0,5 14 15 9,1,16,,274091,18,0,16 17 9,1,59,,274092,18,0,5 14 15 9,1,23,,274093,18,0,5 14 15 9,1,14,,274094,18,,,1,69,,274095,18,0,5 14 15 9,1,23,,274096,18,0,16 17 9,1,67,,274097,18,0,5 14 15 9,1,26,,274098,18,,,1,69,,274099,18,0,5 14 15 9,1,30,,274100,18,0,16 17 9,1,70,,274101,18,0,5 14 15 9,1,24,,274102,18,,,1,100,,274103,18,0,16 17 9,1
3301,'20261014',941,,274107,18,,,1,100,,274108,18,,,1,100,,274109,18,,,1,101,,274110,18,,,1,105,,274111,18,,,1,100,,274112,18,,,1,79,,274113,18,0,5 14 15 9,1,25,,274114,18,,,1,70,,274115,18,0,5 14 15 9,1,23,,274116,18,0,16 17 9,1,63,,274117,18,,,1,31,,274118,18,0,5 14 15 9,1,18,,274119,18,,,1,59,,274120,18,0,5 14 15 9,1,18,,274121,18,0,16 17 9,1,10,,274122,18,0,5 14 15 9,1,16,,274123,18,0,16 17 9,1,59,,274124,18,0,5 14 15 9,1,23,,274125,18,0,5 14 15 9,1,14,,274126,18,,,1,69,,274127,18,0,5 14 15 9,1,23,,274128,18,0,16 17 9,1,67,,274129,18,0,5 14 15 9,1,26,,274130,18,,,1,69,,274131,18,0,5 14 15 9,1,30,,274132,18,0,16 17 9,1,70,,274133,18,0,5 14 15 9,1,24,,274134,18,,,1,100,,274135,18,0,16 17 9,1
3301,'20261015',941,,274139,18,,,1,100,,274140,18,,,1,100,,274141,18,,,1,101,,274142,18,,,1,105,,274143,18,,,1,100,,274144,18,,,1,79,,274145,18,0,5 14 15 9,1,25,,274146,18,,,1,70,,274147,18,0,5 14 15 9,1,23,,274148,18,0,16 17 9,1,63,,274149,18,,,1,31,,274150,18,0,5 14 15 9,1,18,,274151,18,,,1,59,,274152,18,0,5 14 15 9,1,18,,274153,18,0,16 17 9,1,10,,274154,18,0,5 14 15 9,1,16,,274155,18,0,16 17 9,1,59,,274156,18,0,5 14 15 9,1,23,,274157,18,0,5 14 15 9,1,14,,274158,18,,,1,69,,274159,18,0,5 14 15 9,1,23,,274160,18,0,16 17 9,1,67,,274161,18,0,5 14 15 9,1,26,,274162,18,,,1,69,,274163,18,0,5 14 15 9,1,30,,274164,18,0,16 17 9,1,70,,274165,18,0,5 14 15 9,1,24,,274166,18,,,1,100,,274167,18,0,16 17 9,1
3301,'20261016',941,,274171,18,,,1,100,,274172,18,,,1,100,,274173,18,,,1,101,,274174,18,,,1,105,,274175,18,,,1,100,,274176,18,,,1,79,,274177,18,0,5 14 15 9,1,25,,274178,18,,,1,70,,274179,18,0,5 14 15 9,1,23,,274180,18,0,16 17 9,1,63,,274181,18,,,1,31,,274182,18,0,5 14 15 9,1,18,,274183,18,,,1,59,,274184,18,0,5 14 15 9,1,18,,274185,18,0,16 17 9,1,10,,274186,18,0,5 14 15 9,1,16,,274187,18,0,16 17 9,1,59,,274188,18,0,5 14 15 9,1,23,,274189,18,0,5 14 15 9,1,14,,274190,18,,,1,69,,274191,18,0,5 14 15 9,1,23,,274192,18,0,16 17 9,1,67,,274193,18,0,5 14 15 9,1,26,,274194,18,,,1,69,,274195,18,0,5 14 15 9,1,30,,274196,18,0,16 17 9,1,70,,274197,18,0,5 14 15 9,1,24,,274198,18,,,1,100,,274199,18,0,16 17 9,1
3301,'20261017',1041,,274202,18,,,1,202,,274204,18,,,1,197,,274206,18,,,1,200,,274208,18,,,1,200,,274209,18,,,1,200,,274210,18,,,1,200,,274211,18,,,1,204,,274212,18,,,1
3301,'20261018',1041,,274214,18,,,1,202,,274216,18,,,1,197,,274218,18,,,1,200,,274220,18,,,1,200,,274221,18,,,1,200,,274222,18,,,1,200,,274223,18,,,1,204,,274224,18,,,1
3301,'20261019',941,,274227,18,,,1,100,,274228,18,,,1,100,,274229,18,,,1,101,,274230,18,,,1,105,,274231,18,,,1,100,,274232,18,,,1,79,,274233,18,0,5 14 15 9,1,25,,274234,18,,,1,70,,274235,18,0,5 14 15 9,1,23,,274236,18,0,16 17 9,1,63,,274237,18,,,1,31,,274238,18,0,5 14 15 9,1,18,,274239,18,,,1,59,,274240,18,0,5 14 15 9,1,18,,274241,18,0,16 17 9,1,10,,274242,18,0,5 14 15 9,1,16,,274243,18,0,16 17 9,1,59,,274244,18,0,5 14 15 9,1,23,,274245,18,0,5 14 15 9,1,14,,274246,18,,,1,69,,274247,18,0,5 14 15 9,1,23,,274248,18,0,16 17 9,1,67,,274249,18,0,5 14 15 9,1,26,,274250,18,,,1,69,,274251,18,0,5 14 15 9,1,30,,274252,18,0,16 17 9,1,70,,274253,18,0,5 14 15 9,1,24,,274254,18,,,1,100,,274255,18,0,16 17 9,1
3301,'20261020',941,,274259,18,,,1,100,,274260,18,,,1,100,,274261,18,,,1,101,,274262,18,,,1,105,,274263,18,,,1,100,,274264,18,,,1,79,,274265,18,0,5 14 15 9,1,25,,274266,18,,,1,70,,274267,18,0,5 14 15 9,1,23,,274268,18,0,16 17 9,1,63,,274269,18,,,1,31,,274270,18,0,5 14 15 9,1,18,,274271,18,,,1,59,,274272,18,0,5 14 15 9,1,18,,274273,18,0,16 17 9,1,10,,274274,18,0,5 14 15 9,1,16,,274275,18,0,16 17 9,1,59,,274276,18,0,5 14 15 9,1,23,,274277,18,0,5 14 15 9,1,14,,274278,18,,,1,69,,274279,18,0,5 14 15 9,1,23,,274280,18,0,16 17 9,1,67,,274281,18,0,5 14 15 9,1,26,,274282,18,,,1,69,,274283,18,0,5 14 15 9,1,30,,274284,18,0,16 17 9,1,70,,274285,18,0,5 14 15 9,1,24,,274286,18,,,1,100,,274287,18,0,16 17 9,1
3301,'20261021',941,,274291,18,,,1,100,,274292,18,,,1,100,,274293,18,,,1,101,,274294,18,,,1,105,,274295,18,,,1,100,,274296,18,,,1,79,,274297,18,0,5 14 15 9,1,25,,274298,18,,,1,70,,274299,18,0,5 14 15 9,1,23,,274300,18,0,16 17 9,1,63,,274301,18,,,1,31,,274302,18,0,5 14 15 9,1,18,,274303,18,,,1,59,,274304,18,0,5 14 15 9,1,18,,274305,18,0,16 17 9,1,10,,274306,18,0,5 14 15 9,1,16,,274307,18,0,16 17 9,1,59,,274308,18,0,5 14 15 9,1,23,,274309,18,0,5 14 15 9,1,14,,274310,18,,,1,69,,274311,18,0,5 14 15 9,1,23,,274312,18,0,16 17 9,1,67,,274313,18,0,5 14 15 9,1,26,,274314,18,,,1,69,,274315,18,0,5 14 15 9,1,30,,274316,18,0,16 17 9,1,70,,274317,18,0,5 14 15 9,1,24,,274318,18,,,1,100,,274319,18,0,16 17 9,1
3301,'20261022',941,,274323,18,,,1,100,,274324,18,,,1,100,,274325,18,,,1,101,,274326,18,,,1,105,,274327,18,,,1,100,,274328,18,,,1,79,,274329,18,0,5 14 15 9,1,25,,274330,18,,,1,70,,274331,18,0,5 14 15 9,1,23,,274332,18,0,16 17 9,1,63,,274333,18,,,1,31,,274334,18,0,5 14 15 9,1,18,,274335,18,,,1,59,,274336,18,0,5 14 15 9,1,18,,274337,18,0,16 17 9,1,10,,274338,18,0,5 14 15 9,1,16,,274339,18,0,16 17 9,1,59,,274340,18,0,5 14 15 9,1,23,,274341,18,0,5 14 15 9,1,14,,274342,18,,,1,69,,274343,18,0,5 14 15 9,1,23,,274344,18,0,16 17 9,1,67,,274345,18,0,5 14 15 9,1,26,,274346,18,,,1,69,,274347,18,0,5 14 15 9,1,30,,274348,18,0,16 17 9,1,70,,274349,18,0,5 14 15 9,1,24,,274350,18,,,1,100,,274351,18,0,16 17 9,1
3301,'20261023',941,,274355,18,,,1,100,,274356,18,,,1,100,,274357,18,,,1,101,,274358,18,,,1,105,,274359,18,,,1,100,,274360,18,,,1,79,,274361,18,0,5 14 15 9,1,25,,274362,18,,,1,70,,274363,18,0,5 14 15 9,1,23,,274364,18,0,16 17 9,1,63,,274365,18,,,1,31,,274366,18,0,5 14 15 9,1,18,,274367,18,,,1,59,,274368,18,0,5 14 15 9,1,18,,274369,18,0,16 17 9,1,10,,274370,18,0,5 14 15 9,1,16,,274371,18,0,16 17 9,1,59,,274372,18,0,5 14 15 9,1,23,,274373,18,0,5 14 15 9,1,14,,274374,18,,,1,69,,274375,18,0,5 14 15 9,1,23,,274376,18,0,16 17 9,1,67,,274377,18,0,5 14 15 9,1,26,,274378,18,,,1,69,,274379,18,0,5 14 15 9,1,30,,274380,18,0,16 17 9,1,70,,274381,18,0,5 14 15 9,1,24,,274382,18,,,1,100,,274383,18,0,16 17 9,1
3301,'20261024',1041,,274386,18,,,1,202,,274388,18,,,1,197,,274390,18,,,1,200,,274392,18,,,1,200,,274393,18,,,1,200,,274394,18,,,1,200,,274395,18,,,1,204,,274396,18,,,1
3301,'20261025',1041,,274398,18,,,1,202,,274400,18,,,1,197,,274402,18,,,1,200,,274404,18,,,1,200,,274405,18,,,1,200,,274406,18,,,1,200,,274407,18,,,1,204,,274408,18,,,1
3301,'20261026',941,,274411,18,,,1,100,,274412,18,,,1,100,,274413,18,,,1,101,,274414,18,,,1,105,,274415,18,,,1,100,,274416,18,,,1,79,,274417,18,0,5 14 15 9,1,25,,274418,18,,,1,70,,274419,18,0,5 14 15 9,1,23,,274420,18,0,16 17 9,1,63,,274421,18,,,1,31,,274422,18,0,5 14 15 9,1,18,,274423,18,,,1,59,,274424,18,0,5 14 15 9,1,18,,274425,18,0,16 17 9,1,10,,274426,18,0,5 14 15 9,1,16,,274427,18,0,16 17 9,1,59,,274428,18,0,5 14 15 9,1,23,,274429,18,0,5 14 15 9,1,14,,274430,18,,,1,69,,274431,18,0,5 14 15 9,1,23,,274432,18,0,16 17 9,1,67,,274433,18,0,5 14 15 9,1,26,,274434,18,,,1,69,,274435,18,0,5 14 15 9,1,30,,274436,18,0,16 17 9,1,70,,274437,18,0,5 14 15 9,1,24,,274438,18,,,1,100,,274439,18,0,16 17 9,1
3301,'20261027',941,,274443,18,,,1,100,,274444,18,,,1,100,,274445,18,,,1,101,,274446,18,,,1,105,,274447,18,,,1,100,,274448,18,,,1,79,,274449,18,0,5 14 15 9,1,25,,274450,18,,,1,70,,274451,18,0,5 14 15 9,1,23,,274452,18,0,16 17 9,1,63,,274453,18,,,1,31,,274454,18,0,5 14 15 9,1,18,,274455,18,,,1,59,,274456,18,0,5 14 15 9,1,18,,274457,18,0,16 17 9,1,10,,274458,18,0,5 14 15 9,1,16,,274459,18,0,16 17 9,1,59,,274460,18,0,5 14 15 9,1,23,,274461,18,0,5 14 15 9,1,14,,274462,18,,,1,69,,274463,18,0,5 14 15 9,1,23,,274464,18,0,16 17 9,1,67,,274465,18,0,5 14 15 9,1,26,,274466,18,,,1,69,,274467,18,0,5 14 15 9,1,30,,274468,18,0,16 17 9,1,70,,274469,18,0,5 14 15 9,1,24,,274470,18,,,1,100,,274471,18,0,16 17 9,1
3301,'20261028',941,,274475,18,,,1,100,,274476,18,,,1,100,,274477,18,,,1,101,,274478,18,,,1,105,,274479,18,,,1,100,,274480,18,,,1,79,,274481,18,0,5 14 15 9,1,25,,274482,18,,,1,70,,274483,18,0,5 14 15 9,1,23,,274484,18,0,16 17 9,1,63,,274485,18,,,1,31,,274486,18,0,5 14 15 9,1,18,,274487,18,,,1,59,,274488,18,0,5 14 15 9,1,18,,274489,18,0,16 17 9,1,10,,274490,18,0,5 14 15 9,1,16,,274491,18,0,16 17 9,1,59,,274492,18,0,5 14 15 9,1,23,,274493,18,0,5 14 15 9,1,14,,274494,18,,,1,69,,274495,18,0,5 14 15 9,1,23,,274496,18,0,16 17 9,1,67,,274497,18,0,5 14 15 9,1,26,,274498,18,,,1,69,,274499,18,0,5 14 15 9,1,30,,274500,18,0,16 17 9,1,70,,274501,18,0,5 14 15 9,1,24,,274502,18,,,1,100,,274503,18,0,16 17 9,1
3301,'20261029',941,,274507,18,,,1,100,,274508,18,,,1,100,,274509,18,,,1,101,,274510,18,,,1,105,,274511,18,,,1,100,,274512,18,,,1,79,,274513,18,0,5 14 15 9,1,25,,274514,18,,,1,70,,274515,18,0,5 14 15 9,1,23,,274516,18,0,16 17 9,1,63,,274517,18,,,1,31,,274518,18,0,5 14 15 9,1,18,,274519,18,,,1,59,,274520,18,0,5 14 15 9,1,18,,274521,18,0,16 17 9,1,10,,274522,18,0,5 14 15 9,1,16,,274523,18,0,16 17 9,1,59,,274524,18,0,5 14 15 9,1,23,,274525,18,0,5 14 15 9,1,14,,274526,18,,,1,69,,274527,18,0,5 14 15 9,1,23,,274528,18,0,16 17 9,1,67,,274529,18,0,5 14 15 9,1,26,,274530,18,,,1,69,,274531,18,0,5 14 15 9,1,30,,274532,18,0,16 17 9,1,70,,274533,18,0,5 14 15 9,1,24,,274534,18,,,1,100,,274535,18,0,16 17 9,1
3301,'20261030',941,,274539,18,,,1,100,,274540,18,,,1,100,,274541,18,,,1,101,,274542,18,,,1,105,,274543,18,,,1,100,,274544,18,,,1,79,,274545,18,0,5 14 15 9,1,25,,274546,18,,,1,70,,274547,18,0,5 14 15 9,1,23,,274548,18,0,16 17 9,1,63,,274549,18,,,1,31,,274550,18,0,5 14 15 9,1,18,,274551,18,,,1,59,,274552,18,0,5 14 15 9,1,18,,274553,18,0,16 17 9,1,10,,274554,18,0,5 14 15 9,1,16,,274555,18,0,16 17 9,1,59,,274556,18,0,5 14 15 9,1,23,,274557,18,0,5 14 15 9,1,14,,274558,18,,,1,69,,274559,18,0,5 14 15 9,1,23,,274560,18,0,16 17 9,1,67,,274561,18,0,5 14 15 9,1,26,,274562,18,,,1,69,,274563,18,0,5 14 15 9,1,30,,274564,18,0,16 17 9,1,70,,274565,18,0,5 14 15 9,1,24,,274566,18,,,1,100,,274567,18,0,16 17 9,1
3301,'20261031',1041,,274570,18,,,1,202,,274572,18,,,1,197,,274574,18,,,1,200,,274576,18,,,1,200,,274577,18,,,1,200,,274578,18,,,1,200,,274579,18,,,1,204,,274580,18,,,1
3301,'20261101',1041,,274582,18,,,1,202,,274584,18,,,1,197,,274586,18,,,1,200,,274588,18,,,1,200,,274589,18,,,1,200,,274590,18,,,1,200,,274591,18,,,1,204,,274592,18,,,1
3301,'20261102',941,,274595,18,,,1,100,,274596,18,,,1,100,,274597,18,,,1,101,,274598,18,,,1,105,,274599,18,,,1,100,,274600,18,,,1,79,,274601,18,0,5 14 15 9,1,25,,274602,18,,,1,70,,274603,18,0,5 14 15 9,1,23,,274604,18,0,16 17 9,1,63,,274605,18,,,1,31,,274606,18,0,5 14 15 9,1,18,,274607,18,,,1,59,,274608,18,0,5 14 15 9,1,18,,274609,18,0,16 17 9,1,10,,274610,18,0,5 14 15 9,1,16,,274611,18,0,16 17 9,1,59,,274612,18,0,5 14 15 9,1,23,,274613,18,0,5 14 15 9,1,14,,274614,18,,,1,69,,274615,18,0,5 14 15 9,1,23,,274616,18,0,16 17 9,1,67,,274617,18,0,5 14 15 9,1,26,,274618,18,,,1,69,,274619,18,0,5 14 15 9,1,30,,274620,18,0,16 17 9,1,70,,274621,18,0,5 14 15 9,1,24,,274622,18,,,1,100,,274623,18,0,16 17 9,1
3301,'20261103',941,,274627,18,,,1,100,,274628,18,,,1,100,,274629,18,,,1,101,,274630,18,,,1,105,,274631,18,,,1,100,,274632,18,,,1,79,,274633,18,0,5 14 15 9,1,25,,274634,18,,,1,70,,274635,18,0,5 14 15 9,1,23,,274636,18,0,16 17 9,1,63,,274637,18,,,1,31,,274638,18,0,5 14 15 9,1,18,,274639,18,,,1,59,,274640,18,0,5 14 15 9,1,18,,274641,18,0,16 17 9,1,10,,274642,18,0,5 14 15 9,1,16,,274643,18,0,16 17 9,1,59,,274644,18,0,5 14 15 9,1,23,,274645,18,0,5 14 15 9,1,14,,274646,18,,,1,69,,274647,18,0,5 14 15 9,1,23,,274648,18,0,16 17 9,1,67,,274649,18,0,5 14 15 9,1,26,,274650,18,,,1,69,,274651,18,0,5 14 15 9,1,30,,274652,18,0,16 17 9,1,70,,274653,18,0,5 14 15 9,1,24,,274654,18,,,1,100,,274655,18,0,16 17 9,1
3301,'20261104',941,,274659,18,,,1,100,,274660,18,,,1,100,,274661,18,,,1,101,,274662,18,,,1,105,,274663,18,,,1,100,,274664,18,,,1,79,,274665,18,0,5 14 15 9,1,25,,274666,18,,,1,70,,274667,18,0,5 14 15 9,1,23,,274668,18,0,16 17 9,1,63,,274669,18,,,1,31,,274670,18,0,5 14 15 9,1,18,,274671,18,,,1,59,,274672,18,0,5 14 15 9,1,18,,274673,18,0,16 17 9,1,10,,274674,18,0,5 14 15 9,1,16,,274675,18,0,16 17 9,1,59,,274676,18,0,5 14 15 9,1,23,,274677,18,0,5 14 15 9,1,14,,274678,18,,,1,69,,274679,18,0,5 14 15 9,1,23,,274680,18,0,16 17 9,1,67,,274681,18,0,5 14 15 9,1,26,,274682,18,,,1,69,,274683,18,0,5 14 15 9,1,30,,274684,18,0,16 17 9,1,70,,274685,18,0,5 14 15 9,1,24,,274686,18,,,1,100,,274687,18,0,16 17 9,1
3301,'20261105',941,,274691,18,,,1,100,,274692,18,,,1,100,,274693,18,,,1,101,,274694,18,,,1,105,,274695,18,,,1,100,,274696,18,,,1,79,,274697,18,0,5 14 15 9,1,25,,274698,18,,,1,70,,274699,18,0,5 14 15 9,1,23,,274700,18,0,16 17 9,1,63,,274701,18,,,1,31,,274702,18,0,5 14 15 9,1,18,,274703,18,,,1,59,,274704,18,0,5 14 15 9,1,18,,274705,18,0,16 17 9,1,10,,274706,18,0,5 14 15 9,1,16,,274707,18,0,16 17 9,1,59,,274708,18,0,5 14 15 9,1,23,,274709,18,0,5 14 15 9,1,14,,274710,18,,,1,69,,274711,18,0,5 14 15 9,1,23,,274712,18,0,16 17 9,1,67,,274713,18,0,5 14 15 9,1,26,,274714,18,,,1,69,,274715,18,0,5 14 15 9,1,30,,274716,18,0,16 17 9,1,70,,274717,18,0,5 14 15 9,1,24,,274718,18,,,1,100,,274719,18,0,16 17 9,1
3301,'20261106',941,,274723,18,,,1,100,,274724,18,,,1,100,,274725,18,,,1,101,,274726,18,,,1,105,,274727,18,,,1,100,,274728,18,,,1,79,,274729,18,0,5 14 15 9,1,25,,274730,18,,,1,70,,274731,18,0,5 14 15 9,1,23,,274732,18,0,16 17 9,1,63,,274733,18,,,1,31,,274734,18,0,5 14 15 9,1,18,,274735,18,,,1,59,,274736,18,0,5 14 15 9,1,18,,274737,18,0,16 17 9,1,10,,274738,18,0,5 14 15 9,1,16,,274739,18,0,16 17 9,1,59,,274740,18,0,5 14 15 9,1,23,,274741,18,0,5 14 15 9,1,14,,274742,18,,,1,69,,274743,18,0,5 14 15 9,1,23,,274744,18,0,16 17 9,1,67,,274745,18,0,5 14 15 9,1,26,,274746,18,,,1,69,,274747,18,0,5 14 15 9,1,30,,274748,18,0,16 17 9,1,70,,274749,18,0,5 14 15 9,1,24,,274750,18,,,1,100,,274751,18,0,16 17 9,1
3301,'20261107',1041,,274754,18,,,1,202,,274756,18,,,1,197,,274758,18,,,1,200,,274760,18,,,1,200,,274761,18,,,1,200,,274762,18,,,1,200,,274763,18,,,1,204,,274764,18,,,1
3301,'20261108',1041,,274766,18,,,1,202,,274768,18,,,1,197,,274770,18,,,1,200,,274772,18,,,1,200,,274773,18,,,1,200,,274774,18,,,1,200,,274775,18,,,1,204,,274776,18,,,1
3301,'20261109',941,,274779,18,,,1,100,,274780,18,,,1,100,,274781,18,,,1,101,,274782,18,,,1,105,,274783,18,,,1,100,,274784,18,,,1,79,,274785,18,0,5 14 15 9,1,25,,274786,18,,,1,70,,274787,18,0,5 14 15 9,1,23,,274788,18,0,16 17 9,1,63,,274789,18,,,1,31,,274790,18,0,5 14 15 9,1,18,,274791,18,,,1,59,,274792,18,0,5 14 15 9,1,18,,274793,18,0,16 17 9,1,10,,274794,18,0,5 14 15 9,1,16,,274795,18,0,16 17 9,1,59,,274796,18,0,5 14 15 9,1,23,,274797,18,0,5 14 15 9,1,14,,274798,18,,,1,69,,274799,18,0,5 14 15 9,1,23,,274800,18,0,16 17 9,1,67,,274801,18,0,5 14 15 9,1,26,,274802,18,,,1,69,,274803,18,0,5 14 15 9,1,30,,274804,18,0,16 17 9,1,70,,274805,18,0,5 14 15 9,1,24,,274806,18,,,1,100,,274807,18,0,16 17 9,1
3301,'20261110',941,,274811,18,,,1,100,,274812,18,,,1,100,,274813,18,,,1,101,,274814,18,,,1,105,,274815,18,,,1,100,,274816,18,,,1,79,,274817,18,0,5 14 15 9,1,25,,274818,18,,,1,70,,274819,18,0,5 14 15 9,1,23,,274820,18,0,16 17 9,1,63,,274821,18,,,1,31,,274822,18,0,5 14 15 9,1,18,,274823,18,,,1,59,,274824,18,0,5 14 15 9,1,18,,274825,18,0,16 17 9,1,10,,274826,18,0,5 14 15 9,1,16,,274827,18,0,16 17 9,1,59,,274828,18,0,5 14 15 9,1,23,,274829,18,0,5 14 15 9,1,14,,274830,18,,,1,69,,274831,18,0,5 14 15 9,1,23,,274832,18,0,16 17 9,1,67,,274833,18,0,5 14 15 9,1,26,,274834,18,,,1,69,,274835,18,0,5 14 15 9,1,30,,274836,18,0,16 17 9,1,70,,274837,18,0,5 14 15 9,1,24,,274838,18,,,1,100,,274839,18,0,16 17 9,1
3301,'20261111',941,,274843,18,,,1,100,,274844,18,,,1,100,,274845,18,,,1,101,,274846,18,,,1,105,,274847,18,,,1,100,,274848,18,,,1,79,,274849,18,0,5 14 15 9,1,25,,274850,18,,,1,70,,274851,18,0,5 14 15 9,1,23,,274852,18,0,16 17 9,1,63,,274853,18,,,1,31,,274854,18,0,5 14 15 9,1,18,,274855,18,,,1,59,,274856,18,0,5 14 15 9,1,18,,274857,18,0,16 17 9,1,10,,274858,18,0,5 14 15 9,1,16,,274859,18,0,16 17 9,1,59,,274860,18,0,5 14 15 9,1,23,,274861,18,0,5 14 15 9,1,14,,274862,18,,,1,69,,274863,18,0,5 14 15 9,1,23,,274864,18,0,16 17 9,1,67,,274865,18,0,5 14 15 9,1,26,,274866,18,,,1,69,,274867,18,0,5 14 15 9,1,30,,274868,18,0,16 17 9,1,70,,274869,18,0,5 14 15 9,1,24,,274870,18,,,1,100,,274871,18,0,16 17 9,1
3301,'20261112',941,,274875,18,,,1,100,,274876,18,,,1,100,,274877,18,,,1,101,,274878,18,,,1,105,,274879,18,,,1,100,,274880,18,,,1,79,,274881,18,0,5 14 15 9,1,25,,274882,18,,,1,70,,274883,18,0,5 14 15 9,1,23,,274884,18,0,16 17 9,1,63,,274885,18,,,1,31,,274886,18,0,5 14 15 9,1,18,,274887,18,,,1,59,,274888,18,0,5 14 15 9,1,18,,274889,18,0,16 17 9,1,10,,274890,18,0,5 14 15 9,1,16,,274891,18,0,16 17 9,1,59,,274892,18,0,5 14 15 9,1,23,,274893,18,0,5 14 15 9,1,14,,274894,18,,,1,69,,274895,18,0,5 14 15 9,1,23,,274896,18,0,16 17 9,1,67,,274897,18,0,5 14 15 9,1,26,,274898,18,,,1,69,,274899,18,0,5 14 15 9,1,30,,274900,18,0,16 17 9,1,70,,274901,18,0,5 14 15 9,1,24,,274902,18,,,1,100,,274903,18,0,16 17 9,1
3301,'20261113',941,,274907,18,,,1,100,,274908,18,,,1,100,,274909,18,,,1,101,,274910,18,,,1,105,,274911,18,,,1,100,,274912,18,,,1,79,,274913,18,0,5 14 15 9,1,25,,274914,18,,,1,70,,274915,18,0,5 14 15 9,1,23,,274916,18,0,16 17 9,1,63,,274917,18,,,1,31,,274918,18,0,5 14 15 9,1,18,,274919,18,,,1,59,,274920,18,0,5 14 15 9,1,18,,274921,18,0,16 17 9,1,10,,274922,18,0,5 14 15 9,1,16,,274923,18,0,16 17 9,1,59,,274924,18,0,5 14 15 9,1,23,,274925,18,0,5 14 15 9,1,14,,274926,18,,,1,69,,274927,18,0,5 14 15 9,1,23,,274928,18,0,16 17 9,1,67,,274929,18,0,5 14 15 9,1,26,,274930,18,,,1,69,,274931,18,0,5 14 15 9,1,30,,274932,18,0,16 17 9,1,70,,274933,18,0,5 14 15 9,1,24,,274934,18,,,1,100,,274935,18,0,16 17 9,1
3301,'20261114',1041,,274938,18,,,1,202,,274940,18,,,1,197,,274942,18,,,1,200,,274944,18,,,1,200,,274945,18,,,1,200,,274946,18,,,1,200,,274947,18,,,1,204,,274948,18,,,1
3301,'20261115',1041,,274950,18,,,1,202,,274952,18,,,1,197,,274954,18,,,1,200,,274956,18,,,1,200,,274957,18,,,1,200,,274958,18,,,1,200,,274959,18,,,1,204,,274960,18,,,1
3301,'20261116',941,,274963,18,,,1,100,,274964,18,,,1,100,,274965,18,,,1,101,,274966,18,,,1,105,,274967,18,,,1,100,,274968,18,,,1,79,,274969,18,0,5 14 15 9,1,25,,274970,18,,,1,70,,274971,18,0,5 14 15 9,1,23,,274972,18,0,16 17 9,1,63,,274973,18,,,1,31,,274974,18,0,5 14 15 9,1,18,,274975,18,,,1,59,,274976,18,0,5 14 15 9,1,18,,274977,18,0,16 17 9,1,10,,274978,18,0,5 14 15 9,1,16,,274979,18,0,16 17 9,1,59,,274980,18,0,5 14 15 9,1,23,,274981,18,0,5 14 15 9,1,14,,274982,18,,,1,69,,274983,18,0,5 14 15 9,1,23,,274984,18,0,16 17 9,1,67,,274985,18,0,5 14 15 9,1,26,,274986,18,,,1,69,,274987,18,0,5 14 15 9,1,30,,274988,18,0,16 17 9,1,70,,274989,18,0,5 14 15 9,1,24,,274990,18,,,1,100,,274991,18,0,16 17 9,1
3301,'20261117',941,,274995,18,,,1,100,,274996,18,,,1,100,,274997,18,,,1,101,,274998,18,,,1,105,,274999,18,,,1,100,,275000,18,,,1,79,,275001,18,0,5 14 15 9,1,25,,275002,18,,,1,70,,275003,18,0,5 14 15 9,1,23,,275004,18,0,16 17 9,1,63,,275005,18,,,1,31,,275006,18,0,5 14 15 9,1,18,,275007,18,,,1,59,,275008,18,0,5 14 15 9,1,18,,275009,18,0,16 17 9,1,10,,275010,18,0,5 14 15 9,1,16,,275011,18,0,16 17 9,1,59,,275012,18,0,5 14 15 9,1,23,,275013,18,0,5 14 15 9,1,14,,275014,18,,,1,69,,275015,18,0,5 14 15 9,1,23,,275016,18,0,16 17 9,1,67,,275017,18,0,5 14 15 9,1,26,,275018,18,,,1,69,,275019,18,0,5 14 15 9,1,30,,275020,18,0,16 17 9,1,70,,275021,18,0,5 14 15 9,1,24,,275022,18,,,1,100,,275023,18,0,16 17 9,1
3301,'20261118',941,,275027,18,,,1,100,,275028,18,,,1,100,,275029,18,,,1,101,,275030,18,,,1,105,,275031,18,,,1,100,,275032,18,,,1,79,,275033,18,0,5 14 15 9,1,25,,275034,18,,,1,70,,275035,18,0,5 14 15 9,1,23,,275036,18,0,16 17 9,1,63,,275037,18,,,1,31,,275038,18,0,5 14 15 9,1,18,,275039,18,,,1,59,,275040,18,0,5 14 15 9,1,18,,275041,18,0,16 17 9,1,10,,275042,18,0,5 14 15 9,1,16,,275043,18,0,16 17 9,1,59,,275044,18,0,5 14 15 9,1,23,,275045,18,0,5 14 15 9,1,14,,275046,18,,,1,69,,275047,18,0,5 14 15 9,1,23,,275048,18,0,16 17 9,1,67,,275049,18,0,5 14 15 9,1,26,,275050,18,,,1,69,,275051,18,0,5 14 15 9,1,30,,275052,18,0,16 17 9,1,70,,275053,18,0,5 14 15 9,1,24,,275054,18,,,1,100,,275055,18,0,16 17 9,1
3301,'20261119',941,,275059,18,,,1,100,,275060,18,,,1,100,,275061,18,,,1,101,,275062,18,,,1,105,,275063,18,,,1,100,,275064,18,,,1,79,,275065,18,0,5 14 15 9,1,25,,275066,18,,,1,70,,275067,18,0,5 14 15 9,1,23,,275068,18,0,16 17 9,1,63,,275069,18,,,1,31,,275070,18,0,5 14 15 9,1,18,,275071,18,,,1,59,,275072,18,0,5 14 15 9,1,18,,275073,18,0,16 17 9,1,10,,275074,18,0,5 14 15 9,1,16,,275075,18,0,16 17 9,1,59,,275076,18,0,5 14 15 9,1,23,,275077,18,0,5 14 15 9,1,14,,275078,18,,,1,69,,275079,18,0,5 14 15 9,1,23,,275080,18,0,16 17 9,1,67,,275081,18,0,5 14 15 9,1,26,,275082,18,,,1,69,,275083,18,0,5 14 15 9,1,30,,275084,18,0,16 17 9,1,70,,275085,18,0,5 14 15 9,1,24,,275086,18,,,1,100,,275087,18,0,16 17 9,1
3301,'20261120',941,,275091,18,,,1,100,,275092,18,,,1,100,,275093,18,,,1,101,,275094,18,,,1,105,,275095,18,,,1,100,,275096,18,,,1,79,,275097,18,0,5 14 15 9,1,25,,275098,18,,,1,70,,275099,18,0,5 14 15 9,1,23,,275100,18,0,16 17 9,1,63,,275101,18,,,1,31,,275102,18,0,5 14 15 9,1,18,,275103,18,,,1,59,,275104,18,0,5 14 15 9,1,18,,275105,18,0,16 17 9,1,10,,275106,18,0,5 14 15 9,1,16,,275107,18,0,16 17 9,1,59,,275108,18,0,5 14 15 9,1,23,,275109,18,0,5 14 15 9,1,14,,275110,18,,,1,69,,275111,18,0,5 14 15 9,1,23,,275112,18,0,16 17 9,1,67,,275113,18,0,5 14 15 9,1,26,,275114,18,,,1,69,,275115,18,0,5 14 15 9,1,30,,275116,18,0,16 17 9,1,70,,275117,18,0,5 14 15 9,1,24,,275118,18,,,1,100,,275119,18,0,16 17 9,1
3301,'20261121',1041,,275122,18,,,1,202,,275124,18,,,1,197,,275126,18,,,1,200,,275128,18,,,1,200,,275129,18,,,1,200,,275130,18,,,1,200,,275131,18,,,1,204,,275132,18,,,1
3301,'20261122',1041,,275134,18,,,1,202,,275136,18,,,1,197,,275138,18,,,1,200,,275140,18,,,1,200,,275141,18,,,1,200,,275142,18,,,1,200,,275143,18,,,1,204,,275144,18,,,1
3301,'20261123',941,,275147,18,,,1,100,,275148,18,,,1,100,,275149,18,,,1,101,,275150,18,,,1,105,,275151,18,,,1,100,,275152,18,,,1,79,,275153,18,0,5 14 15 9,1,25,,275154,18,,,1,70,,275155,18,0,5 14 15 9,1,23,,275156,18,0,16 17 9,1,63,,275157,18,,,1,31,,275158,18,0,5 14 15 9,1,18,,275159,18,,,1,59,,275160,18,0,5 14 15 9,1,18,,275161,18,0,16 17 9,1,10,,275162,18,0,5 14 15 9,1,16,,275163,18,0,16 17 9,1,59,,275164,18,0,5 14 15 9,1,23,,275165,18,0,5 14 15 9,1,14,,275166,18,,,1,69,,275167,18,0,5 14 15 9,1,23,,275168,18,0,16 17 9,1,67,,275169,18,0,5 14 15 9,1,26,,275170,18,,,1,69,,275171,18,0,5 14 15 9,1,30,,275172,18,0,16 17 9,1,70,,275173,18,0,5 14 15 9,1,24,,275174,18,,,1,100,,275175,18,0,16 17 9,1
3301,'20261124',941,,275179,18,,,1,100,,275180,18,,,1,100,,275181,18,,,1,101,,275182,18,,,1,105,,275183,18,,,1,100,,275184,18,,,1,79,,275185,18,0,5 14 15 9,1,25,,275186,18,,,1,70,,275187,18,0,5 14 15 9,1,23,,275188,18,0,16 17 9,1,63,,275189,18,,,1,31,,275190,18,0,5 14 15 9,1,18,,275191,18,,,1,59,,275192,18,0,5 14 15 9,1,18,,275193,18,0,16 17 9,1,10,,275194,18,0,5 14 15 9,1,16,,275195,18,0,16 17 9,1,59,,275196,18,0,5 14 15 9,1,23,,275197,18,0,5 14 15 9,1,14,,275198,18,,,1,69,,275199,18,0,5 14 15 9,1,23,,275200,18,0,16 17 9,1,67,,275201,18,0,5 14 15 9,1,26,,275202,18,,,1,69,,275203,18,0,5 14 15 9,1,30,,275204,18,0,16 17 9,1,70,,275205,18,0,5 14 15 9,1,24,,275206,18,,,1,100,,275207,18,0,16 17 9,1
3301,'20261125',941,,275211,18,,,1,100,,275212,18,,,1,100,,275213,18,,,1,101,,275214,18,,,1,105,,275215,18,,,1,100,,275216,18,,,1,79,,275217,18,0,5 14 15 9,1,25,,275218,18,,,1,70,,275219,18,0,5 14 15 9,1,23,,275220,18,0,16 17 9,1,63,,275221,18,,,1,31,,275222,18,0,5 14 15 9,1,18,,275223,18,,,1,59,,275224,18,0,5 14 15 9,1,18,,275225,18,0,16 17 9,1,10,,275226,18,0,5 14 15 9,1,16,,275227,18,0,16 17 9,1,59,,275228,18,0,5 14 15 9,1,23,,275229,18,0,5 14 15 9,1,14,,275230,18,,,1,69,,275231,18,0,5 14 15 9,1,23,,275232,18,0,16 17 9,1,67,,275233,18,0,5 14 15 9,1,26,,275234,18,,,1,69,,275235,18,0,5 14 15 9,1,30,,275236,18,0,16 17 9,1,70,,275237,18,0,5 14 15 9,1,24,,275238,18,,,1,100,,275239,18,0,16 17 9,1
3301,'20261126',941,,275243,18,,,1,100,,275244,18,,,1,100,,275245,18,,,1,101,,275246,18,,,1,105,,275247,18,,,1,100,,275248,18,,,1,79,,275249,18,0,5 14 15 9,1,25,,275250,18,,,1,70,,275251,18,0,5 14 15 9,1,23,,275252,18,0,16 17 9,1,63,,275253,18,,,1,31,,275254,18,0,5 14 15 9,1,18,,275255,18,,,1,59,,275256,18,0,5 14 15 9,1,18,,275257,18,0,16 17 9,1,10,,275258,18,0,5 14 15 9,1,16,,275259,18,0,16 17 9,1,59,,275260,18,0,5 14 15 9,1,23,,275261,18,0,5 14 15 9,1,14,,275262,18,,,1,69,,275263,18,0,5 14 15 9,1,23,,275264,18,0,16 17 9,1,67,,275265,18,0,5 14 15 9,1,26,,275266,18,,,1,69,,275267,18,0,5 14 15 9,1,30,,275268,18,0,16 17 9,1,70,,275269,18,0,5 14 15 9,1,24,,275270,18,,,1,100,,275271,18,0,16 17 9,1
3301,'20261127',941,,275275,18,,,1,100,,275276,18,,,1,100,,275277,18,,,1,101,,275278,18,,,1,105,,275279,18,,,1,100,,275280,18,,,1,79,,275281,18,0,5 14 15 9,1,25,,275282,18,,,1,70,,275283,18,0,5 14 15 9,1,23,,275284,18,0,16 17 9,1,63,,275285,18,,,1,31,,275286,18,0,5 14 15 9,1,18,,275287,18,,,1,59,,275288,18,0,5 14 15 9,1,18,,275289,18,0,16 17 9,1,10,,275290,18,0,5 14 15 9,1,16,,275291,18,0,16 17 9,1,59,,275292,18,0,5 14 15 9,1,23,,275293,18,0,5 14 15 9,1,14,,275294,18,,,1,69,,275295,18,0,5 14 15 9,1,23,,275296,18,0,16 17 9,1,67,,275297,18,0,5 14 15 9,1,26,,275298,18,,,1,69,,275299,18,0,5 14 15 9,1,30,,275300,18,0,16 17 9,1,70,,275301,18,0,5 14 15 9,1,24,,275302,18,,,1,100,,275303,18,0,16 17 9,1
