1501,'20260831',832,,128630,15,0,5 65 1 66,1,673,,128635,15,0,5 65 1 66,1,208,,128637,15,0,5 65 1 66,1
1501,'20260901',832,,128644,15,0,5 65 1 66,1,673,,128649,15,0,5 65 1 66,1,208,,128651,15,0,5 65 1 66,1
1501,'20260902',832,,128658,15,0,5 65 1 66,1,673,,128663,15,0,5 65 1 66,1,208,,128665,15,0,5 65 1 66,1
1501,'20260903',832,,128672,15,0,5 65 1 66,1,673,,128677,15,0,5 65 1 66,1,208,,128679,15,0,5 65 1 66,1
1501,'20260904',832,,128686,15,0,5 65 1 66,1,673,,128691,15,0,5 65 1 66,1,208,,128693,15,0,5 65 1 66,1
1501,'20260905',945,,227917,15,0,5 65 1 66,1,587,,227920,15,0,5 65 1 66,1,601,,227925,15,0,5 65 1 66,1
1501,'20260906',945,,227929,15,0,5 65 1 66,1,587,,227932,15,0,5 65 1 66,1,601,,227937,15,0,5 65 1 66,1
1501,'20260907',945,,227941,15,0,5 65 1 66,1,587,,227944,15,0,5 65 1 66,1,601,,227949,15,0,5 65 1 66,1
1501,'20260908',832,,227953,15,0,5 65 1 66,1,669,,227959,15,0,5 65 1 66,1,208,,227961,15,0,5 65 1 66,1
1501,'20260909',832,,227968,15,0,5 65 1 66,1,669,,227974,15,0,5 65 1 66,1,208,,227976,15,0,5 65 1 66,1
1501,'20260910',832,,227983,15,0,5 65 1 66,1,669,,227989,15,0,5 65 1 66,1,208,,227991,15,0,5 65 1 66,1
1501,'20260911',832,,227998,15,0,5 65 1 66,1,669,,228004,15,0,5 65 1 66,1,208,,228006,15,0,5 65 1 66,1
1501,'20260912',945,,228013,15,0,5 65 1 66,1,587,,228016,15,0,5 65 1 66,1,601,,228021,15,0,5 65 1 66,1
1501,'20260913',945,,228025,15,0,5 65 1 66,1,587,,228028,15,0,5 65 1 66,1,601,,228033,15,0,5 65 1 66,1
1501,'20260914',832,,228037,15,0,5 65 1 66,1,669,,228043,15,0,5 65 1 66,1,208,,228045,15,0,5 65 1 66,1
1501,'20260915',832,,228052,15,0,5 65 1 66,1,669,,228058,15,0,5 65 1 66,1,208,,228060,15,0,5 65 1 66,1
1501,'20260916',832,,228067,15,0,5 65 1 66,1,669,,228073,15,0,5 65 1 66,1,208,,228075,15,0,5 65 1 66,1
1501,'20260917',832,,228082,15,0,5 65 1 66,1,669,,228088,15,0,5 65 1 66,1,208,,228090,15,0,5 65 1 66,1
1501,'20260918',832,,228097,15,0,5 65 1 66,1,669,,228103,15,0,5 65 1 66,1,208,,228105,15,0,5 65 1 66,1
1501,'20260919',945,,228112,15,0,5 65 1 66,1,587,,228115,15,0,5 65 1 66,1,601,,228120,15,0,5 65 1 66,1
1501,'20260920',945,,228124,15,0,5 65 1 66,1,587,,228127,15,0,5 65 1 66,1,601,,228132,15,0,5 65 1 66,1
1501,'20260921',832,,228136,15,0,5 65 1 66,1,669,,228142,15,0,5 65 1 66,1,208,,228144,15,0,5 65 1 66,1
1501,'20260922',832,,228151,15,0,5 65 1 66,1,669,,228157,15,0,5 65 1 66,1,208,,228159,15,0,5 65 1 66,1
1501,'20260923',832,,228166,15,0,5 65 1 66,1,669,,228172,15,0,5 65 1 66,1,208,,228174,15,0,5 65 1 66,1
1501,'20260924',832,,228181,15,0,5 65 1 66,1,669,,228187,15,0,5 65 1 66,1,208,,228189,15,0,5 65 1 66,1
1501,'20260925',832,,228196,15,0,5 65 1 66,1,669,,228202,15,0,5 65 1 66,1,208,,228204,15,0,5 65 1 66,1
1501,'20260926',945,,228211,15,0,5 65 1 66,1,587,,228214,15,0,5 65 1 66,1,601,,228219,15,0,5 65 1 66,1
1501,'20260927',945,,228223,15,0,5 65 1 66,1,587,,228226,15,0,5 65 1 66,1,601,,228231,15,0,5 65 1 66,1
1501,'20260928',832,,228235,15,0,5 65 1 66,1,669,,228241,15,0,5 65 1 66,1,208,,228243,15,0,5 65 1 66,1
1501,'20260929',832,,228250,15,0,5 65 1 66,1,669,,228256,15,0,5 65 1 66,1,208,,228258,15,0,5 65 1 66,1
1501,'20260930',832,,228265,15,0,5 65 1 66,1,669,,228271,15,0,5 65 1 66,1,208,,228273,15,0,5 65 1 66,1
1501,'20261001',832,,228280,15,0,5 65 1 66,1,669,,228286,15,0,5 65 1 66,1,208,,228288,15,0,5 65 1 66,1
1501,'20261002',832,,228295,15,0,5 65 1 66,1,669,,228301,15,0,5 65 1 66,1,208,,228303,15,0,5 65 1 66,1
1501,'20261003',945,,228310,15,0,5 65 1 66,1,587,,228313,15,0,5 65 1 66,1,601,,228318,15,0,5 65 1 66,1
1501,'20261004',945,,228322,15,0,5 65 1 66,1,587,,228325,15,0,5 65 1 66,1,601,,228330,15,0,5 65 1 66,1
1501,'20261005',832,,228334,15,0,5 65 1 66,1,669,,228340,15,0,5 65 1 66,1,208,,228342,15,0,5 65 1 66,1
1501,'20261006',832,,228349,15,0,5 65 1 66,1,669,,228355,15,0,5 65 1 66,1,208,,228357,15,0,5 65 1 66,1
1501,'20261007',832,,228364,15,0,5 65 1 66,1,669,,228370,15,0,5 65 1 66,1,208,,228372,15,0,5 65 1 66,1
1501,'20261008',832,,228379,15,0,5 65 1 66,1,669,,228385,15,0,5 65 1 66,1,208,,228387,15,0,5 65 1 66,1
1501,'20261009',832,,228394,15,0,5 65 1 66,1,669,,228400,15,0,5 65 1 66,1,208,,228402,15,0,5 65 1 66,1
1501,'20261010',945,,228409,15,0,5 65 1 66,1,587,,228412,15,0,5 65 1 66,1,601,,228417,15,0,5 65 1 66,1
1501,'20261011',945,,228421,15,0,5 65 1 66,1,587,,228424,15,0,5 65 1 66,1,601,,228429,15,0,5 65 1 66,1
1501,'20261012',945,,228433,15,0,5 65 1 66,1,587,,228436,15,0,5 65 1 66,1,601,,228441,15,0,5 65 1 66,1
1501,'20261013',832,,228445,15,0,5 65 1 66,1,669,,228451,15,0,5 65 1 66,1,208,,228453,15,0,5 65 1 66,1
1501,'20261014',832,,228460,15,0,5 65 1 66,1,669,,228466,15,0,5 65 1 66,1,208,,228468,15,0,5 65 1 66,1
1501,'20261015',832,,228475,15,0,5 65 1 66,1,669,,228481,15,0,5 65 1 66,1,208,,228483,15,0,5 65 1 66,1
1501,'20261016',832,,228490,15,0,5 65 1 66,1,669,,228496,15,0,5 65 1 66,1,208,,228498,15,0,5 65 1 66,1
1501,'20261017',945,,228505,15,0,5 65 1 66,1,587,,228508,15,0,5 65 1 66,1,601,,228513,15,0,5 65 1 66,1
1501,'20261018',945,,228517,15,0,5 65 1 66,1,587,,228520,15,0,5 65 1 66,1,601,,228525,15,0,5 65 1 66,1
1501,'20261019',832,,228529,15,0,5 65 1 66,1,669,,228535,15,0,5 65 1 66,1,208,,228537,15,0,5 65 1 66,1
1501,'20261020',832,,228544,15,0,5 65 1 66,1,669,,228550,15,0,5 65 1 66,1,208,,228552,15,0,5 65 1 66,1
1501,'20261021',832,,228559,15,0,5 65 1 66,1,669,,228565,15,0,5 65 1 66,1,208,,228567,15,0,5 65 1 66,1
1501,'20261022',832,,228574,15,0,5 65 1 66,1,669,,228580,15,0,5 65 1 66,1,208,,228582,15,0,5 65 1 66,1
1501,'20261023',832,,228589,15,0,5 65 1 66,1,669,,228595,15,0,5 65 1 66,1,208,,228597,15,0,5 65 1 66,1
1501,'20261024',945,,228604,15,0,5 65 1 66,1,587,,228607,15,0,5 65 1 66,1,601,,228612,15,0,5 65 1 66,1
1501,'20261025',945,,228616,15,0,5 65 1 66,1,587,,228619,15,0,5 65 1 66,1,601,,228624,15,0,5 65 1 66,1
1501,'20261026',832,,228628,15,0,5 65 1 66,1,669,,228634,15,0,5 65 1 66,1,208,,228636,15,0,5 65 1 66,1
1501,'20261027',832,,228643,15,0,5 65 1 66,1,669,,228649,15,0,5 65 1 66,1,208,,228651,15,0,5 65 1 66,1
1501,'20261028',832,,228658,15,0,5 65 1 66,1,669,,228664,15,0,5 65 1 66,1,208,,228666,15,0,5 65 1 66,1
1501,'20261029',832,,228673,15,0,5 65 1 66,1,669,,228679,15,0,5 65 1 66,1,208,,228681,15,0,5 65 1 66,1
1501,'20261030',832,,228688,15,0,5 65 1 66,1,669,,228694,15,0,5 65 1 66,1,208,,228696,15,0,5 65 1 66,1
1501,'20261031',945,,228703,15,0,5 65 1 66,1,587,,228706,15,0,5 65 1 66,1,601,,228711,15,0,5 65 1 66,1
1501,'20261101',945,,228715,15,0,5 65 1 66,1,587,,228718,15,0,5 65 1 66,1,601,,228723,15,0,5 65 1 66,1
1501,'20261102',832,,228727,15,0,5 65 1 66,1,669,,228733,15,0,5 65 1 66,1,208,,228735,15,0,5 65 1 66,1
1501,'20261103',832,,228742,15,0,5 65 1 66,1,669,,228748,15,0,5 65 1 66,1,208,,228750,15,0,5 65 1 66,1
1501,'20261104',832,,228757,15,0,5 65 1 66,1,669,,228763,15,0,5 65 1 66,1,208,,228765,15,0,5 65 1 66,1
1501,'20261105',832,,228772,15,0,5 65 1 66,1,669,,228778,15,0,5 65 1 66,1,208,,228780,15,0,5 65 1 66,1
1501,'20261106',832,,228787,15,0,5 65 1 66,1,669,,228793,15,0,5 65 1 66,1,208,,228795,15,0,5 65 1 66,1
1501,'20261107',945,,228802,15,0,5 65 1 66,1,587,,228805,15,0,5 65 1 66,1,601,,228810,15,0,5 65 1 66,1
1501,'20261108',945,,228814,15,0,5 65 1 66,1,587,,228817,15,0,5 65 1 66,1,601,,228822,15,0,5 65 1 66,1
1501,'20261109',832,,228826,15,0,5 65 1 66,1,669,,228832,15,0,5 65 1 66,1,208,,228834,15,0,5 65 1 66,1
1501,'20261110',832,,228841,15,0,5 65 1 66,1,669,,228847,15,0,5 65 1 66,1,208,,228849,15,0,5 65 1 66,1
1501,'20261111',832,,228856,15,0,5 65 1 66,1,669,,228862,15,0,5 65 1 66,1,208,,228864,15,0,5 65 1 66,1
1501,'20261112',832,,228871,15,0,5 65 1 66,1,669,,228877,15,0,5 65 1 66,1,208,,228879,15,0,5 65 1 66,1
1501,'20261113',832,,228886,15,0,5 65 1 66,1,669,,228892,15,0,5 65 1 66,1,208,,228894,15,0,5 65 1 66,1
1501,'20261114',945,,228901,15,0,5 65 1 66,1,587,,228904,15,0,5 65 1 66,1,601,,228909,15,0,5 65 1 66,1
1501,'20261115',945,,228913,15,0,5 65 1 66,1,587,,228916,15,0,5 65 1 66,1,601,,228921,15,0,5 65 1 66,1
1501,'20261116',832,,228925,15,0,5 65 1 66,1,669,,228931,15,0,5 65 1 66,1,208,,228933,15,0,5 65 1 66,1
1501,'20261117',832,,228940,15,0,5 65 1 66,1,669,,228946,15,0,5 65 1 66,1,208,,228948,15,0,5 65 1 66,1
1501,'20261118',832,,228955,15,0,5 65 1 66,1,669,,228961,15,0,5 65 1 66,1,208,,228963,15,0,5 65 1 66,1
1501,'20261119',832,,228970,15,0,5 65 1 66,1,669,,228976,15,0,5 65 1 66,1,208,,228978,15,0,5 65 1 66,1
1501,'20261120',832,,228985,15,0,5 65 1 66,1,669,,228991,15,0,5 65 1 66,1,208,,228993,15,0,5 65 1 66,1
1501,'20261121',945,,229000,15,0,5 65 1 66,1,587,,229003,15,0,5 65 1 66,1,601,,229008,15,0,5 65 1 66,1
1501,'20261122',945,,229012,15,0,5 65 1 66,1,587,,229015,15,0,5 65 1 66,1,601,,229020,15,0,5 65 1 66,1
1501,'20261123',832,,229024,15,0,5 65 1 66,1,669,,229030,15,0,5 65 1 66,1,208,,229032,15,0,5 65 1 66,1
1501,'20261124',832,,229039,15,0,5 65 1 66,1,669,,229045,15,0,5 65 1 66,1,208,,229047,15,0,5 65 1 66,1
1501,'20261125',832,,229054,15,0,5 65 1 66,1,669,,229060,15,0,5 65 1 66,1,208,,229062,15,0,5 65 1 66,1
1501,'20261126',832,,229069,15,0,5 65 1 66,1,669,,229075,15,0,5 65 1 66,1,208,,229077,15,0,5 65 1 66,1
1501,'20261127',832,,229084,15,0,5 65 1 66,1,669,,229090,15,0,5 65 1 66,1,208,,229092,15,0,5 65 1 66,1
