3700,'20260917',1423,,278924,29,,,1,305,,278925,29,,,1,106,,278926,29,,,1,99,,278927,29,,,1,184,,278928,29,,,1
3700,'20260918',1423,,278931,29,,,1,305,,278932,29,,,1,106,,278933,29,,,1,99,,278934,29,,,1,184,,278935,29,,,1
3700,'20260921',1423,,278938,29,,,1,305,,278939,29,,,1,106,,278940,29,,,1,99,,278941,29,,,1,184,,278942,29,,,1
3700,'20260922',1423,,278945,29,,,1,305,,278946,29,,,1,106,,278947,29,,,1,99,,278948,29,,,1,184,,278949,29,,,1
3700,'20260923',1423,,278952,29,,,1,305,,278953,29,,,1,106,,278954,29,,,1,99,,278955,29,,,1,184,,278956,29,,,1
3700,'20260924',1423,,278959,29,,,1,305,,278960,29,,,1,106,,278961,29,,,1,99,,278962,29,,,1,184,,278963,29,,,1
3700,'20260925',1423,,278966,29,,,1,305,,278967,29,,,1,106,,278968,29,,,1,99,,278969,29,,,1,184,,278970,29,,,1
3700,'20260928',1423,,278973,29,,,1,305,,278974,29,,,1,106,,278975,29,,,1,99,,278976,29,,,1,184,,278977,29,,,1
3700,'20260929',1423,,278980,29,,,1,305,,278981,29,,,1,106,,278982,29,,,1,99,,278983,29,,,1,184,,278984,29,,,1
3700,'20260930',1423,,278987,29,,,1,305,,278988,29,,,1,106,,278989,29,,,1,99,,278990,29,,,1,184,,278991,29,,,1
3700,'20261001',1423,,278994,29,,,1,305,,278995,29,,,1,106,,278996,29,,,1,99,,278997,29,,,1,184,,278998,29,,,1
3700,'20261002',1423,,279001,29,,,1,305,,279002,29,,,1,106,,279003,29,,,1,99,,279004,29,,,1,184,,279005,29,,,1
3700,'20261005',1423,,279008,29,,,1,305,,279009,29,,,1,106,,279010,29,,,1,99,,279011,29,,,1,184,,279012,29,,,1
3700,'20261006',1423,,279015,29,,,1,305,,279016,29,,,1,106,,279017,29,,,1,99,,279018,29,,,1,184,,279019,29,,,1
3700,'20261007',1423,,279022,29,,,1,305,,279023,29,,,1,106,,279024,29,,,1,99,,279025,29,,,1,184,,279026,29,,,1
3700,'20261008',1423,,279029,29,,,1,305,,279030,29,,,1,106,,279031,29,,,1,99,,279032,29,,,1,184,,279033,29,,,1
3700,'20261009',1423,,279036,29,,,1,305,,279037,29,,,1,106,,279038,29,,,1,99,,279039,29,,,1,184,,279040,29,,,1
3700,'20261013',1423,,279043,29,,,1,305,,279044,29,,,1,106,,279045,29,,,1,99,,279046,29,,,1,184,,279047,29,,,1
3700,'20261014',1423,,279050,29,,,1,305,,279051,29,,,1,106,,279052,29,,,1,99,,279053,29,,,1,184,,279054,29,,,1
3700,'20261015',1423,,279057,29,,,1,305,,279058,29,,,1,106,,279059,29,,,1,99,,279060,29,,,1,184,,279061,29,,,1
3700,'20261016',1423,,279064,29,,,1,305,,279065,29,,,1,106,,279066,29,,,1,99,,279067,29,,,1,184,,279068,29,,,1
3700,'20261019',1423,,279071,29,,,1,305,,279072,29,,,1,106,,279073,29,,,1,99,,279074,29,,,1,184,,279075,29,,,1
3700,'20261020',1423,,279078,29,,,1,305,,279079,29,,,1,106,,279080,29,,,1,99,,279081,29,,,1,184,,279082,29,,,1
3700,'20261021',1423,,279085,29,,,1,305,,279086,29,,,1,106,,279087,29,,,1,99,,279088,29,,,1,184,,279089,29,,,1
3700,'20261022',1423,,279092,29,,,1,305,,279093,29,,,1,106,,279094,29,,,1,99,,279095,29,,,1,184,,279096,29,,,1
3700,'20261023',1423,,279099,29,,,1,305,,279100,29,,,1,106,,279101,29,,,1,99,,279102,29,,,1,184,,279103,29,,,1
3700,'20261026',1423,,279106,29,,,1,305,,279107,29,,,1,106,,279108,29,,,1,99,,279109,29,,,1,184,,279110,29,,,1
3700,'20261027',1423,,279113,29,,,1,305,,279114,29,,,1,106,,279115,29,,,1,99,,279116,29,,,1,184,,279117,29,,,1
3700,'20261028',1423,,279120,29,,,1,305,,279121,29,,,1,106,,279122,29,,,1,99,,279123,29,,,1,184,,279124,29,,,1
3700,'20261029',1423,,279127,29,,,1,305,,279128,29,,,1,106,,279129,29,,,1,99,,279130,29,,,1,184,,279131,29,,,1
3700,'20261030',1423,,279134,29,,,1,305,,279135,29,,,1,106,,279136,29,,,1,99,,279137,29,,,1,184,,279138,29,,,1
3700,'20261102',1423,,279141,29,,,1,305,,279142,29,,,1,106,,279143,29,,,1,99,,279144,29,,,1,184,,279145,29,,,1
3700,'20261103',1423,,279148,29,,,1,305,,279149,29,,,1,106,,279150,29,,,1,99,,279151,29,,,1,184,,279152,29,,,1
3700,'20261104',1423,,279155,29,,,1,305,,279156,29,,,1,106,,279157,29,,,1,99,,279158,29,,,1,184,,279159,29,,,1
3700,'20261105',1423,,279162,29,,,1,305,,279163,29,,,1,106,,279164,29,,,1,99,,279165,29,,,1,184,,279166,29,,,1
3700,'20261106',1423,,279169,29,,,1,305,,279170,29,,,1,106,,279171,29,,,1,99,,279172,29,,,1,184,,279173,29,,,1
3700,'20261109',1423,,279176,29,,,1,305,,279177,29,,,1,106,,279178,29,,,1,99,,279179,29,,,1,184,,279180,29,,,1
3700,'20261110',1423,,279183,29,,,1,305,,279184,29,,,1,106,,279185,29,,,1,99,,279186,29,,,1,184,,279187,29,,,1
3700,'20261111',1423,,279190,29,,,1,305,,279191,29,,,1,106,,279192,29,,,1,99,,279193,29,,,1,184,,279194,29,,,1
3700,'20261112',1423,,279197,29,,,1,305,,279198,29,,,1,106,,279199,29,,,1,99,,279200,29,,,1,184,,279201,29,,,1
3700,'20261113',1423,,279204,29,,,1,305,,279205,29,,,1,106,,279206,29,,,1,99,,279207,29,,,1,184,,279208,29,,,1
3700,'20261116',1423,,279211,29,,,1,305,,279212,29,,,1,106,,279213,29,,,1,99,,279214,29,,,1,184,,279215,29,,,1
3700,'20261117',1423,,279218,29,,,1,305,,279219,29,,,1,106,,279220,29,,,1,99,,279221,29,,,1,184,,279222,29,,,1
3700,'20261118',1423,,279225,29,,,1,305,,279226,29,,,1,106,,279227,29,,,1,99,,279228,29,,,1,184,,279229,29,,,1
3700,'20261119',1423,,279232,29,,,1,305,,279233,29,,,1,106,,279234,29,,,1,99,,279235,29,,,1,184,,279236,29,,,1
3700,'20261120',1423,,279239,29,,,1,305,,279240,29,,,1,106,,279241,29,,,1,99,,279242,29,,,1,184,,279243,29,,,1
3700,'20261123',1423,,279246,29,,,1,305,,279247,29,,,1,106,,279248,29,,,1,99,,279249,29,,,1,184,,279250,29,,,1
3700,'20261124',1423,,279253,29,,,1,305,,279254,29,,,1,106,,279255,29,,,1,99,,279256,29,,,1,184,,279257,29,,,1
3700,'20261125',1423,,279260,29,,,1,305,,279261,29,,,1,106,,279262,29,,,1,99,,279263,29,,,1,184,,279264,29,,,1
3700,'20261126',1423,,279267,29,,,1,305,,279268,29,,,1,106,,279269,29,,,1,99,,279270,29,,,1,184,,279271,29,,,1
3700,'20261127',1423,,279274,29,,,1,305,,279275,29,,,1,106,,279276,29,,,1,99,,279277,29,,,1,184,,279278,29,,,1
3701,'20260917',444,,279328,9,,,1,187,,279329,9,,,1,95,,279330,9,,,1,881,,279331,9,0,31 18 9,1
3701,'20260918',444,,279335,9,,,1,187,,279336,9,,,1,95,,279337,9,,,1,881,,279338,9,0,31 18 9,1
3701,'20260921',444,,279342,9,,,1,187,,279343,9,,,1,95,,279344,9,,,1,881,,279345,9,0,31 18 9,1
3701,'20260922',444,,279349,9,,,1,187,,279350,9,,,1,95,,279351,9,,,1,881,,279352,9,0,31 18 9,1
3701,'20260923',444,,279356,9,,,1,187,,279357,9,,,1,95,,279358,9,,,1,881,,279359,9,0,31 18 9,1
3701,'20260924',444,,279363,9,,,1,187,,279364,9,,,1,95,,279365,9,,,1,881,,279366,9,0,31 18 9,1
3701,'20260925',444,,279370,9,,,1,187,,279371,9,,,1,95,,279372,9,,,1,881,,279373,9,0,31 18 9,1
3701,'20260928',444,,279377,9,,,1,187,,279378,9,,,1,95,,279379,9,,,1,881,,279380,9,0,31 18 9,1
3701,'20260929',444,,279384,9,,,1,187,,279385,9,,,1,95,,279386,9,,,1,881,,279387,9,0,31 18 9,1
3701,'20260930',444,,279391,9,,,1,187,,279392,9,,,1,95,,279393,9,,,1,881,,279394,9,0,31 18 9,1
3701,'20261001',444,,279398,9,,,1,187,,279399,9,,,1,95,,279400,9,,,1,881,,279401,9,0,31 18 9,1
3701,'20261002',444,,279405,9,,,1,187,,279406,9,,,1,95,,279407,9,,,1,881,,279408,9,0,31 18 9,1
3701,'20261005',444,,279412,9,,,1,187,,279413,9,,,1,95,,279414,9,,,1,881,,279415,9,0,31 18 9,1
3701,'20261006',444,,279419,9,,,1,187,,279420,9,,,1,95,,279421,9,,,1,881,,279422,9,0,31 18 9,1
3701,'20261007',444,,279426,9,,,1,187,,279427,9,,,1,95,,279428,9,,,1,881,,279429,9,0,31 18 9,1
3701,'20261008',444,,279433,9,,,1,187,,279434,9,,,1,95,,279435,9,,,1,881,,279436,9,0,31 18 9,1
3701,'20261009',444,,279440,9,,,1,187,,279441,9,,,1,95,,279442,9,,,1,881,,279443,9,0,31 18 9,1
3701,'20261013',444,,279447,9,,,1,187,,279448,9,,,1,95,,279449,9,,,1,881,,279450,9,0,31 18 9,1
3701,'20261014',444,,279454,9,,,1,187,,279455,9,,,1,95,,279456,9,,,1,881,,279457,9,0,31 18 9,1
3701,'20261015',444,,279461,9,,,1,187,,279462,9,,,1,95,,279463,9,,,1,881,,279464,9,0,31 18 9,1
3701,'20261016',444,,279468,9,,,1,187,,279469,9,,,1,95,,279470,9,,,1,881,,279471,9,0,31 18 9,1
3701,'20261019',444,,279475,9,,,1,187,,279476,9,,,1,95,,279477,9,,,1,881,,279478,9,0,31 18 9,1
3701,'20261020',444,,279482,9,,,1,187,,279483,9,,,1,95,,279484,9,,,1,881,,279485,9,0,31 18 9,1
3701,'20261021',444,,279489,9,,,1,187,,279490,9,,,1,95,,279491,9,,,1,881,,279492,9,0,31 18 9,1
3701,'20261022',444,,279496,9,,,1,187,,279497,9,,,1,95,,279498,9,,,1,881,,279499,9,0,31 18 9,1
3701,'20261023',444,,279503,9,,,1,187,,279504,9,,,1,95,,279505,9,,,1,881,,279506,9,0,31 18 9,1
3701,'20261026',444,,279510,9,,,1,187,,279511,9,,,1,95,,279512,9,,,1,881,,279513,9,0,31 18 9,1
3701,'20261027',444,,279517,9,,,1,187,,279518,9,,,1,95,,279519,9,,,1,881,,279520,9,0,31 18 9,1
3701,'20261028',444,,279524,9,,,1,187,,279525,9,,,1,95,,279526,9,,,1,881,,279527,9,0,31 18 9,1
3701,'20261029',444,,279531,9,,,1,187,,279532,9,,,1,95,,279533,9,,,1,881,,279534,9,0,31 18 9,1
3701,'20261030',444,,279538,9,,,1,187,,279539,9,,,1,95,,279540,9,,,1,881,,279541,9,0,31 18 9,1
3701,'20261102',444,,279545,9,,,1,187,,279546,9,,,1,95,,279547,9,,,1,881,,279548,9,0,31 18 9,1
3701,'20261103',444,,279552,9,,,1,187,,279553,9,,,1,95,,279554,9,,,1,881,,279555,9,0,31 18 9,1
3701,'20261104',444,,279559,9,,,1,187,,279560,9,,,1,95,,279561,9,,,1,881,,279562,9,0,31 18 9,1
3701,'20261105',444,,279566,9,,,1,187,,279567,9,,,1,95,,279568,9,,,1,881,,279569,9,0,31 18 9,1
3701,'20261106',444,,279573,9,,,1,187,,279574,9,,,1,95,,279575,9,,,1,881,,279576,9,0,31 18 9,1
3701,'20261109',444,,279580,9,,,1,187,,279581,9,,,1,95,,279582,9,,,1,881,,279583,9,0,31 18 9,1
3701,'20261110',444,,279587,9,,,1,187,,279588,9,,,1,95,,279589,9,,,1,881,,279590,9,0,31 18 9,1
3701,'20261111',444,,279594,9,,,1,187,,279595,9,,,1,95,,279596,9,,,1,881,,279597,9,0,31 18 9,1
3701,'20261112',444,,279601,9,,,1,187,,279602,9,,,1,95,,279603,9,,,1,881,,279604,9,0,31 18 9,1
3701,'20261113',444,,279608,9,,,1,187,,279609,9,,,1,95,,279610,9,,,1,881,,279611,9,0,31 18 9,1
3701,'20261116',444,,279615,9,,,1,187,,279616,9,,,1,95,,279617,9,,,1,881,,279618,9,0,31 18 9,1
3701,'20261117',444,,279622,9,,,1,187,,279623,9,,,1,95,,279624,9,,,1,881,,279625,9,0,31 18 9,1
3701,'20261118',444,,279629,9,,,1,187,,279630,9,,,1,95,,279631,9,,,1,881,,279632,9,0,31 18 9,1
3701,'20261119',444,,279636,9,,,1,187,,279637,9,,,1,95,,279638,9,,,1,881,,279639,9,0,31 18 9,1
3701,'20261120',444,,279643,9,,,1,187,,279644,9,,,1,95,,279645,9,,,1,881,,279646,9,0,31 18 9,1
3701,'20261123',444,,279650,9,,,1,187,,279651,9,,,1,95,,279652,9,,,1,881,,279653,9,0,31 18 9,1
3701,'20261124',444,,279657,9,,,1,187,,279658,9,,,1,95,,279659,9,,,1,881,,279660,9,0,31 18 9,1
3701,'20261125',444,,279664,9,,,1,187,,279665,9,,,1,95,,279666,9,,,1,881,,279667,9,0,31 18 9,1
3701,'20261126',444,,279671,9,,,1,187,,279672,9,,,1,95,,279673,9,,,1,881,,279674,9,0,31 18 9,1
3701,'20261127',444,,279678,9,,,1,187,,279679,9,,,1,95,,279680,9,,,1,881,,279681,9,0,31 18 9,1
