6801,'20260910',455,,316078,22,0,5 16 26 9,1,598,,316079,22,0,88 9,1,100,,316080,22,0,88 9,1,384,,316081,22,0,5 16 26 9,1,200,,316082,22,0,5 16 26 9,1,116,,316083,22,0,88 9,1,106,,316084,22,0,88 9,1,200,,316085,22,0,5 16 26 9,1,185,,316086,22,0,5 16 26 9,1
6801,'20260911',455,,316087,22,0,5 16 26 9,1,598,,316088,22,0,88 9,1,100,,316089,22,0,88 9,1,384,,316090,22,0,5 16 26 9,1,200,,316091,22,0,5 16 26 9,1,116,,316092,22,0,88 9,1,106,,316093,22,0,88 9,1,200,,316094,22,0,5 16 26 9,1,185,,316095,22,0,5 16 26 9,1
6801,'20260912',625,,316096,22,0,53 20 39,1,130,,316098,22,0,53 20 39,1,100,,316100,22,0,53 20 39,1,150,,316101,22,0,88 9,1,150,,316103,22,0,53 20 39,1,150,,316104,22,0,88 9,1,595,,316105,22,0,88 9,1,215,,316107,22,0,53 20 39,1,290,,316108,22,0,5 16 26 9,1
6801,'20260913',625,,316109,22,0,53 20 39,1,130,,316111,22,0,53 20 39,1,100,,316113,22,0,53 20 39,1,150,,316114,22,0,88 9,1,150,,316116,22,0,53 20 39,1,150,,316117,22,0,88 9,1,595,,316118,22,0,88 9,1,215,,316120,22,0,53 20 39,1,290,,316121,22,0,5 16 26 9,1
6801,'20260914',455,,316122,22,0,5 16 26 9,1,598,,316123,22,0,88 9,1,100,,316124,22,0,88 9,1,384,,316125,22,0,5 16 26 9,1,200,,316126,22,0,5 16 26 9,1,116,,316127,22,0,88 9,1,106,,316128,22,0,88 9,1,200,,316129,22,0,5 16 26 9,1,185,,316130,22,0,5 16 26 9,1
6801,'20260915',455,,316131,22,0,5 16 26 9,1,598,,316132,22,0,88 9,1,100,,316133,22,0,88 9,1,384,,316134,22,0,5 16 26 9,1,200,,316135,22,0,5 16 26 9,1,116,,316136,22,0,88 9,1,106,,316137,22,0,88 9,1,200,,316138,22,0,5 16 26 9,1,185,,316139,22,0,5 16 26 9,1
6801,'20260916',455,,316140,22,0,5 16 26 9,1,598,,316141,22,0,88 9,1,100,,316142,22,0,88 9,1,384,,316143,22,0,5 16 26 9,1,200,,316144,22,0,5 16 26 9,1,116,,316145,22,0,88 9,1,106,,316146,22,0,88 9,1,200,,316147,22,0,5 16 26 9,1,185,,316148,22,0,5 16 26 9,1
6801,'20260917',455,,316149,22,0,5 16 26 9,1,598,,316150,22,0,88 9,1,100,,316151,22,0,88 9,1,384,,316152,22,0,5 16 26 9,1,200,,316153,22,0,5 16 26 9,1,116,,316154,22,0,88 9,1,106,,316155,22,0,88 9,1,200,,316156,22,0,5 16 26 9,1,185,,316157,22,0,5 16 26 9,1
6801,'20260918',455,,316158,22,0,5 16 26 9,1,598,,316159,22,0,88 9,1,100,,316160,22,0,88 9,1,384,,316161,22,0,5 16 26 9,1,200,,316162,22,0,5 16 26 9,1,116,,316163,22,0,88 9,1,106,,316164,22,0,88 9,1,200,,316165,22,0,5 16 26 9,1,185,,316166,22,0,5 16 26 9,1
6801,'20260919',625,,316167,22,0,53 20 39,1,130,,316169,22,0,53 20 39,1,100,,316171,22,0,53 20 39,1,150,,316172,22,0,88 9,1,150,,316174,22,0,53 20 39,1,150,,316175,22,0,88 9,1,595,,316176,22,0,88 9,1,215,,316178,22,0,53 20 39,1,290,,316179,22,0,5 16 26 9,1
6801,'20260920',625,,316180,22,0,53 20 39,1,130,,316182,22,0,53 20 39,1,100,,316184,22,0,53 20 39,1,150,,316185,22,0,88 9,1,150,,316187,22,0,53 20 39,1,150,,316188,22,0,88 9,1,595,,316189,22,0,88 9,1,215,,316191,22,0,53 20 39,1,290,,316192,22,0,5 16 26 9,1
6801,'20260921',455,,316193,22,0,5 16 26 9,1,598,,316194,22,0,88 9,1,100,,316195,22,0,88 9,1,384,,316196,22,0,5 16 26 9,1,200,,316197,22,0,5 16 26 9,1,116,,316198,22,0,88 9,1,106,,316199,22,0,88 9,1,200,,316200,22,0,5 16 26 9,1,185,,316201,22,0,5 16 26 9,1
6801,'20260922',455,,316202,22,0,5 16 26 9,1,598,,316203,22,0,88 9,1,100,,316204,22,0,88 9,1,384,,316205,22,0,5 16 26 9,1,200,,316206,22,0,5 16 26 9,1,116,,316207,22,0,88 9,1,106,,316208,22,0,88 9,1,200,,316209,22,0,5 16 26 9,1,185,,316210,22,0,5 16 26 9,1
6801,'20260923',455,,316211,22,0,5 16 26 9,1,598,,316212,22,0,88 9,1,100,,316213,22,0,88 9,1,384,,316214,22,0,5 16 26 9,1,200,,316215,22,0,5 16 26 9,1,116,,316216,22,0,88 9,1,106,,316217,22,0,88 9,1,200,,316218,22,0,5 16 26 9,1,185,,316219,22,0,5 16 26 9,1
6801,'20260924',455,,316220,22,0,5 16 26 9,1,598,,316221,22,0,88 9,1,100,,316222,22,0,88 9,1,384,,316223,22,0,5 16 26 9,1,200,,316224,22,0,5 16 26 9,1,116,,316225,22,0,88 9,1,106,,316226,22,0,88 9,1,200,,316227,22,0,5 16 26 9,1,185,,316228,22,0,5 16 26 9,1
6801,'20260925',455,,316229,22,0,5 16 26 9,1,598,,316230,22,0,88 9,1,100,,316231,22,0,88 9,1,384,,316232,22,0,5 16 26 9,1,200,,316233,22,0,5 16 26 9,1,116,,316234,22,0,88 9,1,106,,316235,22,0,88 9,1,200,,316236,22,0,5 16 26 9,1,185,,316237,22,0,5 16 26 9,1
6801,'20260926',625,,316238,22,0,53 20 39,1,130,,316240,22,0,53 20 39,1,100,,316242,22,0,53 20 39,1,150,,316243,22,0,88 9,1,150,,316245,22,0,53 20 39,1,150,,316246,22,0,88 9,1,595,,316247,22,0,88 9,1,215,,316249,22,0,53 20 39,1,290,,316250,22,0,5 16 26 9,1
6801,'20260927',625,,316251,22,0,53 20 39,1,130,,316253,22,0,53 20 39,1,100,,316255,22,0,53 20 39,1,150,,316256,22,0,88 9,1,150,,316258,22,0,53 20 39,1,150,,316259,22,0,88 9,1,595,,316260,22,0,88 9,1,215,,316262,22,0,53 20 39,1,290,,316263,22,0,5 16 26 9,1
6801,'20260928',455,,316264,22,0,5 16 26 9,1,598,,316265,22,0,88 9,1,100,,316266,22,0,88 9,1,384,,316267,22,0,5 16 26 9,1,200,,316268,22,0,5 16 26 9,1,116,,316269,22,0,88 9,1,106,,316270,22,0,88 9,1,200,,316271,22,0,5 16 26 9,1,185,,316272,22,0,5 16 26 9,1
6801,'20260929',455,,316273,22,0,5 16 26 9,1,598,,316274,22,0,88 9,1,100,,316275,22,0,88 9,1,384,,316276,22,0,5 16 26 9,1,200,,316277,22,0,5 16 26 9,1,116,,316278,22,0,88 9,1,106,,316279,22,0,88 9,1,200,,316280,22,0,5 16 26 9,1,185,,316281,22,0,5 16 26 9,1
6801,'20260930',455,,316282,22,0,5 16 26 9,1,598,,316283,22,0,88 9,1,100,,316284,22,0,88 9,1,384,,316285,22,0,5 16 26 9,1,200,,316286,22,0,5 16 26 9,1,116,,316287,22,0,88 9,1,106,,316288,22,0,88 9,1,200,,316289,22,0,5 16 26 9,1,185,,316290,22,0,5 16 26 9,1
6801,'20261001',455,,316291,22,0,5 16 26 9,1,598,,316292,22,0,88 9,1,100,,316293,22,0,88 9,1,384,,316294,22,0,5 16 26 9,1,200,,316295,22,0,5 16 26 9,1,116,,316296,22,0,88 9,1,106,,316297,22,0,88 9,1,200,,316298,22,0,5 16 26 9,1,185,,316299,22,0,5 16 26 9,1
6801,'20261002',455,,316300,22,0,5 16 26 9,1,598,,316301,22,0,88 9,1,100,,316302,22,0,88 9,1,384,,316303,22,0,5 16 26 9,1,200,,316304,22,0,5 16 26 9,1,116,,316305,22,0,88 9,1,106,,316306,22,0,88 9,1,200,,316307,22,0,5 16 26 9,1,185,,316308,22,0,5 16 26 9,1
6801,'20261003',625,,316309,22,0,53 20 39,1,130,,316311,22,0,53 20 39,1,100,,316313,22,0,53 20 39,1,150,,316314,22,0,88 9,1,150,,316316,22,0,53 20 39,1,150,,316317,22,0,88 9,1,595,,316318,22,0,88 9,1,215,,316320,22,0,53 20 39,1,290,,316321,22,0,5 16 26 9,1
6801,'20261004',625,,316322,22,0,53 20 39,1,130,,316324,22,0,53 20 39,1,100,,316326,22,0,53 20 39,1,150,,316327,22,0,88 9,1,150,,316329,22,0,53 20 39,1,150,,316330,22,0,88 9,1,595,,316331,22,0,88 9,1,215,,316333,22,0,53 20 39,1,290,,316334,22,0,5 16 26 9,1
6801,'20261005',455,,316335,22,0,5 16 26 9,1,598,,316336,22,0,88 9,1,100,,316337,22,0,88 9,1,384,,316338,22,0,5 16 26 9,1,200,,316339,22,0,5 16 26 9,1,116,,316340,22,0,88 9,1,106,,316341,22,0,88 9,1,200,,316342,22,0,5 16 26 9,1,185,,316343,22,0,5 16 26 9,1
6801,'20261006',455,,316344,22,0,5 16 26 9,1,598,,316345,22,0,88 9,1,100,,316346,22,0,88 9,1,384,,316347,22,0,5 16 26 9,1,200,,316348,22,0,5 16 26 9,1,116,,316349,22,0,88 9,1,106,,316350,22,0,88 9,1,200,,316351,22,0,5 16 26 9,1,185,,316352,22,0,5 16 26 9,1
6801,'20261007',455,,316353,22,0,5 16 26 9,1,598,,316354,22,0,88 9,1,100,,316355,22,0,88 9,1,384,,316356,22,0,5 16 26 9,1,200,,316357,22,0,5 16 26 9,1,116,,316358,22,0,88 9,1,106,,316359,22,0,88 9,1,200,,316360,22,0,5 16 26 9,1,185,,316361,22,0,5 16 26 9,1
6801,'20261008',455,,316362,22,0,5 16 26 9,1,598,,316363,22,0,88 9,1,100,,316364,22,0,88 9,1,384,,316365,22,0,5 16 26 9,1,200,,316366,22,0,5 16 26 9,1,116,,316367,22,0,88 9,1,106,,316368,22,0,88 9,1,200,,316369,22,0,5 16 26 9,1,185,,316370,22,0,5 16 26 9,1
6801,'20261009',455,,316371,22,0,5 16 26 9,1,598,,316372,22,0,88 9,1,100,,316373,22,0,88 9,1,384,,316374,22,0,5 16 26 9,1,200,,316375,22,0,5 16 26 9,1,116,,316376,22,0,88 9,1,106,,316377,22,0,88 9,1,200,,316378,22,0,5 16 26 9,1,185,,316379,22,0,5 16 26 9,1
6801,'20261010',625,,316380,22,0,53 20 39,1,130,,316382,22,0,53 20 39,1,100,,316384,22,0,53 20 39,1,150,,316385,22,0,88 9,1,150,,316387,22,0,53 20 39,1,150,,316388,22,0,88 9,1,595,,316389,22,0,88 9,1,215,,316391,22,0,53 20 39,1,290,,316392,22,0,5 16 26 9,1
6801,'20261011',625,,316393,22,0,53 20 39,1,130,,316395,22,0,53 20 39,1,100,,316397,22,0,53 20 39,1,150,,316398,22,0,88 9,1,150,,316400,22,0,53 20 39,1,150,,316401,22,0,88 9,1,595,,316402,22,0,88 9,1,215,,316404,22,0,53 20 39,1,290,,316405,22,0,5 16 26 9,1
6801,'20261012',625,,316406,22,0,53 20 39,1,130,,316408,22,0,53 20 39,1,100,,316410,22,0,53 20 39,1,150,,316411,22,0,88 9,1,150,,316413,22,0,53 20 39,1,150,,316414,22,0,88 9,1,595,,316415,22,0,88 9,1,215,,316417,22,0,53 20 39,1,290,,316418,22,0,5 16 26 9,1
6801,'20261013',455,,316419,22,0,5 16 26 9,1,598,,316420,22,0,88 9,1,100,,316421,22,0,88 9,1,384,,316422,22,0,5 16 26 9,1,200,,316423,22,0,5 16 26 9,1,116,,316424,22,0,88 9,1,106,,316425,22,0,88 9,1,200,,316426,22,0,5 16 26 9,1,185,,316427,22,0,5 16 26 9,1
6801,'20261014',455,,316428,22,0,5 16 26 9,1,598,,316429,22,0,88 9,1,100,,316430,22,0,88 9,1,384,,316431,22,0,5 16 26 9,1,200,,316432,22,0,5 16 26 9,1,116,,316433,22,0,88 9,1,106,,316434,22,0,88 9,1,200,,316435,22,0,5 16 26 9,1,185,,316436,22,0,5 16 26 9,1
6801,'20261015',455,,316437,22,0,5 16 26 9,1,598,,316438,22,0,88 9,1,100,,316439,22,0,88 9,1,384,,316440,22,0,5 16 26 9,1,200,,316441,22,0,5 16 26 9,1,116,,316442,22,0,88 9,1,106,,316443,22,0,88 9,1,200,,316444,22,0,5 16 26 9,1,185,,316445,22,0,5 16 26 9,1
6801,'20261016',455,,316446,22,0,5 16 26 9,1,598,,316447,22,0,88 9,1,100,,316448,22,0,88 9,1,384,,316449,22,0,5 16 26 9,1,200,,316450,22,0,5 16 26 9,1,116,,316451,22,0,88 9,1,106,,316452,22,0,88 9,1,200,,316453,22,0,5 16 26 9,1,185,,316454,22,0,5 16 26 9,1
6801,'20261017',625,,316455,22,0,53 20 39,1,130,,316457,22,0,53 20 39,1,100,,316459,22,0,53 20 39,1,150,,316460,22,0,88 9,1,150,,316462,22,0,53 20 39,1,150,,316463,22,0,88 9,1,595,,316464,22,0,88 9,1,215,,316466,22,0,53 20 39,1,290,,316467,22,0,5 16 26 9,1
6801,'20261018',625,,316468,22,0,53 20 39,1,130,,316470,22,0,53 20 39,1,100,,316472,22,0,53 20 39,1,150,,316473,22,0,88 9,1,150,,316475,22,0,53 20 39,1,150,,316476,22,0,88 9,1,595,,316477,22,0,88 9,1,215,,316479,22,0,53 20 39,1,290,,316480,22,0,5 16 26 9,1
6801,'20261019',455,,316481,22,0,5 16 26 9,1,598,,316482,22,0,88 9,1,100,,316483,22,0,88 9,1,384,,316484,22,0,5 16 26 9,1,200,,316485,22,0,5 16 26 9,1,116,,316486,22,0,88 9,1,106,,316487,22,0,88 9,1,200,,316488,22,0,5 16 26 9,1,185,,316489,22,0,5 16 26 9,1
6801,'20261020',455,,316490,22,0,5 16 26 9,1,598,,316491,22,0,88 9,1,100,,316492,22,0,88 9,1,384,,316493,22,0,5 16 26 9,1,200,,316494,22,0,5 16 26 9,1,116,,316495,22,0,88 9,1,106,,316496,22,0,88 9,1,200,,316497,22,0,5 16 26 9,1,185,,316498,22,0,5 16 26 9,1
6801,'20261021',455,,316499,22,0,5 16 26 9,1,598,,316500,22,0,88 9,1,100,,316501,22,0,88 9,1,384,,316502,22,0,5 16 26 9,1,200,,316503,22,0,5 16 26 9,1,116,,316504,22,0,88 9,1,106,,316505,22,0,88 9,1,200,,316506,22,0,5 16 26 9,1,185,,316507,22,0,5 16 26 9,1
6801,'20261022',455,,316508,22,0,5 16 26 9,1,598,,316509,22,0,88 9,1,100,,316510,22,0,88 9,1,384,,316511,22,0,5 16 26 9,1,200,,316512,22,0,5 16 26 9,1,116,,316513,22,0,88 9,1,106,,316514,22,0,88 9,1,200,,316515,22,0,5 16 26 9,1,185,,316516,22,0,5 16 26 9,1
6801,'20261023',455,,316517,22,0,5 16 26 9,1,598,,316518,22,0,88 9,1,100,,316519,22,0,88 9,1,384,,316520,22,0,5 16 26 9,1,200,,316521,22,0,5 16 26 9,1,116,,316522,22,0,88 9,1,106,,316523,22,0,88 9,1,200,,316524,22,0,5 16 26 9,1,185,,316525,22,0,5 16 26 9,1
6801,'20261024',625,,316526,22,0,53 20 39,1,130,,316528,22,0,53 20 39,1,100,,316530,22,0,53 20 39,1,150,,316531,22,0,88 9,1,150,,316533,22,0,53 20 39,1,150,,316534,22,0,88 9,1,595,,316535,22,0,88 9,1,215,,316537,22,0,53 20 39,1,290,,316538,22,0,5 16 26 9,1
6801,'20261025',625,,316539,22,0,53 20 39,1,130,,316541,22,0,53 20 39,1,100,,316543,22,0,53 20 39,1,150,,316544,22,0,88 9,1,150,,316546,22,0,53 20 39,1,150,,316547,22,0,88 9,1,595,,316548,22,0,88 9,1,215,,316550,22,0,53 20 39,1,290,,316551,22,0,5 16 26 9,1
6801,'20261026',455,,316552,22,0,5 16 26 9,1,598,,316553,22,0,88 9,1,100,,316554,22,0,88 9,1,384,,316555,22,0,5 16 26 9,1,200,,316556,22,0,5 16 26 9,1,116,,316557,22,0,88 9,1,106,,316558,22,0,88 9,1,200,,316559,22,0,5 16 26 9,1,185,,316560,22,0,5 16 26 9,1
6801,'20261027',455,,316561,22,0,5 16 26 9,1,598,,316562,22,0,88 9,1,100,,316563,22,0,88 9,1,384,,316564,22,0,5 16 26 9,1,200,,316565,22,0,5 16 26 9,1,116,,316566,22,0,88 9,1,106,,316567,22,0,88 9,1,200,,316568,22,0,5 16 26 9,1,185,,316569,22,0,5 16 26 9,1
6801,'20261028',455,,316570,22,0,5 16 26 9,1,598,,316571,22,0,88 9,1,100,,316572,22,0,88 9,1,384,,316573,22,0,5 16 26 9,1,200,,316574,22,0,5 16 26 9,1,116,,316575,22,0,88 9,1,106,,316576,22,0,88 9,1,200,,316577,22,0,5 16 26 9,1,185,,316578,22,0,5 16 26 9,1
6801,'20261029',455,,316579,22,0,5 16 26 9,1,598,,316580,22,0,88 9,1,100,,316581,22,0,88 9,1,384,,316582,22,0,5 16 26 9,1,200,,316583,22,0,5 16 26 9,1,116,,316584,22,0,88 9,1,106,,316585,22,0,88 9,1,200,,316586,22,0,5 16 26 9,1,185,,316587,22,0,5 16 26 9,1
6801,'20261030',455,,316588,22,0,5 16 26 9,1,598,,316589,22,0,88 9,1,100,,316590,22,0,88 9,1,384,,316591,22,0,5 16 26 9,1,200,,316592,22,0,5 16 26 9,1,116,,316593,22,0,88 9,1,106,,316594,22,0,88 9,1,200,,316595,22,0,5 16 26 9,1,185,,316596,22,0,5 16 26 9,1
6801,'20261031',625,,316597,22,0,53 20 39,1,130,,316599,22,0,53 20 39,1,100,,316601,22,0,53 20 39,1,150,,316602,22,0,88 9,1,150,,316604,22,0,53 20 39,1,150,,316605,22,0,88 9,1,595,,316606,22,0,88 9,1,215,,316608,22,0,53 20 39,1,290,,316609,22,0,5 16 26 9,1
6801,'20261101',625,,316610,22,0,53 20 39,1,130,,316612,22,0,53 20 39,1,100,,316614,22,0,53 20 39,1,150,,316615,22,0,88 9,1,150,,316617,22,0,53 20 39,1,150,,316618,22,0,88 9,1,595,,316619,22,0,88 9,1,215,,316621,22,0,53 20 39,1,290,,316622,22,0,5 16 26 9,1
6801,'20261102',455,,316623,22,0,5 16 26 9,1,598,,316624,22,0,88 9,1,100,,316625,22,0,88 9,1,384,,316626,22,0,5 16 26 9,1,200,,316627,22,0,5 16 26 9,1,116,,316628,22,0,88 9,1,106,,316629,22,0,88 9,1,200,,316630,22,0,5 16 26 9,1,185,,316631,22,0,5 16 26 9,1
6801,'20261103',455,,316632,22,0,5 16 26 9,1,598,,316633,22,0,88 9,1,100,,316634,22,0,88 9,1,384,,316635,22,0,5 16 26 9,1,200,,316636,22,0,5 16 26 9,1,116,,316637,22,0,88 9,1,106,,316638,22,0,88 9,1,200,,316639,22,0,5 16 26 9,1,185,,316640,22,0,5 16 26 9,1
6801,'20261104',455,,316641,22,0,5 16 26 9,1,598,,316642,22,0,88 9,1,100,,316643,22,0,88 9,1,384,,316644,22,0,5 16 26 9,1,200,,316645,22,0,5 16 26 9,1,116,,316646,22,0,88 9,1,106,,316647,22,0,88 9,1,200,,316648,22,0,5 16 26 9,1,185,,316649,22,0,5 16 26 9,1
6801,'20261105',455,,316650,22,0,5 16 26 9,1,598,,316651,22,0,88 9,1,100,,316652,22,0,88 9,1,384,,316653,22,0,5 16 26 9,1,200,,316654,22,0,5 16 26 9,1,116,,316655,22,0,88 9,1,106,,316656,22,0,88 9,1,200,,316657,22,0,5 16 26 9,1,185,,316658,22,0,5 16 26 9,1
6801,'20261106',455,,316659,22,0,5 16 26 9,1,598,,316660,22,0,88 9,1,100,,316661,22,0,88 9,1,384,,316662,22,0,5 16 26 9,1,200,,316663,22,0,5 16 26 9,1,116,,316664,22,0,88 9,1,106,,316665,22,0,88 9,1,200,,316666,22,0,5 16 26 9,1,185,,316667,22,0,5 16 26 9,1
6801,'20261107',625,,316668,22,0,53 20 39,1,130,,316670,22,0,53 20 39,1,100,,316672,22,0,53 20 39,1,150,,316673,22,0,88 9,1,150,,316675,22,0,53 20 39,1,150,,316676,22,0,88 9,1,595,,316677,22,0,88 9,1,215,,316679,22,0,53 20 39,1,290,,316680,22,0,5 16 26 9,1
6801,'20261108',625,,316681,22,0,53 20 39,1,130,,316683,22,0,53 20 39,1,100,,316685,22,0,53 20 39,1,150,,316686,22,0,88 9,1,150,,316688,22,0,53 20 39,1,150,,316689,22,0,88 9,1,595,,316690,22,0,88 9,1,215,,316692,22,0,53 20 39,1,290,,316693,22,0,5 16 26 9,1
6801,'20261109',455,,316694,22,0,5 16 26 9,1,598,,316695,22,0,88 9,1,100,,316696,22,0,88 9,1,384,,316697,22,0,5 16 26 9,1,200,,316698,22,0,5 16 26 9,1,116,,316699,22,0,88 9,1,106,,316700,22,0,88 9,1,200,,316701,22,0,5 16 26 9,1,185,,316702,22,0,5 16 26 9,1
6801,'20261110',455,,316703,22,0,5 16 26 9,1,598,,316704,22,0,88 9,1,100,,316705,22,0,88 9,1,384,,316706,22,0,5 16 26 9,1,200,,316707,22,0,5 16 26 9,1,116,,316708,22,0,88 9,1,106,,316709,22,0,88 9,1,200,,316710,22,0,5 16 26 9,1,185,,316711,22,0,5 16 26 9,1
6801,'20261111',455,,316712,22,0,5 16 26 9,1,598,,316713,22,0,88 9,1,100,,316714,22,0,88 9,1,384,,316715,22,0,5 16 26 9,1,200,,316716,22,0,5 16 26 9,1,116,,316717,22,0,88 9,1,106,,316718,22,0,88 9,1,200,,316719,22,0,5 16 26 9,1,185,,316720,22,0,5 16 26 9,1
6801,'20261112',455,,316721,22,0,5 16 26 9,1,598,,316722,22,0,88 9,1,100,,316723,22,0,88 9,1,384,,316724,22,0,5 16 26 9,1,200,,316725,22,0,5 16 26 9,1,116,,316726,22,0,88 9,1,106,,316727,22,0,88 9,1,200,,316728,22,0,5 16 26 9,1,185,,316729,22,0,5 16 26 9,1
6801,'20261113',455,,316730,22,0,5 16 26 9,1,598,,316731,22,0,88 9,1,100,,316732,22,0,88 9,1,384,,316733,22,0,5 16 26 9,1,200,,316734,22,0,5 16 26 9,1,116,,316735,22,0,88 9,1,106,,316736,22,0,88 9,1,200,,316737,22,0,5 16 26 9,1,185,,316738,22,0,5 16 26 9,1
6801,'20261114',625,,316739,22,0,53 20 39,1,130,,316741,22,0,53 20 39,1,100,,316743,22,0,53 20 39,1,150,,316744,22,0,88 9,1,150,,316746,22,0,53 20 39,1,150,,316747,22,0,88 9,1,595,,316748,22,0,88 9,1,215,,316750,22,0,53 20 39,1,290,,316751,22,0,5 16 26 9,1
6801,'20261115',625,,316752,22,0,53 20 39,1,130,,316754,22,0,53 20 39,1,100,,316756,22,0,53 20 39,1,150,,316757,22,0,88 9,1,150,,316759,22,0,53 20 39,1,150,,316760,22,0,88 9,1,595,,316761,22,0,88 9,1,215,,316763,22,0,53 20 39,1,290,,316764,22,0,5 16 26 9,1
6801,'20261116',455,,316765,22,0,5 16 26 9,1,598,,316766,22,0,88 9,1,100,,316767,22,0,88 9,1,384,,316768,22,0,5 16 26 9,1,200,,316769,22,0,5 16 26 9,1,116,,316770,22,0,88 9,1,106,,316771,22,0,88 9,1,200,,316772,22,0,5 16 26 9,1,185,,316773,22,0,5 16 26 9,1
6801,'20261117',455,,316774,22,0,5 16 26 9,1,598,,316775,22,0,88 9,1,100,,316776,22,0,88 9,1,384,,316777,22,0,5 16 26 9,1,200,,316778,22,0,5 16 26 9,1,116,,316779,22,0,88 9,1,106,,316780,22,0,88 9,1,200,,316781,22,0,5 16 26 9,1,185,,316782,22,0,5 16 26 9,1
6801,'20261118',455,,316783,22,0,5 16 26 9,1,598,,316784,22,0,88 9,1,100,,316785,22,0,88 9,1,384,,316786,22,0,5 16 26 9,1,200,,316787,22,0,5 16 26 9,1,116,,316788,22,0,88 9,1,106,,316789,22,0,88 9,1,200,,316790,22,0,5 16 26 9,1,185,,316791,22,0,5 16 26 9,1
6801,'20261119',455,,316792,22,0,5 16 26 9,1,598,,316793,22,0,88 9,1,100,,316794,22,0,88 9,1,384,,316795,22,0,5 16 26 9,1,200,,316796,22,0,5 16 26 9,1,116,,316797,22,0,88 9,1,106,,316798,22,0,88 9,1,200,,316799,22,0,5 16 26 9,1,185,,316800,22,0,5 16 26 9,1
6801,'20261120',455,,316801,22,0,5 16 26 9,1,598,,316802,22,0,88 9,1,100,,316803,22,0,88 9,1,384,,316804,22,0,5 16 26 9,1,200,,316805,22,0,5 16 26 9,1,116,,316806,22,0,88 9,1,106,,316807,22,0,88 9,1,200,,316808,22,0,5 16 26 9,1,185,,316809,22,0,5 16 26 9,1
6801,'20261121',625,,316810,22,0,53 20 39,1,130,,316812,22,0,53 20 39,1,100,,316814,22,0,53 20 39,1,150,,316815,22,0,88 9,1,150,,316817,22,0,53 20 39,1,150,,316818,22,0,88 9,1,595,,316819,22,0,88 9,1,215,,316821,22,0,53 20 39,1,290,,316822,22,0,5 16 26 9,1
6801,'20261122',625,,316823,22,0,53 20 39,1,130,,316825,22,0,53 20 39,1,100,,316827,22,0,53 20 39,1,150,,316828,22,0,88 9,1,150,,316830,22,0,53 20 39,1,150,,316831,22,0,88 9,1,595,,316832,22,0,88 9,1,215,,316834,22,0,53 20 39,1,290,,316835,22,0,5 16 26 9,1
6801,'20261123',455,,316836,22,0,5 16 26 9,1,598,,316837,22,0,88 9,1,100,,316838,22,0,88 9,1,384,,316839,22,0,5 16 26 9,1,200,,316840,22,0,5 16 26 9,1,116,,316841,22,0,88 9,1,106,,316842,22,0,88 9,1,200,,316843,22,0,5 16 26 9,1,185,,316844,22,0,5 16 26 9,1
6801,'20261124',455,,316845,22,0,5 16 26 9,1,598,,316846,22,0,88 9,1,100,,316847,22,0,88 9,1,384,,316848,22,0,5 16 26 9,1,200,,316849,22,0,5 16 26 9,1,116,,316850,22,0,88 9,1,106,,316851,22,0,88 9,1,200,,316852,22,0,5 16 26 9,1,185,,316853,22,0,5 16 26 9,1
6801,'20261125',455,,316854,22,0,5 16 26 9,1,598,,316855,22,0,88 9,1,100,,316856,22,0,88 9,1,384,,316857,22,0,5 16 26 9,1,200,,316858,22,0,5 16 26 9,1,116,,316859,22,0,88 9,1,106,,316860,22,0,88 9,1,200,,316861,22,0,5 16 26 9,1,185,,316862,22,0,5 16 26 9,1
6801,'20261126',455,,316863,22,0,5 16 26 9,1,598,,316864,22,0,88 9,1,100,,316865,22,0,88 9,1,384,,316866,22,0,5 16 26 9,1,200,,316867,22,0,5 16 26 9,1,116,,316868,22,0,88 9,1,106,,316869,22,0,88 9,1,200,,316870,22,0,5 16 26 9,1,185,,316871,22,0,5 16 26 9,1
6801,'20261127',455,,316872,22,0,5 16 26 9,1,598,,316873,22,0,88 9,1,100,,316874,22,0,88 9,1,384,,316875,22,0,5 16 26 9,1,200,,316876,22,0,5 16 26 9,1,116,,316877,22,0,88 9,1,106,,316878,22,0,88 9,1,200,,316879,22,0,5 16 26 9,1,185,,316880,22,0,5 16 26 9,1
