6800,'20260921',639,,315278,13,,,1,99,,315279,5,0,5 27 28 9,1,106,,315280,5,0,5 27 28 9,1,389,,315281,13,,,1,99,,315282,13,,,1,295,,315283,5,0,5 27 28 9,1,405,,315285,13,,,1,94,,315286,13,,,1,105,,315287,13,,,1,173,,315288,6,0,7 27 28 9,1
6800,'20260922',639,,315289,13,,,1,99,,315290,5,0,5 27 28 9,1,106,,315291,5,0,5 27 28 9,1,389,,315292,13,,,1,99,,315293,13,,,1,295,,315294,5,0,5 27 28 9,1,405,,315296,13,,,1,94,,315297,13,,,1,105,,315298,13,,,1,173,,315299,6,0,7 27 28 9,1
6800,'20260923',639,,315300,13,,,1,99,,315301,5,0,5 27 28 9,1,106,,315302,5,0,5 27 28 9,1,389,,315303,13,,,1,99,,315304,13,,,1,295,,315305,5,0,5 27 28 9,1,405,,315307,13,,,1,94,,315308,13,,,1,105,,315309,13,,,1,173,,315310,6,0,7 27 28 9,1
6800,'20260924',639,,315311,13,,,1,99,,315312,5,0,5 27 28 9,1,106,,315313,5,0,5 27 28 9,1,389,,315314,13,,,1,99,,315315,13,,,1,295,,315316,5,0,5 27 28 9,1,405,,315318,13,,,1,94,,315319,13,,,1,105,,315320,13,,,1,173,,315321,6,0,7 27 28 9,1
6800,'20260925',639,,315322,13,,,1,99,,315323,5,0,5 27 28 9,1,106,,315324,5,0,5 27 28 9,1,389,,315325,13,,,1,99,,315326,13,,,1,295,,315327,5,0,5 27 28 9,1,405,,315329,13,,,1,94,,315330,13,,,1,105,,315331,13,,,1,173,,315332,6,0,7 27 28 9,1
6800,'20260926',828,,315333,13,,,1,218,,315336,23,0,53 27 28 9,1,83,,315334,13,,,1,224,,315338,23,0,53 27 28 9,1,76,,315339,13,,,1,224,,315341,23,0,53 27 28 9,1,176,,315342,13,,,1,200,,315343,13,,,1,489,,315344,5,0,5 27 28 9,1
6800,'20260927',828,,315345,13,,,1,218,,315348,23,0,53 27 28 9,1,83,,315346,13,,,1,224,,315350,23,0,53 27 28 9,1,76,,315351,13,,,1,224,,315353,23,0,53 27 28 9,1,176,,315354,13,,,1,200,,315355,13,,,1,489,,315356,5,0,5 27 28 9,1
6800,'20260928',639,,315357,13,,,1,99,,315358,5,0,5 27 28 9,1,106,,315359,5,0,5 27 28 9,1,389,,315360,13,,,1,99,,315361,13,,,1,295,,315362,5,0,5 27 28 9,1,405,,315364,13,,,1,94,,315365,13,,,1,105,,315366,13,,,1,173,,315367,6,0,7 27 28 9,1
6800,'20260929',639,,315368,13,,,1,99,,315369,5,0,5 27 28 9,1,106,,315370,5,0,5 27 28 9,1,389,,315371,13,,,1,99,,315372,13,,,1,295,,315373,5,0,5 27 28 9,1,405,,315375,13,,,1,94,,315376,13,,,1,105,,315377,13,,,1,173,,315378,6,0,7 27 28 9,1
6800,'20260930',639,,315379,13,,,1,99,,315380,5,0,5 27 28 9,1,106,,315381,5,0,5 27 28 9,1,389,,315382,13,,,1,99,,315383,13,,,1,295,,315384,5,0,5 27 28 9,1,405,,315386,13,,,1,94,,315387,13,,,1,105,,315388,13,,,1,173,,315389,6,0,7 27 28 9,1
6800,'20261001',639,,315390,13,,,1,99,,315391,5,0,5 27 28 9,1,106,,315392,5,0,5 27 28 9,1,389,,315393,13,,,1,99,,315394,13,,,1,295,,315395,5,0,5 27 28 9,1,405,,315397,13,,,1,94,,315398,13,,,1,105,,315399,13,,,1,173,,315400,6,0,7 27 28 9,1
6800,'20261002',639,,315401,13,,,1,99,,315402,5,0,5 27 28 9,1,106,,315403,5,0,5 27 28 9,1,389,,315404,13,,,1,99,,315405,13,,,1,295,,315406,5,0,5 27 28 9,1,405,,315408,13,,,1,94,,315409,13,,,1,105,,315410,13,,,1,173,,315411,6,0,7 27 28 9,1
6800,'20261003',828,,315412,13,,,1,218,,315415,23,0,53 27 28 9,1,83,,315413,13,,,1,224,,315417,23,0,53 27 28 9,1,76,,315418,13,,,1,224,,315420,23,0,53 27 28 9,1,176,,315421,13,,,1,200,,315422,13,,,1,212,,333039,23,0,53 27 28 9,1,200,,333040,23,0,53 27 28 9,1,77,,315423,5,0,5 27 28 9,1
6800,'20261004',828,,315424,13,,,1,218,,315427,23,0,53 27 28 9,1,83,,315425,13,,,1,224,,315429,23,0,53 27 28 9,1,76,,315430,13,,,1,224,,315432,23,0,53 27 28 9,1,176,,315433,13,,,1,200,,315434,13,,,1,212,,333043,23,0,53 27 28 9,1,200,,333044,23,0,53 27 28 9,1,77,,315435,5,0,5 27 28 9,1
6800,'20261005',639,,315436,13,,,1,99,,315437,5,0,5 27 28 9,1,106,,315438,5,0,5 27 28 9,1,389,,315439,13,,,1,99,,315440,13,,,1,295,,315441,5,0,5 27 28 9,1,405,,315443,13,,,1,94,,315444,13,,,1,105,,315445,13,,,1,173,,315446,6,0,7 27 28 9,1
6800,'20261006',639,,315447,13,,,1,99,,315448,5,0,5 27 28 9,1,106,,315449,5,0,5 27 28 9,1,389,,315450,13,,,1,99,,315451,13,,,1,295,,315452,5,0,5 27 28 9,1,405,,315454,13,,,1,94,,315455,13,,,1,105,,315456,13,,,1,173,,315457,6,0,7 27 28 9,1
6800,'20261007',639,,315458,13,,,1,99,,315459,5,0,5 27 28 9,1,106,,315460,5,0,5 27 28 9,1,389,,315461,13,,,1,99,,315462,13,,,1,295,,315463,5,0,5 27 28 9,1,405,,315465,13,,,1,94,,315466,13,,,1,105,,315467,13,,,1,173,,315468,6,0,7 27 28 9,1
6800,'20261008',639,,315469,13,,,1,99,,315470,5,0,5 27 28 9,1,106,,315471,5,0,5 27 28 9,1,389,,315472,13,,,1,99,,315473,13,,,1,295,,315474,5,0,5 27 28 9,1,405,,315476,13,,,1,94,,315477,13,,,1,105,,315478,13,,,1,173,,315479,6,0,7 27 28 9,1
6800,'20261009',639,,315480,13,,,1,99,,315481,5,0,5 27 28 9,1,106,,315482,5,0,5 27 28 9,1,389,,315483,13,,,1,99,,315484,13,,,1,295,,315485,5,0,5 27 28 9,1,405,,315487,13,,,1,94,,315488,13,,,1,105,,315489,13,,,1,173,,315490,6,0,7 27 28 9,1
6800,'20261010',828,,315491,13,,,1,218,,315494,23,0,53 27 28 9,1,83,,315492,13,,,1,224,,315496,23,0,53 27 28 9,1,76,,315497,13,,,1,224,,315499,23,0,53 27 28 9,1,176,,315500,13,,,1,200,,315501,13,,,1,489,,315502,5,0,5 27 28 9,1
6800,'20261011',828,,315503,13,,,1,218,,315506,23,0,53 27 28 9,1,83,,315504,13,,,1,224,,315508,23,0,53 27 28 9,1,76,,315509,13,,,1,224,,315511,23,0,53 27 28 9,1,176,,315512,13,,,1,200,,315513,13,,,1,489,,315514,5,0,5 27 28 9,1
6800,'20261012',828,,315515,13,,,1,218,,315518,23,0,53 27 28 9,1,83,,315516,13,,,1,224,,315520,23,0,53 27 28 9,1,76,,315521,13,,,1,224,,315523,23,0,53 27 28 9,1,176,,315524,13,,,1,200,,315525,13,,,1,489,,315526,5,0,5 27 28 9,1
6800,'20261013',639,,315527,13,,,1,99,,315528,5,0,5 27 28 9,1,106,,315529,5,0,5 27 28 9,1,389,,315530,13,,,1,99,,315531,13,,,1,295,,315532,5,0,5 27 28 9,1,405,,315534,13,,,1,94,,315535,13,,,1,105,,315536,13,,,1,173,,315537,6,0,7 27 28 9,1
6800,'20261014',639,,315538,13,,,1,99,,315539,5,0,5 27 28 9,1,106,,315540,5,0,5 27 28 9,1,389,,315541,13,,,1,99,,315542,13,,,1,295,,315543,5,0,5 27 28 9,1,405,,315545,13,,,1,94,,315546,13,,,1,105,,315547,13,,,1,173,,315548,6,0,7 27 28 9,1
6800,'20261015',639,,315549,13,,,1,99,,315550,5,0,5 27 28 9,1,106,,315551,5,0,5 27 28 9,1,389,,315552,13,,,1,99,,315553,13,,,1,295,,315554,5,0,5 27 28 9,1,405,,315556,13,,,1,94,,315557,13,,,1,105,,315558,13,,,1,173,,315559,6,0,7 27 28 9,1
6800,'20261016',639,,315560,13,,,1,99,,315561,5,0,5 27 28 9,1,106,,315562,5,0,5 27 28 9,1,389,,315563,13,,,1,99,,315564,13,,,1,295,,315565,5,0,5 27 28 9,1,405,,315567,13,,,1,94,,315568,13,,,1,105,,315569,13,,,1,173,,315570,6,0,7 27 28 9,1
6800,'20261017',828,,315571,13,,,1,218,,315574,23,0,53 27 28 9,1,83,,315572,13,,,1,224,,315576,23,0,53 27 28 9,1,76,,315577,13,,,1,224,,315579,23,0,53 27 28 9,1,176,,315580,13,,,1,200,,315581,13,,,1,489,,315582,5,0,5 27 28 9,1
6800,'20261018',828,,315583,13,,,1,218,,315586,23,0,53 27 28 9,1,83,,315584,13,,,1,224,,315588,23,0,53 27 28 9,1,76,,315589,13,,,1,224,,315591,23,0,53 27 28 9,1,176,,315592,13,,,1,200,,315593,13,,,1,489,,315594,5,0,5 27 28 9,1
6800,'20261019',639,,315595,13,,,1,99,,315596,5,0,5 27 28 9,1,106,,315597,5,0,5 27 28 9,1,389,,315598,13,,,1,99,,315599,13,,,1,295,,315600,5,0,5 27 28 9,1,405,,315602,13,,,1,94,,315603,13,,,1,105,,315604,13,,,1,173,,315605,6,0,7 27 28 9,1
6800,'20261020',639,,315606,13,,,1,99,,315607,5,0,5 27 28 9,1,106,,315608,5,0,5 27 28 9,1,389,,315609,13,,,1,99,,315610,13,,,1,295,,315611,5,0,5 27 28 9,1,405,,315613,13,,,1,94,,315614,13,,,1,105,,315615,13,,,1,173,,315616,6,0,7 27 28 9,1
6800,'20261021',639,,315617,13,,,1,99,,315618,5,0,5 27 28 9,1,106,,315619,5,0,5 27 28 9,1,389,,315620,13,,,1,99,,315621,13,,,1,295,,315622,5,0,5 27 28 9,1,405,,315624,13,,,1,94,,315625,13,,,1,105,,315626,13,,,1,173,,315627,6,0,7 27 28 9,1
6800,'20261022',639,,315628,13,,,1,99,,315629,5,0,5 27 28 9,1,106,,315630,5,0,5 27 28 9,1,389,,315631,13,,,1,99,,315632,13,,,1,295,,315633,5,0,5 27 28 9,1,405,,315635,13,,,1,94,,315636,13,,,1,105,,315637,13,,,1,173,,315638,6,0,7 27 28 9,1
6800,'20261023',639,,315639,13,,,1,99,,315640,5,0,5 27 28 9,1,106,,315641,5,0,5 27 28 9,1,389,,315642,13,,,1,99,,315643,13,,,1,295,,315644,5,0,5 27 28 9,1,405,,315646,13,,,1,94,,315647,13,,,1,105,,315648,13,,,1,173,,315649,6,0,7 27 28 9,1
6800,'20261024',828,,315650,13,,,1,218,,315653,23,0,53 27 28 9,1,83,,315651,13,,,1,224,,315655,23,0,53 27 28 9,1,76,,315656,13,,,1,224,,315658,23,0,53 27 28 9,1,176,,315659,13,,,1,200,,315660,13,,,1,489,,315661,5,0,5 27 28 9,1
6800,'20261025',828,,315662,13,,,1,218,,315665,23,0,53 27 28 9,1,83,,315663,13,,,1,224,,315667,23,0,53 27 28 9,1,76,,315668,13,,,1,224,,315670,23,0,53 27 28 9,1,176,,315671,13,,,1,200,,315672,13,,,1,489,,315673,5,0,5 27 28 9,1
6800,'20261026',639,,315674,13,,,1,99,,315675,5,0,5 27 28 9,1,106,,315676,5,0,5 27 28 9,1,389,,315677,13,,,1,99,,315678,13,,,1,295,,315679,5,0,5 27 28 9,1,405,,315681,13,,,1,94,,315682,13,,,1,105,,315683,13,,,1,173,,315684,6,0,7 27 28 9,1
6800,'20261027',639,,315685,13,,,1,99,,315686,5,0,5 27 28 9,1,106,,315687,5,0,5 27 28 9,1,389,,315688,13,,,1,99,,315689,13,,,1,295,,315690,5,0,5 27 28 9,1,405,,315692,13,,,1,94,,315693,13,,,1,105,,315694,13,,,1,173,,315695,6,0,7 27 28 9,1
6800,'20261028',639,,315696,13,,,1,99,,315697,5,0,5 27 28 9,1,106,,315698,5,0,5 27 28 9,1,389,,315699,13,,,1,99,,315700,13,,,1,295,,315701,5,0,5 27 28 9,1,405,,315703,13,,,1,94,,315704,13,,,1,105,,315705,13,,,1,173,,315706,6,0,7 27 28 9,1
6800,'20261029',639,,315707,13,,,1,99,,315708,5,0,5 27 28 9,1,106,,315709,5,0,5 27 28 9,1,389,,315710,13,,,1,99,,315711,13,,,1,295,,315712,5,0,5 27 28 9,1,405,,315714,13,,,1,94,,315715,13,,,1,105,,315716,13,,,1,173,,315717,6,0,7 27 28 9,1
6800,'20261030',639,,315718,13,,,1,99,,315719,5,0,5 27 28 9,1,106,,315720,5,0,5 27 28 9,1,389,,315721,13,,,1,99,,315722,13,,,1,295,,315723,5,0,5 27 28 9,1,405,,315725,13,,,1,94,,315726,13,,,1,105,,315727,13,,,1,173,,315728,6,0,7 27 28 9,1
6800,'20261031',828,,315729,13,,,1,218,,315732,23,0,53 27 28 9,1,83,,315730,13,,,1,224,,315734,23,0,53 27 28 9,1,76,,315735,13,,,1,224,,315737,23,0,53 27 28 9,1,176,,315738,13,,,1,200,,315739,13,,,1,489,,315740,5,0,5 27 28 9,1
6800,'20261101',828,,315741,13,,,1,218,,315744,23,0,53 27 28 9,1,83,,315742,13,,,1,224,,315746,23,0,53 27 28 9,1,76,,315747,13,,,1,224,,315749,23,0,53 27 28 9,1,176,,315750,13,,,1,200,,315751,13,,,1,489,,315752,5,0,5 27 28 9,1
6800,'20261102',639,,315753,13,,,1,99,,315754,5,0,5 27 28 9,1,106,,315755,5,0,5 27 28 9,1,389,,315756,13,,,1,99,,315757,13,,,1,295,,315758,5,0,5 27 28 9,1,405,,315760,13,,,1,94,,315761,13,,,1,105,,315762,13,,,1,173,,315763,6,0,7 27 28 9,1
6800,'20261103',639,,315764,13,,,1,99,,315765,5,0,5 27 28 9,1,106,,315766,5,0,5 27 28 9,1,389,,315767,13,,,1,99,,315768,13,,,1,295,,315769,5,0,5 27 28 9,1,405,,315771,13,,,1,94,,315772,13,,,1,105,,315773,13,,,1,173,,315774,6,0,7 27 28 9,1
6800,'20261104',639,,315775,13,,,1,99,,315776,5,0,5 27 28 9,1,106,,315777,5,0,5 27 28 9,1,389,,315778,13,,,1,99,,315779,13,,,1,295,,315780,5,0,5 27 28 9,1,405,,315782,13,,,1,94,,315783,13,,,1,105,,315784,13,,,1,173,,315785,6,0,7 27 28 9,1
6800,'20261105',639,,315786,13,,,1,99,,315787,5,0,5 27 28 9,1,106,,315788,5,0,5 27 28 9,1,389,,315789,13,,,1,99,,315790,13,,,1,295,,315791,5,0,5 27 28 9,1,405,,315793,13,,,1,94,,315794,13,,,1,105,,315795,13,,,1,173,,315796,6,0,7 27 28 9,1
6800,'20261106',639,,315797,13,,,1,99,,315798,5,0,5 27 28 9,1,106,,315799,5,0,5 27 28 9,1,389,,315800,13,,,1,99,,315801,13,,,1,295,,315802,5,0,5 27 28 9,1,405,,315804,13,,,1,94,,315805,13,,,1,105,,315806,13,,,1,173,,315807,6,0,7 27 28 9,1
6800,'20261107',828,,315808,13,,,1,218,,315811,23,0,53 27 28 9,1,83,,315809,13,,,1,224,,315813,23,0,53 27 28 9,1,76,,315814,13,,,1,224,,315816,23,0,53 27 28 9,1,176,,315817,13,,,1,200,,315818,13,,,1,489,,315819,5,0,5 27 28 9,1
6800,'20261108',828,,315820,13,,,1,218,,315823,23,0,53 27 28 9,1,83,,315821,13,,,1,224,,315825,23,0,53 27 28 9,1,76,,315826,13,,,1,224,,315828,23,0,53 27 28 9,1,176,,315829,13,,,1,200,,315830,13,,,1,489,,315831,5,0,5 27 28 9,1
6800,'20261109',639,,315832,13,,,1,99,,315833,5,0,5 27 28 9,1,106,,315834,5,0,5 27 28 9,1,389,,315835,13,,,1,99,,315836,13,,,1,295,,315837,5,0,5 27 28 9,1,405,,315839,13,,,1,94,,315840,13,,,1,105,,315841,13,,,1,173,,315842,6,0,7 27 28 9,1
6800,'20261110',639,,315843,13,,,1,99,,315844,5,0,5 27 28 9,1,106,,315845,5,0,5 27 28 9,1,389,,315846,13,,,1,99,,315847,13,,,1,295,,315848,5,0,5 27 28 9,1,405,,315850,13,,,1,94,,315851,13,,,1,105,,315852,13,,,1,173,,315853,6,0,7 27 28 9,1
6800,'20261111',639,,315854,13,,,1,99,,315855,5,0,5 27 28 9,1,106,,315856,5,0,5 27 28 9,1,389,,315857,13,,,1,99,,315858,13,,,1,295,,315859,5,0,5 27 28 9,1,405,,315861,13,,,1,94,,315862,13,,,1,105,,315863,13,,,1,173,,315864,6,0,7 27 28 9,1
6800,'20261112',639,,315865,13,,,1,99,,315866,5,0,5 27 28 9,1,106,,315867,5,0,5 27 28 9,1,389,,315868,13,,,1,99,,315869,13,,,1,295,,315870,5,0,5 27 28 9,1,405,,315872,13,,,1,94,,315873,13,,,1,105,,315874,13,,,1,173,,315875,6,0,7 27 28 9,1
6800,'20261113',639,,315876,13,,,1,99,,315877,5,0,5 27 28 9,1,106,,315878,5,0,5 27 28 9,1,389,,315879,13,,,1,99,,315880,13,,,1,295,,315881,5,0,5 27 28 9,1,405,,315883,13,,,1,94,,315884,13,,,1,105,,315885,13,,,1,173,,315886,6,0,7 27 28 9,1
6800,'20261114',828,,315887,13,,,1,218,,315890,23,0,53 27 28 9,1,83,,315888,13,,,1,224,,315892,23,0,53 27 28 9,1,76,,315893,13,,,1,224,,315895,23,0,53 27 28 9,1,176,,315896,13,,,1,200,,315897,13,,,1,489,,315898,5,0,5 27 28 9,1
6800,'20261115',828,,315899,13,,,1,218,,315902,23,0,53 27 28 9,1,83,,315900,13,,,1,224,,315904,23,0,53 27 28 9,1,76,,315905,13,,,1,224,,315907,23,0,53 27 28 9,1,176,,315908,13,,,1,200,,315909,13,,,1,489,,315910,5,0,5 27 28 9,1
6800,'20261116',639,,315911,13,,,1,99,,315912,5,0,5 27 28 9,1,106,,315913,5,0,5 27 28 9,1,389,,315914,13,,,1,99,,315915,13,,,1,295,,315916,5,0,5 27 28 9,1,405,,315918,13,,,1,94,,315919,13,,,1,105,,315920,13,,,1,173,,315921,6,0,7 27 28 9,1
6800,'20261117',639,,315922,13,,,1,99,,315923,5,0,5 27 28 9,1,106,,315924,5,0,5 27 28 9,1,389,,315925,13,,,1,99,,315926,13,,,1,295,,315927,5,0,5 27 28 9,1,405,,315929,13,,,1,94,,315930,13,,,1,105,,315931,13,,,1,173,,315932,6,0,7 27 28 9,1
6800,'20261118',639,,315933,13,,,1,99,,315934,5,0,5 27 28 9,1,106,,315935,5,0,5 27 28 9,1,389,,315936,13,,,1,99,,315937,13,,,1,295,,315938,5,0,5 27 28 9,1,405,,315940,13,,,1,94,,315941,13,,,1,105,,315942,13,,,1,173,,315943,6,0,7 27 28 9,1
6800,'20261119',639,,315944,13,,,1,99,,315945,5,0,5 27 28 9,1,106,,315946,5,0,5 27 28 9,1,389,,315947,13,,,1,99,,315948,13,,,1,295,,315949,5,0,5 27 28 9,1,405,,315951,13,,,1,94,,315952,13,,,1,105,,315953,13,,,1,173,,315954,6,0,7 27 28 9,1
6800,'20261120',639,,315955,13,,,1,99,,315956,5,0,5 27 28 9,1,106,,315957,5,0,5 27 28 9,1,389,,315958,13,,,1,99,,315959,13,,,1,295,,315960,5,0,5 27 28 9,1,405,,315962,13,,,1,94,,315963,13,,,1,105,,315964,13,,,1,173,,315965,6,0,7 27 28 9,1
6800,'20261121',828,,315966,13,,,1,218,,315969,23,0,53 27 28 9,1,83,,315967,13,,,1,224,,315971,23,0,53 27 28 9,1,76,,315972,13,,,1,224,,315974,23,0,53 27 28 9,1,176,,315975,13,,,1,200,,315976,13,,,1,489,,315977,5,0,5 27 28 9,1
6800,'20261122',828,,315978,13,,,1,218,,315981,23,0,53 27 28 9,1,83,,315979,13,,,1,224,,315983,23,0,53 27 28 9,1,76,,315984,13,,,1,224,,315986,23,0,53 27 28 9,1,176,,315987,13,,,1,200,,315988,13,,,1,489,,315989,5,0,5 27 28 9,1
6800,'20261123',639,,315990,13,,,1,99,,315991,5,0,5 27 28 9,1,106,,315992,5,0,5 27 28 9,1,389,,315993,13,,,1,99,,315994,13,,,1,295,,315995,5,0,5 27 28 9,1,405,,315997,13,,,1,94,,315998,13,,,1,105,,315999,13,,,1,173,,316000,6,0,7 27 28 9,1
6800,'20261124',639,,316001,13,,,1,99,,316002,5,0,5 27 28 9,1,106,,316003,5,0,5 27 28 9,1,389,,316004,13,,,1,99,,316005,13,,,1,295,,316006,5,0,5 27 28 9,1,405,,316008,13,,,1,94,,316009,13,,,1,105,,316010,13,,,1,173,,316011,6,0,7 27 28 9,1
6800,'20261125',639,,316012,13,,,1,99,,316013,5,0,5 27 28 9,1,106,,316014,5,0,5 27 28 9,1,389,,316015,13,,,1,99,,316016,13,,,1,295,,316017,5,0,5 27 28 9,1,405,,316019,13,,,1,94,,316020,13,,,1,105,,316021,13,,,1,173,,316022,6,0,7 27 28 9,1
6800,'20261126',639,,316023,13,,,1,99,,316024,5,0,5 27 28 9,1,106,,316025,5,0,5 27 28 9,1,389,,316026,13,,,1,99,,316027,13,,,1,295,,316028,5,0,5 27 28 9,1,405,,316030,13,,,1,94,,316031,13,,,1,105,,316032,13,,,1,173,,316033,6,0,7 27 28 9,1
6800,'20261127',639,,316034,13,,,1,99,,316035,5,0,5 27 28 9,1,106,,316036,5,0,5 27 28 9,1,389,,316037,13,,,1,99,,316038,13,,,1,295,,316039,5,0,5 27 28 9,1,405,,316041,13,,,1,94,,316042,13,,,1,105,,316043,13,,,1,173,,316044,6,0,7 27 28 9,1
