2100,'20260917',420,,241058,30,,,1,37,,241059,30,,,1,65,,241060,30,,,1,391,,241064,6,0,5 29 30,1,100,,241070,6,0,5 29 30,1,100,,241076,6,0,16 29 30,1,95,,241080,6,0,16 29 30,1,45,,241084,6,0,16 29 30,1,150,,241087,6,0,16 29 30,1,97,,241089,6,0,16 29 30,1,55,,241092,6,0,16 29 30,1,145,,241094,30,,,1,105,,241095,30,,,1,53,,241096,30,,,1,100,,241097,30,,,1,99,,241098,30,,,1,101,,241099,30,,,1,97,,241100,30,,,1,100,,241101,30,,,1,104,,241102,30,,,1
2100,'20260918',420,,241103,30,,,1,37,,241104,30,,,1,65,,241105,30,,,1,391,,241109,6,0,5 29 30,1,100,,241115,6,0,5 29 30,1,100,,241121,6,0,16 29 30,1,95,,241125,6,0,16 29 30,1,45,,241129,6,0,16 29 30,1,150,,241132,6,0,16 29 30,1,97,,241134,6,0,16 29 30,1,55,,241137,6,0,16 29 30,1,145,,241139,30,,,1,105,,241140,30,,,1,53,,241141,30,,,1,100,,241142,30,,,1,99,,241143,30,,,1,101,,241144,30,,,1,97,,241145,30,,,1,100,,241146,30,,,1,104,,241147,30,,,1
2100,'20260919',521,,241148,30,0,57 29 30,1,100,,241149,30,0,57 29 30,1,36,,241150,30,0,57 29 30,1,150,,241153,8,0,34 29 30,1,100,,241157,8,0,34 29 30,1,100,,241161,8,0,34 29 30,1,100,,241165,8,0,34 29 30,1,100,,241168,8,0,34 29 30,1,100,,241171,8,0,34 29 30,1,100,,241174,8,0,34 29 30,1,100,,241177,8,0,34 29 30,1,100,,241180,8,0,34 29 30,1,100,,241183,8,0,34 29 30,1,100,,241186,8,0,34 29 30,1,100,,241188,8,0,34 29 30,1,93,,241190,30,0,57 29 30,1,55,,241191,30,0,57 29 30,1,100,,241192,30,0,57 29 30,1,95,,241193,30,0,57 29 30,1,102,,241194,30,0,57 29 30,1,100,,241195,30,0,57 29 30,1
2100,'20260920',521,,241196,30,0,57 29 30,1,100,,241197,30,0,57 29 30,1,36,,241198,30,0,57 29 30,1,150,,241200,8,0,34 29 30,1,100,,241203,8,0,34 29 30,1,100,,241206,8,0,34 29 30,1,100,,241209,8,0,34 29 30,1,100,,241212,8,0,34 29 30,1,100,,241215,8,0,34 29 30,1,100,,241218,8,0,34 29 30,1,100,,241221,8,0,34 29 30,1,100,,241224,8,0,34 29 30,1,100,,241227,8,0,34 29 30,1,100,,241230,8,0,34 29 30,1,100,,241232,8,0,34 29 30,1,93,,241233,30,0,57 29 30,1,55,,241234,30,0,57 29 30,1,100,,241235,30,0,57 29 30,1,95,,241236,30,0,57 29 30,1,102,,241237,30,0,57 29 30,1,100,,241238,30,0,57 29 30,1
2100,'20260921',420,,241239,30,,,1,37,,241240,30,,,1,65,,241241,30,,,1,391,,241245,6,0,5 29 30,1,100,,241251,6,0,5 29 30,1,100,,241257,6,0,16 29 30,1,95,,241261,6,0,16 29 30,1,45,,241265,6,0,16 29 30,1,150,,241268,6,0,16 29 30,1,97,,241270,6,0,16 29 30,1,55,,241273,6,0,16 29 30,1,145,,241275,30,,,1,105,,241276,30,,,1,53,,241277,30,,,1,100,,241278,30,,,1,99,,241279,30,,,1,101,,241280,30,,,1,97,,241281,30,,,1,100,,241282,30,,,1,104,,241283,30,,,1
2100,'20260922',420,,241284,30,,,1,37,,241285,30,,,1,65,,241286,30,,,1,391,,241290,6,0,5 29 30,1,100,,241296,6,0,5 29 30,1,100,,241302,6,0,16 29 30,1,95,,241306,6,0,16 29 30,1,45,,241310,6,0,16 29 30,1,150,,241313,6,0,16 29 30,1,97,,241315,6,0,16 29 30,1,55,,241318,6,0,16 29 30,1,145,,241320,30,,,1,105,,241321,30,,,1,53,,241322,30,,,1,100,,241323,30,,,1,99,,241324,30,,,1,101,,241325,30,,,1,97,,241326,30,,,1,100,,241327,30,,,1,104,,241328,30,,,1
2100,'20260923',420,,241329,30,,,1,37,,241330,30,,,1,65,,241331,30,,,1,391,,241335,6,0,5 29 30,1,100,,241341,6,0,5 29 30,1,100,,241347,6,0,16 29 30,1,95,,241351,6,0,16 29 30,1,45,,241355,6,0,16 29 30,1,150,,241358,6,0,16 29 30,1,97,,241360,6,0,16 29 30,1,55,,241363,6,0,16 29 30,1,145,,241365,30,,,1,105,,241366,30,,,1,53,,241367,30,,,1,100,,241368,30,,,1,99,,241369,30,,,1,101,,241370,30,,,1,97,,241371,30,,,1,100,,241372,30,,,1,104,,241373,30,,,1
2100,'20260924',420,,241374,30,,,1,37,,241375,30,,,1,65,,241376,30,,,1,391,,241380,6,0,5 29 30,1,100,,241386,6,0,5 29 30,1,100,,241392,6,0,16 29 30,1,95,,241396,6,0,16 29 30,1,45,,241400,6,0,16 29 30,1,150,,241403,6,0,16 29 30,1,97,,241405,6,0,16 29 30,1,55,,241408,6,0,16 29 30,1,145,,241410,30,,,1,105,,241411,30,,,1,53,,241412,30,,,1,100,,241413,30,,,1,99,,241414,30,,,1,101,,241415,30,,,1,97,,241416,30,,,1,100,,241417,30,,,1,104,,241418,30,,,1
2100,'20260925',420,,241419,30,,,1,37,,241420,30,,,1,65,,241421,30,,,1,391,,241425,6,0,5 29 30,1,100,,241431,6,0,5 29 30,1,100,,241437,6,0,16 29 30,1,95,,241441,6,0,16 29 30,1,45,,241445,6,0,16 29 30,1,150,,241448,6,0,16 29 30,1,97,,241450,6,0,16 29 30,1,55,,241453,6,0,16 29 30,1,145,,241455,30,,,1,105,,241456,30,,,1,53,,241457,30,,,1,100,,241458,30,,,1,99,,241459,30,,,1,101,,241460,30,,,1,97,,241461,30,,,1,100,,241462,30,,,1,104,,241463,30,,,1
2100,'20260926',521,,241464,30,0,57 29 30,1,100,,241465,30,0,57 29 30,1,36,,241466,30,0,57 29 30,1,150,,241469,8,0,34 29 30,1,100,,241473,8,0,34 29 30,1,100,,241477,8,0,34 29 30,1,100,,241481,8,0,34 29 30,1,100,,241484,8,0,34 29 30,1,100,,241487,8,0,34 29 30,1,100,,241490,8,0,34 29 30,1,100,,241493,8,0,34 29 30,1,100,,241496,8,0,34 29 30,1,100,,241499,8,0,34 29 30,1,100,,241502,8,0,34 29 30,1,100,,241504,8,0,34 29 30,1,93,,241506,30,0,57 29 30,1,55,,241507,30,0,57 29 30,1,100,,241508,30,0,57 29 30,1,95,,241509,30,0,57 29 30,1,102,,241510,30,0,57 29 30,1,100,,241511,30,0,57 29 30,1
2100,'20260927',521,,241512,30,0,57 29 30,1,100,,241513,30,0,57 29 30,1,36,,241514,30,0,57 29 30,1,150,,241516,8,0,34 29 30,1,100,,241519,8,0,34 29 30,1,100,,241522,8,0,34 29 30,1,100,,241525,8,0,34 29 30,1,100,,241528,8,0,34 29 30,1,100,,241531,8,0,34 29 30,1,100,,241534,8,0,34 29 30,1,100,,241537,8,0,34 29 30,1,100,,241540,8,0,34 29 30,1,100,,241543,8,0,34 29 30,1,100,,241546,8,0,34 29 30,1,100,,241548,8,0,34 29 30,1,93,,241549,30,0,57 29 30,1,55,,241550,30,0,57 29 30,1,100,,241551,30,0,57 29 30,1,95,,241552,30,0,57 29 30,1,102,,241553,30,0,57 29 30,1,100,,241554,30,0,57 29 30,1
2100,'20260928',420,,241555,30,,,1,37,,241556,30,,,1,65,,241557,30,,,1,391,,241561,6,0,5 29 30,1,100,,241567,6,0,5 29 30,1,100,,241573,6,0,16 29 30,1,95,,241577,6,0,16 29 30,1,45,,241581,6,0,16 29 30,1,150,,241584,6,0,16 29 30,1,97,,241586,6,0,16 29 30,1,55,,241589,6,0,16 29 30,1,145,,241591,30,,,1,105,,241592,30,,,1,53,,241593,30,,,1,100,,241594,30,,,1,99,,241595,30,,,1,101,,241596,30,,,1,97,,241597,30,,,1,100,,241598,30,,,1,104,,241599,30,,,1
2100,'20260929',420,,241600,30,,,1,37,,241601,30,,,1,65,,241602,30,,,1,391,,241606,6,0,5 29 30,1,100,,241612,6,0,5 29 30,1,100,,241618,6,0,16 29 30,1,95,,241622,6,0,16 29 30,1,45,,241626,6,0,16 29 30,1,150,,241629,6,0,16 29 30,1,97,,241631,6,0,16 29 30,1,55,,241634,6,0,16 29 30,1,145,,241636,30,,,1,105,,241637,30,,,1,53,,241638,30,,,1,100,,241639,30,,,1,99,,241640,30,,,1,101,,241641,30,,,1,97,,241642,30,,,1,100,,241643,30,,,1,104,,241644,30,,,1
2100,'20260930',420,,241645,30,,,1,37,,241646,30,,,1,65,,241647,30,,,1,391,,241651,6,0,5 29 30,1,100,,241657,6,0,5 29 30,1,100,,241663,6,0,16 29 30,1,95,,241667,6,0,16 29 30,1,45,,241671,6,0,16 29 30,1,150,,241674,6,0,16 29 30,1,97,,241676,6,0,16 29 30,1,55,,241679,6,0,16 29 30,1,145,,241681,30,,,1,105,,241682,30,,,1,53,,241683,30,,,1,100,,241684,30,,,1,99,,241685,30,,,1,101,,241686,30,,,1,97,,241687,30,,,1,100,,241688,30,,,1,104,,241689,30,,,1
2100,'20261001',420,,241690,30,,,1,37,,241691,30,,,1,65,,241692,30,,,1,391,,241696,6,0,5 29 30,1,100,,241702,6,0,5 29 30,1,100,,241708,6,0,16 29 30,1,95,,241712,6,0,16 29 30,1,45,,241716,6,0,16 29 30,1,150,,241719,6,0,16 29 30,1,97,,241721,6,0,16 29 30,1,55,,241724,6,0,16 29 30,1,145,,241726,30,,,1,105,,241727,30,,,1,53,,241728,30,,,1,100,,241729,30,,,1,99,,241730,30,,,1,101,,241731,30,,,1,97,,241732,30,,,1,100,,241733,30,,,1,104,,241734,30,,,1
2100,'20261002',420,,241735,30,,,1,37,,241736,30,,,1,65,,241737,30,,,1,391,,241741,6,0,5 29 30,1,100,,241747,6,0,5 29 30,1,100,,241753,6,0,16 29 30,1,95,,241757,6,0,16 29 30,1,45,,241761,6,0,16 29 30,1,150,,241764,6,0,16 29 30,1,97,,241766,6,0,16 29 30,1,55,,241769,6,0,16 29 30,1,145,,241771,30,,,1,105,,241772,30,,,1,53,,241773,30,,,1,100,,241774,30,,,1,99,,241775,30,,,1,101,,241776,30,,,1,97,,241777,30,,,1,100,,241778,30,,,1,104,,241779,30,,,1
2100,'20261003',521,,241780,30,0,57 29 30,1,100,,241781,30,0,57 29 30,1,36,,241782,30,0,57 29 30,1,150,,241785,8,0,34 29 30,1,100,,241789,8,0,34 29 30,1,100,,241793,8,0,34 29 30,1,100,,241797,8,0,34 29 30,1,100,,241800,8,0,34 29 30,1,100,,241803,8,0,34 29 30,1,100,,241806,8,0,34 29 30,1,100,,241809,8,0,34 29 30,1,100,,241812,8,0,34 29 30,1,100,,241815,8,0,34 29 30,1,100,,241818,8,0,34 29 30,1,100,,241820,8,0,34 29 30,1,93,,241822,30,0,57 29 30,1,55,,241823,30,0,57 29 30,1,100,,241824,30,0,57 29 30,1,95,,241825,30,0,57 29 30,1,102,,241826,30,0,57 29 30,1,100,,241827,30,0,57 29 30,1
2100,'20261004',521,,241828,30,0,57 29 30,1,100,,241829,30,0,57 29 30,1,36,,241830,30,0,57 29 30,1,150,,241832,8,0,34 29 30,1,100,,241835,8,0,34 29 30,1,100,,241838,8,0,34 29 30,1,100,,241841,8,0,34 29 30,1,100,,241844,8,0,34 29 30,1,100,,241847,8,0,34 29 30,1,100,,241850,8,0,34 29 30,1,100,,241853,8,0,34 29 30,1,100,,241856,8,0,34 29 30,1,100,,241859,8,0,34 29 30,1,100,,241862,8,0,34 29 30,1,100,,241864,8,0,34 29 30,1,93,,241865,30,0,57 29 30,1,55,,241866,30,0,57 29 30,1,100,,241867,30,0,57 29 30,1,95,,241868,30,0,57 29 30,1,102,,241869,30,0,57 29 30,1,100,,241870,30,0,57 29 30,1
2100,'20261005',420,,241871,30,,,1,37,,241872,30,,,1,65,,241873,30,,,1,391,,241877,6,0,5 29 30,1,100,,241883,6,0,5 29 30,1,100,,241889,6,0,16 29 30,1,95,,241893,6,0,16 29 30,1,45,,241897,6,0,16 29 30,1,150,,241900,6,0,16 29 30,1,97,,241902,6,0,16 29 30,1,55,,241905,6,0,16 29 30,1,145,,241907,30,,,1,105,,241908,30,,,1,53,,241909,30,,,1,100,,241910,30,,,1,99,,241911,30,,,1,101,,241912,30,,,1,97,,241913,30,,,1,100,,241914,30,,,1,104,,241915,30,,,1
2100,'20261006',420,,241916,30,,,1,37,,241917,30,,,1,65,,241918,30,,,1,391,,241922,6,0,5 29 30,1,100,,241928,6,0,5 29 30,1,100,,241934,6,0,16 29 30,1,95,,241938,6,0,16 29 30,1,45,,241942,6,0,16 29 30,1,150,,241945,6,0,16 29 30,1,97,,241947,6,0,16 29 30,1,55,,241950,6,0,16 29 30,1,145,,241952,30,,,1,105,,241953,30,,,1,53,,241954,30,,,1,100,,241955,30,,,1,99,,241956,30,,,1,101,,241957,30,,,1,97,,241958,30,,,1,100,,241959,30,,,1,104,,241960,30,,,1
2100,'20261007',420,,241961,30,,,1,37,,241962,30,,,1,65,,241963,30,,,1,391,,241967,6,0,5 29 30,1,100,,241973,6,0,5 29 30,1,100,,241979,6,0,16 29 30,1,95,,241983,6,0,16 29 30,1,45,,241987,6,0,16 29 30,1,150,,241990,6,0,16 29 30,1,97,,241992,6,0,16 29 30,1,55,,241995,6,0,16 29 30,1,145,,241997,30,,,1,105,,241998,30,,,1,53,,241999,30,,,1,100,,242000,30,,,1,99,,242001,30,,,1,101,,242002,30,,,1,97,,242003,30,,,1,100,,242004,30,,,1,104,,242005,30,,,1
2100,'20261008',420,,242006,30,,,1,37,,242007,30,,,1,65,,242008,30,,,1,391,,242012,6,0,5 29 30,1,100,,242018,6,0,5 29 30,1,100,,242024,6,0,16 29 30,1,95,,242028,6,0,16 29 30,1,45,,242032,6,0,16 29 30,1,150,,242035,6,0,16 29 30,1,97,,242037,6,0,16 29 30,1,55,,242040,6,0,16 29 30,1,145,,242042,30,,,1,105,,242043,30,,,1,53,,242044,30,,,1,100,,242045,30,,,1,99,,242046,30,,,1,101,,242047,30,,,1,97,,242048,30,,,1,100,,242049,30,,,1,104,,242050,30,,,1
2100,'20261009',420,,242051,30,,,1,37,,242052,30,,,1,65,,242053,30,,,1,391,,242057,6,0,5 29 30,1,100,,242063,6,0,5 29 30,1,100,,242069,6,0,16 29 30,1,95,,242073,6,0,16 29 30,1,45,,242077,6,0,16 29 30,1,150,,242080,6,0,16 29 30,1,97,,242082,6,0,16 29 30,1,55,,242085,6,0,16 29 30,1,145,,242087,30,,,1,105,,242088,30,,,1,53,,242089,30,,,1,100,,242090,30,,,1,99,,242091,30,,,1,101,,242092,30,,,1,97,,242093,30,,,1,100,,242094,30,,,1,104,,242095,30,,,1
2100,'20261010',521,,242096,30,0,57 29 30,1,100,,242097,30,0,57 29 30,1,36,,242098,30,0,57 29 30,1,150,,242101,8,0,34 29 30,1,100,,242105,8,0,34 29 30,1,100,,242109,8,0,34 29 30,1,100,,242113,8,0,34 29 30,1,100,,242116,8,0,34 29 30,1,100,,242119,8,0,34 29 30,1,100,,242122,8,0,34 29 30,1,100,,242125,8,0,34 29 30,1,100,,242128,8,0,34 29 30,1,100,,242131,8,0,34 29 30,1,100,,242134,8,0,34 29 30,1,100,,242136,8,0,34 29 30,1,93,,242138,30,0,57 29 30,1,55,,242139,30,0,57 29 30,1,100,,242140,30,0,57 29 30,1,95,,242141,30,0,57 29 30,1,102,,242142,30,0,57 29 30,1,100,,242143,30,0,57 29 30,1
2100,'20261011',521,,242144,30,0,57 29 30,1,100,,242145,30,0,57 29 30,1,36,,242146,30,0,57 29 30,1,150,,242148,8,0,34 29 30,1,100,,242151,8,0,34 29 30,1,100,,242154,8,0,34 29 30,1,100,,242157,8,0,34 29 30,1,100,,242160,8,0,34 29 30,1,100,,242163,8,0,34 29 30,1,100,,242166,8,0,34 29 30,1,100,,242169,8,0,34 29 30,1,100,,242172,8,0,34 29 30,1,100,,242175,8,0,34 29 30,1,100,,242178,8,0,34 29 30,1,100,,242180,8,0,34 29 30,1,93,,242181,30,0,57 29 30,1,55,,242182,30,0,57 29 30,1,100,,242183,30,0,57 29 30,1,95,,242184,30,0,57 29 30,1,102,,242185,30,0,57 29 30,1,100,,242186,30,0,57 29 30,1
2100,'20261012',521,,242187,30,0,57 29 30,1,100,,242188,30,0,57 29 30,1,36,,242189,30,0,57 29 30,1,150,,242192,8,0,34 29 30,1,100,,242196,8,0,34 29 30,1,100,,242200,8,0,34 29 30,1,100,,242204,8,0,34 29 30,1,100,,242207,8,0,34 29 30,1,100,,242210,8,0,34 29 30,1,100,,242213,8,0,34 29 30,1,100,,242216,8,0,34 29 30,1,100,,242219,8,0,34 29 30,1,100,,242222,8,0,34 29 30,1,100,,242225,8,0,34 29 30,1,100,,242227,8,0,34 29 30,1,93,,242229,30,0,57 29 30,1,55,,242230,30,0,57 29 30,1,100,,242231,30,0,57 29 30,1,95,,242232,30,0,57 29 30,1,102,,242233,30,0,57 29 30,1,100,,242234,30,0,57 29 30,1
2100,'20261013',420,,242235,30,,,1,37,,242236,30,,,1,65,,242237,30,,,1,391,,242241,6,0,5 29 30,1,100,,242247,6,0,5 29 30,1,100,,242253,6,0,16 29 30,1,95,,242257,6,0,16 29 30,1,45,,242261,6,0,16 29 30,1,150,,242264,6,0,16 29 30,1,97,,242266,6,0,16 29 30,1,55,,242269,6,0,16 29 30,1,145,,242271,30,,,1,105,,242272,30,,,1,53,,242273,30,,,1,100,,242274,30,,,1,99,,242275,30,,,1,101,,242276,30,,,1,97,,242277,30,,,1,100,,242278,30,,,1,104,,242279,30,,,1
2100,'20261014',420,,242280,30,,,1,37,,242281,30,,,1,65,,242282,30,,,1,391,,242286,6,0,5 29 30,1,100,,242292,6,0,5 29 30,1,100,,242298,6,0,16 29 30,1,95,,242302,6,0,16 29 30,1,45,,242306,6,0,16 29 30,1,150,,242309,6,0,16 29 30,1,97,,242311,6,0,16 29 30,1,55,,242314,6,0,16 29 30,1,145,,242316,30,,,1,105,,242317,30,,,1,53,,242318,30,,,1,100,,242319,30,,,1,99,,242320,30,,,1,101,,242321,30,,,1,97,,242322,30,,,1,100,,242323,30,,,1,104,,242324,30,,,1
2100,'20261015',420,,242325,30,,,1,37,,242326,30,,,1,65,,242327,30,,,1,391,,242331,6,0,5 29 30,1,100,,242337,6,0,5 29 30,1,100,,242343,6,0,16 29 30,1,95,,242347,6,0,16 29 30,1,45,,242351,6,0,16 29 30,1,150,,242354,6,0,16 29 30,1,97,,242356,6,0,16 29 30,1,55,,242359,6,0,16 29 30,1,145,,242361,30,,,1,105,,242362,30,,,1,53,,242363,30,,,1,100,,242364,30,,,1,99,,242365,30,,,1,101,,242366,30,,,1,97,,242367,30,,,1,100,,242368,30,,,1,104,,242369,30,,,1
2100,'20261016',420,,242370,30,,,1,37,,242371,30,,,1,65,,242372,30,,,1,391,,242376,6,0,5 29 30,1,100,,242382,6,0,5 29 30,1,100,,242388,6,0,16 29 30,1,95,,242392,6,0,16 29 30,1,45,,242396,6,0,16 29 30,1,150,,242399,6,0,16 29 30,1,97,,242401,6,0,16 29 30,1,55,,242404,6,0,16 29 30,1,145,,242406,30,,,1,105,,242407,30,,,1,53,,242408,30,,,1,100,,242409,30,,,1,99,,242410,30,,,1,101,,242411,30,,,1,97,,242412,30,,,1,100,,242413,30,,,1,104,,242414,30,,,1
2100,'20261017',521,,242415,30,0,57 29 30,1,100,,242416,30,0,57 29 30,1,36,,242417,30,0,57 29 30,1,150,,242420,8,0,34 29 30,1,100,,242424,8,0,34 29 30,1,100,,242428,8,0,34 29 30,1,100,,242432,8,0,34 29 30,1,100,,242435,8,0,34 29 30,1,100,,242438,8,0,34 29 30,1,100,,242441,8,0,34 29 30,1,100,,242444,8,0,34 29 30,1,100,,242447,8,0,34 29 30,1,100,,242450,8,0,34 29 30,1,100,,242453,8,0,34 29 30,1,100,,242455,8,0,34 29 30,1,93,,242457,30,0,57 29 30,1,55,,242458,30,0,57 29 30,1,100,,242459,30,0,57 29 30,1,95,,242460,30,0,57 29 30,1,102,,242461,30,0,57 29 30,1,100,,242462,30,0,57 29 30,1
2100,'20261018',521,,242463,30,0,57 29 30,1,100,,242464,30,0,57 29 30,1,36,,242465,30,0,57 29 30,1,150,,242467,8,0,34 29 30,1,100,,242470,8,0,34 29 30,1,100,,242473,8,0,34 29 30,1,100,,242476,8,0,34 29 30,1,100,,242479,8,0,34 29 30,1,100,,242482,8,0,34 29 30,1,100,,242485,8,0,34 29 30,1,100,,242488,8,0,34 29 30,1,100,,242491,8,0,34 29 30,1,100,,242494,8,0,34 29 30,1,100,,242497,8,0,34 29 30,1,100,,242499,8,0,34 29 30,1,93,,242500,30,0,57 29 30,1,55,,242501,30,0,57 29 30,1,100,,242502,30,0,57 29 30,1,95,,242503,30,0,57 29 30,1,102,,242504,30,0,57 29 30,1,100,,242505,30,0,57 29 30,1
2100,'20261019',420,,242506,30,,,1,37,,242507,30,,,1,65,,242508,30,,,1,391,,242512,6,0,5 29 30,1,100,,242518,6,0,5 29 30,1,100,,242524,6,0,16 29 30,1,95,,242528,6,0,16 29 30,1,45,,242532,6,0,16 29 30,1,150,,242535,6,0,16 29 30,1,97,,242537,6,0,16 29 30,1,55,,242540,6,0,16 29 30,1,145,,242542,30,,,1,105,,242543,30,,,1,53,,242544,30,,,1,100,,242545,30,,,1,99,,242546,30,,,1,101,,242547,30,,,1,97,,242548,30,,,1,100,,242549,30,,,1,104,,242550,30,,,1
2100,'20261020',420,,242551,30,,,1,37,,242552,30,,,1,65,,242553,30,,,1,391,,242557,6,0,5 29 30,1,100,,242563,6,0,5 29 30,1,100,,242569,6,0,16 29 30,1,95,,242573,6,0,16 29 30,1,45,,242577,6,0,16 29 30,1,150,,242580,6,0,16 29 30,1,97,,242582,6,0,16 29 30,1,55,,242585,6,0,16 29 30,1,145,,242587,30,,,1,105,,242588,30,,,1,53,,242589,30,,,1,100,,242590,30,,,1,99,,242591,30,,,1,101,,242592,30,,,1,97,,242593,30,,,1,100,,242594,30,,,1,104,,242595,30,,,1
2100,'20261021',420,,242596,30,,,1,37,,242597,30,,,1,65,,242598,30,,,1,391,,242602,6,0,5 29 30,1,100,,242608,6,0,5 29 30,1,100,,242614,6,0,16 29 30,1,95,,242618,6,0,16 29 30,1,45,,242622,6,0,16 29 30,1,150,,242625,6,0,16 29 30,1,97,,242627,6,0,16 29 30,1,55,,242630,6,0,16 29 30,1,145,,242632,30,,,1,105,,242633,30,,,1,53,,242634,30,,,1,100,,242635,30,,,1,99,,242636,30,,,1,101,,242637,30,,,1,97,,242638,30,,,1,100,,242639,30,,,1,104,,242640,30,,,1
2100,'20261022',420,,242641,30,,,1,37,,242642,30,,,1,65,,242643,30,,,1,391,,242647,6,0,5 29 30,1,100,,242653,6,0,5 29 30,1,100,,242659,6,0,16 29 30,1,95,,242663,6,0,16 29 30,1,45,,242667,6,0,16 29 30,1,150,,242670,6,0,16 29 30,1,97,,242672,6,0,16 29 30,1,55,,242675,6,0,16 29 30,1,145,,242677,30,,,1,105,,242678,30,,,1,53,,242679,30,,,1,100,,242680,30,,,1,99,,242681,30,,,1,101,,242682,30,,,1,97,,242683,30,,,1,100,,242684,30,,,1,104,,242685,30,,,1
2100,'20261023',420,,242686,30,,,1,37,,242687,30,,,1,65,,242688,30,,,1,391,,242692,6,0,5 29 30,1,100,,242698,6,0,5 29 30,1,100,,242704,6,0,16 29 30,1,95,,242708,6,0,16 29 30,1,45,,242712,6,0,16 29 30,1,150,,242715,6,0,16 29 30,1,97,,242717,6,0,16 29 30,1,55,,242720,6,0,16 29 30,1,145,,242722,30,,,1,105,,242723,30,,,1,53,,242724,30,,,1,100,,242725,30,,,1,99,,242726,30,,,1,101,,242727,30,,,1,97,,242728,30,,,1,100,,242729,30,,,1,104,,242730,30,,,1
2100,'20261024',521,,242731,30,0,57 29 30,1,100,,242732,30,0,57 29 30,1,36,,242733,30,0,57 29 30,1,150,,242736,8,0,34 29 30,1,100,,242740,8,0,34 29 30,1,100,,242744,8,0,34 29 30,1,100,,242748,8,0,34 29 30,1,100,,242751,8,0,34 29 30,1,100,,242754,8,0,34 29 30,1,100,,242757,8,0,34 29 30,1,100,,242760,8,0,34 29 30,1,100,,242763,8,0,34 29 30,1,100,,242766,8,0,34 29 30,1,100,,242769,8,0,34 29 30,1,100,,242771,8,0,34 29 30,1,93,,242773,30,0,57 29 30,1,55,,242774,30,0,57 29 30,1,100,,242775,30,0,57 29 30,1,95,,242776,30,0,57 29 30,1,102,,242777,30,0,57 29 30,1,100,,242778,30,0,57 29 30,1
2100,'20261025',521,,242779,30,0,57 29 30,1,100,,242780,30,0,57 29 30,1,36,,242781,30,0,57 29 30,1,150,,242783,8,0,34 29 30,1,100,,242786,8,0,34 29 30,1,100,,242789,8,0,34 29 30,1,100,,242792,8,0,34 29 30,1,100,,242795,8,0,34 29 30,1,100,,242798,8,0,34 29 30,1,100,,242801,8,0,34 29 30,1,100,,242804,8,0,34 29 30,1,100,,242807,8,0,34 29 30,1,100,,242810,8,0,34 29 30,1,100,,242813,8,0,34 29 30,1,100,,242815,8,0,34 29 30,1,93,,242816,30,0,57 29 30,1,55,,242817,30,0,57 29 30,1,100,,242818,30,0,57 29 30,1,95,,242819,30,0,57 29 30,1,102,,242820,30,0,57 29 30,1,100,,242821,30,0,57 29 30,1
2100,'20261026',420,,242822,30,,,1,37,,242823,30,,,1,65,,242824,30,,,1,391,,242828,6,0,5 29 30,1,100,,242834,6,0,5 29 30,1,100,,242840,6,0,16 29 30,1,95,,242844,6,0,16 29 30,1,45,,242848,6,0,16 29 30,1,150,,242851,6,0,16 29 30,1,97,,242853,6,0,16 29 30,1,55,,242856,6,0,16 29 30,1,145,,242858,30,,,1,105,,242859,30,,,1,53,,242860,30,,,1,100,,242861,30,,,1,99,,242862,30,,,1,101,,242863,30,,,1,97,,242864,30,,,1,100,,242865,30,,,1,104,,242866,30,,,1
2100,'20261027',420,,242867,30,,,1,37,,242868,30,,,1,65,,242869,30,,,1,391,,242873,6,0,5 29 30,1,100,,242879,6,0,5 29 30,1,100,,242885,6,0,16 29 30,1,95,,242889,6,0,16 29 30,1,45,,242893,6,0,16 29 30,1,150,,242896,6,0,16 29 30,1,97,,242898,6,0,16 29 30,1,55,,242901,6,0,16 29 30,1,145,,242903,30,,,1,105,,242904,30,,,1,53,,242905,30,,,1,100,,242906,30,,,1,99,,242907,30,,,1,101,,242908,30,,,1,97,,242909,30,,,1,100,,242910,30,,,1,104,,242911,30,,,1
2100,'20261028',420,,242912,30,,,1,37,,242913,30,,,1,65,,242914,30,,,1,391,,242918,6,0,5 29 30,1,100,,242924,6,0,5 29 30,1,100,,242930,6,0,16 29 30,1,95,,242934,6,0,16 29 30,1,45,,242938,6,0,16 29 30,1,150,,242941,6,0,16 29 30,1,97,,242943,6,0,16 29 30,1,55,,242946,6,0,16 29 30,1,145,,242948,30,,,1,105,,242949,30,,,1,53,,242950,30,,,1,100,,242951,30,,,1,99,,242952,30,,,1,101,,242953,30,,,1,97,,242954,30,,,1,100,,242955,30,,,1,104,,242956,30,,,1
2100,'20261029',420,,242957,30,,,1,37,,242958,30,,,1,65,,242959,30,,,1,391,,242963,6,0,5 29 30,1,100,,242969,6,0,5 29 30,1,100,,242975,6,0,16 29 30,1,95,,242979,6,0,16 29 30,1,45,,242983,6,0,16 29 30,1,150,,242986,6,0,16 29 30,1,97,,242988,6,0,16 29 30,1,55,,242991,6,0,16 29 30,1,145,,242993,30,,,1,105,,242994,30,,,1,53,,242995,30,,,1,100,,242996,30,,,1,99,,242997,30,,,1,101,,242998,30,,,1,97,,242999,30,,,1,100,,243000,30,,,1,104,,243001,30,,,1
2100,'20261030',420,,243002,30,,,1,37,,243003,30,,,1,65,,243004,30,,,1,391,,243008,6,0,5 29 30,1,100,,243014,6,0,5 29 30,1,100,,243020,6,0,16 29 30,1,95,,243024,6,0,16 29 30,1,45,,243028,6,0,16 29 30,1,150,,243031,6,0,16 29 30,1,97,,243033,6,0,16 29 30,1,55,,243036,6,0,16 29 30,1,145,,243038,30,,,1,105,,243039,30,,,1,53,,243040,30,,,1,100,,243041,30,,,1,99,,243042,30,,,1,101,,243043,30,,,1,97,,243044,30,,,1,100,,243045,30,,,1,104,,243046,30,,,1
2100,'20261031',521,,243047,30,0,57 29 30,1,100,,243048,30,0,57 29 30,1,36,,243049,30,0,57 29 30,1,150,,243052,8,0,34 29 30,1,100,,243056,8,0,34 29 30,1,100,,243060,8,0,34 29 30,1,100,,243064,8,0,34 29 30,1,100,,243067,8,0,34 29 30,1,100,,243070,8,0,34 29 30,1,100,,243073,8,0,34 29 30,1,100,,243076,8,0,34 29 30,1,100,,243079,8,0,34 29 30,1,100,,243082,8,0,34 29 30,1,100,,243085,8,0,34 29 30,1,100,,243087,8,0,34 29 30,1,93,,243089,30,0,57 29 30,1,55,,243090,30,0,57 29 30,1,100,,243091,30,0,57 29 30,1,95,,243092,30,0,57 29 30,1,102,,243093,30,0,57 29 30,1,100,,243094,30,0,57 29 30,1
2100,'20261101',521,,243095,30,0,57 29 30,1,100,,243096,30,0,57 29 30,1,36,,243097,30,0,57 29 30,1,150,,243099,8,0,34 29 30,1,100,,243102,8,0,34 29 30,1,100,,243105,8,0,34 29 30,1,100,,243108,8,0,34 29 30,1,100,,243111,8,0,34 29 30,1,100,,243114,8,0,34 29 30,1,100,,243117,8,0,34 29 30,1,100,,243120,8,0,34 29 30,1,100,,243123,8,0,34 29 30,1,100,,243126,8,0,34 29 30,1,100,,243129,8,0,34 29 30,1,100,,243131,8,0,34 29 30,1,93,,243132,30,0,57 29 30,1,55,,243133,30,0,57 29 30,1,100,,243134,30,0,57 29 30,1,95,,243135,30,0,57 29 30,1,102,,243136,30,0,57 29 30,1,100,,243137,30,0,57 29 30,1
2100,'20261102',420,,243138,30,,,1,37,,243139,30,,,1,65,,243140,30,,,1,391,,243144,6,0,5 29 30,1,100,,243150,6,0,5 29 30,1,100,,243156,6,0,16 29 30,1,95,,243160,6,0,16 29 30,1,45,,243164,6,0,16 29 30,1,150,,243167,6,0,16 29 30,1,97,,243169,6,0,16 29 30,1,55,,243172,6,0,16 29 30,1,145,,243174,30,,,1,105,,243175,30,,,1,53,,243176,30,,,1,100,,243177,30,,,1,99,,243178,30,,,1,101,,243179,30,,,1,97,,243180,30,,,1,100,,243181,30,,,1,104,,243182,30,,,1
2100,'20261103',420,,243183,30,,,1,37,,243184,30,,,1,65,,243185,30,,,1,391,,243189,6,0,5 29 30,1,100,,243195,6,0,5 29 30,1,100,,243201,6,0,16 29 30,1,95,,243205,6,0,16 29 30,1,45,,243209,6,0,16 29 30,1,150,,243212,6,0,16 29 30,1,97,,243214,6,0,16 29 30,1,55,,243217,6,0,16 29 30,1,145,,243219,30,,,1,105,,243220,30,,,1,53,,243221,30,,,1,100,,243222,30,,,1,99,,243223,30,,,1,101,,243224,30,,,1,97,,243225,30,,,1,100,,243226,30,,,1,104,,243227,30,,,1
2100,'20261104',420,,243228,30,,,1,37,,243229,30,,,1,65,,243230,30,,,1,391,,243234,6,0,5 29 30,1,100,,243240,6,0,5 29 30,1,100,,243246,6,0,16 29 30,1,95,,243250,6,0,16 29 30,1,45,,243254,6,0,16 29 30,1,150,,243257,6,0,16 29 30,1,97,,243259,6,0,16 29 30,1,55,,243262,6,0,16 29 30,1,145,,243264,30,,,1,105,,243265,30,,,1,53,,243266,30,,,1,100,,243267,30,,,1,99,,243268,30,,,1,101,,243269,30,,,1,97,,243270,30,,,1,100,,243271,30,,,1,104,,243272,30,,,1
2100,'20261105',420,,243273,30,,,1,37,,243274,30,,,1,65,,243275,30,,,1,391,,243279,6,0,5 29 30,1,100,,243285,6,0,5 29 30,1,100,,243291,6,0,16 29 30,1,95,,243295,6,0,16 29 30,1,45,,243299,6,0,16 29 30,1,150,,243302,6,0,16 29 30,1,97,,243304,6,0,16 29 30,1,55,,243307,6,0,16 29 30,1,145,,243309,30,,,1,105,,243310,30,,,1,53,,243311,30,,,1,100,,243312,30,,,1,99,,243313,30,,,1,101,,243314,30,,,1,97,,243315,30,,,1,100,,243316,30,,,1,104,,243317,30,,,1
2100,'20261106',420,,243318,30,,,1,37,,243319,30,,,1,65,,243320,30,,,1,391,,243324,6,0,5 29 30,1,100,,243330,6,0,5 29 30,1,100,,243336,6,0,16 29 30,1,95,,243340,6,0,16 29 30,1,45,,243344,6,0,16 29 30,1,150,,243347,6,0,16 29 30,1,97,,243349,6,0,16 29 30,1,55,,243352,6,0,16 29 30,1,145,,243354,30,,,1,105,,243355,30,,,1,53,,243356,30,,,1,100,,243357,30,,,1,99,,243358,30,,,1,101,,243359,30,,,1,97,,243360,30,,,1,100,,243361,30,,,1,104,,243362,30,,,1
2100,'20261107',521,,243363,30,0,57 29 30,1,100,,243364,30,0,57 29 30,1,36,,243365,30,0,57 29 30,1,150,,243368,8,0,34 29 30,1,100,,243372,8,0,34 29 30,1,100,,243376,8,0,34 29 30,1,100,,243380,8,0,34 29 30,1,100,,243383,8,0,34 29 30,1,100,,243386,8,0,34 29 30,1,100,,243389,8,0,34 29 30,1,100,,243392,8,0,34 29 30,1,100,,243395,8,0,34 29 30,1,100,,243398,8,0,34 29 30,1,100,,243401,8,0,34 29 30,1,100,,243403,8,0,34 29 30,1,93,,243405,30,0,57 29 30,1,55,,243406,30,0,57 29 30,1,100,,243407,30,0,57 29 30,1,95,,243408,30,0,57 29 30,1,102,,243409,30,0,57 29 30,1,100,,243410,30,0,57 29 30,1
2100,'20261108',521,,243411,30,0,57 29 30,1,100,,243412,30,0,57 29 30,1,36,,243413,30,0,57 29 30,1,150,,243415,8,0,34 29 30,1,100,,243418,8,0,34 29 30,1,100,,243421,8,0,34 29 30,1,100,,243424,8,0,34 29 30,1,100,,243427,8,0,34 29 30,1,100,,243430,8,0,34 29 30,1,100,,243433,8,0,34 29 30,1,100,,243436,8,0,34 29 30,1,100,,243439,8,0,34 29 30,1,100,,243442,8,0,34 29 30,1,100,,243445,8,0,34 29 30,1,100,,243447,8,0,34 29 30,1,93,,243448,30,0,57 29 30,1,55,,243449,30,0,57 29 30,1,100,,243450,30,0,57 29 30,1,95,,243451,30,0,57 29 30,1,102,,243452,30,0,57 29 30,1,100,,243453,30,0,57 29 30,1
2100,'20261109',420,,243454,30,,,1,37,,243455,30,,,1,65,,243456,30,,,1,391,,243460,6,0,5 29 30,1,100,,243466,6,0,5 29 30,1,100,,243472,6,0,16 29 30,1,95,,243476,6,0,16 29 30,1,45,,243480,6,0,16 29 30,1,150,,243483,6,0,16 29 30,1,97,,243485,6,0,16 29 30,1,55,,243488,6,0,16 29 30,1,145,,243490,30,,,1,105,,243491,30,,,1,53,,243492,30,,,1,100,,243493,30,,,1,99,,243494,30,,,1,101,,243495,30,,,1,97,,243496,30,,,1,100,,243497,30,,,1,104,,243498,30,,,1
2100,'20261110',420,,243499,30,,,1,37,,243500,30,,,1,65,,243501,30,,,1,391,,243505,6,0,5 29 30,1,100,,243511,6,0,5 29 30,1,100,,243517,6,0,16 29 30,1,95,,243521,6,0,16 29 30,1,45,,243525,6,0,16 29 30,1,150,,243528,6,0,16 29 30,1,97,,243530,6,0,16 29 30,1,55,,243533,6,0,16 29 30,1,145,,243535,30,,,1,105,,243536,30,,,1,53,,243537,30,,,1,100,,243538,30,,,1,99,,243539,30,,,1,101,,243540,30,,,1,97,,243541,30,,,1,100,,243542,30,,,1,104,,243543,30,,,1
2100,'20261111',420,,243544,30,,,1,37,,243545,30,,,1,65,,243546,30,,,1,391,,243550,6,0,5 29 30,1,100,,243556,6,0,5 29 30,1,100,,243562,6,0,16 29 30,1,95,,243566,6,0,16 29 30,1,45,,243570,6,0,16 29 30,1,150,,243573,6,0,16 29 30,1,97,,243575,6,0,16 29 30,1,55,,243578,6,0,16 29 30,1,145,,243580,30,,,1,105,,243581,30,,,1,53,,243582,30,,,1,100,,243583,30,,,1,99,,243584,30,,,1,101,,243585,30,,,1,97,,243586,30,,,1,100,,243587,30,,,1,104,,243588,30,,,1
2100,'20261112',420,,243589,30,,,1,37,,243590,30,,,1,65,,243591,30,,,1,391,,243595,6,0,5 29 30,1,100,,243601,6,0,5 29 30,1,100,,243607,6,0,16 29 30,1,95,,243611,6,0,16 29 30,1,45,,243615,6,0,16 29 30,1,150,,243618,6,0,16 29 30,1,97,,243620,6,0,16 29 30,1,55,,243623,6,0,16 29 30,1,145,,243625,30,,,1,105,,243626,30,,,1,53,,243627,30,,,1,100,,243628,30,,,1,99,,243629,30,,,1,101,,243630,30,,,1,97,,243631,30,,,1,100,,243632,30,,,1,104,,243633,30,,,1
2100,'20261113',420,,243634,30,,,1,37,,243635,30,,,1,65,,243636,30,,,1,391,,243640,6,0,5 29 30,1,100,,243646,6,0,5 29 30,1,100,,243652,6,0,16 29 30,1,95,,243656,6,0,16 29 30,1,45,,243660,6,0,16 29 30,1,150,,243663,6,0,16 29 30,1,97,,243665,6,0,16 29 30,1,55,,243668,6,0,16 29 30,1,145,,243670,30,,,1,105,,243671,30,,,1,53,,243672,30,,,1,100,,243673,30,,,1,99,,243674,30,,,1,101,,243675,30,,,1,97,,243676,30,,,1,100,,243677,30,,,1,104,,243678,30,,,1
2100,'20261114',521,,243679,30,0,57 29 30,1,100,,243680,30,0,57 29 30,1,36,,243681,30,0,57 29 30,1,150,,243684,8,0,34 29 30,1,100,,243688,8,0,34 29 30,1,100,,243692,8,0,34 29 30,1,100,,243696,8,0,34 29 30,1,100,,243699,8,0,34 29 30,1,100,,243702,8,0,34 29 30,1,100,,243705,8,0,34 29 30,1,100,,243708,8,0,34 29 30,1,100,,243711,8,0,34 29 30,1,100,,243714,8,0,34 29 30,1,100,,243717,8,0,34 29 30,1,100,,243719,8,0,34 29 30,1,93,,243721,30,0,57 29 30,1,55,,243722,30,0,57 29 30,1,100,,243723,30,0,57 29 30,1,95,,243724,30,0,57 29 30,1,102,,243725,30,0,57 29 30,1,100,,243726,30,0,57 29 30,1
2100,'20261115',521,,243727,30,0,57 29 30,1,100,,243728,30,0,57 29 30,1,36,,243729,30,0,57 29 30,1,150,,243731,8,0,34 29 30,1,100,,243734,8,0,34 29 30,1,100,,243737,8,0,34 29 30,1,100,,243740,8,0,34 29 30,1,100,,243743,8,0,34 29 30,1,100,,243746,8,0,34 29 30,1,100,,243749,8,0,34 29 30,1,100,,243752,8,0,34 29 30,1,100,,243755,8,0,34 29 30,1,100,,243758,8,0,34 29 30,1,100,,243761,8,0,34 29 30,1,100,,243763,8,0,34 29 30,1,93,,243764,30,0,57 29 30,1,55,,243765,30,0,57 29 30,1,100,,243766,30,0,57 29 30,1,95,,243767,30,0,57 29 30,1,102,,243768,30,0,57 29 30,1,100,,243769,30,0,57 29 30,1
2100,'20261116',420,,243770,30,,,1,37,,243771,30,,,1,65,,243772,30,,,1,391,,243776,6,0,5 29 30,1,100,,243782,6,0,5 29 30,1,100,,243788,6,0,16 29 30,1,95,,243792,6,0,16 29 30,1,45,,243796,6,0,16 29 30,1,150,,243799,6,0,16 29 30,1,97,,243801,6,0,16 29 30,1,55,,243804,6,0,16 29 30,1,145,,243806,30,,,1,105,,243807,30,,,1,53,,243808,30,,,1,100,,243809,30,,,1,99,,243810,30,,,1,101,,243811,30,,,1,97,,243812,30,,,1,100,,243813,30,,,1,104,,243814,30,,,1
2100,'20261117',420,,243815,30,,,1,37,,243816,30,,,1,65,,243817,30,,,1,391,,243821,6,0,5 29 30,1,100,,243827,6,0,5 29 30,1,100,,243833,6,0,16 29 30,1,95,,243837,6,0,16 29 30,1,45,,243841,6,0,16 29 30,1,150,,243844,6,0,16 29 30,1,97,,243846,6,0,16 29 30,1,55,,243849,6,0,16 29 30,1,145,,243851,30,,,1,105,,243852,30,,,1,53,,243853,30,,,1,100,,243854,30,,,1,99,,243855,30,,,1,101,,243856,30,,,1,97,,243857,30,,,1,100,,243858,30,,,1,104,,243859,30,,,1
2100,'20261118',420,,243860,30,,,1,37,,243861,30,,,1,65,,243862,30,,,1,391,,243866,6,0,5 29 30,1,100,,243872,6,0,5 29 30,1,100,,243878,6,0,16 29 30,1,95,,243882,6,0,16 29 30,1,45,,243886,6,0,16 29 30,1,150,,243889,6,0,16 29 30,1,97,,243891,6,0,16 29 30,1,55,,243894,6,0,16 29 30,1,145,,243896,30,,,1,105,,243897,30,,,1,53,,243898,30,,,1,100,,243899,30,,,1,99,,243900,30,,,1,101,,243901,30,,,1,97,,243902,30,,,1,100,,243903,30,,,1,104,,243904,30,,,1
2100,'20261119',420,,243905,30,,,1,37,,243906,30,,,1,65,,243907,30,,,1,391,,243911,6,0,5 29 30,1,100,,243917,6,0,5 29 30,1,100,,243923,6,0,16 29 30,1,95,,243927,6,0,16 29 30,1,45,,243931,6,0,16 29 30,1,150,,243934,6,0,16 29 30,1,97,,243936,6,0,16 29 30,1,55,,243939,6,0,16 29 30,1,145,,243941,30,,,1,105,,243942,30,,,1,53,,243943,30,,,1,100,,243944,30,,,1,99,,243945,30,,,1,101,,243946,30,,,1,97,,243947,30,,,1,100,,243948,30,,,1,104,,243949,30,,,1
2100,'20261120',420,,243950,30,,,1,37,,243951,30,,,1,65,,243952,30,,,1,391,,243956,6,0,5 29 30,1,100,,243962,6,0,5 29 30,1,100,,243968,6,0,16 29 30,1,95,,243972,6,0,16 29 30,1,45,,243976,6,0,16 29 30,1,150,,243979,6,0,16 29 30,1,97,,243981,6,0,16 29 30,1,55,,243984,6,0,16 29 30,1,145,,243986,30,,,1,105,,243987,30,,,1,53,,243988,30,,,1,100,,243989,30,,,1,99,,243990,30,,,1,101,,243991,30,,,1,97,,243992,30,,,1,100,,243993,30,,,1,104,,243994,30,,,1
2100,'20261121',521,,243995,30,0,57 29 30,1,100,,243996,30,0,57 29 30,1,36,,243997,30,0,57 29 30,1,150,,244000,8,0,34 29 30,1,100,,244004,8,0,34 29 30,1,100,,244008,8,0,34 29 30,1,100,,244012,8,0,34 29 30,1,100,,244015,8,0,34 29 30,1,100,,244018,8,0,34 29 30,1,100,,244021,8,0,34 29 30,1,100,,244024,8,0,34 29 30,1,100,,244027,8,0,34 29 30,1,100,,244030,8,0,34 29 30,1,100,,244033,8,0,34 29 30,1,100,,244035,8,0,34 29 30,1,93,,244037,30,0,57 29 30,1,55,,244038,30,0,57 29 30,1,100,,244039,30,0,57 29 30,1,95,,244040,30,0,57 29 30,1,102,,244041,30,0,57 29 30,1,100,,244042,30,0,57 29 30,1
2100,'20261122',521,,244043,30,0,57 29 30,1,100,,244044,30,0,57 29 30,1,36,,244045,30,0,57 29 30,1,150,,244047,8,0,34 29 30,1,100,,244050,8,0,34 29 30,1,100,,244053,8,0,34 29 30,1,100,,244056,8,0,34 29 30,1,100,,244059,8,0,34 29 30,1,100,,244062,8,0,34 29 30,1,100,,244065,8,0,34 29 30,1,100,,244068,8,0,34 29 30,1,100,,244071,8,0,34 29 30,1,100,,244074,8,0,34 29 30,1,100,,244077,8,0,34 29 30,1,100,,244079,8,0,34 29 30,1,93,,244080,30,0,57 29 30,1,55,,244081,30,0,57 29 30,1,100,,244082,30,0,57 29 30,1,95,,244083,30,0,57 29 30,1,102,,244084,30,0,57 29 30,1,100,,244085,30,0,57 29 30,1
2100,'20261123',420,,244086,30,,,1,37,,244087,30,,,1,65,,244088,30,,,1,391,,244092,6,0,5 29 30,1,100,,244098,6,0,5 29 30,1,100,,244104,6,0,16 29 30,1,95,,244108,6,0,16 29 30,1,45,,244112,6,0,16 29 30,1,150,,244115,6,0,16 29 30,1,97,,244117,6,0,16 29 30,1,55,,244120,6,0,16 29 30,1,145,,244122,30,,,1,105,,244123,30,,,1,53,,244124,30,,,1,100,,244125,30,,,1,99,,244126,30,,,1,101,,244127,30,,,1,97,,244128,30,,,1,100,,244129,30,,,1,104,,244130,30,,,1
2100,'20261124',420,,244131,30,,,1,37,,244132,30,,,1,65,,244133,30,,,1,391,,244137,6,0,5 29 30,1,100,,244143,6,0,5 29 30,1,100,,244149,6,0,16 29 30,1,95,,244153,6,0,16 29 30,1,45,,244157,6,0,16 29 30,1,150,,244160,6,0,16 29 30,1,97,,244162,6,0,16 29 30,1,55,,244165,6,0,16 29 30,1,145,,244167,30,,,1,105,,244168,30,,,1,53,,244169,30,,,1,100,,244170,30,,,1,99,,244171,30,,,1,101,,244172,30,,,1,97,,244173,30,,,1,100,,244174,30,,,1,104,,244175,30,,,1
2100,'20261125',420,,244176,30,,,1,37,,244177,30,,,1,65,,244178,30,,,1,391,,244182,6,0,5 29 30,1,100,,244188,6,0,5 29 30,1,100,,244194,6,0,16 29 30,1,95,,244198,6,0,16 29 30,1,45,,244202,6,0,16 29 30,1,150,,244205,6,0,16 29 30,1,97,,244207,6,0,16 29 30,1,55,,244210,6,0,16 29 30,1,145,,244212,30,,,1,105,,244213,30,,,1,53,,244214,30,,,1,100,,244215,30,,,1,99,,244216,30,,,1,101,,244217,30,,,1,97,,244218,30,,,1,100,,244219,30,,,1,104,,244220,30,,,1
2100,'20261126',420,,244221,30,,,1,37,,244222,30,,,1,65,,244223,30,,,1,391,,244227,6,0,5 29 30,1,100,,244233,6,0,5 29 30,1,100,,244239,6,0,16 29 30,1,95,,244243,6,0,16 29 30,1,45,,244247,6,0,16 29 30,1,150,,244250,6,0,16 29 30,1,97,,244252,6,0,16 29 30,1,55,,244255,6,0,16 29 30,1,145,,244257,30,,,1,105,,244258,30,,,1,53,,244259,30,,,1,100,,244260,30,,,1,99,,244261,30,,,1,101,,244262,30,,,1,97,,244263,30,,,1,100,,244264,30,,,1,104,,244265,30,,,1
2100,'20261127',420,,244266,30,,,1,37,,244267,30,,,1,65,,244268,30,,,1,391,,244272,6,0,5 29 30,1,100,,244278,6,0,5 29 30,1,100,,244284,6,0,16 29 30,1,95,,244288,6,0,16 29 30,1,45,,244292,6,0,16 29 30,1,150,,244295,6,0,16 29 30,1,97,,244297,6,0,16 29 30,1,55,,244300,6,0,16 29 30,1,145,,244302,30,,,1,105,,244303,30,,,1,53,,244304,30,,,1,100,,244305,30,,,1,99,,244306,30,,,1,101,,244307,30,,,1,97,,244308,30,,,1,100,,244309,30,,,1,104,,244310,30,,,1
