3201,'20260831',1659,,168176,10,0,5 18,1,141,,168180,10,0,5 18,1
3201,'20260901',1659,,168194,10,0,5 18,1,141,,168198,10,0,5 18,1
3201,'20260902',1659,,168212,10,0,5 18,1,141,,168216,10,0,5 18,1
3201,'20260903',1659,,168230,10,0,5 18,1,141,,168234,10,0,5 18,1
3201,'20260904',1659,,168248,10,0,5 18,1,141,,168252,10,0,5 18,1
3201,'20260908',1659,,269726,10,0,5 18,1,141,,269730,10,0,5 18,1
3201,'20260909',1659,,269744,10,0,5 18,1,141,,269748,10,0,5 18,1
3201,'20260910',1659,,269762,10,0,5 18,1,141,,269766,10,0,5 18,1
3201,'20260911',1659,,269780,10,0,5 18,1,141,,269784,10,0,5 18,1
3201,'20260914',1659,,269798,10,0,5 18,1,141,,269802,10,0,5 18,1
3201,'20260915',1659,,269816,10,0,5 18,1,141,,269820,10,0,5 18,1
3201,'20260916',1659,,269834,10,0,5 18,1,141,,269838,10,0,5 18,1
3201,'20260917',1659,,269852,10,0,5 18,1,141,,269856,10,0,5 18,1
3201,'20260918',1659,,269870,10,0,5 18,1,141,,269874,10,0,5 18,1
3201,'20260921',1659,,269888,10,0,5 18,1,141,,269892,10,0,5 18,1
3201,'20260922',1659,,269906,10,0,5 18,1,141,,269910,10,0,5 18,1
3201,'20260923',1659,,269924,10,0,5 18,1,141,,269928,10,0,5 18,1
3201,'20260924',1659,,269942,10,0,5 18,1,141,,269946,10,0,5 18,1
3201,'20260925',1659,,269960,10,0,5 18,1,141,,269964,10,0,5 18,1
3201,'20260928',1659,,269978,10,0,5 18,1,141,,269982,10,0,5 18,1
3201,'20260929',1659,,269996,10,0,5 18,1,141,,270000,10,0,5 18,1
3201,'20260930',1659,,270014,10,0,5 18,1,141,,270018,10,0,5 18,1
3201,'20261001',1659,,270032,10,0,5 18,1,141,,270036,10,0,5 18,1
3201,'20261002',1659,,270050,10,0,5 18,1,141,,270054,10,0,5 18,1
3201,'20261005',1659,,270068,10,0,5 18,1,141,,270072,10,0,5 18,1
3201,'20261006',1659,,270086,10,0,5 18,1,141,,270090,10,0,5 18,1
3201,'20261007',1659,,270104,10,0,5 18,1,141,,270108,10,0,5 18,1
3201,'20261008',1659,,270122,10,0,5 18,1,141,,270126,10,0,5 18,1
3201,'20261009',1659,,270140,10,0,5 18,1,141,,270144,10,0,5 18,1
3201,'20261013',1659,,270158,10,0,5 18,1,141,,270162,10,0,5 18,1
3201,'20261014',1659,,270176,10,0,5 18,1,141,,270180,10,0,5 18,1
3201,'20261015',1659,,270194,10,0,5 18,1,141,,270198,10,0,5 18,1
3201,'20261016',1659,,270212,10,0,5 18,1,141,,270216,10,0,5 18,1
3201,'20261019',1659,,270230,10,0,5 18,1,141,,270234,10,0,5 18,1
3201,'20261020',1659,,270248,10,0,5 18,1,141,,270252,10,0,5 18,1
3201,'20261021',1659,,270266,10,0,5 18,1,141,,270270,10,0,5 18,1
3201,'20261022',1659,,270284,10,0,5 18,1,141,,270288,10,0,5 18,1
3201,'20261023',1659,,270302,10,0,5 18,1,141,,270306,10,0,5 18,1
3201,'20261026',1659,,270320,10,0,5 18,1,141,,270324,10,0,5 18,1
3201,'20261027',1659,,270338,10,0,5 18,1,141,,270342,10,0,5 18,1
3201,'20261028',1659,,270356,10,0,5 18,1,141,,270360,10,0,5 18,1
3201,'20261029',1659,,270374,10,0,5 18,1,141,,270378,10,0,5 18,1
3201,'20261030',1659,,270392,10,0,5 18,1,141,,270396,10,0,5 18,1
3201,'20261102',1659,,270410,10,0,5 18,1,141,,270414,10,0,5 18,1
3201,'20261103',1659,,270428,10,0,5 18,1,141,,270432,10,0,5 18,1
3201,'20261104',1659,,270446,10,0,5 18,1,141,,270450,10,0,5 18,1
3201,'20261105',1659,,270464,10,0,5 18,1,141,,270468,10,0,5 18,1
3201,'20261106',1659,,270482,10,0,5 18,1,141,,270486,10,0,5 18,1
3201,'20261109',1659,,270500,10,0,5 18,1,141,,270504,10,0,5 18,1
3201,'20261110',1659,,270518,10,0,5 18,1,141,,270522,10,0,5 18,1
3201,'20261111',1659,,270536,10,0,5 18,1,141,,270540,10,0,5 18,1
3201,'20261112',1659,,270554,10,0,5 18,1,141,,270558,10,0,5 18,1
3201,'20261113',1659,,270572,10,0,5 18,1,141,,270576,10,0,5 18,1
3201,'20261116',1659,,270590,10,0,5 18,1,141,,270594,10,0,5 18,1
3201,'20261117',1659,,270608,10,0,5 18,1,141,,270612,10,0,5 18,1
3201,'20261118',1659,,270626,10,0,5 18,1,141,,270630,10,0,5 18,1
3201,'20261119',1659,,270644,10,0,5 18,1,141,,270648,10,0,5 18,1
3201,'20261120',1659,,270662,10,0,5 18,1,141,,270666,10,0,5 18,1
3201,'20261123',1659,,270680,10,0,5 18,1,141,,270684,10,0,5 18,1
3201,'20261124',1659,,270698,10,0,5 18,1,141,,270702,10,0,5 18,1
3201,'20261125',1659,,270716,10,0,5 18,1,141,,270720,10,0,5 18,1
3201,'20261126',1659,,270734,10,0,5 18,1,141,,270738,10,0,5 18,1
3201,'20261127',1659,,270752,10,0,5 18,1,141,,270756,10,0,5 18,1
3601,'20260831',633,,175648,6,0,5 18,1,105,,175649,6,0,5 18,1,100,,175650,6,0,5 18,1,200,,175651,6,0,5 18,1,200,,175652,6,0,5 18,1,200,,175653,6,0,5 18,1,108,,175654,6,0,5 18,1,105,,175655,6,0,5 18,1,100,,175656,6,0,5 18,1,95,,175657,6,0,5 18,1,97,,175658,6,0,5 18,1,95,,175659,6,0,5 18,1,100,,175660,6,0,5 18,1,195,,175661,6,0,5 18,1,200,,175662,6,0,5 18,1
3601,'20260901',633,,175663,6,0,5 18,1,105,,175664,6,0,5 18,1,100,,175665,6,0,5 18,1,200,,175666,6,0,5 18,1,200,,175667,6,0,5 18,1,200,,175668,6,0,5 18,1,108,,175669,6,0,5 18,1,105,,175670,6,0,5 18,1,100,,175671,6,0,5 18,1,95,,175672,6,0,5 18,1,97,,175673,6,0,5 18,1,95,,175674,6,0,5 18,1,100,,175675,6,0,5 18,1,195,,175676,6,0,5 18,1,200,,175677,6,0,5 18,1
3601,'20260902',633,,175678,6,0,5 18,1,105,,175679,6,0,5 18,1,100,,175680,6,0,5 18,1,200,,175681,6,0,5 18,1,200,,175682,6,0,5 18,1,200,,175683,6,0,5 18,1,108,,175684,6,0,5 18,1,105,,175685,6,0,5 18,1,100,,175686,6,0,5 18,1,95,,175687,6,0,5 18,1,97,,175688,6,0,5 18,1,95,,175689,6,0,5 18,1,100,,175690,6,0,5 18,1,195,,175691,6,0,5 18,1,200,,175692,6,0,5 18,1
3601,'20260903',633,,175693,6,0,5 18,1,105,,175694,6,0,5 18,1,100,,175695,6,0,5 18,1,200,,175696,6,0,5 18,1,200,,175697,6,0,5 18,1,200,,175698,6,0,5 18,1,108,,175699,6,0,5 18,1,105,,175700,6,0,5 18,1,100,,175701,6,0,5 18,1,95,,175702,6,0,5 18,1,97,,175703,6,0,5 18,1,95,,175704,6,0,5 18,1,100,,175705,6,0,5 18,1,195,,175706,6,0,5 18,1,200,,175707,6,0,5 18,1
3601,'20260904',633,,175708,6,0,5 18,1,105,,175709,6,0,5 18,1,100,,175710,6,0,5 18,1,200,,175711,6,0,5 18,1,200,,175712,6,0,5 18,1,200,,175713,6,0,5 18,1,108,,175714,6,0,5 18,1,105,,175715,6,0,5 18,1,100,,175716,6,0,5 18,1,95,,175717,6,0,5 18,1,97,,175718,6,0,5 18,1,95,,175719,6,0,5 18,1,100,,175720,6,0,5 18,1,195,,175721,6,0,5 18,1,200,,175722,6,0,5 18,1
3601,'20260905',748,,277441,6,0,5 18,1,70,,277442,6,0,5 18,1,30,,277443,6,0,5 18,1,105,,277444,6,0,5 18,1,100,,277445,6,0,5 18,1,100,,277446,6,0,5 18,1,148,,277447,6,0,5 18,1,100,,277448,6,0,5 18,1,105,,277449,6,0,5 18,1,100,,277450,6,0,5 18,1,30,,277451,6,0,5 18,1,70,,277452,6,0,5 18,1,30,,277453,6,0,5 18,1,70,,277454,6,0,5 18,1,30,,277455,6,0,5 18,1,70,,277456,6,0,5 18,1,30,,277457,6,0,5 18,1,67,,277458,6,0,5 18,1,55,,277459,6,0,5 18,1,100,,277460,6,0,5 18,1,95,,277461,6,0,5 18,1,95,,277462,6,0,5 18,1,200,,277463,6,0,5 18,1
3601,'20260906',748,,277464,6,0,5 18,1,70,,277465,6,0,5 18,1,30,,277466,6,0,5 18,1,105,,277467,6,0,5 18,1,100,,277468,6,0,5 18,1,100,,277469,6,0,5 18,1,148,,277470,6,0,5 18,1,100,,277471,6,0,5 18,1,105,,277472,6,0,5 18,1,100,,277473,6,0,5 18,1,100,,277474,6,0,5 18,1,30,,277475,6,0,5 18,1,70,,277476,6,0,5 18,1,100,,277477,6,0,5 18,1,97,,277478,6,0,5 18,1,55,,277479,6,0,5 18,1,100,,277480,6,0,5 18,1,95,,277481,6,0,5 18,1,95,,277482,6,0,5 18,1,200,,277483,6,0,5 18,1
3601,'20260907',748,,277484,6,0,5 18,1,70,,277485,6,0,5 18,1,30,,277486,6,0,5 18,1,105,,277487,6,0,5 18,1,100,,277488,6,0,5 18,1,100,,277489,6,0,5 18,1,148,,277490,6,0,5 18,1,100,,277491,6,0,5 18,1,105,,277492,6,0,5 18,1,100,,277493,6,0,5 18,1,30,,277494,6,0,5 18,1,70,,277495,6,0,5 18,1,30,,277496,6,0,5 18,1,70,,277497,6,0,5 18,1,30,,277498,6,0,5 18,1,70,,277499,6,0,5 18,1,30,,277500,6,0,5 18,1,67,,277501,6,0,5 18,1,55,,277502,6,0,5 18,1,100,,277503,6,0,5 18,1,95,,277504,6,0,5 18,1,95,,277505,6,0,5 18,1,200,,277506,6,0,5 18,1
3601,'20260908',633,,277507,6,0,5 18,1,110,,277508,6,0,5 18,1,95,,277509,6,0,5 18,1,200,,277510,6,0,5 18,1,200,,277511,6,0,5 18,1,200,,277512,6,0,5 18,1,108,,277513,6,0,5 18,1,105,,277514,6,0,5 18,1,100,,277515,6,0,5 18,1,95,,277516,6,0,5 18,1,97,,277517,6,0,5 18,1,95,,277518,6,0,5 18,1,100,,277519,6,0,5 18,1,195,,277520,6,0,5 18,1,200,,277521,6,0,5 18,1
3601,'20260909',633,,277522,6,0,5 18,1,110,,277523,6,0,5 18,1,95,,277524,6,0,5 18,1,200,,277525,6,0,5 18,1,200,,277526,6,0,5 18,1,200,,277527,6,0,5 18,1,108,,277528,6,0,5 18,1,105,,277529,6,0,5 18,1,100,,277530,6,0,5 18,1,95,,277531,6,0,5 18,1,97,,277532,6,0,5 18,1,95,,277533,6,0,5 18,1,100,,277534,6,0,5 18,1,195,,277535,6,0,5 18,1,200,,277536,6,0,5 18,1
3601,'20260910',633,,277537,6,0,5 18,1,110,,277538,6,0,5 18,1,95,,277539,6,0,5 18,1,200,,277540,6,0,5 18,1,200,,277541,6,0,5 18,1,200,,277542,6,0,5 18,1,108,,277543,6,0,5 18,1,105,,277544,6,0,5 18,1,100,,277545,6,0,5 18,1,95,,277546,6,0,5 18,1,97,,277547,6,0,5 18,1,95,,277548,6,0,5 18,1,100,,277549,6,0,5 18,1,195,,277550,6,0,5 18,1,200,,277551,6,0,5 18,1
3601,'20260911',633,,277552,6,0,5 18,1,110,,277553,6,0,5 18,1,95,,277554,6,0,5 18,1,200,,277555,6,0,5 18,1,200,,277556,6,0,5 18,1,200,,277557,6,0,5 18,1,108,,277558,6,0,5 18,1,105,,277559,6,0,5 18,1,100,,277560,6,0,5 18,1,95,,277561,6,0,5 18,1,97,,277562,6,0,5 18,1,95,,277563,6,0,5 18,1,100,,277564,6,0,5 18,1,195,,277565,6,0,5 18,1,200,,277566,6,0,5 18,1
3601,'20260912',748,,277567,6,0,5 18,1,70,,277568,6,0,5 18,1,30,,277569,6,0,5 18,1,105,,277570,6,0,5 18,1,100,,277571,6,0,5 18,1,100,,277572,6,0,5 18,1,148,,277573,6,0,5 18,1,100,,277574,6,0,5 18,1,105,,277575,6,0,5 18,1,100,,277576,6,0,5 18,1,30,,277577,6,0,5 18,1,70,,277578,6,0,5 18,1,30,,277579,6,0,5 18,1,70,,277580,6,0,5 18,1,30,,277581,6,0,5 18,1,70,,277582,6,0,5 18,1,30,,277583,6,0,5 18,1,67,,277584,6,0,5 18,1,55,,277585,6,0,5 18,1,100,,277586,6,0,5 18,1,95,,277587,6,0,5 18,1,95,,277588,6,0,5 18,1,200,,277589,6,0,5 18,1
3601,'20260913',748,,277590,6,0,5 18,1,70,,277591,6,0,5 18,1,30,,277592,6,0,5 18,1,105,,277593,6,0,5 18,1,100,,277594,6,0,5 18,1,100,,277595,6,0,5 18,1,148,,277596,6,0,5 18,1,100,,277597,6,0,5 18,1,105,,277598,6,0,5 18,1,100,,277599,6,0,5 18,1,100,,277600,6,0,5 18,1,30,,277601,6,0,5 18,1,70,,277602,6,0,5 18,1,100,,277603,6,0,5 18,1,97,,277604,6,0,5 18,1,55,,277605,6,0,5 18,1,100,,277606,6,0,5 18,1,95,,277607,6,0,5 18,1,95,,277608,6,0,5 18,1,200,,277609,6,0,5 18,1
3601,'20260914',633,,277610,6,0,5 18,1,110,,277611,6,0,5 18,1,95,,277612,6,0,5 18,1,200,,277613,6,0,5 18,1,200,,277614,6,0,5 18,1,200,,277615,6,0,5 18,1,108,,277616,6,0,5 18,1,105,,277617,6,0,5 18,1,100,,277618,6,0,5 18,1,95,,277619,6,0,5 18,1,97,,277620,6,0,5 18,1,95,,277621,6,0,5 18,1,100,,277622,6,0,5 18,1,195,,277623,6,0,5 18,1,200,,277624,6,0,5 18,1
3601,'20260915',633,,277625,6,0,5 18,1,110,,277626,6,0,5 18,1,95,,277627,6,0,5 18,1,200,,277628,6,0,5 18,1,200,,277629,6,0,5 18,1,200,,277630,6,0,5 18,1,108,,277631,6,0,5 18,1,105,,277632,6,0,5 18,1,100,,277633,6,0,5 18,1,95,,277634,6,0,5 18,1,97,,277635,6,0,5 18,1,95,,277636,6,0,5 18,1,100,,277637,6,0,5 18,1,195,,277638,6,0,5 18,1,200,,277639,6,0,5 18,1
3601,'20260916',633,,277640,6,0,5 18,1,110,,277641,6,0,5 18,1,95,,277642,6,0,5 18,1,200,,277643,6,0,5 18,1,200,,277644,6,0,5 18,1,200,,277645,6,0,5 18,1,108,,277646,6,0,5 18,1,105,,277647,6,0,5 18,1,100,,277648,6,0,5 18,1,95,,277649,6,0,5 18,1,97,,277650,6,0,5 18,1,95,,277651,6,0,5 18,1,100,,277652,6,0,5 18,1,195,,277653,6,0,5 18,1,200,,277654,6,0,5 18,1
3601,'20260917',633,,277655,6,0,5 18,1,110,,277656,6,0,5 18,1,95,,277657,6,0,5 18,1,200,,277658,6,0,5 18,1,200,,277659,6,0,5 18,1,200,,277660,6,0,5 18,1,108,,277661,6,0,5 18,1,105,,277662,6,0,5 18,1,100,,277663,6,0,5 18,1,95,,277664,6,0,5 18,1,97,,277665,6,0,5 18,1,95,,277666,6,0,5 18,1,100,,277667,6,0,5 18,1,195,,277668,6,0,5 18,1,200,,277669,6,0,5 18,1
3601,'20260918',633,,277670,6,0,5 18,1,110,,277671,6,0,5 18,1,95,,277672,6,0,5 18,1,200,,277673,6,0,5 18,1,200,,277674,6,0,5 18,1,200,,277675,6,0,5 18,1,108,,277676,6,0,5 18,1,105,,277677,6,0,5 18,1,100,,277678,6,0,5 18,1,95,,277679,6,0,5 18,1,97,,277680,6,0,5 18,1,95,,277681,6,0,5 18,1,100,,277682,6,0,5 18,1,195,,277683,6,0,5 18,1,200,,277684,6,0,5 18,1
3601,'20260919',748,,277685,6,0,5 18,1,70,,277686,6,0,5 18,1,30,,277687,6,0,5 18,1,105,,277688,6,0,5 18,1,100,,277689,6,0,5 18,1,100,,277690,6,0,5 18,1,148,,277691,6,0,5 18,1,100,,277692,6,0,5 18,1,105,,277693,6,0,5 18,1,100,,277694,6,0,5 18,1,30,,277695,6,0,5 18,1,70,,277696,6,0,5 18,1,30,,277697,6,0,5 18,1,70,,277698,6,0,5 18,1,30,,277699,6,0,5 18,1,70,,277700,6,0,5 18,1,30,,277701,6,0,5 18,1,67,,277702,6,0,5 18,1,55,,277703,6,0,5 18,1,100,,277704,6,0,5 18,1,95,,277705,6,0,5 18,1,95,,277706,6,0,5 18,1,200,,277707,6,0,5 18,1
3601,'20260920',748,,277708,6,0,5 18,1,70,,277709,6,0,5 18,1,30,,277710,6,0,5 18,1,105,,277711,6,0,5 18,1,100,,277712,6,0,5 18,1,100,,277713,6,0,5 18,1,148,,277714,6,0,5 18,1,100,,277715,6,0,5 18,1,105,,277716,6,0,5 18,1,100,,277717,6,0,5 18,1,100,,277718,6,0,5 18,1,30,,277719,6,0,5 18,1,70,,277720,6,0,5 18,1,100,,277721,6,0,5 18,1,97,,277722,6,0,5 18,1,55,,277723,6,0,5 18,1,100,,277724,6,0,5 18,1,95,,277725,6,0,5 18,1,95,,277726,6,0,5 18,1,200,,277727,6,0,5 18,1
3601,'20260921',633,,277728,6,0,5 18,1,110,,277729,6,0,5 18,1,95,,277730,6,0,5 18,1,200,,277731,6,0,5 18,1,200,,277732,6,0,5 18,1,200,,277733,6,0,5 18,1,108,,277734,6,0,5 18,1,105,,277735,6,0,5 18,1,100,,277736,6,0,5 18,1,95,,277737,6,0,5 18,1,97,,277738,6,0,5 18,1,95,,277739,6,0,5 18,1,100,,277740,6,0,5 18,1,195,,277741,6,0,5 18,1,200,,277742,6,0,5 18,1
3601,'20260922',633,,277743,6,0,5 18,1,110,,277744,6,0,5 18,1,95,,277745,6,0,5 18,1,200,,277746,6,0,5 18,1,200,,277747,6,0,5 18,1,200,,277748,6,0,5 18,1,108,,277749,6,0,5 18,1,105,,277750,6,0,5 18,1,100,,277751,6,0,5 18,1,95,,277752,6,0,5 18,1,97,,277753,6,0,5 18,1,95,,277754,6,0,5 18,1,100,,277755,6,0,5 18,1,195,,277756,6,0,5 18,1,200,,277757,6,0,5 18,1
3601,'20260923',633,,277758,6,0,5 18,1,110,,277759,6,0,5 18,1,95,,277760,6,0,5 18,1,200,,277761,6,0,5 18,1,200,,277762,6,0,5 18,1,200,,277763,6,0,5 18,1,108,,277764,6,0,5 18,1,105,,277765,6,0,5 18,1,100,,277766,6,0,5 18,1,95,,277767,6,0,5 18,1,97,,277768,6,0,5 18,1,95,,277769,6,0,5 18,1,100,,277770,6,0,5 18,1,195,,277771,6,0,5 18,1,200,,277772,6,0,5 18,1
3601,'20260924',633,,277773,6,0,5 18,1,110,,277774,6,0,5 18,1,95,,277775,6,0,5 18,1,200,,277776,6,0,5 18,1,200,,277777,6,0,5 18,1,200,,277778,6,0,5 18,1,108,,277779,6,0,5 18,1,105,,277780,6,0,5 18,1,100,,277781,6,0,5 18,1,95,,277782,6,0,5 18,1,97,,277783,6,0,5 18,1,95,,277784,6,0,5 18,1,100,,277785,6,0,5 18,1,195,,277786,6,0,5 18,1,200,,277787,6,0,5 18,1
3601,'20260925',633,,277788,6,0,5 18,1,110,,277789,6,0,5 18,1,95,,277790,6,0,5 18,1,200,,277791,6,0,5 18,1,200,,277792,6,0,5 18,1,200,,277793,6,0,5 18,1,108,,277794,6,0,5 18,1,105,,277795,6,0,5 18,1,100,,277796,6,0,5 18,1,95,,277797,6,0,5 18,1,97,,277798,6,0,5 18,1,95,,277799,6,0,5 18,1,100,,277800,6,0,5 18,1,195,,277801,6,0,5 18,1,200,,277802,6,0,5 18,1
3601,'20260926',748,,277803,6,0,5 18,1,70,,277804,6,0,5 18,1,30,,277805,6,0,5 18,1,105,,277806,6,0,5 18,1,100,,277807,6,0,5 18,1,100,,277808,6,0,5 18,1,148,,277809,6,0,5 18,1,100,,277810,6,0,5 18,1,105,,277811,6,0,5 18,1,100,,277812,6,0,5 18,1,30,,277813,6,0,5 18,1,70,,277814,6,0,5 18,1,30,,277815,6,0,5 18,1,70,,277816,6,0,5 18,1,30,,277817,6,0,5 18,1,70,,277818,6,0,5 18,1,30,,277819,6,0,5 18,1,67,,277820,6,0,5 18,1,55,,277821,6,0,5 18,1,100,,277822,6,0,5 18,1,95,,277823,6,0,5 18,1,95,,277824,6,0,5 18,1,200,,277825,6,0,5 18,1
3601,'20260927',748,,277826,6,0,5 18,1,70,,277827,6,0,5 18,1,30,,277828,6,0,5 18,1,105,,277829,6,0,5 18,1,100,,277830,6,0,5 18,1,100,,277831,6,0,5 18,1,148,,277832,6,0,5 18,1,100,,277833,6,0,5 18,1,105,,277834,6,0,5 18,1,100,,277835,6,0,5 18,1,100,,277836,6,0,5 18,1,30,,277837,6,0,5 18,1,70,,277838,6,0,5 18,1,100,,277839,6,0,5 18,1,97,,277840,6,0,5 18,1,55,,277841,6,0,5 18,1,100,,277842,6,0,5 18,1,95,,277843,6,0,5 18,1,95,,277844,6,0,5 18,1,200,,277845,6,0,5 18,1
3601,'20260928',633,,277846,6,0,5 18,1,110,,277847,6,0,5 18,1,95,,277848,6,0,5 18,1,200,,277849,6,0,5 18,1,200,,277850,6,0,5 18,1,200,,277851,6,0,5 18,1,108,,277852,6,0,5 18,1,105,,277853,6,0,5 18,1,100,,277854,6,0,5 18,1,95,,277855,6,0,5 18,1,97,,277856,6,0,5 18,1,95,,277857,6,0,5 18,1,100,,277858,6,0,5 18,1,195,,277859,6,0,5 18,1,200,,277860,6,0,5 18,1
3601,'20260929',633,,277861,6,0,5 18,1,110,,277862,6,0,5 18,1,95,,277863,6,0,5 18,1,200,,277864,6,0,5 18,1,200,,277865,6,0,5 18,1,200,,277866,6,0,5 18,1,108,,277867,6,0,5 18,1,105,,277868,6,0,5 18,1,100,,277869,6,0,5 18,1,95,,277870,6,0,5 18,1,97,,277871,6,0,5 18,1,95,,277872,6,0,5 18,1,100,,277873,6,0,5 18,1,195,,277874,6,0,5 18,1,200,,277875,6,0,5 18,1
3601,'20260930',633,,277876,6,0,5 18,1,110,,277877,6,0,5 18,1,95,,277878,6,0,5 18,1,200,,277879,6,0,5 18,1,200,,277880,6,0,5 18,1,200,,277881,6,0,5 18,1,108,,277882,6,0,5 18,1,105,,277883,6,0,5 18,1,100,,277884,6,0,5 18,1,95,,277885,6,0,5 18,1,97,,277886,6,0,5 18,1,95,,277887,6,0,5 18,1,100,,277888,6,0,5 18,1,195,,277889,6,0,5 18,1,200,,277890,6,0,5 18,1
3601,'20261001',633,,277891,6,0,5 18,1,110,,277892,6,0,5 18,1,95,,277893,6,0,5 18,1,200,,277894,6,0,5 18,1,200,,277895,6,0,5 18,1,200,,277896,6,0,5 18,1,108,,277897,6,0,5 18,1,105,,277898,6,0,5 18,1,100,,277899,6,0,5 18,1,95,,277900,6,0,5 18,1,97,,277901,6,0,5 18,1,95,,277902,6,0,5 18,1,100,,277903,6,0,5 18,1,195,,277904,6,0,5 18,1,200,,277905,6,0,5 18,1
3601,'20261002',633,,277906,6,0,5 18,1,110,,277907,6,0,5 18,1,95,,277908,6,0,5 18,1,200,,277909,6,0,5 18,1,200,,277910,6,0,5 18,1,200,,277911,6,0,5 18,1,108,,277912,6,0,5 18,1,105,,277913,6,0,5 18,1,100,,277914,6,0,5 18,1,95,,277915,6,0,5 18,1,97,,277916,6,0,5 18,1,95,,277917,6,0,5 18,1,100,,277918,6,0,5 18,1,195,,277919,6,0,5 18,1,200,,277920,6,0,5 18,1
3601,'20261003',748,,277921,6,0,5 18,1,70,,277922,6,0,5 18,1,30,,277923,6,0,5 18,1,105,,277924,6,0,5 18,1,100,,277925,6,0,5 18,1,100,,277926,6,0,5 18,1,148,,277927,6,0,5 18,1,100,,277928,6,0,5 18,1,105,,277929,6,0,5 18,1,100,,277930,6,0,5 18,1,30,,277931,6,0,5 18,1,70,,277932,6,0,5 18,1,30,,277933,6,0,5 18,1,70,,277934,6,0,5 18,1,30,,277935,6,0,5 18,1,70,,277936,6,0,5 18,1,30,,277937,6,0,5 18,1,67,,277938,6,0,5 18,1,55,,277939,6,0,5 18,1,100,,277940,6,0,5 18,1,95,,277941,6,0,5 18,1,95,,277942,6,0,5 18,1,200,,277943,6,0,5 18,1
3601,'20261004',748,,277944,6,0,5 18,1,70,,277945,6,0,5 18,1,30,,277946,6,0,5 18,1,105,,277947,6,0,5 18,1,100,,277948,6,0,5 18,1,100,,277949,6,0,5 18,1,148,,277950,6,0,5 18,1,100,,277951,6,0,5 18,1,105,,277952,6,0,5 18,1,100,,277953,6,0,5 18,1,100,,277954,6,0,5 18,1,30,,277955,6,0,5 18,1,70,,277956,6,0,5 18,1,100,,277957,6,0,5 18,1,97,,277958,6,0,5 18,1,55,,277959,6,0,5 18,1,100,,277960,6,0,5 18,1,95,,277961,6,0,5 18,1,95,,277962,6,0,5 18,1,200,,277963,6,0,5 18,1
3601,'20261005',633,,277964,6,0,5 18,1,110,,277965,6,0,5 18,1,95,,277966,6,0,5 18,1,200,,277967,6,0,5 18,1,200,,277968,6,0,5 18,1,200,,277969,6,0,5 18,1,108,,277970,6,0,5 18,1,105,,277971,6,0,5 18,1,100,,277972,6,0,5 18,1,95,,277973,6,0,5 18,1,97,,277974,6,0,5 18,1,95,,277975,6,0,5 18,1,100,,277976,6,0,5 18,1,195,,277977,6,0,5 18,1,200,,277978,6,0,5 18,1
3601,'20261006',633,,277979,6,0,5 18,1,110,,277980,6,0,5 18,1,95,,277981,6,0,5 18,1,200,,277982,6,0,5 18,1,200,,277983,6,0,5 18,1,200,,277984,6,0,5 18,1,108,,277985,6,0,5 18,1,105,,277986,6,0,5 18,1,100,,277987,6,0,5 18,1,95,,277988,6,0,5 18,1,97,,277989,6,0,5 18,1,95,,277990,6,0,5 18,1,100,,277991,6,0,5 18,1,195,,277992,6,0,5 18,1,200,,277993,6,0,5 18,1
3601,'20261007',633,,277994,6,0,5 18,1,110,,277995,6,0,5 18,1,95,,277996,6,0,5 18,1,200,,277997,6,0,5 18,1,200,,277998,6,0,5 18,1,200,,277999,6,0,5 18,1,108,,278000,6,0,5 18,1,105,,278001,6,0,5 18,1,100,,278002,6,0,5 18,1,95,,278003,6,0,5 18,1,97,,278004,6,0,5 18,1,95,,278005,6,0,5 18,1,100,,278006,6,0,5 18,1,195,,278007,6,0,5 18,1,200,,278008,6,0,5 18,1
3601,'20261008',633,,278009,6,0,5 18,1,110,,278010,6,0,5 18,1,95,,278011,6,0,5 18,1,200,,278012,6,0,5 18,1,200,,278013,6,0,5 18,1,200,,278014,6,0,5 18,1,108,,278015,6,0,5 18,1,105,,278016,6,0,5 18,1,100,,278017,6,0,5 18,1,95,,278018,6,0,5 18,1,97,,278019,6,0,5 18,1,95,,278020,6,0,5 18,1,100,,278021,6,0,5 18,1,195,,278022,6,0,5 18,1,200,,278023,6,0,5 18,1
3601,'20261009',633,,278024,6,0,5 18,1,110,,278025,6,0,5 18,1,95,,278026,6,0,5 18,1,200,,278027,6,0,5 18,1,200,,278028,6,0,5 18,1,200,,278029,6,0,5 18,1,108,,278030,6,0,5 18,1,105,,278031,6,0,5 18,1,100,,278032,6,0,5 18,1,95,,278033,6,0,5 18,1,97,,278034,6,0,5 18,1,95,,278035,6,0,5 18,1,100,,278036,6,0,5 18,1,195,,278037,6,0,5 18,1,200,,278038,6,0,5 18,1
3601,'20261010',748,,278039,6,0,5 18,1,70,,278040,6,0,5 18,1,30,,278041,6,0,5 18,1,105,,278042,6,0,5 18,1,100,,278043,6,0,5 18,1,100,,278044,6,0,5 18,1,148,,278045,6,0,5 18,1,100,,278046,6,0,5 18,1,105,,278047,6,0,5 18,1,100,,278048,6,0,5 18,1,30,,278049,6,0,5 18,1,70,,278050,6,0,5 18,1,30,,278051,6,0,5 18,1,70,,278052,6,0,5 18,1,30,,278053,6,0,5 18,1,70,,278054,6,0,5 18,1,30,,278055,6,0,5 18,1,67,,278056,6,0,5 18,1,55,,278057,6,0,5 18,1,100,,278058,6,0,5 18,1,95,,278059,6,0,5 18,1,95,,278060,6,0,5 18,1,200,,278061,6,0,5 18,1
3601,'20261011',748,,278062,6,0,5 18,1,70,,278063,6,0,5 18,1,30,,278064,6,0,5 18,1,105,,278065,6,0,5 18,1,100,,278066,6,0,5 18,1,100,,278067,6,0,5 18,1,148,,278068,6,0,5 18,1,100,,278069,6,0,5 18,1,105,,278070,6,0,5 18,1,100,,278071,6,0,5 18,1,100,,278072,6,0,5 18,1,30,,278073,6,0,5 18,1,70,,278074,6,0,5 18,1,100,,278075,6,0,5 18,1,97,,278076,6,0,5 18,1,55,,278077,6,0,5 18,1,100,,278078,6,0,5 18,1,95,,278079,6,0,5 18,1,95,,278080,6,0,5 18,1,200,,278081,6,0,5 18,1
3601,'20261012',748,,278082,6,0,5 18,1,70,,278083,6,0,5 18,1,30,,278084,6,0,5 18,1,105,,278085,6,0,5 18,1,100,,278086,6,0,5 18,1,100,,278087,6,0,5 18,1,148,,278088,6,0,5 18,1,100,,278089,6,0,5 18,1,105,,278090,6,0,5 18,1,100,,278091,6,0,5 18,1,30,,278092,6,0,5 18,1,70,,278093,6,0,5 18,1,30,,278094,6,0,5 18,1,70,,278095,6,0,5 18,1,30,,278096,6,0,5 18,1,70,,278097,6,0,5 18,1,30,,278098,6,0,5 18,1,67,,278099,6,0,5 18,1,55,,278100,6,0,5 18,1,100,,278101,6,0,5 18,1,95,,278102,6,0,5 18,1,95,,278103,6,0,5 18,1,200,,278104,6,0,5 18,1
3601,'20261013',633,,278105,6,0,5 18,1,110,,278106,6,0,5 18,1,95,,278107,6,0,5 18,1,200,,278108,6,0,5 18,1,200,,278109,6,0,5 18,1,200,,278110,6,0,5 18,1,108,,278111,6,0,5 18,1,105,,278112,6,0,5 18,1,100,,278113,6,0,5 18,1,95,,278114,6,0,5 18,1,97,,278115,6,0,5 18,1,95,,278116,6,0,5 18,1,100,,278117,6,0,5 18,1,195,,278118,6,0,5 18,1,200,,278119,6,0,5 18,1
3601,'20261014',633,,278120,6,0,5 18,1,110,,278121,6,0,5 18,1,95,,278122,6,0,5 18,1,200,,278123,6,0,5 18,1,200,,278124,6,0,5 18,1,200,,278125,6,0,5 18,1,108,,278126,6,0,5 18,1,105,,278127,6,0,5 18,1,100,,278128,6,0,5 18,1,95,,278129,6,0,5 18,1,97,,278130,6,0,5 18,1,95,,278131,6,0,5 18,1,100,,278132,6,0,5 18,1,195,,278133,6,0,5 18,1,200,,278134,6,0,5 18,1
3601,'20261015',633,,278135,6,0,5 18,1,110,,278136,6,0,5 18,1,95,,278137,6,0,5 18,1,200,,278138,6,0,5 18,1,200,,278139,6,0,5 18,1,200,,278140,6,0,5 18,1,108,,278141,6,0,5 18,1,105,,278142,6,0,5 18,1,100,,278143,6,0,5 18,1,95,,278144,6,0,5 18,1,97,,278145,6,0,5 18,1,95,,278146,6,0,5 18,1,100,,278147,6,0,5 18,1,195,,278148,6,0,5 18,1,200,,278149,6,0,5 18,1
3601,'20261016',633,,278150,6,0,5 18,1,110,,278151,6,0,5 18,1,95,,278152,6,0,5 18,1,200,,278153,6,0,5 18,1,200,,278154,6,0,5 18,1,200,,278155,6,0,5 18,1,108,,278156,6,0,5 18,1,105,,278157,6,0,5 18,1,100,,278158,6,0,5 18,1,95,,278159,6,0,5 18,1,97,,278160,6,0,5 18,1,95,,278161,6,0,5 18,1,100,,278162,6,0,5 18,1,195,,278163,6,0,5 18,1,200,,278164,6,0,5 18,1
3601,'20261017',748,,278165,6,0,5 18,1,70,,278166,6,0,5 18,1,30,,278167,6,0,5 18,1,105,,278168,6,0,5 18,1,100,,278169,6,0,5 18,1,100,,278170,6,0,5 18,1,148,,278171,6,0,5 18,1,100,,278172,6,0,5 18,1,105,,278173,6,0,5 18,1,100,,278174,6,0,5 18,1,30,,278175,6,0,5 18,1,70,,278176,6,0,5 18,1,30,,278177,6,0,5 18,1,70,,278178,6,0,5 18,1,30,,278179,6,0,5 18,1,70,,278180,6,0,5 18,1,30,,278181,6,0,5 18,1,67,,278182,6,0,5 18,1,55,,278183,6,0,5 18,1,100,,278184,6,0,5 18,1,95,,278185,6,0,5 18,1,95,,278186,6,0,5 18,1,200,,278187,6,0,5 18,1
3601,'20261018',748,,278188,6,0,5 18,1,70,,278189,6,0,5 18,1,30,,278190,6,0,5 18,1,105,,278191,6,0,5 18,1,100,,278192,6,0,5 18,1,100,,278193,6,0,5 18,1,148,,278194,6,0,5 18,1,100,,278195,6,0,5 18,1,105,,278196,6,0,5 18,1,100,,278197,6,0,5 18,1,100,,278198,6,0,5 18,1,30,,278199,6,0,5 18,1,70,,278200,6,0,5 18,1,100,,278201,6,0,5 18,1,97,,278202,6,0,5 18,1,55,,278203,6,0,5 18,1,100,,278204,6,0,5 18,1,95,,278205,6,0,5 18,1,95,,278206,6,0,5 18,1,200,,278207,6,0,5 18,1
3601,'20261019',633,,278208,6,0,5 18,1,110,,278209,6,0,5 18,1,95,,278210,6,0,5 18,1,200,,278211,6,0,5 18,1,200,,278212,6,0,5 18,1,200,,278213,6,0,5 18,1,108,,278214,6,0,5 18,1,105,,278215,6,0,5 18,1,100,,278216,6,0,5 18,1,95,,278217,6,0,5 18,1,97,,278218,6,0,5 18,1,95,,278219,6,0,5 18,1,100,,278220,6,0,5 18,1,195,,278221,6,0,5 18,1,200,,278222,6,0,5 18,1
3601,'20261020',633,,278223,6,0,5 18,1,110,,278224,6,0,5 18,1,95,,278225,6,0,5 18,1,200,,278226,6,0,5 18,1,200,,278227,6,0,5 18,1,200,,278228,6,0,5 18,1,108,,278229,6,0,5 18,1,105,,278230,6,0,5 18,1,100,,278231,6,0,5 18,1,95,,278232,6,0,5 18,1,97,,278233,6,0,5 18,1,95,,278234,6,0,5 18,1,100,,278235,6,0,5 18,1,195,,278236,6,0,5 18,1,200,,278237,6,0,5 18,1
3601,'20261021',633,,278238,6,0,5 18,1,110,,278239,6,0,5 18,1,95,,278240,6,0,5 18,1,200,,278241,6,0,5 18,1,200,,278242,6,0,5 18,1,200,,278243,6,0,5 18,1,108,,278244,6,0,5 18,1,105,,278245,6,0,5 18,1,100,,278246,6,0,5 18,1,95,,278247,6,0,5 18,1,97,,278248,6,0,5 18,1,95,,278249,6,0,5 18,1,100,,278250,6,0,5 18,1,195,,278251,6,0,5 18,1,200,,278252,6,0,5 18,1
3601,'20261022',633,,278253,6,0,5 18,1,110,,278254,6,0,5 18,1,95,,278255,6,0,5 18,1,200,,278256,6,0,5 18,1,200,,278257,6,0,5 18,1,200,,278258,6,0,5 18,1,108,,278259,6,0,5 18,1,105,,278260,6,0,5 18,1,100,,278261,6,0,5 18,1,95,,278262,6,0,5 18,1,97,,278263,6,0,5 18,1,95,,278264,6,0,5 18,1,100,,278265,6,0,5 18,1,195,,278266,6,0,5 18,1,200,,278267,6,0,5 18,1
3601,'20261023',633,,278268,6,0,5 18,1,110,,278269,6,0,5 18,1,95,,278270,6,0,5 18,1,200,,278271,6,0,5 18,1,200,,278272,6,0,5 18,1,200,,278273,6,0,5 18,1,108,,278274,6,0,5 18,1,105,,278275,6,0,5 18,1,100,,278276,6,0,5 18,1,95,,278277,6,0,5 18,1,97,,278278,6,0,5 18,1,95,,278279,6,0,5 18,1,100,,278280,6,0,5 18,1,195,,278281,6,0,5 18,1,200,,278282,6,0,5 18,1
3601,'20261024',748,,278283,6,0,5 18,1,70,,278284,6,0,5 18,1,30,,278285,6,0,5 18,1,105,,278286,6,0,5 18,1,100,,278287,6,0,5 18,1,100,,278288,6,0,5 18,1,148,,278289,6,0,5 18,1,100,,278290,6,0,5 18,1,105,,278291,6,0,5 18,1,100,,278292,6,0,5 18,1,30,,278293,6,0,5 18,1,70,,278294,6,0,5 18,1,30,,278295,6,0,5 18,1,70,,278296,6,0,5 18,1,30,,278297,6,0,5 18,1,70,,278298,6,0,5 18,1,30,,278299,6,0,5 18,1,67,,278300,6,0,5 18,1,55,,278301,6,0,5 18,1,100,,278302,6,0,5 18,1,95,,278303,6,0,5 18,1,95,,278304,6,0,5 18,1,200,,278305,6,0,5 18,1
3601,'20261025',748,,278306,6,0,5 18,1,70,,278307,6,0,5 18,1,30,,278308,6,0,5 18,1,105,,278309,6,0,5 18,1,100,,278310,6,0,5 18,1,100,,278311,6,0,5 18,1,148,,278312,6,0,5 18,1,100,,278313,6,0,5 18,1,105,,278314,6,0,5 18,1,100,,278315,6,0,5 18,1,100,,278316,6,0,5 18,1,30,,278317,6,0,5 18,1,70,,278318,6,0,5 18,1,100,,278319,6,0,5 18,1,97,,278320,6,0,5 18,1,55,,278321,6,0,5 18,1,100,,278322,6,0,5 18,1,95,,278323,6,0,5 18,1,95,,278324,6,0,5 18,1,200,,278325,6,0,5 18,1
3601,'20261026',633,,278326,6,0,5 18,1,110,,278327,6,0,5 18,1,95,,278328,6,0,5 18,1,200,,278329,6,0,5 18,1,200,,278330,6,0,5 18,1,200,,278331,6,0,5 18,1,108,,278332,6,0,5 18,1,105,,278333,6,0,5 18,1,100,,278334,6,0,5 18,1,95,,278335,6,0,5 18,1,97,,278336,6,0,5 18,1,95,,278337,6,0,5 18,1,100,,278338,6,0,5 18,1,195,,278339,6,0,5 18,1,200,,278340,6,0,5 18,1
3601,'20261027',633,,278341,6,0,5 18,1,110,,278342,6,0,5 18,1,95,,278343,6,0,5 18,1,200,,278344,6,0,5 18,1,200,,278345,6,0,5 18,1,200,,278346,6,0,5 18,1,108,,278347,6,0,5 18,1,105,,278348,6,0,5 18,1,100,,278349,6,0,5 18,1,95,,278350,6,0,5 18,1,97,,278351,6,0,5 18,1,95,,278352,6,0,5 18,1,100,,278353,6,0,5 18,1,195,,278354,6,0,5 18,1,200,,278355,6,0,5 18,1
3601,'20261028',633,,278356,6,0,5 18,1,110,,278357,6,0,5 18,1,95,,278358,6,0,5 18,1,200,,278359,6,0,5 18,1,200,,278360,6,0,5 18,1,200,,278361,6,0,5 18,1,108,,278362,6,0,5 18,1,105,,278363,6,0,5 18,1,100,,278364,6,0,5 18,1,95,,278365,6,0,5 18,1,97,,278366,6,0,5 18,1,95,,278367,6,0,5 18,1,100,,278368,6,0,5 18,1,195,,278369,6,0,5 18,1,200,,278370,6,0,5 18,1
3601,'20261029',633,,278371,6,0,5 18,1,110,,278372,6,0,5 18,1,95,,278373,6,0,5 18,1,200,,278374,6,0,5 18,1,200,,278375,6,0,5 18,1,200,,278376,6,0,5 18,1,108,,278377,6,0,5 18,1,105,,278378,6,0,5 18,1,100,,278379,6,0,5 18,1,95,,278380,6,0,5 18,1,97,,278381,6,0,5 18,1,95,,278382,6,0,5 18,1,100,,278383,6,0,5 18,1,195,,278384,6,0,5 18,1,200,,278385,6,0,5 18,1
3601,'20261030',633,,278386,6,0,5 18,1,110,,278387,6,0,5 18,1,95,,278388,6,0,5 18,1,200,,278389,6,0,5 18,1,200,,278390,6,0,5 18,1,200,,278391,6,0,5 18,1,108,,278392,6,0,5 18,1,105,,278393,6,0,5 18,1,100,,278394,6,0,5 18,1,95,,278395,6,0,5 18,1,97,,278396,6,0,5 18,1,95,,278397,6,0,5 18,1,100,,278398,6,0,5 18,1,195,,278399,6,0,5 18,1,200,,278400,6,0,5 18,1
3601,'20261031',748,,278401,6,0,5 18,1,70,,278402,6,0,5 18,1,30,,278403,6,0,5 18,1,105,,278404,6,0,5 18,1,100,,278405,6,0,5 18,1,100,,278406,6,0,5 18,1,148,,278407,6,0,5 18,1,100,,278408,6,0,5 18,1,105,,278409,6,0,5 18,1,100,,278410,6,0,5 18,1,30,,278411,6,0,5 18,1,70,,278412,6,0,5 18,1,30,,278413,6,0,5 18,1,70,,278414,6,0,5 18,1,30,,278415,6,0,5 18,1,70,,278416,6,0,5 18,1,30,,278417,6,0,5 18,1,67,,278418,6,0,5 18,1,55,,278419,6,0,5 18,1,100,,278420,6,0,5 18,1,95,,278421,6,0,5 18,1,95,,278422,6,0,5 18,1,200,,278423,6,0,5 18,1
3601,'20261101',748,,278424,6,0,5 18,1,70,,278425,6,0,5 18,1,30,,278426,6,0,5 18,1,105,,278427,6,0,5 18,1,100,,278428,6,0,5 18,1,100,,278429,6,0,5 18,1,148,,278430,6,0,5 18,1,100,,278431,6,0,5 18,1,105,,278432,6,0,5 18,1,100,,278433,6,0,5 18,1,100,,278434,6,0,5 18,1,30,,278435,6,0,5 18,1,70,,278436,6,0,5 18,1,100,,278437,6,0,5 18,1,97,,278438,6,0,5 18,1,55,,278439,6,0,5 18,1,100,,278440,6,0,5 18,1,95,,278441,6,0,5 18,1,95,,278442,6,0,5 18,1,200,,278443,6,0,5 18,1
3601,'20261102',633,,278444,6,0,5 18,1,110,,278445,6,0,5 18,1,95,,278446,6,0,5 18,1,200,,278447,6,0,5 18,1,200,,278448,6,0,5 18,1,200,,278449,6,0,5 18,1,108,,278450,6,0,5 18,1,105,,278451,6,0,5 18,1,100,,278452,6,0,5 18,1,95,,278453,6,0,5 18,1,97,,278454,6,0,5 18,1,95,,278455,6,0,5 18,1,100,,278456,6,0,5 18,1,195,,278457,6,0,5 18,1,200,,278458,6,0,5 18,1
3601,'20261103',633,,278459,6,0,5 18,1,110,,278460,6,0,5 18,1,95,,278461,6,0,5 18,1,200,,278462,6,0,5 18,1,200,,278463,6,0,5 18,1,200,,278464,6,0,5 18,1,108,,278465,6,0,5 18,1,105,,278466,6,0,5 18,1,100,,278467,6,0,5 18,1,95,,278468,6,0,5 18,1,97,,278469,6,0,5 18,1,95,,278470,6,0,5 18,1,100,,278471,6,0,5 18,1,195,,278472,6,0,5 18,1,200,,278473,6,0,5 18,1
3601,'20261104',633,,278474,6,0,5 18,1,110,,278475,6,0,5 18,1,95,,278476,6,0,5 18,1,200,,278477,6,0,5 18,1,200,,278478,6,0,5 18,1,200,,278479,6,0,5 18,1,108,,278480,6,0,5 18,1,105,,278481,6,0,5 18,1,100,,278482,6,0,5 18,1,95,,278483,6,0,5 18,1,97,,278484,6,0,5 18,1,95,,278485,6,0,5 18,1,100,,278486,6,0,5 18,1,195,,278487,6,0,5 18,1,200,,278488,6,0,5 18,1
3601,'20261105',633,,278489,6,0,5 18,1,110,,278490,6,0,5 18,1,95,,278491,6,0,5 18,1,200,,278492,6,0,5 18,1,200,,278493,6,0,5 18,1,200,,278494,6,0,5 18,1,108,,278495,6,0,5 18,1,105,,278496,6,0,5 18,1,100,,278497,6,0,5 18,1,95,,278498,6,0,5 18,1,97,,278499,6,0,5 18,1,95,,278500,6,0,5 18,1,100,,278501,6,0,5 18,1,195,,278502,6,0,5 18,1,200,,278503,6,0,5 18,1
3601,'20261106',633,,278504,6,0,5 18,1,110,,278505,6,0,5 18,1,95,,278506,6,0,5 18,1,200,,278507,6,0,5 18,1,200,,278508,6,0,5 18,1,200,,278509,6,0,5 18,1,108,,278510,6,0,5 18,1,105,,278511,6,0,5 18,1,100,,278512,6,0,5 18,1,95,,278513,6,0,5 18,1,97,,278514,6,0,5 18,1,95,,278515,6,0,5 18,1,100,,278516,6,0,5 18,1,195,,278517,6,0,5 18,1,200,,278518,6,0,5 18,1
3601,'20261107',748,,278519,6,0,5 18,1,70,,278520,6,0,5 18,1,30,,278521,6,0,5 18,1,105,,278522,6,0,5 18,1,100,,278523,6,0,5 18,1,100,,278524,6,0,5 18,1,148,,278525,6,0,5 18,1,100,,278526,6,0,5 18,1,105,,278527,6,0,5 18,1,100,,278528,6,0,5 18,1,30,,278529,6,0,5 18,1,70,,278530,6,0,5 18,1,30,,278531,6,0,5 18,1,70,,278532,6,0,5 18,1,30,,278533,6,0,5 18,1,70,,278534,6,0,5 18,1,30,,278535,6,0,5 18,1,67,,278536,6,0,5 18,1,55,,278537,6,0,5 18,1,100,,278538,6,0,5 18,1,95,,278539,6,0,5 18,1,95,,278540,6,0,5 18,1,200,,278541,6,0,5 18,1
3601,'20261108',748,,278542,6,0,5 18,1,70,,278543,6,0,5 18,1,30,,278544,6,0,5 18,1,105,,278545,6,0,5 18,1,100,,278546,6,0,5 18,1,100,,278547,6,0,5 18,1,148,,278548,6,0,5 18,1,100,,278549,6,0,5 18,1,105,,278550,6,0,5 18,1,100,,278551,6,0,5 18,1,100,,278552,6,0,5 18,1,30,,278553,6,0,5 18,1,70,,278554,6,0,5 18,1,100,,278555,6,0,5 18,1,97,,278556,6,0,5 18,1,55,,278557,6,0,5 18,1,100,,278558,6,0,5 18,1,95,,278559,6,0,5 18,1,95,,278560,6,0,5 18,1,200,,278561,6,0,5 18,1
3601,'20261109',633,,278562,6,0,5 18,1,110,,278563,6,0,5 18,1,95,,278564,6,0,5 18,1,200,,278565,6,0,5 18,1,200,,278566,6,0,5 18,1,200,,278567,6,0,5 18,1,108,,278568,6,0,5 18,1,105,,278569,6,0,5 18,1,100,,278570,6,0,5 18,1,95,,278571,6,0,5 18,1,97,,278572,6,0,5 18,1,95,,278573,6,0,5 18,1,100,,278574,6,0,5 18,1,195,,278575,6,0,5 18,1,200,,278576,6,0,5 18,1
3601,'20261110',633,,278577,6,0,5 18,1,110,,278578,6,0,5 18,1,95,,278579,6,0,5 18,1,200,,278580,6,0,5 18,1,200,,278581,6,0,5 18,1,200,,278582,6,0,5 18,1,108,,278583,6,0,5 18,1,105,,278584,6,0,5 18,1,100,,278585,6,0,5 18,1,95,,278586,6,0,5 18,1,97,,278587,6,0,5 18,1,95,,278588,6,0,5 18,1,100,,278589,6,0,5 18,1,195,,278590,6,0,5 18,1,200,,278591,6,0,5 18,1
3601,'20261111',633,,278592,6,0,5 18,1,110,,278593,6,0,5 18,1,95,,278594,6,0,5 18,1,200,,278595,6,0,5 18,1,200,,278596,6,0,5 18,1,200,,278597,6,0,5 18,1,108,,278598,6,0,5 18,1,105,,278599,6,0,5 18,1,100,,278600,6,0,5 18,1,95,,278601,6,0,5 18,1,97,,278602,6,0,5 18,1,95,,278603,6,0,5 18,1,100,,278604,6,0,5 18,1,195,,278605,6,0,5 18,1,200,,278606,6,0,5 18,1
3601,'20261112',633,,278607,6,0,5 18,1,110,,278608,6,0,5 18,1,95,,278609,6,0,5 18,1,200,,278610,6,0,5 18,1,200,,278611,6,0,5 18,1,200,,278612,6,0,5 18,1,108,,278613,6,0,5 18,1,105,,278614,6,0,5 18,1,100,,278615,6,0,5 18,1,95,,278616,6,0,5 18,1,97,,278617,6,0,5 18,1,95,,278618,6,0,5 18,1,100,,278619,6,0,5 18,1,195,,278620,6,0,5 18,1,200,,278621,6,0,5 18,1
3601,'20261113',633,,278622,6,0,5 18,1,110,,278623,6,0,5 18,1,95,,278624,6,0,5 18,1,200,,278625,6,0,5 18,1,200,,278626,6,0,5 18,1,200,,278627,6,0,5 18,1,108,,278628,6,0,5 18,1,105,,278629,6,0,5 18,1,100,,278630,6,0,5 18,1,95,,278631,6,0,5 18,1,97,,278632,6,0,5 18,1,95,,278633,6,0,5 18,1,100,,278634,6,0,5 18,1,195,,278635,6,0,5 18,1,200,,278636,6,0,5 18,1
3601,'20261114',748,,278637,6,0,5 18,1,70,,278638,6,0,5 18,1,30,,278639,6,0,5 18,1,105,,278640,6,0,5 18,1,100,,278641,6,0,5 18,1,100,,278642,6,0,5 18,1,148,,278643,6,0,5 18,1,100,,278644,6,0,5 18,1,105,,278645,6,0,5 18,1,100,,278646,6,0,5 18,1,30,,278647,6,0,5 18,1,70,,278648,6,0,5 18,1,30,,278649,6,0,5 18,1,70,,278650,6,0,5 18,1,30,,278651,6,0,5 18,1,70,,278652,6,0,5 18,1,30,,278653,6,0,5 18,1,67,,278654,6,0,5 18,1,55,,278655,6,0,5 18,1,100,,278656,6,0,5 18,1,95,,278657,6,0,5 18,1,95,,278658,6,0,5 18,1,200,,278659,6,0,5 18,1
3601,'20261115',748,,278660,6,0,5 18,1,70,,278661,6,0,5 18,1,30,,278662,6,0,5 18,1,105,,278663,6,0,5 18,1,100,,278664,6,0,5 18,1,100,,278665,6,0,5 18,1,148,,278666,6,0,5 18,1,100,,278667,6,0,5 18,1,105,,278668,6,0,5 18,1,100,,278669,6,0,5 18,1,100,,278670,6,0,5 18,1,30,,278671,6,0,5 18,1,70,,278672,6,0,5 18,1,100,,278673,6,0,5 18,1,97,,278674,6,0,5 18,1,55,,278675,6,0,5 18,1,100,,278676,6,0,5 18,1,95,,278677,6,0,5 18,1,95,,278678,6,0,5 18,1,200,,278679,6,0,5 18,1
3601,'20261116',633,,278680,6,0,5 18,1,110,,278681,6,0,5 18,1,95,,278682,6,0,5 18,1,200,,278683,6,0,5 18,1,200,,278684,6,0,5 18,1,200,,278685,6,0,5 18,1,108,,278686,6,0,5 18,1,105,,278687,6,0,5 18,1,100,,278688,6,0,5 18,1,95,,278689,6,0,5 18,1,97,,278690,6,0,5 18,1,95,,278691,6,0,5 18,1,100,,278692,6,0,5 18,1,195,,278693,6,0,5 18,1,200,,278694,6,0,5 18,1
3601,'20261117',633,,278695,6,0,5 18,1,110,,278696,6,0,5 18,1,95,,278697,6,0,5 18,1,200,,278698,6,0,5 18,1,200,,278699,6,0,5 18,1,200,,278700,6,0,5 18,1,108,,278701,6,0,5 18,1,105,,278702,6,0,5 18,1,100,,278703,6,0,5 18,1,95,,278704,6,0,5 18,1,97,,278705,6,0,5 18,1,95,,278706,6,0,5 18,1,100,,278707,6,0,5 18,1,195,,278708,6,0,5 18,1,200,,278709,6,0,5 18,1
3601,'20261118',633,,278710,6,0,5 18,1,110,,278711,6,0,5 18,1,95,,278712,6,0,5 18,1,200,,278713,6,0,5 18,1,200,,278714,6,0,5 18,1,200,,278715,6,0,5 18,1,108,,278716,6,0,5 18,1,105,,278717,6,0,5 18,1,100,,278718,6,0,5 18,1,95,,278719,6,0,5 18,1,97,,278720,6,0,5 18,1,95,,278721,6,0,5 18,1,100,,278722,6,0,5 18,1,195,,278723,6,0,5 18,1,200,,278724,6,0,5 18,1
3601,'20261119',633,,278725,6,0,5 18,1,110,,278726,6,0,5 18,1,95,,278727,6,0,5 18,1,200,,278728,6,0,5 18,1,200,,278729,6,0,5 18,1,200,,278730,6,0,5 18,1,108,,278731,6,0,5 18,1,105,,278732,6,0,5 18,1,100,,278733,6,0,5 18,1,95,,278734,6,0,5 18,1,97,,278735,6,0,5 18,1,95,,278736,6,0,5 18,1,100,,278737,6,0,5 18,1,195,,278738,6,0,5 18,1,200,,278739,6,0,5 18,1
3601,'20261120',633,,278740,6,0,5 18,1,110,,278741,6,0,5 18,1,95,,278742,6,0,5 18,1,200,,278743,6,0,5 18,1,200,,278744,6,0,5 18,1,200,,278745,6,0,5 18,1,108,,278746,6,0,5 18,1,105,,278747,6,0,5 18,1,100,,278748,6,0,5 18,1,95,,278749,6,0,5 18,1,97,,278750,6,0,5 18,1,95,,278751,6,0,5 18,1,100,,278752,6,0,5 18,1,195,,278753,6,0,5 18,1,200,,278754,6,0,5 18,1
3601,'20261121',748,,278755,6,0,5 18,1,70,,278756,6,0,5 18,1,30,,278757,6,0,5 18,1,105,,278758,6,0,5 18,1,100,,278759,6,0,5 18,1,100,,278760,6,0,5 18,1,148,,278761,6,0,5 18,1,100,,278762,6,0,5 18,1,105,,278763,6,0,5 18,1,100,,278764,6,0,5 18,1,30,,278765,6,0,5 18,1,70,,278766,6,0,5 18,1,30,,278767,6,0,5 18,1,70,,278768,6,0,5 18,1,30,,278769,6,0,5 18,1,70,,278770,6,0,5 18,1,30,,278771,6,0,5 18,1,67,,278772,6,0,5 18,1,55,,278773,6,0,5 18,1,100,,278774,6,0,5 18,1,95,,278775,6,0,5 18,1,95,,278776,6,0,5 18,1,200,,278777,6,0,5 18,1
3601,'20261122',748,,278778,6,0,5 18,1,70,,278779,6,0,5 18,1,30,,278780,6,0,5 18,1,105,,278781,6,0,5 18,1,100,,278782,6,0,5 18,1,100,,278783,6,0,5 18,1,148,,278784,6,0,5 18,1,100,,278785,6,0,5 18,1,105,,278786,6,0,5 18,1,100,,278787,6,0,5 18,1,100,,278788,6,0,5 18,1,30,,278789,6,0,5 18,1,70,,278790,6,0,5 18,1,100,,278791,6,0,5 18,1,97,,278792,6,0,5 18,1,55,,278793,6,0,5 18,1,100,,278794,6,0,5 18,1,95,,278795,6,0,5 18,1,95,,278796,6,0,5 18,1,200,,278797,6,0,5 18,1
3601,'20261123',633,,278798,6,0,5 18,1,110,,278799,6,0,5 18,1,95,,278800,6,0,5 18,1,200,,278801,6,0,5 18,1,200,,278802,6,0,5 18,1,200,,278803,6,0,5 18,1,108,,278804,6,0,5 18,1,105,,278805,6,0,5 18,1,100,,278806,6,0,5 18,1,95,,278807,6,0,5 18,1,97,,278808,6,0,5 18,1,95,,278809,6,0,5 18,1,100,,278810,6,0,5 18,1,195,,278811,6,0,5 18,1,200,,278812,6,0,5 18,1
3601,'20261124',633,,278813,6,0,5 18,1,110,,278814,6,0,5 18,1,95,,278815,6,0,5 18,1,200,,278816,6,0,5 18,1,200,,278817,6,0,5 18,1,200,,278818,6,0,5 18,1,108,,278819,6,0,5 18,1,105,,278820,6,0,5 18,1,100,,278821,6,0,5 18,1,95,,278822,6,0,5 18,1,97,,278823,6,0,5 18,1,95,,278824,6,0,5 18,1,100,,278825,6,0,5 18,1,195,,278826,6,0,5 18,1,200,,278827,6,0,5 18,1
3601,'20261125',633,,278828,6,0,5 18,1,110,,278829,6,0,5 18,1,95,,278830,6,0,5 18,1,200,,278831,6,0,5 18,1,200,,278832,6,0,5 18,1,200,,278833,6,0,5 18,1,108,,278834,6,0,5 18,1,105,,278835,6,0,5 18,1,100,,278836,6,0,5 18,1,95,,278837,6,0,5 18,1,97,,278838,6,0,5 18,1,95,,278839,6,0,5 18,1,100,,278840,6,0,5 18,1,195,,278841,6,0,5 18,1,200,,278842,6,0,5 18,1
3601,'20261126',633,,278843,6,0,5 18,1,110,,278844,6,0,5 18,1,95,,278845,6,0,5 18,1,200,,278846,6,0,5 18,1,200,,278847,6,0,5 18,1,200,,278848,6,0,5 18,1,108,,278849,6,0,5 18,1,105,,278850,6,0,5 18,1,100,,278851,6,0,5 18,1,95,,278852,6,0,5 18,1,97,,278853,6,0,5 18,1,95,,278854,6,0,5 18,1,100,,278855,6,0,5 18,1,195,,278856,6,0,5 18,1,200,,278857,6,0,5 18,1
3601,'20261127',633,,278858,6,0,5 18,1,110,,278859,6,0,5 18,1,95,,278860,6,0,5 18,1,200,,278861,6,0,5 18,1,200,,278862,6,0,5 18,1,200,,278863,6,0,5 18,1,108,,278864,6,0,5 18,1,105,,278865,6,0,5 18,1,100,,278866,6,0,5 18,1,95,,278867,6,0,5 18,1,97,,278868,6,0,5 18,1,95,,278869,6,0,5 18,1,100,,278870,6,0,5 18,1,195,,278871,6,0,5 18,1,200,,278872,6,0,5 18,1
