3100,'20260921',438,,266974,26,0,16 29 30,1,80,,266975,26,0,57 29 30,1,1135,,266977,52,0,5 18 9,1,100,,266978,52,0,5 18 9,1,73,,266979,52,0,5 18 9,1,588,,266980,26,0,16 29 30,1,100,,266981,26,0,16 29 30,1
3100,'20260922',438,,266982,26,0,16 29 30,1,80,,266983,26,0,57 29 30,1,1135,,266985,52,0,5 18 9,1,100,,266986,52,0,5 18 9,1,73,,266987,52,0,5 18 9,1,588,,266988,26,0,16 29 30,1,100,,266989,26,0,16 29 30,1
3100,'20260923',438,,266990,26,0,16 29 30,1,80,,266991,26,0,57 29 30,1,1135,,266993,52,0,5 18 9,1,100,,266994,52,0,5 18 9,1,73,,266995,52,0,5 18 9,1,588,,266996,26,0,16 29 30,1,100,,266997,26,0,16 29 30,1
3100,'20260924',438,,266998,26,0,16 29 30,1,80,,266999,26,0,57 29 30,1,1135,,267001,52,0,5 18 9,1,100,,267002,52,0,5 18 9,1,73,,267003,52,0,5 18 9,1,588,,267004,26,0,16 29 30,1,100,,267005,26,0,16 29 30,1
3100,'20260925',438,,267006,26,0,16 29 30,1,80,,267007,26,0,57 29 30,1,1135,,267009,52,0,5 18 9,1,100,,267010,52,0,5 18 9,1,73,,267011,52,0,5 18 9,1,588,,267012,26,0,16 29 30,1,100,,267013,26,0,16 29 30,1
3100,'20260926',539,,267014,26,0,16 29 30,1,20,,267015,14,0,77 29 30,1,55,,267016,14,0,78 29 30,1,25,,267017,26,0,57 29 30,1,15,,267018,14,0,77 29 30,1,55,,267020,14,0,77 29 30,1,1635,,267021,26,0,16 29 30,1,100,,267022,26,0,16 29 30,1
3100,'20260927',539,,267023,26,0,16 29 30,1,20,,267024,14,0,77 29 30,1,55,,267025,14,0,78 29 30,1,25,,267026,26,0,57 29 30,1,15,,267027,14,0,77 29 30,1,55,,267029,14,0,77 29 30,1,1635,,267030,26,0,16 29 30,1,100,,267031,26,0,16 29 30,1
3100,'20260928',438,,267032,26,0,16 29 30,1,80,,267033,26,0,57 29 30,1,1135,,267035,52,0,5 18 9,1,100,,267036,52,0,5 18 9,1,73,,267037,52,0,5 18 9,1,588,,267038,26,0,16 29 30,1,100,,267039,26,0,16 29 30,1
3100,'20260929',438,,267040,26,0,16 29 30,1,80,,267041,26,0,57 29 30,1,1135,,267043,52,0,5 18 9,1,100,,267044,52,0,5 18 9,1,73,,267045,52,0,5 18 9,1,588,,267046,26,0,16 29 30,1,100,,267047,26,0,16 29 30,1
3100,'20260930',438,,267048,26,0,16 29 30,1,80,,267049,26,0,57 29 30,1,1135,,267051,52,0,5 18 9,1,100,,267052,52,0,5 18 9,1,73,,267053,52,0,5 18 9,1,588,,267054,26,0,16 29 30,1,100,,267055,26,0,16 29 30,1
3100,'20261001',438,,267056,26,0,16 29 30,1,80,,267057,26,0,57 29 30,1,1135,,267059,52,0,5 18 9,1,100,,267060,52,0,5 18 9,1,73,,267061,52,0,5 18 9,1,588,,267062,26,0,16 29 30,1,100,,267063,26,0,16 29 30,1
3100,'20261002',438,,267064,26,0,16 29 30,1,80,,267065,26,0,57 29 30,1,1135,,267067,52,0,5 18 9,1,100,,267068,52,0,5 18 9,1,73,,267069,52,0,5 18 9,1,588,,267070,26,0,16 29 30,1,100,,267071,26,0,16 29 30,1
3100,'20261003',539,,267072,26,0,16 29 30,1,20,,267073,14,0,77 29 30,1,55,,267074,14,0,78 29 30,1,25,,267075,26,0,57 29 30,1,15,,267076,14,0,77 29 30,1,55,,267078,14,0,77 29 30,1,1635,,267079,26,0,16 29 30,1,100,,267080,26,0,16 29 30,1
3100,'20261004',539,,267081,26,0,16 29 30,1,20,,267082,14,0,77 29 30,1,55,,267083,14,0,78 29 30,1,25,,267084,26,0,57 29 30,1,15,,267085,14,0,77 29 30,1,55,,267087,14,0,77 29 30,1,1635,,267088,26,0,16 29 30,1,100,,267089,26,0,16 29 30,1
3100,'20261005',438,,267090,26,0,16 29 30,1,80,,267091,26,0,57 29 30,1,1135,,267093,52,0,5 18 9,1,100,,267094,52,0,5 18 9,1,73,,267095,52,0,5 18 9,1,588,,267096,26,0,16 29 30,1,100,,267097,26,0,16 29 30,1
3100,'20261006',438,,267098,26,0,16 29 30,1,80,,267099,26,0,57 29 30,1,1135,,267101,52,0,5 18 9,1,100,,267102,52,0,5 18 9,1,73,,267103,52,0,5 18 9,1,588,,267104,26,0,16 29 30,1,100,,267105,26,0,16 29 30,1
3100,'20261007',438,,267106,26,0,16 29 30,1,80,,267107,26,0,57 29 30,1,1135,,267109,52,0,5 18 9,1,100,,267110,52,0,5 18 9,1,73,,267111,52,0,5 18 9,1,588,,267112,26,0,16 29 30,1,100,,267113,26,0,16 29 30,1
3100,'20261008',438,,267114,26,0,16 29 30,1,80,,267115,26,0,57 29 30,1,1135,,267117,52,0,5 18 9,1,100,,267118,52,0,5 18 9,1,73,,267119,52,0,5 18 9,1,588,,267120,26,0,16 29 30,1,100,,267121,26,0,16 29 30,1
3100,'20261009',438,,267122,26,0,16 29 30,1,80,,267123,26,0,57 29 30,1,1135,,267125,52,0,5 18 9,1,100,,267126,52,0,5 18 9,1,73,,267127,52,0,5 18 9,1,588,,267128,26,0,16 29 30,1,100,,267129,26,0,16 29 30,1
3100,'20261010',539,,267130,26,0,16 29 30,1,20,,267131,14,0,77 29 30,1,55,,267132,14,0,78 29 30,1,25,,267133,26,0,57 29 30,1,15,,267134,14,0,77 29 30,1,55,,267136,14,0,77 29 30,1,1635,,267137,26,0,16 29 30,1,100,,267138,26,0,16 29 30,1
3100,'20261011',539,,267139,26,0,16 29 30,1,20,,267140,14,0,77 29 30,1,55,,267141,14,0,78 29 30,1,25,,267142,26,0,57 29 30,1,15,,267143,14,0,77 29 30,1,55,,267145,14,0,77 29 30,1,1635,,267146,26,0,16 29 30,1,100,,267147,26,0,16 29 30,1
3100,'20261012',539,,267148,26,0,16 29 30,1,20,,267149,14,0,77 29 30,1,55,,267150,14,0,78 29 30,1,25,,267151,26,0,57 29 30,1,15,,267152,14,0,77 29 30,1,55,,267154,14,0,77 29 30,1,1635,,267155,26,0,16 29 30,1,100,,267156,26,0,16 29 30,1
3100,'20261013',438,,267157,26,0,16 29 30,1,80,,267158,26,0,57 29 30,1,1135,,267160,52,0,5 18 9,1,100,,267161,52,0,5 18 9,1,73,,267162,52,0,5 18 9,1,588,,267163,26,0,16 29 30,1,100,,267164,26,0,16 29 30,1
3100,'20261014',438,,267165,26,0,16 29 30,1,80,,267166,26,0,57 29 30,1,1135,,267168,52,0,5 18 9,1,100,,267169,52,0,5 18 9,1,73,,267170,52,0,5 18 9,1,588,,267171,26,0,16 29 30,1,100,,267172,26,0,16 29 30,1
3100,'20261015',438,,267173,26,0,16 29 30,1,80,,267174,26,0,57 29 30,1,1135,,267176,52,0,5 18 9,1,100,,267177,52,0,5 18 9,1,73,,267178,52,0,5 18 9,1,588,,267179,26,0,16 29 30,1,100,,267180,26,0,16 29 30,1
3100,'20261016',438,,267181,26,0,16 29 30,1,80,,267182,26,0,57 29 30,1,1135,,267184,52,0,5 18 9,1,100,,267185,52,0,5 18 9,1,73,,267186,52,0,5 18 9,1,588,,267187,26,0,16 29 30,1,100,,267188,26,0,16 29 30,1
3100,'20261017',539,,267189,26,0,16 29 30,1,20,,267190,14,0,77 29 30,1,55,,267191,14,0,78 29 30,1,25,,267192,26,0,57 29 30,1,15,,267193,14,0,77 29 30,1,55,,267195,14,0,77 29 30,1,1635,,267196,26,0,16 29 30,1,100,,267197,26,0,16 29 30,1
3100,'20261018',539,,267198,26,0,16 29 30,1,20,,267199,14,0,77 29 30,1,55,,267200,14,0,78 29 30,1,25,,267201,26,0,57 29 30,1,15,,267202,14,0,77 29 30,1,55,,267204,14,0,77 29 30,1,1635,,267205,26,0,16 29 30,1,100,,267206,26,0,16 29 30,1
3100,'20261019',438,,267207,26,0,16 29 30,1,80,,267208,26,0,57 29 30,1,1135,,267210,52,0,5 18 9,1,100,,267211,52,0,5 18 9,1,73,,267212,52,0,5 18 9,1,588,,267213,26,0,16 29 30,1,100,,267214,26,0,16 29 30,1
3100,'20261020',438,,267215,26,0,16 29 30,1,80,,267216,26,0,57 29 30,1,1135,,267218,52,0,5 18 9,1,100,,267219,52,0,5 18 9,1,73,,267220,52,0,5 18 9,1,588,,267221,26,0,16 29 30,1,100,,267222,26,0,16 29 30,1
3100,'20261021',438,,267223,26,0,16 29 30,1,80,,267224,26,0,57 29 30,1,1135,,267226,52,0,5 18 9,1,100,,267227,52,0,5 18 9,1,73,,267228,52,0,5 18 9,1,588,,267229,26,0,16 29 30,1,100,,267230,26,0,16 29 30,1
3100,'20261022',438,,267231,26,0,16 29 30,1,80,,267232,26,0,57 29 30,1,1135,,267234,52,0,5 18 9,1,100,,267235,52,0,5 18 9,1,73,,267236,52,0,5 18 9,1,588,,267237,26,0,16 29 30,1,100,,267238,26,0,16 29 30,1
3100,'20261023',438,,267239,26,0,16 29 30,1,80,,267240,26,0,57 29 30,1,1135,,267242,52,0,5 18 9,1,100,,267243,52,0,5 18 9,1,73,,267244,52,0,5 18 9,1,588,,267245,26,0,16 29 30,1,100,,267246,26,0,16 29 30,1
3100,'20261024',539,,267247,26,0,16 29 30,1,20,,267248,14,0,77 29 30,1,55,,267249,14,0,78 29 30,1,25,,267250,26,0,57 29 30,1,15,,267251,14,0,77 29 30,1,55,,267253,14,0,77 29 30,1,1635,,267254,26,0,16 29 30,1,100,,267255,26,0,16 29 30,1
3100,'20261025',539,,267256,26,0,16 29 30,1,20,,267257,14,0,77 29 30,1,55,,267258,14,0,78 29 30,1,25,,267259,26,0,57 29 30,1,15,,267260,14,0,77 29 30,1,55,,267262,14,0,77 29 30,1,1635,,267263,26,0,16 29 30,1,100,,267264,26,0,16 29 30,1
3100,'20261026',438,,267265,26,0,16 29 30,1,80,,267266,26,0,57 29 30,1,1135,,267268,52,0,5 18 9,1,100,,267269,52,0,5 18 9,1,73,,267270,52,0,5 18 9,1,588,,267271,26,0,16 29 30,1,100,,267272,26,0,16 29 30,1
3100,'20261027',438,,267273,26,0,16 29 30,1,80,,267274,26,0,57 29 30,1,1135,,267276,52,0,5 18 9,1,100,,267277,52,0,5 18 9,1,73,,267278,52,0,5 18 9,1,588,,267279,26,0,16 29 30,1,100,,267280,26,0,16 29 30,1
3100,'20261028',438,,267281,26,0,16 29 30,1,80,,267282,26,0,57 29 30,1,1135,,267284,52,0,5 18 9,1,100,,267285,52,0,5 18 9,1,73,,267286,52,0,5 18 9,1,588,,267287,26,0,16 29 30,1,100,,267288,26,0,16 29 30,1
3100,'20261029',438,,267289,26,0,16 29 30,1,80,,267290,26,0,57 29 30,1,1135,,267292,52,0,5 18 9,1,100,,267293,52,0,5 18 9,1,73,,267294,52,0,5 18 9,1,588,,267295,26,0,16 29 30,1,100,,267296,26,0,16 29 30,1
3100,'20261030',438,,267297,26,0,16 29 30,1,80,,267298,26,0,57 29 30,1,1135,,267300,52,0,5 18 9,1,100,,267301,52,0,5 18 9,1,73,,267302,52,0,5 18 9,1,588,,267303,26,0,16 29 30,1,100,,267304,26,0,16 29 30,1
3100,'20261031',539,,267305,26,0,16 29 30,1,20,,267306,14,0,77 29 30,1,55,,267307,14,0,78 29 30,1,25,,267308,26,0,57 29 30,1,15,,267309,14,0,77 29 30,1,55,,267311,14,0,77 29 30,1,1635,,267312,26,0,16 29 30,1,100,,267313,26,0,16 29 30,1
3100,'20261101',539,,267314,26,0,16 29 30,1,20,,267315,14,0,77 29 30,1,55,,267316,14,0,78 29 30,1,25,,267317,26,0,57 29 30,1,15,,267318,14,0,77 29 30,1,55,,267320,14,0,77 29 30,1,1635,,267321,26,0,16 29 30,1,100,,267322,26,0,16 29 30,1
3100,'20261102',438,,267323,26,0,16 29 30,1,80,,267324,26,0,57 29 30,1,1135,,267326,52,0,5 18 9,1,100,,267327,52,0,5 18 9,1,73,,267328,52,0,5 18 9,1,588,,267329,26,0,16 29 30,1,100,,267330,26,0,16 29 30,1
3100,'20261103',438,,267331,26,0,16 29 30,1,80,,267332,26,0,57 29 30,1,1135,,267334,52,0,5 18 9,1,100,,267335,52,0,5 18 9,1,73,,267336,52,0,5 18 9,1,588,,267337,26,0,16 29 30,1,100,,267338,26,0,16 29 30,1
3100,'20261104',438,,267339,26,0,16 29 30,1,80,,267340,26,0,57 29 30,1,1135,,267342,52,0,5 18 9,1,100,,267343,52,0,5 18 9,1,73,,267344,52,0,5 18 9,1,588,,267345,26,0,16 29 30,1,100,,267346,26,0,16 29 30,1
3100,'20261105',438,,267347,26,0,16 29 30,1,80,,267348,26,0,57 29 30,1,1135,,267350,52,0,5 18 9,1,100,,267351,52,0,5 18 9,1,73,,267352,52,0,5 18 9,1,588,,267353,26,0,16 29 30,1,100,,267354,26,0,16 29 30,1
3100,'20261106',438,,267355,26,0,16 29 30,1,80,,267356,26,0,57 29 30,1,1135,,267358,52,0,5 18 9,1,100,,267359,52,0,5 18 9,1,73,,267360,52,0,5 18 9,1,588,,267361,26,0,16 29 30,1,100,,267362,26,0,16 29 30,1
3100,'20261107',539,,267363,26,0,16 29 30,1,20,,267364,14,0,77 29 30,1,55,,267365,14,0,78 29 30,1,25,,267366,26,0,57 29 30,1,15,,267367,14,0,77 29 30,1,55,,267369,14,0,77 29 30,1,1635,,267370,26,0,16 29 30,1,100,,267371,26,0,16 29 30,1
3100,'20261108',539,,267372,26,0,16 29 30,1,20,,267373,14,0,77 29 30,1,55,,267374,14,0,78 29 30,1,25,,267375,26,0,57 29 30,1,15,,267376,14,0,77 29 30,1,55,,267378,14,0,77 29 30,1,1635,,267379,26,0,16 29 30,1,100,,267380,26,0,16 29 30,1
3100,'20261109',438,,267381,26,0,16 29 30,1,80,,267382,26,0,57 29 30,1,1135,,267384,52,0,5 18 9,1,100,,267385,52,0,5 18 9,1,73,,267386,52,0,5 18 9,1,588,,267387,26,0,16 29 30,1,100,,267388,26,0,16 29 30,1
3100,'20261110',438,,267389,26,0,16 29 30,1,80,,267390,26,0,57 29 30,1,1135,,267392,52,0,5 18 9,1,100,,267393,52,0,5 18 9,1,73,,267394,52,0,5 18 9,1,588,,267395,26,0,16 29 30,1,100,,267396,26,0,16 29 30,1
3100,'20261111',438,,267397,26,0,16 29 30,1,80,,267398,26,0,57 29 30,1,1135,,267400,52,0,5 18 9,1,100,,267401,52,0,5 18 9,1,73,,267402,52,0,5 18 9,1,588,,267403,26,0,16 29 30,1,100,,267404,26,0,16 29 30,1
3100,'20261112',438,,267405,26,0,16 29 30,1,80,,267406,26,0,57 29 30,1,1135,,267408,52,0,5 18 9,1,100,,267409,52,0,5 18 9,1,73,,267410,52,0,5 18 9,1,588,,267411,26,0,16 29 30,1,100,,267412,26,0,16 29 30,1
3100,'20261113',438,,267413,26,0,16 29 30,1,80,,267414,26,0,57 29 30,1,1135,,267416,52,0,5 18 9,1,100,,267417,52,0,5 18 9,1,73,,267418,52,0,5 18 9,1,588,,267419,26,0,16 29 30,1,100,,267420,26,0,16 29 30,1
3100,'20261114',539,,267421,26,0,16 29 30,1,20,,267422,14,0,77 29 30,1,55,,267423,14,0,78 29 30,1,25,,267424,26,0,57 29 30,1,15,,267425,14,0,77 29 30,1,55,,267427,14,0,77 29 30,1,1635,,267428,26,0,16 29 30,1,100,,267429,26,0,16 29 30,1
3100,'20261115',539,,267430,26,0,16 29 30,1,20,,267431,14,0,77 29 30,1,55,,267432,14,0,78 29 30,1,25,,267433,26,0,57 29 30,1,15,,267434,14,0,77 29 30,1,55,,267436,14,0,77 29 30,1,1635,,267437,26,0,16 29 30,1,100,,267438,26,0,16 29 30,1
3100,'20261116',438,,267439,26,0,16 29 30,1,80,,267440,26,0,57 29 30,1,1135,,267442,52,0,5 18 9,1,100,,267443,52,0,5 18 9,1,73,,267444,52,0,5 18 9,1,588,,267445,26,0,16 29 30,1,100,,267446,26,0,16 29 30,1
3100,'20261117',438,,267447,26,0,16 29 30,1,80,,267448,26,0,57 29 30,1,1135,,267450,52,0,5 18 9,1,100,,267451,52,0,5 18 9,1,73,,267452,52,0,5 18 9,1,588,,267453,26,0,16 29 30,1,100,,267454,26,0,16 29 30,1
3100,'20261118',438,,267455,26,0,16 29 30,1,80,,267456,26,0,57 29 30,1,1135,,267458,52,0,5 18 9,1,100,,267459,52,0,5 18 9,1,73,,267460,52,0,5 18 9,1,588,,267461,26,0,16 29 30,1,100,,267462,26,0,16 29 30,1
3100,'20261119',438,,267463,26,0,16 29 30,1,80,,267464,26,0,57 29 30,1,1135,,267466,52,0,5 18 9,1,100,,267467,52,0,5 18 9,1,73,,267468,52,0,5 18 9,1,588,,267469,26,0,16 29 30,1,100,,267470,26,0,16 29 30,1
3100,'20261120',438,,267471,26,0,16 29 30,1,80,,267472,26,0,57 29 30,1,1135,,267474,52,0,5 18 9,1,100,,267475,52,0,5 18 9,1,73,,267476,52,0,5 18 9,1,588,,267477,26,0,16 29 30,1,100,,267478,26,0,16 29 30,1
3100,'20261121',539,,267479,26,0,16 29 30,1,20,,267480,14,0,77 29 30,1,55,,267481,14,0,78 29 30,1,25,,267482,26,0,57 29 30,1,15,,267483,14,0,77 29 30,1,55,,267485,14,0,77 29 30,1,1635,,267486,26,0,16 29 30,1,100,,267487,26,0,16 29 30,1
3100,'20261122',539,,267488,26,0,16 29 30,1,20,,267489,14,0,77 29 30,1,55,,267490,14,0,78 29 30,1,25,,267491,26,0,57 29 30,1,15,,267492,14,0,77 29 30,1,55,,267494,14,0,77 29 30,1,1635,,267495,26,0,16 29 30,1,100,,267496,26,0,16 29 30,1
3100,'20261123',438,,267497,26,0,16 29 30,1,80,,267498,26,0,57 29 30,1,1135,,267500,52,0,5 18 9,1,100,,267501,52,0,5 18 9,1,73,,267502,52,0,5 18 9,1,588,,267503,26,0,16 29 30,1,100,,267504,26,0,16 29 30,1
3100,'20261124',438,,267505,26,0,16 29 30,1,80,,267506,26,0,57 29 30,1,1135,,267508,52,0,5 18 9,1,100,,267509,52,0,5 18 9,1,73,,267510,52,0,5 18 9,1,588,,267511,26,0,16 29 30,1,100,,267512,26,0,16 29 30,1
3100,'20261125',438,,267513,26,0,16 29 30,1,80,,267514,26,0,57 29 30,1,1135,,267516,52,0,5 18 9,1,100,,267517,52,0,5 18 9,1,73,,267518,52,0,5 18 9,1,588,,267519,26,0,16 29 30,1,100,,267520,26,0,16 29 30,1
3100,'20261126',438,,267521,26,0,16 29 30,1,80,,267522,26,0,57 29 30,1,1135,,267524,52,0,5 18 9,1,100,,267525,52,0,5 18 9,1,73,,267526,52,0,5 18 9,1,588,,267527,26,0,16 29 30,1,100,,267528,26,0,16 29 30,1
3100,'20261127',438,,267529,26,0,16 29 30,1,80,,267530,26,0,57 29 30,1,1135,,267532,52,0,5 18 9,1,100,,267533,52,0,5 18 9,1,73,,267534,52,0,5 18 9,1,588,,267535,26,0,16 29 30,1,100,,267536,26,0,16 29 30,1
3300,'20260921',2305,,271199,26,0,52 18 9,1
3300,'20260922',2305,,271235,26,0,52 18 9,1
3300,'20260923',2305,,271271,26,0,52 18 9,1
3300,'20260924',2305,,271307,26,0,52 18 9,1
3300,'20260925',2305,,271343,26,0,52 18 9,1
3300,'20260928',2305,,271401,26,0,52 18 9,1
3300,'20260929',2305,,271437,26,0,52 18 9,1
3300,'20260930',2305,,271473,26,0,52 18 9,1
3300,'20261001',2305,,271509,26,0,52 18 9,1
3300,'20261002',2305,,271545,26,0,52 18 9,1
3300,'20261005',2305,,271603,26,0,52 18 9,1
3300,'20261006',2305,,271639,26,0,52 18 9,1
3300,'20261007',2305,,271675,26,0,52 18 9,1
3300,'20261008',2305,,271711,26,0,52 18 9,1
3300,'20261009',2305,,271747,26,0,52 18 9,1
3300,'20261013',2305,,271816,26,0,52 18 9,1
3300,'20261014',2305,,271852,26,0,52 18 9,1
3300,'20261015',2305,,271888,26,0,52 18 9,1
3300,'20261016',2305,,271924,26,0,52 18 9,1
3300,'20261019',2305,,271982,26,0,52 18 9,1
3300,'20261020',2305,,272018,26,0,52 18 9,1
3300,'20261021',2305,,272054,26,0,52 18 9,1
3300,'20261022',2305,,272090,26,0,52 18 9,1
3300,'20261023',2305,,272126,26,0,52 18 9,1
3300,'20261026',2305,,272184,26,0,52 18 9,1
3300,'20261027',2305,,272220,26,0,52 18 9,1
3300,'20261028',2305,,272256,26,0,52 18 9,1
3300,'20261029',2305,,272292,26,0,52 18 9,1
3300,'20261030',2305,,272328,26,0,52 18 9,1
3300,'20261102',2305,,272386,26,0,52 18 9,1
3300,'20261103',2305,,272422,26,0,52 18 9,1
3300,'20261104',2305,,272458,26,0,52 18 9,1
3300,'20261105',2305,,272494,26,0,52 18 9,1
3300,'20261106',2305,,272530,26,0,52 18 9,1
3300,'20261109',2305,,272588,26,0,52 18 9,1
3300,'20261110',2305,,272624,26,0,52 18 9,1
3300,'20261111',2305,,272660,26,0,52 18 9,1
3300,'20261112',2305,,272696,26,0,52 18 9,1
3300,'20261113',2305,,272732,26,0,52 18 9,1
3300,'20261116',2305,,272790,26,0,52 18 9,1
3300,'20261117',2305,,272826,26,0,52 18 9,1
3300,'20261118',2305,,272862,26,0,52 18 9,1
3300,'20261119',2305,,272898,26,0,52 18 9,1
3300,'20261120',2305,,272934,26,0,52 18 9,1
3300,'20261123',2305,,272992,26,0,52 18 9,1
3300,'20261124',2305,,273028,26,0,52 18 9,1
3300,'20261125',2305,,273064,26,0,52 18 9,1
3300,'20261126',2305,,273100,26,0,52 18 9,1
3300,'20261127',2305,,273136,26,0,52 18 9,1
