3100,'20260917',410,,266932,12,0,16 29 30,1,40,,266933,12,0,57 29 30,1,1152,,266935,38,0,5 18 9,1,100,,266936,38,0,5 18 9,1,33,,266937,38,0,5 18 9,1,605,,266938,12,0,16 29 30,1,100,,266939,12,0,16 29 30,1
3100,'20260918',410,,266940,12,0,16 29 30,1,40,,266941,12,0,57 29 30,1,1152,,266943,38,0,5 18 9,1,100,,266944,38,0,5 18 9,1,33,,266945,38,0,5 18 9,1,605,,266946,12,0,16 29 30,1,100,,266947,12,0,16 29 30,1
3100,'20260919',505,,266948,12,0,16 29 30,1,100,,266951,12,0,57 29 30,1,147,,266955,41,0,71 20 39,1,795,,266956,41,0,71 20 39,1,305,,266957,41,0,71 20 39,1,5,,266958,41,0,71 20 39,1,453,,266959,12,0,16 29 30,1,105,,266960,12,0,16 29 30,1
3100,'20260920',505,,266961,12,0,16 29 30,1,100,,266964,12,0,57 29 30,1,147,,266968,41,0,71 20 39,1,795,,266969,41,0,71 20 39,1,305,,266970,41,0,71 20 39,1,5,,266971,41,0,71 20 39,1,453,,266972,12,0,16 29 30,1,105,,266973,12,0,16 29 30,1
3100,'20260921',410,,266974,12,0,16 29 30,1,40,,266975,12,0,57 29 30,1,1152,,266977,38,0,5 18 9,1,100,,266978,38,0,5 18 9,1,33,,266979,38,0,5 18 9,1,605,,266980,12,0,16 29 30,1,100,,266981,12,0,16 29 30,1
3100,'20260922',410,,266982,12,0,16 29 30,1,40,,266983,12,0,57 29 30,1,1152,,266985,38,0,5 18 9,1,100,,266986,38,0,5 18 9,1,33,,266987,38,0,5 18 9,1,605,,266988,12,0,16 29 30,1,100,,266989,12,0,16 29 30,1
3100,'20260923',410,,266990,12,0,16 29 30,1,40,,266991,12,0,57 29 30,1,1152,,266993,38,0,5 18 9,1,100,,266994,38,0,5 18 9,1,33,,266995,38,0,5 18 9,1,605,,266996,12,0,16 29 30,1,100,,266997,12,0,16 29 30,1
3100,'20260924',410,,266998,12,0,16 29 30,1,40,,266999,12,0,57 29 30,1,1152,,267001,38,0,5 18 9,1,100,,267002,38,0,5 18 9,1,33,,267003,38,0,5 18 9,1,605,,267004,12,0,16 29 30,1,100,,267005,12,0,16 29 30,1
3100,'20260925',410,,267006,12,0,16 29 30,1,40,,267007,12,0,57 29 30,1,1152,,267009,38,0,5 18 9,1,100,,267010,38,0,5 18 9,1,33,,267011,38,0,5 18 9,1,605,,267012,12,0,16 29 30,1,100,,267013,12,0,16 29 30,1
3100,'20260926',505,,267014,12,0,16 29 30,1,100,,267017,12,0,57 29 30,1,1705,,267021,12,0,16 29 30,1,105,,267022,12,0,16 29 30,1
3100,'20260927',505,,267023,12,0,16 29 30,1,100,,267026,12,0,57 29 30,1,1705,,267030,12,0,16 29 30,1,105,,267031,12,0,16 29 30,1
3100,'20260928',410,,267032,12,0,16 29 30,1,40,,267033,12,0,57 29 30,1,1152,,267035,38,0,5 18 9,1,100,,267036,38,0,5 18 9,1,33,,267037,38,0,5 18 9,1,605,,267038,12,0,16 29 30,1,100,,267039,12,0,16 29 30,1
3100,'20260929',410,,267040,12,0,16 29 30,1,40,,267041,12,0,57 29 30,1,1152,,267043,38,0,5 18 9,1,100,,267044,38,0,5 18 9,1,33,,267045,38,0,5 18 9,1,605,,267046,12,0,16 29 30,1,100,,267047,12,0,16 29 30,1
3100,'20260930',410,,267048,12,0,16 29 30,1,40,,267049,12,0,57 29 30,1,1152,,267051,38,0,5 18 9,1,100,,267052,38,0,5 18 9,1,33,,267053,38,0,5 18 9,1,605,,267054,12,0,16 29 30,1,100,,267055,12,0,16 29 30,1
3100,'20261001',410,,267056,12,0,16 29 30,1,40,,267057,12,0,57 29 30,1,1152,,267059,38,0,5 18 9,1,100,,267060,38,0,5 18 9,1,33,,267061,38,0,5 18 9,1,605,,267062,12,0,16 29 30,1,100,,267063,12,0,16 29 30,1
3100,'20261002',410,,267064,12,0,16 29 30,1,40,,267065,12,0,57 29 30,1,1152,,267067,38,0,5 18 9,1,100,,267068,38,0,5 18 9,1,33,,267069,38,0,5 18 9,1,605,,267070,12,0,16 29 30,1,100,,267071,12,0,16 29 30,1
3100,'20261003',505,,267072,12,0,16 29 30,1,100,,267075,12,0,57 29 30,1,147,,332710,41,0,71 20 39,1,795,,332711,41,0,71 20 39,1,305,,332712,41,0,71 20 39,1,5,,332713,41,0,71 20 39,1,453,,267079,12,0,16 29 30,1,105,,267080,12,0,16 29 30,1
3100,'20261004',505,,267081,12,0,16 29 30,1,100,,267084,12,0,57 29 30,1,147,,332714,41,0,71 20 39,1,795,,332715,41,0,71 20 39,1,305,,332716,41,0,71 20 39,1,5,,332717,41,0,71 20 39,1,453,,267088,12,0,16 29 30,1,105,,267089,12,0,16 29 30,1
3100,'20261005',410,,267090,12,0,16 29 30,1,40,,267091,12,0,57 29 30,1,1152,,267093,38,0,5 18 9,1,100,,267094,38,0,5 18 9,1,33,,267095,38,0,5 18 9,1,605,,267096,12,0,16 29 30,1,100,,267097,12,0,16 29 30,1
3100,'20261006',410,,267098,12,0,16 29 30,1,40,,267099,12,0,57 29 30,1,1152,,267101,38,0,5 18 9,1,100,,267102,38,0,5 18 9,1,33,,267103,38,0,5 18 9,1,605,,267104,12,0,16 29 30,1,100,,267105,12,0,16 29 30,1
3100,'20261007',410,,267106,12,0,16 29 30,1,40,,267107,12,0,57 29 30,1,1152,,267109,38,0,5 18 9,1,100,,267110,38,0,5 18 9,1,33,,267111,38,0,5 18 9,1,605,,267112,12,0,16 29 30,1,100,,267113,12,0,16 29 30,1
3100,'20261008',410,,267114,12,0,16 29 30,1,40,,267115,12,0,57 29 30,1,1152,,267117,38,0,5 18 9,1,100,,267118,38,0,5 18 9,1,33,,267119,38,0,5 18 9,1,605,,267120,12,0,16 29 30,1,100,,267121,12,0,16 29 30,1
3100,'20261009',410,,267122,12,0,16 29 30,1,40,,267123,12,0,57 29 30,1,1152,,267125,38,0,5 18 9,1,100,,267126,38,0,5 18 9,1,33,,267127,38,0,5 18 9,1,605,,267128,12,0,16 29 30,1,100,,267129,12,0,16 29 30,1
3100,'20261010',505,,267130,12,0,16 29 30,1,100,,267133,12,0,57 29 30,1,1705,,267137,12,0,16 29 30,1,105,,267138,12,0,16 29 30,1
3100,'20261011',505,,267139,12,0,16 29 30,1,100,,267142,12,0,57 29 30,1,1705,,267146,12,0,16 29 30,1,105,,267147,12,0,16 29 30,1
3100,'20261012',505,,267148,12,0,16 29 30,1,100,,267151,12,0,57 29 30,1,1705,,267155,12,0,16 29 30,1,105,,267156,12,0,16 29 30,1
3100,'20261013',410,,267157,12,0,16 29 30,1,40,,267158,12,0,57 29 30,1,1152,,267160,38,0,5 18 9,1,100,,267161,38,0,5 18 9,1,33,,267162,38,0,5 18 9,1,605,,267163,12,0,16 29 30,1,100,,267164,12,0,16 29 30,1
3100,'20261014',410,,267165,12,0,16 29 30,1,40,,267166,12,0,57 29 30,1,1152,,267168,38,0,5 18 9,1,100,,267169,38,0,5 18 9,1,33,,267170,38,0,5 18 9,1,605,,267171,12,0,16 29 30,1,100,,267172,12,0,16 29 30,1
3100,'20261015',410,,267173,12,0,16 29 30,1,40,,267174,12,0,57 29 30,1,1152,,267176,38,0,5 18 9,1,100,,267177,38,0,5 18 9,1,33,,267178,38,0,5 18 9,1,605,,267179,12,0,16 29 30,1,100,,267180,12,0,16 29 30,1
3100,'20261016',410,,267181,12,0,16 29 30,1,40,,267182,12,0,57 29 30,1,1152,,267184,38,0,5 18 9,1,100,,267185,38,0,5 18 9,1,33,,267186,38,0,5 18 9,1,605,,267187,12,0,16 29 30,1,100,,267188,12,0,16 29 30,1
3100,'20261017',505,,267189,12,0,16 29 30,1,100,,267192,12,0,57 29 30,1,1705,,267196,12,0,16 29 30,1,105,,267197,12,0,16 29 30,1
3100,'20261018',505,,267198,12,0,16 29 30,1,100,,267201,12,0,57 29 30,1,1705,,267205,12,0,16 29 30,1,105,,267206,12,0,16 29 30,1
3100,'20261019',410,,267207,12,0,16 29 30,1,40,,267208,12,0,57 29 30,1,1152,,267210,38,0,5 18 9,1,100,,267211,38,0,5 18 9,1,33,,267212,38,0,5 18 9,1,605,,267213,12,0,16 29 30,1,100,,267214,12,0,16 29 30,1
3100,'20261020',410,,267215,12,0,16 29 30,1,40,,267216,12,0,57 29 30,1,1152,,267218,38,0,5 18 9,1,100,,267219,38,0,5 18 9,1,33,,267220,38,0,5 18 9,1,605,,267221,12,0,16 29 30,1,100,,267222,12,0,16 29 30,1
3100,'20261021',410,,267223,12,0,16 29 30,1,40,,267224,12,0,57 29 30,1,1152,,267226,38,0,5 18 9,1,100,,267227,38,0,5 18 9,1,33,,267228,38,0,5 18 9,1,605,,267229,12,0,16 29 30,1,100,,267230,12,0,16 29 30,1
3100,'20261022',410,,267231,12,0,16 29 30,1,40,,267232,12,0,57 29 30,1,1152,,267234,38,0,5 18 9,1,100,,267235,38,0,5 18 9,1,33,,267236,38,0,5 18 9,1,605,,267237,12,0,16 29 30,1,100,,267238,12,0,16 29 30,1
3100,'20261023',410,,267239,12,0,16 29 30,1,40,,267240,12,0,57 29 30,1,1152,,267242,38,0,5 18 9,1,100,,267243,38,0,5 18 9,1,33,,267244,38,0,5 18 9,1,605,,267245,12,0,16 29 30,1,100,,267246,12,0,16 29 30,1
3100,'20261024',505,,267247,12,0,16 29 30,1,100,,267250,12,0,57 29 30,1,1705,,267254,12,0,16 29 30,1,105,,267255,12,0,16 29 30,1
3100,'20261025',505,,267256,12,0,16 29 30,1,100,,267259,12,0,57 29 30,1,1705,,267263,12,0,16 29 30,1,105,,267264,12,0,16 29 30,1
3100,'20261026',410,,267265,12,0,16 29 30,1,40,,267266,12,0,57 29 30,1,1152,,267268,38,0,5 18 9,1,100,,267269,38,0,5 18 9,1,33,,267270,38,0,5 18 9,1,605,,267271,12,0,16 29 30,1,100,,267272,12,0,16 29 30,1
3100,'20261027',410,,267273,12,0,16 29 30,1,40,,267274,12,0,57 29 30,1,1152,,267276,38,0,5 18 9,1,100,,267277,38,0,5 18 9,1,33,,267278,38,0,5 18 9,1,605,,267279,12,0,16 29 30,1,100,,267280,12,0,16 29 30,1
3100,'20261028',410,,267281,12,0,16 29 30,1,40,,267282,12,0,57 29 30,1,1152,,267284,38,0,5 18 9,1,100,,267285,38,0,5 18 9,1,33,,267286,38,0,5 18 9,1,605,,267287,12,0,16 29 30,1,100,,267288,12,0,16 29 30,1
3100,'20261029',410,,267289,12,0,16 29 30,1,40,,267290,12,0,57 29 30,1,1152,,267292,38,0,5 18 9,1,100,,267293,38,0,5 18 9,1,33,,267294,38,0,5 18 9,1,605,,267295,12,0,16 29 30,1,100,,267296,12,0,16 29 30,1
3100,'20261030',410,,267297,12,0,16 29 30,1,40,,267298,12,0,57 29 30,1,1152,,267300,38,0,5 18 9,1,100,,267301,38,0,5 18 9,1,33,,267302,38,0,5 18 9,1,605,,267303,12,0,16 29 30,1,100,,267304,12,0,16 29 30,1
3100,'20261031',505,,267305,12,0,16 29 30,1,100,,267308,12,0,57 29 30,1,1705,,267312,12,0,16 29 30,1,105,,267313,12,0,16 29 30,1
3100,'20261101',505,,267314,12,0,16 29 30,1,100,,267317,12,0,57 29 30,1,1705,,267321,12,0,16 29 30,1,105,,267322,12,0,16 29 30,1
3100,'20261102',410,,267323,12,0,16 29 30,1,40,,267324,12,0,57 29 30,1,1152,,267326,38,0,5 18 9,1,100,,267327,38,0,5 18 9,1,33,,267328,38,0,5 18 9,1,605,,267329,12,0,16 29 30,1,100,,267330,12,0,16 29 30,1
3100,'20261103',410,,267331,12,0,16 29 30,1,40,,267332,12,0,57 29 30,1,1152,,267334,38,0,5 18 9,1,100,,267335,38,0,5 18 9,1,33,,267336,38,0,5 18 9,1,605,,267337,12,0,16 29 30,1,100,,267338,12,0,16 29 30,1
3100,'20261104',410,,267339,12,0,16 29 30,1,40,,267340,12,0,57 29 30,1,1152,,267342,38,0,5 18 9,1,100,,267343,38,0,5 18 9,1,33,,267344,38,0,5 18 9,1,605,,267345,12,0,16 29 30,1,100,,267346,12,0,16 29 30,1
3100,'20261105',410,,267347,12,0,16 29 30,1,40,,267348,12,0,57 29 30,1,1152,,267350,38,0,5 18 9,1,100,,267351,38,0,5 18 9,1,33,,267352,38,0,5 18 9,1,605,,267353,12,0,16 29 30,1,100,,267354,12,0,16 29 30,1
3100,'20261106',410,,267355,12,0,16 29 30,1,40,,267356,12,0,57 29 30,1,1152,,267358,38,0,5 18 9,1,100,,267359,38,0,5 18 9,1,33,,267360,38,0,5 18 9,1,605,,267361,12,0,16 29 30,1,100,,267362,12,0,16 29 30,1
3100,'20261107',505,,267363,12,0,16 29 30,1,100,,267366,12,0,57 29 30,1,1705,,267370,12,0,16 29 30,1,105,,267371,12,0,16 29 30,1
3100,'20261108',505,,267372,12,0,16 29 30,1,100,,267375,12,0,57 29 30,1,1705,,267379,12,0,16 29 30,1,105,,267380,12,0,16 29 30,1
3100,'20261109',410,,267381,12,0,16 29 30,1,40,,267382,12,0,57 29 30,1,1152,,267384,38,0,5 18 9,1,100,,267385,38,0,5 18 9,1,33,,267386,38,0,5 18 9,1,605,,267387,12,0,16 29 30,1,100,,267388,12,0,16 29 30,1
3100,'20261110',410,,267389,12,0,16 29 30,1,40,,267390,12,0,57 29 30,1,1152,,267392,38,0,5 18 9,1,100,,267393,38,0,5 18 9,1,33,,267394,38,0,5 18 9,1,605,,267395,12,0,16 29 30,1,100,,267396,12,0,16 29 30,1
3100,'20261111',410,,267397,12,0,16 29 30,1,40,,267398,12,0,57 29 30,1,1152,,267400,38,0,5 18 9,1,100,,267401,38,0,5 18 9,1,33,,267402,38,0,5 18 9,1,605,,267403,12,0,16 29 30,1,100,,267404,12,0,16 29 30,1
3100,'20261112',410,,267405,12,0,16 29 30,1,40,,267406,12,0,57 29 30,1,1152,,267408,38,0,5 18 9,1,100,,267409,38,0,5 18 9,1,33,,267410,38,0,5 18 9,1,605,,267411,12,0,16 29 30,1,100,,267412,12,0,16 29 30,1
3100,'20261113',410,,267413,12,0,16 29 30,1,40,,267414,12,0,57 29 30,1,1152,,267416,38,0,5 18 9,1,100,,267417,38,0,5 18 9,1,33,,267418,38,0,5 18 9,1,605,,267419,12,0,16 29 30,1,100,,267420,12,0,16 29 30,1
3100,'20261114',505,,267421,12,0,16 29 30,1,100,,267424,12,0,57 29 30,1,1705,,267428,12,0,16 29 30,1,105,,267429,12,0,16 29 30,1
3100,'20261115',505,,267430,12,0,16 29 30,1,100,,267433,12,0,57 29 30,1,1705,,267437,12,0,16 29 30,1,105,,267438,12,0,16 29 30,1
3100,'20261116',410,,267439,12,0,16 29 30,1,40,,267440,12,0,57 29 30,1,1152,,267442,38,0,5 18 9,1,100,,267443,38,0,5 18 9,1,33,,267444,38,0,5 18 9,1,605,,267445,12,0,16 29 30,1,100,,267446,12,0,16 29 30,1
3100,'20261117',410,,267447,12,0,16 29 30,1,40,,267448,12,0,57 29 30,1,1152,,267450,38,0,5 18 9,1,100,,267451,38,0,5 18 9,1,33,,267452,38,0,5 18 9,1,605,,267453,12,0,16 29 30,1,100,,267454,12,0,16 29 30,1
3100,'20261118',410,,267455,12,0,16 29 30,1,40,,267456,12,0,57 29 30,1,1152,,267458,38,0,5 18 9,1,100,,267459,38,0,5 18 9,1,33,,267460,38,0,5 18 9,1,605,,267461,12,0,16 29 30,1,100,,267462,12,0,16 29 30,1
3100,'20261119',410,,267463,12,0,16 29 30,1,40,,267464,12,0,57 29 30,1,1152,,267466,38,0,5 18 9,1,100,,267467,38,0,5 18 9,1,33,,267468,38,0,5 18 9,1,605,,267469,12,0,16 29 30,1,100,,267470,12,0,16 29 30,1
3100,'20261120',410,,267471,12,0,16 29 30,1,40,,267472,12,0,57 29 30,1,1152,,267474,38,0,5 18 9,1,100,,267475,38,0,5 18 9,1,33,,267476,38,0,5 18 9,1,605,,267477,12,0,16 29 30,1,100,,267478,12,0,16 29 30,1
3100,'20261121',505,,267479,12,0,16 29 30,1,100,,267482,12,0,57 29 30,1,1705,,267486,12,0,16 29 30,1,105,,267487,12,0,16 29 30,1
3100,'20261122',505,,267488,12,0,16 29 30,1,100,,267491,12,0,57 29 30,1,1705,,267495,12,0,16 29 30,1,105,,267496,12,0,16 29 30,1
3100,'20261123',410,,267497,12,0,16 29 30,1,40,,267498,12,0,57 29 30,1,1152,,267500,38,0,5 18 9,1,100,,267501,38,0,5 18 9,1,33,,267502,38,0,5 18 9,1,605,,267503,12,0,16 29 30,1,100,,267504,12,0,16 29 30,1
3100,'20261124',410,,267505,12,0,16 29 30,1,40,,267506,12,0,57 29 30,1,1152,,267508,38,0,5 18 9,1,100,,267509,38,0,5 18 9,1,33,,267510,38,0,5 18 9,1,605,,267511,12,0,16 29 30,1,100,,267512,12,0,16 29 30,1
3100,'20261125',410,,267513,12,0,16 29 30,1,40,,267514,12,0,57 29 30,1,1152,,267516,38,0,5 18 9,1,100,,267517,38,0,5 18 9,1,33,,267518,38,0,5 18 9,1,605,,267519,12,0,16 29 30,1,100,,267520,12,0,16 29 30,1
3100,'20261126',410,,267521,12,0,16 29 30,1,40,,267522,12,0,57 29 30,1,1152,,267524,38,0,5 18 9,1,100,,267525,38,0,5 18 9,1,33,,267526,38,0,5 18 9,1,605,,267527,12,0,16 29 30,1,100,,267528,12,0,16 29 30,1
3100,'20261127',410,,267529,12,0,16 29 30,1,40,,267530,12,0,57 29 30,1,1152,,267532,38,0,5 18 9,1,100,,267533,38,0,5 18 9,1,33,,267534,38,0,5 18 9,1,605,,267535,12,0,16 29 30,1,100,,267536,12,0,16 29 30,1
3300,'20260917',505,,271070,12,0,16 24 25,1,107,,271074,12,0,16 24 25,1,40,,271077,38,,,1,92,,271080,12,0,16 24 25,1,95,,271081,38,,,1,182,,271084,38,0,57 14 15 9,1,200,,271087,38,0,57 14 15 9,1,200,,271090,38,0,57 14 15 9,1,97,,271092,38,0,57 14 15 9,1,290,,271097,38,,,1,40,,271098,38,,,1,74,,271099,38,0,57 14 15 9,1,100,,271101,38,0,57 14 15 9,1,100,,271103,38,0,57 14 15 9,1,111,,271105,12,0,52 18 9,1
3300,'20260918',505,,271106,12,0,16 24 25,1,107,,271110,12,0,16 24 25,1,40,,271113,38,,,1,92,,271116,12,0,16 24 25,1,95,,271117,38,,,1,182,,271120,38,0,57 14 15 9,1,200,,271123,38,0,57 14 15 9,1,200,,271126,38,0,57 14 15 9,1,97,,271128,38,0,57 14 15 9,1,290,,271133,38,,,1,40,,271134,38,,,1,74,,271135,38,0,57 14 15 9,1,100,,271137,38,0,57 14 15 9,1,100,,271139,38,0,57 14 15 9,1,111,,271141,12,0,52 18 9,1
3300,'20260919',724,,271142,38,,,1,198,,271143,38,,,1,98,,271144,38,0,57 14 15 9,1,100,,271145,38,,,1,200,,271146,38,,,1,200,,271147,38,,,1,200,,271148,38,,,1,102,,271149,12,0,53 14 15 9,1,102,,271150,38,,,1,200,,271151,38,,,1,102,,271152,12,0,53 14 15 9,1
3300,'20260920',724,,271153,38,,,1,198,,271154,38,,,1,98,,271155,38,0,57 14 15 9,1,100,,271156,38,,,1,200,,271157,38,,,1,200,,271158,38,,,1,200,,271159,38,,,1,102,,271160,12,0,53 14 15 9,1,102,,271161,38,,,1,200,,271162,38,,,1,102,,271163,12,0,53 14 15 9,1
3300,'20260921',505,,271164,12,0,16 24 25,1,107,,271168,12,0,16 24 25,1,40,,271171,38,,,1,92,,271174,12,0,16 24 25,1,95,,271175,38,,,1,182,,271178,38,0,57 14 15 9,1,200,,271181,38,0,57 14 15 9,1,200,,271184,38,0,57 14 15 9,1,97,,271186,38,0,57 14 15 9,1,290,,271191,38,,,1,40,,271192,38,,,1,74,,271193,38,0,57 14 15 9,1,100,,271195,38,0,57 14 15 9,1,100,,271197,38,0,57 14 15 9,1,111,,271199,12,0,52 18 9,1
3300,'20260922',505,,271200,12,0,16 24 25,1,107,,271204,12,0,16 24 25,1,40,,271207,38,,,1,92,,271210,12,0,16 24 25,1,95,,271211,38,,,1,182,,271214,38,0,57 14 15 9,1,200,,271217,38,0,57 14 15 9,1,200,,271220,38,0,57 14 15 9,1,97,,271222,38,0,57 14 15 9,1,290,,271227,38,,,1,40,,271228,38,,,1,74,,271229,38,0,57 14 15 9,1,100,,271231,38,0,57 14 15 9,1,100,,271233,38,0,57 14 15 9,1,111,,271235,12,0,52 18 9,1
3300,'20260923',505,,271236,12,0,16 24 25,1,107,,271240,12,0,16 24 25,1,40,,271243,38,,,1,92,,271246,12,0,16 24 25,1,95,,271247,38,,,1,182,,271250,38,0,57 14 15 9,1,200,,271253,38,0,57 14 15 9,1,200,,271256,38,0,57 14 15 9,1,97,,271258,38,0,57 14 15 9,1,290,,271263,38,,,1,40,,271264,38,,,1,74,,271265,38,0,57 14 15 9,1,100,,271267,38,0,57 14 15 9,1,100,,271269,38,0,57 14 15 9,1,111,,271271,12,0,52 18 9,1
3300,'20260924',505,,271272,12,0,16 24 25,1,107,,271276,12,0,16 24 25,1,40,,271279,38,,,1,92,,271282,12,0,16 24 25,1,95,,271283,38,,,1,182,,271286,38,0,57 14 15 9,1,200,,271289,38,0,57 14 15 9,1,200,,271292,38,0,57 14 15 9,1,97,,271294,38,0,57 14 15 9,1,290,,271299,38,,,1,40,,271300,38,,,1,74,,271301,38,0,57 14 15 9,1,100,,271303,38,0,57 14 15 9,1,100,,271305,38,0,57 14 15 9,1,111,,271307,12,0,52 18 9,1
3300,'20260925',505,,271308,12,0,16 24 25,1,107,,271312,12,0,16 24 25,1,40,,271315,38,,,1,92,,271318,12,0,16 24 25,1,95,,271319,38,,,1,182,,271322,38,0,57 14 15 9,1,200,,271325,38,0,57 14 15 9,1,200,,271328,38,0,57 14 15 9,1,97,,271330,38,0,57 14 15 9,1,290,,271335,38,,,1,40,,271336,38,,,1,74,,271337,38,0,57 14 15 9,1,100,,271339,38,0,57 14 15 9,1,100,,271341,38,0,57 14 15 9,1,111,,271343,12,0,52 18 9,1
3300,'20260926',724,,271344,38,,,1,198,,271345,38,,,1,98,,271346,38,0,57 14 15 9,1,100,,271347,38,,,1,200,,271348,38,,,1,200,,271349,38,,,1,200,,271350,38,,,1,102,,271351,12,0,53 14 15 9,1,102,,271352,38,,,1,200,,271353,38,,,1,102,,271354,12,0,53 14 15 9,1
3300,'20260927',724,,271355,38,,,1,198,,271356,38,,,1,98,,271357,38,0,57 14 15 9,1,100,,271358,38,,,1,200,,271359,38,,,1,200,,271360,38,,,1,200,,271361,38,,,1,102,,271362,12,0,53 14 15 9,1,102,,271363,38,,,1,200,,271364,38,,,1,102,,271365,12,0,53 14 15 9,1
3300,'20260928',505,,271366,12,0,16 24 25,1,107,,271370,12,0,16 24 25,1,40,,271373,38,,,1,92,,271376,12,0,16 24 25,1,95,,271377,38,,,1,182,,271380,38,0,57 14 15 9,1,200,,271383,38,0,57 14 15 9,1,200,,271386,38,0,57 14 15 9,1,97,,271388,38,0,57 14 15 9,1,290,,271393,38,,,1,40,,271394,38,,,1,74,,271395,38,0,57 14 15 9,1,100,,271397,38,0,57 14 15 9,1,100,,271399,38,0,57 14 15 9,1,111,,271401,12,0,52 18 9,1
3300,'20260929',505,,271402,12,0,16 24 25,1,107,,271406,12,0,16 24 25,1,40,,271409,38,,,1,92,,271412,12,0,16 24 25,1,95,,271413,38,,,1,182,,271416,38,0,57 14 15 9,1,200,,271419,38,0,57 14 15 9,1,200,,271422,38,0,57 14 15 9,1,97,,271424,38,0,57 14 15 9,1,290,,271429,38,,,1,40,,271430,38,,,1,74,,271431,38,0,57 14 15 9,1,100,,271433,38,0,57 14 15 9,1,100,,271435,38,0,57 14 15 9,1,111,,271437,12,0,52 18 9,1
3300,'20260930',505,,271438,12,0,16 24 25,1,107,,271442,12,0,16 24 25,1,40,,271445,38,,,1,92,,271448,12,0,16 24 25,1,95,,271449,38,,,1,182,,271452,38,0,57 14 15 9,1,200,,271455,38,0,57 14 15 9,1,200,,271458,38,0,57 14 15 9,1,97,,271460,38,0,57 14 15 9,1,290,,271465,38,,,1,40,,271466,38,,,1,74,,271467,38,0,57 14 15 9,1,100,,271469,38,0,57 14 15 9,1,100,,271471,38,0,57 14 15 9,1,111,,271473,12,0,52 18 9,1
3300,'20261001',505,,271474,12,0,16 24 25,1,107,,271478,12,0,16 24 25,1,40,,271481,38,,,1,92,,271484,12,0,16 24 25,1,95,,271485,38,,,1,182,,271488,38,0,57 14 15 9,1,200,,271491,38,0,57 14 15 9,1,200,,271494,38,0,57 14 15 9,1,97,,271496,38,0,57 14 15 9,1,290,,271501,38,,,1,40,,271502,38,,,1,74,,271503,38,0,57 14 15 9,1,100,,271505,38,0,57 14 15 9,1,100,,271507,38,0,57 14 15 9,1,111,,271509,12,0,52 18 9,1
3300,'20261002',505,,271510,12,0,16 24 25,1,107,,271514,12,0,16 24 25,1,40,,271517,38,,,1,92,,271520,12,0,16 24 25,1,95,,271521,38,,,1,182,,271524,38,0,57 14 15 9,1,200,,271527,38,0,57 14 15 9,1,200,,271530,38,0,57 14 15 9,1,97,,271532,38,0,57 14 15 9,1,290,,271537,38,,,1,40,,271538,38,,,1,74,,271539,38,0,57 14 15 9,1,100,,271541,38,0,57 14 15 9,1,100,,271543,38,0,57 14 15 9,1,111,,271545,12,0,52 18 9,1
3300,'20261003',724,,271546,38,,,1,198,,271547,38,,,1,98,,271548,38,0,57 14 15 9,1,100,,271549,38,,,1,200,,271550,38,,,1,200,,271551,38,,,1,200,,271552,38,,,1,102,,271553,12,0,53 14 15 9,1,102,,271554,38,,,1,200,,271555,38,,,1,102,,271556,12,0,53 14 15 9,1
3300,'20261004',724,,271557,38,,,1,198,,271558,38,,,1,98,,271559,38,0,57 14 15 9,1,100,,271560,38,,,1,200,,271561,38,,,1,200,,271562,38,,,1,200,,271563,38,,,1,102,,271564,12,0,53 14 15 9,1,102,,271565,38,,,1,200,,271566,38,,,1,102,,271567,12,0,53 14 15 9,1
3300,'20261005',505,,271568,12,0,16 24 25,1,107,,271572,12,0,16 24 25,1,40,,271575,38,,,1,92,,271578,12,0,16 24 25,1,95,,271579,38,,,1,182,,271582,38,0,57 14 15 9,1,200,,271585,38,0,57 14 15 9,1,200,,271588,38,0,57 14 15 9,1,97,,271590,38,0,57 14 15 9,1,290,,271595,38,,,1,40,,271596,38,,,1,74,,271597,38,0,57 14 15 9,1,100,,271599,38,0,57 14 15 9,1,100,,271601,38,0,57 14 15 9,1,111,,271603,12,0,52 18 9,1
3300,'20261006',505,,271604,12,0,16 24 25,1,107,,271608,12,0,16 24 25,1,40,,271611,38,,,1,92,,271614,12,0,16 24 25,1,95,,271615,38,,,1,182,,271618,38,0,57 14 15 9,1,200,,271621,38,0,57 14 15 9,1,200,,271624,38,0,57 14 15 9,1,97,,271626,38,0,57 14 15 9,1,290,,271631,38,,,1,40,,271632,38,,,1,74,,271633,38,0,57 14 15 9,1,100,,271635,38,0,57 14 15 9,1,100,,271637,38,0,57 14 15 9,1,111,,271639,12,0,52 18 9,1
3300,'20261007',505,,271640,12,0,16 24 25,1,107,,271644,12,0,16 24 25,1,40,,271647,38,,,1,92,,271650,12,0,16 24 25,1,95,,271651,38,,,1,182,,271654,38,0,57 14 15 9,1,200,,271657,38,0,57 14 15 9,1,200,,271660,38,0,57 14 15 9,1,97,,271662,38,0,57 14 15 9,1,290,,271667,38,,,1,40,,271668,38,,,1,74,,271669,38,0,57 14 15 9,1,100,,271671,38,0,57 14 15 9,1,100,,271673,38,0,57 14 15 9,1,111,,271675,12,0,52 18 9,1
3300,'20261008',505,,271676,12,0,16 24 25,1,107,,271680,12,0,16 24 25,1,40,,271683,38,,,1,92,,271686,12,0,16 24 25,1,95,,271687,38,,,1,182,,271690,38,0,57 14 15 9,1,200,,271693,38,0,57 14 15 9,1,200,,271696,38,0,57 14 15 9,1,97,,271698,38,0,57 14 15 9,1,290,,271703,38,,,1,40,,271704,38,,,1,74,,271705,38,0,57 14 15 9,1,100,,271707,38,0,57 14 15 9,1,100,,271709,38,0,57 14 15 9,1,111,,271711,12,0,52 18 9,1
3300,'20261009',505,,271712,12,0,16 24 25,1,107,,271716,12,0,16 24 25,1,40,,271719,38,,,1,92,,271722,12,0,16 24 25,1,95,,271723,38,,,1,182,,271726,38,0,57 14 15 9,1,200,,271729,38,0,57 14 15 9,1,200,,271732,38,0,57 14 15 9,1,97,,271734,38,0,57 14 15 9,1,290,,271739,38,,,1,40,,271740,38,,,1,74,,271741,38,0,57 14 15 9,1,100,,271743,38,0,57 14 15 9,1,100,,271745,38,0,57 14 15 9,1,111,,271747,12,0,52 18 9,1
3300,'20261010',724,,271748,38,,,1,198,,271749,38,,,1,98,,271750,38,0,57 14 15 9,1,100,,271751,38,,,1,200,,271752,38,,,1,200,,271753,38,,,1,200,,271754,38,,,1,102,,271755,12,0,53 14 15 9,1,102,,271756,38,,,1,200,,271757,38,,,1,102,,271758,12,0,53 14 15 9,1
3300,'20261011',724,,271759,38,,,1,198,,271760,38,,,1,98,,271761,38,0,57 14 15 9,1,100,,271762,38,,,1,200,,271763,38,,,1,200,,271764,38,,,1,200,,271765,38,,,1,102,,271766,12,0,53 14 15 9,1,102,,271767,38,,,1,200,,271768,38,,,1,102,,271769,12,0,53 14 15 9,1
3300,'20261012',724,,271770,38,,,1,198,,271771,38,,,1,98,,271772,38,0,57 14 15 9,1,100,,271773,38,,,1,200,,271774,38,,,1,200,,271775,38,,,1,200,,271776,38,,,1,102,,271777,12,0,53 14 15 9,1,102,,271778,38,,,1,200,,271779,38,,,1,102,,271780,12,0,53 14 15 9,1
3300,'20261013',505,,271781,12,0,16 24 25,1,107,,271785,12,0,16 24 25,1,40,,271788,38,,,1,92,,271791,12,0,16 24 25,1,95,,271792,38,,,1,182,,271795,38,0,57 14 15 9,1,200,,271798,38,0,57 14 15 9,1,200,,271801,38,0,57 14 15 9,1,97,,271803,38,0,57 14 15 9,1,290,,271808,38,,,1,40,,271809,38,,,1,74,,271810,38,0,57 14 15 9,1,100,,271812,38,0,57 14 15 9,1,100,,271814,38,0,57 14 15 9,1,111,,271816,12,0,52 18 9,1
3300,'20261014',505,,271817,12,0,16 24 25,1,107,,271821,12,0,16 24 25,1,40,,271824,38,,,1,92,,271827,12,0,16 24 25,1,95,,271828,38,,,1,182,,271831,38,0,57 14 15 9,1,200,,271834,38,0,57 14 15 9,1,200,,271837,38,0,57 14 15 9,1,97,,271839,38,0,57 14 15 9,1,290,,271844,38,,,1,40,,271845,38,,,1,74,,271846,38,0,57 14 15 9,1,100,,271848,38,0,57 14 15 9,1,100,,271850,38,0,57 14 15 9,1,111,,271852,12,0,52 18 9,1
3300,'20261015',505,,271853,12,0,16 24 25,1,107,,271857,12,0,16 24 25,1,40,,271860,38,,,1,92,,271863,12,0,16 24 25,1,95,,271864,38,,,1,182,,271867,38,0,57 14 15 9,1,200,,271870,38,0,57 14 15 9,1,200,,271873,38,0,57 14 15 9,1,97,,271875,38,0,57 14 15 9,1,290,,271880,38,,,1,40,,271881,38,,,1,74,,271882,38,0,57 14 15 9,1,100,,271884,38,0,57 14 15 9,1,100,,271886,38,0,57 14 15 9,1,111,,271888,12,0,52 18 9,1
3300,'20261016',505,,271889,12,0,16 24 25,1,107,,271893,12,0,16 24 25,1,40,,271896,38,,,1,92,,271899,12,0,16 24 25,1,95,,271900,38,,,1,182,,271903,38,0,57 14 15 9,1,200,,271906,38,0,57 14 15 9,1,200,,271909,38,0,57 14 15 9,1,97,,271911,38,0,57 14 15 9,1,290,,271916,38,,,1,40,,271917,38,,,1,74,,271918,38,0,57 14 15 9,1,100,,271920,38,0,57 14 15 9,1,100,,271922,38,0,57 14 15 9,1,111,,271924,12,0,52 18 9,1
3300,'20261017',724,,271925,38,,,1,198,,271926,38,,,1,98,,271927,38,0,57 14 15 9,1,100,,271928,38,,,1,200,,271929,38,,,1,200,,271930,38,,,1,200,,271931,38,,,1,102,,271932,12,0,53 14 15 9,1,102,,271933,38,,,1,200,,271934,38,,,1,102,,271935,12,0,53 14 15 9,1
3300,'20261018',724,,271936,38,,,1,198,,271937,38,,,1,98,,271938,38,0,57 14 15 9,1,100,,271939,38,,,1,200,,271940,38,,,1,200,,271941,38,,,1,200,,271942,38,,,1,102,,271943,12,0,53 14 15 9,1,102,,271944,38,,,1,200,,271945,38,,,1,102,,271946,12,0,53 14 15 9,1
3300,'20261019',505,,271947,12,0,16 24 25,1,107,,271951,12,0,16 24 25,1,40,,271954,38,,,1,92,,271957,12,0,16 24 25,1,95,,271958,38,,,1,182,,271961,38,0,57 14 15 9,1,200,,271964,38,0,57 14 15 9,1,200,,271967,38,0,57 14 15 9,1,97,,271969,38,0,57 14 15 9,1,290,,271974,38,,,1,40,,271975,38,,,1,74,,271976,38,0,57 14 15 9,1,100,,271978,38,0,57 14 15 9,1,100,,271980,38,0,57 14 15 9,1,111,,271982,12,0,52 18 9,1
3300,'20261020',505,,271983,12,0,16 24 25,1,107,,271987,12,0,16 24 25,1,40,,271990,38,,,1,92,,271993,12,0,16 24 25,1,95,,271994,38,,,1,182,,271997,38,0,57 14 15 9,1,200,,272000,38,0,57 14 15 9,1,200,,272003,38,0,57 14 15 9,1,97,,272005,38,0,57 14 15 9,1,290,,272010,38,,,1,40,,272011,38,,,1,74,,272012,38,0,57 14 15 9,1,100,,272014,38,0,57 14 15 9,1,100,,272016,38,0,57 14 15 9,1,111,,272018,12,0,52 18 9,1
3300,'20261021',505,,272019,12,0,16 24 25,1,107,,272023,12,0,16 24 25,1,40,,272026,38,,,1,92,,272029,12,0,16 24 25,1,95,,272030,38,,,1,182,,272033,38,0,57 14 15 9,1,200,,272036,38,0,57 14 15 9,1,200,,272039,38,0,57 14 15 9,1,97,,272041,38,0,57 14 15 9,1,290,,272046,38,,,1,40,,272047,38,,,1,74,,272048,38,0,57 14 15 9,1,100,,272050,38,0,57 14 15 9,1,100,,272052,38,0,57 14 15 9,1,111,,272054,12,0,52 18 9,1
3300,'20261022',505,,272055,12,0,16 24 25,1,107,,272059,12,0,16 24 25,1,40,,272062,38,,,1,92,,272065,12,0,16 24 25,1,95,,272066,38,,,1,182,,272069,38,0,57 14 15 9,1,200,,272072,38,0,57 14 15 9,1,200,,272075,38,0,57 14 15 9,1,97,,272077,38,0,57 14 15 9,1,290,,272082,38,,,1,40,,272083,38,,,1,74,,272084,38,0,57 14 15 9,1,100,,272086,38,0,57 14 15 9,1,100,,272088,38,0,57 14 15 9,1,111,,272090,12,0,52 18 9,1
3300,'20261023',505,,272091,12,0,16 24 25,1,107,,272095,12,0,16 24 25,1,40,,272098,38,,,1,92,,272101,12,0,16 24 25,1,95,,272102,38,,,1,182,,272105,38,0,57 14 15 9,1,200,,272108,38,0,57 14 15 9,1,200,,272111,38,0,57 14 15 9,1,97,,272113,38,0,57 14 15 9,1,290,,272118,38,,,1,40,,272119,38,,,1,74,,272120,38,0,57 14 15 9,1,100,,272122,38,0,57 14 15 9,1,100,,272124,38,0,57 14 15 9,1,111,,272126,12,0,52 18 9,1
3300,'20261024',724,,272127,38,,,1,198,,272128,38,,,1,98,,272129,38,0,57 14 15 9,1,100,,272130,38,,,1,200,,272131,38,,,1,200,,272132,38,,,1,200,,272133,38,,,1,102,,272134,12,0,53 14 15 9,1,102,,272135,38,,,1,200,,272136,38,,,1,102,,272137,12,0,53 14 15 9,1
3300,'20261025',724,,272138,38,,,1,198,,272139,38,,,1,98,,272140,38,0,57 14 15 9,1,100,,272141,38,,,1,200,,272142,38,,,1,200,,272143,38,,,1,200,,272144,38,,,1,102,,272145,12,0,53 14 15 9,1,102,,272146,38,,,1,200,,272147,38,,,1,102,,272148,12,0,53 14 15 9,1
3300,'20261026',505,,272149,12,0,16 24 25,1,107,,272153,12,0,16 24 25,1,40,,272156,38,,,1,92,,272159,12,0,16 24 25,1,95,,272160,38,,,1,182,,272163,38,0,57 14 15 9,1,200,,272166,38,0,57 14 15 9,1,200,,272169,38,0,57 14 15 9,1,97,,272171,38,0,57 14 15 9,1,290,,272176,38,,,1,40,,272177,38,,,1,74,,272178,38,0,57 14 15 9,1,100,,272180,38,0,57 14 15 9,1,100,,272182,38,0,57 14 15 9,1,111,,272184,12,0,52 18 9,1
3300,'20261027',505,,272185,12,0,16 24 25,1,107,,272189,12,0,16 24 25,1,40,,272192,38,,,1,92,,272195,12,0,16 24 25,1,95,,272196,38,,,1,182,,272199,38,0,57 14 15 9,1,200,,272202,38,0,57 14 15 9,1,200,,272205,38,0,57 14 15 9,1,97,,272207,38,0,57 14 15 9,1,290,,272212,38,,,1,40,,272213,38,,,1,74,,272214,38,0,57 14 15 9,1,100,,272216,38,0,57 14 15 9,1,100,,272218,38,0,57 14 15 9,1,111,,272220,12,0,52 18 9,1
3300,'20261028',505,,272221,12,0,16 24 25,1,107,,272225,12,0,16 24 25,1,40,,272228,38,,,1,92,,272231,12,0,16 24 25,1,95,,272232,38,,,1,182,,272235,38,0,57 14 15 9,1,200,,272238,38,0,57 14 15 9,1,200,,272241,38,0,57 14 15 9,1,97,,272243,38,0,57 14 15 9,1,290,,272248,38,,,1,40,,272249,38,,,1,74,,272250,38,0,57 14 15 9,1,100,,272252,38,0,57 14 15 9,1,100,,272254,38,0,57 14 15 9,1,111,,272256,12,0,52 18 9,1
3300,'20261029',505,,272257,12,0,16 24 25,1,107,,272261,12,0,16 24 25,1,40,,272264,38,,,1,92,,272267,12,0,16 24 25,1,95,,272268,38,,,1,182,,272271,38,0,57 14 15 9,1,200,,272274,38,0,57 14 15 9,1,200,,272277,38,0,57 14 15 9,1,97,,272279,38,0,57 14 15 9,1,290,,272284,38,,,1,40,,272285,38,,,1,74,,272286,38,0,57 14 15 9,1,100,,272288,38,0,57 14 15 9,1,100,,272290,38,0,57 14 15 9,1,111,,272292,12,0,52 18 9,1
3300,'20261030',505,,272293,12,0,16 24 25,1,107,,272297,12,0,16 24 25,1,40,,272300,38,,,1,92,,272303,12,0,16 24 25,1,95,,272304,38,,,1,182,,272307,38,0,57 14 15 9,1,200,,272310,38,0,57 14 15 9,1,200,,272313,38,0,57 14 15 9,1,97,,272315,38,0,57 14 15 9,1,290,,272320,38,,,1,40,,272321,38,,,1,74,,272322,38,0,57 14 15 9,1,100,,272324,38,0,57 14 15 9,1,100,,272326,38,0,57 14 15 9,1,111,,272328,12,0,52 18 9,1
3300,'20261031',724,,272329,38,,,1,198,,272330,38,,,1,98,,272331,38,0,57 14 15 9,1,100,,272332,38,,,1,200,,272333,38,,,1,200,,272334,38,,,1,200,,272335,38,,,1,102,,272336,12,0,53 14 15 9,1,102,,272337,38,,,1,200,,272338,38,,,1,102,,272339,12,0,53 14 15 9,1
3300,'20261101',724,,272340,38,,,1,198,,272341,38,,,1,98,,272342,38,0,57 14 15 9,1,100,,272343,38,,,1,200,,272344,38,,,1,200,,272345,38,,,1,200,,272346,38,,,1,102,,272347,12,0,53 14 15 9,1,102,,272348,38,,,1,200,,272349,38,,,1,102,,272350,12,0,53 14 15 9,1
3300,'20261102',505,,272351,12,0,16 24 25,1,107,,272355,12,0,16 24 25,1,40,,272358,38,,,1,92,,272361,12,0,16 24 25,1,95,,272362,38,,,1,182,,272365,38,0,57 14 15 9,1,200,,272368,38,0,57 14 15 9,1,200,,272371,38,0,57 14 15 9,1,97,,272373,38,0,57 14 15 9,1,290,,272378,38,,,1,40,,272379,38,,,1,74,,272380,38,0,57 14 15 9,1,100,,272382,38,0,57 14 15 9,1,100,,272384,38,0,57 14 15 9,1,111,,272386,12,0,52 18 9,1
3300,'20261103',505,,272387,12,0,16 24 25,1,107,,272391,12,0,16 24 25,1,40,,272394,38,,,1,92,,272397,12,0,16 24 25,1,95,,272398,38,,,1,182,,272401,38,0,57 14 15 9,1,200,,272404,38,0,57 14 15 9,1,200,,272407,38,0,57 14 15 9,1,97,,272409,38,0,57 14 15 9,1,290,,272414,38,,,1,40,,272415,38,,,1,74,,272416,38,0,57 14 15 9,1,100,,272418,38,0,57 14 15 9,1,100,,272420,38,0,57 14 15 9,1,111,,272422,12,0,52 18 9,1
3300,'20261104',505,,272423,12,0,16 24 25,1,107,,272427,12,0,16 24 25,1,40,,272430,38,,,1,92,,272433,12,0,16 24 25,1,95,,272434,38,,,1,182,,272437,38,0,57 14 15 9,1,200,,272440,38,0,57 14 15 9,1,200,,272443,38,0,57 14 15 9,1,97,,272445,38,0,57 14 15 9,1,290,,272450,38,,,1,40,,272451,38,,,1,74,,272452,38,0,57 14 15 9,1,100,,272454,38,0,57 14 15 9,1,100,,272456,38,0,57 14 15 9,1,111,,272458,12,0,52 18 9,1
3300,'20261105',505,,272459,12,0,16 24 25,1,107,,272463,12,0,16 24 25,1,40,,272466,38,,,1,92,,272469,12,0,16 24 25,1,95,,272470,38,,,1,182,,272473,38,0,57 14 15 9,1,200,,272476,38,0,57 14 15 9,1,200,,272479,38,0,57 14 15 9,1,97,,272481,38,0,57 14 15 9,1,290,,272486,38,,,1,40,,272487,38,,,1,74,,272488,38,0,57 14 15 9,1,100,,272490,38,0,57 14 15 9,1,100,,272492,38,0,57 14 15 9,1,111,,272494,12,0,52 18 9,1
3300,'20261106',505,,272495,12,0,16 24 25,1,107,,272499,12,0,16 24 25,1,40,,272502,38,,,1,92,,272505,12,0,16 24 25,1,95,,272506,38,,,1,182,,272509,38,0,57 14 15 9,1,200,,272512,38,0,57 14 15 9,1,200,,272515,38,0,57 14 15 9,1,97,,272517,38,0,57 14 15 9,1,290,,272522,38,,,1,40,,272523,38,,,1,74,,272524,38,0,57 14 15 9,1,100,,272526,38,0,57 14 15 9,1,100,,272528,38,0,57 14 15 9,1,111,,272530,12,0,52 18 9,1
3300,'20261107',724,,272531,38,,,1,198,,272532,38,,,1,98,,272533,38,0,57 14 15 9,1,100,,272534,38,,,1,200,,272535,38,,,1,200,,272536,38,,,1,200,,272537,38,,,1,102,,272538,12,0,53 14 15 9,1,102,,272539,38,,,1,200,,272540,38,,,1,102,,272541,12,0,53 14 15 9,1
3300,'20261108',724,,272542,38,,,1,198,,272543,38,,,1,98,,272544,38,0,57 14 15 9,1,100,,272545,38,,,1,200,,272546,38,,,1,200,,272547,38,,,1,200,,272548,38,,,1,102,,272549,12,0,53 14 15 9,1,102,,272550,38,,,1,200,,272551,38,,,1,102,,272552,12,0,53 14 15 9,1
3300,'20261109',505,,272553,12,0,16 24 25,1,107,,272557,12,0,16 24 25,1,40,,272560,38,,,1,92,,272563,12,0,16 24 25,1,95,,272564,38,,,1,182,,272567,38,0,57 14 15 9,1,200,,272570,38,0,57 14 15 9,1,200,,272573,38,0,57 14 15 9,1,97,,272575,38,0,57 14 15 9,1,290,,272580,38,,,1,40,,272581,38,,,1,74,,272582,38,0,57 14 15 9,1,100,,272584,38,0,57 14 15 9,1,100,,272586,38,0,57 14 15 9,1,111,,272588,12,0,52 18 9,1
3300,'20261110',505,,272589,12,0,16 24 25,1,107,,272593,12,0,16 24 25,1,40,,272596,38,,,1,92,,272599,12,0,16 24 25,1,95,,272600,38,,,1,182,,272603,38,0,57 14 15 9,1,200,,272606,38,0,57 14 15 9,1,200,,272609,38,0,57 14 15 9,1,97,,272611,38,0,57 14 15 9,1,290,,272616,38,,,1,40,,272617,38,,,1,74,,272618,38,0,57 14 15 9,1,100,,272620,38,0,57 14 15 9,1,100,,272622,38,0,57 14 15 9,1,111,,272624,12,0,52 18 9,1
3300,'20261111',505,,272625,12,0,16 24 25,1,107,,272629,12,0,16 24 25,1,40,,272632,38,,,1,92,,272635,12,0,16 24 25,1,95,,272636,38,,,1,182,,272639,38,0,57 14 15 9,1,200,,272642,38,0,57 14 15 9,1,200,,272645,38,0,57 14 15 9,1,97,,272647,38,0,57 14 15 9,1,290,,272652,38,,,1,40,,272653,38,,,1,74,,272654,38,0,57 14 15 9,1,100,,272656,38,0,57 14 15 9,1,100,,272658,38,0,57 14 15 9,1,111,,272660,12,0,52 18 9,1
3300,'20261112',505,,272661,12,0,16 24 25,1,107,,272665,12,0,16 24 25,1,40,,272668,38,,,1,92,,272671,12,0,16 24 25,1,95,,272672,38,,,1,182,,272675,38,0,57 14 15 9,1,200,,272678,38,0,57 14 15 9,1,200,,272681,38,0,57 14 15 9,1,97,,272683,38,0,57 14 15 9,1,290,,272688,38,,,1,40,,272689,38,,,1,74,,272690,38,0,57 14 15 9,1,100,,272692,38,0,57 14 15 9,1,100,,272694,38,0,57 14 15 9,1,111,,272696,12,0,52 18 9,1
3300,'20261113',505,,272697,12,0,16 24 25,1,107,,272701,12,0,16 24 25,1,40,,272704,38,,,1,92,,272707,12,0,16 24 25,1,95,,272708,38,,,1,182,,272711,38,0,57 14 15 9,1,200,,272714,38,0,57 14 15 9,1,200,,272717,38,0,57 14 15 9,1,97,,272719,38,0,57 14 15 9,1,290,,272724,38,,,1,40,,272725,38,,,1,74,,272726,38,0,57 14 15 9,1,100,,272728,38,0,57 14 15 9,1,100,,272730,38,0,57 14 15 9,1,111,,272732,12,0,52 18 9,1
3300,'20261114',724,,272733,38,,,1,198,,272734,38,,,1,98,,272735,38,0,57 14 15 9,1,100,,272736,38,,,1,200,,272737,38,,,1,200,,272738,38,,,1,200,,272739,38,,,1,102,,272740,12,0,53 14 15 9,1,102,,272741,38,,,1,200,,272742,38,,,1,102,,272743,12,0,53 14 15 9,1
3300,'20261115',724,,272744,38,,,1,198,,272745,38,,,1,98,,272746,38,0,57 14 15 9,1,100,,272747,38,,,1,200,,272748,38,,,1,200,,272749,38,,,1,200,,272750,38,,,1,102,,272751,12,0,53 14 15 9,1,102,,272752,38,,,1,200,,272753,38,,,1,102,,272754,12,0,53 14 15 9,1
3300,'20261116',505,,272755,12,0,16 24 25,1,107,,272759,12,0,16 24 25,1,40,,272762,38,,,1,92,,272765,12,0,16 24 25,1,95,,272766,38,,,1,182,,272769,38,0,57 14 15 9,1,200,,272772,38,0,57 14 15 9,1,200,,272775,38,0,57 14 15 9,1,97,,272777,38,0,57 14 15 9,1,290,,272782,38,,,1,40,,272783,38,,,1,74,,272784,38,0,57 14 15 9,1,100,,272786,38,0,57 14 15 9,1,100,,272788,38,0,57 14 15 9,1,111,,272790,12,0,52 18 9,1
3300,'20261117',505,,272791,12,0,16 24 25,1,107,,272795,12,0,16 24 25,1,40,,272798,38,,,1,92,,272801,12,0,16 24 25,1,95,,272802,38,,,1,182,,272805,38,0,57 14 15 9,1,200,,272808,38,0,57 14 15 9,1,200,,272811,38,0,57 14 15 9,1,97,,272813,38,0,57 14 15 9,1,290,,272818,38,,,1,40,,272819,38,,,1,74,,272820,38,0,57 14 15 9,1,100,,272822,38,0,57 14 15 9,1,100,,272824,38,0,57 14 15 9,1,111,,272826,12,0,52 18 9,1
3300,'20261118',505,,272827,12,0,16 24 25,1,107,,272831,12,0,16 24 25,1,40,,272834,38,,,1,92,,272837,12,0,16 24 25,1,95,,272838,38,,,1,182,,272841,38,0,57 14 15 9,1,200,,272844,38,0,57 14 15 9,1,200,,272847,38,0,57 14 15 9,1,97,,272849,38,0,57 14 15 9,1,290,,272854,38,,,1,40,,272855,38,,,1,74,,272856,38,0,57 14 15 9,1,100,,272858,38,0,57 14 15 9,1,100,,272860,38,0,57 14 15 9,1,111,,272862,12,0,52 18 9,1
3300,'20261119',505,,272863,12,0,16 24 25,1,107,,272867,12,0,16 24 25,1,40,,272870,38,,,1,92,,272873,12,0,16 24 25,1,95,,272874,38,,,1,182,,272877,38,0,57 14 15 9,1,200,,272880,38,0,57 14 15 9,1,200,,272883,38,0,57 14 15 9,1,97,,272885,38,0,57 14 15 9,1,290,,272890,38,,,1,40,,272891,38,,,1,74,,272892,38,0,57 14 15 9,1,100,,272894,38,0,57 14 15 9,1,100,,272896,38,0,57 14 15 9,1,111,,272898,12,0,52 18 9,1
3300,'20261120',505,,272899,12,0,16 24 25,1,107,,272903,12,0,16 24 25,1,40,,272906,38,,,1,92,,272909,12,0,16 24 25,1,95,,272910,38,,,1,182,,272913,38,0,57 14 15 9,1,200,,272916,38,0,57 14 15 9,1,200,,272919,38,0,57 14 15 9,1,97,,272921,38,0,57 14 15 9,1,290,,272926,38,,,1,40,,272927,38,,,1,74,,272928,38,0,57 14 15 9,1,100,,272930,38,0,57 14 15 9,1,100,,272932,38,0,57 14 15 9,1,111,,272934,12,0,52 18 9,1
3300,'20261121',724,,272935,38,,,1,198,,272936,38,,,1,98,,272937,38,0,57 14 15 9,1,100,,272938,38,,,1,200,,272939,38,,,1,200,,272940,38,,,1,200,,272941,38,,,1,102,,272942,12,0,53 14 15 9,1,102,,272943,38,,,1,200,,272944,38,,,1,102,,272945,12,0,53 14 15 9,1
3300,'20261122',724,,272946,38,,,1,198,,272947,38,,,1,98,,272948,38,0,57 14 15 9,1,100,,272949,38,,,1,200,,272950,38,,,1,200,,272951,38,,,1,200,,272952,38,,,1,102,,272953,12,0,53 14 15 9,1,102,,272954,38,,,1,200,,272955,38,,,1,102,,272956,12,0,53 14 15 9,1
3300,'20261123',505,,272957,12,0,16 24 25,1,107,,272961,12,0,16 24 25,1,40,,272964,38,,,1,92,,272967,12,0,16 24 25,1,95,,272968,38,,,1,182,,272971,38,0,57 14 15 9,1,200,,272974,38,0,57 14 15 9,1,200,,272977,38,0,57 14 15 9,1,97,,272979,38,0,57 14 15 9,1,290,,272984,38,,,1,40,,272985,38,,,1,74,,272986,38,0,57 14 15 9,1,100,,272988,38,0,57 14 15 9,1,100,,272990,38,0,57 14 15 9,1,111,,272992,12,0,52 18 9,1
3300,'20261124',505,,272993,12,0,16 24 25,1,107,,272997,12,0,16 24 25,1,40,,273000,38,,,1,92,,273003,12,0,16 24 25,1,95,,273004,38,,,1,182,,273007,38,0,57 14 15 9,1,200,,273010,38,0,57 14 15 9,1,200,,273013,38,0,57 14 15 9,1,97,,273015,38,0,57 14 15 9,1,290,,273020,38,,,1,40,,273021,38,,,1,74,,273022,38,0,57 14 15 9,1,100,,273024,38,0,57 14 15 9,1,100,,273026,38,0,57 14 15 9,1,111,,273028,12,0,52 18 9,1
3300,'20261125',505,,273029,12,0,16 24 25,1,107,,273033,12,0,16 24 25,1,40,,273036,38,,,1,92,,273039,12,0,16 24 25,1,95,,273040,38,,,1,182,,273043,38,0,57 14 15 9,1,200,,273046,38,0,57 14 15 9,1,200,,273049,38,0,57 14 15 9,1,97,,273051,38,0,57 14 15 9,1,290,,273056,38,,,1,40,,273057,38,,,1,74,,273058,38,0,57 14 15 9,1,100,,273060,38,0,57 14 15 9,1,100,,273062,38,0,57 14 15 9,1,111,,273064,12,0,52 18 9,1
3300,'20261126',505,,273065,12,0,16 24 25,1,107,,273069,12,0,16 24 25,1,40,,273072,38,,,1,92,,273075,12,0,16 24 25,1,95,,273076,38,,,1,182,,273079,38,0,57 14 15 9,1,200,,273082,38,0,57 14 15 9,1,200,,273085,38,0,57 14 15 9,1,97,,273087,38,0,57 14 15 9,1,290,,273092,38,,,1,40,,273093,38,,,1,74,,273094,38,0,57 14 15 9,1,100,,273096,38,0,57 14 15 9,1,100,,273098,38,0,57 14 15 9,1,111,,273100,12,0,52 18 9,1
3300,'20261127',505,,273101,12,0,16 24 25,1,107,,273105,12,0,16 24 25,1,40,,273108,38,,,1,92,,273111,12,0,16 24 25,1,95,,273112,38,,,1,182,,273115,38,0,57 14 15 9,1,200,,273118,38,0,57 14 15 9,1,200,,273121,38,0,57 14 15 9,1,97,,273123,38,0,57 14 15 9,1,290,,273128,38,,,1,40,,273129,38,,,1,74,,273130,38,0,57 14 15 9,1,100,,273132,38,0,57 14 15 9,1,100,,273134,38,0,57 14 15 9,1,111,,273136,12,0,52 18 9,1
4300,'20260917',800,,296225,24,,,1,659,,296226,24,,,1,150,,296227,24,,,1,100,,296228,24,,,1,45,,296229,24,,,1,60,,296230,24,,,1,36,,296231,24,,,1,60,,296232,24,,,1,49,,296233,24,,,1,97,,296234,24,,,1
4300,'20260918',800,,296235,24,,,1,659,,296236,24,,,1,150,,296237,24,,,1,100,,296238,24,,,1,45,,296239,24,,,1,60,,296240,24,,,1,36,,296241,24,,,1,60,,296242,24,,,1,49,,296243,24,,,1,97,,296244,24,,,1
4300,'20260921',800,,296245,24,,,1,659,,296246,24,,,1,150,,296247,24,,,1,100,,296248,24,,,1,45,,296249,24,,,1,60,,296250,24,,,1,36,,296251,24,,,1,60,,296252,24,,,1,49,,296253,24,,,1,97,,296254,24,,,1
4300,'20260922',800,,296255,24,,,1,659,,296256,24,,,1,150,,296257,24,,,1,100,,296258,24,,,1,45,,296259,24,,,1,60,,296260,24,,,1,36,,296261,24,,,1,60,,296262,24,,,1,49,,296263,24,,,1,97,,296264,24,,,1
4300,'20260923',800,,296265,24,,,1,659,,296266,24,,,1,150,,296267,24,,,1,100,,296268,24,,,1,45,,296269,24,,,1,60,,296270,24,,,1,36,,296271,24,,,1,60,,296272,24,,,1,49,,296273,24,,,1,97,,296274,24,,,1
4300,'20260924',800,,296275,24,,,1,659,,296276,24,,,1,150,,296277,24,,,1,100,,296278,24,,,1,45,,296279,24,,,1,60,,296280,24,,,1,36,,296281,24,,,1,60,,296282,24,,,1,49,,296283,24,,,1,97,,296284,24,,,1
4300,'20260925',800,,296285,24,,,1,659,,296286,24,,,1,150,,296287,24,,,1,100,,296288,24,,,1,45,,296289,24,,,1,60,,296290,24,,,1,36,,296291,24,,,1,60,,296292,24,,,1,49,,296293,24,,,1,97,,296294,24,,,1
4300,'20260928',800,,296295,24,,,1,659,,296296,24,,,1,150,,296297,24,,,1,100,,296298,24,,,1,45,,296299,24,,,1,60,,296300,24,,,1,36,,296301,24,,,1,60,,296302,24,,,1,49,,296303,24,,,1,97,,296304,24,,,1
4300,'20260929',800,,296305,24,,,1,659,,296306,24,,,1,150,,296307,24,,,1,100,,296308,24,,,1,45,,296309,24,,,1,60,,296310,24,,,1,36,,296311,24,,,1,60,,296312,24,,,1,49,,296313,24,,,1,97,,296314,24,,,1
4300,'20260930',800,,296315,24,,,1,659,,296316,24,,,1,150,,296317,24,,,1,100,,296318,24,,,1,45,,296319,24,,,1,60,,296320,24,,,1,36,,296321,24,,,1,60,,296322,24,,,1,49,,296323,24,,,1,97,,296324,24,,,1
4300,'20261001',800,,296325,24,,,1,659,,296326,24,,,1,150,,296327,24,,,1,100,,296328,24,,,1,45,,296329,24,,,1,60,,296330,24,,,1,36,,296331,24,,,1,60,,296332,24,,,1,49,,296333,24,,,1,97,,296334,24,,,1
4300,'20261002',800,,296335,24,,,1,659,,296336,24,,,1,150,,296337,24,,,1,100,,296338,24,,,1,45,,296339,24,,,1,60,,296340,24,,,1,36,,296341,24,,,1,60,,296342,24,,,1,49,,296343,24,,,1,97,,296344,24,,,1
4300,'20261005',800,,296345,24,,,1,659,,296346,24,,,1,150,,296347,24,,,1,100,,296348,24,,,1,45,,296349,24,,,1,60,,296350,24,,,1,36,,296351,24,,,1,60,,296352,24,,,1,49,,296353,24,,,1,97,,296354,24,,,1
4300,'20261006',800,,296355,24,,,1,659,,296356,24,,,1,150,,296357,24,,,1,100,,296358,24,,,1,45,,296359,24,,,1,60,,296360,24,,,1,36,,296361,24,,,1,60,,296362,24,,,1,49,,296363,24,,,1,97,,296364,24,,,1
4300,'20261007',800,,296365,24,,,1,659,,296366,24,,,1,150,,296367,24,,,1,100,,296368,24,,,1,45,,296369,24,,,1,60,,296370,24,,,1,36,,296371,24,,,1,60,,296372,24,,,1,49,,296373,24,,,1,97,,296374,24,,,1
4300,'20261008',800,,296375,24,,,1,659,,296376,24,,,1,150,,296377,24,,,1,100,,296378,24,,,1,45,,296379,24,,,1,60,,296380,24,,,1,36,,296381,24,,,1,60,,296382,24,,,1,49,,296383,24,,,1,97,,296384,24,,,1
4300,'20261009',800,,296385,24,,,1,659,,296386,24,,,1,150,,296387,24,,,1,100,,296388,24,,,1,45,,296389,24,,,1,60,,296390,24,,,1,36,,296391,24,,,1,60,,296392,24,,,1,49,,296393,24,,,1,97,,296394,24,,,1
4300,'20261013',800,,296395,24,,,1,659,,296396,24,,,1,150,,296397,24,,,1,100,,296398,24,,,1,45,,296399,24,,,1,60,,296400,24,,,1,36,,296401,24,,,1,60,,296402,24,,,1,49,,296403,24,,,1,97,,296404,24,,,1
4300,'20261014',800,,296405,24,,,1,659,,296406,24,,,1,150,,296407,24,,,1,100,,296408,24,,,1,45,,296409,24,,,1,60,,296410,24,,,1,36,,296411,24,,,1,60,,296412,24,,,1,49,,296413,24,,,1,97,,296414,24,,,1
4300,'20261015',800,,296415,24,,,1,659,,296416,24,,,1,150,,296417,24,,,1,100,,296418,24,,,1,45,,296419,24,,,1,60,,296420,24,,,1,36,,296421,24,,,1,60,,296422,24,,,1,49,,296423,24,,,1,97,,296424,24,,,1
4300,'20261016',800,,296425,24,,,1,659,,296426,24,,,1,150,,296427,24,,,1,100,,296428,24,,,1,45,,296429,24,,,1,60,,296430,24,,,1,36,,296431,24,,,1,60,,296432,24,,,1,49,,296433,24,,,1,97,,296434,24,,,1
4300,'20261019',800,,296435,24,,,1,659,,296436,24,,,1,150,,296437,24,,,1,100,,296438,24,,,1,45,,296439,24,,,1,60,,296440,24,,,1,36,,296441,24,,,1,60,,296442,24,,,1,49,,296443,24,,,1,97,,296444,24,,,1
4300,'20261020',800,,296445,24,,,1,659,,296446,24,,,1,150,,296447,24,,,1,100,,296448,24,,,1,45,,296449,24,,,1,60,,296450,24,,,1,36,,296451,24,,,1,60,,296452,24,,,1,49,,296453,24,,,1,97,,296454,24,,,1
4300,'20261021',800,,296455,24,,,1,659,,296456,24,,,1,150,,296457,24,,,1,100,,296458,24,,,1,45,,296459,24,,,1,60,,296460,24,,,1,36,,296461,24,,,1,60,,296462,24,,,1,49,,296463,24,,,1,97,,296464,24,,,1
4300,'20261022',800,,296465,24,,,1,659,,296466,24,,,1,150,,296467,24,,,1,100,,296468,24,,,1,45,,296469,24,,,1,60,,296470,24,,,1,36,,296471,24,,,1,60,,296472,24,,,1,49,,296473,24,,,1,97,,296474,24,,,1
4300,'20261023',800,,296475,24,,,1,659,,296476,24,,,1,150,,296477,24,,,1,100,,296478,24,,,1,45,,296479,24,,,1,60,,296480,24,,,1,36,,296481,24,,,1,60,,296482,24,,,1,49,,296483,24,,,1,97,,296484,24,,,1
4300,'20261026',800,,296485,24,,,1,659,,296486,24,,,1,150,,296487,24,,,1,100,,296488,24,,,1,45,,296489,24,,,1,60,,296490,24,,,1,36,,296491,24,,,1,60,,296492,24,,,1,49,,296493,24,,,1,97,,296494,24,,,1
4300,'20261027',800,,296495,24,,,1,659,,296496,24,,,1,150,,296497,24,,,1,100,,296498,24,,,1,45,,296499,24,,,1,60,,296500,24,,,1,36,,296501,24,,,1,60,,296502,24,,,1,49,,296503,24,,,1,97,,296504,24,,,1
4300,'20261028',800,,296505,24,,,1,659,,296506,24,,,1,150,,296507,24,,,1,100,,296508,24,,,1,45,,296509,24,,,1,60,,296510,24,,,1,36,,296511,24,,,1,60,,296512,24,,,1,49,,296513,24,,,1,97,,296514,24,,,1
4300,'20261029',800,,296515,24,,,1,659,,296516,24,,,1,150,,296517,24,,,1,100,,296518,24,,,1,45,,296519,24,,,1,60,,296520,24,,,1,36,,296521,24,,,1,60,,296522,24,,,1,49,,296523,24,,,1,97,,296524,24,,,1
4300,'20261030',800,,296525,24,,,1,659,,296526,24,,,1,150,,296527,24,,,1,100,,296528,24,,,1,45,,296529,24,,,1,60,,296530,24,,,1,36,,296531,24,,,1,60,,296532,24,,,1,49,,296533,24,,,1,97,,296534,24,,,1
4300,'20261102',800,,296535,24,,,1,659,,296536,24,,,1,150,,296537,24,,,1,100,,296538,24,,,1,45,,296539,24,,,1,60,,296540,24,,,1,36,,296541,24,,,1,60,,296542,24,,,1,49,,296543,24,,,1,97,,296544,24,,,1
4300,'20261103',800,,296545,24,,,1,659,,296546,24,,,1,150,,296547,24,,,1,100,,296548,24,,,1,45,,296549,24,,,1,60,,296550,24,,,1,36,,296551,24,,,1,60,,296552,24,,,1,49,,296553,24,,,1,97,,296554,24,,,1
4300,'20261104',800,,296555,24,,,1,659,,296556,24,,,1,150,,296557,24,,,1,100,,296558,24,,,1,45,,296559,24,,,1,60,,296560,24,,,1,36,,296561,24,,,1,60,,296562,24,,,1,49,,296563,24,,,1,97,,296564,24,,,1
4300,'20261105',800,,296565,24,,,1,659,,296566,24,,,1,150,,296567,24,,,1,100,,296568,24,,,1,45,,296569,24,,,1,60,,296570,24,,,1,36,,296571,24,,,1,60,,296572,24,,,1,49,,296573,24,,,1,97,,296574,24,,,1
4300,'20261106',800,,296575,24,,,1,659,,296576,24,,,1,150,,296577,24,,,1,100,,296578,24,,,1,45,,296579,24,,,1,60,,296580,24,,,1,36,,296581,24,,,1,60,,296582,24,,,1,49,,296583,24,,,1,97,,296584,24,,,1
4300,'20261109',800,,296585,24,,,1,659,,296586,24,,,1,150,,296587,24,,,1,100,,296588,24,,,1,45,,296589,24,,,1,60,,296590,24,,,1,36,,296591,24,,,1,60,,296592,24,,,1,49,,296593,24,,,1,97,,296594,24,,,1
4300,'20261110',800,,296595,24,,,1,659,,296596,24,,,1,150,,296597,24,,,1,100,,296598,24,,,1,45,,296599,24,,,1,60,,296600,24,,,1,36,,296601,24,,,1,60,,296602,24,,,1,49,,296603,24,,,1,97,,296604,24,,,1
4300,'20261111',800,,296605,24,,,1,659,,296606,24,,,1,150,,296607,24,,,1,100,,296608,24,,,1,45,,296609,24,,,1,60,,296610,24,,,1,36,,296611,24,,,1,60,,296612,24,,,1,49,,296613,24,,,1,97,,296614,24,,,1
4300,'20261112',800,,296615,24,,,1,659,,296616,24,,,1,150,,296617,24,,,1,100,,296618,24,,,1,45,,296619,24,,,1,60,,296620,24,,,1,36,,296621,24,,,1,60,,296622,24,,,1,49,,296623,24,,,1,97,,296624,24,,,1
4300,'20261113',800,,296625,24,,,1,659,,296626,24,,,1,150,,296627,24,,,1,100,,296628,24,,,1,45,,296629,24,,,1,60,,296630,24,,,1,36,,296631,24,,,1,60,,296632,24,,,1,49,,296633,24,,,1,97,,296634,24,,,1
4300,'20261116',800,,296635,24,,,1,659,,296636,24,,,1,150,,296637,24,,,1,100,,296638,24,,,1,45,,296639,24,,,1,60,,296640,24,,,1,36,,296641,24,,,1,60,,296642,24,,,1,49,,296643,24,,,1,97,,296644,24,,,1
4300,'20261117',800,,296645,24,,,1,659,,296646,24,,,1,150,,296647,24,,,1,100,,296648,24,,,1,45,,296649,24,,,1,60,,296650,24,,,1,36,,296651,24,,,1,60,,296652,24,,,1,49,,296653,24,,,1,97,,296654,24,,,1
4300,'20261118',800,,296655,24,,,1,659,,296656,24,,,1,150,,296657,24,,,1,100,,296658,24,,,1,45,,296659,24,,,1,60,,296660,24,,,1,36,,296661,24,,,1,60,,296662,24,,,1,49,,296663,24,,,1,97,,296664,24,,,1
4300,'20261119',800,,296665,24,,,1,659,,296666,24,,,1,150,,296667,24,,,1,100,,296668,24,,,1,45,,296669,24,,,1,60,,296670,24,,,1,36,,296671,24,,,1,60,,296672,24,,,1,49,,296673,24,,,1,97,,296674,24,,,1
4300,'20261120',800,,296675,24,,,1,659,,296676,24,,,1,150,,296677,24,,,1,100,,296678,24,,,1,45,,296679,24,,,1,60,,296680,24,,,1,36,,296681,24,,,1,60,,296682,24,,,1,49,,296683,24,,,1,97,,296684,24,,,1
4300,'20261123',800,,296685,24,,,1,659,,296686,24,,,1,150,,296687,24,,,1,100,,296688,24,,,1,45,,296689,24,,,1,60,,296690,24,,,1,36,,296691,24,,,1,60,,296692,24,,,1,49,,296693,24,,,1,97,,296694,24,,,1
4300,'20261124',800,,296695,24,,,1,659,,296696,24,,,1,150,,296697,24,,,1,100,,296698,24,,,1,45,,296699,24,,,1,60,,296700,24,,,1,36,,296701,24,,,1,60,,296702,24,,,1,49,,296703,24,,,1,97,,296704,24,,,1
4300,'20261125',800,,296705,24,,,1,659,,296706,24,,,1,150,,296707,24,,,1,100,,296708,24,,,1,45,,296709,24,,,1,60,,296710,24,,,1,36,,296711,24,,,1,60,,296712,24,,,1,49,,296713,24,,,1,97,,296714,24,,,1
4300,'20261126',800,,296715,24,,,1,659,,296716,24,,,1,150,,296717,24,,,1,100,,296718,24,,,1,45,,296719,24,,,1,60,,296720,24,,,1,36,,296721,24,,,1,60,,296722,24,,,1,49,,296723,24,,,1,97,,296724,24,,,1
4300,'20261127',800,,296725,24,,,1,659,,296726,24,,,1,150,,296727,24,,,1,100,,296728,24,,,1,45,,296729,24,,,1,60,,296730,24,,,1,36,,296731,24,,,1,60,,296732,24,,,1,49,,296733,24,,,1,97,,296734,24,,,1
