3100,'20260917',432,,266932,23,0,16 29 30,1,80,,266933,23,0,57 29 30,1,1133,,266935,49,0,5 18 9,1,100,,266936,49,0,5 18 9,1,73,,266937,49,0,5 18 9,1,590,,266938,23,0,16 29 30,1,100,,266939,23,0,16 29 30,1
3100,'20260918',432,,266940,23,0,16 29 30,1,80,,266941,23,0,57 29 30,1,1133,,266943,49,0,5 18 9,1,100,,266944,49,0,5 18 9,1,73,,266945,49,0,5 18 9,1,590,,266946,23,0,16 29 30,1,100,,266947,23,0,16 29 30,1
3100,'20260919',533,,266948,23,0,16 29 30,1,20,,266949,11,0,77 29 30,1,55,,266950,11,0,78 29 30,1,25,,266951,23,0,57 29 30,1,15,,266952,11,0,77 29 30,1,55,,266954,11,0,77 29 30,1,1635,,266959,23,0,16 29 30,1,100,,266960,23,0,16 29 30,1
3100,'20260920',533,,266961,23,0,16 29 30,1,20,,266962,11,0,77 29 30,1,55,,266963,11,0,78 29 30,1,25,,266964,23,0,57 29 30,1,15,,266965,11,0,77 29 30,1,55,,266967,11,0,77 29 30,1,1635,,266972,23,0,16 29 30,1,100,,266973,23,0,16 29 30,1
3100,'20260921',432,,266974,23,0,16 29 30,1,80,,266975,23,0,57 29 30,1,1133,,266977,49,0,5 18 9,1,100,,266978,49,0,5 18 9,1,73,,266979,49,0,5 18 9,1,590,,266980,23,0,16 29 30,1,100,,266981,23,0,16 29 30,1
3100,'20260922',432,,266982,23,0,16 29 30,1,80,,266983,23,0,57 29 30,1,1133,,266985,49,0,5 18 9,1,100,,266986,49,0,5 18 9,1,73,,266987,49,0,5 18 9,1,590,,266988,23,0,16 29 30,1,100,,266989,23,0,16 29 30,1
3100,'20260923',432,,266990,23,0,16 29 30,1,80,,266991,23,0,57 29 30,1,1133,,266993,49,0,5 18 9,1,100,,266994,49,0,5 18 9,1,73,,266995,49,0,5 18 9,1,590,,266996,23,0,16 29 30,1,100,,266997,23,0,16 29 30,1
3100,'20260924',432,,266998,23,0,16 29 30,1,80,,266999,23,0,57 29 30,1,1133,,267001,49,0,5 18 9,1,100,,267002,49,0,5 18 9,1,73,,267003,49,0,5 18 9,1,590,,267004,23,0,16 29 30,1,100,,267005,23,0,16 29 30,1
3100,'20260925',432,,267006,23,0,16 29 30,1,80,,267007,23,0,57 29 30,1,1133,,267009,49,0,5 18 9,1,100,,267010,49,0,5 18 9,1,73,,267011,49,0,5 18 9,1,590,,267012,23,0,16 29 30,1,100,,267013,23,0,16 29 30,1
3100,'20260926',533,,267014,23,0,16 29 30,1,20,,267015,11,0,77 29 30,1,55,,267016,11,0,78 29 30,1,25,,267017,23,0,57 29 30,1,15,,267018,11,0,77 29 30,1,55,,267020,11,0,77 29 30,1,1635,,267021,23,0,16 29 30,1,100,,267022,23,0,16 29 30,1
3100,'20260927',533,,267023,23,0,16 29 30,1,20,,267024,11,0,77 29 30,1,55,,267025,11,0,78 29 30,1,25,,267026,23,0,57 29 30,1,15,,267027,11,0,77 29 30,1,55,,267029,11,0,77 29 30,1,1635,,267030,23,0,16 29 30,1,100,,267031,23,0,16 29 30,1
3100,'20260928',432,,267032,23,0,16 29 30,1,80,,267033,23,0,57 29 30,1,1133,,267035,49,0,5 18 9,1,100,,267036,49,0,5 18 9,1,73,,267037,49,0,5 18 9,1,590,,267038,23,0,16 29 30,1,100,,267039,23,0,16 29 30,1
3100,'20260929',432,,267040,23,0,16 29 30,1,80,,267041,23,0,57 29 30,1,1133,,267043,49,0,5 18 9,1,100,,267044,49,0,5 18 9,1,73,,267045,49,0,5 18 9,1,590,,267046,23,0,16 29 30,1,100,,267047,23,0,16 29 30,1
3100,'20260930',432,,267048,23,0,16 29 30,1,80,,267049,23,0,57 29 30,1,1133,,267051,49,0,5 18 9,1,100,,267052,49,0,5 18 9,1,73,,267053,49,0,5 18 9,1,590,,267054,23,0,16 29 30,1,100,,267055,23,0,16 29 30,1
3100,'20261001',432,,267056,23,0,16 29 30,1,80,,267057,23,0,57 29 30,1,1133,,267059,49,0,5 18 9,1,100,,267060,49,0,5 18 9,1,73,,267061,49,0,5 18 9,1,590,,267062,23,0,16 29 30,1,100,,267063,23,0,16 29 30,1
3100,'20261002',432,,267064,23,0,16 29 30,1,80,,267065,23,0,57 29 30,1,1133,,267067,49,0,5 18 9,1,100,,267068,49,0,5 18 9,1,73,,267069,49,0,5 18 9,1,590,,267070,23,0,16 29 30,1,100,,267071,23,0,16 29 30,1
3100,'20261003',533,,267072,23,0,16 29 30,1,20,,267073,11,0,77 29 30,1,55,,267074,11,0,78 29 30,1,25,,267075,23,0,57 29 30,1,15,,267076,11,0,77 29 30,1,55,,267078,11,0,77 29 30,1,1635,,267079,23,0,16 29 30,1,100,,267080,23,0,16 29 30,1
3100,'20261004',533,,267081,23,0,16 29 30,1,20,,267082,11,0,77 29 30,1,55,,267083,11,0,78 29 30,1,25,,267084,23,0,57 29 30,1,15,,267085,11,0,77 29 30,1,55,,267087,11,0,77 29 30,1,1635,,267088,23,0,16 29 30,1,100,,267089,23,0,16 29 30,1
3100,'20261005',432,,267090,23,0,16 29 30,1,80,,267091,23,0,57 29 30,1,1133,,267093,49,0,5 18 9,1,100,,267094,49,0,5 18 9,1,73,,267095,49,0,5 18 9,1,590,,267096,23,0,16 29 30,1,100,,267097,23,0,16 29 30,1
3100,'20261006',432,,267098,23,0,16 29 30,1,80,,267099,23,0,57 29 30,1,1133,,267101,49,0,5 18 9,1,100,,267102,49,0,5 18 9,1,73,,267103,49,0,5 18 9,1,590,,267104,23,0,16 29 30,1,100,,267105,23,0,16 29 30,1
3100,'20261007',432,,267106,23,0,16 29 30,1,80,,267107,23,0,57 29 30,1,1133,,267109,49,0,5 18 9,1,100,,267110,49,0,5 18 9,1,73,,267111,49,0,5 18 9,1,590,,267112,23,0,16 29 30,1,100,,267113,23,0,16 29 30,1
3100,'20261008',432,,267114,23,0,16 29 30,1,80,,267115,23,0,57 29 30,1,1133,,267117,49,0,5 18 9,1,100,,267118,49,0,5 18 9,1,73,,267119,49,0,5 18 9,1,590,,267120,23,0,16 29 30,1,100,,267121,23,0,16 29 30,1
3100,'20261009',432,,267122,23,0,16 29 30,1,80,,267123,23,0,57 29 30,1,1133,,267125,49,0,5 18 9,1,100,,267126,49,0,5 18 9,1,73,,267127,49,0,5 18 9,1,590,,267128,23,0,16 29 30,1,100,,267129,23,0,16 29 30,1
3100,'20261010',533,,267130,23,0,16 29 30,1,20,,267131,11,0,77 29 30,1,55,,267132,11,0,78 29 30,1,25,,267133,23,0,57 29 30,1,15,,267134,11,0,77 29 30,1,55,,267136,11,0,77 29 30,1,1635,,267137,23,0,16 29 30,1,100,,267138,23,0,16 29 30,1
3100,'20261011',533,,267139,23,0,16 29 30,1,20,,267140,11,0,77 29 30,1,55,,267141,11,0,78 29 30,1,25,,267142,23,0,57 29 30,1,15,,267143,11,0,77 29 30,1,55,,267145,11,0,77 29 30,1,1635,,267146,23,0,16 29 30,1,100,,267147,23,0,16 29 30,1
3100,'20261012',533,,267148,23,0,16 29 30,1,20,,267149,11,0,77 29 30,1,55,,267150,11,0,78 29 30,1,25,,267151,23,0,57 29 30,1,15,,267152,11,0,77 29 30,1,55,,267154,11,0,77 29 30,1,1635,,267155,23,0,16 29 30,1,100,,267156,23,0,16 29 30,1
3100,'20261013',432,,267157,23,0,16 29 30,1,80,,267158,23,0,57 29 30,1,1133,,267160,49,0,5 18 9,1,100,,267161,49,0,5 18 9,1,73,,267162,49,0,5 18 9,1,590,,267163,23,0,16 29 30,1,100,,267164,23,0,16 29 30,1
3100,'20261014',432,,267165,23,0,16 29 30,1,80,,267166,23,0,57 29 30,1,1133,,267168,49,0,5 18 9,1,100,,267169,49,0,5 18 9,1,73,,267170,49,0,5 18 9,1,590,,267171,23,0,16 29 30,1,100,,267172,23,0,16 29 30,1
3100,'20261015',432,,267173,23,0,16 29 30,1,80,,267174,23,0,57 29 30,1,1133,,267176,49,0,5 18 9,1,100,,267177,49,0,5 18 9,1,73,,267178,49,0,5 18 9,1,590,,267179,23,0,16 29 30,1,100,,267180,23,0,16 29 30,1
3100,'20261016',432,,267181,23,0,16 29 30,1,80,,267182,23,0,57 29 30,1,1133,,267184,49,0,5 18 9,1,100,,267185,49,0,5 18 9,1,73,,267186,49,0,5 18 9,1,590,,267187,23,0,16 29 30,1,100,,267188,23,0,16 29 30,1
3100,'20261017',533,,267189,23,0,16 29 30,1,20,,267190,11,0,77 29 30,1,55,,267191,11,0,78 29 30,1,25,,267192,23,0,57 29 30,1,15,,267193,11,0,77 29 30,1,55,,267195,11,0,77 29 30,1,1635,,267196,23,0,16 29 30,1,100,,267197,23,0,16 29 30,1
3100,'20261018',533,,267198,23,0,16 29 30,1,20,,267199,11,0,77 29 30,1,55,,267200,11,0,78 29 30,1,25,,267201,23,0,57 29 30,1,15,,267202,11,0,77 29 30,1,55,,267204,11,0,77 29 30,1,1635,,267205,23,0,16 29 30,1,100,,267206,23,0,16 29 30,1
3100,'20261019',432,,267207,23,0,16 29 30,1,80,,267208,23,0,57 29 30,1,1133,,267210,49,0,5 18 9,1,100,,267211,49,0,5 18 9,1,73,,267212,49,0,5 18 9,1,590,,267213,23,0,16 29 30,1,100,,267214,23,0,16 29 30,1
3100,'20261020',432,,267215,23,0,16 29 30,1,80,,267216,23,0,57 29 30,1,1133,,267218,49,0,5 18 9,1,100,,267219,49,0,5 18 9,1,73,,267220,49,0,5 18 9,1,590,,267221,23,0,16 29 30,1,100,,267222,23,0,16 29 30,1
3100,'20261021',432,,267223,23,0,16 29 30,1,80,,267224,23,0,57 29 30,1,1133,,267226,49,0,5 18 9,1,100,,267227,49,0,5 18 9,1,73,,267228,49,0,5 18 9,1,590,,267229,23,0,16 29 30,1,100,,267230,23,0,16 29 30,1
3100,'20261022',432,,267231,23,0,16 29 30,1,80,,267232,23,0,57 29 30,1,1133,,267234,49,0,5 18 9,1,100,,267235,49,0,5 18 9,1,73,,267236,49,0,5 18 9,1,590,,267237,23,0,16 29 30,1,100,,267238,23,0,16 29 30,1
3100,'20261023',432,,267239,23,0,16 29 30,1,80,,267240,23,0,57 29 30,1,1133,,267242,49,0,5 18 9,1,100,,267243,49,0,5 18 9,1,73,,267244,49,0,5 18 9,1,590,,267245,23,0,16 29 30,1,100,,267246,23,0,16 29 30,1
3100,'20261024',533,,267247,23,0,16 29 30,1,20,,267248,11,0,77 29 30,1,55,,267249,11,0,78 29 30,1,25,,267250,23,0,57 29 30,1,15,,267251,11,0,77 29 30,1,55,,267253,11,0,77 29 30,1,1635,,267254,23,0,16 29 30,1,100,,267255,23,0,16 29 30,1
3100,'20261025',533,,267256,23,0,16 29 30,1,20,,267257,11,0,77 29 30,1,55,,267258,11,0,78 29 30,1,25,,267259,23,0,57 29 30,1,15,,267260,11,0,77 29 30,1,55,,267262,11,0,77 29 30,1,1635,,267263,23,0,16 29 30,1,100,,267264,23,0,16 29 30,1
3100,'20261026',432,,267265,23,0,16 29 30,1,80,,267266,23,0,57 29 30,1,1133,,267268,49,0,5 18 9,1,100,,267269,49,0,5 18 9,1,73,,267270,49,0,5 18 9,1,590,,267271,23,0,16 29 30,1,100,,267272,23,0,16 29 30,1
3100,'20261027',432,,267273,23,0,16 29 30,1,80,,267274,23,0,57 29 30,1,1133,,267276,49,0,5 18 9,1,100,,267277,49,0,5 18 9,1,73,,267278,49,0,5 18 9,1,590,,267279,23,0,16 29 30,1,100,,267280,23,0,16 29 30,1
3100,'20261028',432,,267281,23,0,16 29 30,1,80,,267282,23,0,57 29 30,1,1133,,267284,49,0,5 18 9,1,100,,267285,49,0,5 18 9,1,73,,267286,49,0,5 18 9,1,590,,267287,23,0,16 29 30,1,100,,267288,23,0,16 29 30,1
3100,'20261029',432,,267289,23,0,16 29 30,1,80,,267290,23,0,57 29 30,1,1133,,267292,49,0,5 18 9,1,100,,267293,49,0,5 18 9,1,73,,267294,49,0,5 18 9,1,590,,267295,23,0,16 29 30,1,100,,267296,23,0,16 29 30,1
3100,'20261030',432,,267297,23,0,16 29 30,1,80,,267298,23,0,57 29 30,1,1133,,267300,49,0,5 18 9,1,100,,267301,49,0,5 18 9,1,73,,267302,49,0,5 18 9,1,590,,267303,23,0,16 29 30,1,100,,267304,23,0,16 29 30,1
3100,'20261031',533,,267305,23,0,16 29 30,1,20,,267306,11,0,77 29 30,1,55,,267307,11,0,78 29 30,1,25,,267308,23,0,57 29 30,1,15,,267309,11,0,77 29 30,1,55,,267311,11,0,77 29 30,1,1635,,267312,23,0,16 29 30,1,100,,267313,23,0,16 29 30,1
3100,'20261101',533,,267314,23,0,16 29 30,1,20,,267315,11,0,77 29 30,1,55,,267316,11,0,78 29 30,1,25,,267317,23,0,57 29 30,1,15,,267318,11,0,77 29 30,1,55,,267320,11,0,77 29 30,1,1635,,267321,23,0,16 29 30,1,100,,267322,23,0,16 29 30,1
3100,'20261102',432,,267323,23,0,16 29 30,1,80,,267324,23,0,57 29 30,1,1133,,267326,49,0,5 18 9,1,100,,267327,49,0,5 18 9,1,73,,267328,49,0,5 18 9,1,590,,267329,23,0,16 29 30,1,100,,267330,23,0,16 29 30,1
3100,'20261103',432,,267331,23,0,16 29 30,1,80,,267332,23,0,57 29 30,1,1133,,267334,49,0,5 18 9,1,100,,267335,49,0,5 18 9,1,73,,267336,49,0,5 18 9,1,590,,267337,23,0,16 29 30,1,100,,267338,23,0,16 29 30,1
3100,'20261104',432,,267339,23,0,16 29 30,1,80,,267340,23,0,57 29 30,1,1133,,267342,49,0,5 18 9,1,100,,267343,49,0,5 18 9,1,73,,267344,49,0,5 18 9,1,590,,267345,23,0,16 29 30,1,100,,267346,23,0,16 29 30,1
3100,'20261105',432,,267347,23,0,16 29 30,1,80,,267348,23,0,57 29 30,1,1133,,267350,49,0,5 18 9,1,100,,267351,49,0,5 18 9,1,73,,267352,49,0,5 18 9,1,590,,267353,23,0,16 29 30,1,100,,267354,23,0,16 29 30,1
3100,'20261106',432,,267355,23,0,16 29 30,1,80,,267356,23,0,57 29 30,1,1133,,267358,49,0,5 18 9,1,100,,267359,49,0,5 18 9,1,73,,267360,49,0,5 18 9,1,590,,267361,23,0,16 29 30,1,100,,267362,23,0,16 29 30,1
3100,'20261107',533,,267363,23,0,16 29 30,1,20,,267364,11,0,77 29 30,1,55,,267365,11,0,78 29 30,1,25,,267366,23,0,57 29 30,1,15,,267367,11,0,77 29 30,1,55,,267369,11,0,77 29 30,1,1635,,267370,23,0,16 29 30,1,100,,267371,23,0,16 29 30,1
3100,'20261108',533,,267372,23,0,16 29 30,1,20,,267373,11,0,77 29 30,1,55,,267374,11,0,78 29 30,1,25,,267375,23,0,57 29 30,1,15,,267376,11,0,77 29 30,1,55,,267378,11,0,77 29 30,1,1635,,267379,23,0,16 29 30,1,100,,267380,23,0,16 29 30,1
3100,'20261109',432,,267381,23,0,16 29 30,1,80,,267382,23,0,57 29 30,1,1133,,267384,49,0,5 18 9,1,100,,267385,49,0,5 18 9,1,73,,267386,49,0,5 18 9,1,590,,267387,23,0,16 29 30,1,100,,267388,23,0,16 29 30,1
3100,'20261110',432,,267389,23,0,16 29 30,1,80,,267390,23,0,57 29 30,1,1133,,267392,49,0,5 18 9,1,100,,267393,49,0,5 18 9,1,73,,267394,49,0,5 18 9,1,590,,267395,23,0,16 29 30,1,100,,267396,23,0,16 29 30,1
3100,'20261111',432,,267397,23,0,16 29 30,1,80,,267398,23,0,57 29 30,1,1133,,267400,49,0,5 18 9,1,100,,267401,49,0,5 18 9,1,73,,267402,49,0,5 18 9,1,590,,267403,23,0,16 29 30,1,100,,267404,23,0,16 29 30,1
3100,'20261112',432,,267405,23,0,16 29 30,1,80,,267406,23,0,57 29 30,1,1133,,267408,49,0,5 18 9,1,100,,267409,49,0,5 18 9,1,73,,267410,49,0,5 18 9,1,590,,267411,23,0,16 29 30,1,100,,267412,23,0,16 29 30,1
3100,'20261113',432,,267413,23,0,16 29 30,1,80,,267414,23,0,57 29 30,1,1133,,267416,49,0,5 18 9,1,100,,267417,49,0,5 18 9,1,73,,267418,49,0,5 18 9,1,590,,267419,23,0,16 29 30,1,100,,267420,23,0,16 29 30,1
3100,'20261114',533,,267421,23,0,16 29 30,1,20,,267422,11,0,77 29 30,1,55,,267423,11,0,78 29 30,1,25,,267424,23,0,57 29 30,1,15,,267425,11,0,77 29 30,1,55,,267427,11,0,77 29 30,1,1635,,267428,23,0,16 29 30,1,100,,267429,23,0,16 29 30,1
3100,'20261115',533,,267430,23,0,16 29 30,1,20,,267431,11,0,77 29 30,1,55,,267432,11,0,78 29 30,1,25,,267433,23,0,57 29 30,1,15,,267434,11,0,77 29 30,1,55,,267436,11,0,77 29 30,1,1635,,267437,23,0,16 29 30,1,100,,267438,23,0,16 29 30,1
3100,'20261116',432,,267439,23,0,16 29 30,1,80,,267440,23,0,57 29 30,1,1133,,267442,49,0,5 18 9,1,100,,267443,49,0,5 18 9,1,73,,267444,49,0,5 18 9,1,590,,267445,23,0,16 29 30,1,100,,267446,23,0,16 29 30,1
3100,'20261117',432,,267447,23,0,16 29 30,1,80,,267448,23,0,57 29 30,1,1133,,267450,49,0,5 18 9,1,100,,267451,49,0,5 18 9,1,73,,267452,49,0,5 18 9,1,590,,267453,23,0,16 29 30,1,100,,267454,23,0,16 29 30,1
3100,'20261118',432,,267455,23,0,16 29 30,1,80,,267456,23,0,57 29 30,1,1133,,267458,49,0,5 18 9,1,100,,267459,49,0,5 18 9,1,73,,267460,49,0,5 18 9,1,590,,267461,23,0,16 29 30,1,100,,267462,23,0,16 29 30,1
3100,'20261119',432,,267463,23,0,16 29 30,1,80,,267464,23,0,57 29 30,1,1133,,267466,49,0,5 18 9,1,100,,267467,49,0,5 18 9,1,73,,267468,49,0,5 18 9,1,590,,267469,23,0,16 29 30,1,100,,267470,23,0,16 29 30,1
3100,'20261120',432,,267471,23,0,16 29 30,1,80,,267472,23,0,57 29 30,1,1133,,267474,49,0,5 18 9,1,100,,267475,49,0,5 18 9,1,73,,267476,49,0,5 18 9,1,590,,267477,23,0,16 29 30,1,100,,267478,23,0,16 29 30,1
3100,'20261121',533,,267479,23,0,16 29 30,1,20,,267480,11,0,77 29 30,1,55,,267481,11,0,78 29 30,1,25,,267482,23,0,57 29 30,1,15,,267483,11,0,77 29 30,1,55,,267485,11,0,77 29 30,1,1635,,267486,23,0,16 29 30,1,100,,267487,23,0,16 29 30,1
3100,'20261122',533,,267488,23,0,16 29 30,1,20,,267489,11,0,77 29 30,1,55,,267490,11,0,78 29 30,1,25,,267491,23,0,57 29 30,1,15,,267492,11,0,77 29 30,1,55,,267494,11,0,77 29 30,1,1635,,267495,23,0,16 29 30,1,100,,267496,23,0,16 29 30,1
3100,'20261123',432,,267497,23,0,16 29 30,1,80,,267498,23,0,57 29 30,1,1133,,267500,49,0,5 18 9,1,100,,267501,49,0,5 18 9,1,73,,267502,49,0,5 18 9,1,590,,267503,23,0,16 29 30,1,100,,267504,23,0,16 29 30,1
3100,'20261124',432,,267505,23,0,16 29 30,1,80,,267506,23,0,57 29 30,1,1133,,267508,49,0,5 18 9,1,100,,267509,49,0,5 18 9,1,73,,267510,49,0,5 18 9,1,590,,267511,23,0,16 29 30,1,100,,267512,23,0,16 29 30,1
3100,'20261125',432,,267513,23,0,16 29 30,1,80,,267514,23,0,57 29 30,1,1133,,267516,49,0,5 18 9,1,100,,267517,49,0,5 18 9,1,73,,267518,49,0,5 18 9,1,590,,267519,23,0,16 29 30,1,100,,267520,23,0,16 29 30,1
3100,'20261126',432,,267521,23,0,16 29 30,1,80,,267522,23,0,57 29 30,1,1133,,267524,49,0,5 18 9,1,100,,267525,49,0,5 18 9,1,73,,267526,49,0,5 18 9,1,590,,267527,23,0,16 29 30,1,100,,267528,23,0,16 29 30,1
3100,'20261127',432,,267529,23,0,16 29 30,1,80,,267530,23,0,57 29 30,1,1133,,267532,49,0,5 18 9,1,100,,267533,49,0,5 18 9,1,73,,267534,49,0,5 18 9,1,590,,267535,23,0,16 29 30,1,100,,267536,23,0,16 29 30,1
3300,'20260917',532,,271070,23,0,16 24 25,1,23,,271071,11,0,5 24 25,1,60,,271072,11,0,5 24 25,1,15,,271073,11,0,5 24 25,1,15,,271074,23,0,16 24 25,1,55,,271075,11,0,5 24 25,1,15,,271076,11,0,5 24 25,1,10,,271077,49,,,1,10,,271078,11,0,5 24 25,1,15,,271079,11,0,5 24 25,1,70,,271080,23,0,16 24 25,1,95,,271081,49,,,1,25,,271082,11,0,5 24 25,1,70,,271083,11,0,5 24 25,1,100,,271085,11,0,5 24 25,1,100,,271086,11,0,5 24 25,1,100,,271088,11,0,5 24 25,1,95,,271089,11,0,5 24 25,1,100,,271091,11,0,5 24 25,1,105,,271093,11,0,5 24 25,1,45,,271094,4,0,7 24 25,1,65,,271095,4,0,7 24 25,1,30,,271096,4,0,7 24 25,1,101,,271097,49,,,1,80,,271098,49,,,1,80,,271100,11,0,5 24 25,1,100,,271102,11,0,5 24 25,1,98,,271104,11,0,5 24 25,1,91,,271105,23,0,52 18 9,1
3300,'20260918',532,,271106,23,0,16 24 25,1,23,,271107,11,0,5 24 25,1,60,,271108,11,0,5 24 25,1,15,,271109,11,0,5 24 25,1,15,,271110,23,0,16 24 25,1,55,,271111,11,0,5 24 25,1,15,,271112,11,0,5 24 25,1,10,,271113,49,,,1,10,,271114,11,0,5 24 25,1,15,,271115,11,0,5 24 25,1,70,,271116,23,0,16 24 25,1,95,,271117,49,,,1,25,,271118,11,0,5 24 25,1,70,,271119,11,0,5 24 25,1,100,,271121,11,0,5 24 25,1,100,,271122,11,0,5 24 25,1,100,,271124,11,0,5 24 25,1,95,,271125,11,0,5 24 25,1,100,,271127,11,0,5 24 25,1,105,,271129,11,0,5 24 25,1,45,,271130,4,0,7 24 25,1,65,,271131,4,0,7 24 25,1,30,,271132,4,0,7 24 25,1,101,,271133,49,,,1,80,,271134,49,,,1,80,,271136,11,0,5 24 25,1,100,,271138,11,0,5 24 25,1,98,,271140,11,0,5 24 25,1,91,,271141,23,0,52 18 9,1
3300,'20260919',757,,271142,49,,,1,198,,271143,49,,,1,202,,271145,49,,,1,243,,271146,49,,,1,200,,271147,49,,,1,157,,271148,49,,,1,200,,271150,49,,,1,200,,271151,49,,,1
3300,'20260920',757,,271153,49,,,1,198,,271154,49,,,1,202,,271156,49,,,1,243,,271157,49,,,1,200,,271158,49,,,1,157,,271159,49,,,1,200,,271161,49,,,1,200,,271162,49,,,1
3300,'20260921',532,,271164,23,0,16 24 25,1,23,,271165,11,0,5 24 25,1,60,,271166,11,0,5 24 25,1,15,,271167,11,0,5 24 25,1,15,,271168,23,0,16 24 25,1,55,,271169,11,0,5 24 25,1,15,,271170,11,0,5 24 25,1,10,,271171,49,,,1,10,,271172,11,0,5 24 25,1,15,,271173,11,0,5 24 25,1,70,,271174,23,0,16 24 25,1,95,,271175,49,,,1,25,,271176,11,0,5 24 25,1,70,,271177,11,0,5 24 25,1,100,,271179,11,0,5 24 25,1,100,,271180,11,0,5 24 25,1,100,,271182,11,0,5 24 25,1,95,,271183,11,0,5 24 25,1,100,,271185,11,0,5 24 25,1,105,,271187,11,0,5 24 25,1,45,,271188,4,0,7 24 25,1,65,,271189,4,0,7 24 25,1,30,,271190,4,0,7 24 25,1,101,,271191,49,,,1,80,,271192,49,,,1,80,,271194,11,0,5 24 25,1,100,,271196,11,0,5 24 25,1,98,,271198,11,0,5 24 25,1,91,,271199,23,0,52 18 9,1
3300,'20260922',532,,271200,23,0,16 24 25,1,23,,271201,11,0,5 24 25,1,60,,271202,11,0,5 24 25,1,15,,271203,11,0,5 24 25,1,15,,271204,23,0,16 24 25,1,55,,271205,11,0,5 24 25,1,15,,271206,11,0,5 24 25,1,10,,271207,49,,,1,10,,271208,11,0,5 24 25,1,15,,271209,11,0,5 24 25,1,70,,271210,23,0,16 24 25,1,95,,271211,49,,,1,25,,271212,11,0,5 24 25,1,70,,271213,11,0,5 24 25,1,100,,271215,11,0,5 24 25,1,100,,271216,11,0,5 24 25,1,100,,271218,11,0,5 24 25,1,95,,271219,11,0,5 24 25,1,100,,271221,11,0,5 24 25,1,105,,271223,11,0,5 24 25,1,45,,271224,4,0,7 24 25,1,65,,271225,4,0,7 24 25,1,30,,271226,4,0,7 24 25,1,101,,271227,49,,,1,80,,271228,49,,,1,80,,271230,11,0,5 24 25,1,100,,271232,11,0,5 24 25,1,98,,271234,11,0,5 24 25,1,91,,271235,23,0,52 18 9,1
3300,'20260923',532,,271236,23,0,16 24 25,1,23,,271237,11,0,5 24 25,1,60,,271238,11,0,5 24 25,1,15,,271239,11,0,5 24 25,1,15,,271240,23,0,16 24 25,1,55,,271241,11,0,5 24 25,1,15,,271242,11,0,5 24 25,1,10,,271243,49,,,1,10,,271244,11,0,5 24 25,1,15,,271245,11,0,5 24 25,1,70,,271246,23,0,16 24 25,1,95,,271247,49,,,1,25,,271248,11,0,5 24 25,1,70,,271249,11,0,5 24 25,1,100,,271251,11,0,5 24 25,1,100,,271252,11,0,5 24 25,1,100,,271254,11,0,5 24 25,1,95,,271255,11,0,5 24 25,1,100,,271257,11,0,5 24 25,1,105,,271259,11,0,5 24 25,1,45,,271260,4,0,7 24 25,1,65,,271261,4,0,7 24 25,1,30,,271262,4,0,7 24 25,1,101,,271263,49,,,1,80,,271264,49,,,1,80,,271266,11,0,5 24 25,1,100,,271268,11,0,5 24 25,1,98,,271270,11,0,5 24 25,1,91,,271271,23,0,52 18 9,1
3300,'20260924',532,,271272,23,0,16 24 25,1,23,,271273,11,0,5 24 25,1,60,,271274,11,0,5 24 25,1,15,,271275,11,0,5 24 25,1,15,,271276,23,0,16 24 25,1,55,,271277,11,0,5 24 25,1,15,,271278,11,0,5 24 25,1,10,,271279,49,,,1,10,,271280,11,0,5 24 25,1,15,,271281,11,0,5 24 25,1,70,,271282,23,0,16 24 25,1,95,,271283,49,,,1,25,,271284,11,0,5 24 25,1,70,,271285,11,0,5 24 25,1,100,,271287,11,0,5 24 25,1,100,,271288,11,0,5 24 25,1,100,,271290,11,0,5 24 25,1,95,,271291,11,0,5 24 25,1,100,,271293,11,0,5 24 25,1,105,,271295,11,0,5 24 25,1,45,,271296,4,0,7 24 25,1,65,,271297,4,0,7 24 25,1,30,,271298,4,0,7 24 25,1,101,,271299,49,,,1,80,,271300,49,,,1,80,,271302,11,0,5 24 25,1,100,,271304,11,0,5 24 25,1,98,,271306,11,0,5 24 25,1,91,,271307,23,0,52 18 9,1
3300,'20260925',532,,271308,23,0,16 24 25,1,23,,271309,11,0,5 24 25,1,60,,271310,11,0,5 24 25,1,15,,271311,11,0,5 24 25,1,15,,271312,23,0,16 24 25,1,55,,271313,11,0,5 24 25,1,15,,271314,11,0,5 24 25,1,10,,271315,49,,,1,10,,271316,11,0,5 24 25,1,15,,271317,11,0,5 24 25,1,70,,271318,23,0,16 24 25,1,95,,271319,49,,,1,25,,271320,11,0,5 24 25,1,70,,271321,11,0,5 24 25,1,100,,271323,11,0,5 24 25,1,100,,271324,11,0,5 24 25,1,100,,271326,11,0,5 24 25,1,95,,271327,11,0,5 24 25,1,100,,271329,11,0,5 24 25,1,105,,271331,11,0,5 24 25,1,45,,271332,4,0,7 24 25,1,65,,271333,4,0,7 24 25,1,30,,271334,4,0,7 24 25,1,101,,271335,49,,,1,80,,271336,49,,,1,80,,271338,11,0,5 24 25,1,100,,271340,11,0,5 24 25,1,98,,271342,11,0,5 24 25,1,91,,271343,23,0,52 18 9,1
3300,'20260926',757,,271344,49,,,1,198,,271345,49,,,1,202,,271347,49,,,1,243,,271348,49,,,1,200,,271349,49,,,1,157,,271350,49,,,1,200,,271352,49,,,1,200,,271353,49,,,1
3300,'20260927',757,,271355,49,,,1,198,,271356,49,,,1,202,,271358,49,,,1,243,,271359,49,,,1,200,,271360,49,,,1,157,,271361,49,,,1,200,,271363,49,,,1,200,,271364,49,,,1
3300,'20260928',532,,271366,23,0,16 24 25,1,23,,271367,11,0,5 24 25,1,60,,271368,11,0,5 24 25,1,15,,271369,11,0,5 24 25,1,15,,271370,23,0,16 24 25,1,55,,271371,11,0,5 24 25,1,15,,271372,11,0,5 24 25,1,10,,271373,49,,,1,10,,271374,11,0,5 24 25,1,15,,271375,11,0,5 24 25,1,70,,271376,23,0,16 24 25,1,95,,271377,49,,,1,25,,271378,11,0,5 24 25,1,70,,271379,11,0,5 24 25,1,100,,271381,11,0,5 24 25,1,100,,271382,11,0,5 24 25,1,100,,271384,11,0,5 24 25,1,95,,271385,11,0,5 24 25,1,100,,271387,11,0,5 24 25,1,105,,271389,11,0,5 24 25,1,45,,271390,4,0,7 24 25,1,65,,271391,4,0,7 24 25,1,30,,271392,4,0,7 24 25,1,101,,271393,49,,,1,80,,271394,49,,,1,80,,271396,11,0,5 24 25,1,100,,271398,11,0,5 24 25,1,98,,271400,11,0,5 24 25,1,91,,271401,23,0,52 18 9,1
3300,'20260929',532,,271402,23,0,16 24 25,1,23,,271403,11,0,5 24 25,1,60,,271404,11,0,5 24 25,1,15,,271405,11,0,5 24 25,1,15,,271406,23,0,16 24 25,1,55,,271407,11,0,5 24 25,1,15,,271408,11,0,5 24 25,1,10,,271409,49,,,1,10,,271410,11,0,5 24 25,1,15,,271411,11,0,5 24 25,1,70,,271412,23,0,16 24 25,1,95,,271413,49,,,1,25,,271414,11,0,5 24 25,1,70,,271415,11,0,5 24 25,1,100,,271417,11,0,5 24 25,1,100,,271418,11,0,5 24 25,1,100,,271420,11,0,5 24 25,1,95,,271421,11,0,5 24 25,1,100,,271423,11,0,5 24 25,1,105,,271425,11,0,5 24 25,1,45,,271426,4,0,7 24 25,1,65,,271427,4,0,7 24 25,1,30,,271428,4,0,7 24 25,1,101,,271429,49,,,1,80,,271430,49,,,1,80,,271432,11,0,5 24 25,1,100,,271434,11,0,5 24 25,1,98,,271436,11,0,5 24 25,1,91,,271437,23,0,52 18 9,1
3300,'20260930',532,,271438,23,0,16 24 25,1,23,,271439,11,0,5 24 25,1,60,,271440,11,0,5 24 25,1,15,,271441,11,0,5 24 25,1,15,,271442,23,0,16 24 25,1,55,,271443,11,0,5 24 25,1,15,,271444,11,0,5 24 25,1,10,,271445,49,,,1,10,,271446,11,0,5 24 25,1,15,,271447,11,0,5 24 25,1,70,,271448,23,0,16 24 25,1,95,,271449,49,,,1,25,,271450,11,0,5 24 25,1,70,,271451,11,0,5 24 25,1,100,,271453,11,0,5 24 25,1,100,,271454,11,0,5 24 25,1,100,,271456,11,0,5 24 25,1,95,,271457,11,0,5 24 25,1,100,,271459,11,0,5 24 25,1,105,,271461,11,0,5 24 25,1,45,,271462,4,0,7 24 25,1,65,,271463,4,0,7 24 25,1,30,,271464,4,0,7 24 25,1,101,,271465,49,,,1,80,,271466,49,,,1,80,,271468,11,0,5 24 25,1,100,,271470,11,0,5 24 25,1,98,,271472,11,0,5 24 25,1,91,,271473,23,0,52 18 9,1
3300,'20261001',532,,271474,23,0,16 24 25,1,23,,271475,11,0,5 24 25,1,60,,271476,11,0,5 24 25,1,15,,271477,11,0,5 24 25,1,15,,271478,23,0,16 24 25,1,55,,271479,11,0,5 24 25,1,15,,271480,11,0,5 24 25,1,10,,271481,49,,,1,10,,271482,11,0,5 24 25,1,15,,271483,11,0,5 24 25,1,70,,271484,23,0,16 24 25,1,95,,271485,49,,,1,25,,271486,11,0,5 24 25,1,70,,271487,11,0,5 24 25,1,100,,271489,11,0,5 24 25,1,100,,271490,11,0,5 24 25,1,100,,271492,11,0,5 24 25,1,95,,271493,11,0,5 24 25,1,100,,271495,11,0,5 24 25,1,105,,271497,11,0,5 24 25,1,45,,271498,4,0,7 24 25,1,65,,271499,4,0,7 24 25,1,30,,271500,4,0,7 24 25,1,101,,271501,49,,,1,80,,271502,49,,,1,80,,271504,11,0,5 24 25,1,100,,271506,11,0,5 24 25,1,98,,271508,11,0,5 24 25,1,91,,271509,23,0,52 18 9,1
3300,'20261002',532,,271510,23,0,16 24 25,1,23,,271511,11,0,5 24 25,1,60,,271512,11,0,5 24 25,1,15,,271513,11,0,5 24 25,1,15,,271514,23,0,16 24 25,1,55,,271515,11,0,5 24 25,1,15,,271516,11,0,5 24 25,1,10,,271517,49,,,1,10,,271518,11,0,5 24 25,1,15,,271519,11,0,5 24 25,1,70,,271520,23,0,16 24 25,1,95,,271521,49,,,1,25,,271522,11,0,5 24 25,1,70,,271523,11,0,5 24 25,1,100,,271525,11,0,5 24 25,1,100,,271526,11,0,5 24 25,1,100,,271528,11,0,5 24 25,1,95,,271529,11,0,5 24 25,1,100,,271531,11,0,5 24 25,1,105,,271533,11,0,5 24 25,1,45,,271534,4,0,7 24 25,1,65,,271535,4,0,7 24 25,1,30,,271536,4,0,7 24 25,1,101,,271537,49,,,1,80,,271538,49,,,1,80,,271540,11,0,5 24 25,1,100,,271542,11,0,5 24 25,1,98,,271544,11,0,5 24 25,1,91,,271545,23,0,52 18 9,1
3300,'20261003',757,,271546,49,,,1,198,,271547,49,,,1,202,,271549,49,,,1,243,,271550,49,,,1,200,,271551,49,,,1,157,,271552,49,,,1,200,,271554,49,,,1,200,,271555,49,,,1
3300,'20261004',757,,271557,49,,,1,198,,271558,49,,,1,202,,271560,49,,,1,243,,271561,49,,,1,200,,271562,49,,,1,157,,271563,49,,,1,200,,271565,49,,,1,200,,271566,49,,,1
3300,'20261005',532,,271568,23,0,16 24 25,1,23,,271569,11,0,5 24 25,1,60,,271570,11,0,5 24 25,1,15,,271571,11,0,5 24 25,1,15,,271572,23,0,16 24 25,1,55,,271573,11,0,5 24 25,1,15,,271574,11,0,5 24 25,1,10,,271575,49,,,1,10,,271576,11,0,5 24 25,1,15,,271577,11,0,5 24 25,1,70,,271578,23,0,16 24 25,1,95,,271579,49,,,1,25,,271580,11,0,5 24 25,1,70,,271581,11,0,5 24 25,1,100,,271583,11,0,5 24 25,1,100,,271584,11,0,5 24 25,1,100,,271586,11,0,5 24 25,1,95,,271587,11,0,5 24 25,1,100,,271589,11,0,5 24 25,1,105,,271591,11,0,5 24 25,1,45,,271592,4,0,7 24 25,1,65,,271593,4,0,7 24 25,1,30,,271594,4,0,7 24 25,1,101,,271595,49,,,1,80,,271596,49,,,1,80,,271598,11,0,5 24 25,1,100,,271600,11,0,5 24 25,1,98,,271602,11,0,5 24 25,1,91,,271603,23,0,52 18 9,1
3300,'20261006',532,,271604,23,0,16 24 25,1,23,,271605,11,0,5 24 25,1,60,,271606,11,0,5 24 25,1,15,,271607,11,0,5 24 25,1,15,,271608,23,0,16 24 25,1,55,,271609,11,0,5 24 25,1,15,,271610,11,0,5 24 25,1,10,,271611,49,,,1,10,,271612,11,0,5 24 25,1,15,,271613,11,0,5 24 25,1,70,,271614,23,0,16 24 25,1,95,,271615,49,,,1,25,,271616,11,0,5 24 25,1,70,,271617,11,0,5 24 25,1,100,,271619,11,0,5 24 25,1,100,,271620,11,0,5 24 25,1,100,,271622,11,0,5 24 25,1,95,,271623,11,0,5 24 25,1,100,,271625,11,0,5 24 25,1,105,,271627,11,0,5 24 25,1,45,,271628,4,0,7 24 25,1,65,,271629,4,0,7 24 25,1,30,,271630,4,0,7 24 25,1,101,,271631,49,,,1,80,,271632,49,,,1,80,,271634,11,0,5 24 25,1,100,,271636,11,0,5 24 25,1,98,,271638,11,0,5 24 25,1,91,,271639,23,0,52 18 9,1
3300,'20261007',532,,271640,23,0,16 24 25,1,23,,271641,11,0,5 24 25,1,60,,271642,11,0,5 24 25,1,15,,271643,11,0,5 24 25,1,15,,271644,23,0,16 24 25,1,55,,271645,11,0,5 24 25,1,15,,271646,11,0,5 24 25,1,10,,271647,49,,,1,10,,271648,11,0,5 24 25,1,15,,271649,11,0,5 24 25,1,70,,271650,23,0,16 24 25,1,95,,271651,49,,,1,25,,271652,11,0,5 24 25,1,70,,271653,11,0,5 24 25,1,100,,271655,11,0,5 24 25,1,100,,271656,11,0,5 24 25,1,100,,271658,11,0,5 24 25,1,95,,271659,11,0,5 24 25,1,100,,271661,11,0,5 24 25,1,105,,271663,11,0,5 24 25,1,45,,271664,4,0,7 24 25,1,65,,271665,4,0,7 24 25,1,30,,271666,4,0,7 24 25,1,101,,271667,49,,,1,80,,271668,49,,,1,80,,271670,11,0,5 24 25,1,100,,271672,11,0,5 24 25,1,98,,271674,11,0,5 24 25,1,91,,271675,23,0,52 18 9,1
3300,'20261008',532,,271676,23,0,16 24 25,1,23,,271677,11,0,5 24 25,1,60,,271678,11,0,5 24 25,1,15,,271679,11,0,5 24 25,1,15,,271680,23,0,16 24 25,1,55,,271681,11,0,5 24 25,1,15,,271682,11,0,5 24 25,1,10,,271683,49,,,1,10,,271684,11,0,5 24 25,1,15,,271685,11,0,5 24 25,1,70,,271686,23,0,16 24 25,1,95,,271687,49,,,1,25,,271688,11,0,5 24 25,1,70,,271689,11,0,5 24 25,1,100,,271691,11,0,5 24 25,1,100,,271692,11,0,5 24 25,1,100,,271694,11,0,5 24 25,1,95,,271695,11,0,5 24 25,1,100,,271697,11,0,5 24 25,1,105,,271699,11,0,5 24 25,1,45,,271700,4,0,7 24 25,1,65,,271701,4,0,7 24 25,1,30,,271702,4,0,7 24 25,1,101,,271703,49,,,1,80,,271704,49,,,1,80,,271706,11,0,5 24 25,1,100,,271708,11,0,5 24 25,1,98,,271710,11,0,5 24 25,1,91,,271711,23,0,52 18 9,1
3300,'20261009',532,,271712,23,0,16 24 25,1,23,,271713,11,0,5 24 25,1,60,,271714,11,0,5 24 25,1,15,,271715,11,0,5 24 25,1,15,,271716,23,0,16 24 25,1,55,,271717,11,0,5 24 25,1,15,,271718,11,0,5 24 25,1,10,,271719,49,,,1,10,,271720,11,0,5 24 25,1,15,,271721,11,0,5 24 25,1,70,,271722,23,0,16 24 25,1,95,,271723,49,,,1,25,,271724,11,0,5 24 25,1,70,,271725,11,0,5 24 25,1,100,,271727,11,0,5 24 25,1,100,,271728,11,0,5 24 25,1,100,,271730,11,0,5 24 25,1,95,,271731,11,0,5 24 25,1,100,,271733,11,0,5 24 25,1,105,,271735,11,0,5 24 25,1,45,,271736,4,0,7 24 25,1,65,,271737,4,0,7 24 25,1,30,,271738,4,0,7 24 25,1,101,,271739,49,,,1,80,,271740,49,,,1,80,,271742,11,0,5 24 25,1,100,,271744,11,0,5 24 25,1,98,,271746,11,0,5 24 25,1,91,,271747,23,0,52 18 9,1
3300,'20261010',757,,271748,49,,,1,198,,271749,49,,,1,202,,271751,49,,,1,243,,271752,49,,,1,200,,271753,49,,,1,157,,271754,49,,,1,200,,271756,49,,,1,200,,271757,49,,,1
3300,'20261011',757,,271759,49,,,1,198,,271760,49,,,1,202,,271762,49,,,1,243,,271763,49,,,1,200,,271764,49,,,1,157,,271765,49,,,1,200,,271767,49,,,1,200,,271768,49,,,1
3300,'20261012',757,,271770,49,,,1,198,,271771,49,,,1,202,,271773,49,,,1,243,,271774,49,,,1,200,,271775,49,,,1,157,,271776,49,,,1,200,,271778,49,,,1,200,,271779,49,,,1
3300,'20261013',532,,271781,23,0,16 24 25,1,23,,271782,11,0,5 24 25,1,60,,271783,11,0,5 24 25,1,15,,271784,11,0,5 24 25,1,15,,271785,23,0,16 24 25,1,55,,271786,11,0,5 24 25,1,15,,271787,11,0,5 24 25,1,10,,271788,49,,,1,10,,271789,11,0,5 24 25,1,15,,271790,11,0,5 24 25,1,70,,271791,23,0,16 24 25,1,95,,271792,49,,,1,25,,271793,11,0,5 24 25,1,70,,271794,11,0,5 24 25,1,100,,271796,11,0,5 24 25,1,100,,271797,11,0,5 24 25,1,100,,271799,11,0,5 24 25,1,95,,271800,11,0,5 24 25,1,100,,271802,11,0,5 24 25,1,105,,271804,11,0,5 24 25,1,45,,271805,4,0,7 24 25,1,65,,271806,4,0,7 24 25,1,30,,271807,4,0,7 24 25,1,101,,271808,49,,,1,80,,271809,49,,,1,80,,271811,11,0,5 24 25,1,100,,271813,11,0,5 24 25,1,98,,271815,11,0,5 24 25,1,91,,271816,23,0,52 18 9,1
3300,'20261014',532,,271817,23,0,16 24 25,1,23,,271818,11,0,5 24 25,1,60,,271819,11,0,5 24 25,1,15,,271820,11,0,5 24 25,1,15,,271821,23,0,16 24 25,1,55,,271822,11,0,5 24 25,1,15,,271823,11,0,5 24 25,1,10,,271824,49,,,1,10,,271825,11,0,5 24 25,1,15,,271826,11,0,5 24 25,1,70,,271827,23,0,16 24 25,1,95,,271828,49,,,1,25,,271829,11,0,5 24 25,1,70,,271830,11,0,5 24 25,1,100,,271832,11,0,5 24 25,1,100,,271833,11,0,5 24 25,1,100,,271835,11,0,5 24 25,1,95,,271836,11,0,5 24 25,1,100,,271838,11,0,5 24 25,1,105,,271840,11,0,5 24 25,1,45,,271841,4,0,7 24 25,1,65,,271842,4,0,7 24 25,1,30,,271843,4,0,7 24 25,1,101,,271844,49,,,1,80,,271845,49,,,1,80,,271847,11,0,5 24 25,1,100,,271849,11,0,5 24 25,1,98,,271851,11,0,5 24 25,1,91,,271852,23,0,52 18 9,1
3300,'20261015',532,,271853,23,0,16 24 25,1,23,,271854,11,0,5 24 25,1,60,,271855,11,0,5 24 25,1,15,,271856,11,0,5 24 25,1,15,,271857,23,0,16 24 25,1,55,,271858,11,0,5 24 25,1,15,,271859,11,0,5 24 25,1,10,,271860,49,,,1,10,,271861,11,0,5 24 25,1,15,,271862,11,0,5 24 25,1,70,,271863,23,0,16 24 25,1,95,,271864,49,,,1,25,,271865,11,0,5 24 25,1,70,,271866,11,0,5 24 25,1,100,,271868,11,0,5 24 25,1,100,,271869,11,0,5 24 25,1,100,,271871,11,0,5 24 25,1,95,,271872,11,0,5 24 25,1,100,,271874,11,0,5 24 25,1,105,,271876,11,0,5 24 25,1,45,,271877,4,0,7 24 25,1,65,,271878,4,0,7 24 25,1,30,,271879,4,0,7 24 25,1,101,,271880,49,,,1,80,,271881,49,,,1,80,,271883,11,0,5 24 25,1,100,,271885,11,0,5 24 25,1,98,,271887,11,0,5 24 25,1,91,,271888,23,0,52 18 9,1
3300,'20261016',532,,271889,23,0,16 24 25,1,23,,271890,11,0,5 24 25,1,60,,271891,11,0,5 24 25,1,15,,271892,11,0,5 24 25,1,15,,271893,23,0,16 24 25,1,55,,271894,11,0,5 24 25,1,15,,271895,11,0,5 24 25,1,10,,271896,49,,,1,10,,271897,11,0,5 24 25,1,15,,271898,11,0,5 24 25,1,70,,271899,23,0,16 24 25,1,95,,271900,49,,,1,25,,271901,11,0,5 24 25,1,70,,271902,11,0,5 24 25,1,100,,271904,11,0,5 24 25,1,100,,271905,11,0,5 24 25,1,100,,271907,11,0,5 24 25,1,95,,271908,11,0,5 24 25,1,100,,271910,11,0,5 24 25,1,105,,271912,11,0,5 24 25,1,45,,271913,4,0,7 24 25,1,65,,271914,4,0,7 24 25,1,30,,271915,4,0,7 24 25,1,101,,271916,49,,,1,80,,271917,49,,,1,80,,271919,11,0,5 24 25,1,100,,271921,11,0,5 24 25,1,98,,271923,11,0,5 24 25,1,91,,271924,23,0,52 18 9,1
3300,'20261017',757,,271925,49,,,1,198,,271926,49,,,1,202,,271928,49,,,1,243,,271929,49,,,1,200,,271930,49,,,1,157,,271931,49,,,1,200,,271933,49,,,1,200,,271934,49,,,1
3300,'20261018',757,,271936,49,,,1,198,,271937,49,,,1,202,,271939,49,,,1,243,,271940,49,,,1,200,,271941,49,,,1,157,,271942,49,,,1,200,,271944,49,,,1,200,,271945,49,,,1
3300,'20261019',532,,271947,23,0,16 24 25,1,23,,271948,11,0,5 24 25,1,60,,271949,11,0,5 24 25,1,15,,271950,11,0,5 24 25,1,15,,271951,23,0,16 24 25,1,55,,271952,11,0,5 24 25,1,15,,271953,11,0,5 24 25,1,10,,271954,49,,,1,10,,271955,11,0,5 24 25,1,15,,271956,11,0,5 24 25,1,70,,271957,23,0,16 24 25,1,95,,271958,49,,,1,25,,271959,11,0,5 24 25,1,70,,271960,11,0,5 24 25,1,100,,271962,11,0,5 24 25,1,100,,271963,11,0,5 24 25,1,100,,271965,11,0,5 24 25,1,95,,271966,11,0,5 24 25,1,100,,271968,11,0,5 24 25,1,105,,271970,11,0,5 24 25,1,45,,271971,4,0,7 24 25,1,65,,271972,4,0,7 24 25,1,30,,271973,4,0,7 24 25,1,101,,271974,49,,,1,80,,271975,49,,,1,80,,271977,11,0,5 24 25,1,100,,271979,11,0,5 24 25,1,98,,271981,11,0,5 24 25,1,91,,271982,23,0,52 18 9,1
3300,'20261020',532,,271983,23,0,16 24 25,1,23,,271984,11,0,5 24 25,1,60,,271985,11,0,5 24 25,1,15,,271986,11,0,5 24 25,1,15,,271987,23,0,16 24 25,1,55,,271988,11,0,5 24 25,1,15,,271989,11,0,5 24 25,1,10,,271990,49,,,1,10,,271991,11,0,5 24 25,1,15,,271992,11,0,5 24 25,1,70,,271993,23,0,16 24 25,1,95,,271994,49,,,1,25,,271995,11,0,5 24 25,1,70,,271996,11,0,5 24 25,1,100,,271998,11,0,5 24 25,1,100,,271999,11,0,5 24 25,1,100,,272001,11,0,5 24 25,1,95,,272002,11,0,5 24 25,1,100,,272004,11,0,5 24 25,1,105,,272006,11,0,5 24 25,1,45,,272007,4,0,7 24 25,1,65,,272008,4,0,7 24 25,1,30,,272009,4,0,7 24 25,1,101,,272010,49,,,1,80,,272011,49,,,1,80,,272013,11,0,5 24 25,1,100,,272015,11,0,5 24 25,1,98,,272017,11,0,5 24 25,1,91,,272018,23,0,52 18 9,1
3300,'20261021',532,,272019,23,0,16 24 25,1,23,,272020,11,0,5 24 25,1,60,,272021,11,0,5 24 25,1,15,,272022,11,0,5 24 25,1,15,,272023,23,0,16 24 25,1,55,,272024,11,0,5 24 25,1,15,,272025,11,0,5 24 25,1,10,,272026,49,,,1,10,,272027,11,0,5 24 25,1,15,,272028,11,0,5 24 25,1,70,,272029,23,0,16 24 25,1,95,,272030,49,,,1,25,,272031,11,0,5 24 25,1,70,,272032,11,0,5 24 25,1,100,,272034,11,0,5 24 25,1,100,,272035,11,0,5 24 25,1,100,,272037,11,0,5 24 25,1,95,,272038,11,0,5 24 25,1,100,,272040,11,0,5 24 25,1,105,,272042,11,0,5 24 25,1,45,,272043,4,0,7 24 25,1,65,,272044,4,0,7 24 25,1,30,,272045,4,0,7 24 25,1,101,,272046,49,,,1,80,,272047,49,,,1,80,,272049,11,0,5 24 25,1,100,,272051,11,0,5 24 25,1,98,,272053,11,0,5 24 25,1,91,,272054,23,0,52 18 9,1
3300,'20261022',532,,272055,23,0,16 24 25,1,23,,272056,11,0,5 24 25,1,60,,272057,11,0,5 24 25,1,15,,272058,11,0,5 24 25,1,15,,272059,23,0,16 24 25,1,55,,272060,11,0,5 24 25,1,15,,272061,11,0,5 24 25,1,10,,272062,49,,,1,10,,272063,11,0,5 24 25,1,15,,272064,11,0,5 24 25,1,70,,272065,23,0,16 24 25,1,95,,272066,49,,,1,25,,272067,11,0,5 24 25,1,70,,272068,11,0,5 24 25,1,100,,272070,11,0,5 24 25,1,100,,272071,11,0,5 24 25,1,100,,272073,11,0,5 24 25,1,95,,272074,11,0,5 24 25,1,100,,272076,11,0,5 24 25,1,105,,272078,11,0,5 24 25,1,45,,272079,4,0,7 24 25,1,65,,272080,4,0,7 24 25,1,30,,272081,4,0,7 24 25,1,101,,272082,49,,,1,80,,272083,49,,,1,80,,272085,11,0,5 24 25,1,100,,272087,11,0,5 24 25,1,98,,272089,11,0,5 24 25,1,91,,272090,23,0,52 18 9,1
3300,'20261023',532,,272091,23,0,16 24 25,1,23,,272092,11,0,5 24 25,1,60,,272093,11,0,5 24 25,1,15,,272094,11,0,5 24 25,1,15,,272095,23,0,16 24 25,1,55,,272096,11,0,5 24 25,1,15,,272097,11,0,5 24 25,1,10,,272098,49,,,1,10,,272099,11,0,5 24 25,1,15,,272100,11,0,5 24 25,1,70,,272101,23,0,16 24 25,1,95,,272102,49,,,1,25,,272103,11,0,5 24 25,1,70,,272104,11,0,5 24 25,1,100,,272106,11,0,5 24 25,1,100,,272107,11,0,5 24 25,1,100,,272109,11,0,5 24 25,1,95,,272110,11,0,5 24 25,1,100,,272112,11,0,5 24 25,1,105,,272114,11,0,5 24 25,1,45,,272115,4,0,7 24 25,1,65,,272116,4,0,7 24 25,1,30,,272117,4,0,7 24 25,1,101,,272118,49,,,1,80,,272119,49,,,1,80,,272121,11,0,5 24 25,1,100,,272123,11,0,5 24 25,1,98,,272125,11,0,5 24 25,1,91,,272126,23,0,52 18 9,1
3300,'20261024',757,,272127,49,,,1,198,,272128,49,,,1,202,,272130,49,,,1,243,,272131,49,,,1,200,,272132,49,,,1,157,,272133,49,,,1,200,,272135,49,,,1,200,,272136,49,,,1
3300,'20261025',757,,272138,49,,,1,198,,272139,49,,,1,202,,272141,49,,,1,243,,272142,49,,,1,200,,272143,49,,,1,157,,272144,49,,,1,200,,272146,49,,,1,200,,272147,49,,,1
3300,'20261026',532,,272149,23,0,16 24 25,1,23,,272150,11,0,5 24 25,1,60,,272151,11,0,5 24 25,1,15,,272152,11,0,5 24 25,1,15,,272153,23,0,16 24 25,1,55,,272154,11,0,5 24 25,1,15,,272155,11,0,5 24 25,1,10,,272156,49,,,1,10,,272157,11,0,5 24 25,1,15,,272158,11,0,5 24 25,1,70,,272159,23,0,16 24 25,1,95,,272160,49,,,1,25,,272161,11,0,5 24 25,1,70,,272162,11,0,5 24 25,1,100,,272164,11,0,5 24 25,1,100,,272165,11,0,5 24 25,1,100,,272167,11,0,5 24 25,1,95,,272168,11,0,5 24 25,1,100,,272170,11,0,5 24 25,1,105,,272172,11,0,5 24 25,1,45,,272173,4,0,7 24 25,1,65,,272174,4,0,7 24 25,1,30,,272175,4,0,7 24 25,1,101,,272176,49,,,1,80,,272177,49,,,1,80,,272179,11,0,5 24 25,1,100,,272181,11,0,5 24 25,1,98,,272183,11,0,5 24 25,1,91,,272184,23,0,52 18 9,1
3300,'20261027',532,,272185,23,0,16 24 25,1,23,,272186,11,0,5 24 25,1,60,,272187,11,0,5 24 25,1,15,,272188,11,0,5 24 25,1,15,,272189,23,0,16 24 25,1,55,,272190,11,0,5 24 25,1,15,,272191,11,0,5 24 25,1,10,,272192,49,,,1,10,,272193,11,0,5 24 25,1,15,,272194,11,0,5 24 25,1,70,,272195,23,0,16 24 25,1,95,,272196,49,,,1,25,,272197,11,0,5 24 25,1,70,,272198,11,0,5 24 25,1,100,,272200,11,0,5 24 25,1,100,,272201,11,0,5 24 25,1,100,,272203,11,0,5 24 25,1,95,,272204,11,0,5 24 25,1,100,,272206,11,0,5 24 25,1,105,,272208,11,0,5 24 25,1,45,,272209,4,0,7 24 25,1,65,,272210,4,0,7 24 25,1,30,,272211,4,0,7 24 25,1,101,,272212,49,,,1,80,,272213,49,,,1,80,,272215,11,0,5 24 25,1,100,,272217,11,0,5 24 25,1,98,,272219,11,0,5 24 25,1,91,,272220,23,0,52 18 9,1
3300,'20261028',532,,272221,23,0,16 24 25,1,23,,272222,11,0,5 24 25,1,60,,272223,11,0,5 24 25,1,15,,272224,11,0,5 24 25,1,15,,272225,23,0,16 24 25,1,55,,272226,11,0,5 24 25,1,15,,272227,11,0,5 24 25,1,10,,272228,49,,,1,10,,272229,11,0,5 24 25,1,15,,272230,11,0,5 24 25,1,70,,272231,23,0,16 24 25,1,95,,272232,49,,,1,25,,272233,11,0,5 24 25,1,70,,272234,11,0,5 24 25,1,100,,272236,11,0,5 24 25,1,100,,272237,11,0,5 24 25,1,100,,272239,11,0,5 24 25,1,95,,272240,11,0,5 24 25,1,100,,272242,11,0,5 24 25,1,105,,272244,11,0,5 24 25,1,45,,272245,4,0,7 24 25,1,65,,272246,4,0,7 24 25,1,30,,272247,4,0,7 24 25,1,101,,272248,49,,,1,80,,272249,49,,,1,80,,272251,11,0,5 24 25,1,100,,272253,11,0,5 24 25,1,98,,272255,11,0,5 24 25,1,91,,272256,23,0,52 18 9,1
3300,'20261029',532,,272257,23,0,16 24 25,1,23,,272258,11,0,5 24 25,1,60,,272259,11,0,5 24 25,1,15,,272260,11,0,5 24 25,1,15,,272261,23,0,16 24 25,1,55,,272262,11,0,5 24 25,1,15,,272263,11,0,5 24 25,1,10,,272264,49,,,1,10,,272265,11,0,5 24 25,1,15,,272266,11,0,5 24 25,1,70,,272267,23,0,16 24 25,1,95,,272268,49,,,1,25,,272269,11,0,5 24 25,1,70,,272270,11,0,5 24 25,1,100,,272272,11,0,5 24 25,1,100,,272273,11,0,5 24 25,1,100,,272275,11,0,5 24 25,1,95,,272276,11,0,5 24 25,1,100,,272278,11,0,5 24 25,1,105,,272280,11,0,5 24 25,1,45,,272281,4,0,7 24 25,1,65,,272282,4,0,7 24 25,1,30,,272283,4,0,7 24 25,1,101,,272284,49,,,1,80,,272285,49,,,1,80,,272287,11,0,5 24 25,1,100,,272289,11,0,5 24 25,1,98,,272291,11,0,5 24 25,1,91,,272292,23,0,52 18 9,1
3300,'20261030',532,,272293,23,0,16 24 25,1,23,,272294,11,0,5 24 25,1,60,,272295,11,0,5 24 25,1,15,,272296,11,0,5 24 25,1,15,,272297,23,0,16 24 25,1,55,,272298,11,0,5 24 25,1,15,,272299,11,0,5 24 25,1,10,,272300,49,,,1,10,,272301,11,0,5 24 25,1,15,,272302,11,0,5 24 25,1,70,,272303,23,0,16 24 25,1,95,,272304,49,,,1,25,,272305,11,0,5 24 25,1,70,,272306,11,0,5 24 25,1,100,,272308,11,0,5 24 25,1,100,,272309,11,0,5 24 25,1,100,,272311,11,0,5 24 25,1,95,,272312,11,0,5 24 25,1,100,,272314,11,0,5 24 25,1,105,,272316,11,0,5 24 25,1,45,,272317,4,0,7 24 25,1,65,,272318,4,0,7 24 25,1,30,,272319,4,0,7 24 25,1,101,,272320,49,,,1,80,,272321,49,,,1,80,,272323,11,0,5 24 25,1,100,,272325,11,0,5 24 25,1,98,,272327,11,0,5 24 25,1,91,,272328,23,0,52 18 9,1
3300,'20261031',757,,272329,49,,,1,198,,272330,49,,,1,202,,272332,49,,,1,243,,272333,49,,,1,200,,272334,49,,,1,157,,272335,49,,,1,200,,272337,49,,,1,200,,272338,49,,,1
3300,'20261101',757,,272340,49,,,1,198,,272341,49,,,1,202,,272343,49,,,1,243,,272344,49,,,1,200,,272345,49,,,1,157,,272346,49,,,1,200,,272348,49,,,1,200,,272349,49,,,1
3300,'20261102',532,,272351,23,0,16 24 25,1,23,,272352,11,0,5 24 25,1,60,,272353,11,0,5 24 25,1,15,,272354,11,0,5 24 25,1,15,,272355,23,0,16 24 25,1,55,,272356,11,0,5 24 25,1,15,,272357,11,0,5 24 25,1,10,,272358,49,,,1,10,,272359,11,0,5 24 25,1,15,,272360,11,0,5 24 25,1,70,,272361,23,0,16 24 25,1,95,,272362,49,,,1,25,,272363,11,0,5 24 25,1,70,,272364,11,0,5 24 25,1,100,,272366,11,0,5 24 25,1,100,,272367,11,0,5 24 25,1,100,,272369,11,0,5 24 25,1,95,,272370,11,0,5 24 25,1,100,,272372,11,0,5 24 25,1,105,,272374,11,0,5 24 25,1,45,,272375,4,0,7 24 25,1,65,,272376,4,0,7 24 25,1,30,,272377,4,0,7 24 25,1,101,,272378,49,,,1,80,,272379,49,,,1,80,,272381,11,0,5 24 25,1,100,,272383,11,0,5 24 25,1,98,,272385,11,0,5 24 25,1,91,,272386,23,0,52 18 9,1
3300,'20261103',532,,272387,23,0,16 24 25,1,23,,272388,11,0,5 24 25,1,60,,272389,11,0,5 24 25,1,15,,272390,11,0,5 24 25,1,15,,272391,23,0,16 24 25,1,55,,272392,11,0,5 24 25,1,15,,272393,11,0,5 24 25,1,10,,272394,49,,,1,10,,272395,11,0,5 24 25,1,15,,272396,11,0,5 24 25,1,70,,272397,23,0,16 24 25,1,95,,272398,49,,,1,25,,272399,11,0,5 24 25,1,70,,272400,11,0,5 24 25,1,100,,272402,11,0,5 24 25,1,100,,272403,11,0,5 24 25,1,100,,272405,11,0,5 24 25,1,95,,272406,11,0,5 24 25,1,100,,272408,11,0,5 24 25,1,105,,272410,11,0,5 24 25,1,45,,272411,4,0,7 24 25,1,65,,272412,4,0,7 24 25,1,30,,272413,4,0,7 24 25,1,101,,272414,49,,,1,80,,272415,49,,,1,80,,272417,11,0,5 24 25,1,100,,272419,11,0,5 24 25,1,98,,272421,11,0,5 24 25,1,91,,272422,23,0,52 18 9,1
3300,'20261104',532,,272423,23,0,16 24 25,1,23,,272424,11,0,5 24 25,1,60,,272425,11,0,5 24 25,1,15,,272426,11,0,5 24 25,1,15,,272427,23,0,16 24 25,1,55,,272428,11,0,5 24 25,1,15,,272429,11,0,5 24 25,1,10,,272430,49,,,1,10,,272431,11,0,5 24 25,1,15,,272432,11,0,5 24 25,1,70,,272433,23,0,16 24 25,1,95,,272434,49,,,1,25,,272435,11,0,5 24 25,1,70,,272436,11,0,5 24 25,1,100,,272438,11,0,5 24 25,1,100,,272439,11,0,5 24 25,1,100,,272441,11,0,5 24 25,1,95,,272442,11,0,5 24 25,1,100,,272444,11,0,5 24 25,1,105,,272446,11,0,5 24 25,1,45,,272447,4,0,7 24 25,1,65,,272448,4,0,7 24 25,1,30,,272449,4,0,7 24 25,1,101,,272450,49,,,1,80,,272451,49,,,1,80,,272453,11,0,5 24 25,1,100,,272455,11,0,5 24 25,1,98,,272457,11,0,5 24 25,1,91,,272458,23,0,52 18 9,1
3300,'20261105',532,,272459,23,0,16 24 25,1,23,,272460,11,0,5 24 25,1,60,,272461,11,0,5 24 25,1,15,,272462,11,0,5 24 25,1,15,,272463,23,0,16 24 25,1,55,,272464,11,0,5 24 25,1,15,,272465,11,0,5 24 25,1,10,,272466,49,,,1,10,,272467,11,0,5 24 25,1,15,,272468,11,0,5 24 25,1,70,,272469,23,0,16 24 25,1,95,,272470,49,,,1,25,,272471,11,0,5 24 25,1,70,,272472,11,0,5 24 25,1,100,,272474,11,0,5 24 25,1,100,,272475,11,0,5 24 25,1,100,,272477,11,0,5 24 25,1,95,,272478,11,0,5 24 25,1,100,,272480,11,0,5 24 25,1,105,,272482,11,0,5 24 25,1,45,,272483,4,0,7 24 25,1,65,,272484,4,0,7 24 25,1,30,,272485,4,0,7 24 25,1,101,,272486,49,,,1,80,,272487,49,,,1,80,,272489,11,0,5 24 25,1,100,,272491,11,0,5 24 25,1,98,,272493,11,0,5 24 25,1,91,,272494,23,0,52 18 9,1
3300,'20261106',532,,272495,23,0,16 24 25,1,23,,272496,11,0,5 24 25,1,60,,272497,11,0,5 24 25,1,15,,272498,11,0,5 24 25,1,15,,272499,23,0,16 24 25,1,55,,272500,11,0,5 24 25,1,15,,272501,11,0,5 24 25,1,10,,272502,49,,,1,10,,272503,11,0,5 24 25,1,15,,272504,11,0,5 24 25,1,70,,272505,23,0,16 24 25,1,95,,272506,49,,,1,25,,272507,11,0,5 24 25,1,70,,272508,11,0,5 24 25,1,100,,272510,11,0,5 24 25,1,100,,272511,11,0,5 24 25,1,100,,272513,11,0,5 24 25,1,95,,272514,11,0,5 24 25,1,100,,272516,11,0,5 24 25,1,105,,272518,11,0,5 24 25,1,45,,272519,4,0,7 24 25,1,65,,272520,4,0,7 24 25,1,30,,272521,4,0,7 24 25,1,101,,272522,49,,,1,80,,272523,49,,,1,80,,272525,11,0,5 24 25,1,100,,272527,11,0,5 24 25,1,98,,272529,11,0,5 24 25,1,91,,272530,23,0,52 18 9,1
3300,'20261107',757,,272531,49,,,1,198,,272532,49,,,1,202,,272534,49,,,1,243,,272535,49,,,1,200,,272536,49,,,1,157,,272537,49,,,1,200,,272539,49,,,1,200,,272540,49,,,1
3300,'20261108',757,,272542,49,,,1,198,,272543,49,,,1,202,,272545,49,,,1,243,,272546,49,,,1,200,,272547,49,,,1,157,,272548,49,,,1,200,,272550,49,,,1,200,,272551,49,,,1
3300,'20261109',532,,272553,23,0,16 24 25,1,23,,272554,11,0,5 24 25,1,60,,272555,11,0,5 24 25,1,15,,272556,11,0,5 24 25,1,15,,272557,23,0,16 24 25,1,55,,272558,11,0,5 24 25,1,15,,272559,11,0,5 24 25,1,10,,272560,49,,,1,10,,272561,11,0,5 24 25,1,15,,272562,11,0,5 24 25,1,70,,272563,23,0,16 24 25,1,95,,272564,49,,,1,25,,272565,11,0,5 24 25,1,70,,272566,11,0,5 24 25,1,100,,272568,11,0,5 24 25,1,100,,272569,11,0,5 24 25,1,100,,272571,11,0,5 24 25,1,95,,272572,11,0,5 24 25,1,100,,272574,11,0,5 24 25,1,105,,272576,11,0,5 24 25,1,45,,272577,4,0,7 24 25,1,65,,272578,4,0,7 24 25,1,30,,272579,4,0,7 24 25,1,101,,272580,49,,,1,80,,272581,49,,,1,80,,272583,11,0,5 24 25,1,100,,272585,11,0,5 24 25,1,98,,272587,11,0,5 24 25,1,91,,272588,23,0,52 18 9,1
3300,'20261110',532,,272589,23,0,16 24 25,1,23,,272590,11,0,5 24 25,1,60,,272591,11,0,5 24 25,1,15,,272592,11,0,5 24 25,1,15,,272593,23,0,16 24 25,1,55,,272594,11,0,5 24 25,1,15,,272595,11,0,5 24 25,1,10,,272596,49,,,1,10,,272597,11,0,5 24 25,1,15,,272598,11,0,5 24 25,1,70,,272599,23,0,16 24 25,1,95,,272600,49,,,1,25,,272601,11,0,5 24 25,1,70,,272602,11,0,5 24 25,1,100,,272604,11,0,5 24 25,1,100,,272605,11,0,5 24 25,1,100,,272607,11,0,5 24 25,1,95,,272608,11,0,5 24 25,1,100,,272610,11,0,5 24 25,1,105,,272612,11,0,5 24 25,1,45,,272613,4,0,7 24 25,1,65,,272614,4,0,7 24 25,1,30,,272615,4,0,7 24 25,1,101,,272616,49,,,1,80,,272617,49,,,1,80,,272619,11,0,5 24 25,1,100,,272621,11,0,5 24 25,1,98,,272623,11,0,5 24 25,1,91,,272624,23,0,52 18 9,1
3300,'20261111',532,,272625,23,0,16 24 25,1,23,,272626,11,0,5 24 25,1,60,,272627,11,0,5 24 25,1,15,,272628,11,0,5 24 25,1,15,,272629,23,0,16 24 25,1,55,,272630,11,0,5 24 25,1,15,,272631,11,0,5 24 25,1,10,,272632,49,,,1,10,,272633,11,0,5 24 25,1,15,,272634,11,0,5 24 25,1,70,,272635,23,0,16 24 25,1,95,,272636,49,,,1,25,,272637,11,0,5 24 25,1,70,,272638,11,0,5 24 25,1,100,,272640,11,0,5 24 25,1,100,,272641,11,0,5 24 25,1,100,,272643,11,0,5 24 25,1,95,,272644,11,0,5 24 25,1,100,,272646,11,0,5 24 25,1,105,,272648,11,0,5 24 25,1,45,,272649,4,0,7 24 25,1,65,,272650,4,0,7 24 25,1,30,,272651,4,0,7 24 25,1,101,,272652,49,,,1,80,,272653,49,,,1,80,,272655,11,0,5 24 25,1,100,,272657,11,0,5 24 25,1,98,,272659,11,0,5 24 25,1,91,,272660,23,0,52 18 9,1
3300,'20261112',532,,272661,23,0,16 24 25,1,23,,272662,11,0,5 24 25,1,60,,272663,11,0,5 24 25,1,15,,272664,11,0,5 24 25,1,15,,272665,23,0,16 24 25,1,55,,272666,11,0,5 24 25,1,15,,272667,11,0,5 24 25,1,10,,272668,49,,,1,10,,272669,11,0,5 24 25,1,15,,272670,11,0,5 24 25,1,70,,272671,23,0,16 24 25,1,95,,272672,49,,,1,25,,272673,11,0,5 24 25,1,70,,272674,11,0,5 24 25,1,100,,272676,11,0,5 24 25,1,100,,272677,11,0,5 24 25,1,100,,272679,11,0,5 24 25,1,95,,272680,11,0,5 24 25,1,100,,272682,11,0,5 24 25,1,105,,272684,11,0,5 24 25,1,45,,272685,4,0,7 24 25,1,65,,272686,4,0,7 24 25,1,30,,272687,4,0,7 24 25,1,101,,272688,49,,,1,80,,272689,49,,,1,80,,272691,11,0,5 24 25,1,100,,272693,11,0,5 24 25,1,98,,272695,11,0,5 24 25,1,91,,272696,23,0,52 18 9,1
3300,'20261113',532,,272697,23,0,16 24 25,1,23,,272698,11,0,5 24 25,1,60,,272699,11,0,5 24 25,1,15,,272700,11,0,5 24 25,1,15,,272701,23,0,16 24 25,1,55,,272702,11,0,5 24 25,1,15,,272703,11,0,5 24 25,1,10,,272704,49,,,1,10,,272705,11,0,5 24 25,1,15,,272706,11,0,5 24 25,1,70,,272707,23,0,16 24 25,1,95,,272708,49,,,1,25,,272709,11,0,5 24 25,1,70,,272710,11,0,5 24 25,1,100,,272712,11,0,5 24 25,1,100,,272713,11,0,5 24 25,1,100,,272715,11,0,5 24 25,1,95,,272716,11,0,5 24 25,1,100,,272718,11,0,5 24 25,1,105,,272720,11,0,5 24 25,1,45,,272721,4,0,7 24 25,1,65,,272722,4,0,7 24 25,1,30,,272723,4,0,7 24 25,1,101,,272724,49,,,1,80,,272725,49,,,1,80,,272727,11,0,5 24 25,1,100,,272729,11,0,5 24 25,1,98,,272731,11,0,5 24 25,1,91,,272732,23,0,52 18 9,1
3300,'20261114',757,,272733,49,,,1,198,,272734,49,,,1,202,,272736,49,,,1,243,,272737,49,,,1,200,,272738,49,,,1,157,,272739,49,,,1,200,,272741,49,,,1,200,,272742,49,,,1
3300,'20261115',757,,272744,49,,,1,198,,272745,49,,,1,202,,272747,49,,,1,243,,272748,49,,,1,200,,272749,49,,,1,157,,272750,49,,,1,200,,272752,49,,,1,200,,272753,49,,,1
3300,'20261116',532,,272755,23,0,16 24 25,1,23,,272756,11,0,5 24 25,1,60,,272757,11,0,5 24 25,1,15,,272758,11,0,5 24 25,1,15,,272759,23,0,16 24 25,1,55,,272760,11,0,5 24 25,1,15,,272761,11,0,5 24 25,1,10,,272762,49,,,1,10,,272763,11,0,5 24 25,1,15,,272764,11,0,5 24 25,1,70,,272765,23,0,16 24 25,1,95,,272766,49,,,1,25,,272767,11,0,5 24 25,1,70,,272768,11,0,5 24 25,1,100,,272770,11,0,5 24 25,1,100,,272771,11,0,5 24 25,1,100,,272773,11,0,5 24 25,1,95,,272774,11,0,5 24 25,1,100,,272776,11,0,5 24 25,1,105,,272778,11,0,5 24 25,1,45,,272779,4,0,7 24 25,1,65,,272780,4,0,7 24 25,1,30,,272781,4,0,7 24 25,1,101,,272782,49,,,1,80,,272783,49,,,1,80,,272785,11,0,5 24 25,1,100,,272787,11,0,5 24 25,1,98,,272789,11,0,5 24 25,1,91,,272790,23,0,52 18 9,1
3300,'20261117',532,,272791,23,0,16 24 25,1,23,,272792,11,0,5 24 25,1,60,,272793,11,0,5 24 25,1,15,,272794,11,0,5 24 25,1,15,,272795,23,0,16 24 25,1,55,,272796,11,0,5 24 25,1,15,,272797,11,0,5 24 25,1,10,,272798,49,,,1,10,,272799,11,0,5 24 25,1,15,,272800,11,0,5 24 25,1,70,,272801,23,0,16 24 25,1,95,,272802,49,,,1,25,,272803,11,0,5 24 25,1,70,,272804,11,0,5 24 25,1,100,,272806,11,0,5 24 25,1,100,,272807,11,0,5 24 25,1,100,,272809,11,0,5 24 25,1,95,,272810,11,0,5 24 25,1,100,,272812,11,0,5 24 25,1,105,,272814,11,0,5 24 25,1,45,,272815,4,0,7 24 25,1,65,,272816,4,0,7 24 25,1,30,,272817,4,0,7 24 25,1,101,,272818,49,,,1,80,,272819,49,,,1,80,,272821,11,0,5 24 25,1,100,,272823,11,0,5 24 25,1,98,,272825,11,0,5 24 25,1,91,,272826,23,0,52 18 9,1
3300,'20261118',532,,272827,23,0,16 24 25,1,23,,272828,11,0,5 24 25,1,60,,272829,11,0,5 24 25,1,15,,272830,11,0,5 24 25,1,15,,272831,23,0,16 24 25,1,55,,272832,11,0,5 24 25,1,15,,272833,11,0,5 24 25,1,10,,272834,49,,,1,10,,272835,11,0,5 24 25,1,15,,272836,11,0,5 24 25,1,70,,272837,23,0,16 24 25,1,95,,272838,49,,,1,25,,272839,11,0,5 24 25,1,70,,272840,11,0,5 24 25,1,100,,272842,11,0,5 24 25,1,100,,272843,11,0,5 24 25,1,100,,272845,11,0,5 24 25,1,95,,272846,11,0,5 24 25,1,100,,272848,11,0,5 24 25,1,105,,272850,11,0,5 24 25,1,45,,272851,4,0,7 24 25,1,65,,272852,4,0,7 24 25,1,30,,272853,4,0,7 24 25,1,101,,272854,49,,,1,80,,272855,49,,,1,80,,272857,11,0,5 24 25,1,100,,272859,11,0,5 24 25,1,98,,272861,11,0,5 24 25,1,91,,272862,23,0,52 18 9,1
3300,'20261119',532,,272863,23,0,16 24 25,1,23,,272864,11,0,5 24 25,1,60,,272865,11,0,5 24 25,1,15,,272866,11,0,5 24 25,1,15,,272867,23,0,16 24 25,1,55,,272868,11,0,5 24 25,1,15,,272869,11,0,5 24 25,1,10,,272870,49,,,1,10,,272871,11,0,5 24 25,1,15,,272872,11,0,5 24 25,1,70,,272873,23,0,16 24 25,1,95,,272874,49,,,1,25,,272875,11,0,5 24 25,1,70,,272876,11,0,5 24 25,1,100,,272878,11,0,5 24 25,1,100,,272879,11,0,5 24 25,1,100,,272881,11,0,5 24 25,1,95,,272882,11,0,5 24 25,1,100,,272884,11,0,5 24 25,1,105,,272886,11,0,5 24 25,1,45,,272887,4,0,7 24 25,1,65,,272888,4,0,7 24 25,1,30,,272889,4,0,7 24 25,1,101,,272890,49,,,1,80,,272891,49,,,1,80,,272893,11,0,5 24 25,1,100,,272895,11,0,5 24 25,1,98,,272897,11,0,5 24 25,1,91,,272898,23,0,52 18 9,1
3300,'20261120',532,,272899,23,0,16 24 25,1,23,,272900,11,0,5 24 25,1,60,,272901,11,0,5 24 25,1,15,,272902,11,0,5 24 25,1,15,,272903,23,0,16 24 25,1,55,,272904,11,0,5 24 25,1,15,,272905,11,0,5 24 25,1,10,,272906,49,,,1,10,,272907,11,0,5 24 25,1,15,,272908,11,0,5 24 25,1,70,,272909,23,0,16 24 25,1,95,,272910,49,,,1,25,,272911,11,0,5 24 25,1,70,,272912,11,0,5 24 25,1,100,,272914,11,0,5 24 25,1,100,,272915,11,0,5 24 25,1,100,,272917,11,0,5 24 25,1,95,,272918,11,0,5 24 25,1,100,,272920,11,0,5 24 25,1,105,,272922,11,0,5 24 25,1,45,,272923,4,0,7 24 25,1,65,,272924,4,0,7 24 25,1,30,,272925,4,0,7 24 25,1,101,,272926,49,,,1,80,,272927,49,,,1,80,,272929,11,0,5 24 25,1,100,,272931,11,0,5 24 25,1,98,,272933,11,0,5 24 25,1,91,,272934,23,0,52 18 9,1
3300,'20261121',757,,272935,49,,,1,198,,272936,49,,,1,202,,272938,49,,,1,243,,272939,49,,,1,200,,272940,49,,,1,157,,272941,49,,,1,200,,272943,49,,,1,200,,272944,49,,,1
3300,'20261122',757,,272946,49,,,1,198,,272947,49,,,1,202,,272949,49,,,1,243,,272950,49,,,1,200,,272951,49,,,1,157,,272952,49,,,1,200,,272954,49,,,1,200,,272955,49,,,1
3300,'20261123',532,,272957,23,0,16 24 25,1,23,,272958,11,0,5 24 25,1,60,,272959,11,0,5 24 25,1,15,,272960,11,0,5 24 25,1,15,,272961,23,0,16 24 25,1,55,,272962,11,0,5 24 25,1,15,,272963,11,0,5 24 25,1,10,,272964,49,,,1,10,,272965,11,0,5 24 25,1,15,,272966,11,0,5 24 25,1,70,,272967,23,0,16 24 25,1,95,,272968,49,,,1,25,,272969,11,0,5 24 25,1,70,,272970,11,0,5 24 25,1,100,,272972,11,0,5 24 25,1,100,,272973,11,0,5 24 25,1,100,,272975,11,0,5 24 25,1,95,,272976,11,0,5 24 25,1,100,,272978,11,0,5 24 25,1,105,,272980,11,0,5 24 25,1,45,,272981,4,0,7 24 25,1,65,,272982,4,0,7 24 25,1,30,,272983,4,0,7 24 25,1,101,,272984,49,,,1,80,,272985,49,,,1,80,,272987,11,0,5 24 25,1,100,,272989,11,0,5 24 25,1,98,,272991,11,0,5 24 25,1,91,,272992,23,0,52 18 9,1
3300,'20261124',532,,272993,23,0,16 24 25,1,23,,272994,11,0,5 24 25,1,60,,272995,11,0,5 24 25,1,15,,272996,11,0,5 24 25,1,15,,272997,23,0,16 24 25,1,55,,272998,11,0,5 24 25,1,15,,272999,11,0,5 24 25,1,10,,273000,49,,,1,10,,273001,11,0,5 24 25,1,15,,273002,11,0,5 24 25,1,70,,273003,23,0,16 24 25,1,95,,273004,49,,,1,25,,273005,11,0,5 24 25,1,70,,273006,11,0,5 24 25,1,100,,273008,11,0,5 24 25,1,100,,273009,11,0,5 24 25,1,100,,273011,11,0,5 24 25,1,95,,273012,11,0,5 24 25,1,100,,273014,11,0,5 24 25,1,105,,273016,11,0,5 24 25,1,45,,273017,4,0,7 24 25,1,65,,273018,4,0,7 24 25,1,30,,273019,4,0,7 24 25,1,101,,273020,49,,,1,80,,273021,49,,,1,80,,273023,11,0,5 24 25,1,100,,273025,11,0,5 24 25,1,98,,273027,11,0,5 24 25,1,91,,273028,23,0,52 18 9,1
3300,'20261125',532,,273029,23,0,16 24 25,1,23,,273030,11,0,5 24 25,1,60,,273031,11,0,5 24 25,1,15,,273032,11,0,5 24 25,1,15,,273033,23,0,16 24 25,1,55,,273034,11,0,5 24 25,1,15,,273035,11,0,5 24 25,1,10,,273036,49,,,1,10,,273037,11,0,5 24 25,1,15,,273038,11,0,5 24 25,1,70,,273039,23,0,16 24 25,1,95,,273040,49,,,1,25,,273041,11,0,5 24 25,1,70,,273042,11,0,5 24 25,1,100,,273044,11,0,5 24 25,1,100,,273045,11,0,5 24 25,1,100,,273047,11,0,5 24 25,1,95,,273048,11,0,5 24 25,1,100,,273050,11,0,5 24 25,1,105,,273052,11,0,5 24 25,1,45,,273053,4,0,7 24 25,1,65,,273054,4,0,7 24 25,1,30,,273055,4,0,7 24 25,1,101,,273056,49,,,1,80,,273057,49,,,1,80,,273059,11,0,5 24 25,1,100,,273061,11,0,5 24 25,1,98,,273063,11,0,5 24 25,1,91,,273064,23,0,52 18 9,1
3300,'20261126',532,,273065,23,0,16 24 25,1,23,,273066,11,0,5 24 25,1,60,,273067,11,0,5 24 25,1,15,,273068,11,0,5 24 25,1,15,,273069,23,0,16 24 25,1,55,,273070,11,0,5 24 25,1,15,,273071,11,0,5 24 25,1,10,,273072,49,,,1,10,,273073,11,0,5 24 25,1,15,,273074,11,0,5 24 25,1,70,,273075,23,0,16 24 25,1,95,,273076,49,,,1,25,,273077,11,0,5 24 25,1,70,,273078,11,0,5 24 25,1,100,,273080,11,0,5 24 25,1,100,,273081,11,0,5 24 25,1,100,,273083,11,0,5 24 25,1,95,,273084,11,0,5 24 25,1,100,,273086,11,0,5 24 25,1,105,,273088,11,0,5 24 25,1,45,,273089,4,0,7 24 25,1,65,,273090,4,0,7 24 25,1,30,,273091,4,0,7 24 25,1,101,,273092,49,,,1,80,,273093,49,,,1,80,,273095,11,0,5 24 25,1,100,,273097,11,0,5 24 25,1,98,,273099,11,0,5 24 25,1,91,,273100,23,0,52 18 9,1
3300,'20261127',532,,273101,23,0,16 24 25,1,23,,273102,11,0,5 24 25,1,60,,273103,11,0,5 24 25,1,15,,273104,11,0,5 24 25,1,15,,273105,23,0,16 24 25,1,55,,273106,11,0,5 24 25,1,15,,273107,11,0,5 24 25,1,10,,273108,49,,,1,10,,273109,11,0,5 24 25,1,15,,273110,11,0,5 24 25,1,70,,273111,23,0,16 24 25,1,95,,273112,49,,,1,25,,273113,11,0,5 24 25,1,70,,273114,11,0,5 24 25,1,100,,273116,11,0,5 24 25,1,100,,273117,11,0,5 24 25,1,100,,273119,11,0,5 24 25,1,95,,273120,11,0,5 24 25,1,100,,273122,11,0,5 24 25,1,105,,273124,11,0,5 24 25,1,45,,273125,4,0,7 24 25,1,65,,273126,4,0,7 24 25,1,30,,273127,4,0,7 24 25,1,101,,273128,49,,,1,80,,273129,49,,,1,80,,273131,11,0,5 24 25,1,100,,273133,11,0,5 24 25,1,98,,273135,11,0,5 24 25,1,91,,273136,23,0,52 18 9,1
