1701,'20260921',516,,232995,4,,,1,191,,232996,4,,,1,111,,232997,4,,,1,95,,232998,4,,,1,100,,232999,4,,,1,200,,233000,4,,,1,95,,233001,4,,,1,95,,233002,4,,,1,42,,233003,4,,,1,155,,233004,4,,,1,105,,233005,4,,,1,99,,233006,4,,,1,115,,233007,4,,,1,100,,233008,4,,,1
1701,'20260922',516,,233009,4,,,1,191,,233010,4,,,1,111,,233011,4,,,1,95,,233012,4,,,1,100,,233013,4,,,1,200,,233014,4,,,1,95,,233015,4,,,1,95,,233016,4,,,1,42,,233017,4,,,1,155,,233018,4,,,1,105,,233019,4,,,1,99,,233020,4,,,1,115,,233021,4,,,1,100,,233022,4,,,1
1701,'20260923',516,,233023,4,,,1,191,,233024,4,,,1,111,,233025,4,,,1,95,,233026,4,,,1,100,,233027,4,,,1,200,,233028,4,,,1,95,,233029,4,,,1,95,,233030,4,,,1,42,,233031,4,,,1,155,,233032,4,,,1,105,,233033,4,,,1,99,,233034,4,,,1,115,,233035,4,,,1,100,,233036,4,,,1
1701,'20260924',516,,233037,4,,,1,191,,233038,4,,,1,111,,233039,4,,,1,95,,233040,4,,,1,100,,233041,4,,,1,200,,233042,4,,,1,95,,233043,4,,,1,95,,233044,4,,,1,42,,233045,4,,,1,155,,233046,4,,,1,105,,233047,4,,,1,99,,233048,4,,,1,115,,233049,4,,,1,100,,233050,4,,,1
1701,'20260925',516,,233051,4,,,1,191,,233052,4,,,1,111,,233053,4,,,1,95,,233054,4,,,1,100,,233055,4,,,1,200,,233056,4,,,1,95,,233057,4,,,1,95,,233058,4,,,1,42,,233059,4,,,1,155,,233060,4,,,1,105,,233061,4,,,1,99,,233062,4,,,1,115,,233063,4,,,1,100,,233064,4,,,1
1701,'20260928',516,,233065,4,,,1,191,,233066,4,,,1,111,,233067,4,,,1,95,,233068,4,,,1,100,,233069,4,,,1,200,,233070,4,,,1,95,,233071,4,,,1,95,,233072,4,,,1,42,,233073,4,,,1,155,,233074,4,,,1,105,,233075,4,,,1,99,,233076,4,,,1,115,,233077,4,,,1,100,,233078,4,,,1
1701,'20260929',516,,233079,4,,,1,191,,233080,4,,,1,111,,233081,4,,,1,95,,233082,4,,,1,100,,233083,4,,,1,200,,233084,4,,,1,95,,233085,4,,,1,95,,233086,4,,,1,42,,233087,4,,,1,155,,233088,4,,,1,105,,233089,4,,,1,99,,233090,4,,,1,115,,233091,4,,,1,100,,233092,4,,,1
1701,'20260930',516,,233093,4,,,1,191,,233094,4,,,1,111,,233095,4,,,1,95,,233096,4,,,1,100,,233097,4,,,1,200,,233098,4,,,1,95,,233099,4,,,1,95,,233100,4,,,1,42,,233101,4,,,1,155,,233102,4,,,1,105,,233103,4,,,1,99,,233104,4,,,1,115,,233105,4,,,1,100,,233106,4,,,1
1701,'20261001',516,,233107,4,,,1,191,,233108,4,,,1,111,,233109,4,,,1,95,,233110,4,,,1,100,,233111,4,,,1,200,,233112,4,,,1,95,,233113,4,,,1,95,,233114,4,,,1,42,,233115,4,,,1,155,,233116,4,,,1,105,,233117,4,,,1,99,,233118,4,,,1,115,,233119,4,,,1,100,,233120,4,,,1
1701,'20261002',516,,233121,4,,,1,191,,233122,4,,,1,111,,233123,4,,,1,95,,233124,4,,,1,100,,233125,4,,,1,200,,233126,4,,,1,95,,233127,4,,,1,95,,233128,4,,,1,42,,233129,4,,,1,155,,233130,4,,,1,105,,233131,4,,,1,99,,233132,4,,,1,115,,233133,4,,,1,100,,233134,4,,,1
1701,'20261005',516,,233135,4,,,1,191,,233136,4,,,1,111,,233137,4,,,1,95,,233138,4,,,1,100,,233139,4,,,1,200,,233140,4,,,1,95,,233141,4,,,1,95,,233142,4,,,1,42,,233143,4,,,1,155,,233144,4,,,1,105,,233145,4,,,1,99,,233146,4,,,1,115,,233147,4,,,1,100,,233148,4,,,1
1701,'20261006',516,,233149,4,,,1,191,,233150,4,,,1,111,,233151,4,,,1,95,,233152,4,,,1,100,,233153,4,,,1,200,,233154,4,,,1,95,,233155,4,,,1,95,,233156,4,,,1,42,,233157,4,,,1,155,,233158,4,,,1,105,,233159,4,,,1,99,,233160,4,,,1,115,,233161,4,,,1,100,,233162,4,,,1
1701,'20261007',516,,233163,4,,,1,191,,233164,4,,,1,111,,233165,4,,,1,95,,233166,4,,,1,100,,233167,4,,,1,200,,233168,4,,,1,95,,233169,4,,,1,95,,233170,4,,,1,42,,233171,4,,,1,155,,233172,4,,,1,105,,233173,4,,,1,99,,233174,4,,,1,115,,233175,4,,,1,100,,233176,4,,,1
1701,'20261008',516,,233177,4,,,1,191,,233178,4,,,1,111,,233179,4,,,1,95,,233180,4,,,1,100,,233181,4,,,1,200,,233182,4,,,1,95,,233183,4,,,1,95,,233184,4,,,1,42,,233185,4,,,1,155,,233186,4,,,1,105,,233187,4,,,1,99,,233188,4,,,1,115,,233189,4,,,1,100,,233190,4,,,1
1701,'20261009',516,,233191,4,,,1,191,,233192,4,,,1,111,,233193,4,,,1,95,,233194,4,,,1,100,,233195,4,,,1,200,,233196,4,,,1,95,,233197,4,,,1,95,,233198,4,,,1,42,,233199,4,,,1,155,,233200,4,,,1,105,,233201,4,,,1,99,,233202,4,,,1,115,,233203,4,,,1,100,,233204,4,,,1
1701,'20261013',516,,233205,4,,,1,191,,233206,4,,,1,111,,233207,4,,,1,95,,233208,4,,,1,100,,233209,4,,,1,200,,233210,4,,,1,95,,233211,4,,,1,95,,233212,4,,,1,42,,233213,4,,,1,155,,233214,4,,,1,105,,233215,4,,,1,99,,233216,4,,,1,115,,233217,4,,,1,100,,233218,4,,,1
1701,'20261014',516,,233219,4,,,1,191,,233220,4,,,1,111,,233221,4,,,1,95,,233222,4,,,1,100,,233223,4,,,1,200,,233224,4,,,1,95,,233225,4,,,1,95,,233226,4,,,1,42,,233227,4,,,1,155,,233228,4,,,1,105,,233229,4,,,1,99,,233230,4,,,1,115,,233231,4,,,1,100,,233232,4,,,1
1701,'20261015',516,,233233,4,,,1,191,,233234,4,,,1,111,,233235,4,,,1,95,,233236,4,,,1,100,,233237,4,,,1,200,,233238,4,,,1,95,,233239,4,,,1,95,,233240,4,,,1,42,,233241,4,,,1,155,,233242,4,,,1,105,,233243,4,,,1,99,,233244,4,,,1,115,,233245,4,,,1,100,,233246,4,,,1
1701,'20261016',516,,233247,4,,,1,191,,233248,4,,,1,111,,233249,4,,,1,95,,233250,4,,,1,100,,233251,4,,,1,200,,233252,4,,,1,95,,233253,4,,,1,95,,233254,4,,,1,42,,233255,4,,,1,155,,233256,4,,,1,105,,233257,4,,,1,99,,233258,4,,,1,115,,233259,4,,,1,100,,233260,4,,,1
1701,'20261019',516,,233261,4,,,1,191,,233262,4,,,1,111,,233263,4,,,1,95,,233264,4,,,1,100,,233265,4,,,1,200,,233266,4,,,1,95,,233267,4,,,1,95,,233268,4,,,1,42,,233269,4,,,1,155,,233270,4,,,1,105,,233271,4,,,1,99,,233272,4,,,1,115,,233273,4,,,1,100,,233274,4,,,1
1701,'20261020',516,,233275,4,,,1,191,,233276,4,,,1,111,,233277,4,,,1,95,,233278,4,,,1,100,,233279,4,,,1,200,,233280,4,,,1,95,,233281,4,,,1,95,,233282,4,,,1,42,,233283,4,,,1,155,,233284,4,,,1,105,,233285,4,,,1,99,,233286,4,,,1,115,,233287,4,,,1,100,,233288,4,,,1
1701,'20261021',516,,233289,4,,,1,191,,233290,4,,,1,111,,233291,4,,,1,95,,233292,4,,,1,100,,233293,4,,,1,200,,233294,4,,,1,95,,233295,4,,,1,95,,233296,4,,,1,42,,233297,4,,,1,155,,233298,4,,,1,105,,233299,4,,,1,99,,233300,4,,,1,115,,233301,4,,,1,100,,233302,4,,,1
1701,'20261022',516,,233303,4,,,1,191,,233304,4,,,1,111,,233305,4,,,1,95,,233306,4,,,1,100,,233307,4,,,1,200,,233308,4,,,1,95,,233309,4,,,1,95,,233310,4,,,1,42,,233311,4,,,1,155,,233312,4,,,1,105,,233313,4,,,1,99,,233314,4,,,1,115,,233315,4,,,1,100,,233316,4,,,1
1701,'20261023',516,,233317,4,,,1,191,,233318,4,,,1,111,,233319,4,,,1,95,,233320,4,,,1,100,,233321,4,,,1,200,,233322,4,,,1,95,,233323,4,,,1,95,,233324,4,,,1,42,,233325,4,,,1,155,,233326,4,,,1,105,,233327,4,,,1,99,,233328,4,,,1,115,,233329,4,,,1,100,,233330,4,,,1
1701,'20261026',516,,233331,4,,,1,191,,233332,4,,,1,111,,233333,4,,,1,95,,233334,4,,,1,100,,233335,4,,,1,200,,233336,4,,,1,95,,233337,4,,,1,95,,233338,4,,,1,42,,233339,4,,,1,155,,233340,4,,,1,105,,233341,4,,,1,99,,233342,4,,,1,115,,233343,4,,,1,100,,233344,4,,,1
1701,'20261027',516,,233345,4,,,1,191,,233346,4,,,1,111,,233347,4,,,1,95,,233348,4,,,1,100,,233349,4,,,1,200,,233350,4,,,1,95,,233351,4,,,1,95,,233352,4,,,1,42,,233353,4,,,1,155,,233354,4,,,1,105,,233355,4,,,1,99,,233356,4,,,1,115,,233357,4,,,1,100,,233358,4,,,1
1701,'20261028',516,,233359,4,,,1,191,,233360,4,,,1,111,,233361,4,,,1,95,,233362,4,,,1,100,,233363,4,,,1,200,,233364,4,,,1,95,,233365,4,,,1,95,,233366,4,,,1,42,,233367,4,,,1,155,,233368,4,,,1,105,,233369,4,,,1,99,,233370,4,,,1,115,,233371,4,,,1,100,,233372,4,,,1
1701,'20261029',516,,233373,4,,,1,191,,233374,4,,,1,111,,233375,4,,,1,95,,233376,4,,,1,100,,233377,4,,,1,200,,233378,4,,,1,95,,233379,4,,,1,95,,233380,4,,,1,42,,233381,4,,,1,155,,233382,4,,,1,105,,233383,4,,,1,99,,233384,4,,,1,115,,233385,4,,,1,100,,233386,4,,,1
1701,'20261030',516,,233387,4,,,1,191,,233388,4,,,1,111,,233389,4,,,1,95,,233390,4,,,1,100,,233391,4,,,1,200,,233392,4,,,1,95,,233393,4,,,1,95,,233394,4,,,1,42,,233395,4,,,1,155,,233396,4,,,1,105,,233397,4,,,1,99,,233398,4,,,1,115,,233399,4,,,1,100,,233400,4,,,1
1701,'20261102',516,,233401,4,,,1,191,,233402,4,,,1,111,,233403,4,,,1,95,,233404,4,,,1,100,,233405,4,,,1,200,,233406,4,,,1,95,,233407,4,,,1,95,,233408,4,,,1,42,,233409,4,,,1,155,,233410,4,,,1,105,,233411,4,,,1,99,,233412,4,,,1,115,,233413,4,,,1,100,,233414,4,,,1
1701,'20261103',516,,233415,4,,,1,191,,233416,4,,,1,111,,233417,4,,,1,95,,233418,4,,,1,100,,233419,4,,,1,200,,233420,4,,,1,95,,233421,4,,,1,95,,233422,4,,,1,42,,233423,4,,,1,155,,233424,4,,,1,105,,233425,4,,,1,99,,233426,4,,,1,115,,233427,4,,,1,100,,233428,4,,,1
1701,'20261104',516,,233429,4,,,1,191,,233430,4,,,1,111,,233431,4,,,1,95,,233432,4,,,1,100,,233433,4,,,1,200,,233434,4,,,1,95,,233435,4,,,1,95,,233436,4,,,1,42,,233437,4,,,1,155,,233438,4,,,1,105,,233439,4,,,1,99,,233440,4,,,1,115,,233441,4,,,1,100,,233442,4,,,1
1701,'20261105',516,,233443,4,,,1,191,,233444,4,,,1,111,,233445,4,,,1,95,,233446,4,,,1,100,,233447,4,,,1,200,,233448,4,,,1,95,,233449,4,,,1,95,,233450,4,,,1,42,,233451,4,,,1,155,,233452,4,,,1,105,,233453,4,,,1,99,,233454,4,,,1,115,,233455,4,,,1,100,,233456,4,,,1
1701,'20261106',516,,233457,4,,,1,191,,233458,4,,,1,111,,233459,4,,,1,95,,233460,4,,,1,100,,233461,4,,,1,200,,233462,4,,,1,95,,233463,4,,,1,95,,233464,4,,,1,42,,233465,4,,,1,155,,233466,4,,,1,105,,233467,4,,,1,99,,233468,4,,,1,115,,233469,4,,,1,100,,233470,4,,,1
1701,'20261109',516,,233471,4,,,1,191,,233472,4,,,1,111,,233473,4,,,1,95,,233474,4,,,1,100,,233475,4,,,1,200,,233476,4,,,1,95,,233477,4,,,1,95,,233478,4,,,1,42,,233479,4,,,1,155,,233480,4,,,1,105,,233481,4,,,1,99,,233482,4,,,1,115,,233483,4,,,1,100,,233484,4,,,1
1701,'20261110',516,,233485,4,,,1,191,,233486,4,,,1,111,,233487,4,,,1,95,,233488,4,,,1,100,,233489,4,,,1,200,,233490,4,,,1,95,,233491,4,,,1,95,,233492,4,,,1,42,,233493,4,,,1,155,,233494,4,,,1,105,,233495,4,,,1,99,,233496,4,,,1,115,,233497,4,,,1,100,,233498,4,,,1
1701,'20261111',516,,233499,4,,,1,191,,233500,4,,,1,111,,233501,4,,,1,95,,233502,4,,,1,100,,233503,4,,,1,200,,233504,4,,,1,95,,233505,4,,,1,95,,233506,4,,,1,42,,233507,4,,,1,155,,233508,4,,,1,105,,233509,4,,,1,99,,233510,4,,,1,115,,233511,4,,,1,100,,233512,4,,,1
1701,'20261112',516,,233513,4,,,1,191,,233514,4,,,1,111,,233515,4,,,1,95,,233516,4,,,1,100,,233517,4,,,1,200,,233518,4,,,1,95,,233519,4,,,1,95,,233520,4,,,1,42,,233521,4,,,1,155,,233522,4,,,1,105,,233523,4,,,1,99,,233524,4,,,1,115,,233525,4,,,1,100,,233526,4,,,1
1701,'20261113',516,,233527,4,,,1,191,,233528,4,,,1,111,,233529,4,,,1,95,,233530,4,,,1,100,,233531,4,,,1,200,,233532,4,,,1,95,,233533,4,,,1,95,,233534,4,,,1,42,,233535,4,,,1,155,,233536,4,,,1,105,,233537,4,,,1,99,,233538,4,,,1,115,,233539,4,,,1,100,,233540,4,,,1
1701,'20261116',516,,233541,4,,,1,191,,233542,4,,,1,111,,233543,4,,,1,95,,233544,4,,,1,100,,233545,4,,,1,200,,233546,4,,,1,95,,233547,4,,,1,95,,233548,4,,,1,42,,233549,4,,,1,155,,233550,4,,,1,105,,233551,4,,,1,99,,233552,4,,,1,115,,233553,4,,,1,100,,233554,4,,,1
1701,'20261117',516,,233555,4,,,1,191,,233556,4,,,1,111,,233557,4,,,1,95,,233558,4,,,1,100,,233559,4,,,1,200,,233560,4,,,1,95,,233561,4,,,1,95,,233562,4,,,1,42,,233563,4,,,1,155,,233564,4,,,1,105,,233565,4,,,1,99,,233566,4,,,1,115,,233567,4,,,1,100,,233568,4,,,1
1701,'20261118',516,,233569,4,,,1,191,,233570,4,,,1,111,,233571,4,,,1,95,,233572,4,,,1,100,,233573,4,,,1,200,,233574,4,,,1,95,,233575,4,,,1,95,,233576,4,,,1,42,,233577,4,,,1,155,,233578,4,,,1,105,,233579,4,,,1,99,,233580,4,,,1,115,,233581,4,,,1,100,,233582,4,,,1
1701,'20261119',516,,233583,4,,,1,191,,233584,4,,,1,111,,233585,4,,,1,95,,233586,4,,,1,100,,233587,4,,,1,200,,233588,4,,,1,95,,233589,4,,,1,95,,233590,4,,,1,42,,233591,4,,,1,155,,233592,4,,,1,105,,233593,4,,,1,99,,233594,4,,,1,115,,233595,4,,,1,100,,233596,4,,,1
1701,'20261120',516,,233597,4,,,1,191,,233598,4,,,1,111,,233599,4,,,1,95,,233600,4,,,1,100,,233601,4,,,1,200,,233602,4,,,1,95,,233603,4,,,1,95,,233604,4,,,1,42,,233605,4,,,1,155,,233606,4,,,1,105,,233607,4,,,1,99,,233608,4,,,1,115,,233609,4,,,1,100,,233610,4,,,1
1701,'20261123',516,,233611,4,,,1,191,,233612,4,,,1,111,,233613,4,,,1,95,,233614,4,,,1,100,,233615,4,,,1,200,,233616,4,,,1,95,,233617,4,,,1,95,,233618,4,,,1,42,,233619,4,,,1,155,,233620,4,,,1,105,,233621,4,,,1,99,,233622,4,,,1,115,,233623,4,,,1,100,,233624,4,,,1
1701,'20261124',516,,233625,4,,,1,191,,233626,4,,,1,111,,233627,4,,,1,95,,233628,4,,,1,100,,233629,4,,,1,200,,233630,4,,,1,95,,233631,4,,,1,95,,233632,4,,,1,42,,233633,4,,,1,155,,233634,4,,,1,105,,233635,4,,,1,99,,233636,4,,,1,115,,233637,4,,,1,100,,233638,4,,,1
1701,'20261125',516,,233639,4,,,1,191,,233640,4,,,1,111,,233641,4,,,1,95,,233642,4,,,1,100,,233643,4,,,1,200,,233644,4,,,1,95,,233645,4,,,1,95,,233646,4,,,1,42,,233647,4,,,1,155,,233648,4,,,1,105,,233649,4,,,1,99,,233650,4,,,1,115,,233651,4,,,1,100,,233652,4,,,1
1701,'20261126',516,,233653,4,,,1,191,,233654,4,,,1,111,,233655,4,,,1,95,,233656,4,,,1,100,,233657,4,,,1,200,,233658,4,,,1,95,,233659,4,,,1,95,,233660,4,,,1,42,,233661,4,,,1,155,,233662,4,,,1,105,,233663,4,,,1,99,,233664,4,,,1,115,,233665,4,,,1,100,,233666,4,,,1
1701,'20261127',516,,233667,4,,,1,191,,233668,4,,,1,111,,233669,4,,,1,95,,233670,4,,,1,100,,233671,4,,,1,200,,233672,4,,,1,95,,233673,4,,,1,95,,233674,4,,,1,42,,233675,4,,,1,155,,233676,4,,,1,105,,233677,4,,,1,99,,233678,4,,,1,115,,233679,4,,,1,100,,233680,4,,,1
3100,'20261003',638,,332710,2,0,71 20 39,1,771,,332711,2,0,71 20 39,1,305,,332712,2,0,71 20 39,1,5,,332713,2,0,71 20 39,1
3100,'20261004',638,,332714,2,0,71 20 39,1,771,,332715,2,0,71 20 39,1,305,,332716,2,0,71 20 39,1,5,,332717,2,0,71 20 39,1
