1200,'20260917',422,,221885,1,,,1,92,,221886,1,,,1,87,,221887,1,,,1,118,,221888,1,,,1,100,,221889,1,,,1,103,,221890,1,,,1,100,,221891,1,,,1,100,,221892,1,,,1,36,,221893,1,0,5 73 9,1,64,,221894,1,,,1,36,,221895,1,0,5 73 9,1,59,,221896,1,,,1,36,,221897,1,0,5 73 9,1,65,,221898,1,,,1,31,,221899,1,0,5 73 9,1,65,,221900,1,,,1,31,,221901,1,0,5 73 9,1,70,,221903,1,,,1,2,,221902,1,0,5 73 9,1,29,,221904,1,0,5 73 9,1,73,,221905,1,,,1,33,,221906,1,0,5 73 9,1,76,,221907,1,,,1,29,,221908,1,0,5 73 9,1,69,,221909,1,,,1,105,,221910,1,,,1,26,,221911,1,0,5 73 9,1,74,,221912,1,,,1,96,,221913,1,0,5 73 9,1
1200,'20260918',422,,221915,1,,,1,92,,221916,1,,,1,87,,221917,1,,,1,118,,221918,1,,,1,100,,221919,1,,,1,103,,221920,1,,,1,100,,221921,1,,,1,100,,221922,1,,,1,36,,221923,1,0,5 73 9,1,64,,221924,1,,,1,36,,221925,1,0,5 73 9,1,59,,221926,1,,,1,36,,221927,1,0,5 73 9,1,65,,221928,1,,,1,31,,221929,1,0,5 73 9,1,65,,221930,1,,,1,31,,221931,1,0,5 73 9,1,70,,221933,1,,,1,2,,221932,1,0,5 73 9,1,29,,221934,1,0,5 73 9,1,73,,221935,1,,,1,33,,221936,1,0,5 73 9,1,76,,221937,1,,,1,29,,221938,1,0,5 73 9,1,69,,221939,1,,,1,105,,221940,1,,,1,26,,221941,1,0,5 73 9,1,74,,221942,1,,,1,96,,221943,1,0,5 73 9,1
1200,'20260919',600,,221944,1,,,1,30,,221945,1,,,1,91,,221946,1,,,1,100,,221947,1,,,1,99,,221948,1,,,1,17,,221949,1,0,34 73 9,1,83,,221950,1,,,1,32,,221951,1,0,5 73 9,1,63,,221952,1,,,1,37,,221953,1,0,5 73 9,1,63,,221954,1,,,1,37,,221955,1,0,5 73 9,1,63,,221956,1,,,1,37,,221957,1,0,5 73 9,1,56,,221958,1,,,1,44,,221959,1,0,5 73 9,1,57,,221960,1,,,1,38,,221961,1,0,5 73 9,1,62,,221962,1,,,1,23,,221964,1,0,34 73 9,1,15,,221963,1,0,5 73 9,1,62,,221965,1,,,1,23,,221967,1,0,34 73 9,1,15,,221966,1,0,5 73 9,1,69,,221968,1,,,1,16,,221970,1,0,34 73 9,1,15,,221969,1,0,5 73 9,1,68,,221971,1,,,1,22,,221973,1,0,34 73 9,1,15,,221972,1,0,5 73 9,1,63,,221974,1,,,1,37,,221975,1,0,5 73 9,1,68,,221976,1,,,1,6,,221977,1,0,5 73 9,1,96,,221978,1,0,5 73 9,1
1200,'20260920',600,,221979,1,,,1,30,,221980,1,,,1,91,,221981,1,,,1,100,,221982,1,,,1,99,,221983,1,,,1,17,,221984,1,0,34 73 9,1,83,,221985,1,,,1,32,,221986,1,0,5 73 9,1,63,,221987,1,,,1,37,,221988,1,0,5 73 9,1,63,,221989,1,,,1,37,,221990,1,0,5 73 9,1,63,,221991,1,,,1,37,,221992,1,0,5 73 9,1,56,,221993,1,,,1,44,,221994,1,0,5 73 9,1,57,,221995,1,,,1,38,,221996,1,0,5 73 9,1,62,,221997,1,,,1,23,,221999,1,0,34 73 9,1,15,,221998,1,0,5 73 9,1,62,,222000,1,,,1,23,,222002,1,0,34 73 9,1,15,,222001,1,0,5 73 9,1,69,,222003,1,,,1,16,,222005,1,0,34 73 9,1,15,,222004,1,0,5 73 9,1,68,,222006,1,,,1,22,,222008,1,0,34 73 9,1,15,,222007,1,0,5 73 9,1,63,,222009,1,,,1,37,,222010,1,0,5 73 9,1,68,,222011,1,,,1,6,,222012,1,0,5 73 9,1,96,,222013,1,0,5 73 9,1
1200,'20260921',422,,222015,1,,,1,92,,222016,1,,,1,87,,222017,1,,,1,118,,222018,1,,,1,100,,222019,1,,,1,103,,222020,1,,,1,100,,222021,1,,,1,100,,222022,1,,,1,36,,222023,1,0,5 73 9,1,64,,222024,1,,,1,36,,222025,1,0,5 73 9,1,59,,222026,1,,,1,36,,222027,1,0,5 73 9,1,65,,222028,1,,,1,31,,222029,1,0,5 73 9,1,65,,222030,1,,,1,31,,222031,1,0,5 73 9,1,70,,222033,1,,,1,2,,222032,1,0,5 73 9,1,29,,222034,1,0,5 73 9,1,73,,222035,1,,,1,33,,222036,1,0,5 73 9,1,76,,222037,1,,,1,29,,222038,1,0,5 73 9,1,69,,222039,1,,,1,105,,222040,1,,,1,26,,222041,1,0,5 73 9,1,74,,222042,1,,,1,96,,222043,1,0,5 73 9,1
1200,'20260922',422,,222045,1,,,1,92,,222046,1,,,1,87,,222047,1,,,1,118,,222048,1,,,1,100,,222049,1,,,1,103,,222050,1,,,1,100,,222051,1,,,1,100,,222052,1,,,1,36,,222053,1,0,5 73 9,1,64,,222054,1,,,1,36,,222055,1,0,5 73 9,1,59,,222056,1,,,1,36,,222057,1,0,5 73 9,1,65,,222058,1,,,1,31,,222059,1,0,5 73 9,1,65,,222060,1,,,1,31,,222061,1,0,5 73 9,1,70,,222063,1,,,1,2,,222062,1,0,5 73 9,1,29,,222064,1,0,5 73 9,1,73,,222065,1,,,1,33,,222066,1,0,5 73 9,1,76,,222067,1,,,1,29,,222068,1,0,5 73 9,1,69,,222069,1,,,1,105,,222070,1,,,1,26,,222071,1,0,5 73 9,1,74,,222072,1,,,1,96,,222073,1,0,5 73 9,1
1200,'20260923',422,,222075,1,,,1,92,,222076,1,,,1,87,,222077,1,,,1,118,,222078,1,,,1,100,,222079,1,,,1,103,,222080,1,,,1,100,,222081,1,,,1,100,,222082,1,,,1,36,,222083,1,0,5 73 9,1,64,,222084,1,,,1,36,,222085,1,0,5 73 9,1,59,,222086,1,,,1,36,,222087,1,0,5 73 9,1,65,,222088,1,,,1,31,,222089,1,0,5 73 9,1,65,,222090,1,,,1,31,,222091,1,0,5 73 9,1,70,,222093,1,,,1,2,,222092,1,0,5 73 9,1,29,,222094,1,0,5 73 9,1,73,,222095,1,,,1,33,,222096,1,0,5 73 9,1,76,,222097,1,,,1,29,,222098,1,0,5 73 9,1,69,,222099,1,,,1,105,,222100,1,,,1,26,,222101,1,0,5 73 9,1,74,,222102,1,,,1,96,,222103,1,0,5 73 9,1
1200,'20260924',422,,222105,1,,,1,92,,222106,1,,,1,87,,222107,1,,,1,118,,222108,1,,,1,100,,222109,1,,,1,103,,222110,1,,,1,100,,222111,1,,,1,100,,222112,1,,,1,36,,222113,1,0,5 73 9,1,64,,222114,1,,,1,36,,222115,1,0,5 73 9,1,59,,222116,1,,,1,36,,222117,1,0,5 73 9,1,65,,222118,1,,,1,31,,222119,1,0,5 73 9,1,65,,222120,1,,,1,31,,222121,1,0,5 73 9,1,70,,222123,1,,,1,2,,222122,1,0,5 73 9,1,29,,222124,1,0,5 73 9,1,73,,222125,1,,,1,33,,222126,1,0,5 73 9,1,76,,222127,1,,,1,29,,222128,1,0,5 73 9,1,69,,222129,1,,,1,105,,222130,1,,,1,26,,222131,1,0,5 73 9,1,74,,222132,1,,,1,96,,222133,1,0,5 73 9,1
1200,'20260925',422,,222135,1,,,1,92,,222136,1,,,1,87,,222137,1,,,1,118,,222138,1,,,1,100,,222139,1,,,1,103,,222140,1,,,1,100,,222141,1,,,1,100,,222142,1,,,1,36,,222143,1,0,5 73 9,1,64,,222144,1,,,1,36,,222145,1,0,5 73 9,1,59,,222146,1,,,1,36,,222147,1,0,5 73 9,1,65,,222148,1,,,1,31,,222149,1,0,5 73 9,1,65,,222150,1,,,1,31,,222151,1,0,5 73 9,1,70,,222153,1,,,1,2,,222152,1,0,5 73 9,1,29,,222154,1,0,5 73 9,1,73,,222155,1,,,1,33,,222156,1,0,5 73 9,1,76,,222157,1,,,1,29,,222158,1,0,5 73 9,1,69,,222159,1,,,1,105,,222160,1,,,1,26,,222161,1,0,5 73 9,1,74,,222162,1,,,1,96,,222163,1,0,5 73 9,1
1200,'20260926',600,,222164,1,,,1,30,,222165,1,,,1,91,,222166,1,,,1,100,,222167,1,,,1,99,,222168,1,,,1,17,,222169,1,0,34 73 9,1,83,,222170,1,,,1,32,,222171,1,0,5 73 9,1,63,,222172,1,,,1,37,,222173,1,0,5 73 9,1,63,,222174,1,,,1,37,,222175,1,0,5 73 9,1,63,,222176,1,,,1,37,,222177,1,0,5 73 9,1,56,,222178,1,,,1,44,,222179,1,0,5 73 9,1,57,,222180,1,,,1,38,,222181,1,0,5 73 9,1,62,,222182,1,,,1,23,,222184,1,0,34 73 9,1,15,,222183,1,0,5 73 9,1,62,,222185,1,,,1,23,,222187,1,0,34 73 9,1,15,,222186,1,0,5 73 9,1,69,,222188,1,,,1,16,,222190,1,0,34 73 9,1,15,,222189,1,0,5 73 9,1,68,,222191,1,,,1,22,,222193,1,0,34 73 9,1,15,,222192,1,0,5 73 9,1,63,,222194,1,,,1,37,,222195,1,0,5 73 9,1,68,,222196,1,,,1,6,,222197,1,0,5 73 9,1,96,,222198,1,0,5 73 9,1
1200,'20260927',600,,222199,1,,,1,30,,222200,1,,,1,91,,222201,1,,,1,100,,222202,1,,,1,99,,222203,1,,,1,17,,222204,1,0,34 73 9,1,83,,222205,1,,,1,32,,222206,1,0,5 73 9,1,63,,222207,1,,,1,37,,222208,1,0,5 73 9,1,63,,222209,1,,,1,37,,222210,1,0,5 73 9,1,63,,222211,1,,,1,37,,222212,1,0,5 73 9,1,56,,222213,1,,,1,44,,222214,1,0,5 73 9,1,57,,222215,1,,,1,38,,222216,1,0,5 73 9,1,62,,222217,1,,,1,23,,222219,1,0,34 73 9,1,15,,222218,1,0,5 73 9,1,62,,222220,1,,,1,23,,222222,1,0,34 73 9,1,15,,222221,1,0,5 73 9,1,69,,222223,1,,,1,16,,222225,1,0,34 73 9,1,15,,222224,1,0,5 73 9,1,68,,222226,1,,,1,22,,222228,1,0,34 73 9,1,15,,222227,1,0,5 73 9,1,63,,222229,1,,,1,37,,222230,1,0,5 73 9,1,68,,222231,1,,,1,6,,222232,1,0,5 73 9,1,96,,222233,1,0,5 73 9,1
1200,'20260928',422,,222235,1,,,1,92,,222236,1,,,1,87,,222237,1,,,1,118,,222238,1,,,1,100,,222239,1,,,1,103,,222240,1,,,1,100,,222241,1,,,1,100,,222242,1,,,1,36,,222243,1,0,5 73 9,1,64,,222244,1,,,1,36,,222245,1,0,5 73 9,1,59,,222246,1,,,1,36,,222247,1,0,5 73 9,1,65,,222248,1,,,1,31,,222249,1,0,5 73 9,1,65,,222250,1,,,1,31,,222251,1,0,5 73 9,1,70,,222253,1,,,1,2,,222252,1,0,5 73 9,1,29,,222254,1,0,5 73 9,1,73,,222255,1,,,1,33,,222256,1,0,5 73 9,1,76,,222257,1,,,1,29,,222258,1,0,5 73 9,1,69,,222259,1,,,1,105,,222260,1,,,1,26,,222261,1,0,5 73 9,1,74,,222262,1,,,1,96,,222263,1,0,5 73 9,1
1200,'20260929',422,,222265,1,,,1,92,,222266,1,,,1,87,,222267,1,,,1,118,,222268,1,,,1,100,,222269,1,,,1,103,,222270,1,,,1,100,,222271,1,,,1,100,,222272,1,,,1,36,,222273,1,0,5 73 9,1,64,,222274,1,,,1,36,,222275,1,0,5 73 9,1,59,,222276,1,,,1,36,,222277,1,0,5 73 9,1,65,,222278,1,,,1,31,,222279,1,0,5 73 9,1,65,,222280,1,,,1,31,,222281,1,0,5 73 9,1,70,,222283,1,,,1,2,,222282,1,0,5 73 9,1,29,,222284,1,0,5 73 9,1,73,,222285,1,,,1,33,,222286,1,0,5 73 9,1,76,,222287,1,,,1,29,,222288,1,0,5 73 9,1,69,,222289,1,,,1,105,,222290,1,,,1,26,,222291,1,0,5 73 9,1,74,,222292,1,,,1,96,,222293,1,0,5 73 9,1
1200,'20260930',422,,222295,1,,,1,92,,222296,1,,,1,87,,222297,1,,,1,118,,222298,1,,,1,100,,222299,1,,,1,103,,222300,1,,,1,100,,222301,1,,,1,100,,222302,1,,,1,36,,222303,1,0,5 73 9,1,64,,222304,1,,,1,36,,222305,1,0,5 73 9,1,59,,222306,1,,,1,36,,222307,1,0,5 73 9,1,65,,222308,1,,,1,31,,222309,1,0,5 73 9,1,65,,222310,1,,,1,31,,222311,1,0,5 73 9,1,70,,222313,1,,,1,2,,222312,1,0,5 73 9,1,29,,222314,1,0,5 73 9,1,73,,222315,1,,,1,33,,222316,1,0,5 73 9,1,76,,222317,1,,,1,29,,222318,1,0,5 73 9,1,69,,222319,1,,,1,105,,222320,1,,,1,26,,222321,1,0,5 73 9,1,74,,222322,1,,,1,96,,222323,1,0,5 73 9,1
1200,'20261001',422,,222325,1,,,1,92,,222326,1,,,1,87,,222327,1,,,1,118,,222328,1,,,1,100,,222329,1,,,1,103,,222330,1,,,1,100,,222331,1,,,1,100,,222332,1,,,1,36,,222333,1,0,5 73 9,1,64,,222334,1,,,1,36,,222335,1,0,5 73 9,1,59,,222336,1,,,1,36,,222337,1,0,5 73 9,1,65,,222338,1,,,1,31,,222339,1,0,5 73 9,1,65,,222340,1,,,1,31,,222341,1,0,5 73 9,1,70,,222343,1,,,1,2,,222342,1,0,5 73 9,1,29,,222344,1,0,5 73 9,1,73,,222345,1,,,1,33,,222346,1,0,5 73 9,1,76,,222347,1,,,1,29,,222348,1,0,5 73 9,1,69,,222349,1,,,1,105,,222350,1,,,1,26,,222351,1,0,5 73 9,1,74,,222352,1,,,1,96,,222353,1,0,5 73 9,1
1200,'20261002',422,,222355,1,,,1,92,,222356,1,,,1,87,,222357,1,,,1,118,,222358,1,,,1,100,,222359,1,,,1,103,,222360,1,,,1,100,,222361,1,,,1,100,,222362,1,,,1,36,,222363,1,0,5 73 9,1,64,,222364,1,,,1,36,,222365,1,0,5 73 9,1,59,,222366,1,,,1,36,,222367,1,0,5 73 9,1,65,,222368,1,,,1,31,,222369,1,0,5 73 9,1,65,,222370,1,,,1,31,,222371,1,0,5 73 9,1,70,,222373,1,,,1,2,,222372,1,0,5 73 9,1,29,,222374,1,0,5 73 9,1,73,,222375,1,,,1,33,,222376,1,0,5 73 9,1,76,,222377,1,,,1,29,,222378,1,0,5 73 9,1,69,,222379,1,,,1,105,,222380,1,,,1,26,,222381,1,0,5 73 9,1,74,,222382,1,,,1,96,,222383,1,0,5 73 9,1
1200,'20261003',600,,222384,1,,,1,30,,222385,1,,,1,91,,222386,1,,,1,100,,222387,1,,,1,99,,222388,1,,,1,17,,222389,1,0,34 73 9,1,83,,222390,1,,,1,32,,222391,1,0,5 73 9,1,63,,222392,1,,,1,37,,222393,1,0,5 73 9,1,63,,222394,1,,,1,37,,222395,1,0,5 73 9,1,63,,222396,1,,,1,37,,222397,1,0,5 73 9,1,56,,222398,1,,,1,44,,222399,1,0,5 73 9,1,57,,222400,1,,,1,38,,222401,1,0,5 73 9,1,62,,222402,1,,,1,23,,222404,1,0,34 73 9,1,15,,222403,1,0,5 73 9,1,62,,222405,1,,,1,23,,222407,1,0,34 73 9,1,15,,222406,1,0,5 73 9,1,69,,222408,1,,,1,16,,222410,1,0,34 73 9,1,15,,222409,1,0,5 73 9,1,68,,222411,1,,,1,22,,222413,1,0,34 73 9,1,15,,222412,1,0,5 73 9,1,63,,222414,1,,,1,37,,222415,1,0,5 73 9,1,68,,222416,1,,,1,6,,222417,1,0,5 73 9,1,96,,222418,1,0,5 73 9,1
1200,'20261004',600,,222419,1,,,1,30,,222420,1,,,1,91,,222421,1,,,1,100,,222422,1,,,1,99,,222423,1,,,1,17,,222424,1,0,34 73 9,1,83,,222425,1,,,1,32,,222426,1,0,5 73 9,1,63,,222427,1,,,1,37,,222428,1,0,5 73 9,1,63,,222429,1,,,1,37,,222430,1,0,5 73 9,1,63,,222431,1,,,1,37,,222432,1,0,5 73 9,1,56,,222433,1,,,1,44,,222434,1,0,5 73 9,1,57,,222435,1,,,1,38,,222436,1,0,5 73 9,1,62,,222437,1,,,1,23,,222439,1,0,34 73 9,1,15,,222438,1,0,5 73 9,1,62,,222440,1,,,1,23,,222442,1,0,34 73 9,1,15,,222441,1,0,5 73 9,1,69,,222443,1,,,1,16,,222445,1,0,34 73 9,1,15,,222444,1,0,5 73 9,1,68,,222446,1,,,1,22,,222448,1,0,34 73 9,1,15,,222447,1,0,5 73 9,1,63,,222449,1,,,1,37,,222450,1,0,5 73 9,1,68,,222451,1,,,1,6,,222452,1,0,5 73 9,1,96,,222453,1,0,5 73 9,1
1200,'20261005',422,,222455,1,,,1,92,,222456,1,,,1,87,,222457,1,,,1,118,,222458,1,,,1,100,,222459,1,,,1,103,,222460,1,,,1,100,,222461,1,,,1,100,,222462,1,,,1,36,,222463,1,0,5 73 9,1,64,,222464,1,,,1,36,,222465,1,0,5 73 9,1,59,,222466,1,,,1,36,,222467,1,0,5 73 9,1,65,,222468,1,,,1,31,,222469,1,0,5 73 9,1,65,,222470,1,,,1,31,,222471,1,0,5 73 9,1,70,,222473,1,,,1,2,,222472,1,0,5 73 9,1,29,,222474,1,0,5 73 9,1,73,,222475,1,,,1,33,,222476,1,0,5 73 9,1,76,,222477,1,,,1,29,,222478,1,0,5 73 9,1,69,,222479,1,,,1,105,,222480,1,,,1,26,,222481,1,0,5 73 9,1,74,,222482,1,,,1,96,,222483,1,0,5 73 9,1
1200,'20261006',422,,222485,1,,,1,92,,222486,1,,,1,87,,222487,1,,,1,118,,222488,1,,,1,100,,222489,1,,,1,103,,222490,1,,,1,100,,222491,1,,,1,100,,222492,1,,,1,36,,222493,1,0,5 73 9,1,64,,222494,1,,,1,36,,222495,1,0,5 73 9,1,59,,222496,1,,,1,36,,222497,1,0,5 73 9,1,65,,222498,1,,,1,31,,222499,1,0,5 73 9,1,65,,222500,1,,,1,31,,222501,1,0,5 73 9,1,70,,222503,1,,,1,2,,222502,1,0,5 73 9,1,29,,222504,1,0,5 73 9,1,73,,222505,1,,,1,33,,222506,1,0,5 73 9,1,76,,222507,1,,,1,29,,222508,1,0,5 73 9,1,69,,222509,1,,,1,105,,222510,1,,,1,26,,222511,1,0,5 73 9,1,74,,222512,1,,,1,96,,222513,1,0,5 73 9,1
1200,'20261007',422,,222515,1,,,1,92,,222516,1,,,1,87,,222517,1,,,1,118,,222518,1,,,1,100,,222519,1,,,1,103,,222520,1,,,1,100,,222521,1,,,1,100,,222522,1,,,1,36,,222523,1,0,5 73 9,1,64,,222524,1,,,1,36,,222525,1,0,5 73 9,1,59,,222526,1,,,1,36,,222527,1,0,5 73 9,1,65,,222528,1,,,1,31,,222529,1,0,5 73 9,1,65,,222530,1,,,1,31,,222531,1,0,5 73 9,1,70,,222533,1,,,1,2,,222532,1,0,5 73 9,1,29,,222534,1,0,5 73 9,1,73,,222535,1,,,1,33,,222536,1,0,5 73 9,1,76,,222537,1,,,1,29,,222538,1,0,5 73 9,1,69,,222539,1,,,1,105,,222540,1,,,1,26,,222541,1,0,5 73 9,1,74,,222542,1,,,1,96,,222543,1,0,5 73 9,1
1200,'20261008',422,,222545,1,,,1,92,,222546,1,,,1,87,,222547,1,,,1,118,,222548,1,,,1,100,,222549,1,,,1,103,,222550,1,,,1,100,,222551,1,,,1,100,,222552,1,,,1,36,,222553,1,0,5 73 9,1,64,,222554,1,,,1,36,,222555,1,0,5 73 9,1,59,,222556,1,,,1,36,,222557,1,0,5 73 9,1,65,,222558,1,,,1,31,,222559,1,0,5 73 9,1,65,,222560,1,,,1,31,,222561,1,0,5 73 9,1,70,,222563,1,,,1,2,,222562,1,0,5 73 9,1,29,,222564,1,0,5 73 9,1,73,,222565,1,,,1,33,,222566,1,0,5 73 9,1,76,,222567,1,,,1,29,,222568,1,0,5 73 9,1,69,,222569,1,,,1,105,,222570,1,,,1,26,,222571,1,0,5 73 9,1,74,,222572,1,,,1,96,,222573,1,0,5 73 9,1
1200,'20261009',422,,222575,1,,,1,92,,222576,1,,,1,87,,222577,1,,,1,118,,222578,1,,,1,100,,222579,1,,,1,103,,222580,1,,,1,100,,222581,1,,,1,100,,222582,1,,,1,36,,222583,1,0,5 73 9,1,64,,222584,1,,,1,36,,222585,1,0,5 73 9,1,59,,222586,1,,,1,36,,222587,1,0,5 73 9,1,65,,222588,1,,,1,31,,222589,1,0,5 73 9,1,65,,222590,1,,,1,31,,222591,1,0,5 73 9,1,70,,222593,1,,,1,2,,222592,1,0,5 73 9,1,29,,222594,1,0,5 73 9,1,73,,222595,1,,,1,33,,222596,1,0,5 73 9,1,76,,222597,1,,,1,29,,222598,1,0,5 73 9,1,69,,222599,1,,,1,105,,222600,1,,,1,26,,222601,1,0,5 73 9,1,74,,222602,1,,,1,96,,222603,1,0,5 73 9,1
1200,'20261010',600,,222604,1,,,1,30,,222605,1,,,1,91,,222606,1,,,1,100,,222607,1,,,1,99,,222608,1,,,1,17,,222609,1,0,34 73 9,1,83,,222610,1,,,1,32,,222611,1,0,5 73 9,1,63,,222612,1,,,1,37,,222613,1,0,5 73 9,1,63,,222614,1,,,1,37,,222615,1,0,5 73 9,1,63,,222616,1,,,1,37,,222617,1,0,5 73 9,1,56,,222618,1,,,1,44,,222619,1,0,5 73 9,1,57,,222620,1,,,1,38,,222621,1,0,5 73 9,1,62,,222622,1,,,1,23,,222624,1,0,34 73 9,1,15,,222623,1,0,5 73 9,1,62,,222625,1,,,1,23,,222627,1,0,34 73 9,1,15,,222626,1,0,5 73 9,1,69,,222628,1,,,1,16,,222630,1,0,34 73 9,1,15,,222629,1,0,5 73 9,1,68,,222631,1,,,1,22,,222633,1,0,34 73 9,1,15,,222632,1,0,5 73 9,1,63,,222634,1,,,1,37,,222635,1,0,5 73 9,1,68,,222636,1,,,1,6,,222637,1,0,5 73 9,1,96,,222638,1,0,5 73 9,1
1200,'20261011',600,,222639,1,,,1,30,,222640,1,,,1,91,,222641,1,,,1,100,,222642,1,,,1,99,,222643,1,,,1,17,,222644,1,0,34 73 9,1,83,,222645,1,,,1,32,,222646,1,0,5 73 9,1,63,,222647,1,,,1,37,,222648,1,0,5 73 9,1,63,,222649,1,,,1,37,,222650,1,0,5 73 9,1,63,,222651,1,,,1,37,,222652,1,0,5 73 9,1,56,,222653,1,,,1,44,,222654,1,0,5 73 9,1,57,,222655,1,,,1,38,,222656,1,0,5 73 9,1,62,,222657,1,,,1,23,,222659,1,0,34 73 9,1,15,,222658,1,0,5 73 9,1,62,,222660,1,,,1,23,,222662,1,0,34 73 9,1,15,,222661,1,0,5 73 9,1,69,,222663,1,,,1,16,,222665,1,0,34 73 9,1,15,,222664,1,0,5 73 9,1,68,,222666,1,,,1,22,,222668,1,0,34 73 9,1,15,,222667,1,0,5 73 9,1,63,,222669,1,,,1,37,,222670,1,0,5 73 9,1,68,,222671,1,,,1,6,,222672,1,0,5 73 9,1,96,,222673,1,0,5 73 9,1
1200,'20261012',600,,222674,1,,,1,30,,222675,1,,,1,91,,222676,1,,,1,100,,222677,1,,,1,99,,222678,1,,,1,17,,222679,1,0,34 73 9,1,83,,222680,1,,,1,32,,222681,1,0,5 73 9,1,63,,222682,1,,,1,37,,222683,1,0,5 73 9,1,63,,222684,1,,,1,37,,222685,1,0,5 73 9,1,63,,222686,1,,,1,37,,222687,1,0,5 73 9,1,56,,222688,1,,,1,44,,222689,1,0,5 73 9,1,57,,222690,1,,,1,38,,222691,1,0,5 73 9,1,62,,222692,1,,,1,23,,222694,1,0,34 73 9,1,15,,222693,1,0,5 73 9,1,62,,222695,1,,,1,23,,222697,1,0,34 73 9,1,15,,222696,1,0,5 73 9,1,69,,222698,1,,,1,16,,222700,1,0,34 73 9,1,15,,222699,1,0,5 73 9,1,68,,222701,1,,,1,22,,222703,1,0,34 73 9,1,15,,222702,1,0,5 73 9,1,63,,222704,1,,,1,37,,222705,1,0,5 73 9,1,68,,222706,1,,,1,6,,222707,1,0,5 73 9,1,96,,222708,1,0,5 73 9,1
1200,'20261013',422,,222710,1,,,1,92,,222711,1,,,1,87,,222712,1,,,1,118,,222713,1,,,1,100,,222714,1,,,1,103,,222715,1,,,1,100,,222716,1,,,1,100,,222717,1,,,1,36,,222718,1,0,5 73 9,1,64,,222719,1,,,1,36,,222720,1,0,5 73 9,1,59,,222721,1,,,1,36,,222722,1,0,5 73 9,1,65,,222723,1,,,1,31,,222724,1,0,5 73 9,1,65,,222725,1,,,1,31,,222726,1,0,5 73 9,1,70,,222728,1,,,1,2,,222727,1,0,5 73 9,1,29,,222729,1,0,5 73 9,1,73,,222730,1,,,1,33,,222731,1,0,5 73 9,1,76,,222732,1,,,1,29,,222733,1,0,5 73 9,1,69,,222734,1,,,1,105,,222735,1,,,1,26,,222736,1,0,5 73 9,1,74,,222737,1,,,1,96,,222738,1,0,5 73 9,1
1200,'20261014',422,,222740,1,,,1,92,,222741,1,,,1,87,,222742,1,,,1,118,,222743,1,,,1,100,,222744,1,,,1,103,,222745,1,,,1,100,,222746,1,,,1,100,,222747,1,,,1,36,,222748,1,0,5 73 9,1,64,,222749,1,,,1,36,,222750,1,0,5 73 9,1,59,,222751,1,,,1,36,,222752,1,0,5 73 9,1,65,,222753,1,,,1,31,,222754,1,0,5 73 9,1,65,,222755,1,,,1,31,,222756,1,0,5 73 9,1,70,,222758,1,,,1,2,,222757,1,0,5 73 9,1,29,,222759,1,0,5 73 9,1,73,,222760,1,,,1,33,,222761,1,0,5 73 9,1,76,,222762,1,,,1,29,,222763,1,0,5 73 9,1,69,,222764,1,,,1,105,,222765,1,,,1,26,,222766,1,0,5 73 9,1,74,,222767,1,,,1,96,,222768,1,0,5 73 9,1
1200,'20261015',422,,222770,1,,,1,92,,222771,1,,,1,87,,222772,1,,,1,118,,222773,1,,,1,100,,222774,1,,,1,103,,222775,1,,,1,100,,222776,1,,,1,100,,222777,1,,,1,36,,222778,1,0,5 73 9,1,64,,222779,1,,,1,36,,222780,1,0,5 73 9,1,59,,222781,1,,,1,36,,222782,1,0,5 73 9,1,65,,222783,1,,,1,31,,222784,1,0,5 73 9,1,65,,222785,1,,,1,31,,222786,1,0,5 73 9,1,70,,222788,1,,,1,2,,222787,1,0,5 73 9,1,29,,222789,1,0,5 73 9,1,73,,222790,1,,,1,33,,222791,1,0,5 73 9,1,76,,222792,1,,,1,29,,222793,1,0,5 73 9,1,69,,222794,1,,,1,105,,222795,1,,,1,26,,222796,1,0,5 73 9,1,74,,222797,1,,,1,96,,222798,1,0,5 73 9,1
1200,'20261016',422,,222800,1,,,1,92,,222801,1,,,1,87,,222802,1,,,1,118,,222803,1,,,1,100,,222804,1,,,1,103,,222805,1,,,1,100,,222806,1,,,1,100,,222807,1,,,1,36,,222808,1,0,5 73 9,1,64,,222809,1,,,1,36,,222810,1,0,5 73 9,1,59,,222811,1,,,1,36,,222812,1,0,5 73 9,1,65,,222813,1,,,1,31,,222814,1,0,5 73 9,1,65,,222815,1,,,1,31,,222816,1,0,5 73 9,1,70,,222818,1,,,1,2,,222817,1,0,5 73 9,1,29,,222819,1,0,5 73 9,1,73,,222820,1,,,1,33,,222821,1,0,5 73 9,1,76,,222822,1,,,1,29,,222823,1,0,5 73 9,1,69,,222824,1,,,1,105,,222825,1,,,1,26,,222826,1,0,5 73 9,1,74,,222827,1,,,1,96,,222828,1,0,5 73 9,1
1200,'20261017',600,,222829,1,,,1,30,,222830,1,,,1,91,,222831,1,,,1,100,,222832,1,,,1,99,,222833,1,,,1,17,,222834,1,0,34 73 9,1,83,,222835,1,,,1,32,,222836,1,0,5 73 9,1,63,,222837,1,,,1,37,,222838,1,0,5 73 9,1,63,,222839,1,,,1,37,,222840,1,0,5 73 9,1,63,,222841,1,,,1,37,,222842,1,0,5 73 9,1,56,,222843,1,,,1,44,,222844,1,0,5 73 9,1,57,,222845,1,,,1,38,,222846,1,0,5 73 9,1,62,,222847,1,,,1,23,,222849,1,0,34 73 9,1,15,,222848,1,0,5 73 9,1,62,,222850,1,,,1,23,,222852,1,0,34 73 9,1,15,,222851,1,0,5 73 9,1,69,,222853,1,,,1,16,,222855,1,0,34 73 9,1,15,,222854,1,0,5 73 9,1,68,,222856,1,,,1,22,,222858,1,0,34 73 9,1,15,,222857,1,0,5 73 9,1,63,,222859,1,,,1,37,,222860,1,0,5 73 9,1,68,,222861,1,,,1,6,,222862,1,0,5 73 9,1,96,,222863,1,0,5 73 9,1
1200,'20261018',600,,222864,1,,,1,30,,222865,1,,,1,91,,222866,1,,,1,100,,222867,1,,,1,99,,222868,1,,,1,17,,222869,1,0,34 73 9,1,83,,222870,1,,,1,32,,222871,1,0,5 73 9,1,63,,222872,1,,,1,37,,222873,1,0,5 73 9,1,63,,222874,1,,,1,37,,222875,1,0,5 73 9,1,63,,222876,1,,,1,37,,222877,1,0,5 73 9,1,56,,222878,1,,,1,44,,222879,1,0,5 73 9,1,57,,222880,1,,,1,38,,222881,1,0,5 73 9,1,62,,222882,1,,,1,23,,222884,1,0,34 73 9,1,15,,222883,1,0,5 73 9,1,62,,222885,1,,,1,23,,222887,1,0,34 73 9,1,15,,222886,1,0,5 73 9,1,69,,222888,1,,,1,16,,222890,1,0,34 73 9,1,15,,222889,1,0,5 73 9,1,68,,222891,1,,,1,22,,222893,1,0,34 73 9,1,15,,222892,1,0,5 73 9,1,63,,222894,1,,,1,37,,222895,1,0,5 73 9,1,68,,222896,1,,,1,6,,222897,1,0,5 73 9,1,96,,222898,1,0,5 73 9,1
1200,'20261019',422,,222900,1,,,1,92,,222901,1,,,1,87,,222902,1,,,1,118,,222903,1,,,1,100,,222904,1,,,1,103,,222905,1,,,1,100,,222906,1,,,1,100,,222907,1,,,1,36,,222908,1,0,5 73 9,1,64,,222909,1,,,1,36,,222910,1,0,5 73 9,1,59,,222911,1,,,1,36,,222912,1,0,5 73 9,1,65,,222913,1,,,1,31,,222914,1,0,5 73 9,1,65,,222915,1,,,1,31,,222916,1,0,5 73 9,1,70,,222918,1,,,1,2,,222917,1,0,5 73 9,1,29,,222919,1,0,5 73 9,1,73,,222920,1,,,1,33,,222921,1,0,5 73 9,1,76,,222922,1,,,1,29,,222923,1,0,5 73 9,1,69,,222924,1,,,1,105,,222925,1,,,1,26,,222926,1,0,5 73 9,1,74,,222927,1,,,1,96,,222928,1,0,5 73 9,1
1200,'20261020',422,,222930,1,,,1,92,,222931,1,,,1,87,,222932,1,,,1,118,,222933,1,,,1,100,,222934,1,,,1,103,,222935,1,,,1,100,,222936,1,,,1,100,,222937,1,,,1,36,,222938,1,0,5 73 9,1,64,,222939,1,,,1,36,,222940,1,0,5 73 9,1,59,,222941,1,,,1,36,,222942,1,0,5 73 9,1,65,,222943,1,,,1,31,,222944,1,0,5 73 9,1,65,,222945,1,,,1,31,,222946,1,0,5 73 9,1,70,,222948,1,,,1,2,,222947,1,0,5 73 9,1,29,,222949,1,0,5 73 9,1,73,,222950,1,,,1,33,,222951,1,0,5 73 9,1,76,,222952,1,,,1,29,,222953,1,0,5 73 9,1,69,,222954,1,,,1,105,,222955,1,,,1,26,,222956,1,0,5 73 9,1,74,,222957,1,,,1,96,,222958,1,0,5 73 9,1
1200,'20261021',422,,222960,1,,,1,92,,222961,1,,,1,87,,222962,1,,,1,118,,222963,1,,,1,100,,222964,1,,,1,103,,222965,1,,,1,100,,222966,1,,,1,100,,222967,1,,,1,36,,222968,1,0,5 73 9,1,64,,222969,1,,,1,36,,222970,1,0,5 73 9,1,59,,222971,1,,,1,36,,222972,1,0,5 73 9,1,65,,222973,1,,,1,31,,222974,1,0,5 73 9,1,65,,222975,1,,,1,31,,222976,1,0,5 73 9,1,70,,222978,1,,,1,2,,222977,1,0,5 73 9,1,29,,222979,1,0,5 73 9,1,73,,222980,1,,,1,33,,222981,1,0,5 73 9,1,76,,222982,1,,,1,29,,222983,1,0,5 73 9,1,69,,222984,1,,,1,105,,222985,1,,,1,26,,222986,1,0,5 73 9,1,74,,222987,1,,,1,96,,222988,1,0,5 73 9,1
1200,'20261022',422,,222990,1,,,1,92,,222991,1,,,1,87,,222992,1,,,1,118,,222993,1,,,1,100,,222994,1,,,1,103,,222995,1,,,1,100,,222996,1,,,1,100,,222997,1,,,1,36,,222998,1,0,5 73 9,1,64,,222999,1,,,1,36,,223000,1,0,5 73 9,1,59,,223001,1,,,1,36,,223002,1,0,5 73 9,1,65,,223003,1,,,1,31,,223004,1,0,5 73 9,1,65,,223005,1,,,1,31,,223006,1,0,5 73 9,1,70,,223008,1,,,1,2,,223007,1,0,5 73 9,1,29,,223009,1,0,5 73 9,1,73,,223010,1,,,1,33,,223011,1,0,5 73 9,1,76,,223012,1,,,1,29,,223013,1,0,5 73 9,1,69,,223014,1,,,1,105,,223015,1,,,1,26,,223016,1,0,5 73 9,1,74,,223017,1,,,1,96,,223018,1,0,5 73 9,1
1200,'20261023',422,,223020,1,,,1,92,,223021,1,,,1,87,,223022,1,,,1,118,,223023,1,,,1,100,,223024,1,,,1,103,,223025,1,,,1,100,,223026,1,,,1,100,,223027,1,,,1,36,,223028,1,0,5 73 9,1,64,,223029,1,,,1,36,,223030,1,0,5 73 9,1,59,,223031,1,,,1,36,,223032,1,0,5 73 9,1,65,,223033,1,,,1,31,,223034,1,0,5 73 9,1,65,,223035,1,,,1,31,,223036,1,0,5 73 9,1,70,,223038,1,,,1,2,,223037,1,0,5 73 9,1,29,,223039,1,0,5 73 9,1,73,,223040,1,,,1,33,,223041,1,0,5 73 9,1,76,,223042,1,,,1,29,,223043,1,0,5 73 9,1,69,,223044,1,,,1,105,,223045,1,,,1,26,,223046,1,0,5 73 9,1,74,,223047,1,,,1,96,,223048,1,0,5 73 9,1
1200,'20261024',600,,223049,1,,,1,30,,223050,1,,,1,91,,223051,1,,,1,100,,223052,1,,,1,99,,223053,1,,,1,17,,223054,1,0,34 73 9,1,83,,223055,1,,,1,32,,223056,1,0,5 73 9,1,63,,223057,1,,,1,37,,223058,1,0,5 73 9,1,63,,223059,1,,,1,37,,223060,1,0,5 73 9,1,63,,223061,1,,,1,37,,223062,1,0,5 73 9,1,56,,223063,1,,,1,44,,223064,1,0,5 73 9,1,57,,223065,1,,,1,38,,223066,1,0,5 73 9,1,62,,223067,1,,,1,23,,223069,1,0,34 73 9,1,15,,223068,1,0,5 73 9,1,62,,223070,1,,,1,23,,223072,1,0,34 73 9,1,15,,223071,1,0,5 73 9,1,69,,223073,1,,,1,16,,223075,1,0,34 73 9,1,15,,223074,1,0,5 73 9,1,68,,223076,1,,,1,22,,223078,1,0,34 73 9,1,15,,223077,1,0,5 73 9,1,63,,223079,1,,,1,37,,223080,1,0,5 73 9,1,68,,223081,1,,,1,6,,223082,1,0,5 73 9,1,96,,223083,1,0,5 73 9,1
1200,'20261025',600,,223084,1,,,1,30,,223085,1,,,1,91,,223086,1,,,1,100,,223087,1,,,1,99,,223088,1,,,1,17,,223089,1,0,34 73 9,1,83,,223090,1,,,1,32,,223091,1,0,5 73 9,1,63,,223092,1,,,1,37,,223093,1,0,5 73 9,1,63,,223094,1,,,1,37,,223095,1,0,5 73 9,1,63,,223096,1,,,1,37,,223097,1,0,5 73 9,1,56,,223098,1,,,1,44,,223099,1,0,5 73 9,1,57,,223100,1,,,1,38,,223101,1,0,5 73 9,1,62,,223102,1,,,1,23,,223104,1,0,34 73 9,1,15,,223103,1,0,5 73 9,1,62,,223105,1,,,1,23,,223107,1,0,34 73 9,1,15,,223106,1,0,5 73 9,1,69,,223108,1,,,1,16,,223110,1,0,34 73 9,1,15,,223109,1,0,5 73 9,1,68,,223111,1,,,1,22,,223113,1,0,34 73 9,1,15,,223112,1,0,5 73 9,1,63,,223114,1,,,1,37,,223115,1,0,5 73 9,1,68,,223116,1,,,1,6,,223117,1,0,5 73 9,1,96,,223118,1,0,5 73 9,1
1200,'20261026',422,,223120,1,,,1,92,,223121,1,,,1,87,,223122,1,,,1,118,,223123,1,,,1,100,,223124,1,,,1,103,,223125,1,,,1,100,,223126,1,,,1,100,,223127,1,,,1,36,,223128,1,0,5 73 9,1,64,,223129,1,,,1,36,,223130,1,0,5 73 9,1,59,,223131,1,,,1,36,,223132,1,0,5 73 9,1,65,,223133,1,,,1,31,,223134,1,0,5 73 9,1,65,,223135,1,,,1,31,,223136,1,0,5 73 9,1,70,,223138,1,,,1,2,,223137,1,0,5 73 9,1,29,,223139,1,0,5 73 9,1,73,,223140,1,,,1,33,,223141,1,0,5 73 9,1,76,,223142,1,,,1,29,,223143,1,0,5 73 9,1,69,,223144,1,,,1,105,,223145,1,,,1,26,,223146,1,0,5 73 9,1,74,,223147,1,,,1,96,,223148,1,0,5 73 9,1
1200,'20261027',422,,223150,1,,,1,92,,223151,1,,,1,87,,223152,1,,,1,118,,223153,1,,,1,100,,223154,1,,,1,103,,223155,1,,,1,100,,223156,1,,,1,100,,223157,1,,,1,36,,223158,1,0,5 73 9,1,64,,223159,1,,,1,36,,223160,1,0,5 73 9,1,59,,223161,1,,,1,36,,223162,1,0,5 73 9,1,65,,223163,1,,,1,31,,223164,1,0,5 73 9,1,65,,223165,1,,,1,31,,223166,1,0,5 73 9,1,70,,223168,1,,,1,2,,223167,1,0,5 73 9,1,29,,223169,1,0,5 73 9,1,73,,223170,1,,,1,33,,223171,1,0,5 73 9,1,76,,223172,1,,,1,29,,223173,1,0,5 73 9,1,69,,223174,1,,,1,105,,223175,1,,,1,26,,223176,1,0,5 73 9,1,74,,223177,1,,,1,96,,223178,1,0,5 73 9,1
1200,'20261028',422,,223180,1,,,1,92,,223181,1,,,1,87,,223182,1,,,1,118,,223183,1,,,1,100,,223184,1,,,1,103,,223185,1,,,1,100,,223186,1,,,1,100,,223187,1,,,1,36,,223188,1,0,5 73 9,1,64,,223189,1,,,1,36,,223190,1,0,5 73 9,1,59,,223191,1,,,1,36,,223192,1,0,5 73 9,1,65,,223193,1,,,1,31,,223194,1,0,5 73 9,1,65,,223195,1,,,1,31,,223196,1,0,5 73 9,1,70,,223198,1,,,1,2,,223197,1,0,5 73 9,1,29,,223199,1,0,5 73 9,1,73,,223200,1,,,1,33,,223201,1,0,5 73 9,1,76,,223202,1,,,1,29,,223203,1,0,5 73 9,1,69,,223204,1,,,1,105,,223205,1,,,1,26,,223206,1,0,5 73 9,1,74,,223207,1,,,1,96,,223208,1,0,5 73 9,1
1200,'20261029',422,,223210,1,,,1,92,,223211,1,,,1,87,,223212,1,,,1,118,,223213,1,,,1,100,,223214,1,,,1,103,,223215,1,,,1,100,,223216,1,,,1,100,,223217,1,,,1,36,,223218,1,0,5 73 9,1,64,,223219,1,,,1,36,,223220,1,0,5 73 9,1,59,,223221,1,,,1,36,,223222,1,0,5 73 9,1,65,,223223,1,,,1,31,,223224,1,0,5 73 9,1,65,,223225,1,,,1,31,,223226,1,0,5 73 9,1,70,,223228,1,,,1,2,,223227,1,0,5 73 9,1,29,,223229,1,0,5 73 9,1,73,,223230,1,,,1,33,,223231,1,0,5 73 9,1,76,,223232,1,,,1,29,,223233,1,0,5 73 9,1,69,,223234,1,,,1,105,,223235,1,,,1,26,,223236,1,0,5 73 9,1,74,,223237,1,,,1,96,,223238,1,0,5 73 9,1
1200,'20261030',422,,223240,1,,,1,92,,223241,1,,,1,87,,223242,1,,,1,118,,223243,1,,,1,100,,223244,1,,,1,103,,223245,1,,,1,100,,223246,1,,,1,100,,223247,1,,,1,36,,223248,1,0,5 73 9,1,64,,223249,1,,,1,36,,223250,1,0,5 73 9,1,59,,223251,1,,,1,36,,223252,1,0,5 73 9,1,65,,223253,1,,,1,31,,223254,1,0,5 73 9,1,65,,223255,1,,,1,31,,223256,1,0,5 73 9,1,70,,223258,1,,,1,2,,223257,1,0,5 73 9,1,29,,223259,1,0,5 73 9,1,73,,223260,1,,,1,33,,223261,1,0,5 73 9,1,76,,223262,1,,,1,29,,223263,1,0,5 73 9,1,69,,223264,1,,,1,105,,223265,1,,,1,26,,223266,1,0,5 73 9,1,74,,223267,1,,,1,96,,223268,1,0,5 73 9,1
1200,'20261031',600,,223269,1,,,1,30,,223270,1,,,1,91,,223271,1,,,1,100,,223272,1,,,1,99,,223273,1,,,1,17,,223274,1,0,34 73 9,1,83,,223275,1,,,1,32,,223276,1,0,5 73 9,1,63,,223277,1,,,1,37,,223278,1,0,5 73 9,1,63,,223279,1,,,1,37,,223280,1,0,5 73 9,1,63,,223281,1,,,1,37,,223282,1,0,5 73 9,1,56,,223283,1,,,1,44,,223284,1,0,5 73 9,1,57,,223285,1,,,1,38,,223286,1,0,5 73 9,1,62,,223287,1,,,1,23,,223289,1,0,34 73 9,1,15,,223288,1,0,5 73 9,1,62,,223290,1,,,1,23,,223292,1,0,34 73 9,1,15,,223291,1,0,5 73 9,1,69,,223293,1,,,1,16,,223295,1,0,34 73 9,1,15,,223294,1,0,5 73 9,1,68,,223296,1,,,1,22,,223298,1,0,34 73 9,1,15,,223297,1,0,5 73 9,1,63,,223299,1,,,1,37,,223300,1,0,5 73 9,1,68,,223301,1,,,1,6,,223302,1,0,5 73 9,1,96,,223303,1,0,5 73 9,1
1200,'20261101',600,,223304,1,,,1,30,,223305,1,,,1,91,,223306,1,,,1,100,,223307,1,,,1,99,,223308,1,,,1,17,,223309,1,0,34 73 9,1,83,,223310,1,,,1,32,,223311,1,0,5 73 9,1,63,,223312,1,,,1,37,,223313,1,0,5 73 9,1,63,,223314,1,,,1,37,,223315,1,0,5 73 9,1,63,,223316,1,,,1,37,,223317,1,0,5 73 9,1,56,,223318,1,,,1,44,,223319,1,0,5 73 9,1,57,,223320,1,,,1,38,,223321,1,0,5 73 9,1,62,,223322,1,,,1,23,,223324,1,0,34 73 9,1,15,,223323,1,0,5 73 9,1,62,,223325,1,,,1,23,,223327,1,0,34 73 9,1,15,,223326,1,0,5 73 9,1,69,,223328,1,,,1,16,,223330,1,0,34 73 9,1,15,,223329,1,0,5 73 9,1,68,,223331,1,,,1,22,,223333,1,0,34 73 9,1,15,,223332,1,0,5 73 9,1,63,,223334,1,,,1,37,,223335,1,0,5 73 9,1,68,,223336,1,,,1,6,,223337,1,0,5 73 9,1,96,,223338,1,0,5 73 9,1
1200,'20261102',422,,223340,1,,,1,92,,223341,1,,,1,87,,223342,1,,,1,118,,223343,1,,,1,100,,223344,1,,,1,103,,223345,1,,,1,100,,223346,1,,,1,100,,223347,1,,,1,36,,223348,1,0,5 73 9,1,64,,223349,1,,,1,36,,223350,1,0,5 73 9,1,59,,223351,1,,,1,36,,223352,1,0,5 73 9,1,65,,223353,1,,,1,31,,223354,1,0,5 73 9,1,65,,223355,1,,,1,31,,223356,1,0,5 73 9,1,70,,223358,1,,,1,2,,223357,1,0,5 73 9,1,29,,223359,1,0,5 73 9,1,73,,223360,1,,,1,33,,223361,1,0,5 73 9,1,76,,223362,1,,,1,29,,223363,1,0,5 73 9,1,69,,223364,1,,,1,105,,223365,1,,,1,26,,223366,1,0,5 73 9,1,74,,223367,1,,,1,96,,223368,1,0,5 73 9,1
1200,'20261103',422,,223370,1,,,1,92,,223371,1,,,1,87,,223372,1,,,1,118,,223373,1,,,1,100,,223374,1,,,1,103,,223375,1,,,1,100,,223376,1,,,1,100,,223377,1,,,1,36,,223378,1,0,5 73 9,1,64,,223379,1,,,1,36,,223380,1,0,5 73 9,1,59,,223381,1,,,1,36,,223382,1,0,5 73 9,1,65,,223383,1,,,1,31,,223384,1,0,5 73 9,1,65,,223385,1,,,1,31,,223386,1,0,5 73 9,1,70,,223388,1,,,1,2,,223387,1,0,5 73 9,1,29,,223389,1,0,5 73 9,1,73,,223390,1,,,1,33,,223391,1,0,5 73 9,1,76,,223392,1,,,1,29,,223393,1,0,5 73 9,1,69,,223394,1,,,1,105,,223395,1,,,1,26,,223396,1,0,5 73 9,1,74,,223397,1,,,1,96,,223398,1,0,5 73 9,1
1200,'20261104',422,,223400,1,,,1,92,,223401,1,,,1,87,,223402,1,,,1,118,,223403,1,,,1,100,,223404,1,,,1,103,,223405,1,,,1,100,,223406,1,,,1,100,,223407,1,,,1,36,,223408,1,0,5 73 9,1,64,,223409,1,,,1,36,,223410,1,0,5 73 9,1,59,,223411,1,,,1,36,,223412,1,0,5 73 9,1,65,,223413,1,,,1,31,,223414,1,0,5 73 9,1,65,,223415,1,,,1,31,,223416,1,0,5 73 9,1,70,,223418,1,,,1,2,,223417,1,0,5 73 9,1,29,,223419,1,0,5 73 9,1,73,,223420,1,,,1,33,,223421,1,0,5 73 9,1,76,,223422,1,,,1,29,,223423,1,0,5 73 9,1,69,,223424,1,,,1,105,,223425,1,,,1,26,,223426,1,0,5 73 9,1,74,,223427,1,,,1,96,,223428,1,0,5 73 9,1
1200,'20261105',422,,223430,1,,,1,92,,223431,1,,,1,87,,223432,1,,,1,118,,223433,1,,,1,100,,223434,1,,,1,103,,223435,1,,,1,100,,223436,1,,,1,100,,223437,1,,,1,36,,223438,1,0,5 73 9,1,64,,223439,1,,,1,36,,223440,1,0,5 73 9,1,59,,223441,1,,,1,36,,223442,1,0,5 73 9,1,65,,223443,1,,,1,31,,223444,1,0,5 73 9,1,65,,223445,1,,,1,31,,223446,1,0,5 73 9,1,70,,223448,1,,,1,2,,223447,1,0,5 73 9,1,29,,223449,1,0,5 73 9,1,73,,223450,1,,,1,33,,223451,1,0,5 73 9,1,76,,223452,1,,,1,29,,223453,1,0,5 73 9,1,69,,223454,1,,,1,105,,223455,1,,,1,26,,223456,1,0,5 73 9,1,74,,223457,1,,,1,96,,223458,1,0,5 73 9,1
1200,'20261106',422,,223460,1,,,1,92,,223461,1,,,1,87,,223462,1,,,1,118,,223463,1,,,1,100,,223464,1,,,1,103,,223465,1,,,1,100,,223466,1,,,1,100,,223467,1,,,1,36,,223468,1,0,5 73 9,1,64,,223469,1,,,1,36,,223470,1,0,5 73 9,1,59,,223471,1,,,1,36,,223472,1,0,5 73 9,1,65,,223473,1,,,1,31,,223474,1,0,5 73 9,1,65,,223475,1,,,1,31,,223476,1,0,5 73 9,1,70,,223478,1,,,1,2,,223477,1,0,5 73 9,1,29,,223479,1,0,5 73 9,1,73,,223480,1,,,1,33,,223481,1,0,5 73 9,1,76,,223482,1,,,1,29,,223483,1,0,5 73 9,1,69,,223484,1,,,1,105,,223485,1,,,1,26,,223486,1,0,5 73 9,1,74,,223487,1,,,1,96,,223488,1,0,5 73 9,1
1200,'20261107',600,,223489,1,,,1,30,,223490,1,,,1,91,,223491,1,,,1,100,,223492,1,,,1,99,,223493,1,,,1,17,,223494,1,0,34 73 9,1,83,,223495,1,,,1,32,,223496,1,0,5 73 9,1,63,,223497,1,,,1,37,,223498,1,0,5 73 9,1,63,,223499,1,,,1,37,,223500,1,0,5 73 9,1,63,,223501,1,,,1,37,,223502,1,0,5 73 9,1,56,,223503,1,,,1,44,,223504,1,0,5 73 9,1,57,,223505,1,,,1,38,,223506,1,0,5 73 9,1,62,,223507,1,,,1,23,,223509,1,0,34 73 9,1,15,,223508,1,0,5 73 9,1,62,,223510,1,,,1,23,,223512,1,0,34 73 9,1,15,,223511,1,0,5 73 9,1,69,,223513,1,,,1,16,,223515,1,0,34 73 9,1,15,,223514,1,0,5 73 9,1,68,,223516,1,,,1,22,,223518,1,0,34 73 9,1,15,,223517,1,0,5 73 9,1,63,,223519,1,,,1,37,,223520,1,0,5 73 9,1,68,,223521,1,,,1,6,,223522,1,0,5 73 9,1,96,,223523,1,0,5 73 9,1
1200,'20261108',600,,223524,1,,,1,30,,223525,1,,,1,91,,223526,1,,,1,100,,223527,1,,,1,99,,223528,1,,,1,17,,223529,1,0,34 73 9,1,83,,223530,1,,,1,32,,223531,1,0,5 73 9,1,63,,223532,1,,,1,37,,223533,1,0,5 73 9,1,63,,223534,1,,,1,37,,223535,1,0,5 73 9,1,63,,223536,1,,,1,37,,223537,1,0,5 73 9,1,56,,223538,1,,,1,44,,223539,1,0,5 73 9,1,57,,223540,1,,,1,38,,223541,1,0,5 73 9,1,62,,223542,1,,,1,23,,223544,1,0,34 73 9,1,15,,223543,1,0,5 73 9,1,62,,223545,1,,,1,23,,223547,1,0,34 73 9,1,15,,223546,1,0,5 73 9,1,69,,223548,1,,,1,16,,223550,1,0,34 73 9,1,15,,223549,1,0,5 73 9,1,68,,223551,1,,,1,22,,223553,1,0,34 73 9,1,15,,223552,1,0,5 73 9,1,63,,223554,1,,,1,37,,223555,1,0,5 73 9,1,68,,223556,1,,,1,6,,223557,1,0,5 73 9,1,96,,223558,1,0,5 73 9,1
1200,'20261109',422,,223560,1,,,1,92,,223561,1,,,1,87,,223562,1,,,1,118,,223563,1,,,1,100,,223564,1,,,1,103,,223565,1,,,1,100,,223566,1,,,1,100,,223567,1,,,1,36,,223568,1,0,5 73 9,1,64,,223569,1,,,1,36,,223570,1,0,5 73 9,1,59,,223571,1,,,1,36,,223572,1,0,5 73 9,1,65,,223573,1,,,1,31,,223574,1,0,5 73 9,1,65,,223575,1,,,1,31,,223576,1,0,5 73 9,1,70,,223578,1,,,1,2,,223577,1,0,5 73 9,1,29,,223579,1,0,5 73 9,1,73,,223580,1,,,1,33,,223581,1,0,5 73 9,1,76,,223582,1,,,1,29,,223583,1,0,5 73 9,1,69,,223584,1,,,1,105,,223585,1,,,1,26,,223586,1,0,5 73 9,1,74,,223587,1,,,1,96,,223588,1,0,5 73 9,1
1200,'20261110',422,,223590,1,,,1,92,,223591,1,,,1,87,,223592,1,,,1,118,,223593,1,,,1,100,,223594,1,,,1,103,,223595,1,,,1,100,,223596,1,,,1,100,,223597,1,,,1,36,,223598,1,0,5 73 9,1,64,,223599,1,,,1,36,,223600,1,0,5 73 9,1,59,,223601,1,,,1,36,,223602,1,0,5 73 9,1,65,,223603,1,,,1,31,,223604,1,0,5 73 9,1,65,,223605,1,,,1,31,,223606,1,0,5 73 9,1,70,,223608,1,,,1,2,,223607,1,0,5 73 9,1,29,,223609,1,0,5 73 9,1,73,,223610,1,,,1,33,,223611,1,0,5 73 9,1,76,,223612,1,,,1,29,,223613,1,0,5 73 9,1,69,,223614,1,,,1,105,,223615,1,,,1,26,,223616,1,0,5 73 9,1,74,,223617,1,,,1,96,,223618,1,0,5 73 9,1
1200,'20261111',422,,223620,1,,,1,92,,223621,1,,,1,87,,223622,1,,,1,118,,223623,1,,,1,100,,223624,1,,,1,103,,223625,1,,,1,100,,223626,1,,,1,100,,223627,1,,,1,36,,223628,1,0,5 73 9,1,64,,223629,1,,,1,36,,223630,1,0,5 73 9,1,59,,223631,1,,,1,36,,223632,1,0,5 73 9,1,65,,223633,1,,,1,31,,223634,1,0,5 73 9,1,65,,223635,1,,,1,31,,223636,1,0,5 73 9,1,70,,223638,1,,,1,2,,223637,1,0,5 73 9,1,29,,223639,1,0,5 73 9,1,73,,223640,1,,,1,33,,223641,1,0,5 73 9,1,76,,223642,1,,,1,29,,223643,1,0,5 73 9,1,69,,223644,1,,,1,105,,223645,1,,,1,26,,223646,1,0,5 73 9,1,74,,223647,1,,,1,96,,223648,1,0,5 73 9,1
1200,'20261112',422,,223650,1,,,1,92,,223651,1,,,1,87,,223652,1,,,1,118,,223653,1,,,1,100,,223654,1,,,1,103,,223655,1,,,1,100,,223656,1,,,1,100,,223657,1,,,1,36,,223658,1,0,5 73 9,1,64,,223659,1,,,1,36,,223660,1,0,5 73 9,1,59,,223661,1,,,1,36,,223662,1,0,5 73 9,1,65,,223663,1,,,1,31,,223664,1,0,5 73 9,1,65,,223665,1,,,1,31,,223666,1,0,5 73 9,1,70,,223668,1,,,1,2,,223667,1,0,5 73 9,1,29,,223669,1,0,5 73 9,1,73,,223670,1,,,1,33,,223671,1,0,5 73 9,1,76,,223672,1,,,1,29,,223673,1,0,5 73 9,1,69,,223674,1,,,1,105,,223675,1,,,1,26,,223676,1,0,5 73 9,1,74,,223677,1,,,1,96,,223678,1,0,5 73 9,1
1200,'20261113',422,,223680,1,,,1,92,,223681,1,,,1,87,,223682,1,,,1,118,,223683,1,,,1,100,,223684,1,,,1,103,,223685,1,,,1,100,,223686,1,,,1,100,,223687,1,,,1,36,,223688,1,0,5 73 9,1,64,,223689,1,,,1,36,,223690,1,0,5 73 9,1,59,,223691,1,,,1,36,,223692,1,0,5 73 9,1,65,,223693,1,,,1,31,,223694,1,0,5 73 9,1,65,,223695,1,,,1,31,,223696,1,0,5 73 9,1,70,,223698,1,,,1,2,,223697,1,0,5 73 9,1,29,,223699,1,0,5 73 9,1,73,,223700,1,,,1,33,,223701,1,0,5 73 9,1,76,,223702,1,,,1,29,,223703,1,0,5 73 9,1,69,,223704,1,,,1,105,,223705,1,,,1,26,,223706,1,0,5 73 9,1,74,,223707,1,,,1,96,,223708,1,0,5 73 9,1
1200,'20261114',600,,223709,1,,,1,30,,223710,1,,,1,91,,223711,1,,,1,100,,223712,1,,,1,99,,223713,1,,,1,17,,223714,1,0,34 73 9,1,83,,223715,1,,,1,32,,223716,1,0,5 73 9,1,63,,223717,1,,,1,37,,223718,1,0,5 73 9,1,63,,223719,1,,,1,37,,223720,1,0,5 73 9,1,63,,223721,1,,,1,37,,223722,1,0,5 73 9,1,56,,223723,1,,,1,44,,223724,1,0,5 73 9,1,57,,223725,1,,,1,38,,223726,1,0,5 73 9,1,62,,223727,1,,,1,23,,223729,1,0,34 73 9,1,15,,223728,1,0,5 73 9,1,62,,223730,1,,,1,23,,223732,1,0,34 73 9,1,15,,223731,1,0,5 73 9,1,69,,223733,1,,,1,16,,223735,1,0,34 73 9,1,15,,223734,1,0,5 73 9,1,68,,223736,1,,,1,22,,223738,1,0,34 73 9,1,15,,223737,1,0,5 73 9,1,63,,223739,1,,,1,37,,223740,1,0,5 73 9,1,68,,223741,1,,,1,6,,223742,1,0,5 73 9,1,96,,223743,1,0,5 73 9,1
1200,'20261115',600,,223744,1,,,1,30,,223745,1,,,1,91,,223746,1,,,1,100,,223747,1,,,1,99,,223748,1,,,1,17,,223749,1,0,34 73 9,1,83,,223750,1,,,1,32,,223751,1,0,5 73 9,1,63,,223752,1,,,1,37,,223753,1,0,5 73 9,1,63,,223754,1,,,1,37,,223755,1,0,5 73 9,1,63,,223756,1,,,1,37,,223757,1,0,5 73 9,1,56,,223758,1,,,1,44,,223759,1,0,5 73 9,1,57,,223760,1,,,1,38,,223761,1,0,5 73 9,1,62,,223762,1,,,1,23,,223764,1,0,34 73 9,1,15,,223763,1,0,5 73 9,1,62,,223765,1,,,1,23,,223767,1,0,34 73 9,1,15,,223766,1,0,5 73 9,1,69,,223768,1,,,1,16,,223770,1,0,34 73 9,1,15,,223769,1,0,5 73 9,1,68,,223771,1,,,1,22,,223773,1,0,34 73 9,1,15,,223772,1,0,5 73 9,1,63,,223774,1,,,1,37,,223775,1,0,5 73 9,1,68,,223776,1,,,1,6,,223777,1,0,5 73 9,1,96,,223778,1,0,5 73 9,1
1200,'20261116',422,,223780,1,,,1,92,,223781,1,,,1,87,,223782,1,,,1,118,,223783,1,,,1,100,,223784,1,,,1,103,,223785,1,,,1,100,,223786,1,,,1,100,,223787,1,,,1,36,,223788,1,0,5 73 9,1,64,,223789,1,,,1,36,,223790,1,0,5 73 9,1,59,,223791,1,,,1,36,,223792,1,0,5 73 9,1,65,,223793,1,,,1,31,,223794,1,0,5 73 9,1,65,,223795,1,,,1,31,,223796,1,0,5 73 9,1,70,,223798,1,,,1,2,,223797,1,0,5 73 9,1,29,,223799,1,0,5 73 9,1,73,,223800,1,,,1,33,,223801,1,0,5 73 9,1,76,,223802,1,,,1,29,,223803,1,0,5 73 9,1,69,,223804,1,,,1,105,,223805,1,,,1,26,,223806,1,0,5 73 9,1,74,,223807,1,,,1,96,,223808,1,0,5 73 9,1
1200,'20261117',422,,223810,1,,,1,92,,223811,1,,,1,87,,223812,1,,,1,118,,223813,1,,,1,100,,223814,1,,,1,103,,223815,1,,,1,100,,223816,1,,,1,100,,223817,1,,,1,36,,223818,1,0,5 73 9,1,64,,223819,1,,,1,36,,223820,1,0,5 73 9,1,59,,223821,1,,,1,36,,223822,1,0,5 73 9,1,65,,223823,1,,,1,31,,223824,1,0,5 73 9,1,65,,223825,1,,,1,31,,223826,1,0,5 73 9,1,70,,223828,1,,,1,2,,223827,1,0,5 73 9,1,29,,223829,1,0,5 73 9,1,73,,223830,1,,,1,33,,223831,1,0,5 73 9,1,76,,223832,1,,,1,29,,223833,1,0,5 73 9,1,69,,223834,1,,,1,105,,223835,1,,,1,26,,223836,1,0,5 73 9,1,74,,223837,1,,,1,96,,223838,1,0,5 73 9,1
1200,'20261118',422,,223840,1,,,1,92,,223841,1,,,1,87,,223842,1,,,1,118,,223843,1,,,1,100,,223844,1,,,1,103,,223845,1,,,1,100,,223846,1,,,1,100,,223847,1,,,1,36,,223848,1,0,5 73 9,1,64,,223849,1,,,1,36,,223850,1,0,5 73 9,1,59,,223851,1,,,1,36,,223852,1,0,5 73 9,1,65,,223853,1,,,1,31,,223854,1,0,5 73 9,1,65,,223855,1,,,1,31,,223856,1,0,5 73 9,1,70,,223858,1,,,1,2,,223857,1,0,5 73 9,1,29,,223859,1,0,5 73 9,1,73,,223860,1,,,1,33,,223861,1,0,5 73 9,1,76,,223862,1,,,1,29,,223863,1,0,5 73 9,1,69,,223864,1,,,1,105,,223865,1,,,1,26,,223866,1,0,5 73 9,1,74,,223867,1,,,1,96,,223868,1,0,5 73 9,1
1200,'20261119',422,,223870,1,,,1,92,,223871,1,,,1,87,,223872,1,,,1,118,,223873,1,,,1,100,,223874,1,,,1,103,,223875,1,,,1,100,,223876,1,,,1,100,,223877,1,,,1,36,,223878,1,0,5 73 9,1,64,,223879,1,,,1,36,,223880,1,0,5 73 9,1,59,,223881,1,,,1,36,,223882,1,0,5 73 9,1,65,,223883,1,,,1,31,,223884,1,0,5 73 9,1,65,,223885,1,,,1,31,,223886,1,0,5 73 9,1,70,,223888,1,,,1,2,,223887,1,0,5 73 9,1,29,,223889,1,0,5 73 9,1,73,,223890,1,,,1,33,,223891,1,0,5 73 9,1,76,,223892,1,,,1,29,,223893,1,0,5 73 9,1,69,,223894,1,,,1,105,,223895,1,,,1,26,,223896,1,0,5 73 9,1,74,,223897,1,,,1,96,,223898,1,0,5 73 9,1
1200,'20261120',422,,223900,1,,,1,92,,223901,1,,,1,87,,223902,1,,,1,118,,223903,1,,,1,100,,223904,1,,,1,103,,223905,1,,,1,100,,223906,1,,,1,100,,223907,1,,,1,36,,223908,1,0,5 73 9,1,64,,223909,1,,,1,36,,223910,1,0,5 73 9,1,59,,223911,1,,,1,36,,223912,1,0,5 73 9,1,65,,223913,1,,,1,31,,223914,1,0,5 73 9,1,65,,223915,1,,,1,31,,223916,1,0,5 73 9,1,70,,223918,1,,,1,2,,223917,1,0,5 73 9,1,29,,223919,1,0,5 73 9,1,73,,223920,1,,,1,33,,223921,1,0,5 73 9,1,76,,223922,1,,,1,29,,223923,1,0,5 73 9,1,69,,223924,1,,,1,105,,223925,1,,,1,26,,223926,1,0,5 73 9,1,74,,223927,1,,,1,96,,223928,1,0,5 73 9,1
1200,'20261121',600,,223929,1,,,1,30,,223930,1,,,1,91,,223931,1,,,1,100,,223932,1,,,1,99,,223933,1,,,1,17,,223934,1,0,34 73 9,1,83,,223935,1,,,1,32,,223936,1,0,5 73 9,1,63,,223937,1,,,1,37,,223938,1,0,5 73 9,1,63,,223939,1,,,1,37,,223940,1,0,5 73 9,1,63,,223941,1,,,1,37,,223942,1,0,5 73 9,1,56,,223943,1,,,1,44,,223944,1,0,5 73 9,1,57,,223945,1,,,1,38,,223946,1,0,5 73 9,1,62,,223947,1,,,1,23,,223949,1,0,34 73 9,1,15,,223948,1,0,5 73 9,1,62,,223950,1,,,1,23,,223952,1,0,34 73 9,1,15,,223951,1,0,5 73 9,1,69,,223953,1,,,1,16,,223955,1,0,34 73 9,1,15,,223954,1,0,5 73 9,1,68,,223956,1,,,1,22,,223958,1,0,34 73 9,1,15,,223957,1,0,5 73 9,1,63,,223959,1,,,1,37,,223960,1,0,5 73 9,1,68,,223961,1,,,1,6,,223962,1,0,5 73 9,1,96,,223963,1,0,5 73 9,1
1200,'20261122',600,,223964,1,,,1,30,,223965,1,,,1,91,,223966,1,,,1,100,,223967,1,,,1,99,,223968,1,,,1,17,,223969,1,0,34 73 9,1,83,,223970,1,,,1,32,,223971,1,0,5 73 9,1,63,,223972,1,,,1,37,,223973,1,0,5 73 9,1,63,,223974,1,,,1,37,,223975,1,0,5 73 9,1,63,,223976,1,,,1,37,,223977,1,0,5 73 9,1,56,,223978,1,,,1,44,,223979,1,0,5 73 9,1,57,,223980,1,,,1,38,,223981,1,0,5 73 9,1,62,,223982,1,,,1,23,,223984,1,0,34 73 9,1,15,,223983,1,0,5 73 9,1,62,,223985,1,,,1,23,,223987,1,0,34 73 9,1,15,,223986,1,0,5 73 9,1,69,,223988,1,,,1,16,,223990,1,0,34 73 9,1,15,,223989,1,0,5 73 9,1,68,,223991,1,,,1,22,,223993,1,0,34 73 9,1,15,,223992,1,0,5 73 9,1,63,,223994,1,,,1,37,,223995,1,0,5 73 9,1,68,,223996,1,,,1,6,,223997,1,0,5 73 9,1,96,,223998,1,0,5 73 9,1
1200,'20261123',422,,224000,1,,,1,92,,224001,1,,,1,87,,224002,1,,,1,118,,224003,1,,,1,100,,224004,1,,,1,103,,224005,1,,,1,100,,224006,1,,,1,100,,224007,1,,,1,36,,224008,1,0,5 73 9,1,64,,224009,1,,,1,36,,224010,1,0,5 73 9,1,59,,224011,1,,,1,36,,224012,1,0,5 73 9,1,65,,224013,1,,,1,31,,224014,1,0,5 73 9,1,65,,224015,1,,,1,31,,224016,1,0,5 73 9,1,70,,224018,1,,,1,2,,224017,1,0,5 73 9,1,29,,224019,1,0,5 73 9,1,73,,224020,1,,,1,33,,224021,1,0,5 73 9,1,76,,224022,1,,,1,29,,224023,1,0,5 73 9,1,69,,224024,1,,,1,105,,224025,1,,,1,26,,224026,1,0,5 73 9,1,74,,224027,1,,,1,96,,224028,1,0,5 73 9,1
1200,'20261124',422,,224030,1,,,1,92,,224031,1,,,1,87,,224032,1,,,1,118,,224033,1,,,1,100,,224034,1,,,1,103,,224035,1,,,1,100,,224036,1,,,1,100,,224037,1,,,1,36,,224038,1,0,5 73 9,1,64,,224039,1,,,1,36,,224040,1,0,5 73 9,1,59,,224041,1,,,1,36,,224042,1,0,5 73 9,1,65,,224043,1,,,1,31,,224044,1,0,5 73 9,1,65,,224045,1,,,1,31,,224046,1,0,5 73 9,1,70,,224048,1,,,1,2,,224047,1,0,5 73 9,1,29,,224049,1,0,5 73 9,1,73,,224050,1,,,1,33,,224051,1,0,5 73 9,1,76,,224052,1,,,1,29,,224053,1,0,5 73 9,1,69,,224054,1,,,1,105,,224055,1,,,1,26,,224056,1,0,5 73 9,1,74,,224057,1,,,1,96,,224058,1,0,5 73 9,1
1200,'20261125',422,,224060,1,,,1,92,,224061,1,,,1,87,,224062,1,,,1,118,,224063,1,,,1,100,,224064,1,,,1,103,,224065,1,,,1,100,,224066,1,,,1,100,,224067,1,,,1,36,,224068,1,0,5 73 9,1,64,,224069,1,,,1,36,,224070,1,0,5 73 9,1,59,,224071,1,,,1,36,,224072,1,0,5 73 9,1,65,,224073,1,,,1,31,,224074,1,0,5 73 9,1,65,,224075,1,,,1,31,,224076,1,0,5 73 9,1,70,,224078,1,,,1,2,,224077,1,0,5 73 9,1,29,,224079,1,0,5 73 9,1,73,,224080,1,,,1,33,,224081,1,0,5 73 9,1,76,,224082,1,,,1,29,,224083,1,0,5 73 9,1,69,,224084,1,,,1,105,,224085,1,,,1,26,,224086,1,0,5 73 9,1,74,,224087,1,,,1,96,,224088,1,0,5 73 9,1
1200,'20261126',422,,224090,1,,,1,92,,224091,1,,,1,87,,224092,1,,,1,118,,224093,1,,,1,100,,224094,1,,,1,103,,224095,1,,,1,100,,224096,1,,,1,100,,224097,1,,,1,36,,224098,1,0,5 73 9,1,64,,224099,1,,,1,36,,224100,1,0,5 73 9,1,59,,224101,1,,,1,36,,224102,1,0,5 73 9,1,65,,224103,1,,,1,31,,224104,1,0,5 73 9,1,65,,224105,1,,,1,31,,224106,1,0,5 73 9,1,70,,224108,1,,,1,2,,224107,1,0,5 73 9,1,29,,224109,1,0,5 73 9,1,73,,224110,1,,,1,33,,224111,1,0,5 73 9,1,76,,224112,1,,,1,29,,224113,1,0,5 73 9,1,69,,224114,1,,,1,105,,224115,1,,,1,26,,224116,1,0,5 73 9,1,74,,224117,1,,,1,96,,224118,1,0,5 73 9,1
1200,'20261127',422,,224120,1,,,1,92,,224121,1,,,1,87,,224122,1,,,1,118,,224123,1,,,1,100,,224124,1,,,1,103,,224125,1,,,1,100,,224126,1,,,1,100,,224127,1,,,1,36,,224128,1,0,5 73 9,1,64,,224129,1,,,1,36,,224130,1,0,5 73 9,1,59,,224131,1,,,1,36,,224132,1,0,5 73 9,1,65,,224133,1,,,1,31,,224134,1,0,5 73 9,1,65,,224135,1,,,1,31,,224136,1,0,5 73 9,1,70,,224138,1,,,1,2,,224137,1,0,5 73 9,1,29,,224139,1,0,5 73 9,1,73,,224140,1,,,1,33,,224141,1,0,5 73 9,1,76,,224142,1,,,1,29,,224143,1,0,5 73 9,1,69,,224144,1,,,1,105,,224145,1,,,1,26,,224146,1,0,5 73 9,1,74,,224147,1,,,1,96,,224148,1,0,5 73 9,1
1201,'20260917',817,,224505,10,4,,1,103,,224506,10,4,,1,107,,224507,10,4,,1,31,,224509,4,4,,1,70,,224508,10,4,,1,30,,224511,4,4,,1,70,,224510,10,4,,1,75,,224513,4,4,,1,25,,224512,10,4,,1,75,,224515,4,4,,1,30,,224514,10,4,,1,70,,224517,4,4,,1,30,,224516,10,4,,1,80,,224519,4,4,,1,23,,224518,10,4,,1,77,,224521,4,4,,1,35,,224520,10,4,,1,68,,224523,4,4,,1,28,,224522,10,4,,1,70,,224524,6,4,,1,25,,224525,10,4,,1,69,,224527,4,4,,1,23,,224526,10,4,,1,93,,224528,10,4,,1,100,,224529,10,4,,1,100,,224530,10,4,,1,100,,224531,10,4,,1,102,,224532,10,4,,1
1201,'20260918',817,,224533,10,4,,1,103,,224534,10,4,,1,107,,224535,10,4,,1,31,,224537,4,4,,1,70,,224536,10,4,,1,30,,224539,4,4,,1,70,,224538,10,4,,1,75,,224541,4,4,,1,25,,224540,10,4,,1,75,,224543,4,4,,1,30,,224542,10,4,,1,70,,224545,4,4,,1,30,,224544,10,4,,1,80,,224547,4,4,,1,23,,224546,10,4,,1,77,,224549,4,4,,1,35,,224548,10,4,,1,68,,224551,4,4,,1,28,,224550,10,4,,1,70,,224552,6,4,,1,25,,224553,10,4,,1,69,,224555,4,4,,1,23,,224554,10,4,,1,93,,224556,10,4,,1,100,,224557,10,4,,1,100,,224558,10,4,,1,100,,224559,10,4,,1,102,,224560,10,4,,1
1201,'20260919',935,,224561,10,4,,1,80,,224563,4,4,,1,30,,224562,10,4,,1,13,,224565,4,4,,1,75,,224564,10,4,,1,70,,224567,4,4,,1,10,,224568,6,4,,1,30,,224566,10,4,,1,70,,224570,4,4,,1,10,,224571,6,4,,1,30,,224569,10,4,,1,65,,224573,4,4,,1,10,,224574,6,4,,1,25,,224572,10,4,,1,65,,224576,4,4,,1,30,,224575,10,4,,1,70,,224578,4,4,,1,25,,224577,10,4,,1,70,,224580,4,4,,1,25,,224579,10,4,,1,65,,224582,4,4,,1,35,,224581,10,4,,1,65,,224584,4,4,,1,30,,224583,10,4,,1,26,,224586,4,4,,1,70,,224585,10,4,,1,30,,224588,4,4,,1,70,,224587,10,4,,1,100,,224589,10,4,,1,95,,224590,10,4,,1,100,,224591,10,4,,1,102,,224592,10,4,,1
1201,'20260920',935,,224593,10,4,,1,80,,224595,4,4,,1,30,,224594,10,4,,1,13,,224597,4,4,,1,75,,224596,10,4,,1,70,,224599,4,4,,1,10,,224600,6,4,,1,30,,224598,10,4,,1,70,,224602,4,4,,1,10,,224603,6,4,,1,30,,224601,10,4,,1,65,,224605,4,4,,1,10,,224606,6,4,,1,25,,224604,10,4,,1,65,,224608,4,4,,1,30,,224607,10,4,,1,70,,224610,4,4,,1,25,,224609,10,4,,1,70,,224612,4,4,,1,25,,224611,10,4,,1,65,,224614,4,4,,1,35,,224613,10,4,,1,65,,224616,4,4,,1,30,,224615,10,4,,1,26,,224618,4,4,,1,70,,224617,10,4,,1,30,,224620,4,4,,1,70,,224619,10,4,,1,100,,224621,10,4,,1,95,,224622,10,4,,1,100,,224623,10,4,,1,102,,224624,10,4,,1
1201,'20260921',817,,224625,10,4,,1,103,,224626,10,4,,1,107,,224627,10,4,,1,31,,224629,4,4,,1,70,,224628,10,4,,1,30,,224631,4,4,,1,70,,224630,10,4,,1,75,,224633,4,4,,1,25,,224632,10,4,,1,75,,224635,4,4,,1,30,,224634,10,4,,1,70,,224637,4,4,,1,30,,224636,10,4,,1,80,,224639,4,4,,1,23,,224638,10,4,,1,77,,224641,4,4,,1,35,,224640,10,4,,1,68,,224643,4,4,,1,28,,224642,10,4,,1,70,,224644,6,4,,1,25,,224645,10,4,,1,69,,224647,4,4,,1,23,,224646,10,4,,1,93,,224648,10,4,,1,100,,224649,10,4,,1,100,,224650,10,4,,1,100,,224651,10,4,,1,102,,224652,10,4,,1
1201,'20260922',817,,224653,10,4,,1,103,,224654,10,4,,1,107,,224655,10,4,,1,31,,224657,4,4,,1,70,,224656,10,4,,1,30,,224659,4,4,,1,70,,224658,10,4,,1,75,,224661,4,4,,1,25,,224660,10,4,,1,75,,224663,4,4,,1,30,,224662,10,4,,1,70,,224665,4,4,,1,30,,224664,10,4,,1,80,,224667,4,4,,1,23,,224666,10,4,,1,77,,224669,4,4,,1,35,,224668,10,4,,1,68,,224671,4,4,,1,28,,224670,10,4,,1,70,,224672,6,4,,1,25,,224673,10,4,,1,69,,224675,4,4,,1,23,,224674,10,4,,1,93,,224676,10,4,,1,100,,224677,10,4,,1,100,,224678,10,4,,1,100,,224679,10,4,,1,102,,224680,10,4,,1
1201,'20260923',817,,224681,10,4,,1,103,,224682,10,4,,1,107,,224683,10,4,,1,31,,224685,4,4,,1,70,,224684,10,4,,1,30,,224687,4,4,,1,70,,224686,10,4,,1,75,,224689,4,4,,1,25,,224688,10,4,,1,75,,224691,4,4,,1,30,,224690,10,4,,1,70,,224693,4,4,,1,30,,224692,10,4,,1,80,,224695,4,4,,1,23,,224694,10,4,,1,77,,224697,4,4,,1,35,,224696,10,4,,1,68,,224699,4,4,,1,28,,224698,10,4,,1,70,,224700,6,4,,1,25,,224701,10,4,,1,69,,224703,4,4,,1,23,,224702,10,4,,1,93,,224704,10,4,,1,100,,224705,10,4,,1,100,,224706,10,4,,1,100,,224707,10,4,,1,102,,224708,10,4,,1
1201,'20260924',817,,224709,10,4,,1,103,,224710,10,4,,1,107,,224711,10,4,,1,31,,224713,4,4,,1,70,,224712,10,4,,1,30,,224715,4,4,,1,70,,224714,10,4,,1,75,,224717,4,4,,1,25,,224716,10,4,,1,75,,224719,4,4,,1,30,,224718,10,4,,1,70,,224721,4,4,,1,30,,224720,10,4,,1,80,,224723,4,4,,1,23,,224722,10,4,,1,77,,224725,4,4,,1,35,,224724,10,4,,1,68,,224727,4,4,,1,28,,224726,10,4,,1,70,,224728,6,4,,1,25,,224729,10,4,,1,69,,224731,4,4,,1,23,,224730,10,4,,1,93,,224732,10,4,,1,100,,224733,10,4,,1,100,,224734,10,4,,1,100,,224735,10,4,,1,102,,224736,10,4,,1
1201,'20260925',817,,224737,10,4,,1,103,,224738,10,4,,1,107,,224739,10,4,,1,31,,224741,4,4,,1,70,,224740,10,4,,1,30,,224743,4,4,,1,70,,224742,10,4,,1,75,,224745,4,4,,1,25,,224744,10,4,,1,75,,224747,4,4,,1,30,,224746,10,4,,1,70,,224749,4,4,,1,30,,224748,10,4,,1,80,,224751,4,4,,1,23,,224750,10,4,,1,77,,224753,4,4,,1,35,,224752,10,4,,1,68,,224755,4,4,,1,28,,224754,10,4,,1,70,,224756,6,4,,1,25,,224757,10,4,,1,69,,224759,4,4,,1,23,,224758,10,4,,1,93,,224760,10,4,,1,100,,224761,10,4,,1,100,,224762,10,4,,1,100,,224763,10,4,,1,102,,224764,10,4,,1
1201,'20260926',935,,224765,10,4,,1,80,,224767,4,4,,1,30,,224766,10,4,,1,13,,224769,4,4,,1,75,,224768,10,4,,1,70,,224771,4,4,,1,10,,224772,6,4,,1,30,,224770,10,4,,1,70,,224774,4,4,,1,10,,224775,6,4,,1,30,,224773,10,4,,1,65,,224777,4,4,,1,10,,224778,6,4,,1,25,,224776,10,4,,1,65,,224780,4,4,,1,30,,224779,10,4,,1,70,,224782,4,4,,1,25,,224781,10,4,,1,70,,224784,4,4,,1,25,,224783,10,4,,1,65,,224786,4,4,,1,35,,224785,10,4,,1,65,,224788,4,4,,1,30,,224787,10,4,,1,26,,224790,4,4,,1,70,,224789,10,4,,1,30,,224792,4,4,,1,70,,224791,10,4,,1,100,,224793,10,4,,1,95,,224794,10,4,,1,100,,224795,10,4,,1,102,,224796,10,4,,1
1201,'20260927',935,,224797,10,4,,1,80,,224799,4,4,,1,30,,224798,10,4,,1,13,,224801,4,4,,1,75,,224800,10,4,,1,70,,224803,4,4,,1,10,,224804,6,4,,1,30,,224802,10,4,,1,70,,224806,4,4,,1,10,,224807,6,4,,1,30,,224805,10,4,,1,65,,224809,4,4,,1,10,,224810,6,4,,1,25,,224808,10,4,,1,65,,224812,4,4,,1,30,,224811,10,4,,1,70,,224814,4,4,,1,25,,224813,10,4,,1,70,,224816,4,4,,1,25,,224815,10,4,,1,65,,224818,4,4,,1,35,,224817,10,4,,1,65,,224820,4,4,,1,30,,224819,10,4,,1,26,,224822,4,4,,1,70,,224821,10,4,,1,30,,224824,4,4,,1,70,,224823,10,4,,1,100,,224825,10,4,,1,95,,224826,10,4,,1,100,,224827,10,4,,1,102,,224828,10,4,,1
1201,'20260928',817,,224829,10,4,,1,103,,224830,10,4,,1,107,,224831,10,4,,1,31,,224833,4,4,,1,70,,224832,10,4,,1,30,,224835,4,4,,1,70,,224834,10,4,,1,75,,224837,4,4,,1,25,,224836,10,4,,1,75,,224839,4,4,,1,30,,224838,10,4,,1,70,,224841,4,4,,1,30,,224840,10,4,,1,80,,224843,4,4,,1,23,,224842,10,4,,1,77,,224845,4,4,,1,35,,224844,10,4,,1,68,,224847,4,4,,1,28,,224846,10,4,,1,70,,224848,6,4,,1,25,,224849,10,4,,1,69,,224851,4,4,,1,23,,224850,10,4,,1,93,,224852,10,4,,1,100,,224853,10,4,,1,100,,224854,10,4,,1,100,,224855,10,4,,1,102,,224856,10,4,,1
1201,'20260929',817,,224857,10,4,,1,103,,224858,10,4,,1,107,,224859,10,4,,1,31,,224861,4,4,,1,70,,224860,10,4,,1,30,,224863,4,4,,1,70,,224862,10,4,,1,75,,224865,4,4,,1,25,,224864,10,4,,1,75,,224867,4,4,,1,30,,224866,10,4,,1,70,,224869,4,4,,1,30,,224868,10,4,,1,80,,224871,4,4,,1,23,,224870,10,4,,1,77,,224873,4,4,,1,35,,224872,10,4,,1,68,,224875,4,4,,1,28,,224874,10,4,,1,70,,224876,6,4,,1,25,,224877,10,4,,1,69,,224879,4,4,,1,23,,224878,10,4,,1,93,,224880,10,4,,1,100,,224881,10,4,,1,100,,224882,10,4,,1,100,,224883,10,4,,1,102,,224884,10,4,,1
1201,'20260930',817,,224885,10,4,,1,103,,224886,10,4,,1,107,,224887,10,4,,1,31,,224889,4,4,,1,70,,224888,10,4,,1,30,,224891,4,4,,1,70,,224890,10,4,,1,75,,224893,4,4,,1,25,,224892,10,4,,1,75,,224895,4,4,,1,30,,224894,10,4,,1,70,,224897,4,4,,1,30,,224896,10,4,,1,80,,224899,4,4,,1,23,,224898,10,4,,1,77,,224901,4,4,,1,35,,224900,10,4,,1,68,,224903,4,4,,1,28,,224902,10,4,,1,70,,224904,6,4,,1,25,,224905,10,4,,1,69,,224907,4,4,,1,23,,224906,10,4,,1,93,,224908,10,4,,1,100,,224909,10,4,,1,100,,224910,10,4,,1,100,,224911,10,4,,1,102,,224912,10,4,,1
1201,'20261001',817,,224913,10,4,,1,103,,224914,10,4,,1,107,,224915,10,4,,1,31,,224917,4,4,,1,70,,224916,10,4,,1,30,,224919,4,4,,1,70,,224918,10,4,,1,75,,224921,4,4,,1,25,,224920,10,4,,1,75,,224923,4,4,,1,30,,224922,10,4,,1,70,,224925,4,4,,1,30,,224924,10,4,,1,80,,224927,4,4,,1,23,,224926,10,4,,1,77,,224929,4,4,,1,35,,224928,10,4,,1,68,,224931,4,4,,1,28,,224930,10,4,,1,70,,224932,6,4,,1,25,,224933,10,4,,1,69,,224935,4,4,,1,23,,224934,10,4,,1,93,,224936,10,4,,1,100,,224937,10,4,,1,100,,224938,10,4,,1,100,,224939,10,4,,1,102,,224940,10,4,,1
1201,'20261002',817,,224941,10,4,,1,103,,224942,10,4,,1,107,,224943,10,4,,1,31,,224945,4,4,,1,70,,224944,10,4,,1,30,,224947,4,4,,1,70,,224946,10,4,,1,75,,224949,4,4,,1,25,,224948,10,4,,1,75,,224951,4,4,,1,30,,224950,10,4,,1,70,,224953,4,4,,1,30,,224952,10,4,,1,80,,224955,4,4,,1,23,,224954,10,4,,1,77,,224957,4,4,,1,35,,224956,10,4,,1,68,,224959,4,4,,1,28,,224958,10,4,,1,70,,224960,6,4,,1,25,,224961,10,4,,1,69,,224963,4,4,,1,23,,224962,10,4,,1,93,,224964,10,4,,1,100,,224965,10,4,,1,100,,224966,10,4,,1,100,,224967,10,4,,1,102,,224968,10,4,,1
1201,'20261003',935,,224969,10,4,,1,80,,224971,4,4,,1,30,,224970,10,4,,1,13,,224973,4,4,,1,75,,224972,10,4,,1,70,,224975,4,4,,1,10,,224976,6,4,,1,30,,224974,10,4,,1,70,,224978,4,4,,1,10,,224979,6,4,,1,30,,224977,10,4,,1,65,,224981,4,4,,1,10,,224982,6,4,,1,25,,224980,10,4,,1,65,,224984,4,4,,1,30,,224983,10,4,,1,70,,224986,4,4,,1,25,,224985,10,4,,1,70,,224988,4,4,,1,25,,224987,10,4,,1,65,,224990,4,4,,1,35,,224989,10,4,,1,65,,224992,4,4,,1,30,,224991,10,4,,1,26,,224994,4,4,,1,70,,224993,10,4,,1,30,,224996,4,4,,1,70,,224995,10,4,,1,100,,224997,10,4,,1,95,,224998,10,4,,1,100,,224999,10,4,,1,102,,225000,10,4,,1
1201,'20261004',935,,225001,10,4,,1,80,,225003,4,4,,1,30,,225002,10,4,,1,13,,225005,4,4,,1,75,,225004,10,4,,1,70,,225007,4,4,,1,10,,225008,6,4,,1,30,,225006,10,4,,1,70,,225010,4,4,,1,10,,225011,6,4,,1,30,,225009,10,4,,1,65,,225013,4,4,,1,10,,225014,6,4,,1,25,,225012,10,4,,1,65,,225016,4,4,,1,30,,225015,10,4,,1,70,,225018,4,4,,1,25,,225017,10,4,,1,70,,225020,4,4,,1,25,,225019,10,4,,1,65,,225022,4,4,,1,35,,225021,10,4,,1,65,,225024,4,4,,1,30,,225023,10,4,,1,26,,225026,4,4,,1,70,,225025,10,4,,1,30,,225028,4,4,,1,70,,225027,10,4,,1,100,,225029,10,4,,1,95,,225030,10,4,,1,100,,225031,10,4,,1,102,,225032,10,4,,1
1201,'20261005',817,,225033,10,4,,1,103,,225034,10,4,,1,107,,225035,10,4,,1,31,,225037,4,4,,1,70,,225036,10,4,,1,30,,225039,4,4,,1,70,,225038,10,4,,1,75,,225041,4,4,,1,25,,225040,10,4,,1,75,,225043,4,4,,1,30,,225042,10,4,,1,70,,225045,4,4,,1,30,,225044,10,4,,1,80,,225047,4,4,,1,23,,225046,10,4,,1,77,,225049,4,4,,1,35,,225048,10,4,,1,68,,225051,4,4,,1,28,,225050,10,4,,1,70,,225052,6,4,,1,25,,225053,10,4,,1,69,,225055,4,4,,1,23,,225054,10,4,,1,93,,225056,10,4,,1,100,,225057,10,4,,1,100,,225058,10,4,,1,100,,225059,10,4,,1,102,,225060,10,4,,1
1201,'20261006',817,,225061,10,4,,1,103,,225062,10,4,,1,107,,225063,10,4,,1,31,,225065,4,4,,1,70,,225064,10,4,,1,30,,225067,4,4,,1,70,,225066,10,4,,1,75,,225069,4,4,,1,25,,225068,10,4,,1,75,,225071,4,4,,1,30,,225070,10,4,,1,70,,225073,4,4,,1,30,,225072,10,4,,1,80,,225075,4,4,,1,23,,225074,10,4,,1,77,,225077,4,4,,1,35,,225076,10,4,,1,68,,225079,4,4,,1,28,,225078,10,4,,1,70,,225080,6,4,,1,25,,225081,10,4,,1,69,,225083,4,4,,1,23,,225082,10,4,,1,93,,225084,10,4,,1,100,,225085,10,4,,1,100,,225086,10,4,,1,100,,225087,10,4,,1,102,,225088,10,4,,1
1201,'20261007',817,,225089,10,4,,1,103,,225090,10,4,,1,107,,225091,10,4,,1,31,,225093,4,4,,1,70,,225092,10,4,,1,30,,225095,4,4,,1,70,,225094,10,4,,1,75,,225097,4,4,,1,25,,225096,10,4,,1,75,,225099,4,4,,1,30,,225098,10,4,,1,70,,225101,4,4,,1,30,,225100,10,4,,1,80,,225103,4,4,,1,23,,225102,10,4,,1,77,,225105,4,4,,1,35,,225104,10,4,,1,68,,225107,4,4,,1,28,,225106,10,4,,1,70,,225108,6,4,,1,25,,225109,10,4,,1,69,,225111,4,4,,1,23,,225110,10,4,,1,93,,225112,10,4,,1,100,,225113,10,4,,1,100,,225114,10,4,,1,100,,225115,10,4,,1,102,,225116,10,4,,1
1201,'20261008',817,,225117,10,4,,1,103,,225118,10,4,,1,107,,225119,10,4,,1,31,,225121,4,4,,1,70,,225120,10,4,,1,30,,225123,4,4,,1,70,,225122,10,4,,1,75,,225125,4,4,,1,25,,225124,10,4,,1,75,,225127,4,4,,1,30,,225126,10,4,,1,70,,225129,4,4,,1,30,,225128,10,4,,1,80,,225131,4,4,,1,23,,225130,10,4,,1,77,,225133,4,4,,1,35,,225132,10,4,,1,68,,225135,4,4,,1,28,,225134,10,4,,1,70,,225136,6,4,,1,25,,225137,10,4,,1,69,,225139,4,4,,1,23,,225138,10,4,,1,93,,225140,10,4,,1,100,,225141,10,4,,1,100,,225142,10,4,,1,100,,225143,10,4,,1,102,,225144,10,4,,1
1201,'20261009',817,,225145,10,4,,1,103,,225146,10,4,,1,107,,225147,10,4,,1,31,,225149,4,4,,1,70,,225148,10,4,,1,30,,225151,4,4,,1,70,,225150,10,4,,1,75,,225153,4,4,,1,25,,225152,10,4,,1,75,,225155,4,4,,1,30,,225154,10,4,,1,70,,225157,4,4,,1,30,,225156,10,4,,1,80,,225159,4,4,,1,23,,225158,10,4,,1,77,,225161,4,4,,1,35,,225160,10,4,,1,68,,225163,4,4,,1,28,,225162,10,4,,1,70,,225164,6,4,,1,25,,225165,10,4,,1,69,,225167,4,4,,1,23,,225166,10,4,,1,93,,225168,10,4,,1,100,,225169,10,4,,1,100,,225170,10,4,,1,100,,225171,10,4,,1,102,,225172,10,4,,1
1201,'20261010',935,,225173,10,4,,1,80,,225175,4,4,,1,30,,225174,10,4,,1,13,,225177,4,4,,1,75,,225176,10,4,,1,70,,225179,4,4,,1,10,,225180,6,4,,1,30,,225178,10,4,,1,70,,225182,4,4,,1,10,,225183,6,4,,1,30,,225181,10,4,,1,65,,225185,4,4,,1,10,,225186,6,4,,1,25,,225184,10,4,,1,65,,225188,4,4,,1,30,,225187,10,4,,1,70,,225190,4,4,,1,25,,225189,10,4,,1,70,,225192,4,4,,1,25,,225191,10,4,,1,65,,225194,4,4,,1,35,,225193,10,4,,1,65,,225196,4,4,,1,30,,225195,10,4,,1,26,,225198,4,4,,1,70,,225197,10,4,,1,30,,225200,4,4,,1,70,,225199,10,4,,1,100,,225201,10,4,,1,95,,225202,10,4,,1,100,,225203,10,4,,1,102,,225204,10,4,,1
1201,'20261011',935,,225205,10,4,,1,80,,225207,4,4,,1,30,,225206,10,4,,1,13,,225209,4,4,,1,75,,225208,10,4,,1,70,,225211,4,4,,1,10,,225212,6,4,,1,30,,225210,10,4,,1,70,,225214,4,4,,1,10,,225215,6,4,,1,30,,225213,10,4,,1,65,,225217,4,4,,1,10,,225218,6,4,,1,25,,225216,10,4,,1,65,,225220,4,4,,1,30,,225219,10,4,,1,70,,225222,4,4,,1,25,,225221,10,4,,1,70,,225224,4,4,,1,25,,225223,10,4,,1,65,,225226,4,4,,1,35,,225225,10,4,,1,65,,225228,4,4,,1,30,,225227,10,4,,1,26,,225230,4,4,,1,70,,225229,10,4,,1,30,,225232,4,4,,1,70,,225231,10,4,,1,100,,225233,10,4,,1,95,,225234,10,4,,1,100,,225235,10,4,,1,102,,225236,10,4,,1
1201,'20261012',935,,225237,10,4,,1,80,,225239,4,4,,1,30,,225238,10,4,,1,13,,225241,4,4,,1,75,,225240,10,4,,1,70,,225243,4,4,,1,10,,225244,6,4,,1,30,,225242,10,4,,1,70,,225246,4,4,,1,10,,225247,6,4,,1,30,,225245,10,4,,1,65,,225249,4,4,,1,10,,225250,6,4,,1,25,,225248,10,4,,1,65,,225252,4,4,,1,30,,225251,10,4,,1,70,,225254,4,4,,1,25,,225253,10,4,,1,70,,225256,4,4,,1,25,,225255,10,4,,1,65,,225258,4,4,,1,35,,225257,10,4,,1,65,,225260,4,4,,1,30,,225259,10,4,,1,26,,225262,4,4,,1,70,,225261,10,4,,1,30,,225264,4,4,,1,70,,225263,10,4,,1,100,,225265,10,4,,1,95,,225266,10,4,,1,100,,225267,10,4,,1,102,,225268,10,4,,1
1201,'20261013',817,,225269,10,4,,1,103,,225270,10,4,,1,107,,225271,10,4,,1,31,,225273,4,4,,1,70,,225272,10,4,,1,30,,225275,4,4,,1,70,,225274,10,4,,1,75,,225277,4,4,,1,25,,225276,10,4,,1,75,,225279,4,4,,1,30,,225278,10,4,,1,70,,225281,4,4,,1,30,,225280,10,4,,1,80,,225283,4,4,,1,23,,225282,10,4,,1,77,,225285,4,4,,1,35,,225284,10,4,,1,68,,225287,4,4,,1,28,,225286,10,4,,1,70,,225288,6,4,,1,25,,225289,10,4,,1,69,,225291,4,4,,1,23,,225290,10,4,,1,93,,225292,10,4,,1,100,,225293,10,4,,1,100,,225294,10,4,,1,100,,225295,10,4,,1,102,,225296,10,4,,1
1201,'20261014',817,,225297,10,4,,1,103,,225298,10,4,,1,107,,225299,10,4,,1,31,,225301,4,4,,1,70,,225300,10,4,,1,30,,225303,4,4,,1,70,,225302,10,4,,1,75,,225305,4,4,,1,25,,225304,10,4,,1,75,,225307,4,4,,1,30,,225306,10,4,,1,70,,225309,4,4,,1,30,,225308,10,4,,1,80,,225311,4,4,,1,23,,225310,10,4,,1,77,,225313,4,4,,1,35,,225312,10,4,,1,68,,225315,4,4,,1,28,,225314,10,4,,1,70,,225316,6,4,,1,25,,225317,10,4,,1,69,,225319,4,4,,1,23,,225318,10,4,,1,93,,225320,10,4,,1,100,,225321,10,4,,1,100,,225322,10,4,,1,100,,225323,10,4,,1,102,,225324,10,4,,1
1201,'20261015',817,,225325,10,4,,1,103,,225326,10,4,,1,107,,225327,10,4,,1,31,,225329,4,4,,1,70,,225328,10,4,,1,30,,225331,4,4,,1,70,,225330,10,4,,1,75,,225333,4,4,,1,25,,225332,10,4,,1,75,,225335,4,4,,1,30,,225334,10,4,,1,70,,225337,4,4,,1,30,,225336,10,4,,1,80,,225339,4,4,,1,23,,225338,10,4,,1,77,,225341,4,4,,1,35,,225340,10,4,,1,68,,225343,4,4,,1,28,,225342,10,4,,1,70,,225344,6,4,,1,25,,225345,10,4,,1,69,,225347,4,4,,1,23,,225346,10,4,,1,93,,225348,10,4,,1,100,,225349,10,4,,1,100,,225350,10,4,,1,100,,225351,10,4,,1,102,,225352,10,4,,1
1201,'20261016',817,,225353,10,4,,1,103,,225354,10,4,,1,107,,225355,10,4,,1,31,,225357,4,4,,1,70,,225356,10,4,,1,30,,225359,4,4,,1,70,,225358,10,4,,1,75,,225361,4,4,,1,25,,225360,10,4,,1,75,,225363,4,4,,1,30,,225362,10,4,,1,70,,225365,4,4,,1,30,,225364,10,4,,1,80,,225367,4,4,,1,23,,225366,10,4,,1,77,,225369,4,4,,1,35,,225368,10,4,,1,68,,225371,4,4,,1,28,,225370,10,4,,1,70,,225372,6,4,,1,25,,225373,10,4,,1,69,,225375,4,4,,1,23,,225374,10,4,,1,93,,225376,10,4,,1,100,,225377,10,4,,1,100,,225378,10,4,,1,100,,225379,10,4,,1,102,,225380,10,4,,1
1201,'20261017',935,,225381,10,4,,1,80,,225383,4,4,,1,30,,225382,10,4,,1,13,,225385,4,4,,1,75,,225384,10,4,,1,70,,225387,4,4,,1,10,,225388,6,4,,1,30,,225386,10,4,,1,70,,225390,4,4,,1,10,,225391,6,4,,1,30,,225389,10,4,,1,65,,225393,4,4,,1,10,,225394,6,4,,1,25,,225392,10,4,,1,65,,225396,4,4,,1,30,,225395,10,4,,1,70,,225398,4,4,,1,25,,225397,10,4,,1,70,,225400,4,4,,1,25,,225399,10,4,,1,65,,225402,4,4,,1,35,,225401,10,4,,1,65,,225404,4,4,,1,30,,225403,10,4,,1,26,,225406,4,4,,1,70,,225405,10,4,,1,30,,225408,4,4,,1,70,,225407,10,4,,1,100,,225409,10,4,,1,95,,225410,10,4,,1,100,,225411,10,4,,1,102,,225412,10,4,,1
1201,'20261018',935,,225413,10,4,,1,80,,225415,4,4,,1,30,,225414,10,4,,1,13,,225417,4,4,,1,75,,225416,10,4,,1,70,,225419,4,4,,1,10,,225420,6,4,,1,30,,225418,10,4,,1,70,,225422,4,4,,1,10,,225423,6,4,,1,30,,225421,10,4,,1,65,,225425,4,4,,1,10,,225426,6,4,,1,25,,225424,10,4,,1,65,,225428,4,4,,1,30,,225427,10,4,,1,70,,225430,4,4,,1,25,,225429,10,4,,1,70,,225432,4,4,,1,25,,225431,10,4,,1,65,,225434,4,4,,1,35,,225433,10,4,,1,65,,225436,4,4,,1,30,,225435,10,4,,1,26,,225438,4,4,,1,70,,225437,10,4,,1,30,,225440,4,4,,1,70,,225439,10,4,,1,100,,225441,10,4,,1,95,,225442,10,4,,1,100,,225443,10,4,,1,102,,225444,10,4,,1
1201,'20261019',817,,225445,10,4,,1,103,,225446,10,4,,1,107,,225447,10,4,,1,31,,225449,4,4,,1,70,,225448,10,4,,1,30,,225451,4,4,,1,70,,225450,10,4,,1,75,,225453,4,4,,1,25,,225452,10,4,,1,75,,225455,4,4,,1,30,,225454,10,4,,1,70,,225457,4,4,,1,30,,225456,10,4,,1,80,,225459,4,4,,1,23,,225458,10,4,,1,77,,225461,4,4,,1,35,,225460,10,4,,1,68,,225463,4,4,,1,28,,225462,10,4,,1,70,,225464,6,4,,1,25,,225465,10,4,,1,69,,225467,4,4,,1,23,,225466,10,4,,1,93,,225468,10,4,,1,100,,225469,10,4,,1,100,,225470,10,4,,1,100,,225471,10,4,,1,102,,225472,10,4,,1
1201,'20261020',817,,225473,10,4,,1,103,,225474,10,4,,1,107,,225475,10,4,,1,31,,225477,4,4,,1,70,,225476,10,4,,1,30,,225479,4,4,,1,70,,225478,10,4,,1,75,,225481,4,4,,1,25,,225480,10,4,,1,75,,225483,4,4,,1,30,,225482,10,4,,1,70,,225485,4,4,,1,30,,225484,10,4,,1,80,,225487,4,4,,1,23,,225486,10,4,,1,77,,225489,4,4,,1,35,,225488,10,4,,1,68,,225491,4,4,,1,28,,225490,10,4,,1,70,,225492,6,4,,1,25,,225493,10,4,,1,69,,225495,4,4,,1,23,,225494,10,4,,1,93,,225496,10,4,,1,100,,225497,10,4,,1,100,,225498,10,4,,1,100,,225499,10,4,,1,102,,225500,10,4,,1
1201,'20261021',817,,225501,10,4,,1,103,,225502,10,4,,1,107,,225503,10,4,,1,31,,225505,4,4,,1,70,,225504,10,4,,1,30,,225507,4,4,,1,70,,225506,10,4,,1,75,,225509,4,4,,1,25,,225508,10,4,,1,75,,225511,4,4,,1,30,,225510,10,4,,1,70,,225513,4,4,,1,30,,225512,10,4,,1,80,,225515,4,4,,1,23,,225514,10,4,,1,77,,225517,4,4,,1,35,,225516,10,4,,1,68,,225519,4,4,,1,28,,225518,10,4,,1,70,,225520,6,4,,1,25,,225521,10,4,,1,69,,225523,4,4,,1,23,,225522,10,4,,1,93,,225524,10,4,,1,100,,225525,10,4,,1,100,,225526,10,4,,1,100,,225527,10,4,,1,102,,225528,10,4,,1
1201,'20261022',817,,225529,10,4,,1,103,,225530,10,4,,1,107,,225531,10,4,,1,31,,225533,4,4,,1,70,,225532,10,4,,1,30,,225535,4,4,,1,70,,225534,10,4,,1,75,,225537,4,4,,1,25,,225536,10,4,,1,75,,225539,4,4,,1,30,,225538,10,4,,1,70,,225541,4,4,,1,30,,225540,10,4,,1,80,,225543,4,4,,1,23,,225542,10,4,,1,77,,225545,4,4,,1,35,,225544,10,4,,1,68,,225547,4,4,,1,28,,225546,10,4,,1,70,,225548,6,4,,1,25,,225549,10,4,,1,69,,225551,4,4,,1,23,,225550,10,4,,1,93,,225552,10,4,,1,100,,225553,10,4,,1,100,,225554,10,4,,1,100,,225555,10,4,,1,102,,225556,10,4,,1
1201,'20261023',817,,225557,10,4,,1,103,,225558,10,4,,1,107,,225559,10,4,,1,31,,225561,4,4,,1,70,,225560,10,4,,1,30,,225563,4,4,,1,70,,225562,10,4,,1,75,,225565,4,4,,1,25,,225564,10,4,,1,75,,225567,4,4,,1,30,,225566,10,4,,1,70,,225569,4,4,,1,30,,225568,10,4,,1,80,,225571,4,4,,1,23,,225570,10,4,,1,77,,225573,4,4,,1,35,,225572,10,4,,1,68,,225575,4,4,,1,28,,225574,10,4,,1,70,,225576,6,4,,1,25,,225577,10,4,,1,69,,225579,4,4,,1,23,,225578,10,4,,1,93,,225580,10,4,,1,100,,225581,10,4,,1,100,,225582,10,4,,1,100,,225583,10,4,,1,102,,225584,10,4,,1
1201,'20261024',935,,225585,10,4,,1,80,,225587,4,4,,1,30,,225586,10,4,,1,13,,225589,4,4,,1,75,,225588,10,4,,1,70,,225591,4,4,,1,10,,225592,6,4,,1,30,,225590,10,4,,1,70,,225594,4,4,,1,10,,225595,6,4,,1,30,,225593,10,4,,1,65,,225597,4,4,,1,10,,225598,6,4,,1,25,,225596,10,4,,1,65,,225600,4,4,,1,30,,225599,10,4,,1,70,,225602,4,4,,1,25,,225601,10,4,,1,70,,225604,4,4,,1,25,,225603,10,4,,1,65,,225606,4,4,,1,35,,225605,10,4,,1,65,,225608,4,4,,1,30,,225607,10,4,,1,26,,225610,4,4,,1,70,,225609,10,4,,1,30,,225612,4,4,,1,70,,225611,10,4,,1,100,,225613,10,4,,1,95,,225614,10,4,,1,100,,225615,10,4,,1,102,,225616,10,4,,1
1201,'20261025',935,,225617,10,4,,1,80,,225619,4,4,,1,30,,225618,10,4,,1,13,,225621,4,4,,1,75,,225620,10,4,,1,70,,225623,4,4,,1,10,,225624,6,4,,1,30,,225622,10,4,,1,70,,225626,4,4,,1,10,,225627,6,4,,1,30,,225625,10,4,,1,65,,225629,4,4,,1,10,,225630,6,4,,1,25,,225628,10,4,,1,65,,225632,4,4,,1,30,,225631,10,4,,1,70,,225634,4,4,,1,25,,225633,10,4,,1,70,,225636,4,4,,1,25,,225635,10,4,,1,65,,225638,4,4,,1,35,,225637,10,4,,1,65,,225640,4,4,,1,30,,225639,10,4,,1,26,,225642,4,4,,1,70,,225641,10,4,,1,30,,225644,4,4,,1,70,,225643,10,4,,1,100,,225645,10,4,,1,95,,225646,10,4,,1,100,,225647,10,4,,1,102,,225648,10,4,,1
1201,'20261026',817,,225649,10,4,,1,103,,225650,10,4,,1,107,,225651,10,4,,1,31,,225653,4,4,,1,70,,225652,10,4,,1,30,,225655,4,4,,1,70,,225654,10,4,,1,75,,225657,4,4,,1,25,,225656,10,4,,1,75,,225659,4,4,,1,30,,225658,10,4,,1,70,,225661,4,4,,1,30,,225660,10,4,,1,80,,225663,4,4,,1,23,,225662,10,4,,1,77,,225665,4,4,,1,35,,225664,10,4,,1,68,,225667,4,4,,1,28,,225666,10,4,,1,70,,225668,6,4,,1,25,,225669,10,4,,1,69,,225671,4,4,,1,23,,225670,10,4,,1,93,,225672,10,4,,1,100,,225673,10,4,,1,100,,225674,10,4,,1,100,,225675,10,4,,1,102,,225676,10,4,,1
1201,'20261027',817,,225677,10,4,,1,103,,225678,10,4,,1,107,,225679,10,4,,1,31,,225681,4,4,,1,70,,225680,10,4,,1,30,,225683,4,4,,1,70,,225682,10,4,,1,75,,225685,4,4,,1,25,,225684,10,4,,1,75,,225687,4,4,,1,30,,225686,10,4,,1,70,,225689,4,4,,1,30,,225688,10,4,,1,80,,225691,4,4,,1,23,,225690,10,4,,1,77,,225693,4,4,,1,35,,225692,10,4,,1,68,,225695,4,4,,1,28,,225694,10,4,,1,70,,225696,6,4,,1,25,,225697,10,4,,1,69,,225699,4,4,,1,23,,225698,10,4,,1,93,,225700,10,4,,1,100,,225701,10,4,,1,100,,225702,10,4,,1,100,,225703,10,4,,1,102,,225704,10,4,,1
1201,'20261028',817,,225705,10,4,,1,103,,225706,10,4,,1,107,,225707,10,4,,1,31,,225709,4,4,,1,70,,225708,10,4,,1,30,,225711,4,4,,1,70,,225710,10,4,,1,75,,225713,4,4,,1,25,,225712,10,4,,1,75,,225715,4,4,,1,30,,225714,10,4,,1,70,,225717,4,4,,1,30,,225716,10,4,,1,80,,225719,4,4,,1,23,,225718,10,4,,1,77,,225721,4,4,,1,35,,225720,10,4,,1,68,,225723,4,4,,1,28,,225722,10,4,,1,70,,225724,6,4,,1,25,,225725,10,4,,1,69,,225727,4,4,,1,23,,225726,10,4,,1,93,,225728,10,4,,1,100,,225729,10,4,,1,100,,225730,10,4,,1,100,,225731,10,4,,1,102,,225732,10,4,,1
1201,'20261029',817,,225733,10,4,,1,103,,225734,10,4,,1,107,,225735,10,4,,1,31,,225737,4,4,,1,70,,225736,10,4,,1,30,,225739,4,4,,1,70,,225738,10,4,,1,75,,225741,4,4,,1,25,,225740,10,4,,1,75,,225743,4,4,,1,30,,225742,10,4,,1,70,,225745,4,4,,1,30,,225744,10,4,,1,80,,225747,4,4,,1,23,,225746,10,4,,1,77,,225749,4,4,,1,35,,225748,10,4,,1,68,,225751,4,4,,1,28,,225750,10,4,,1,70,,225752,6,4,,1,25,,225753,10,4,,1,69,,225755,4,4,,1,23,,225754,10,4,,1,93,,225756,10,4,,1,100,,225757,10,4,,1,100,,225758,10,4,,1,100,,225759,10,4,,1,102,,225760,10,4,,1
1201,'20261030',817,,225761,10,4,,1,103,,225762,10,4,,1,107,,225763,10,4,,1,31,,225765,4,4,,1,70,,225764,10,4,,1,30,,225767,4,4,,1,70,,225766,10,4,,1,75,,225769,4,4,,1,25,,225768,10,4,,1,75,,225771,4,4,,1,30,,225770,10,4,,1,70,,225773,4,4,,1,30,,225772,10,4,,1,80,,225775,4,4,,1,23,,225774,10,4,,1,77,,225777,4,4,,1,35,,225776,10,4,,1,68,,225779,4,4,,1,28,,225778,10,4,,1,70,,225780,6,4,,1,25,,225781,10,4,,1,69,,225783,4,4,,1,23,,225782,10,4,,1,93,,225784,10,4,,1,100,,225785,10,4,,1,100,,225786,10,4,,1,100,,225787,10,4,,1,102,,225788,10,4,,1
1201,'20261031',935,,225789,10,4,,1,80,,225791,4,4,,1,30,,225790,10,4,,1,13,,225793,4,4,,1,75,,225792,10,4,,1,70,,225795,4,4,,1,10,,225796,6,4,,1,30,,225794,10,4,,1,70,,225798,4,4,,1,10,,225799,6,4,,1,30,,225797,10,4,,1,65,,225801,4,4,,1,10,,225802,6,4,,1,25,,225800,10,4,,1,65,,225804,4,4,,1,30,,225803,10,4,,1,70,,225806,4,4,,1,25,,225805,10,4,,1,70,,225808,4,4,,1,25,,225807,10,4,,1,65,,225810,4,4,,1,35,,225809,10,4,,1,65,,225812,4,4,,1,30,,225811,10,4,,1,26,,225814,4,4,,1,70,,225813,10,4,,1,30,,225816,4,4,,1,70,,225815,10,4,,1,100,,225817,10,4,,1,95,,225818,10,4,,1,100,,225819,10,4,,1,102,,225820,10,4,,1
1201,'20261101',935,,225821,10,4,,1,80,,225823,4,4,,1,30,,225822,10,4,,1,13,,225825,4,4,,1,75,,225824,10,4,,1,70,,225827,4,4,,1,10,,225828,6,4,,1,30,,225826,10,4,,1,70,,225830,4,4,,1,10,,225831,6,4,,1,30,,225829,10,4,,1,65,,225833,4,4,,1,10,,225834,6,4,,1,25,,225832,10,4,,1,65,,225836,4,4,,1,30,,225835,10,4,,1,70,,225838,4,4,,1,25,,225837,10,4,,1,70,,225840,4,4,,1,25,,225839,10,4,,1,65,,225842,4,4,,1,35,,225841,10,4,,1,65,,225844,4,4,,1,30,,225843,10,4,,1,26,,225846,4,4,,1,70,,225845,10,4,,1,30,,225848,4,4,,1,70,,225847,10,4,,1,100,,225849,10,4,,1,95,,225850,10,4,,1,100,,225851,10,4,,1,102,,225852,10,4,,1
1201,'20261102',817,,225853,10,4,,1,103,,225854,10,4,,1,107,,225855,10,4,,1,31,,225857,4,4,,1,70,,225856,10,4,,1,30,,225859,4,4,,1,70,,225858,10,4,,1,75,,225861,4,4,,1,25,,225860,10,4,,1,75,,225863,4,4,,1,30,,225862,10,4,,1,70,,225865,4,4,,1,30,,225864,10,4,,1,80,,225867,4,4,,1,23,,225866,10,4,,1,77,,225869,4,4,,1,35,,225868,10,4,,1,68,,225871,4,4,,1,28,,225870,10,4,,1,70,,225872,6,4,,1,25,,225873,10,4,,1,69,,225875,4,4,,1,23,,225874,10,4,,1,93,,225876,10,4,,1,100,,225877,10,4,,1,100,,225878,10,4,,1,100,,225879,10,4,,1,102,,225880,10,4,,1
1201,'20261103',817,,225881,10,4,,1,103,,225882,10,4,,1,107,,225883,10,4,,1,31,,225885,4,4,,1,70,,225884,10,4,,1,30,,225887,4,4,,1,70,,225886,10,4,,1,75,,225889,4,4,,1,25,,225888,10,4,,1,75,,225891,4,4,,1,30,,225890,10,4,,1,70,,225893,4,4,,1,30,,225892,10,4,,1,80,,225895,4,4,,1,23,,225894,10,4,,1,77,,225897,4,4,,1,35,,225896,10,4,,1,68,,225899,4,4,,1,28,,225898,10,4,,1,70,,225900,6,4,,1,25,,225901,10,4,,1,69,,225903,4,4,,1,23,,225902,10,4,,1,93,,225904,10,4,,1,100,,225905,10,4,,1,100,,225906,10,4,,1,100,,225907,10,4,,1,102,,225908,10,4,,1
1201,'20261104',817,,225909,10,4,,1,103,,225910,10,4,,1,107,,225911,10,4,,1,31,,225913,4,4,,1,70,,225912,10,4,,1,30,,225915,4,4,,1,70,,225914,10,4,,1,75,,225917,4,4,,1,25,,225916,10,4,,1,75,,225919,4,4,,1,30,,225918,10,4,,1,70,,225921,4,4,,1,30,,225920,10,4,,1,80,,225923,4,4,,1,23,,225922,10,4,,1,77,,225925,4,4,,1,35,,225924,10,4,,1,68,,225927,4,4,,1,28,,225926,10,4,,1,70,,225928,6,4,,1,25,,225929,10,4,,1,69,,225931,4,4,,1,23,,225930,10,4,,1,93,,225932,10,4,,1,100,,225933,10,4,,1,100,,225934,10,4,,1,100,,225935,10,4,,1,102,,225936,10,4,,1
1201,'20261105',817,,225937,10,4,,1,103,,225938,10,4,,1,107,,225939,10,4,,1,31,,225941,4,4,,1,70,,225940,10,4,,1,30,,225943,4,4,,1,70,,225942,10,4,,1,75,,225945,4,4,,1,25,,225944,10,4,,1,75,,225947,4,4,,1,30,,225946,10,4,,1,70,,225949,4,4,,1,30,,225948,10,4,,1,80,,225951,4,4,,1,23,,225950,10,4,,1,77,,225953,4,4,,1,35,,225952,10,4,,1,68,,225955,4,4,,1,28,,225954,10,4,,1,70,,225956,6,4,,1,25,,225957,10,4,,1,69,,225959,4,4,,1,23,,225958,10,4,,1,93,,225960,10,4,,1,100,,225961,10,4,,1,100,,225962,10,4,,1,100,,225963,10,4,,1,102,,225964,10,4,,1
1201,'20261106',817,,225965,10,4,,1,103,,225966,10,4,,1,107,,225967,10,4,,1,31,,225969,4,4,,1,70,,225968,10,4,,1,30,,225971,4,4,,1,70,,225970,10,4,,1,75,,225973,4,4,,1,25,,225972,10,4,,1,75,,225975,4,4,,1,30,,225974,10,4,,1,70,,225977,4,4,,1,30,,225976,10,4,,1,80,,225979,4,4,,1,23,,225978,10,4,,1,77,,225981,4,4,,1,35,,225980,10,4,,1,68,,225983,4,4,,1,28,,225982,10,4,,1,70,,225984,6,4,,1,25,,225985,10,4,,1,69,,225987,4,4,,1,23,,225986,10,4,,1,93,,225988,10,4,,1,100,,225989,10,4,,1,100,,225990,10,4,,1,100,,225991,10,4,,1,102,,225992,10,4,,1
1201,'20261107',935,,225993,10,4,,1,80,,225995,4,4,,1,30,,225994,10,4,,1,13,,225997,4,4,,1,75,,225996,10,4,,1,70,,225999,4,4,,1,10,,226000,6,4,,1,30,,225998,10,4,,1,70,,226002,4,4,,1,10,,226003,6,4,,1,30,,226001,10,4,,1,65,,226005,4,4,,1,10,,226006,6,4,,1,25,,226004,10,4,,1,65,,226008,4,4,,1,30,,226007,10,4,,1,70,,226010,4,4,,1,25,,226009,10,4,,1,70,,226012,4,4,,1,25,,226011,10,4,,1,65,,226014,4,4,,1,35,,226013,10,4,,1,65,,226016,4,4,,1,30,,226015,10,4,,1,26,,226018,4,4,,1,70,,226017,10,4,,1,30,,226020,4,4,,1,70,,226019,10,4,,1,100,,226021,10,4,,1,95,,226022,10,4,,1,100,,226023,10,4,,1,102,,226024,10,4,,1
1201,'20261108',935,,226025,10,4,,1,80,,226027,4,4,,1,30,,226026,10,4,,1,13,,226029,4,4,,1,75,,226028,10,4,,1,70,,226031,4,4,,1,10,,226032,6,4,,1,30,,226030,10,4,,1,70,,226034,4,4,,1,10,,226035,6,4,,1,30,,226033,10,4,,1,65,,226037,4,4,,1,10,,226038,6,4,,1,25,,226036,10,4,,1,65,,226040,4,4,,1,30,,226039,10,4,,1,70,,226042,4,4,,1,25,,226041,10,4,,1,70,,226044,4,4,,1,25,,226043,10,4,,1,65,,226046,4,4,,1,35,,226045,10,4,,1,65,,226048,4,4,,1,30,,226047,10,4,,1,26,,226050,4,4,,1,70,,226049,10,4,,1,30,,226052,4,4,,1,70,,226051,10,4,,1,100,,226053,10,4,,1,95,,226054,10,4,,1,100,,226055,10,4,,1,102,,226056,10,4,,1
1201,'20261109',817,,226057,10,4,,1,103,,226058,10,4,,1,107,,226059,10,4,,1,31,,226061,4,4,,1,70,,226060,10,4,,1,30,,226063,4,4,,1,70,,226062,10,4,,1,75,,226065,4,4,,1,25,,226064,10,4,,1,75,,226067,4,4,,1,30,,226066,10,4,,1,70,,226069,4,4,,1,30,,226068,10,4,,1,80,,226071,4,4,,1,23,,226070,10,4,,1,77,,226073,4,4,,1,35,,226072,10,4,,1,68,,226075,4,4,,1,28,,226074,10,4,,1,70,,226076,6,4,,1,25,,226077,10,4,,1,69,,226079,4,4,,1,23,,226078,10,4,,1,93,,226080,10,4,,1,100,,226081,10,4,,1,100,,226082,10,4,,1,100,,226083,10,4,,1,102,,226084,10,4,,1
1201,'20261110',817,,226085,10,4,,1,103,,226086,10,4,,1,107,,226087,10,4,,1,31,,226089,4,4,,1,70,,226088,10,4,,1,30,,226091,4,4,,1,70,,226090,10,4,,1,75,,226093,4,4,,1,25,,226092,10,4,,1,75,,226095,4,4,,1,30,,226094,10,4,,1,70,,226097,4,4,,1,30,,226096,10,4,,1,80,,226099,4,4,,1,23,,226098,10,4,,1,77,,226101,4,4,,1,35,,226100,10,4,,1,68,,226103,4,4,,1,28,,226102,10,4,,1,70,,226104,6,4,,1,25,,226105,10,4,,1,69,,226107,4,4,,1,23,,226106,10,4,,1,93,,226108,10,4,,1,100,,226109,10,4,,1,100,,226110,10,4,,1,100,,226111,10,4,,1,102,,226112,10,4,,1
1201,'20261111',817,,226113,10,4,,1,103,,226114,10,4,,1,107,,226115,10,4,,1,31,,226117,4,4,,1,70,,226116,10,4,,1,30,,226119,4,4,,1,70,,226118,10,4,,1,75,,226121,4,4,,1,25,,226120,10,4,,1,75,,226123,4,4,,1,30,,226122,10,4,,1,70,,226125,4,4,,1,30,,226124,10,4,,1,80,,226127,4,4,,1,23,,226126,10,4,,1,77,,226129,4,4,,1,35,,226128,10,4,,1,68,,226131,4,4,,1,28,,226130,10,4,,1,70,,226132,6,4,,1,25,,226133,10,4,,1,69,,226135,4,4,,1,23,,226134,10,4,,1,93,,226136,10,4,,1,100,,226137,10,4,,1,100,,226138,10,4,,1,100,,226139,10,4,,1,102,,226140,10,4,,1
1201,'20261112',817,,226141,10,4,,1,103,,226142,10,4,,1,107,,226143,10,4,,1,31,,226145,4,4,,1,70,,226144,10,4,,1,30,,226147,4,4,,1,70,,226146,10,4,,1,75,,226149,4,4,,1,25,,226148,10,4,,1,75,,226151,4,4,,1,30,,226150,10,4,,1,70,,226153,4,4,,1,30,,226152,10,4,,1,80,,226155,4,4,,1,23,,226154,10,4,,1,77,,226157,4,4,,1,35,,226156,10,4,,1,68,,226159,4,4,,1,28,,226158,10,4,,1,70,,226160,6,4,,1,25,,226161,10,4,,1,69,,226163,4,4,,1,23,,226162,10,4,,1,93,,226164,10,4,,1,100,,226165,10,4,,1,100,,226166,10,4,,1,100,,226167,10,4,,1,102,,226168,10,4,,1
1201,'20261113',817,,226169,10,4,,1,103,,226170,10,4,,1,107,,226171,10,4,,1,31,,226173,4,4,,1,70,,226172,10,4,,1,30,,226175,4,4,,1,70,,226174,10,4,,1,75,,226177,4,4,,1,25,,226176,10,4,,1,75,,226179,4,4,,1,30,,226178,10,4,,1,70,,226181,4,4,,1,30,,226180,10,4,,1,80,,226183,4,4,,1,23,,226182,10,4,,1,77,,226185,4,4,,1,35,,226184,10,4,,1,68,,226187,4,4,,1,28,,226186,10,4,,1,70,,226188,6,4,,1,25,,226189,10,4,,1,69,,226191,4,4,,1,23,,226190,10,4,,1,93,,226192,10,4,,1,100,,226193,10,4,,1,100,,226194,10,4,,1,100,,226195,10,4,,1,102,,226196,10,4,,1
1201,'20261114',935,,226197,10,4,,1,80,,226199,4,4,,1,30,,226198,10,4,,1,13,,226201,4,4,,1,75,,226200,10,4,,1,70,,226203,4,4,,1,10,,226204,6,4,,1,30,,226202,10,4,,1,70,,226206,4,4,,1,10,,226207,6,4,,1,30,,226205,10,4,,1,65,,226209,4,4,,1,10,,226210,6,4,,1,25,,226208,10,4,,1,65,,226212,4,4,,1,30,,226211,10,4,,1,70,,226214,4,4,,1,25,,226213,10,4,,1,70,,226216,4,4,,1,25,,226215,10,4,,1,65,,226218,4,4,,1,35,,226217,10,4,,1,65,,226220,4,4,,1,30,,226219,10,4,,1,26,,226222,4,4,,1,70,,226221,10,4,,1,30,,226224,4,4,,1,70,,226223,10,4,,1,100,,226225,10,4,,1,95,,226226,10,4,,1,100,,226227,10,4,,1,102,,226228,10,4,,1
1201,'20261115',935,,226229,10,4,,1,80,,226231,4,4,,1,30,,226230,10,4,,1,13,,226233,4,4,,1,75,,226232,10,4,,1,70,,226235,4,4,,1,10,,226236,6,4,,1,30,,226234,10,4,,1,70,,226238,4,4,,1,10,,226239,6,4,,1,30,,226237,10,4,,1,65,,226241,4,4,,1,10,,226242,6,4,,1,25,,226240,10,4,,1,65,,226244,4,4,,1,30,,226243,10,4,,1,70,,226246,4,4,,1,25,,226245,10,4,,1,70,,226248,4,4,,1,25,,226247,10,4,,1,65,,226250,4,4,,1,35,,226249,10,4,,1,65,,226252,4,4,,1,30,,226251,10,4,,1,26,,226254,4,4,,1,70,,226253,10,4,,1,30,,226256,4,4,,1,70,,226255,10,4,,1,100,,226257,10,4,,1,95,,226258,10,4,,1,100,,226259,10,4,,1,102,,226260,10,4,,1
1201,'20261116',817,,226261,10,4,,1,103,,226262,10,4,,1,107,,226263,10,4,,1,31,,226265,4,4,,1,70,,226264,10,4,,1,30,,226267,4,4,,1,70,,226266,10,4,,1,75,,226269,4,4,,1,25,,226268,10,4,,1,75,,226271,4,4,,1,30,,226270,10,4,,1,70,,226273,4,4,,1,30,,226272,10,4,,1,80,,226275,4,4,,1,23,,226274,10,4,,1,77,,226277,4,4,,1,35,,226276,10,4,,1,68,,226279,4,4,,1,28,,226278,10,4,,1,70,,226280,6,4,,1,25,,226281,10,4,,1,69,,226283,4,4,,1,23,,226282,10,4,,1,93,,226284,10,4,,1,100,,226285,10,4,,1,100,,226286,10,4,,1,100,,226287,10,4,,1,102,,226288,10,4,,1
1201,'20261117',817,,226289,10,4,,1,103,,226290,10,4,,1,107,,226291,10,4,,1,31,,226293,4,4,,1,70,,226292,10,4,,1,30,,226295,4,4,,1,70,,226294,10,4,,1,75,,226297,4,4,,1,25,,226296,10,4,,1,75,,226299,4,4,,1,30,,226298,10,4,,1,70,,226301,4,4,,1,30,,226300,10,4,,1,80,,226303,4,4,,1,23,,226302,10,4,,1,77,,226305,4,4,,1,35,,226304,10,4,,1,68,,226307,4,4,,1,28,,226306,10,4,,1,70,,226308,6,4,,1,25,,226309,10,4,,1,69,,226311,4,4,,1,23,,226310,10,4,,1,93,,226312,10,4,,1,100,,226313,10,4,,1,100,,226314,10,4,,1,100,,226315,10,4,,1,102,,226316,10,4,,1
1201,'20261118',817,,226317,10,4,,1,103,,226318,10,4,,1,107,,226319,10,4,,1,31,,226321,4,4,,1,70,,226320,10,4,,1,30,,226323,4,4,,1,70,,226322,10,4,,1,75,,226325,4,4,,1,25,,226324,10,4,,1,75,,226327,4,4,,1,30,,226326,10,4,,1,70,,226329,4,4,,1,30,,226328,10,4,,1,80,,226331,4,4,,1,23,,226330,10,4,,1,77,,226333,4,4,,1,35,,226332,10,4,,1,68,,226335,4,4,,1,28,,226334,10,4,,1,70,,226336,6,4,,1,25,,226337,10,4,,1,69,,226339,4,4,,1,23,,226338,10,4,,1,93,,226340,10,4,,1,100,,226341,10,4,,1,100,,226342,10,4,,1,100,,226343,10,4,,1,102,,226344,10,4,,1
1201,'20261119',817,,226345,10,4,,1,103,,226346,10,4,,1,107,,226347,10,4,,1,31,,226349,4,4,,1,70,,226348,10,4,,1,30,,226351,4,4,,1,70,,226350,10,4,,1,75,,226353,4,4,,1,25,,226352,10,4,,1,75,,226355,4,4,,1,30,,226354,10,4,,1,70,,226357,4,4,,1,30,,226356,10,4,,1,80,,226359,4,4,,1,23,,226358,10,4,,1,77,,226361,4,4,,1,35,,226360,10,4,,1,68,,226363,4,4,,1,28,,226362,10,4,,1,70,,226364,6,4,,1,25,,226365,10,4,,1,69,,226367,4,4,,1,23,,226366,10,4,,1,93,,226368,10,4,,1,100,,226369,10,4,,1,100,,226370,10,4,,1,100,,226371,10,4,,1,102,,226372,10,4,,1
1201,'20261120',817,,226373,10,4,,1,103,,226374,10,4,,1,107,,226375,10,4,,1,31,,226377,4,4,,1,70,,226376,10,4,,1,30,,226379,4,4,,1,70,,226378,10,4,,1,75,,226381,4,4,,1,25,,226380,10,4,,1,75,,226383,4,4,,1,30,,226382,10,4,,1,70,,226385,4,4,,1,30,,226384,10,4,,1,80,,226387,4,4,,1,23,,226386,10,4,,1,77,,226389,4,4,,1,35,,226388,10,4,,1,68,,226391,4,4,,1,28,,226390,10,4,,1,70,,226392,6,4,,1,25,,226393,10,4,,1,69,,226395,4,4,,1,23,,226394,10,4,,1,93,,226396,10,4,,1,100,,226397,10,4,,1,100,,226398,10,4,,1,100,,226399,10,4,,1,102,,226400,10,4,,1
1201,'20261121',935,,226401,10,4,,1,80,,226403,4,4,,1,30,,226402,10,4,,1,13,,226405,4,4,,1,75,,226404,10,4,,1,70,,226407,4,4,,1,10,,226408,6,4,,1,30,,226406,10,4,,1,70,,226410,4,4,,1,10,,226411,6,4,,1,30,,226409,10,4,,1,65,,226413,4,4,,1,10,,226414,6,4,,1,25,,226412,10,4,,1,65,,226416,4,4,,1,30,,226415,10,4,,1,70,,226418,4,4,,1,25,,226417,10,4,,1,70,,226420,4,4,,1,25,,226419,10,4,,1,65,,226422,4,4,,1,35,,226421,10,4,,1,65,,226424,4,4,,1,30,,226423,10,4,,1,26,,226426,4,4,,1,70,,226425,10,4,,1,30,,226428,4,4,,1,70,,226427,10,4,,1,100,,226429,10,4,,1,95,,226430,10,4,,1,100,,226431,10,4,,1,102,,226432,10,4,,1
1201,'20261122',935,,226433,10,4,,1,80,,226435,4,4,,1,30,,226434,10,4,,1,13,,226437,4,4,,1,75,,226436,10,4,,1,70,,226439,4,4,,1,10,,226440,6,4,,1,30,,226438,10,4,,1,70,,226442,4,4,,1,10,,226443,6,4,,1,30,,226441,10,4,,1,65,,226445,4,4,,1,10,,226446,6,4,,1,25,,226444,10,4,,1,65,,226448,4,4,,1,30,,226447,10,4,,1,70,,226450,4,4,,1,25,,226449,10,4,,1,70,,226452,4,4,,1,25,,226451,10,4,,1,65,,226454,4,4,,1,35,,226453,10,4,,1,65,,226456,4,4,,1,30,,226455,10,4,,1,26,,226458,4,4,,1,70,,226457,10,4,,1,30,,226460,4,4,,1,70,,226459,10,4,,1,100,,226461,10,4,,1,95,,226462,10,4,,1,100,,226463,10,4,,1,102,,226464,10,4,,1
1201,'20261123',817,,226465,10,4,,1,103,,226466,10,4,,1,107,,226467,10,4,,1,31,,226469,4,4,,1,70,,226468,10,4,,1,30,,226471,4,4,,1,70,,226470,10,4,,1,75,,226473,4,4,,1,25,,226472,10,4,,1,75,,226475,4,4,,1,30,,226474,10,4,,1,70,,226477,4,4,,1,30,,226476,10,4,,1,80,,226479,4,4,,1,23,,226478,10,4,,1,77,,226481,4,4,,1,35,,226480,10,4,,1,68,,226483,4,4,,1,28,,226482,10,4,,1,70,,226484,6,4,,1,25,,226485,10,4,,1,69,,226487,4,4,,1,23,,226486,10,4,,1,93,,226488,10,4,,1,100,,226489,10,4,,1,100,,226490,10,4,,1,100,,226491,10,4,,1,102,,226492,10,4,,1
1201,'20261124',817,,226493,10,4,,1,103,,226494,10,4,,1,107,,226495,10,4,,1,31,,226497,4,4,,1,70,,226496,10,4,,1,30,,226499,4,4,,1,70,,226498,10,4,,1,75,,226501,4,4,,1,25,,226500,10,4,,1,75,,226503,4,4,,1,30,,226502,10,4,,1,70,,226505,4,4,,1,30,,226504,10,4,,1,80,,226507,4,4,,1,23,,226506,10,4,,1,77,,226509,4,4,,1,35,,226508,10,4,,1,68,,226511,4,4,,1,28,,226510,10,4,,1,70,,226512,6,4,,1,25,,226513,10,4,,1,69,,226515,4,4,,1,23,,226514,10,4,,1,93,,226516,10,4,,1,100,,226517,10,4,,1,100,,226518,10,4,,1,100,,226519,10,4,,1,102,,226520,10,4,,1
1201,'20261125',817,,226521,10,4,,1,103,,226522,10,4,,1,107,,226523,10,4,,1,31,,226525,4,4,,1,70,,226524,10,4,,1,30,,226527,4,4,,1,70,,226526,10,4,,1,75,,226529,4,4,,1,25,,226528,10,4,,1,75,,226531,4,4,,1,30,,226530,10,4,,1,70,,226533,4,4,,1,30,,226532,10,4,,1,80,,226535,4,4,,1,23,,226534,10,4,,1,77,,226537,4,4,,1,35,,226536,10,4,,1,68,,226539,4,4,,1,28,,226538,10,4,,1,70,,226540,6,4,,1,25,,226541,10,4,,1,69,,226543,4,4,,1,23,,226542,10,4,,1,93,,226544,10,4,,1,100,,226545,10,4,,1,100,,226546,10,4,,1,100,,226547,10,4,,1,102,,226548,10,4,,1
1201,'20261126',817,,226549,10,4,,1,103,,226550,10,4,,1,107,,226551,10,4,,1,31,,226553,4,4,,1,70,,226552,10,4,,1,30,,226555,4,4,,1,70,,226554,10,4,,1,75,,226557,4,4,,1,25,,226556,10,4,,1,75,,226559,4,4,,1,30,,226558,10,4,,1,70,,226561,4,4,,1,30,,226560,10,4,,1,80,,226563,4,4,,1,23,,226562,10,4,,1,77,,226565,4,4,,1,35,,226564,10,4,,1,68,,226567,4,4,,1,28,,226566,10,4,,1,70,,226568,6,4,,1,25,,226569,10,4,,1,69,,226571,4,4,,1,23,,226570,10,4,,1,93,,226572,10,4,,1,100,,226573,10,4,,1,100,,226574,10,4,,1,100,,226575,10,4,,1,102,,226576,10,4,,1
1201,'20261127',817,,226577,10,4,,1,103,,226578,10,4,,1,107,,226579,10,4,,1,31,,226581,4,4,,1,70,,226580,10,4,,1,30,,226583,4,4,,1,70,,226582,10,4,,1,75,,226585,4,4,,1,25,,226584,10,4,,1,75,,226587,4,4,,1,30,,226586,10,4,,1,70,,226589,4,4,,1,30,,226588,10,4,,1,80,,226591,4,4,,1,23,,226590,10,4,,1,77,,226593,4,4,,1,35,,226592,10,4,,1,68,,226595,4,4,,1,28,,226594,10,4,,1,70,,226596,6,4,,1,25,,226597,10,4,,1,69,,226599,4,4,,1,23,,226598,10,4,,1,93,,226600,10,4,,1,100,,226601,10,4,,1,100,,226602,10,4,,1,100,,226603,10,4,,1,102,,226604,10,4,,1
