6800,'20260910',635,,315153,10,,,1,100,,315154,2,0,5 27 28 9,1,105,,315155,2,0,5 27 28 9,1,388,,315156,10,,,1,99,,315157,10,,,1,293,,315158,2,0,5 27 28 9,1,408,,315160,10,,,1,94,,315161,10,,,1,105,,315162,10,,,1,173,,315163,3,0,7 27 28 9,1
6800,'20260911',635,,315164,10,,,1,100,,315165,2,0,5 27 28 9,1,105,,315166,2,0,5 27 28 9,1,388,,315167,10,,,1,99,,315168,10,,,1,293,,315169,2,0,5 27 28 9,1,408,,315171,10,,,1,94,,315172,10,,,1,105,,315173,10,,,1,173,,315174,3,0,7 27 28 9,1
6800,'20260912',824,,315175,10,,,1,218,,315178,20,0,53 27 28 9,1,83,,315176,10,,,1,223,,315180,20,0,53 27 28 9,1,77,,315181,10,,,1,223,,315183,20,0,53 27 28 9,1,177,,315184,10,,,1,200,,315185,10,,,1,490,,315186,2,0,5 27 28 9,1
6800,'20260913',824,,315187,10,,,1,218,,315190,20,0,53 27 28 9,1,83,,315188,10,,,1,223,,315192,20,0,53 27 28 9,1,77,,315193,10,,,1,223,,315195,20,0,53 27 28 9,1,177,,315196,10,,,1,200,,315197,10,,,1,490,,315198,2,0,5 27 28 9,1
6800,'20260914',635,,315199,10,,,1,100,,315200,2,0,5 27 28 9,1,105,,315201,2,0,5 27 28 9,1,388,,315202,10,,,1,99,,315203,10,,,1,293,,315204,2,0,5 27 28 9,1,408,,315206,10,,,1,94,,315207,10,,,1,105,,315208,10,,,1,173,,315209,3,0,7 27 28 9,1
6800,'20260915',635,,315210,10,,,1,100,,315211,2,0,5 27 28 9,1,105,,315212,2,0,5 27 28 9,1,388,,315213,10,,,1,99,,315214,10,,,1,293,,315215,2,0,5 27 28 9,1,408,,315217,10,,,1,94,,315218,10,,,1,105,,315219,10,,,1,173,,315220,3,0,7 27 28 9,1
6800,'20260916',635,,315221,10,,,1,100,,315222,2,0,5 27 28 9,1,105,,315223,2,0,5 27 28 9,1,388,,315224,10,,,1,99,,315225,10,,,1,293,,315226,2,0,5 27 28 9,1,408,,315228,10,,,1,94,,315229,10,,,1,105,,315230,10,,,1,173,,315231,3,0,7 27 28 9,1
6800,'20260917',635,,315232,10,,,1,100,,315233,2,0,5 27 28 9,1,105,,315234,2,0,5 27 28 9,1,388,,315235,10,,,1,99,,315236,10,,,1,293,,315237,2,0,5 27 28 9,1,408,,315239,10,,,1,94,,315240,10,,,1,105,,315241,10,,,1,173,,315242,3,0,7 27 28 9,1
6800,'20260918',635,,315243,10,,,1,100,,315244,2,0,5 27 28 9,1,105,,315245,2,0,5 27 28 9,1,388,,315246,10,,,1,99,,315247,10,,,1,293,,315248,2,0,5 27 28 9,1,408,,315250,10,,,1,94,,315251,10,,,1,105,,315252,10,,,1,173,,315253,3,0,7 27 28 9,1
6800,'20260919',824,,315254,10,,,1,218,,315257,20,0,53 27 28 9,1,83,,315255,10,,,1,223,,315259,20,0,53 27 28 9,1,77,,315260,10,,,1,223,,315262,20,0,53 27 28 9,1,177,,315263,10,,,1,200,,315264,10,,,1,490,,315265,2,0,5 27 28 9,1
6800,'20260920',824,,315266,10,,,1,218,,315269,20,0,53 27 28 9,1,83,,315267,10,,,1,223,,315271,20,0,53 27 28 9,1,77,,315272,10,,,1,223,,315274,20,0,53 27 28 9,1,177,,315275,10,,,1,200,,315276,10,,,1,490,,315277,2,0,5 27 28 9,1
6800,'20260921',635,,315278,10,,,1,100,,315279,2,0,5 27 28 9,1,105,,315280,2,0,5 27 28 9,1,388,,315281,10,,,1,99,,315282,10,,,1,293,,315283,2,0,5 27 28 9,1,408,,315285,10,,,1,94,,315286,10,,,1,105,,315287,10,,,1,173,,315288,3,0,7 27 28 9,1
6800,'20260922',635,,315289,10,,,1,100,,315290,2,0,5 27 28 9,1,105,,315291,2,0,5 27 28 9,1,388,,315292,10,,,1,99,,315293,10,,,1,293,,315294,2,0,5 27 28 9,1,408,,315296,10,,,1,94,,315297,10,,,1,105,,315298,10,,,1,173,,315299,3,0,7 27 28 9,1
6800,'20260923',635,,315300,10,,,1,100,,315301,2,0,5 27 28 9,1,105,,315302,2,0,5 27 28 9,1,388,,315303,10,,,1,99,,315304,10,,,1,293,,315305,2,0,5 27 28 9,1,408,,315307,10,,,1,94,,315308,10,,,1,105,,315309,10,,,1,173,,315310,3,0,7 27 28 9,1
6800,'20260924',635,,315311,10,,,1,100,,315312,2,0,5 27 28 9,1,105,,315313,2,0,5 27 28 9,1,388,,315314,10,,,1,99,,315315,10,,,1,293,,315316,2,0,5 27 28 9,1,408,,315318,10,,,1,94,,315319,10,,,1,105,,315320,10,,,1,173,,315321,3,0,7 27 28 9,1
6800,'20260925',635,,315322,10,,,1,100,,315323,2,0,5 27 28 9,1,105,,315324,2,0,5 27 28 9,1,388,,315325,10,,,1,99,,315326,10,,,1,293,,315327,2,0,5 27 28 9,1,408,,315329,10,,,1,94,,315330,10,,,1,105,,315331,10,,,1,173,,315332,3,0,7 27 28 9,1
6800,'20260926',824,,315333,10,,,1,218,,315336,20,0,53 27 28 9,1,83,,315334,10,,,1,223,,315338,20,0,53 27 28 9,1,77,,315339,10,,,1,223,,315341,20,0,53 27 28 9,1,177,,315342,10,,,1,200,,315343,10,,,1,490,,315344,2,0,5 27 28 9,1
6800,'20260927',824,,315345,10,,,1,218,,315348,20,0,53 27 28 9,1,83,,315346,10,,,1,223,,315350,20,0,53 27 28 9,1,77,,315351,10,,,1,223,,315353,20,0,53 27 28 9,1,177,,315354,10,,,1,200,,315355,10,,,1,490,,315356,2,0,5 27 28 9,1
6800,'20260928',635,,315357,10,,,1,100,,315358,2,0,5 27 28 9,1,105,,315359,2,0,5 27 28 9,1,388,,315360,10,,,1,99,,315361,10,,,1,293,,315362,2,0,5 27 28 9,1,408,,315364,10,,,1,94,,315365,10,,,1,105,,315366,10,,,1,173,,315367,3,0,7 27 28 9,1
6800,'20260929',635,,315368,10,,,1,100,,315369,2,0,5 27 28 9,1,105,,315370,2,0,5 27 28 9,1,388,,315371,10,,,1,99,,315372,10,,,1,293,,315373,2,0,5 27 28 9,1,408,,315375,10,,,1,94,,315376,10,,,1,105,,315377,10,,,1,173,,315378,3,0,7 27 28 9,1
6800,'20260930',635,,315379,10,,,1,100,,315380,2,0,5 27 28 9,1,105,,315381,2,0,5 27 28 9,1,388,,315382,10,,,1,99,,315383,10,,,1,293,,315384,2,0,5 27 28 9,1,408,,315386,10,,,1,94,,315387,10,,,1,105,,315388,10,,,1,173,,315389,3,0,7 27 28 9,1
6800,'20261001',635,,315390,10,,,1,100,,315391,2,0,5 27 28 9,1,105,,315392,2,0,5 27 28 9,1,388,,315393,10,,,1,99,,315394,10,,,1,293,,315395,2,0,5 27 28 9,1,408,,315397,10,,,1,94,,315398,10,,,1,105,,315399,10,,,1,173,,315400,3,0,7 27 28 9,1
6800,'20261002',635,,315401,10,,,1,100,,315402,2,0,5 27 28 9,1,105,,315403,2,0,5 27 28 9,1,388,,315404,10,,,1,99,,315405,10,,,1,293,,315406,2,0,5 27 28 9,1,408,,315408,10,,,1,94,,315409,10,,,1,105,,315410,10,,,1,173,,315411,3,0,7 27 28 9,1
6800,'20261003',824,,315412,10,,,1,218,,315415,20,0,53 27 28 9,1,83,,315413,10,,,1,223,,315417,20,0,53 27 28 9,1,77,,315418,10,,,1,223,,315420,20,0,53 27 28 9,1,177,,315421,10,,,1,200,,315422,10,,,1,490,,315423,2,0,5 27 28 9,1
6800,'20261004',824,,315424,10,,,1,218,,315427,20,0,53 27 28 9,1,83,,315425,10,,,1,223,,315429,20,0,53 27 28 9,1,77,,315430,10,,,1,223,,315432,20,0,53 27 28 9,1,177,,315433,10,,,1,200,,315434,10,,,1,490,,315435,2,0,5 27 28 9,1
6800,'20261005',635,,315436,10,,,1,100,,315437,2,0,5 27 28 9,1,105,,315438,2,0,5 27 28 9,1,388,,315439,10,,,1,99,,315440,10,,,1,293,,315441,2,0,5 27 28 9,1,408,,315443,10,,,1,94,,315444,10,,,1,105,,315445,10,,,1,173,,315446,3,0,7 27 28 9,1
6800,'20261006',635,,315447,10,,,1,100,,315448,2,0,5 27 28 9,1,105,,315449,2,0,5 27 28 9,1,388,,315450,10,,,1,99,,315451,10,,,1,293,,315452,2,0,5 27 28 9,1,408,,315454,10,,,1,94,,315455,10,,,1,105,,315456,10,,,1,173,,315457,3,0,7 27 28 9,1
6800,'20261007',635,,315458,10,,,1,100,,315459,2,0,5 27 28 9,1,105,,315460,2,0,5 27 28 9,1,388,,315461,10,,,1,99,,315462,10,,,1,293,,315463,2,0,5 27 28 9,1,408,,315465,10,,,1,94,,315466,10,,,1,105,,315467,10,,,1,173,,315468,3,0,7 27 28 9,1
6800,'20261008',635,,315469,10,,,1,100,,315470,2,0,5 27 28 9,1,105,,315471,2,0,5 27 28 9,1,388,,315472,10,,,1,99,,315473,10,,,1,293,,315474,2,0,5 27 28 9,1,408,,315476,10,,,1,94,,315477,10,,,1,105,,315478,10,,,1,173,,315479,3,0,7 27 28 9,1
6800,'20261009',635,,315480,10,,,1,100,,315481,2,0,5 27 28 9,1,105,,315482,2,0,5 27 28 9,1,388,,315483,10,,,1,99,,315484,10,,,1,293,,315485,2,0,5 27 28 9,1,408,,315487,10,,,1,94,,315488,10,,,1,105,,315489,10,,,1,173,,315490,3,0,7 27 28 9,1
6800,'20261010',824,,315491,10,,,1,218,,315494,20,0,53 27 28 9,1,83,,315492,10,,,1,223,,315496,20,0,53 27 28 9,1,77,,315497,10,,,1,223,,315499,20,0,53 27 28 9,1,177,,315500,10,,,1,200,,315501,10,,,1,490,,315502,2,0,5 27 28 9,1
6800,'20261011',824,,315503,10,,,1,218,,315506,20,0,53 27 28 9,1,83,,315504,10,,,1,223,,315508,20,0,53 27 28 9,1,77,,315509,10,,,1,223,,315511,20,0,53 27 28 9,1,177,,315512,10,,,1,200,,315513,10,,,1,490,,315514,2,0,5 27 28 9,1
6800,'20261012',824,,315515,10,,,1,218,,315518,20,0,53 27 28 9,1,83,,315516,10,,,1,223,,315520,20,0,53 27 28 9,1,77,,315521,10,,,1,223,,315523,20,0,53 27 28 9,1,177,,315524,10,,,1,200,,315525,10,,,1,490,,315526,2,0,5 27 28 9,1
6800,'20261013',635,,315527,10,,,1,100,,315528,2,0,5 27 28 9,1,105,,315529,2,0,5 27 28 9,1,388,,315530,10,,,1,99,,315531,10,,,1,293,,315532,2,0,5 27 28 9,1,408,,315534,10,,,1,94,,315535,10,,,1,105,,315536,10,,,1,173,,315537,3,0,7 27 28 9,1
6800,'20261014',635,,315538,10,,,1,100,,315539,2,0,5 27 28 9,1,105,,315540,2,0,5 27 28 9,1,388,,315541,10,,,1,99,,315542,10,,,1,293,,315543,2,0,5 27 28 9,1,408,,315545,10,,,1,94,,315546,10,,,1,105,,315547,10,,,1,173,,315548,3,0,7 27 28 9,1
6800,'20261015',635,,315549,10,,,1,100,,315550,2,0,5 27 28 9,1,105,,315551,2,0,5 27 28 9,1,388,,315552,10,,,1,99,,315553,10,,,1,293,,315554,2,0,5 27 28 9,1,408,,315556,10,,,1,94,,315557,10,,,1,105,,315558,10,,,1,173,,315559,3,0,7 27 28 9,1
6800,'20261016',635,,315560,10,,,1,100,,315561,2,0,5 27 28 9,1,105,,315562,2,0,5 27 28 9,1,388,,315563,10,,,1,99,,315564,10,,,1,293,,315565,2,0,5 27 28 9,1,408,,315567,10,,,1,94,,315568,10,,,1,105,,315569,10,,,1,173,,315570,3,0,7 27 28 9,1
6800,'20261017',824,,315571,10,,,1,218,,315574,20,0,53 27 28 9,1,83,,315572,10,,,1,223,,315576,20,0,53 27 28 9,1,77,,315577,10,,,1,223,,315579,20,0,53 27 28 9,1,177,,315580,10,,,1,200,,315581,10,,,1,490,,315582,2,0,5 27 28 9,1
6800,'20261018',824,,315583,10,,,1,218,,315586,20,0,53 27 28 9,1,83,,315584,10,,,1,223,,315588,20,0,53 27 28 9,1,77,,315589,10,,,1,223,,315591,20,0,53 27 28 9,1,177,,315592,10,,,1,200,,315593,10,,,1,490,,315594,2,0,5 27 28 9,1
6800,'20261019',635,,315595,10,,,1,100,,315596,2,0,5 27 28 9,1,105,,315597,2,0,5 27 28 9,1,388,,315598,10,,,1,99,,315599,10,,,1,293,,315600,2,0,5 27 28 9,1,408,,315602,10,,,1,94,,315603,10,,,1,105,,315604,10,,,1,173,,315605,3,0,7 27 28 9,1
6800,'20261020',635,,315606,10,,,1,100,,315607,2,0,5 27 28 9,1,105,,315608,2,0,5 27 28 9,1,388,,315609,10,,,1,99,,315610,10,,,1,293,,315611,2,0,5 27 28 9,1,408,,315613,10,,,1,94,,315614,10,,,1,105,,315615,10,,,1,173,,315616,3,0,7 27 28 9,1
6800,'20261021',635,,315617,10,,,1,100,,315618,2,0,5 27 28 9,1,105,,315619,2,0,5 27 28 9,1,388,,315620,10,,,1,99,,315621,10,,,1,293,,315622,2,0,5 27 28 9,1,408,,315624,10,,,1,94,,315625,10,,,1,105,,315626,10,,,1,173,,315627,3,0,7 27 28 9,1
6800,'20261022',635,,315628,10,,,1,100,,315629,2,0,5 27 28 9,1,105,,315630,2,0,5 27 28 9,1,388,,315631,10,,,1,99,,315632,10,,,1,293,,315633,2,0,5 27 28 9,1,408,,315635,10,,,1,94,,315636,10,,,1,105,,315637,10,,,1,173,,315638,3,0,7 27 28 9,1
6800,'20261023',635,,315639,10,,,1,100,,315640,2,0,5 27 28 9,1,105,,315641,2,0,5 27 28 9,1,388,,315642,10,,,1,99,,315643,10,,,1,293,,315644,2,0,5 27 28 9,1,408,,315646,10,,,1,94,,315647,10,,,1,105,,315648,10,,,1,173,,315649,3,0,7 27 28 9,1
6800,'20261024',824,,315650,10,,,1,218,,315653,20,0,53 27 28 9,1,83,,315651,10,,,1,223,,315655,20,0,53 27 28 9,1,77,,315656,10,,,1,223,,315658,20,0,53 27 28 9,1,177,,315659,10,,,1,200,,315660,10,,,1,490,,315661,2,0,5 27 28 9,1
6800,'20261025',824,,315662,10,,,1,218,,315665,20,0,53 27 28 9,1,83,,315663,10,,,1,223,,315667,20,0,53 27 28 9,1,77,,315668,10,,,1,223,,315670,20,0,53 27 28 9,1,177,,315671,10,,,1,200,,315672,10,,,1,490,,315673,2,0,5 27 28 9,1
6800,'20261026',635,,315674,10,,,1,100,,315675,2,0,5 27 28 9,1,105,,315676,2,0,5 27 28 9,1,388,,315677,10,,,1,99,,315678,10,,,1,293,,315679,2,0,5 27 28 9,1,408,,315681,10,,,1,94,,315682,10,,,1,105,,315683,10,,,1,173,,315684,3,0,7 27 28 9,1
6800,'20261027',635,,315685,10,,,1,100,,315686,2,0,5 27 28 9,1,105,,315687,2,0,5 27 28 9,1,388,,315688,10,,,1,99,,315689,10,,,1,293,,315690,2,0,5 27 28 9,1,408,,315692,10,,,1,94,,315693,10,,,1,105,,315694,10,,,1,173,,315695,3,0,7 27 28 9,1
6800,'20261028',635,,315696,10,,,1,100,,315697,2,0,5 27 28 9,1,105,,315698,2,0,5 27 28 9,1,388,,315699,10,,,1,99,,315700,10,,,1,293,,315701,2,0,5 27 28 9,1,408,,315703,10,,,1,94,,315704,10,,,1,105,,315705,10,,,1,173,,315706,3,0,7 27 28 9,1
6800,'20261029',635,,315707,10,,,1,100,,315708,2,0,5 27 28 9,1,105,,315709,2,0,5 27 28 9,1,388,,315710,10,,,1,99,,315711,10,,,1,293,,315712,2,0,5 27 28 9,1,408,,315714,10,,,1,94,,315715,10,,,1,105,,315716,10,,,1,173,,315717,3,0,7 27 28 9,1
6800,'20261030',635,,315718,10,,,1,100,,315719,2,0,5 27 28 9,1,105,,315720,2,0,5 27 28 9,1,388,,315721,10,,,1,99,,315722,10,,,1,293,,315723,2,0,5 27 28 9,1,408,,315725,10,,,1,94,,315726,10,,,1,105,,315727,10,,,1,173,,315728,3,0,7 27 28 9,1
6800,'20261031',824,,315729,10,,,1,218,,315732,20,0,53 27 28 9,1,83,,315730,10,,,1,223,,315734,20,0,53 27 28 9,1,77,,315735,10,,,1,223,,315737,20,0,53 27 28 9,1,177,,315738,10,,,1,200,,315739,10,,,1,490,,315740,2,0,5 27 28 9,1
6800,'20261101',824,,315741,10,,,1,218,,315744,20,0,53 27 28 9,1,83,,315742,10,,,1,223,,315746,20,0,53 27 28 9,1,77,,315747,10,,,1,223,,315749,20,0,53 27 28 9,1,177,,315750,10,,,1,200,,315751,10,,,1,490,,315752,2,0,5 27 28 9,1
6800,'20261102',635,,315753,10,,,1,100,,315754,2,0,5 27 28 9,1,105,,315755,2,0,5 27 28 9,1,388,,315756,10,,,1,99,,315757,10,,,1,293,,315758,2,0,5 27 28 9,1,408,,315760,10,,,1,94,,315761,10,,,1,105,,315762,10,,,1,173,,315763,3,0,7 27 28 9,1
6800,'20261103',635,,315764,10,,,1,100,,315765,2,0,5 27 28 9,1,105,,315766,2,0,5 27 28 9,1,388,,315767,10,,,1,99,,315768,10,,,1,293,,315769,2,0,5 27 28 9,1,408,,315771,10,,,1,94,,315772,10,,,1,105,,315773,10,,,1,173,,315774,3,0,7 27 28 9,1
6800,'20261104',635,,315775,10,,,1,100,,315776,2,0,5 27 28 9,1,105,,315777,2,0,5 27 28 9,1,388,,315778,10,,,1,99,,315779,10,,,1,293,,315780,2,0,5 27 28 9,1,408,,315782,10,,,1,94,,315783,10,,,1,105,,315784,10,,,1,173,,315785,3,0,7 27 28 9,1
6800,'20261105',635,,315786,10,,,1,100,,315787,2,0,5 27 28 9,1,105,,315788,2,0,5 27 28 9,1,388,,315789,10,,,1,99,,315790,10,,,1,293,,315791,2,0,5 27 28 9,1,408,,315793,10,,,1,94,,315794,10,,,1,105,,315795,10,,,1,173,,315796,3,0,7 27 28 9,1
6800,'20261106',635,,315797,10,,,1,100,,315798,2,0,5 27 28 9,1,105,,315799,2,0,5 27 28 9,1,388,,315800,10,,,1,99,,315801,10,,,1,293,,315802,2,0,5 27 28 9,1,408,,315804,10,,,1,94,,315805,10,,,1,105,,315806,10,,,1,173,,315807,3,0,7 27 28 9,1
6800,'20261107',824,,315808,10,,,1,218,,315811,20,0,53 27 28 9,1,83,,315809,10,,,1,223,,315813,20,0,53 27 28 9,1,77,,315814,10,,,1,223,,315816,20,0,53 27 28 9,1,177,,315817,10,,,1,200,,315818,10,,,1,490,,315819,2,0,5 27 28 9,1
6800,'20261108',824,,315820,10,,,1,218,,315823,20,0,53 27 28 9,1,83,,315821,10,,,1,223,,315825,20,0,53 27 28 9,1,77,,315826,10,,,1,223,,315828,20,0,53 27 28 9,1,177,,315829,10,,,1,200,,315830,10,,,1,490,,315831,2,0,5 27 28 9,1
6800,'20261109',635,,315832,10,,,1,100,,315833,2,0,5 27 28 9,1,105,,315834,2,0,5 27 28 9,1,388,,315835,10,,,1,99,,315836,10,,,1,293,,315837,2,0,5 27 28 9,1,408,,315839,10,,,1,94,,315840,10,,,1,105,,315841,10,,,1,173,,315842,3,0,7 27 28 9,1
6800,'20261110',635,,315843,10,,,1,100,,315844,2,0,5 27 28 9,1,105,,315845,2,0,5 27 28 9,1,388,,315846,10,,,1,99,,315847,10,,,1,293,,315848,2,0,5 27 28 9,1,408,,315850,10,,,1,94,,315851,10,,,1,105,,315852,10,,,1,173,,315853,3,0,7 27 28 9,1
6800,'20261111',635,,315854,10,,,1,100,,315855,2,0,5 27 28 9,1,105,,315856,2,0,5 27 28 9,1,388,,315857,10,,,1,99,,315858,10,,,1,293,,315859,2,0,5 27 28 9,1,408,,315861,10,,,1,94,,315862,10,,,1,105,,315863,10,,,1,173,,315864,3,0,7 27 28 9,1
6800,'20261112',635,,315865,10,,,1,100,,315866,2,0,5 27 28 9,1,105,,315867,2,0,5 27 28 9,1,388,,315868,10,,,1,99,,315869,10,,,1,293,,315870,2,0,5 27 28 9,1,408,,315872,10,,,1,94,,315873,10,,,1,105,,315874,10,,,1,173,,315875,3,0,7 27 28 9,1
6800,'20261113',635,,315876,10,,,1,100,,315877,2,0,5 27 28 9,1,105,,315878,2,0,5 27 28 9,1,388,,315879,10,,,1,99,,315880,10,,,1,293,,315881,2,0,5 27 28 9,1,408,,315883,10,,,1,94,,315884,10,,,1,105,,315885,10,,,1,173,,315886,3,0,7 27 28 9,1
6800,'20261114',824,,315887,10,,,1,218,,315890,20,0,53 27 28 9,1,83,,315888,10,,,1,223,,315892,20,0,53 27 28 9,1,77,,315893,10,,,1,223,,315895,20,0,53 27 28 9,1,177,,315896,10,,,1,200,,315897,10,,,1,490,,315898,2,0,5 27 28 9,1
6800,'20261115',824,,315899,10,,,1,218,,315902,20,0,53 27 28 9,1,83,,315900,10,,,1,223,,315904,20,0,53 27 28 9,1,77,,315905,10,,,1,223,,315907,20,0,53 27 28 9,1,177,,315908,10,,,1,200,,315909,10,,,1,490,,315910,2,0,5 27 28 9,1
6800,'20261116',635,,315911,10,,,1,100,,315912,2,0,5 27 28 9,1,105,,315913,2,0,5 27 28 9,1,388,,315914,10,,,1,99,,315915,10,,,1,293,,315916,2,0,5 27 28 9,1,408,,315918,10,,,1,94,,315919,10,,,1,105,,315920,10,,,1,173,,315921,3,0,7 27 28 9,1
6800,'20261117',635,,315922,10,,,1,100,,315923,2,0,5 27 28 9,1,105,,315924,2,0,5 27 28 9,1,388,,315925,10,,,1,99,,315926,10,,,1,293,,315927,2,0,5 27 28 9,1,408,,315929,10,,,1,94,,315930,10,,,1,105,,315931,10,,,1,173,,315932,3,0,7 27 28 9,1
6800,'20261118',635,,315933,10,,,1,100,,315934,2,0,5 27 28 9,1,105,,315935,2,0,5 27 28 9,1,388,,315936,10,,,1,99,,315937,10,,,1,293,,315938,2,0,5 27 28 9,1,408,,315940,10,,,1,94,,315941,10,,,1,105,,315942,10,,,1,173,,315943,3,0,7 27 28 9,1
6800,'20261119',635,,315944,10,,,1,100,,315945,2,0,5 27 28 9,1,105,,315946,2,0,5 27 28 9,1,388,,315947,10,,,1,99,,315948,10,,,1,293,,315949,2,0,5 27 28 9,1,408,,315951,10,,,1,94,,315952,10,,,1,105,,315953,10,,,1,173,,315954,3,0,7 27 28 9,1
6800,'20261120',635,,315955,10,,,1,100,,315956,2,0,5 27 28 9,1,105,,315957,2,0,5 27 28 9,1,388,,315958,10,,,1,99,,315959,10,,,1,293,,315960,2,0,5 27 28 9,1,408,,315962,10,,,1,94,,315963,10,,,1,105,,315964,10,,,1,173,,315965,3,0,7 27 28 9,1
6800,'20261121',824,,315966,10,,,1,218,,315969,20,0,53 27 28 9,1,83,,315967,10,,,1,223,,315971,20,0,53 27 28 9,1,77,,315972,10,,,1,223,,315974,20,0,53 27 28 9,1,177,,315975,10,,,1,200,,315976,10,,,1,490,,315977,2,0,5 27 28 9,1
6800,'20261122',824,,315978,10,,,1,218,,315981,20,0,53 27 28 9,1,83,,315979,10,,,1,223,,315983,20,0,53 27 28 9,1,77,,315984,10,,,1,223,,315986,20,0,53 27 28 9,1,177,,315987,10,,,1,200,,315988,10,,,1,490,,315989,2,0,5 27 28 9,1
6800,'20261123',635,,315990,10,,,1,100,,315991,2,0,5 27 28 9,1,105,,315992,2,0,5 27 28 9,1,388,,315993,10,,,1,99,,315994,10,,,1,293,,315995,2,0,5 27 28 9,1,408,,315997,10,,,1,94,,315998,10,,,1,105,,315999,10,,,1,173,,316000,3,0,7 27 28 9,1
6800,'20261124',635,,316001,10,,,1,100,,316002,2,0,5 27 28 9,1,105,,316003,2,0,5 27 28 9,1,388,,316004,10,,,1,99,,316005,10,,,1,293,,316006,2,0,5 27 28 9,1,408,,316008,10,,,1,94,,316009,10,,,1,105,,316010,10,,,1,173,,316011,3,0,7 27 28 9,1
6800,'20261125',635,,316012,10,,,1,100,,316013,2,0,5 27 28 9,1,105,,316014,2,0,5 27 28 9,1,388,,316015,10,,,1,99,,316016,10,,,1,293,,316017,2,0,5 27 28 9,1,408,,316019,10,,,1,94,,316020,10,,,1,105,,316021,10,,,1,173,,316022,3,0,7 27 28 9,1
6800,'20261126',635,,316023,10,,,1,100,,316024,2,0,5 27 28 9,1,105,,316025,2,0,5 27 28 9,1,388,,316026,10,,,1,99,,316027,10,,,1,293,,316028,2,0,5 27 28 9,1,408,,316030,10,,,1,94,,316031,10,,,1,105,,316032,10,,,1,173,,316033,3,0,7 27 28 9,1
6800,'20261127',635,,316034,10,,,1,100,,316035,2,0,5 27 28 9,1,105,,316036,2,0,5 27 28 9,1,388,,316037,10,,,1,99,,316038,10,,,1,293,,316039,2,0,5 27 28 9,1,408,,316041,10,,,1,94,,316042,10,,,1,105,,316043,10,,,1,173,,316044,3,0,7 27 28 9,1
