3801,'20260917',510,,279815,2,,,1,100,,279816,2,,,1
3801,'20260918',510,,279817,2,,,1,100,,279818,2,,,1
3801,'20260921',510,,279819,2,,,1,100,,279820,2,,,1
3801,'20260922',510,,279821,2,,,1,100,,279822,2,,,1
3801,'20260923',510,,279823,2,,,1,100,,279824,2,,,1
3801,'20260924',510,,279825,2,,,1,100,,279826,2,,,1
3801,'20260925',510,,279827,2,,,1,100,,279828,2,,,1
3801,'20260928',510,,279829,2,,,1,100,,279830,2,,,1
3801,'20260929',510,,279831,2,,,1,100,,279832,2,,,1
3801,'20260930',510,,279833,2,,,1,100,,279834,2,,,1
3801,'20261001',510,,279835,2,,,1,100,,279836,2,,,1
3801,'20261002',510,,279837,2,,,1,100,,279838,2,,,1
3801,'20261005',510,,279839,2,,,1,100,,279840,2,,,1
3801,'20261006',510,,279841,2,,,1,100,,279842,2,,,1
3801,'20261007',510,,279843,2,,,1,100,,279844,2,,,1
3801,'20261008',510,,279845,2,,,1,100,,279846,2,,,1
3801,'20261009',510,,279847,2,,,1,100,,279848,2,,,1
3801,'20261013',510,,279849,2,,,1,100,,279850,2,,,1
3801,'20261014',510,,279851,2,,,1,100,,279852,2,,,1
3801,'20261015',510,,279853,2,,,1,100,,279854,2,,,1
3801,'20261016',510,,279855,2,,,1,100,,279856,2,,,1
3801,'20261019',510,,279857,2,,,1,100,,279858,2,,,1
3801,'20261020',510,,279859,2,,,1,100,,279860,2,,,1
3801,'20261021',510,,279861,2,,,1,100,,279862,2,,,1
3801,'20261022',510,,279863,2,,,1,100,,279864,2,,,1
3801,'20261023',510,,279865,2,,,1,100,,279866,2,,,1
3801,'20261026',510,,279867,2,,,1,100,,279868,2,,,1
3801,'20261027',510,,279869,2,,,1,100,,279870,2,,,1
3801,'20261028',510,,279871,2,,,1,100,,279872,2,,,1
3801,'20261029',510,,279873,2,,,1,100,,279874,2,,,1
3801,'20261030',510,,279875,2,,,1,100,,279876,2,,,1
3801,'20261102',510,,279877,2,,,1,100,,279878,2,,,1
3801,'20261103',510,,279879,2,,,1,100,,279880,2,,,1
3801,'20261104',510,,279881,2,,,1,100,,279882,2,,,1
3801,'20261105',510,,279883,2,,,1,100,,279884,2,,,1
3801,'20261106',510,,279885,2,,,1,100,,279886,2,,,1
3801,'20261109',510,,279887,2,,,1,100,,279888,2,,,1
3801,'20261110',510,,279889,2,,,1,100,,279890,2,,,1
3801,'20261111',510,,279891,2,,,1,100,,279892,2,,,1
3801,'20261112',510,,279893,2,,,1,100,,279894,2,,,1
3801,'20261113',510,,279895,2,,,1,100,,279896,2,,,1
3801,'20261116',510,,279897,2,,,1,100,,279898,2,,,1
3801,'20261117',510,,279899,2,,,1,100,,279900,2,,,1
3801,'20261118',510,,279901,2,,,1,100,,279902,2,,,1
3801,'20261119',510,,279903,2,,,1,100,,279904,2,,,1
3801,'20261120',510,,279905,2,,,1,100,,279906,2,,,1
3801,'20261123',510,,279907,2,,,1,100,,279908,2,,,1
3801,'20261124',510,,279909,2,,,1,100,,279910,2,,,1
3801,'20261125',510,,279911,2,,,1,100,,279912,2,,,1
3801,'20261126',510,,279913,2,,,1,100,,279914,2,,,1
3801,'20261127',510,,279915,2,,,1,100,,279916,2,,,1
