3101,'20260910',613,,267583,3,0,37 43 44 47,1,20,,267584,3,0,37 43 44 47,1,21,,267585,13,0,43 44 47,1,59,,267586,3,0,37 43 44 47,1,35,,267587,11,0,5 43 44 47,1,100,,267588,11,0,5 43 44 47,1,1661,,267590,11,0,77 14 15 9,1,20,,267592,11,0,7 43 44 47,1,99,,267593,13,0,16 17 9,1,96,,267594,13,0,16 17 9,1
3101,'20260911',613,,267595,3,0,37 43 44 47,1,20,,267596,3,0,37 43 44 47,1,21,,267597,13,0,43 44 47,1,59,,267598,3,0,37 43 44 47,1,35,,267599,11,0,5 43 44 47,1,100,,267600,11,0,5 43 44 47,1,1565,,267602,11,0,77 14 15 9,1,96,,267607,11,0,77 14 15 9,1,20,,267609,11,0,7 43 44 47,1,99,,267610,13,0,16 17 9,1,96,,267611,13,0,16 17 9,1
3101,'20260912',834,,267612,11,0,7 43 44 47,1,100,,267614,5,0,71 101 9,1,10,,267615,5,0,71 101 9,1,800,,267616,5,0,71 101 9,1,590,,267617,5,0,71 101 9,1,205,,267619,11,0,77 14 15 9,1,20,,267620,13,0,16 17 9,1,70,,267621,13,0,78 14 15 9,1,25,,267622,13,0,16 17 9,1,70,,267623,13,0,16 17 9,1
3101,'20260913',834,,267624,11,0,7 43 44 47,1,100,,267626,5,0,71 101 9,1,10,,267627,5,0,71 101 9,1,800,,267628,5,0,71 101 9,1,590,,267629,5,0,71 101 9,1,205,,267631,11,0,77 14 15 9,1,90,,267632,13,0,78 14 15 9,1,95,,267633,13,0,16 17 9,1
3101,'20260914',613,,267634,3,0,37 43 44 47,1,20,,267635,3,0,37 43 44 47,1,21,,267636,13,0,43 44 47,1,59,,267637,3,0,37 43 44 47,1,35,,267638,11,0,5 43 44 47,1,100,,267639,11,0,5 43 44 47,1,1661,,267641,11,0,77 14 15 9,1,20,,267643,11,0,7 43 44 47,1,99,,267644,13,0,16 17 9,1,96,,267645,13,0,16 17 9,1
3101,'20260915',613,,267646,3,0,37 43 44 47,1,20,,267647,3,0,37 43 44 47,1,21,,267648,13,0,43 44 47,1,59,,267649,3,0,37 43 44 47,1,35,,267650,11,0,5 43 44 47,1,100,,267651,11,0,5 43 44 47,1,1661,,267653,11,0,77 14 15 9,1,20,,267655,11,0,7 43 44 47,1,99,,267656,13,0,16 17 9,1,96,,267657,13,0,16 17 9,1
3101,'20260916',613,,267658,3,0,37 43 44 47,1,20,,267659,3,0,37 43 44 47,1,21,,267660,13,0,43 44 47,1,59,,267661,3,0,37 43 44 47,1,35,,267662,11,0,5 43 44 47,1,100,,267663,11,0,5 43 44 47,1,1661,,267665,11,0,77 14 15 9,1,20,,267667,11,0,7 43 44 47,1,99,,267668,13,0,16 17 9,1,96,,267669,13,0,16 17 9,1
3101,'20260917',613,,267670,3,0,37 43 44 47,1,20,,267671,3,0,37 43 44 47,1,21,,267672,13,0,43 44 47,1,59,,267673,3,0,37 43 44 47,1,35,,267674,11,0,5 43 44 47,1,100,,267675,11,0,5 43 44 47,1,1661,,267677,11,0,77 14 15 9,1,20,,267679,11,0,7 43 44 47,1,99,,267680,13,0,16 17 9,1,96,,267681,13,0,16 17 9,1
3101,'20260918',613,,267682,3,0,37 43 44 47,1,20,,267683,3,0,37 43 44 47,1,21,,267684,13,0,43 44 47,1,59,,267685,3,0,37 43 44 47,1,35,,267686,11,0,5 43 44 47,1,100,,267687,11,0,5 43 44 47,1,1565,,267689,11,0,77 14 15 9,1,96,,267694,11,0,77 14 15 9,1,20,,267696,11,0,7 43 44 47,1,99,,267697,13,0,16 17 9,1,96,,267698,13,0,16 17 9,1
3101,'20260919',834,,267699,11,0,7 43 44 47,1,100,,267701,5,0,71 101 9,1,10,,267702,5,0,71 101 9,1,800,,267703,5,0,71 101 9,1,590,,267704,5,0,71 101 9,1,205,,267706,11,0,77 14 15 9,1,20,,267707,13,0,16 17 9,1,70,,267708,13,0,78 14 15 9,1,25,,267709,13,0,16 17 9,1,70,,267710,13,0,16 17 9,1
3101,'20260920',834,,267711,11,0,7 43 44 47,1,100,,267713,5,0,71 101 9,1,10,,267714,5,0,71 101 9,1,800,,267715,5,0,71 101 9,1,590,,267716,5,0,71 101 9,1,205,,267718,11,0,77 14 15 9,1,90,,267719,13,0,78 14 15 9,1,95,,267720,13,0,16 17 9,1
3101,'20260921',613,,267721,3,0,37 43 44 47,1,20,,267722,3,0,37 43 44 47,1,21,,267723,13,0,43 44 47,1,59,,267724,3,0,37 43 44 47,1,35,,267725,11,0,5 43 44 47,1,100,,267726,11,0,5 43 44 47,1,1661,,267728,11,0,77 14 15 9,1,20,,267730,11,0,7 43 44 47,1,99,,267731,13,0,16 17 9,1,96,,267732,13,0,16 17 9,1
3101,'20260922',613,,267733,3,0,37 43 44 47,1,20,,267734,3,0,37 43 44 47,1,21,,267735,13,0,43 44 47,1,59,,267736,3,0,37 43 44 47,1,35,,267737,11,0,5 43 44 47,1,100,,267738,11,0,5 43 44 47,1,1661,,267740,11,0,77 14 15 9,1,20,,267742,11,0,7 43 44 47,1,99,,267743,13,0,16 17 9,1,96,,267744,13,0,16 17 9,1
3101,'20260923',613,,267745,3,0,37 43 44 47,1,20,,267746,3,0,37 43 44 47,1,21,,267747,13,0,43 44 47,1,59,,267748,3,0,37 43 44 47,1,35,,267749,11,0,5 43 44 47,1,100,,267750,11,0,5 43 44 47,1,1661,,267752,11,0,77 14 15 9,1,20,,267754,11,0,7 43 44 47,1,99,,267755,13,0,16 17 9,1,96,,267756,13,0,16 17 9,1
3101,'20260924',613,,267757,3,0,37 43 44 47,1,20,,267758,3,0,37 43 44 47,1,21,,267759,13,0,43 44 47,1,59,,267760,3,0,37 43 44 47,1,35,,267761,11,0,5 43 44 47,1,100,,267762,11,0,5 43 44 47,1,1661,,267764,11,0,77 14 15 9,1,20,,267766,11,0,7 43 44 47,1,99,,267767,13,0,16 17 9,1,96,,267768,13,0,16 17 9,1
3101,'20260925',613,,267769,3,0,37 43 44 47,1,20,,267770,3,0,37 43 44 47,1,21,,267771,13,0,43 44 47,1,59,,267772,3,0,37 43 44 47,1,35,,267773,11,0,5 43 44 47,1,100,,267774,11,0,5 43 44 47,1,1661,,267776,11,0,77 14 15 9,1,20,,267778,11,0,7 43 44 47,1,99,,267779,13,0,16 17 9,1,96,,267780,13,0,16 17 9,1
3101,'20260926',834,,267781,11,0,7 43 44 47,1,1705,,267784,11,0,77 14 15 9,1,20,,267785,13,0,16 17 9,1,70,,267786,13,0,78 14 15 9,1,25,,267787,13,0,16 17 9,1,70,,267788,13,0,16 17 9,1
3101,'20260927',834,,267789,11,0,7 43 44 47,1,1705,,267792,11,0,77 14 15 9,1,90,,267793,13,0,78 14 15 9,1,95,,267794,13,0,16 17 9,1
3101,'20260928',613,,267795,3,0,37 43 44 47,1,20,,267796,3,0,37 43 44 47,1,21,,267797,13,0,43 44 47,1,59,,267798,3,0,37 43 44 47,1,35,,267799,11,0,5 43 44 47,1,100,,267800,11,0,5 43 44 47,1,1661,,267802,11,0,77 14 15 9,1,20,,267804,11,0,7 43 44 47,1,99,,267805,13,0,16 17 9,1,96,,267806,13,0,16 17 9,1
3101,'20260929',613,,267807,3,0,37 43 44 47,1,20,,267808,3,0,37 43 44 47,1,21,,267809,13,0,43 44 47,1,59,,267810,3,0,37 43 44 47,1,35,,267811,11,0,5 43 44 47,1,100,,267812,11,0,5 43 44 47,1,1661,,267814,11,0,77 14 15 9,1,20,,267816,11,0,7 43 44 47,1,99,,267817,13,0,16 17 9,1,96,,267818,13,0,16 17 9,1
3101,'20260930',613,,267819,3,0,37 43 44 47,1,20,,267820,3,0,37 43 44 47,1,21,,267821,13,0,43 44 47,1,59,,267822,3,0,37 43 44 47,1,35,,267823,11,0,5 43 44 47,1,100,,267824,11,0,5 43 44 47,1,1661,,267826,11,0,77 14 15 9,1,20,,267828,11,0,7 43 44 47,1,99,,267829,13,0,16 17 9,1,96,,267830,13,0,16 17 9,1
3101,'20261001',613,,267831,3,0,37 43 44 47,1,20,,267832,3,0,37 43 44 47,1,21,,267833,13,0,43 44 47,1,59,,267834,3,0,37 43 44 47,1,35,,267835,11,0,5 43 44 47,1,100,,267836,11,0,5 43 44 47,1,1661,,267838,11,0,77 14 15 9,1,20,,267840,11,0,7 43 44 47,1,99,,267841,13,0,16 17 9,1,96,,267842,13,0,16 17 9,1
3101,'20261002',613,,267843,3,0,37 43 44 47,1,20,,267844,3,0,37 43 44 47,1,21,,267845,13,0,43 44 47,1,59,,267846,3,0,37 43 44 47,1,35,,267847,11,0,5 43 44 47,1,100,,267848,11,0,5 43 44 47,1,1661,,267850,11,0,77 14 15 9,1,20,,267852,11,0,7 43 44 47,1,99,,267853,13,0,16 17 9,1,96,,267854,13,0,16 17 9,1
3101,'20261003',834,,267855,11,0,7 43 44 47,1,1705,,267858,11,0,77 14 15 9,1,20,,267859,13,0,16 17 9,1,70,,267860,13,0,78 14 15 9,1,25,,267861,13,0,16 17 9,1,70,,267862,13,0,16 17 9,1
3101,'20261004',834,,267863,11,0,7 43 44 47,1,1705,,267866,11,0,77 14 15 9,1,90,,267867,13,0,78 14 15 9,1,95,,267868,13,0,16 17 9,1
3101,'20261005',613,,267869,3,0,37 43 44 47,1,20,,267870,3,0,37 43 44 47,1,21,,267871,13,0,43 44 47,1,59,,267872,3,0,37 43 44 47,1,35,,267873,11,0,5 43 44 47,1,100,,267874,11,0,5 43 44 47,1,1661,,267876,11,0,77 14 15 9,1,20,,267878,11,0,7 43 44 47,1,99,,267879,13,0,16 17 9,1,96,,267880,13,0,16 17 9,1
3101,'20261006',613,,267881,3,0,37 43 44 47,1,20,,267882,3,0,37 43 44 47,1,21,,267883,13,0,43 44 47,1,59,,267884,3,0,37 43 44 47,1,35,,267885,11,0,5 43 44 47,1,100,,267886,11,0,5 43 44 47,1,1661,,267888,11,0,77 14 15 9,1,20,,267890,11,0,7 43 44 47,1,99,,267891,13,0,16 17 9,1,96,,267892,13,0,16 17 9,1
3101,'20261007',613,,267893,3,0,37 43 44 47,1,20,,267894,3,0,37 43 44 47,1,21,,267895,13,0,43 44 47,1,59,,267896,3,0,37 43 44 47,1,35,,267897,11,0,5 43 44 47,1,100,,267898,11,0,5 43 44 47,1,1661,,267900,11,0,77 14 15 9,1,20,,267902,11,0,7 43 44 47,1,99,,267903,13,0,16 17 9,1,96,,267904,13,0,16 17 9,1
3101,'20261008',613,,267905,3,0,37 43 44 47,1,20,,267906,3,0,37 43 44 47,1,21,,267907,13,0,43 44 47,1,59,,267908,3,0,37 43 44 47,1,35,,267909,11,0,5 43 44 47,1,100,,267910,11,0,5 43 44 47,1,1661,,267912,11,0,77 14 15 9,1,20,,267914,11,0,7 43 44 47,1,99,,267915,13,0,16 17 9,1,96,,267916,13,0,16 17 9,1
3101,'20261009',613,,267917,3,0,37 43 44 47,1,20,,267918,3,0,37 43 44 47,1,21,,267919,13,0,43 44 47,1,59,,267920,3,0,37 43 44 47,1,35,,267921,11,0,5 43 44 47,1,100,,267922,11,0,5 43 44 47,1,1661,,267924,11,0,77 14 15 9,1,20,,267926,11,0,7 43 44 47,1,99,,267927,13,0,16 17 9,1,96,,267928,13,0,16 17 9,1
3101,'20261010',834,,267929,11,0,7 43 44 47,1,1705,,267932,11,0,77 14 15 9,1,20,,267933,13,0,16 17 9,1,70,,267934,13,0,78 14 15 9,1,25,,267935,13,0,16 17 9,1,70,,267936,13,0,16 17 9,1
3101,'20261011',834,,267937,11,0,7 43 44 47,1,1705,,267940,11,0,77 14 15 9,1,90,,267941,13,0,78 14 15 9,1,95,,267942,13,0,16 17 9,1
3101,'20261012',834,,267943,11,0,7 43 44 47,1,1705,,267946,11,0,77 14 15 9,1,20,,267947,13,0,16 17 9,1,70,,267948,13,0,78 14 15 9,1,25,,267949,13,0,16 17 9,1,70,,267950,13,0,16 17 9,1
3101,'20261013',613,,267951,3,0,37 43 44 47,1,20,,267952,3,0,37 43 44 47,1,21,,267953,13,0,43 44 47,1,59,,267954,3,0,37 43 44 47,1,35,,267955,11,0,5 43 44 47,1,100,,267956,11,0,5 43 44 47,1,1661,,267958,11,0,77 14 15 9,1,20,,267960,11,0,7 43 44 47,1,99,,267961,13,0,16 17 9,1,96,,267962,13,0,16 17 9,1
3101,'20261014',613,,267963,3,0,37 43 44 47,1,20,,267964,3,0,37 43 44 47,1,21,,267965,13,0,43 44 47,1,59,,267966,3,0,37 43 44 47,1,35,,267967,11,0,5 43 44 47,1,100,,267968,11,0,5 43 44 47,1,1661,,267970,11,0,77 14 15 9,1,20,,267972,11,0,7 43 44 47,1,99,,267973,13,0,16 17 9,1,96,,267974,13,0,16 17 9,1
3101,'20261015',613,,267975,3,0,37 43 44 47,1,20,,267976,3,0,37 43 44 47,1,21,,267977,13,0,43 44 47,1,59,,267978,3,0,37 43 44 47,1,35,,267979,11,0,5 43 44 47,1,100,,267980,11,0,5 43 44 47,1,1661,,267982,11,0,77 14 15 9,1,20,,267984,11,0,7 43 44 47,1,99,,267985,13,0,16 17 9,1,96,,267986,13,0,16 17 9,1
3101,'20261016',613,,267987,3,0,37 43 44 47,1,20,,267988,3,0,37 43 44 47,1,21,,267989,13,0,43 44 47,1,59,,267990,3,0,37 43 44 47,1,35,,267991,11,0,5 43 44 47,1,100,,267992,11,0,5 43 44 47,1,1661,,267994,11,0,77 14 15 9,1,20,,267996,11,0,7 43 44 47,1,99,,267997,13,0,16 17 9,1,96,,267998,13,0,16 17 9,1
3101,'20261017',834,,267999,11,0,7 43 44 47,1,1705,,268002,11,0,77 14 15 9,1,20,,268003,13,0,16 17 9,1,70,,268004,13,0,78 14 15 9,1,25,,268005,13,0,16 17 9,1,70,,268006,13,0,16 17 9,1
3101,'20261018',834,,268007,11,0,7 43 44 47,1,1705,,268010,11,0,77 14 15 9,1,90,,268011,13,0,78 14 15 9,1,95,,268012,13,0,16 17 9,1
3101,'20261019',613,,268013,3,0,37 43 44 47,1,20,,268014,3,0,37 43 44 47,1,21,,268015,13,0,43 44 47,1,59,,268016,3,0,37 43 44 47,1,35,,268017,11,0,5 43 44 47,1,100,,268018,11,0,5 43 44 47,1,1661,,268020,11,0,77 14 15 9,1,20,,268022,11,0,7 43 44 47,1,99,,268023,13,0,16 17 9,1,96,,268024,13,0,16 17 9,1
3101,'20261020',613,,268025,3,0,37 43 44 47,1,20,,268026,3,0,37 43 44 47,1,21,,268027,13,0,43 44 47,1,59,,268028,3,0,37 43 44 47,1,35,,268029,11,0,5 43 44 47,1,100,,268030,11,0,5 43 44 47,1,1661,,268032,11,0,77 14 15 9,1,20,,268034,11,0,7 43 44 47,1,99,,268035,13,0,16 17 9,1,96,,268036,13,0,16 17 9,1
3101,'20261021',613,,268037,3,0,37 43 44 47,1,20,,268038,3,0,37 43 44 47,1,21,,268039,13,0,43 44 47,1,59,,268040,3,0,37 43 44 47,1,35,,268041,11,0,5 43 44 47,1,100,,268042,11,0,5 43 44 47,1,1661,,268044,11,0,77 14 15 9,1,20,,268046,11,0,7 43 44 47,1,99,,268047,13,0,16 17 9,1,96,,268048,13,0,16 17 9,1
3101,'20261022',613,,268049,3,0,37 43 44 47,1,20,,268050,3,0,37 43 44 47,1,21,,268051,13,0,43 44 47,1,59,,268052,3,0,37 43 44 47,1,35,,268053,11,0,5 43 44 47,1,100,,268054,11,0,5 43 44 47,1,1661,,268056,11,0,77 14 15 9,1,20,,268058,11,0,7 43 44 47,1,99,,268059,13,0,16 17 9,1,96,,268060,13,0,16 17 9,1
3101,'20261023',613,,268061,3,0,37 43 44 47,1,20,,268062,3,0,37 43 44 47,1,21,,268063,13,0,43 44 47,1,59,,268064,3,0,37 43 44 47,1,35,,268065,11,0,5 43 44 47,1,100,,268066,11,0,5 43 44 47,1,1661,,268068,11,0,77 14 15 9,1,20,,268070,11,0,7 43 44 47,1,99,,268071,13,0,16 17 9,1,96,,268072,13,0,16 17 9,1
3101,'20261024',834,,268073,11,0,7 43 44 47,1,1705,,268076,11,0,77 14 15 9,1,20,,268077,13,0,16 17 9,1,70,,268078,13,0,78 14 15 9,1,25,,268079,13,0,16 17 9,1,70,,268080,13,0,16 17 9,1
3101,'20261025',834,,268081,11,0,7 43 44 47,1,1705,,268084,11,0,77 14 15 9,1,90,,268085,13,0,78 14 15 9,1,95,,268086,13,0,16 17 9,1
3101,'20261026',613,,268087,3,0,37 43 44 47,1,20,,268088,3,0,37 43 44 47,1,21,,268089,13,0,43 44 47,1,59,,268090,3,0,37 43 44 47,1,35,,268091,11,0,5 43 44 47,1,100,,268092,11,0,5 43 44 47,1,1661,,268094,11,0,77 14 15 9,1,20,,268096,11,0,7 43 44 47,1,99,,268097,13,0,16 17 9,1,96,,268098,13,0,16 17 9,1
3101,'20261027',613,,268099,3,0,37 43 44 47,1,20,,268100,3,0,37 43 44 47,1,21,,268101,13,0,43 44 47,1,59,,268102,3,0,37 43 44 47,1,35,,268103,11,0,5 43 44 47,1,100,,268104,11,0,5 43 44 47,1,1661,,268106,11,0,77 14 15 9,1,20,,268108,11,0,7 43 44 47,1,99,,268109,13,0,16 17 9,1,96,,268110,13,0,16 17 9,1
3101,'20261028',613,,268111,3,0,37 43 44 47,1,20,,268112,3,0,37 43 44 47,1,21,,268113,13,0,43 44 47,1,59,,268114,3,0,37 43 44 47,1,35,,268115,11,0,5 43 44 47,1,100,,268116,11,0,5 43 44 47,1,1661,,268118,11,0,77 14 15 9,1,20,,268120,11,0,7 43 44 47,1,99,,268121,13,0,16 17 9,1,96,,268122,13,0,16 17 9,1
3101,'20261029',613,,268123,3,0,37 43 44 47,1,20,,268124,3,0,37 43 44 47,1,21,,268125,13,0,43 44 47,1,59,,268126,3,0,37 43 44 47,1,35,,268127,11,0,5 43 44 47,1,100,,268128,11,0,5 43 44 47,1,1661,,268130,11,0,77 14 15 9,1,20,,268132,11,0,7 43 44 47,1,99,,268133,13,0,16 17 9,1,96,,268134,13,0,16 17 9,1
3101,'20261030',613,,268135,3,0,37 43 44 47,1,20,,268136,3,0,37 43 44 47,1,21,,268137,13,0,43 44 47,1,59,,268138,3,0,37 43 44 47,1,35,,268139,11,0,5 43 44 47,1,100,,268140,11,0,5 43 44 47,1,1661,,268142,11,0,77 14 15 9,1,20,,268144,11,0,7 43 44 47,1,99,,268145,13,0,16 17 9,1,96,,268146,13,0,16 17 9,1
3101,'20261031',834,,268147,11,0,7 43 44 47,1,1705,,268150,11,0,77 14 15 9,1,20,,268151,13,0,16 17 9,1,70,,268152,13,0,78 14 15 9,1,25,,268153,13,0,16 17 9,1,70,,268154,13,0,16 17 9,1
3101,'20261101',834,,268155,11,0,7 43 44 47,1,1705,,268158,11,0,77 14 15 9,1,90,,268159,13,0,78 14 15 9,1,95,,268160,13,0,16 17 9,1
3101,'20261102',613,,268161,3,0,37 43 44 47,1,20,,268162,3,0,37 43 44 47,1,21,,268163,13,0,43 44 47,1,59,,268164,3,0,37 43 44 47,1,35,,268165,11,0,5 43 44 47,1,100,,268166,11,0,5 43 44 47,1,1661,,268168,11,0,77 14 15 9,1,20,,268170,11,0,7 43 44 47,1,99,,268171,13,0,16 17 9,1,96,,268172,13,0,16 17 9,1
3101,'20261103',613,,268173,3,0,37 43 44 47,1,20,,268174,3,0,37 43 44 47,1,21,,268175,13,0,43 44 47,1,59,,268176,3,0,37 43 44 47,1,35,,268177,11,0,5 43 44 47,1,100,,268178,11,0,5 43 44 47,1,1661,,268180,11,0,77 14 15 9,1,20,,268182,11,0,7 43 44 47,1,99,,268183,13,0,16 17 9,1,96,,268184,13,0,16 17 9,1
3101,'20261104',613,,268185,3,0,37 43 44 47,1,20,,268186,3,0,37 43 44 47,1,21,,268187,13,0,43 44 47,1,59,,268188,3,0,37 43 44 47,1,35,,268189,11,0,5 43 44 47,1,100,,268190,11,0,5 43 44 47,1,1661,,268192,11,0,77 14 15 9,1,20,,268194,11,0,7 43 44 47,1,99,,268195,13,0,16 17 9,1,96,,268196,13,0,16 17 9,1
3101,'20261105',613,,268197,3,0,37 43 44 47,1,20,,268198,3,0,37 43 44 47,1,21,,268199,13,0,43 44 47,1,59,,268200,3,0,37 43 44 47,1,35,,268201,11,0,5 43 44 47,1,100,,268202,11,0,5 43 44 47,1,1661,,268204,11,0,77 14 15 9,1,20,,268206,11,0,7 43 44 47,1,99,,268207,13,0,16 17 9,1,96,,268208,13,0,16 17 9,1
3101,'20261106',613,,268209,3,0,37 43 44 47,1,20,,268210,3,0,37 43 44 47,1,21,,268211,13,0,43 44 47,1,59,,268212,3,0,37 43 44 47,1,35,,268213,11,0,5 43 44 47,1,100,,268214,11,0,5 43 44 47,1,1661,,268216,11,0,77 14 15 9,1,20,,268218,11,0,7 43 44 47,1,99,,268219,13,0,16 17 9,1,96,,268220,13,0,16 17 9,1
3101,'20261107',834,,268221,11,0,7 43 44 47,1,1705,,268224,11,0,77 14 15 9,1,20,,268225,13,0,16 17 9,1,70,,268226,13,0,78 14 15 9,1,25,,268227,13,0,16 17 9,1,70,,268228,13,0,16 17 9,1
3101,'20261108',834,,268229,11,0,7 43 44 47,1,1705,,268232,11,0,77 14 15 9,1,90,,268233,13,0,78 14 15 9,1,95,,268234,13,0,16 17 9,1
3101,'20261109',613,,268235,3,0,37 43 44 47,1,20,,268236,3,0,37 43 44 47,1,21,,268237,13,0,43 44 47,1,59,,268238,3,0,37 43 44 47,1,35,,268239,11,0,5 43 44 47,1,100,,268240,11,0,5 43 44 47,1,1661,,268242,11,0,77 14 15 9,1,20,,268244,11,0,7 43 44 47,1,99,,268245,13,0,16 17 9,1,96,,268246,13,0,16 17 9,1
3101,'20261110',613,,268247,3,0,37 43 44 47,1,20,,268248,3,0,37 43 44 47,1,21,,268249,13,0,43 44 47,1,59,,268250,3,0,37 43 44 47,1,35,,268251,11,0,5 43 44 47,1,100,,268252,11,0,5 43 44 47,1,1661,,268254,11,0,77 14 15 9,1,20,,268256,11,0,7 43 44 47,1,99,,268257,13,0,16 17 9,1,96,,268258,13,0,16 17 9,1
3101,'20261111',613,,268259,3,0,37 43 44 47,1,20,,268260,3,0,37 43 44 47,1,21,,268261,13,0,43 44 47,1,59,,268262,3,0,37 43 44 47,1,35,,268263,11,0,5 43 44 47,1,100,,268264,11,0,5 43 44 47,1,1661,,268266,11,0,77 14 15 9,1,20,,268268,11,0,7 43 44 47,1,99,,268269,13,0,16 17 9,1,96,,268270,13,0,16 17 9,1
3101,'20261112',613,,268271,3,0,37 43 44 47,1,20,,268272,3,0,37 43 44 47,1,21,,268273,13,0,43 44 47,1,59,,268274,3,0,37 43 44 47,1,35,,268275,11,0,5 43 44 47,1,100,,268276,11,0,5 43 44 47,1,1661,,268278,11,0,77 14 15 9,1,20,,268280,11,0,7 43 44 47,1,99,,268281,13,0,16 17 9,1,96,,268282,13,0,16 17 9,1
3101,'20261113',613,,268283,3,0,37 43 44 47,1,20,,268284,3,0,37 43 44 47,1,21,,268285,13,0,43 44 47,1,59,,268286,3,0,37 43 44 47,1,35,,268287,11,0,5 43 44 47,1,100,,268288,11,0,5 43 44 47,1,1661,,268290,11,0,77 14 15 9,1,20,,268292,11,0,7 43 44 47,1,99,,268293,13,0,16 17 9,1,96,,268294,13,0,16 17 9,1
3101,'20261114',834,,268295,11,0,7 43 44 47,1,1705,,268298,11,0,77 14 15 9,1,20,,268299,13,0,16 17 9,1,70,,268300,13,0,78 14 15 9,1,25,,268301,13,0,16 17 9,1,70,,268302,13,0,16 17 9,1
3101,'20261115',834,,268303,11,0,7 43 44 47,1,1705,,268306,11,0,77 14 15 9,1,90,,268307,13,0,78 14 15 9,1,95,,268308,13,0,16 17 9,1
3101,'20261116',613,,268309,3,0,37 43 44 47,1,20,,268310,3,0,37 43 44 47,1,21,,268311,13,0,43 44 47,1,59,,268312,3,0,37 43 44 47,1,35,,268313,11,0,5 43 44 47,1,100,,268314,11,0,5 43 44 47,1,1661,,268316,11,0,77 14 15 9,1,20,,268318,11,0,7 43 44 47,1,99,,268319,13,0,16 17 9,1,96,,268320,13,0,16 17 9,1
3101,'20261117',613,,268321,3,0,37 43 44 47,1,20,,268322,3,0,37 43 44 47,1,21,,268323,13,0,43 44 47,1,59,,268324,3,0,37 43 44 47,1,35,,268325,11,0,5 43 44 47,1,100,,268326,11,0,5 43 44 47,1,1661,,268328,11,0,77 14 15 9,1,20,,268330,11,0,7 43 44 47,1,99,,268331,13,0,16 17 9,1,96,,268332,13,0,16 17 9,1
3101,'20261118',613,,268333,3,0,37 43 44 47,1,20,,268334,3,0,37 43 44 47,1,21,,268335,13,0,43 44 47,1,59,,268336,3,0,37 43 44 47,1,35,,268337,11,0,5 43 44 47,1,100,,268338,11,0,5 43 44 47,1,1661,,268340,11,0,77 14 15 9,1,20,,268342,11,0,7 43 44 47,1,99,,268343,13,0,16 17 9,1,96,,268344,13,0,16 17 9,1
3101,'20261119',613,,268345,3,0,37 43 44 47,1,20,,268346,3,0,37 43 44 47,1,21,,268347,13,0,43 44 47,1,59,,268348,3,0,37 43 44 47,1,35,,268349,11,0,5 43 44 47,1,100,,268350,11,0,5 43 44 47,1,1661,,268352,11,0,77 14 15 9,1,20,,268354,11,0,7 43 44 47,1,99,,268355,13,0,16 17 9,1,96,,268356,13,0,16 17 9,1
3101,'20261120',613,,268357,3,0,37 43 44 47,1,20,,268358,3,0,37 43 44 47,1,21,,268359,13,0,43 44 47,1,59,,268360,3,0,37 43 44 47,1,35,,268361,11,0,5 43 44 47,1,100,,268362,11,0,5 43 44 47,1,1661,,268364,11,0,77 14 15 9,1,20,,268366,11,0,7 43 44 47,1,99,,268367,13,0,16 17 9,1,96,,268368,13,0,16 17 9,1
3101,'20261121',834,,268369,11,0,7 43 44 47,1,1705,,268372,11,0,77 14 15 9,1,20,,268373,13,0,16 17 9,1,70,,268374,13,0,78 14 15 9,1,25,,268375,13,0,16 17 9,1,70,,268376,13,0,16 17 9,1
3101,'20261122',834,,268377,11,0,7 43 44 47,1,1705,,268380,11,0,77 14 15 9,1,90,,268381,13,0,78 14 15 9,1,95,,268382,13,0,16 17 9,1
3101,'20261123',613,,268383,3,0,37 43 44 47,1,20,,268384,3,0,37 43 44 47,1,21,,268385,13,0,43 44 47,1,59,,268386,3,0,37 43 44 47,1,35,,268387,11,0,5 43 44 47,1,100,,268388,11,0,5 43 44 47,1,1661,,268390,11,0,77 14 15 9,1,20,,268392,11,0,7 43 44 47,1,99,,268393,13,0,16 17 9,1,96,,268394,13,0,16 17 9,1
3101,'20261124',613,,268395,3,0,37 43 44 47,1,20,,268396,3,0,37 43 44 47,1,21,,268397,13,0,43 44 47,1,59,,268398,3,0,37 43 44 47,1,35,,268399,11,0,5 43 44 47,1,100,,268400,11,0,5 43 44 47,1,1661,,268402,11,0,77 14 15 9,1,20,,268404,11,0,7 43 44 47,1,99,,268405,13,0,16 17 9,1,96,,268406,13,0,16 17 9,1
3101,'20261125',613,,268407,3,0,37 43 44 47,1,20,,268408,3,0,37 43 44 47,1,21,,268409,13,0,43 44 47,1,59,,268410,3,0,37 43 44 47,1,35,,268411,11,0,5 43 44 47,1,100,,268412,11,0,5 43 44 47,1,1661,,268414,11,0,77 14 15 9,1,20,,268416,11,0,7 43 44 47,1,99,,268417,13,0,16 17 9,1,96,,268418,13,0,16 17 9,1
3101,'20261126',613,,268419,3,0,37 43 44 47,1,20,,268420,3,0,37 43 44 47,1,21,,268421,13,0,43 44 47,1,59,,268422,3,0,37 43 44 47,1,35,,268423,11,0,5 43 44 47,1,100,,268424,11,0,5 43 44 47,1,1661,,268426,11,0,77 14 15 9,1,20,,268428,11,0,7 43 44 47,1,99,,268429,13,0,16 17 9,1,96,,268430,13,0,16 17 9,1
3101,'20261127',613,,268431,3,0,37 43 44 47,1,20,,268432,3,0,37 43 44 47,1,21,,268433,13,0,43 44 47,1,59,,268434,3,0,37 43 44 47,1,35,,268435,11,0,5 43 44 47,1,100,,268436,11,0,5 43 44 47,1,1661,,268438,11,0,77 14 15 9,1,20,,268440,11,0,7 43 44 47,1,99,,268441,13,0,16 17 9,1,96,,268442,13,0,16 17 9,1
3301,'20260910',929,,273239,15,,,1,100,,273240,15,,,1,100,,273241,15,,,1,100,,273242,15,,,1,104,,273243,15,,,1,100,,273244,15,,,1,79,,273245,15,0,5 14 15 9,1,25,,273246,15,,,1,68,,273247,15,0,5 14 15 9,1,23,,273248,15,0,16 17 9,1,24,,273249,15,,,1,67,,273250,15,0,5 14 15 9,1,20,,273251,15,,,1,19,,273252,15,0,5 14 15 9,1,60,,273253,15,0,16 17 9,1,10,,273254,15,0,5 14 15 9,1,15,,273255,15,0,16 17 9,1,60,,273256,15,0,5 14 15 9,1,23,,273257,15,0,5 14 15 9,1,17,,273258,15,,,1,70,,273259,15,0,5 14 15 9,1,23,,273260,15,0,16 17 9,1,67,,273261,15,0,5 14 15 9,1,25,,273262,15,,,1,30,,273263,15,0,5 14 15 9,1,70,,273264,15,0,16 17 9,1,30,,273265,15,0,5 14 15 9,1,65,,273266,15,,,1,100,,273267,15,0,16 17 9,1
3301,'20260911',929,,273271,15,,,1,100,,273272,15,,,1,100,,273273,15,,,1,100,,273274,15,,,1,104,,273275,15,,,1,100,,273276,15,,,1,79,,273277,15,0,5 14 15 9,1,25,,273278,15,,,1,68,,273279,15,0,5 14 15 9,1,23,,273280,15,0,16 17 9,1,24,,273281,15,,,1,67,,273282,15,0,5 14 15 9,1,20,,273283,15,,,1,19,,273284,15,0,5 14 15 9,1,60,,273285,15,0,16 17 9,1,10,,273286,15,0,5 14 15 9,1,15,,273287,15,0,16 17 9,1,60,,273288,15,0,5 14 15 9,1,23,,273289,15,0,5 14 15 9,1,17,,273290,15,,,1,70,,273291,15,0,5 14 15 9,1,23,,273292,15,0,16 17 9,1,67,,273293,15,0,5 14 15 9,1,25,,273294,15,,,1,30,,273295,15,0,5 14 15 9,1,70,,273296,15,0,16 17 9,1,30,,273297,15,0,5 14 15 9,1,65,,273298,15,,,1,100,,273299,15,0,16 17 9,1
3301,'20260912',1030,,273302,15,,,1,202,,273304,15,,,1,197,,273306,15,,,1,200,,273308,15,,,1,200,,273309,15,,,1,200,,273310,15,,,1,200,,273311,15,,,1,204,,273312,15,,,1
3301,'20260913',1030,,273314,15,,,1,202,,273316,15,,,1,197,,273318,15,,,1,200,,273320,15,,,1,200,,273321,15,,,1,200,,273322,15,,,1,200,,273323,15,,,1,204,,273324,15,,,1
3301,'20260914',929,,273327,15,,,1,100,,273328,15,,,1,100,,273329,15,,,1,100,,273330,15,,,1,104,,273331,15,,,1,100,,273332,15,,,1,79,,273333,15,0,5 14 15 9,1,25,,273334,15,,,1,68,,273335,15,0,5 14 15 9,1,23,,273336,15,0,16 17 9,1,24,,273337,15,,,1,67,,273338,15,0,5 14 15 9,1,20,,273339,15,,,1,19,,273340,15,0,5 14 15 9,1,60,,273341,15,0,16 17 9,1,10,,273342,15,0,5 14 15 9,1,15,,273343,15,0,16 17 9,1,60,,273344,15,0,5 14 15 9,1,23,,273345,15,0,5 14 15 9,1,17,,273346,15,,,1,70,,273347,15,0,5 14 15 9,1,23,,273348,15,0,16 17 9,1,67,,273349,15,0,5 14 15 9,1,25,,273350,15,,,1,30,,273351,15,0,5 14 15 9,1,70,,273352,15,0,16 17 9,1,30,,273353,15,0,5 14 15 9,1,65,,273354,15,,,1,100,,273355,15,0,16 17 9,1
3301,'20260915',929,,273359,15,,,1,100,,273360,15,,,1,100,,273361,15,,,1,100,,273362,15,,,1,104,,273363,15,,,1,100,,273364,15,,,1,79,,273365,15,0,5 14 15 9,1,25,,273366,15,,,1,68,,273367,15,0,5 14 15 9,1,23,,273368,15,0,16 17 9,1,24,,273369,15,,,1,67,,273370,15,0,5 14 15 9,1,20,,273371,15,,,1,19,,273372,15,0,5 14 15 9,1,60,,273373,15,0,16 17 9,1,10,,273374,15,0,5 14 15 9,1,15,,273375,15,0,16 17 9,1,60,,273376,15,0,5 14 15 9,1,23,,273377,15,0,5 14 15 9,1,17,,273378,15,,,1,70,,273379,15,0,5 14 15 9,1,23,,273380,15,0,16 17 9,1,67,,273381,15,0,5 14 15 9,1,25,,273382,15,,,1,30,,273383,15,0,5 14 15 9,1,70,,273384,15,0,16 17 9,1,30,,273385,15,0,5 14 15 9,1,65,,273386,15,,,1,100,,273387,15,0,16 17 9,1
3301,'20260916',929,,273391,15,,,1,100,,273392,15,,,1,100,,273393,15,,,1,100,,273394,15,,,1,104,,273395,15,,,1,100,,273396,15,,,1,79,,273397,15,0,5 14 15 9,1,25,,273398,15,,,1,68,,273399,15,0,5 14 15 9,1,23,,273400,15,0,16 17 9,1,24,,273401,15,,,1,67,,273402,15,0,5 14 15 9,1,20,,273403,15,,,1,19,,273404,15,0,5 14 15 9,1,60,,273405,15,0,16 17 9,1,10,,273406,15,0,5 14 15 9,1,15,,273407,15,0,16 17 9,1,60,,273408,15,0,5 14 15 9,1,23,,273409,15,0,5 14 15 9,1,17,,273410,15,,,1,70,,273411,15,0,5 14 15 9,1,23,,273412,15,0,16 17 9,1,67,,273413,15,0,5 14 15 9,1,25,,273414,15,,,1,30,,273415,15,0,5 14 15 9,1,70,,273416,15,0,16 17 9,1,30,,273417,15,0,5 14 15 9,1,65,,273418,15,,,1,100,,273419,15,0,16 17 9,1
3301,'20260917',929,,273423,15,,,1,100,,273424,15,,,1,100,,273425,15,,,1,100,,273426,15,,,1,104,,273427,15,,,1,100,,273428,15,,,1,79,,273429,15,0,5 14 15 9,1,25,,273430,15,,,1,68,,273431,15,0,5 14 15 9,1,23,,273432,15,0,16 17 9,1,24,,273433,15,,,1,67,,273434,15,0,5 14 15 9,1,20,,273435,15,,,1,19,,273436,15,0,5 14 15 9,1,60,,273437,15,0,16 17 9,1,10,,273438,15,0,5 14 15 9,1,15,,273439,15,0,16 17 9,1,60,,273440,15,0,5 14 15 9,1,23,,273441,15,0,5 14 15 9,1,17,,273442,15,,,1,70,,273443,15,0,5 14 15 9,1,23,,273444,15,0,16 17 9,1,67,,273445,15,0,5 14 15 9,1,25,,273446,15,,,1,30,,273447,15,0,5 14 15 9,1,70,,273448,15,0,16 17 9,1,30,,273449,15,0,5 14 15 9,1,65,,273450,15,,,1,100,,273451,15,0,16 17 9,1
3301,'20260918',929,,273455,15,,,1,100,,273456,15,,,1,100,,273457,15,,,1,100,,273458,15,,,1,104,,273459,15,,,1,100,,273460,15,,,1,79,,273461,15,0,5 14 15 9,1,25,,273462,15,,,1,68,,273463,15,0,5 14 15 9,1,23,,273464,15,0,16 17 9,1,24,,273465,15,,,1,67,,273466,15,0,5 14 15 9,1,20,,273467,15,,,1,19,,273468,15,0,5 14 15 9,1,60,,273469,15,0,16 17 9,1,10,,273470,15,0,5 14 15 9,1,15,,273471,15,0,16 17 9,1,60,,273472,15,0,5 14 15 9,1,23,,273473,15,0,5 14 15 9,1,17,,273474,15,,,1,70,,273475,15,0,5 14 15 9,1,23,,273476,15,0,16 17 9,1,67,,273477,15,0,5 14 15 9,1,25,,273478,15,,,1,30,,273479,15,0,5 14 15 9,1,70,,273480,15,0,16 17 9,1,30,,273481,15,0,5 14 15 9,1,65,,273482,15,,,1,100,,273483,15,0,16 17 9,1
3301,'20260919',1030,,273486,15,,,1,202,,273488,15,,,1,197,,273490,15,,,1,200,,273492,15,,,1,200,,273493,15,,,1,200,,273494,15,,,1,200,,273495,15,,,1,204,,273496,15,,,1
3301,'20260920',1030,,273498,15,,,1,202,,273500,15,,,1,197,,273502,15,,,1,200,,273504,15,,,1,200,,273505,15,,,1,200,,273506,15,,,1,200,,273507,15,,,1,204,,273508,15,,,1
3301,'20260921',929,,273511,15,,,1,100,,273512,15,,,1,100,,273513,15,,,1,100,,273514,15,,,1,104,,273515,15,,,1,100,,273516,15,,,1,79,,273517,15,0,5 14 15 9,1,25,,273518,15,,,1,68,,273519,15,0,5 14 15 9,1,23,,273520,15,0,16 17 9,1,24,,273521,15,,,1,67,,273522,15,0,5 14 15 9,1,20,,273523,15,,,1,19,,273524,15,0,5 14 15 9,1,60,,273525,15,0,16 17 9,1,10,,273526,15,0,5 14 15 9,1,15,,273527,15,0,16 17 9,1,60,,273528,15,0,5 14 15 9,1,23,,273529,15,0,5 14 15 9,1,17,,273530,15,,,1,70,,273531,15,0,5 14 15 9,1,23,,273532,15,0,16 17 9,1,67,,273533,15,0,5 14 15 9,1,25,,273534,15,,,1,30,,273535,15,0,5 14 15 9,1,70,,273536,15,0,16 17 9,1,30,,273537,15,0,5 14 15 9,1,65,,273538,15,,,1,100,,273539,15,0,16 17 9,1
3301,'20260922',929,,273543,15,,,1,100,,273544,15,,,1,100,,273545,15,,,1,100,,273546,15,,,1,104,,273547,15,,,1,100,,273548,15,,,1,79,,273549,15,0,5 14 15 9,1,25,,273550,15,,,1,68,,273551,15,0,5 14 15 9,1,23,,273552,15,0,16 17 9,1,24,,273553,15,,,1,67,,273554,15,0,5 14 15 9,1,20,,273555,15,,,1,19,,273556,15,0,5 14 15 9,1,60,,273557,15,0,16 17 9,1,10,,273558,15,0,5 14 15 9,1,15,,273559,15,0,16 17 9,1,60,,273560,15,0,5 14 15 9,1,23,,273561,15,0,5 14 15 9,1,17,,273562,15,,,1,70,,273563,15,0,5 14 15 9,1,23,,273564,15,0,16 17 9,1,67,,273565,15,0,5 14 15 9,1,25,,273566,15,,,1,30,,273567,15,0,5 14 15 9,1,70,,273568,15,0,16 17 9,1,30,,273569,15,0,5 14 15 9,1,65,,273570,15,,,1,100,,273571,15,0,16 17 9,1
3301,'20260923',929,,273575,15,,,1,100,,273576,15,,,1,100,,273577,15,,,1,100,,273578,15,,,1,104,,273579,15,,,1,100,,273580,15,,,1,79,,273581,15,0,5 14 15 9,1,25,,273582,15,,,1,68,,273583,15,0,5 14 15 9,1,23,,273584,15,0,16 17 9,1,24,,273585,15,,,1,67,,273586,15,0,5 14 15 9,1,20,,273587,15,,,1,19,,273588,15,0,5 14 15 9,1,60,,273589,15,0,16 17 9,1,10,,273590,15,0,5 14 15 9,1,15,,273591,15,0,16 17 9,1,60,,273592,15,0,5 14 15 9,1,23,,273593,15,0,5 14 15 9,1,17,,273594,15,,,1,70,,273595,15,0,5 14 15 9,1,23,,273596,15,0,16 17 9,1,67,,273597,15,0,5 14 15 9,1,25,,273598,15,,,1,30,,273599,15,0,5 14 15 9,1,70,,273600,15,0,16 17 9,1,30,,273601,15,0,5 14 15 9,1,65,,273602,15,,,1,100,,273603,15,0,16 17 9,1
3301,'20260924',929,,273607,15,,,1,100,,273608,15,,,1,100,,273609,15,,,1,100,,273610,15,,,1,104,,273611,15,,,1,100,,273612,15,,,1,79,,273613,15,0,5 14 15 9,1,25,,273614,15,,,1,68,,273615,15,0,5 14 15 9,1,23,,273616,15,0,16 17 9,1,24,,273617,15,,,1,67,,273618,15,0,5 14 15 9,1,20,,273619,15,,,1,19,,273620,15,0,5 14 15 9,1,60,,273621,15,0,16 17 9,1,10,,273622,15,0,5 14 15 9,1,15,,273623,15,0,16 17 9,1,60,,273624,15,0,5 14 15 9,1,23,,273625,15,0,5 14 15 9,1,17,,273626,15,,,1,70,,273627,15,0,5 14 15 9,1,23,,273628,15,0,16 17 9,1,67,,273629,15,0,5 14 15 9,1,25,,273630,15,,,1,30,,273631,15,0,5 14 15 9,1,70,,273632,15,0,16 17 9,1,30,,273633,15,0,5 14 15 9,1,65,,273634,15,,,1,100,,273635,15,0,16 17 9,1
3301,'20260925',929,,273639,15,,,1,100,,273640,15,,,1,100,,273641,15,,,1,100,,273642,15,,,1,104,,273643,15,,,1,100,,273644,15,,,1,79,,273645,15,0,5 14 15 9,1,25,,273646,15,,,1,68,,273647,15,0,5 14 15 9,1,23,,273648,15,0,16 17 9,1,24,,273649,15,,,1,67,,273650,15,0,5 14 15 9,1,20,,273651,15,,,1,19,,273652,15,0,5 14 15 9,1,60,,273653,15,0,16 17 9,1,10,,273654,15,0,5 14 15 9,1,15,,273655,15,0,16 17 9,1,60,,273656,15,0,5 14 15 9,1,23,,273657,15,0,5 14 15 9,1,17,,273658,15,,,1,70,,273659,15,0,5 14 15 9,1,23,,273660,15,0,16 17 9,1,67,,273661,15,0,5 14 15 9,1,25,,273662,15,,,1,30,,273663,15,0,5 14 15 9,1,70,,273664,15,0,16 17 9,1,30,,273665,15,0,5 14 15 9,1,65,,273666,15,,,1,100,,273667,15,0,16 17 9,1
3301,'20260926',1030,,273670,15,,,1,202,,273672,15,,,1,197,,273674,15,,,1,200,,273676,15,,,1,200,,273677,15,,,1,200,,273678,15,,,1,200,,273679,15,,,1,204,,273680,15,,,1
3301,'20260927',1030,,273682,15,,,1,202,,273684,15,,,1,197,,273686,15,,,1,200,,273688,15,,,1,200,,273689,15,,,1,200,,273690,15,,,1,200,,273691,15,,,1,204,,273692,15,,,1
3301,'20260928',929,,273695,15,,,1,100,,273696,15,,,1,100,,273697,15,,,1,100,,273698,15,,,1,104,,273699,15,,,1,100,,273700,15,,,1,79,,273701,15,0,5 14 15 9,1,25,,273702,15,,,1,68,,273703,15,0,5 14 15 9,1,23,,273704,15,0,16 17 9,1,24,,273705,15,,,1,67,,273706,15,0,5 14 15 9,1,20,,273707,15,,,1,19,,273708,15,0,5 14 15 9,1,60,,273709,15,0,16 17 9,1,10,,273710,15,0,5 14 15 9,1,15,,273711,15,0,16 17 9,1,60,,273712,15,0,5 14 15 9,1,23,,273713,15,0,5 14 15 9,1,17,,273714,15,,,1,70,,273715,15,0,5 14 15 9,1,23,,273716,15,0,16 17 9,1,67,,273717,15,0,5 14 15 9,1,25,,273718,15,,,1,30,,273719,15,0,5 14 15 9,1,70,,273720,15,0,16 17 9,1,30,,273721,15,0,5 14 15 9,1,65,,273722,15,,,1,100,,273723,15,0,16 17 9,1
3301,'20260929',929,,273727,15,,,1,100,,273728,15,,,1,100,,273729,15,,,1,100,,273730,15,,,1,104,,273731,15,,,1,100,,273732,15,,,1,79,,273733,15,0,5 14 15 9,1,25,,273734,15,,,1,68,,273735,15,0,5 14 15 9,1,23,,273736,15,0,16 17 9,1,24,,273737,15,,,1,67,,273738,15,0,5 14 15 9,1,20,,273739,15,,,1,19,,273740,15,0,5 14 15 9,1,60,,273741,15,0,16 17 9,1,10,,273742,15,0,5 14 15 9,1,15,,273743,15,0,16 17 9,1,60,,273744,15,0,5 14 15 9,1,23,,273745,15,0,5 14 15 9,1,17,,273746,15,,,1,70,,273747,15,0,5 14 15 9,1,23,,273748,15,0,16 17 9,1,67,,273749,15,0,5 14 15 9,1,25,,273750,15,,,1,30,,273751,15,0,5 14 15 9,1,70,,273752,15,0,16 17 9,1,30,,273753,15,0,5 14 15 9,1,65,,273754,15,,,1,100,,273755,15,0,16 17 9,1
3301,'20260930',929,,273759,15,,,1,100,,273760,15,,,1,100,,273761,15,,,1,100,,273762,15,,,1,104,,273763,15,,,1,100,,273764,15,,,1,79,,273765,15,0,5 14 15 9,1,25,,273766,15,,,1,68,,273767,15,0,5 14 15 9,1,23,,273768,15,0,16 17 9,1,24,,273769,15,,,1,67,,273770,15,0,5 14 15 9,1,20,,273771,15,,,1,19,,273772,15,0,5 14 15 9,1,60,,273773,15,0,16 17 9,1,10,,273774,15,0,5 14 15 9,1,15,,273775,15,0,16 17 9,1,60,,273776,15,0,5 14 15 9,1,23,,273777,15,0,5 14 15 9,1,17,,273778,15,,,1,70,,273779,15,0,5 14 15 9,1,23,,273780,15,0,16 17 9,1,67,,273781,15,0,5 14 15 9,1,25,,273782,15,,,1,30,,273783,15,0,5 14 15 9,1,70,,273784,15,0,16 17 9,1,30,,273785,15,0,5 14 15 9,1,65,,273786,15,,,1,100,,273787,15,0,16 17 9,1
3301,'20261001',929,,273791,15,,,1,100,,273792,15,,,1,100,,273793,15,,,1,100,,273794,15,,,1,104,,273795,15,,,1,100,,273796,15,,,1,79,,273797,15,0,5 14 15 9,1,25,,273798,15,,,1,68,,273799,15,0,5 14 15 9,1,23,,273800,15,0,16 17 9,1,24,,273801,15,,,1,67,,273802,15,0,5 14 15 9,1,20,,273803,15,,,1,19,,273804,15,0,5 14 15 9,1,60,,273805,15,0,16 17 9,1,10,,273806,15,0,5 14 15 9,1,15,,273807,15,0,16 17 9,1,60,,273808,15,0,5 14 15 9,1,23,,273809,15,0,5 14 15 9,1,17,,273810,15,,,1,70,,273811,15,0,5 14 15 9,1,23,,273812,15,0,16 17 9,1,67,,273813,15,0,5 14 15 9,1,25,,273814,15,,,1,30,,273815,15,0,5 14 15 9,1,70,,273816,15,0,16 17 9,1,30,,273817,15,0,5 14 15 9,1,65,,273818,15,,,1,100,,273819,15,0,16 17 9,1
3301,'20261002',929,,273823,15,,,1,100,,273824,15,,,1,100,,273825,15,,,1,100,,273826,15,,,1,104,,273827,15,,,1,100,,273828,15,,,1,79,,273829,15,0,5 14 15 9,1,25,,273830,15,,,1,68,,273831,15,0,5 14 15 9,1,23,,273832,15,0,16 17 9,1,24,,273833,15,,,1,67,,273834,15,0,5 14 15 9,1,20,,273835,15,,,1,19,,273836,15,0,5 14 15 9,1,60,,273837,15,0,16 17 9,1,10,,273838,15,0,5 14 15 9,1,15,,273839,15,0,16 17 9,1,60,,273840,15,0,5 14 15 9,1,23,,273841,15,0,5 14 15 9,1,17,,273842,15,,,1,70,,273843,15,0,5 14 15 9,1,23,,273844,15,0,16 17 9,1,67,,273845,15,0,5 14 15 9,1,25,,273846,15,,,1,30,,273847,15,0,5 14 15 9,1,70,,273848,15,0,16 17 9,1,30,,273849,15,0,5 14 15 9,1,65,,273850,15,,,1,100,,273851,15,0,16 17 9,1
3301,'20261003',1030,,273854,15,,,1,202,,273856,15,,,1,197,,273858,15,,,1,200,,273860,15,,,1,200,,273861,15,,,1,200,,273862,15,,,1,200,,273863,15,,,1,204,,273864,15,,,1
3301,'20261004',1030,,273866,15,,,1,202,,273868,15,,,1,197,,273870,15,,,1,200,,273872,15,,,1,200,,273873,15,,,1,200,,273874,15,,,1,200,,273875,15,,,1,204,,273876,15,,,1
3301,'20261005',929,,273879,15,,,1,100,,273880,15,,,1,100,,273881,15,,,1,100,,273882,15,,,1,104,,273883,15,,,1,100,,273884,15,,,1,79,,273885,15,0,5 14 15 9,1,25,,273886,15,,,1,68,,273887,15,0,5 14 15 9,1,23,,273888,15,0,16 17 9,1,24,,273889,15,,,1,67,,273890,15,0,5 14 15 9,1,20,,273891,15,,,1,19,,273892,15,0,5 14 15 9,1,60,,273893,15,0,16 17 9,1,10,,273894,15,0,5 14 15 9,1,15,,273895,15,0,16 17 9,1,60,,273896,15,0,5 14 15 9,1,23,,273897,15,0,5 14 15 9,1,17,,273898,15,,,1,70,,273899,15,0,5 14 15 9,1,23,,273900,15,0,16 17 9,1,67,,273901,15,0,5 14 15 9,1,25,,273902,15,,,1,30,,273903,15,0,5 14 15 9,1,70,,273904,15,0,16 17 9,1,30,,273905,15,0,5 14 15 9,1,65,,273906,15,,,1,100,,273907,15,0,16 17 9,1
3301,'20261006',929,,273911,15,,,1,100,,273912,15,,,1,100,,273913,15,,,1,100,,273914,15,,,1,104,,273915,15,,,1,100,,273916,15,,,1,79,,273917,15,0,5 14 15 9,1,25,,273918,15,,,1,68,,273919,15,0,5 14 15 9,1,23,,273920,15,0,16 17 9,1,24,,273921,15,,,1,67,,273922,15,0,5 14 15 9,1,20,,273923,15,,,1,19,,273924,15,0,5 14 15 9,1,60,,273925,15,0,16 17 9,1,10,,273926,15,0,5 14 15 9,1,15,,273927,15,0,16 17 9,1,60,,273928,15,0,5 14 15 9,1,23,,273929,15,0,5 14 15 9,1,17,,273930,15,,,1,70,,273931,15,0,5 14 15 9,1,23,,273932,15,0,16 17 9,1,67,,273933,15,0,5 14 15 9,1,25,,273934,15,,,1,30,,273935,15,0,5 14 15 9,1,70,,273936,15,0,16 17 9,1,30,,273937,15,0,5 14 15 9,1,65,,273938,15,,,1,100,,273939,15,0,16 17 9,1
3301,'20261007',929,,273943,15,,,1,100,,273944,15,,,1,100,,273945,15,,,1,100,,273946,15,,,1,104,,273947,15,,,1,100,,273948,15,,,1,79,,273949,15,0,5 14 15 9,1,25,,273950,15,,,1,68,,273951,15,0,5 14 15 9,1,23,,273952,15,0,16 17 9,1,24,,273953,15,,,1,67,,273954,15,0,5 14 15 9,1,20,,273955,15,,,1,19,,273956,15,0,5 14 15 9,1,60,,273957,15,0,16 17 9,1,10,,273958,15,0,5 14 15 9,1,15,,273959,15,0,16 17 9,1,60,,273960,15,0,5 14 15 9,1,23,,273961,15,0,5 14 15 9,1,17,,273962,15,,,1,70,,273963,15,0,5 14 15 9,1,23,,273964,15,0,16 17 9,1,67,,273965,15,0,5 14 15 9,1,25,,273966,15,,,1,30,,273967,15,0,5 14 15 9,1,70,,273968,15,0,16 17 9,1,30,,273969,15,0,5 14 15 9,1,65,,273970,15,,,1,100,,273971,15,0,16 17 9,1
3301,'20261008',929,,273975,15,,,1,100,,273976,15,,,1,100,,273977,15,,,1,100,,273978,15,,,1,104,,273979,15,,,1,100,,273980,15,,,1,79,,273981,15,0,5 14 15 9,1,25,,273982,15,,,1,68,,273983,15,0,5 14 15 9,1,23,,273984,15,0,16 17 9,1,24,,273985,15,,,1,67,,273986,15,0,5 14 15 9,1,20,,273987,15,,,1,19,,273988,15,0,5 14 15 9,1,60,,273989,15,0,16 17 9,1,10,,273990,15,0,5 14 15 9,1,15,,273991,15,0,16 17 9,1,60,,273992,15,0,5 14 15 9,1,23,,273993,15,0,5 14 15 9,1,17,,273994,15,,,1,70,,273995,15,0,5 14 15 9,1,23,,273996,15,0,16 17 9,1,67,,273997,15,0,5 14 15 9,1,25,,273998,15,,,1,30,,273999,15,0,5 14 15 9,1,70,,274000,15,0,16 17 9,1,30,,274001,15,0,5 14 15 9,1,65,,274002,15,,,1,100,,274003,15,0,16 17 9,1
3301,'20261009',929,,274007,15,,,1,100,,274008,15,,,1,100,,274009,15,,,1,100,,274010,15,,,1,104,,274011,15,,,1,100,,274012,15,,,1,79,,274013,15,0,5 14 15 9,1,25,,274014,15,,,1,68,,274015,15,0,5 14 15 9,1,23,,274016,15,0,16 17 9,1,24,,274017,15,,,1,67,,274018,15,0,5 14 15 9,1,20,,274019,15,,,1,19,,274020,15,0,5 14 15 9,1,60,,274021,15,0,16 17 9,1,10,,274022,15,0,5 14 15 9,1,15,,274023,15,0,16 17 9,1,60,,274024,15,0,5 14 15 9,1,23,,274025,15,0,5 14 15 9,1,17,,274026,15,,,1,70,,274027,15,0,5 14 15 9,1,23,,274028,15,0,16 17 9,1,67,,274029,15,0,5 14 15 9,1,25,,274030,15,,,1,30,,274031,15,0,5 14 15 9,1,70,,274032,15,0,16 17 9,1,30,,274033,15,0,5 14 15 9,1,65,,274034,15,,,1,100,,274035,15,0,16 17 9,1
3301,'20261010',1030,,274038,15,,,1,202,,274040,15,,,1,197,,274042,15,,,1,200,,274044,15,,,1,200,,274045,15,,,1,200,,274046,15,,,1,200,,274047,15,,,1,204,,274048,15,,,1
3301,'20261011',1030,,274050,15,,,1,202,,274052,15,,,1,197,,274054,15,,,1,200,,274056,15,,,1,200,,274057,15,,,1,200,,274058,15,,,1,200,,274059,15,,,1,204,,274060,15,,,1
3301,'20261012',1030,,274062,15,,,1,202,,274064,15,,,1,197,,274066,15,,,1,200,,274068,15,,,1,200,,274069,15,,,1,200,,274070,15,,,1,200,,274071,15,,,1,204,,274072,15,,,1
3301,'20261013',929,,274075,15,,,1,100,,274076,15,,,1,100,,274077,15,,,1,100,,274078,15,,,1,104,,274079,15,,,1,100,,274080,15,,,1,79,,274081,15,0,5 14 15 9,1,25,,274082,15,,,1,68,,274083,15,0,5 14 15 9,1,23,,274084,15,0,16 17 9,1,24,,274085,15,,,1,67,,274086,15,0,5 14 15 9,1,20,,274087,15,,,1,19,,274088,15,0,5 14 15 9,1,60,,274089,15,0,16 17 9,1,10,,274090,15,0,5 14 15 9,1,15,,274091,15,0,16 17 9,1,60,,274092,15,0,5 14 15 9,1,23,,274093,15,0,5 14 15 9,1,17,,274094,15,,,1,70,,274095,15,0,5 14 15 9,1,23,,274096,15,0,16 17 9,1,67,,274097,15,0,5 14 15 9,1,25,,274098,15,,,1,30,,274099,15,0,5 14 15 9,1,70,,274100,15,0,16 17 9,1,30,,274101,15,0,5 14 15 9,1,65,,274102,15,,,1,100,,274103,15,0,16 17 9,1
3301,'20261014',929,,274107,15,,,1,100,,274108,15,,,1,100,,274109,15,,,1,100,,274110,15,,,1,104,,274111,15,,,1,100,,274112,15,,,1,79,,274113,15,0,5 14 15 9,1,25,,274114,15,,,1,68,,274115,15,0,5 14 15 9,1,23,,274116,15,0,16 17 9,1,24,,274117,15,,,1,67,,274118,15,0,5 14 15 9,1,20,,274119,15,,,1,19,,274120,15,0,5 14 15 9,1,60,,274121,15,0,16 17 9,1,10,,274122,15,0,5 14 15 9,1,15,,274123,15,0,16 17 9,1,60,,274124,15,0,5 14 15 9,1,23,,274125,15,0,5 14 15 9,1,17,,274126,15,,,1,70,,274127,15,0,5 14 15 9,1,23,,274128,15,0,16 17 9,1,67,,274129,15,0,5 14 15 9,1,25,,274130,15,,,1,30,,274131,15,0,5 14 15 9,1,70,,274132,15,0,16 17 9,1,30,,274133,15,0,5 14 15 9,1,65,,274134,15,,,1,100,,274135,15,0,16 17 9,1
3301,'20261015',929,,274139,15,,,1,100,,274140,15,,,1,100,,274141,15,,,1,100,,274142,15,,,1,104,,274143,15,,,1,100,,274144,15,,,1,79,,274145,15,0,5 14 15 9,1,25,,274146,15,,,1,68,,274147,15,0,5 14 15 9,1,23,,274148,15,0,16 17 9,1,24,,274149,15,,,1,67,,274150,15,0,5 14 15 9,1,20,,274151,15,,,1,19,,274152,15,0,5 14 15 9,1,60,,274153,15,0,16 17 9,1,10,,274154,15,0,5 14 15 9,1,15,,274155,15,0,16 17 9,1,60,,274156,15,0,5 14 15 9,1,23,,274157,15,0,5 14 15 9,1,17,,274158,15,,,1,70,,274159,15,0,5 14 15 9,1,23,,274160,15,0,16 17 9,1,67,,274161,15,0,5 14 15 9,1,25,,274162,15,,,1,30,,274163,15,0,5 14 15 9,1,70,,274164,15,0,16 17 9,1,30,,274165,15,0,5 14 15 9,1,65,,274166,15,,,1,100,,274167,15,0,16 17 9,1
3301,'20261016',929,,274171,15,,,1,100,,274172,15,,,1,100,,274173,15,,,1,100,,274174,15,,,1,104,,274175,15,,,1,100,,274176,15,,,1,79,,274177,15,0,5 14 15 9,1,25,,274178,15,,,1,68,,274179,15,0,5 14 15 9,1,23,,274180,15,0,16 17 9,1,24,,274181,15,,,1,67,,274182,15,0,5 14 15 9,1,20,,274183,15,,,1,19,,274184,15,0,5 14 15 9,1,60,,274185,15,0,16 17 9,1,10,,274186,15,0,5 14 15 9,1,15,,274187,15,0,16 17 9,1,60,,274188,15,0,5 14 15 9,1,23,,274189,15,0,5 14 15 9,1,17,,274190,15,,,1,70,,274191,15,0,5 14 15 9,1,23,,274192,15,0,16 17 9,1,67,,274193,15,0,5 14 15 9,1,25,,274194,15,,,1,30,,274195,15,0,5 14 15 9,1,70,,274196,15,0,16 17 9,1,30,,274197,15,0,5 14 15 9,1,65,,274198,15,,,1,100,,274199,15,0,16 17 9,1
3301,'20261017',1030,,274202,15,,,1,202,,274204,15,,,1,197,,274206,15,,,1,200,,274208,15,,,1,200,,274209,15,,,1,200,,274210,15,,,1,200,,274211,15,,,1,204,,274212,15,,,1
3301,'20261018',1030,,274214,15,,,1,202,,274216,15,,,1,197,,274218,15,,,1,200,,274220,15,,,1,200,,274221,15,,,1,200,,274222,15,,,1,200,,274223,15,,,1,204,,274224,15,,,1
3301,'20261019',929,,274227,15,,,1,100,,274228,15,,,1,100,,274229,15,,,1,100,,274230,15,,,1,104,,274231,15,,,1,100,,274232,15,,,1,79,,274233,15,0,5 14 15 9,1,25,,274234,15,,,1,68,,274235,15,0,5 14 15 9,1,23,,274236,15,0,16 17 9,1,24,,274237,15,,,1,67,,274238,15,0,5 14 15 9,1,20,,274239,15,,,1,19,,274240,15,0,5 14 15 9,1,60,,274241,15,0,16 17 9,1,10,,274242,15,0,5 14 15 9,1,15,,274243,15,0,16 17 9,1,60,,274244,15,0,5 14 15 9,1,23,,274245,15,0,5 14 15 9,1,17,,274246,15,,,1,70,,274247,15,0,5 14 15 9,1,23,,274248,15,0,16 17 9,1,67,,274249,15,0,5 14 15 9,1,25,,274250,15,,,1,30,,274251,15,0,5 14 15 9,1,70,,274252,15,0,16 17 9,1,30,,274253,15,0,5 14 15 9,1,65,,274254,15,,,1,100,,274255,15,0,16 17 9,1
3301,'20261020',929,,274259,15,,,1,100,,274260,15,,,1,100,,274261,15,,,1,100,,274262,15,,,1,104,,274263,15,,,1,100,,274264,15,,,1,79,,274265,15,0,5 14 15 9,1,25,,274266,15,,,1,68,,274267,15,0,5 14 15 9,1,23,,274268,15,0,16 17 9,1,24,,274269,15,,,1,67,,274270,15,0,5 14 15 9,1,20,,274271,15,,,1,19,,274272,15,0,5 14 15 9,1,60,,274273,15,0,16 17 9,1,10,,274274,15,0,5 14 15 9,1,15,,274275,15,0,16 17 9,1,60,,274276,15,0,5 14 15 9,1,23,,274277,15,0,5 14 15 9,1,17,,274278,15,,,1,70,,274279,15,0,5 14 15 9,1,23,,274280,15,0,16 17 9,1,67,,274281,15,0,5 14 15 9,1,25,,274282,15,,,1,30,,274283,15,0,5 14 15 9,1,70,,274284,15,0,16 17 9,1,30,,274285,15,0,5 14 15 9,1,65,,274286,15,,,1,100,,274287,15,0,16 17 9,1
3301,'20261021',929,,274291,15,,,1,100,,274292,15,,,1,100,,274293,15,,,1,100,,274294,15,,,1,104,,274295,15,,,1,100,,274296,15,,,1,79,,274297,15,0,5 14 15 9,1,25,,274298,15,,,1,68,,274299,15,0,5 14 15 9,1,23,,274300,15,0,16 17 9,1,24,,274301,15,,,1,67,,274302,15,0,5 14 15 9,1,20,,274303,15,,,1,19,,274304,15,0,5 14 15 9,1,60,,274305,15,0,16 17 9,1,10,,274306,15,0,5 14 15 9,1,15,,274307,15,0,16 17 9,1,60,,274308,15,0,5 14 15 9,1,23,,274309,15,0,5 14 15 9,1,17,,274310,15,,,1,70,,274311,15,0,5 14 15 9,1,23,,274312,15,0,16 17 9,1,67,,274313,15,0,5 14 15 9,1,25,,274314,15,,,1,30,,274315,15,0,5 14 15 9,1,70,,274316,15,0,16 17 9,1,30,,274317,15,0,5 14 15 9,1,65,,274318,15,,,1,100,,274319,15,0,16 17 9,1
3301,'20261022',929,,274323,15,,,1,100,,274324,15,,,1,100,,274325,15,,,1,100,,274326,15,,,1,104,,274327,15,,,1,100,,274328,15,,,1,79,,274329,15,0,5 14 15 9,1,25,,274330,15,,,1,68,,274331,15,0,5 14 15 9,1,23,,274332,15,0,16 17 9,1,24,,274333,15,,,1,67,,274334,15,0,5 14 15 9,1,20,,274335,15,,,1,19,,274336,15,0,5 14 15 9,1,60,,274337,15,0,16 17 9,1,10,,274338,15,0,5 14 15 9,1,15,,274339,15,0,16 17 9,1,60,,274340,15,0,5 14 15 9,1,23,,274341,15,0,5 14 15 9,1,17,,274342,15,,,1,70,,274343,15,0,5 14 15 9,1,23,,274344,15,0,16 17 9,1,67,,274345,15,0,5 14 15 9,1,25,,274346,15,,,1,30,,274347,15,0,5 14 15 9,1,70,,274348,15,0,16 17 9,1,30,,274349,15,0,5 14 15 9,1,65,,274350,15,,,1,100,,274351,15,0,16 17 9,1
3301,'20261023',929,,274355,15,,,1,100,,274356,15,,,1,100,,274357,15,,,1,100,,274358,15,,,1,104,,274359,15,,,1,100,,274360,15,,,1,79,,274361,15,0,5 14 15 9,1,25,,274362,15,,,1,68,,274363,15,0,5 14 15 9,1,23,,274364,15,0,16 17 9,1,24,,274365,15,,,1,67,,274366,15,0,5 14 15 9,1,20,,274367,15,,,1,19,,274368,15,0,5 14 15 9,1,60,,274369,15,0,16 17 9,1,10,,274370,15,0,5 14 15 9,1,15,,274371,15,0,16 17 9,1,60,,274372,15,0,5 14 15 9,1,23,,274373,15,0,5 14 15 9,1,17,,274374,15,,,1,70,,274375,15,0,5 14 15 9,1,23,,274376,15,0,16 17 9,1,67,,274377,15,0,5 14 15 9,1,25,,274378,15,,,1,30,,274379,15,0,5 14 15 9,1,70,,274380,15,0,16 17 9,1,30,,274381,15,0,5 14 15 9,1,65,,274382,15,,,1,100,,274383,15,0,16 17 9,1
3301,'20261024',1030,,274386,15,,,1,202,,274388,15,,,1,197,,274390,15,,,1,200,,274392,15,,,1,200,,274393,15,,,1,200,,274394,15,,,1,200,,274395,15,,,1,204,,274396,15,,,1
3301,'20261025',1030,,274398,15,,,1,202,,274400,15,,,1,197,,274402,15,,,1,200,,274404,15,,,1,200,,274405,15,,,1,200,,274406,15,,,1,200,,274407,15,,,1,204,,274408,15,,,1
3301,'20261026',929,,274411,15,,,1,100,,274412,15,,,1,100,,274413,15,,,1,100,,274414,15,,,1,104,,274415,15,,,1,100,,274416,15,,,1,79,,274417,15,0,5 14 15 9,1,25,,274418,15,,,1,68,,274419,15,0,5 14 15 9,1,23,,274420,15,0,16 17 9,1,24,,274421,15,,,1,67,,274422,15,0,5 14 15 9,1,20,,274423,15,,,1,19,,274424,15,0,5 14 15 9,1,60,,274425,15,0,16 17 9,1,10,,274426,15,0,5 14 15 9,1,15,,274427,15,0,16 17 9,1,60,,274428,15,0,5 14 15 9,1,23,,274429,15,0,5 14 15 9,1,17,,274430,15,,,1,70,,274431,15,0,5 14 15 9,1,23,,274432,15,0,16 17 9,1,67,,274433,15,0,5 14 15 9,1,25,,274434,15,,,1,30,,274435,15,0,5 14 15 9,1,70,,274436,15,0,16 17 9,1,30,,274437,15,0,5 14 15 9,1,65,,274438,15,,,1,100,,274439,15,0,16 17 9,1
3301,'20261027',929,,274443,15,,,1,100,,274444,15,,,1,100,,274445,15,,,1,100,,274446,15,,,1,104,,274447,15,,,1,100,,274448,15,,,1,79,,274449,15,0,5 14 15 9,1,25,,274450,15,,,1,68,,274451,15,0,5 14 15 9,1,23,,274452,15,0,16 17 9,1,24,,274453,15,,,1,67,,274454,15,0,5 14 15 9,1,20,,274455,15,,,1,19,,274456,15,0,5 14 15 9,1,60,,274457,15,0,16 17 9,1,10,,274458,15,0,5 14 15 9,1,15,,274459,15,0,16 17 9,1,60,,274460,15,0,5 14 15 9,1,23,,274461,15,0,5 14 15 9,1,17,,274462,15,,,1,70,,274463,15,0,5 14 15 9,1,23,,274464,15,0,16 17 9,1,67,,274465,15,0,5 14 15 9,1,25,,274466,15,,,1,30,,274467,15,0,5 14 15 9,1,70,,274468,15,0,16 17 9,1,30,,274469,15,0,5 14 15 9,1,65,,274470,15,,,1,100,,274471,15,0,16 17 9,1
3301,'20261028',929,,274475,15,,,1,100,,274476,15,,,1,100,,274477,15,,,1,100,,274478,15,,,1,104,,274479,15,,,1,100,,274480,15,,,1,79,,274481,15,0,5 14 15 9,1,25,,274482,15,,,1,68,,274483,15,0,5 14 15 9,1,23,,274484,15,0,16 17 9,1,24,,274485,15,,,1,67,,274486,15,0,5 14 15 9,1,20,,274487,15,,,1,19,,274488,15,0,5 14 15 9,1,60,,274489,15,0,16 17 9,1,10,,274490,15,0,5 14 15 9,1,15,,274491,15,0,16 17 9,1,60,,274492,15,0,5 14 15 9,1,23,,274493,15,0,5 14 15 9,1,17,,274494,15,,,1,70,,274495,15,0,5 14 15 9,1,23,,274496,15,0,16 17 9,1,67,,274497,15,0,5 14 15 9,1,25,,274498,15,,,1,30,,274499,15,0,5 14 15 9,1,70,,274500,15,0,16 17 9,1,30,,274501,15,0,5 14 15 9,1,65,,274502,15,,,1,100,,274503,15,0,16 17 9,1
3301,'20261029',929,,274507,15,,,1,100,,274508,15,,,1,100,,274509,15,,,1,100,,274510,15,,,1,104,,274511,15,,,1,100,,274512,15,,,1,79,,274513,15,0,5 14 15 9,1,25,,274514,15,,,1,68,,274515,15,0,5 14 15 9,1,23,,274516,15,0,16 17 9,1,24,,274517,15,,,1,67,,274518,15,0,5 14 15 9,1,20,,274519,15,,,1,19,,274520,15,0,5 14 15 9,1,60,,274521,15,0,16 17 9,1,10,,274522,15,0,5 14 15 9,1,15,,274523,15,0,16 17 9,1,60,,274524,15,0,5 14 15 9,1,23,,274525,15,0,5 14 15 9,1,17,,274526,15,,,1,70,,274527,15,0,5 14 15 9,1,23,,274528,15,0,16 17 9,1,67,,274529,15,0,5 14 15 9,1,25,,274530,15,,,1,30,,274531,15,0,5 14 15 9,1,70,,274532,15,0,16 17 9,1,30,,274533,15,0,5 14 15 9,1,65,,274534,15,,,1,100,,274535,15,0,16 17 9,1
3301,'20261030',929,,274539,15,,,1,100,,274540,15,,,1,100,,274541,15,,,1,100,,274542,15,,,1,104,,274543,15,,,1,100,,274544,15,,,1,79,,274545,15,0,5 14 15 9,1,25,,274546,15,,,1,68,,274547,15,0,5 14 15 9,1,23,,274548,15,0,16 17 9,1,24,,274549,15,,,1,67,,274550,15,0,5 14 15 9,1,20,,274551,15,,,1,19,,274552,15,0,5 14 15 9,1,60,,274553,15,0,16 17 9,1,10,,274554,15,0,5 14 15 9,1,15,,274555,15,0,16 17 9,1,60,,274556,15,0,5 14 15 9,1,23,,274557,15,0,5 14 15 9,1,17,,274558,15,,,1,70,,274559,15,0,5 14 15 9,1,23,,274560,15,0,16 17 9,1,67,,274561,15,0,5 14 15 9,1,25,,274562,15,,,1,30,,274563,15,0,5 14 15 9,1,70,,274564,15,0,16 17 9,1,30,,274565,15,0,5 14 15 9,1,65,,274566,15,,,1,100,,274567,15,0,16 17 9,1
3301,'20261031',1030,,274570,15,,,1,202,,274572,15,,,1,197,,274574,15,,,1,200,,274576,15,,,1,200,,274577,15,,,1,200,,274578,15,,,1,200,,274579,15,,,1,204,,274580,15,,,1
3301,'20261101',1030,,274582,15,,,1,202,,274584,15,,,1,197,,274586,15,,,1,200,,274588,15,,,1,200,,274589,15,,,1,200,,274590,15,,,1,200,,274591,15,,,1,204,,274592,15,,,1
3301,'20261102',929,,274595,15,,,1,100,,274596,15,,,1,100,,274597,15,,,1,100,,274598,15,,,1,104,,274599,15,,,1,100,,274600,15,,,1,79,,274601,15,0,5 14 15 9,1,25,,274602,15,,,1,68,,274603,15,0,5 14 15 9,1,23,,274604,15,0,16 17 9,1,24,,274605,15,,,1,67,,274606,15,0,5 14 15 9,1,20,,274607,15,,,1,19,,274608,15,0,5 14 15 9,1,60,,274609,15,0,16 17 9,1,10,,274610,15,0,5 14 15 9,1,15,,274611,15,0,16 17 9,1,60,,274612,15,0,5 14 15 9,1,23,,274613,15,0,5 14 15 9,1,17,,274614,15,,,1,70,,274615,15,0,5 14 15 9,1,23,,274616,15,0,16 17 9,1,67,,274617,15,0,5 14 15 9,1,25,,274618,15,,,1,30,,274619,15,0,5 14 15 9,1,70,,274620,15,0,16 17 9,1,30,,274621,15,0,5 14 15 9,1,65,,274622,15,,,1,100,,274623,15,0,16 17 9,1
3301,'20261103',929,,274627,15,,,1,100,,274628,15,,,1,100,,274629,15,,,1,100,,274630,15,,,1,104,,274631,15,,,1,100,,274632,15,,,1,79,,274633,15,0,5 14 15 9,1,25,,274634,15,,,1,68,,274635,15,0,5 14 15 9,1,23,,274636,15,0,16 17 9,1,24,,274637,15,,,1,67,,274638,15,0,5 14 15 9,1,20,,274639,15,,,1,19,,274640,15,0,5 14 15 9,1,60,,274641,15,0,16 17 9,1,10,,274642,15,0,5 14 15 9,1,15,,274643,15,0,16 17 9,1,60,,274644,15,0,5 14 15 9,1,23,,274645,15,0,5 14 15 9,1,17,,274646,15,,,1,70,,274647,15,0,5 14 15 9,1,23,,274648,15,0,16 17 9,1,67,,274649,15,0,5 14 15 9,1,25,,274650,15,,,1,30,,274651,15,0,5 14 15 9,1,70,,274652,15,0,16 17 9,1,30,,274653,15,0,5 14 15 9,1,65,,274654,15,,,1,100,,274655,15,0,16 17 9,1
3301,'20261104',929,,274659,15,,,1,100,,274660,15,,,1,100,,274661,15,,,1,100,,274662,15,,,1,104,,274663,15,,,1,100,,274664,15,,,1,79,,274665,15,0,5 14 15 9,1,25,,274666,15,,,1,68,,274667,15,0,5 14 15 9,1,23,,274668,15,0,16 17 9,1,24,,274669,15,,,1,67,,274670,15,0,5 14 15 9,1,20,,274671,15,,,1,19,,274672,15,0,5 14 15 9,1,60,,274673,15,0,16 17 9,1,10,,274674,15,0,5 14 15 9,1,15,,274675,15,0,16 17 9,1,60,,274676,15,0,5 14 15 9,1,23,,274677,15,0,5 14 15 9,1,17,,274678,15,,,1,70,,274679,15,0,5 14 15 9,1,23,,274680,15,0,16 17 9,1,67,,274681,15,0,5 14 15 9,1,25,,274682,15,,,1,30,,274683,15,0,5 14 15 9,1,70,,274684,15,0,16 17 9,1,30,,274685,15,0,5 14 15 9,1,65,,274686,15,,,1,100,,274687,15,0,16 17 9,1
3301,'20261105',929,,274691,15,,,1,100,,274692,15,,,1,100,,274693,15,,,1,100,,274694,15,,,1,104,,274695,15,,,1,100,,274696,15,,,1,79,,274697,15,0,5 14 15 9,1,25,,274698,15,,,1,68,,274699,15,0,5 14 15 9,1,23,,274700,15,0,16 17 9,1,24,,274701,15,,,1,67,,274702,15,0,5 14 15 9,1,20,,274703,15,,,1,19,,274704,15,0,5 14 15 9,1,60,,274705,15,0,16 17 9,1,10,,274706,15,0,5 14 15 9,1,15,,274707,15,0,16 17 9,1,60,,274708,15,0,5 14 15 9,1,23,,274709,15,0,5 14 15 9,1,17,,274710,15,,,1,70,,274711,15,0,5 14 15 9,1,23,,274712,15,0,16 17 9,1,67,,274713,15,0,5 14 15 9,1,25,,274714,15,,,1,30,,274715,15,0,5 14 15 9,1,70,,274716,15,0,16 17 9,1,30,,274717,15,0,5 14 15 9,1,65,,274718,15,,,1,100,,274719,15,0,16 17 9,1
3301,'20261106',929,,274723,15,,,1,100,,274724,15,,,1,100,,274725,15,,,1,100,,274726,15,,,1,104,,274727,15,,,1,100,,274728,15,,,1,79,,274729,15,0,5 14 15 9,1,25,,274730,15,,,1,68,,274731,15,0,5 14 15 9,1,23,,274732,15,0,16 17 9,1,24,,274733,15,,,1,67,,274734,15,0,5 14 15 9,1,20,,274735,15,,,1,19,,274736,15,0,5 14 15 9,1,60,,274737,15,0,16 17 9,1,10,,274738,15,0,5 14 15 9,1,15,,274739,15,0,16 17 9,1,60,,274740,15,0,5 14 15 9,1,23,,274741,15,0,5 14 15 9,1,17,,274742,15,,,1,70,,274743,15,0,5 14 15 9,1,23,,274744,15,0,16 17 9,1,67,,274745,15,0,5 14 15 9,1,25,,274746,15,,,1,30,,274747,15,0,5 14 15 9,1,70,,274748,15,0,16 17 9,1,30,,274749,15,0,5 14 15 9,1,65,,274750,15,,,1,100,,274751,15,0,16 17 9,1
3301,'20261107',1030,,274754,15,,,1,202,,274756,15,,,1,197,,274758,15,,,1,200,,274760,15,,,1,200,,274761,15,,,1,200,,274762,15,,,1,200,,274763,15,,,1,204,,274764,15,,,1
3301,'20261108',1030,,274766,15,,,1,202,,274768,15,,,1,197,,274770,15,,,1,200,,274772,15,,,1,200,,274773,15,,,1,200,,274774,15,,,1,200,,274775,15,,,1,204,,274776,15,,,1
3301,'20261109',929,,274779,15,,,1,100,,274780,15,,,1,100,,274781,15,,,1,100,,274782,15,,,1,104,,274783,15,,,1,100,,274784,15,,,1,79,,274785,15,0,5 14 15 9,1,25,,274786,15,,,1,68,,274787,15,0,5 14 15 9,1,23,,274788,15,0,16 17 9,1,24,,274789,15,,,1,67,,274790,15,0,5 14 15 9,1,20,,274791,15,,,1,19,,274792,15,0,5 14 15 9,1,60,,274793,15,0,16 17 9,1,10,,274794,15,0,5 14 15 9,1,15,,274795,15,0,16 17 9,1,60,,274796,15,0,5 14 15 9,1,23,,274797,15,0,5 14 15 9,1,17,,274798,15,,,1,70,,274799,15,0,5 14 15 9,1,23,,274800,15,0,16 17 9,1,67,,274801,15,0,5 14 15 9,1,25,,274802,15,,,1,30,,274803,15,0,5 14 15 9,1,70,,274804,15,0,16 17 9,1,30,,274805,15,0,5 14 15 9,1,65,,274806,15,,,1,100,,274807,15,0,16 17 9,1
3301,'20261110',929,,274811,15,,,1,100,,274812,15,,,1,100,,274813,15,,,1,100,,274814,15,,,1,104,,274815,15,,,1,100,,274816,15,,,1,79,,274817,15,0,5 14 15 9,1,25,,274818,15,,,1,68,,274819,15,0,5 14 15 9,1,23,,274820,15,0,16 17 9,1,24,,274821,15,,,1,67,,274822,15,0,5 14 15 9,1,20,,274823,15,,,1,19,,274824,15,0,5 14 15 9,1,60,,274825,15,0,16 17 9,1,10,,274826,15,0,5 14 15 9,1,15,,274827,15,0,16 17 9,1,60,,274828,15,0,5 14 15 9,1,23,,274829,15,0,5 14 15 9,1,17,,274830,15,,,1,70,,274831,15,0,5 14 15 9,1,23,,274832,15,0,16 17 9,1,67,,274833,15,0,5 14 15 9,1,25,,274834,15,,,1,30,,274835,15,0,5 14 15 9,1,70,,274836,15,0,16 17 9,1,30,,274837,15,0,5 14 15 9,1,65,,274838,15,,,1,100,,274839,15,0,16 17 9,1
3301,'20261111',929,,274843,15,,,1,100,,274844,15,,,1,100,,274845,15,,,1,100,,274846,15,,,1,104,,274847,15,,,1,100,,274848,15,,,1,79,,274849,15,0,5 14 15 9,1,25,,274850,15,,,1,68,,274851,15,0,5 14 15 9,1,23,,274852,15,0,16 17 9,1,24,,274853,15,,,1,67,,274854,15,0,5 14 15 9,1,20,,274855,15,,,1,19,,274856,15,0,5 14 15 9,1,60,,274857,15,0,16 17 9,1,10,,274858,15,0,5 14 15 9,1,15,,274859,15,0,16 17 9,1,60,,274860,15,0,5 14 15 9,1,23,,274861,15,0,5 14 15 9,1,17,,274862,15,,,1,70,,274863,15,0,5 14 15 9,1,23,,274864,15,0,16 17 9,1,67,,274865,15,0,5 14 15 9,1,25,,274866,15,,,1,30,,274867,15,0,5 14 15 9,1,70,,274868,15,0,16 17 9,1,30,,274869,15,0,5 14 15 9,1,65,,274870,15,,,1,100,,274871,15,0,16 17 9,1
3301,'20261112',929,,274875,15,,,1,100,,274876,15,,,1,100,,274877,15,,,1,100,,274878,15,,,1,104,,274879,15,,,1,100,,274880,15,,,1,79,,274881,15,0,5 14 15 9,1,25,,274882,15,,,1,68,,274883,15,0,5 14 15 9,1,23,,274884,15,0,16 17 9,1,24,,274885,15,,,1,67,,274886,15,0,5 14 15 9,1,20,,274887,15,,,1,19,,274888,15,0,5 14 15 9,1,60,,274889,15,0,16 17 9,1,10,,274890,15,0,5 14 15 9,1,15,,274891,15,0,16 17 9,1,60,,274892,15,0,5 14 15 9,1,23,,274893,15,0,5 14 15 9,1,17,,274894,15,,,1,70,,274895,15,0,5 14 15 9,1,23,,274896,15,0,16 17 9,1,67,,274897,15,0,5 14 15 9,1,25,,274898,15,,,1,30,,274899,15,0,5 14 15 9,1,70,,274900,15,0,16 17 9,1,30,,274901,15,0,5 14 15 9,1,65,,274902,15,,,1,100,,274903,15,0,16 17 9,1
3301,'20261113',929,,274907,15,,,1,100,,274908,15,,,1,100,,274909,15,,,1,100,,274910,15,,,1,104,,274911,15,,,1,100,,274912,15,,,1,79,,274913,15,0,5 14 15 9,1,25,,274914,15,,,1,68,,274915,15,0,5 14 15 9,1,23,,274916,15,0,16 17 9,1,24,,274917,15,,,1,67,,274918,15,0,5 14 15 9,1,20,,274919,15,,,1,19,,274920,15,0,5 14 15 9,1,60,,274921,15,0,16 17 9,1,10,,274922,15,0,5 14 15 9,1,15,,274923,15,0,16 17 9,1,60,,274924,15,0,5 14 15 9,1,23,,274925,15,0,5 14 15 9,1,17,,274926,15,,,1,70,,274927,15,0,5 14 15 9,1,23,,274928,15,0,16 17 9,1,67,,274929,15,0,5 14 15 9,1,25,,274930,15,,,1,30,,274931,15,0,5 14 15 9,1,70,,274932,15,0,16 17 9,1,30,,274933,15,0,5 14 15 9,1,65,,274934,15,,,1,100,,274935,15,0,16 17 9,1
3301,'20261114',1030,,274938,15,,,1,202,,274940,15,,,1,197,,274942,15,,,1,200,,274944,15,,,1,200,,274945,15,,,1,200,,274946,15,,,1,200,,274947,15,,,1,204,,274948,15,,,1
3301,'20261115',1030,,274950,15,,,1,202,,274952,15,,,1,197,,274954,15,,,1,200,,274956,15,,,1,200,,274957,15,,,1,200,,274958,15,,,1,200,,274959,15,,,1,204,,274960,15,,,1
3301,'20261116',929,,274963,15,,,1,100,,274964,15,,,1,100,,274965,15,,,1,100,,274966,15,,,1,104,,274967,15,,,1,100,,274968,15,,,1,79,,274969,15,0,5 14 15 9,1,25,,274970,15,,,1,68,,274971,15,0,5 14 15 9,1,23,,274972,15,0,16 17 9,1,24,,274973,15,,,1,67,,274974,15,0,5 14 15 9,1,20,,274975,15,,,1,19,,274976,15,0,5 14 15 9,1,60,,274977,15,0,16 17 9,1,10,,274978,15,0,5 14 15 9,1,15,,274979,15,0,16 17 9,1,60,,274980,15,0,5 14 15 9,1,23,,274981,15,0,5 14 15 9,1,17,,274982,15,,,1,70,,274983,15,0,5 14 15 9,1,23,,274984,15,0,16 17 9,1,67,,274985,15,0,5 14 15 9,1,25,,274986,15,,,1,30,,274987,15,0,5 14 15 9,1,70,,274988,15,0,16 17 9,1,30,,274989,15,0,5 14 15 9,1,65,,274990,15,,,1,100,,274991,15,0,16 17 9,1
3301,'20261117',929,,274995,15,,,1,100,,274996,15,,,1,100,,274997,15,,,1,100,,274998,15,,,1,104,,274999,15,,,1,100,,275000,15,,,1,79,,275001,15,0,5 14 15 9,1,25,,275002,15,,,1,68,,275003,15,0,5 14 15 9,1,23,,275004,15,0,16 17 9,1,24,,275005,15,,,1,67,,275006,15,0,5 14 15 9,1,20,,275007,15,,,1,19,,275008,15,0,5 14 15 9,1,60,,275009,15,0,16 17 9,1,10,,275010,15,0,5 14 15 9,1,15,,275011,15,0,16 17 9,1,60,,275012,15,0,5 14 15 9,1,23,,275013,15,0,5 14 15 9,1,17,,275014,15,,,1,70,,275015,15,0,5 14 15 9,1,23,,275016,15,0,16 17 9,1,67,,275017,15,0,5 14 15 9,1,25,,275018,15,,,1,30,,275019,15,0,5 14 15 9,1,70,,275020,15,0,16 17 9,1,30,,275021,15,0,5 14 15 9,1,65,,275022,15,,,1,100,,275023,15,0,16 17 9,1
3301,'20261118',929,,275027,15,,,1,100,,275028,15,,,1,100,,275029,15,,,1,100,,275030,15,,,1,104,,275031,15,,,1,100,,275032,15,,,1,79,,275033,15,0,5 14 15 9,1,25,,275034,15,,,1,68,,275035,15,0,5 14 15 9,1,23,,275036,15,0,16 17 9,1,24,,275037,15,,,1,67,,275038,15,0,5 14 15 9,1,20,,275039,15,,,1,19,,275040,15,0,5 14 15 9,1,60,,275041,15,0,16 17 9,1,10,,275042,15,0,5 14 15 9,1,15,,275043,15,0,16 17 9,1,60,,275044,15,0,5 14 15 9,1,23,,275045,15,0,5 14 15 9,1,17,,275046,15,,,1,70,,275047,15,0,5 14 15 9,1,23,,275048,15,0,16 17 9,1,67,,275049,15,0,5 14 15 9,1,25,,275050,15,,,1,30,,275051,15,0,5 14 15 9,1,70,,275052,15,0,16 17 9,1,30,,275053,15,0,5 14 15 9,1,65,,275054,15,,,1,100,,275055,15,0,16 17 9,1
3301,'20261119',929,,275059,15,,,1,100,,275060,15,,,1,100,,275061,15,,,1,100,,275062,15,,,1,104,,275063,15,,,1,100,,275064,15,,,1,79,,275065,15,0,5 14 15 9,1,25,,275066,15,,,1,68,,275067,15,0,5 14 15 9,1,23,,275068,15,0,16 17 9,1,24,,275069,15,,,1,67,,275070,15,0,5 14 15 9,1,20,,275071,15,,,1,19,,275072,15,0,5 14 15 9,1,60,,275073,15,0,16 17 9,1,10,,275074,15,0,5 14 15 9,1,15,,275075,15,0,16 17 9,1,60,,275076,15,0,5 14 15 9,1,23,,275077,15,0,5 14 15 9,1,17,,275078,15,,,1,70,,275079,15,0,5 14 15 9,1,23,,275080,15,0,16 17 9,1,67,,275081,15,0,5 14 15 9,1,25,,275082,15,,,1,30,,275083,15,0,5 14 15 9,1,70,,275084,15,0,16 17 9,1,30,,275085,15,0,5 14 15 9,1,65,,275086,15,,,1,100,,275087,15,0,16 17 9,1
3301,'20261120',929,,275091,15,,,1,100,,275092,15,,,1,100,,275093,15,,,1,100,,275094,15,,,1,104,,275095,15,,,1,100,,275096,15,,,1,79,,275097,15,0,5 14 15 9,1,25,,275098,15,,,1,68,,275099,15,0,5 14 15 9,1,23,,275100,15,0,16 17 9,1,24,,275101,15,,,1,67,,275102,15,0,5 14 15 9,1,20,,275103,15,,,1,19,,275104,15,0,5 14 15 9,1,60,,275105,15,0,16 17 9,1,10,,275106,15,0,5 14 15 9,1,15,,275107,15,0,16 17 9,1,60,,275108,15,0,5 14 15 9,1,23,,275109,15,0,5 14 15 9,1,17,,275110,15,,,1,70,,275111,15,0,5 14 15 9,1,23,,275112,15,0,16 17 9,1,67,,275113,15,0,5 14 15 9,1,25,,275114,15,,,1,30,,275115,15,0,5 14 15 9,1,70,,275116,15,0,16 17 9,1,30,,275117,15,0,5 14 15 9,1,65,,275118,15,,,1,100,,275119,15,0,16 17 9,1
3301,'20261121',1030,,275122,15,,,1,202,,275124,15,,,1,197,,275126,15,,,1,200,,275128,15,,,1,200,,275129,15,,,1,200,,275130,15,,,1,200,,275131,15,,,1,204,,275132,15,,,1
3301,'20261122',1030,,275134,15,,,1,202,,275136,15,,,1,197,,275138,15,,,1,200,,275140,15,,,1,200,,275141,15,,,1,200,,275142,15,,,1,200,,275143,15,,,1,204,,275144,15,,,1
3301,'20261123',929,,275147,15,,,1,100,,275148,15,,,1,100,,275149,15,,,1,100,,275150,15,,,1,104,,275151,15,,,1,100,,275152,15,,,1,79,,275153,15,0,5 14 15 9,1,25,,275154,15,,,1,68,,275155,15,0,5 14 15 9,1,23,,275156,15,0,16 17 9,1,24,,275157,15,,,1,67,,275158,15,0,5 14 15 9,1,20,,275159,15,,,1,19,,275160,15,0,5 14 15 9,1,60,,275161,15,0,16 17 9,1,10,,275162,15,0,5 14 15 9,1,15,,275163,15,0,16 17 9,1,60,,275164,15,0,5 14 15 9,1,23,,275165,15,0,5 14 15 9,1,17,,275166,15,,,1,70,,275167,15,0,5 14 15 9,1,23,,275168,15,0,16 17 9,1,67,,275169,15,0,5 14 15 9,1,25,,275170,15,,,1,30,,275171,15,0,5 14 15 9,1,70,,275172,15,0,16 17 9,1,30,,275173,15,0,5 14 15 9,1,65,,275174,15,,,1,100,,275175,15,0,16 17 9,1
3301,'20261124',929,,275179,15,,,1,100,,275180,15,,,1,100,,275181,15,,,1,100,,275182,15,,,1,104,,275183,15,,,1,100,,275184,15,,,1,79,,275185,15,0,5 14 15 9,1,25,,275186,15,,,1,68,,275187,15,0,5 14 15 9,1,23,,275188,15,0,16 17 9,1,24,,275189,15,,,1,67,,275190,15,0,5 14 15 9,1,20,,275191,15,,,1,19,,275192,15,0,5 14 15 9,1,60,,275193,15,0,16 17 9,1,10,,275194,15,0,5 14 15 9,1,15,,275195,15,0,16 17 9,1,60,,275196,15,0,5 14 15 9,1,23,,275197,15,0,5 14 15 9,1,17,,275198,15,,,1,70,,275199,15,0,5 14 15 9,1,23,,275200,15,0,16 17 9,1,67,,275201,15,0,5 14 15 9,1,25,,275202,15,,,1,30,,275203,15,0,5 14 15 9,1,70,,275204,15,0,16 17 9,1,30,,275205,15,0,5 14 15 9,1,65,,275206,15,,,1,100,,275207,15,0,16 17 9,1
3301,'20261125',929,,275211,15,,,1,100,,275212,15,,,1,100,,275213,15,,,1,100,,275214,15,,,1,104,,275215,15,,,1,100,,275216,15,,,1,79,,275217,15,0,5 14 15 9,1,25,,275218,15,,,1,68,,275219,15,0,5 14 15 9,1,23,,275220,15,0,16 17 9,1,24,,275221,15,,,1,67,,275222,15,0,5 14 15 9,1,20,,275223,15,,,1,19,,275224,15,0,5 14 15 9,1,60,,275225,15,0,16 17 9,1,10,,275226,15,0,5 14 15 9,1,15,,275227,15,0,16 17 9,1,60,,275228,15,0,5 14 15 9,1,23,,275229,15,0,5 14 15 9,1,17,,275230,15,,,1,70,,275231,15,0,5 14 15 9,1,23,,275232,15,0,16 17 9,1,67,,275233,15,0,5 14 15 9,1,25,,275234,15,,,1,30,,275235,15,0,5 14 15 9,1,70,,275236,15,0,16 17 9,1,30,,275237,15,0,5 14 15 9,1,65,,275238,15,,,1,100,,275239,15,0,16 17 9,1
3301,'20261126',929,,275243,15,,,1,100,,275244,15,,,1,100,,275245,15,,,1,100,,275246,15,,,1,104,,275247,15,,,1,100,,275248,15,,,1,79,,275249,15,0,5 14 15 9,1,25,,275250,15,,,1,68,,275251,15,0,5 14 15 9,1,23,,275252,15,0,16 17 9,1,24,,275253,15,,,1,67,,275254,15,0,5 14 15 9,1,20,,275255,15,,,1,19,,275256,15,0,5 14 15 9,1,60,,275257,15,0,16 17 9,1,10,,275258,15,0,5 14 15 9,1,15,,275259,15,0,16 17 9,1,60,,275260,15,0,5 14 15 9,1,23,,275261,15,0,5 14 15 9,1,17,,275262,15,,,1,70,,275263,15,0,5 14 15 9,1,23,,275264,15,0,16 17 9,1,67,,275265,15,0,5 14 15 9,1,25,,275266,15,,,1,30,,275267,15,0,5 14 15 9,1,70,,275268,15,0,16 17 9,1,30,,275269,15,0,5 14 15 9,1,65,,275270,15,,,1,100,,275271,15,0,16 17 9,1
3301,'20261127',929,,275275,15,,,1,100,,275276,15,,,1,100,,275277,15,,,1,100,,275278,15,,,1,104,,275279,15,,,1,100,,275280,15,,,1,79,,275281,15,0,5 14 15 9,1,25,,275282,15,,,1,68,,275283,15,0,5 14 15 9,1,23,,275284,15,0,16 17 9,1,24,,275285,15,,,1,67,,275286,15,0,5 14 15 9,1,20,,275287,15,,,1,19,,275288,15,0,5 14 15 9,1,60,,275289,15,0,16 17 9,1,10,,275290,15,0,5 14 15 9,1,15,,275291,15,0,16 17 9,1,60,,275292,15,0,5 14 15 9,1,23,,275293,15,0,5 14 15 9,1,17,,275294,15,,,1,70,,275295,15,0,5 14 15 9,1,23,,275296,15,0,16 17 9,1,67,,275297,15,0,5 14 15 9,1,25,,275298,15,,,1,30,,275299,15,0,5 14 15 9,1,70,,275300,15,0,16 17 9,1,30,,275301,15,0,5 14 15 9,1,65,,275302,15,,,1,100,,275303,15,0,16 17 9,1
3700,'20260910',550,,278887,3,0,7 81 82,1,156,,278888,3,0,7 81 82,1,628,,278889,3,,,1,301,,278890,3,,,1,109,,278891,3,,,1,101,,278892,3,,,1,188,,278893,3,,,1
3700,'20260911',550,,278894,3,0,7 81 82,1,156,,278895,3,0,7 81 82,1,628,,278896,3,,,1,301,,278897,3,,,1,109,,278898,3,,,1,101,,278899,3,,,1,188,,278900,3,,,1
3700,'20260914',550,,278901,3,0,7 81 82,1,156,,278902,3,0,7 81 82,1,628,,278903,3,,,1,301,,278904,3,,,1,109,,278905,3,,,1,101,,278906,3,,,1,188,,278907,3,,,1
3700,'20260915',550,,278908,3,0,7 81 82,1,156,,278909,3,0,7 81 82,1,628,,278910,3,,,1,301,,278911,3,,,1,109,,278912,3,,,1,101,,278913,3,,,1,188,,278914,3,,,1
3700,'20260916',550,,278915,3,0,7 81 82,1,156,,278916,3,0,7 81 82,1,628,,278917,3,,,1,301,,278918,3,,,1,109,,278919,3,,,1,101,,278920,3,,,1,188,,278921,3,,,1
3700,'20260917',550,,278922,3,0,7 81 82,1,156,,278923,3,0,7 81 82,1,628,,278924,3,,,1,301,,278925,3,,,1,109,,278926,3,,,1,101,,278927,3,,,1,188,,278928,3,,,1
3700,'20260918',550,,278929,3,0,7 81 82,1,156,,278930,3,0,7 81 82,1,628,,278931,3,,,1,301,,278932,3,,,1,109,,278933,3,,,1,101,,278934,3,,,1,188,,278935,3,,,1
3700,'20260921',550,,278936,3,0,7 81 82,1,156,,278937,3,0,7 81 82,1,628,,278938,3,,,1,301,,278939,3,,,1,109,,278940,3,,,1,101,,278941,3,,,1,188,,278942,3,,,1
3700,'20260922',550,,278943,3,0,7 81 82,1,156,,278944,3,0,7 81 82,1,628,,278945,3,,,1,301,,278946,3,,,1,109,,278947,3,,,1,101,,278948,3,,,1,188,,278949,3,,,1
3700,'20260923',550,,278950,3,0,7 81 82,1,156,,278951,3,0,7 81 82,1,628,,278952,3,,,1,301,,278953,3,,,1,109,,278954,3,,,1,101,,278955,3,,,1,188,,278956,3,,,1
3700,'20260924',550,,278957,3,0,7 81 82,1,156,,278958,3,0,7 81 82,1,628,,278959,3,,,1,301,,278960,3,,,1,109,,278961,3,,,1,101,,278962,3,,,1,188,,278963,3,,,1
3700,'20260925',550,,278964,3,0,7 81 82,1,156,,278965,3,0,7 81 82,1,628,,278966,3,,,1,301,,278967,3,,,1,109,,278968,3,,,1,101,,278969,3,,,1,188,,278970,3,,,1
3700,'20260928',550,,278971,3,0,7 81 82,1,156,,278972,3,0,7 81 82,1,628,,278973,3,,,1,301,,278974,3,,,1,109,,278975,3,,,1,101,,278976,3,,,1,188,,278977,3,,,1
3700,'20260929',550,,278978,3,0,7 81 82,1,156,,278979,3,0,7 81 82,1,628,,278980,3,,,1,301,,278981,3,,,1,109,,278982,3,,,1,101,,278983,3,,,1,188,,278984,3,,,1
3700,'20260930',550,,278985,3,0,7 81 82,1,156,,278986,3,0,7 81 82,1,628,,278987,3,,,1,301,,278988,3,,,1,109,,278989,3,,,1,101,,278990,3,,,1,188,,278991,3,,,1
3700,'20261001',550,,278992,3,0,7 81 82,1,156,,278993,3,0,7 81 82,1,628,,278994,3,,,1,301,,278995,3,,,1,109,,278996,3,,,1,101,,278997,3,,,1,188,,278998,3,,,1
3700,'20261002',550,,278999,3,0,7 81 82,1,156,,279000,3,0,7 81 82,1,628,,279001,3,,,1,301,,279002,3,,,1,109,,279003,3,,,1,101,,279004,3,,,1,188,,279005,3,,,1
3700,'20261005',550,,279006,3,0,7 81 82,1,156,,279007,3,0,7 81 82,1,628,,279008,3,,,1,301,,279009,3,,,1,109,,279010,3,,,1,101,,279011,3,,,1,188,,279012,3,,,1
3700,'20261006',550,,279013,3,0,7 81 82,1,156,,279014,3,0,7 81 82,1,628,,279015,3,,,1,301,,279016,3,,,1,109,,279017,3,,,1,101,,279018,3,,,1,188,,279019,3,,,1
3700,'20261007',550,,279020,3,0,7 81 82,1,156,,279021,3,0,7 81 82,1,628,,279022,3,,,1,301,,279023,3,,,1,109,,279024,3,,,1,101,,279025,3,,,1,188,,279026,3,,,1
3700,'20261008',550,,279027,3,0,7 81 82,1,156,,279028,3,0,7 81 82,1,628,,279029,3,,,1,301,,279030,3,,,1,109,,279031,3,,,1,101,,279032,3,,,1,188,,279033,3,,,1
3700,'20261009',550,,279034,3,0,7 81 82,1,156,,279035,3,0,7 81 82,1,628,,279036,3,,,1,301,,279037,3,,,1,109,,279038,3,,,1,101,,279039,3,,,1,188,,279040,3,,,1
3700,'20261013',550,,279041,3,0,7 81 82,1,156,,279042,3,0,7 81 82,1,628,,279043,3,,,1,301,,279044,3,,,1,109,,279045,3,,,1,101,,279046,3,,,1,188,,279047,3,,,1
3700,'20261014',550,,279048,3,0,7 81 82,1,156,,279049,3,0,7 81 82,1,628,,279050,3,,,1,301,,279051,3,,,1,109,,279052,3,,,1,101,,279053,3,,,1,188,,279054,3,,,1
3700,'20261015',550,,279055,3,0,7 81 82,1,156,,279056,3,0,7 81 82,1,628,,279057,3,,,1,301,,279058,3,,,1,109,,279059,3,,,1,101,,279060,3,,,1,188,,279061,3,,,1
3700,'20261016',550,,279062,3,0,7 81 82,1,156,,279063,3,0,7 81 82,1,628,,279064,3,,,1,301,,279065,3,,,1,109,,279066,3,,,1,101,,279067,3,,,1,188,,279068,3,,,1
3700,'20261019',550,,279069,3,0,7 81 82,1,156,,279070,3,0,7 81 82,1,628,,279071,3,,,1,301,,279072,3,,,1,109,,279073,3,,,1,101,,279074,3,,,1,188,,279075,3,,,1
3700,'20261020',550,,279076,3,0,7 81 82,1,156,,279077,3,0,7 81 82,1,628,,279078,3,,,1,301,,279079,3,,,1,109,,279080,3,,,1,101,,279081,3,,,1,188,,279082,3,,,1
3700,'20261021',550,,279083,3,0,7 81 82,1,156,,279084,3,0,7 81 82,1,628,,279085,3,,,1,301,,279086,3,,,1,109,,279087,3,,,1,101,,279088,3,,,1,188,,279089,3,,,1
3700,'20261022',550,,279090,3,0,7 81 82,1,156,,279091,3,0,7 81 82,1,628,,279092,3,,,1,301,,279093,3,,,1,109,,279094,3,,,1,101,,279095,3,,,1,188,,279096,3,,,1
3700,'20261023',550,,279097,3,0,7 81 82,1,156,,279098,3,0,7 81 82,1,628,,279099,3,,,1,301,,279100,3,,,1,109,,279101,3,,,1,101,,279102,3,,,1,188,,279103,3,,,1
3700,'20261026',550,,279104,3,0,7 81 82,1,156,,279105,3,0,7 81 82,1,628,,279106,3,,,1,301,,279107,3,,,1,109,,279108,3,,,1,101,,279109,3,,,1,188,,279110,3,,,1
3700,'20261027',550,,279111,3,0,7 81 82,1,156,,279112,3,0,7 81 82,1,628,,279113,3,,,1,301,,279114,3,,,1,109,,279115,3,,,1,101,,279116,3,,,1,188,,279117,3,,,1
3700,'20261028',550,,279118,3,0,7 81 82,1,156,,279119,3,0,7 81 82,1,628,,279120,3,,,1,301,,279121,3,,,1,109,,279122,3,,,1,101,,279123,3,,,1,188,,279124,3,,,1
3700,'20261029',550,,279125,3,0,7 81 82,1,156,,279126,3,0,7 81 82,1,628,,279127,3,,,1,301,,279128,3,,,1,109,,279129,3,,,1,101,,279130,3,,,1,188,,279131,3,,,1
3700,'20261030',550,,279132,3,0,7 81 82,1,156,,279133,3,0,7 81 82,1,628,,279134,3,,,1,301,,279135,3,,,1,109,,279136,3,,,1,101,,279137,3,,,1,188,,279138,3,,,1
3700,'20261102',550,,279139,3,0,7 81 82,1,156,,279140,3,0,7 81 82,1,628,,279141,3,,,1,301,,279142,3,,,1,109,,279143,3,,,1,101,,279144,3,,,1,188,,279145,3,,,1
3700,'20261103',550,,279146,3,0,7 81 82,1,156,,279147,3,0,7 81 82,1,628,,279148,3,,,1,301,,279149,3,,,1,109,,279150,3,,,1,101,,279151,3,,,1,188,,279152,3,,,1
3700,'20261104',550,,279153,3,0,7 81 82,1,156,,279154,3,0,7 81 82,1,628,,279155,3,,,1,301,,279156,3,,,1,109,,279157,3,,,1,101,,279158,3,,,1,188,,279159,3,,,1
3700,'20261105',550,,279160,3,0,7 81 82,1,156,,279161,3,0,7 81 82,1,628,,279162,3,,,1,301,,279163,3,,,1,109,,279164,3,,,1,101,,279165,3,,,1,188,,279166,3,,,1
3700,'20261106',550,,279167,3,0,7 81 82,1,156,,279168,3,0,7 81 82,1,628,,279169,3,,,1,301,,279170,3,,,1,109,,279171,3,,,1,101,,279172,3,,,1,188,,279173,3,,,1
3700,'20261109',550,,279174,3,0,7 81 82,1,156,,279175,3,0,7 81 82,1,628,,279176,3,,,1,301,,279177,3,,,1,109,,279178,3,,,1,101,,279179,3,,,1,188,,279180,3,,,1
3700,'20261110',550,,279181,3,0,7 81 82,1,156,,279182,3,0,7 81 82,1,628,,279183,3,,,1,301,,279184,3,,,1,109,,279185,3,,,1,101,,279186,3,,,1,188,,279187,3,,,1
3700,'20261111',550,,279188,3,0,7 81 82,1,156,,279189,3,0,7 81 82,1,628,,279190,3,,,1,301,,279191,3,,,1,109,,279192,3,,,1,101,,279193,3,,,1,188,,279194,3,,,1
3700,'20261112',550,,279195,3,0,7 81 82,1,156,,279196,3,0,7 81 82,1,628,,279197,3,,,1,301,,279198,3,,,1,109,,279199,3,,,1,101,,279200,3,,,1,188,,279201,3,,,1
3700,'20261113',550,,279202,3,0,7 81 82,1,156,,279203,3,0,7 81 82,1,628,,279204,3,,,1,301,,279205,3,,,1,109,,279206,3,,,1,101,,279207,3,,,1,188,,279208,3,,,1
3700,'20261116',550,,279209,3,0,7 81 82,1,156,,279210,3,0,7 81 82,1,628,,279211,3,,,1,301,,279212,3,,,1,109,,279213,3,,,1,101,,279214,3,,,1,188,,279215,3,,,1
3700,'20261117',550,,279216,3,0,7 81 82,1,156,,279217,3,0,7 81 82,1,628,,279218,3,,,1,301,,279219,3,,,1,109,,279220,3,,,1,101,,279221,3,,,1,188,,279222,3,,,1
3700,'20261118',550,,279223,3,0,7 81 82,1,156,,279224,3,0,7 81 82,1,628,,279225,3,,,1,301,,279226,3,,,1,109,,279227,3,,,1,101,,279228,3,,,1,188,,279229,3,,,1
3700,'20261119',550,,279230,3,0,7 81 82,1,156,,279231,3,0,7 81 82,1,628,,279232,3,,,1,301,,279233,3,,,1,109,,279234,3,,,1,101,,279235,3,,,1,188,,279236,3,,,1
3700,'20261120',550,,279237,3,0,7 81 82,1,156,,279238,3,0,7 81 82,1,628,,279239,3,,,1,301,,279240,3,,,1,109,,279241,3,,,1,101,,279242,3,,,1,188,,279243,3,,,1
3700,'20261123',550,,279244,3,0,7 81 82,1,156,,279245,3,0,7 81 82,1,628,,279246,3,,,1,301,,279247,3,,,1,109,,279248,3,,,1,101,,279249,3,,,1,188,,279250,3,,,1
3700,'20261124',550,,279251,3,0,7 81 82,1,156,,279252,3,0,7 81 82,1,628,,279253,3,,,1,301,,279254,3,,,1,109,,279255,3,,,1,101,,279256,3,,,1,188,,279257,3,,,1
3700,'20261125',550,,279258,3,0,7 81 82,1,156,,279259,3,0,7 81 82,1,628,,279260,3,,,1,301,,279261,3,,,1,109,,279262,3,,,1,101,,279263,3,,,1,188,,279264,3,,,1
3700,'20261126',550,,279265,3,0,7 81 82,1,156,,279266,3,0,7 81 82,1,628,,279267,3,,,1,301,,279268,3,,,1,109,,279269,3,,,1,101,,279270,3,,,1,188,,279271,3,,,1
3700,'20261127',550,,279272,3,0,7 81 82,1,156,,279273,3,0,7 81 82,1,628,,279274,3,,,1,301,,279275,3,,,1,109,,279276,3,,,1,101,,279277,3,,,1,188,,279278,3,,,1
