7000,'20261005',1149,,317057,27,4,,1,200,,317058,27,4,,1,202,,317059,27,4,,1,260,,317060,12,4,,1,193,,317061,27,4,,1,40,,317062,27,4,,1,96,,317063,12,4,,1,271,,317064,12,4,,1
7000,'20261006',1149,,317065,27,4,,1,200,,317066,27,4,,1,202,,317067,27,4,,1,260,,317068,12,4,,1,193,,317069,27,4,,1,40,,317070,27,4,,1,96,,317071,12,4,,1,271,,317072,12,4,,1
7000,'20261007',1149,,317073,27,4,,1,200,,317074,27,4,,1,202,,317075,27,4,,1,260,,317076,12,4,,1,193,,317077,27,4,,1,40,,317078,27,4,,1,96,,317079,12,4,,1,271,,317080,12,4,,1
7000,'20261008',1149,,317081,27,4,,1,200,,317082,27,4,,1,202,,317083,27,4,,1,260,,317084,12,4,,1,193,,317085,27,4,,1,40,,317086,27,4,,1,96,,317087,12,4,,1,271,,317088,12,4,,1
7000,'20261009',1149,,317089,27,4,,1,200,,317090,27,4,,1,202,,317091,27,4,,1,260,,317092,12,4,,1,193,,317093,27,4,,1,40,,317094,27,4,,1,96,,317095,12,4,,1,271,,317096,12,4,,1
7000,'20261013',1149,,317097,27,4,,1,200,,317098,27,4,,1,202,,317099,27,4,,1,260,,317100,12,4,,1,193,,317101,27,4,,1,40,,317102,27,4,,1,96,,317103,12,4,,1,271,,317104,12,4,,1
7000,'20261014',1149,,317105,27,4,,1,200,,317106,27,4,,1,202,,317107,27,4,,1,260,,317108,12,4,,1,193,,317109,27,4,,1,40,,317110,27,4,,1,96,,317111,12,4,,1,271,,317112,12,4,,1
7000,'20261015',1149,,317113,27,4,,1,200,,317114,27,4,,1,202,,317115,27,4,,1,260,,317116,12,4,,1,193,,317117,27,4,,1,40,,317118,27,4,,1,96,,317119,12,4,,1,271,,317120,12,4,,1
7000,'20261016',1149,,317121,27,4,,1,200,,317122,27,4,,1,202,,317123,27,4,,1,260,,317124,12,4,,1,193,,317125,27,4,,1,40,,317126,27,4,,1,96,,317127,12,4,,1,271,,317128,12,4,,1
7000,'20261019',1149,,317129,27,4,,1,200,,317130,27,4,,1,202,,317131,27,4,,1,260,,317132,12,4,,1,193,,317133,27,4,,1,40,,317134,27,4,,1,96,,317135,12,4,,1,271,,317136,12,4,,1
7000,'20261020',1149,,317137,27,4,,1,200,,317138,27,4,,1,202,,317139,27,4,,1,260,,317140,12,4,,1,193,,317141,27,4,,1,40,,317142,27,4,,1,96,,317143,12,4,,1,271,,317144,12,4,,1
7000,'20261021',1149,,317145,27,4,,1,200,,317146,27,4,,1,202,,317147,27,4,,1,260,,317148,12,4,,1,193,,317149,27,4,,1,40,,317150,27,4,,1,96,,317151,12,4,,1,271,,317152,12,4,,1
7000,'20261022',1149,,317153,27,4,,1,200,,317154,27,4,,1,202,,317155,27,4,,1,260,,317156,12,4,,1,193,,317157,27,4,,1,40,,317158,27,4,,1,96,,317159,12,4,,1,271,,317160,12,4,,1
7000,'20261023',1149,,317161,27,4,,1,200,,317162,27,4,,1,202,,317163,27,4,,1,260,,317164,12,4,,1,193,,317165,27,4,,1,40,,317166,27,4,,1,96,,317167,12,4,,1,271,,317168,12,4,,1
7000,'20261026',1149,,317169,27,4,,1,200,,317170,27,4,,1,202,,317171,27,4,,1,260,,317172,12,4,,1,193,,317173,27,4,,1,40,,317174,27,4,,1,96,,317175,12,4,,1,271,,317176,12,4,,1
7000,'20261027',1149,,317177,27,4,,1,200,,317178,27,4,,1,202,,317179,27,4,,1,260,,317180,12,4,,1,193,,317181,27,4,,1,40,,317182,27,4,,1,96,,317183,12,4,,1,271,,317184,12,4,,1
7000,'20261028',1149,,317185,27,4,,1,200,,317186,27,4,,1,202,,317187,27,4,,1,260,,317188,12,4,,1,193,,317189,27,4,,1,40,,317190,27,4,,1,96,,317191,12,4,,1,271,,317192,12,4,,1
7000,'20261029',1149,,317193,27,4,,1,200,,317194,27,4,,1,202,,317195,27,4,,1,260,,317196,12,4,,1,193,,317197,27,4,,1,40,,317198,27,4,,1,96,,317199,12,4,,1,271,,317200,12,4,,1
7000,'20261030',1149,,317201,27,4,,1,200,,317202,27,4,,1,202,,317203,27,4,,1,260,,317204,12,4,,1,193,,317205,27,4,,1,40,,317206,27,4,,1,96,,317207,12,4,,1,271,,317208,12,4,,1
7000,'20261102',1149,,317209,27,4,,1,200,,317210,27,4,,1,202,,317211,27,4,,1,260,,317212,12,4,,1,193,,317213,27,4,,1,40,,317214,27,4,,1,96,,317215,12,4,,1,271,,317216,12,4,,1
7000,'20261103',1149,,317217,27,4,,1,200,,317218,27,4,,1,202,,317219,27,4,,1,260,,317220,12,4,,1,193,,317221,27,4,,1,40,,317222,27,4,,1,96,,317223,12,4,,1,271,,317224,12,4,,1
7000,'20261104',1149,,317225,27,4,,1,200,,317226,27,4,,1,202,,317227,27,4,,1,260,,317228,12,4,,1,193,,317229,27,4,,1,40,,317230,27,4,,1,96,,317231,12,4,,1,271,,317232,12,4,,1
7000,'20261105',1149,,317233,27,4,,1,200,,317234,27,4,,1,202,,317235,27,4,,1,260,,317236,12,4,,1,193,,317237,27,4,,1,40,,317238,27,4,,1,96,,317239,12,4,,1,271,,317240,12,4,,1
7000,'20261106',1149,,317241,27,4,,1,200,,317242,27,4,,1,202,,317243,27,4,,1,260,,317244,12,4,,1,193,,317245,27,4,,1,40,,317246,27,4,,1,96,,317247,12,4,,1,271,,317248,12,4,,1
7000,'20261109',1149,,317249,27,4,,1,200,,317250,27,4,,1,202,,317251,27,4,,1,260,,317252,12,4,,1,193,,317253,27,4,,1,40,,317254,27,4,,1,96,,317255,12,4,,1,271,,317256,12,4,,1
7000,'20261110',1149,,317257,27,4,,1,200,,317258,27,4,,1,202,,317259,27,4,,1,260,,317260,12,4,,1,193,,317261,27,4,,1,40,,317262,27,4,,1,96,,317263,12,4,,1,271,,317264,12,4,,1
7000,'20261111',1149,,317265,27,4,,1,200,,317266,27,4,,1,202,,317267,27,4,,1,260,,317268,12,4,,1,193,,317269,27,4,,1,40,,317270,27,4,,1,96,,317271,12,4,,1,271,,317272,12,4,,1
7000,'20261112',1149,,317273,27,4,,1,200,,317274,27,4,,1,202,,317275,27,4,,1,260,,317276,12,4,,1,193,,317277,27,4,,1,40,,317278,27,4,,1,96,,317279,12,4,,1,271,,317280,12,4,,1
7000,'20261113',1149,,317281,27,4,,1,200,,317282,27,4,,1,202,,317283,27,4,,1,260,,317284,12,4,,1,193,,317285,27,4,,1,40,,317286,27,4,,1,96,,317287,12,4,,1,271,,317288,12,4,,1
7000,'20261116',1149,,317289,27,4,,1,200,,317290,27,4,,1,202,,317291,27,4,,1,260,,317292,12,4,,1,193,,317293,27,4,,1,40,,317294,27,4,,1,96,,317295,12,4,,1,271,,317296,12,4,,1
7000,'20261117',1149,,317297,27,4,,1,200,,317298,27,4,,1,202,,317299,27,4,,1,260,,317300,12,4,,1,193,,317301,27,4,,1,40,,317302,27,4,,1,96,,317303,12,4,,1,271,,317304,12,4,,1
7000,'20261118',1149,,317305,27,4,,1,200,,317306,27,4,,1,202,,317307,27,4,,1,260,,317308,12,4,,1,193,,317309,27,4,,1,40,,317310,27,4,,1,96,,317311,12,4,,1,271,,317312,12,4,,1
7000,'20261119',1149,,317313,27,4,,1,200,,317314,27,4,,1,202,,317315,27,4,,1,260,,317316,12,4,,1,193,,317317,27,4,,1,40,,317318,27,4,,1,96,,317319,12,4,,1,271,,317320,12,4,,1
7000,'20261120',1149,,317321,27,4,,1,200,,317322,27,4,,1,202,,317323,27,4,,1,260,,317324,12,4,,1,193,,317325,27,4,,1,40,,317326,27,4,,1,96,,317327,12,4,,1,271,,317328,12,4,,1
7000,'20261123',1149,,317329,27,4,,1,200,,317330,27,4,,1,202,,317331,27,4,,1,260,,317332,12,4,,1,193,,317333,27,4,,1,40,,317334,27,4,,1,96,,317335,12,4,,1,271,,317336,12,4,,1
7000,'20261124',1149,,317337,27,4,,1,200,,317338,27,4,,1,202,,317339,27,4,,1,260,,317340,12,4,,1,193,,317341,27,4,,1,40,,317342,27,4,,1,96,,317343,12,4,,1,271,,317344,12,4,,1
7000,'20261125',1149,,317345,27,4,,1,200,,317346,27,4,,1,202,,317347,27,4,,1,260,,317348,12,4,,1,193,,317349,27,4,,1,40,,317350,27,4,,1,96,,317351,12,4,,1,271,,317352,12,4,,1
7000,'20261126',1149,,317353,27,4,,1,200,,317354,27,4,,1,202,,317355,27,4,,1,260,,317356,12,4,,1,193,,317357,27,4,,1,40,,317358,27,4,,1,96,,317359,12,4,,1,271,,317360,12,4,,1
7000,'20261127',1149,,317361,27,4,,1,200,,317362,27,4,,1,202,,317363,27,4,,1,260,,317364,12,4,,1,193,,317365,27,4,,1,40,,317366,27,4,,1,96,,317367,12,4,,1,271,,317368,12,4,,1
7001,'20261005',630,,317531,1,0,5 32 33 9,1,203,,317532,1,0,5 32 33 9,1,195,,317533,1,0,34 14 36 9,1,200,,317534,1,0,34 14 36 9,1,200,,317535,1,0,34 14 36 9,1,177,,317536,1,,,1,223,,317537,1,0,34 14 36 9,1
7001,'20261006',630,,317538,1,0,5 32 33 9,1,203,,317539,1,0,5 32 33 9,1,195,,317540,1,0,34 14 36 9,1,200,,317541,1,0,34 14 36 9,1,200,,317542,1,0,34 14 36 9,1,177,,317543,1,,,1,223,,317544,1,0,34 14 36 9,1
7001,'20261007',630,,317545,1,0,5 32 33 9,1,203,,317546,1,0,5 32 33 9,1,195,,317547,1,0,34 14 36 9,1,200,,317548,1,0,34 14 36 9,1,200,,317549,1,0,34 14 36 9,1,177,,317550,1,,,1,223,,317551,1,0,34 14 36 9,1
7001,'20261008',630,,317552,1,0,5 32 33 9,1,203,,317553,1,0,5 32 33 9,1,195,,317554,1,0,34 14 36 9,1,200,,317555,1,0,34 14 36 9,1,200,,317556,1,0,34 14 36 9,1,177,,317557,1,,,1,223,,317558,1,0,34 14 36 9,1
7001,'20261009',630,,317559,1,0,5 32 33 9,1,203,,317560,1,0,5 32 33 9,1,195,,317561,1,0,34 14 36 9,1,200,,317562,1,0,34 14 36 9,1,200,,317563,1,0,34 14 36 9,1,177,,317564,1,,,1,223,,317565,1,0,34 14 36 9,1
7001,'20261010',927,,317566,1,0,34 14 36 9,1
7001,'20261011',927,,317567,1,0,34 14 36 9,1
7001,'20261012',927,,317568,1,0,34 14 36 9,1
7001,'20261013',630,,317569,1,0,5 32 33 9,1,203,,317570,1,0,5 32 33 9,1,195,,317571,1,0,34 14 36 9,1,200,,317572,1,0,34 14 36 9,1,200,,317573,1,0,34 14 36 9,1,177,,317574,1,,,1,223,,317575,1,0,34 14 36 9,1
7001,'20261014',630,,317576,1,0,5 32 33 9,1,203,,317577,1,0,5 32 33 9,1,195,,317578,1,0,34 14 36 9,1,200,,317579,1,0,34 14 36 9,1,200,,317580,1,0,34 14 36 9,1,177,,317581,1,,,1,223,,317582,1,0,34 14 36 9,1
7001,'20261015',630,,317583,1,0,5 32 33 9,1,203,,317584,1,0,5 32 33 9,1,195,,317585,1,0,34 14 36 9,1,200,,317586,1,0,34 14 36 9,1,200,,317587,1,0,34 14 36 9,1,177,,317588,1,,,1,223,,317589,1,0,34 14 36 9,1
7001,'20261016',630,,317590,1,0,5 32 33 9,1,203,,317591,1,0,5 32 33 9,1,195,,317592,1,0,34 14 36 9,1,200,,317593,1,0,34 14 36 9,1,200,,317594,1,0,34 14 36 9,1,177,,317595,1,,,1,223,,317596,1,0,34 14 36 9,1
7001,'20261017',927,,317597,1,0,34 14 36 9,1
7001,'20261018',927,,317598,1,0,34 14 36 9,1
7001,'20261019',630,,317599,1,0,5 32 33 9,1,203,,317600,1,0,5 32 33 9,1,195,,317601,1,0,34 14 36 9,1,200,,317602,1,0,34 14 36 9,1,200,,317603,1,0,34 14 36 9,1,177,,317604,1,,,1,223,,317605,1,0,34 14 36 9,1
7001,'20261020',630,,317606,1,0,5 32 33 9,1,203,,317607,1,0,5 32 33 9,1,195,,317608,1,0,34 14 36 9,1,200,,317609,1,0,34 14 36 9,1,200,,317610,1,0,34 14 36 9,1,177,,317611,1,,,1,223,,317612,1,0,34 14 36 9,1
7001,'20261021',630,,317613,1,0,5 32 33 9,1,203,,317614,1,0,5 32 33 9,1,195,,317615,1,0,34 14 36 9,1,200,,317616,1,0,34 14 36 9,1,200,,317617,1,0,34 14 36 9,1,177,,317618,1,,,1,223,,317619,1,0,34 14 36 9,1
7001,'20261022',630,,317620,1,0,5 32 33 9,1,203,,317621,1,0,5 32 33 9,1,195,,317622,1,0,34 14 36 9,1,200,,317623,1,0,34 14 36 9,1,200,,317624,1,0,34 14 36 9,1,177,,317625,1,,,1,223,,317626,1,0,34 14 36 9,1
7001,'20261023',630,,317627,1,0,5 32 33 9,1,203,,317628,1,0,5 32 33 9,1,195,,317629,1,0,34 14 36 9,1,200,,317630,1,0,34 14 36 9,1,200,,317631,1,0,34 14 36 9,1,177,,317632,1,,,1,223,,317633,1,0,34 14 36 9,1
7001,'20261024',927,,317634,1,0,34 14 36 9,1
7001,'20261025',927,,317635,1,0,34 14 36 9,1
7001,'20261026',630,,317636,1,0,5 32 33 9,1,203,,317637,1,0,5 32 33 9,1,195,,317638,1,0,34 14 36 9,1,200,,317639,1,0,34 14 36 9,1,200,,317640,1,0,34 14 36 9,1,177,,317641,1,,,1,223,,317642,1,0,34 14 36 9,1
7001,'20261027',630,,317643,1,0,5 32 33 9,1,203,,317644,1,0,5 32 33 9,1,195,,317645,1,0,34 14 36 9,1,200,,317646,1,0,34 14 36 9,1,200,,317647,1,0,34 14 36 9,1,177,,317648,1,,,1,223,,317649,1,0,34 14 36 9,1
7001,'20261028',630,,317650,1,0,5 32 33 9,1,203,,317651,1,0,5 32 33 9,1,195,,317652,1,0,34 14 36 9,1,200,,317653,1,0,34 14 36 9,1,200,,317654,1,0,34 14 36 9,1,177,,317655,1,,,1,223,,317656,1,0,34 14 36 9,1
7001,'20261029',630,,317657,1,0,5 32 33 9,1,203,,317658,1,0,5 32 33 9,1,195,,317659,1,0,34 14 36 9,1,200,,317660,1,0,34 14 36 9,1,200,,317661,1,0,34 14 36 9,1,177,,317662,1,,,1,223,,317663,1,0,34 14 36 9,1
7001,'20261030',630,,317664,1,0,5 32 33 9,1,203,,317665,1,0,5 32 33 9,1,195,,317666,1,0,34 14 36 9,1,200,,317667,1,0,34 14 36 9,1,200,,317668,1,0,34 14 36 9,1,177,,317669,1,,,1,223,,317670,1,0,34 14 36 9,1
7001,'20261031',927,,317671,1,0,34 14 36 9,1
7001,'20261101',927,,317672,1,0,34 14 36 9,1
7001,'20261102',630,,317673,1,0,5 32 33 9,1,203,,317674,1,0,5 32 33 9,1,195,,317675,1,0,34 14 36 9,1,200,,317676,1,0,34 14 36 9,1,200,,317677,1,0,34 14 36 9,1,177,,317678,1,,,1,223,,317679,1,0,34 14 36 9,1
7001,'20261103',630,,317680,1,0,5 32 33 9,1,203,,317681,1,0,5 32 33 9,1,195,,317682,1,0,34 14 36 9,1,200,,317683,1,0,34 14 36 9,1,200,,317684,1,0,34 14 36 9,1,177,,317685,1,,,1,223,,317686,1,0,34 14 36 9,1
7001,'20261104',630,,317687,1,0,5 32 33 9,1,203,,317688,1,0,5 32 33 9,1,195,,317689,1,0,34 14 36 9,1,200,,317690,1,0,34 14 36 9,1,200,,317691,1,0,34 14 36 9,1,177,,317692,1,,,1,223,,317693,1,0,34 14 36 9,1
7001,'20261105',630,,317694,1,0,5 32 33 9,1,203,,317695,1,0,5 32 33 9,1,195,,317696,1,0,34 14 36 9,1,200,,317697,1,0,34 14 36 9,1,200,,317698,1,0,34 14 36 9,1,177,,317699,1,,,1,223,,317700,1,0,34 14 36 9,1
7001,'20261106',630,,317701,1,0,5 32 33 9,1,203,,317702,1,0,5 32 33 9,1,195,,317703,1,0,34 14 36 9,1,200,,317704,1,0,34 14 36 9,1,200,,317705,1,0,34 14 36 9,1,177,,317706,1,,,1,223,,317707,1,0,34 14 36 9,1
7001,'20261107',927,,317708,1,0,34 14 36 9,1
7001,'20261108',927,,317709,1,0,34 14 36 9,1
7001,'20261109',630,,317710,1,0,5 32 33 9,1,203,,317711,1,0,5 32 33 9,1,195,,317712,1,0,34 14 36 9,1,200,,317713,1,0,34 14 36 9,1,200,,317714,1,0,34 14 36 9,1,177,,317715,1,,,1,223,,317716,1,0,34 14 36 9,1
7001,'20261110',630,,317717,1,0,5 32 33 9,1,203,,317718,1,0,5 32 33 9,1,195,,317719,1,0,34 14 36 9,1,200,,317720,1,0,34 14 36 9,1,200,,317721,1,0,34 14 36 9,1,177,,317722,1,,,1,223,,317723,1,0,34 14 36 9,1
7001,'20261111',630,,317724,1,0,5 32 33 9,1,203,,317725,1,0,5 32 33 9,1,195,,317726,1,0,34 14 36 9,1,200,,317727,1,0,34 14 36 9,1,200,,317728,1,0,34 14 36 9,1,177,,317729,1,,,1,223,,317730,1,0,34 14 36 9,1
7001,'20261112',630,,317731,1,0,5 32 33 9,1,203,,317732,1,0,5 32 33 9,1,195,,317733,1,0,34 14 36 9,1,200,,317734,1,0,34 14 36 9,1,200,,317735,1,0,34 14 36 9,1,177,,317736,1,,,1,223,,317737,1,0,34 14 36 9,1
7001,'20261113',630,,317738,1,0,5 32 33 9,1,203,,317739,1,0,5 32 33 9,1,195,,317740,1,0,34 14 36 9,1,200,,317741,1,0,34 14 36 9,1,200,,317742,1,0,34 14 36 9,1,177,,317743,1,,,1,223,,317744,1,0,34 14 36 9,1
7001,'20261114',927,,317745,1,0,34 14 36 9,1
7001,'20261115',927,,317746,1,0,34 14 36 9,1
7001,'20261116',630,,317747,1,0,5 32 33 9,1,203,,317748,1,0,5 32 33 9,1,195,,317749,1,0,34 14 36 9,1,200,,317750,1,0,34 14 36 9,1,200,,317751,1,0,34 14 36 9,1,177,,317752,1,,,1,223,,317753,1,0,34 14 36 9,1
7001,'20261117',630,,317754,1,0,5 32 33 9,1,203,,317755,1,0,5 32 33 9,1,195,,317756,1,0,34 14 36 9,1,200,,317757,1,0,34 14 36 9,1,200,,317758,1,0,34 14 36 9,1,177,,317759,1,,,1,223,,317760,1,0,34 14 36 9,1
7001,'20261118',630,,317761,1,0,5 32 33 9,1,203,,317762,1,0,5 32 33 9,1,195,,317763,1,0,34 14 36 9,1,200,,317764,1,0,34 14 36 9,1,200,,317765,1,0,34 14 36 9,1,177,,317766,1,,,1,223,,317767,1,0,34 14 36 9,1
7001,'20261119',630,,317768,1,0,5 32 33 9,1,203,,317769,1,0,5 32 33 9,1,195,,317770,1,0,34 14 36 9,1,200,,317771,1,0,34 14 36 9,1,200,,317772,1,0,34 14 36 9,1,177,,317773,1,,,1,223,,317774,1,0,34 14 36 9,1
7001,'20261120',630,,317775,1,0,5 32 33 9,1,203,,317776,1,0,5 32 33 9,1,195,,317777,1,0,34 14 36 9,1,200,,317778,1,0,34 14 36 9,1,200,,317779,1,0,34 14 36 9,1,177,,317780,1,,,1,223,,317781,1,0,34 14 36 9,1
7001,'20261121',927,,317782,1,0,34 14 36 9,1
7001,'20261122',927,,317783,1,0,34 14 36 9,1
7001,'20261123',630,,317784,1,0,5 32 33 9,1,203,,317785,1,0,5 32 33 9,1,195,,317786,1,0,34 14 36 9,1,200,,317787,1,0,34 14 36 9,1,200,,317788,1,0,34 14 36 9,1,177,,317789,1,,,1,223,,317790,1,0,34 14 36 9,1
7001,'20261124',630,,317791,1,0,5 32 33 9,1,203,,317792,1,0,5 32 33 9,1,195,,317793,1,0,34 14 36 9,1,200,,317794,1,0,34 14 36 9,1,200,,317795,1,0,34 14 36 9,1,177,,317796,1,,,1,223,,317797,1,0,34 14 36 9,1
7001,'20261125',630,,317798,1,0,5 32 33 9,1,203,,317799,1,0,5 32 33 9,1,195,,317800,1,0,34 14 36 9,1,200,,317801,1,0,34 14 36 9,1,200,,317802,1,0,34 14 36 9,1,177,,317803,1,,,1,223,,317804,1,0,34 14 36 9,1
7001,'20261126',630,,317805,1,0,5 32 33 9,1,203,,317806,1,0,5 32 33 9,1,195,,317807,1,0,34 14 36 9,1,200,,317808,1,0,34 14 36 9,1,200,,317809,1,0,34 14 36 9,1,177,,317810,1,,,1,223,,317811,1,0,34 14 36 9,1
7001,'20261127',630,,317812,1,0,5 32 33 9,1,203,,317813,1,0,5 32 33 9,1,195,,317814,1,0,34 14 36 9,1,200,,317815,1,0,34 14 36 9,1,200,,317816,1,0,34 14 36 9,1,177,,317817,1,,,1,223,,317818,1,0,34 14 36 9,1
7100,'20261005',823,,318320,40,4,,1,120,,318321,40,4,,1
7100,'20261006',823,,318331,40,4,,1,120,,318332,40,4,,1
7100,'20261007',823,,318342,40,4,,1,120,,318343,40,4,,1
7100,'20261008',823,,318353,40,4,,1,120,,318354,40,4,,1
7100,'20261009',823,,318364,40,4,,1,120,,318365,40,4,,1
7100,'20261010',920,,318375,40,4,,1,118,,318377,40,4,,1,200,,318381,40,4,,1,205,,318386,40,4,,1,200,,318392,40,4,,1,200,,318396,40,4,,1,200,,318399,40,4,,1,195,,318402,40,4,,1,200,,318405,40,4,,1
7100,'20261011',920,,318410,40,4,,1,118,,318412,40,4,,1,200,,318416,40,4,,1,205,,318421,40,4,,1,200,,318427,40,4,,1,200,,318431,40,4,,1,200,,318434,40,4,,1,195,,318437,40,4,,1,200,,318440,40,4,,1
7100,'20261012',920,,318445,40,4,,1,118,,318447,40,4,,1,200,,318451,40,4,,1,205,,318456,40,4,,1,200,,318462,40,4,,1,200,,318466,40,4,,1,200,,318469,40,4,,1,195,,318472,40,4,,1,200,,318475,40,4,,1
7100,'20261013',823,,318480,40,4,,1,120,,318481,40,4,,1
7100,'20261014',823,,318491,40,4,,1,120,,318492,40,4,,1
7100,'20261015',823,,318502,40,4,,1,120,,318503,40,4,,1
7100,'20261016',823,,318513,40,4,,1,120,,318514,40,4,,1
7100,'20261017',920,,318524,40,4,,1,118,,318526,40,4,,1,200,,318530,40,4,,1,205,,318535,40,4,,1,200,,318541,40,4,,1,200,,318545,40,4,,1,200,,318548,40,4,,1,195,,318551,40,4,,1,200,,318554,40,4,,1
7100,'20261018',920,,318559,40,4,,1,118,,318561,40,4,,1,200,,318565,40,4,,1,205,,318570,40,4,,1,200,,318576,40,4,,1,200,,318580,40,4,,1,200,,318583,40,4,,1,195,,318586,40,4,,1,200,,318589,40,4,,1
7100,'20261019',823,,318594,40,4,,1,120,,318595,40,4,,1
7100,'20261020',823,,318605,40,4,,1,120,,318606,40,4,,1
7100,'20261021',823,,318616,40,4,,1,120,,318617,40,4,,1
7100,'20261022',823,,318627,40,4,,1,120,,318628,40,4,,1
7100,'20261023',823,,318638,40,4,,1,120,,318639,40,4,,1
7100,'20261024',920,,318649,40,4,,1,118,,318651,40,4,,1,200,,318655,40,4,,1,205,,318660,40,4,,1,200,,318666,40,4,,1,200,,318670,40,4,,1,200,,318673,40,4,,1,195,,318676,40,4,,1,200,,318679,40,4,,1
7100,'20261025',920,,318684,40,4,,1,118,,318686,40,4,,1,200,,318690,40,4,,1,205,,318695,40,4,,1,200,,318701,40,4,,1,200,,318705,40,4,,1,200,,318708,40,4,,1,195,,318711,40,4,,1,200,,318714,40,4,,1
7100,'20261026',823,,318719,40,4,,1,120,,318720,40,4,,1
7100,'20261027',823,,318730,40,4,,1,120,,318731,40,4,,1
7100,'20261028',823,,318741,40,4,,1,120,,318742,40,4,,1
7100,'20261029',823,,318752,40,4,,1,120,,318753,40,4,,1
7100,'20261030',823,,318763,40,4,,1,120,,318764,40,4,,1
7100,'20261031',920,,318774,40,4,,1,118,,318776,40,4,,1,200,,318780,40,4,,1,205,,318785,40,4,,1,200,,318791,40,4,,1,200,,318795,40,4,,1,200,,318798,40,4,,1,195,,318801,40,4,,1,200,,318804,40,4,,1
7100,'20261101',920,,318809,40,4,,1,118,,318811,40,4,,1,200,,318815,40,4,,1,205,,318820,40,4,,1,200,,318826,40,4,,1,200,,318830,40,4,,1,200,,318833,40,4,,1,195,,318836,40,4,,1,200,,318839,40,4,,1
7100,'20261102',823,,318844,40,4,,1,120,,318845,40,4,,1
7100,'20261103',823,,318855,40,4,,1,120,,318856,40,4,,1
7100,'20261104',823,,318866,40,4,,1,120,,318867,40,4,,1
7100,'20261105',823,,318877,40,4,,1,120,,318878,40,4,,1
7100,'20261106',823,,318888,40,4,,1,120,,318889,40,4,,1
7100,'20261107',920,,318899,40,4,,1,118,,318901,40,4,,1,200,,318905,40,4,,1,205,,318910,40,4,,1,200,,318916,40,4,,1,200,,318920,40,4,,1,200,,318923,40,4,,1,195,,318926,40,4,,1,200,,318929,40,4,,1
7100,'20261108',920,,318934,40,4,,1,118,,318936,40,4,,1,200,,318940,40,4,,1,205,,318945,40,4,,1,200,,318951,40,4,,1,200,,318955,40,4,,1,200,,318958,40,4,,1,195,,318961,40,4,,1,200,,318964,40,4,,1
7100,'20261109',823,,318969,40,4,,1,120,,318970,40,4,,1
7100,'20261110',823,,318980,40,4,,1,120,,318981,40,4,,1
7100,'20261111',823,,318991,40,4,,1,120,,318992,40,4,,1
7100,'20261112',823,,319002,40,4,,1,120,,319003,40,4,,1
7100,'20261113',823,,319013,40,4,,1,120,,319014,40,4,,1
7100,'20261114',920,,319024,40,4,,1,118,,319026,40,4,,1,200,,319030,40,4,,1,205,,319035,40,4,,1,200,,319041,40,4,,1,200,,319045,40,4,,1,200,,319048,40,4,,1,195,,319051,40,4,,1,200,,319054,40,4,,1
7100,'20261115',920,,319059,40,4,,1,118,,319061,40,4,,1,200,,319065,40,4,,1,205,,319070,40,4,,1,200,,319076,40,4,,1,200,,319080,40,4,,1,200,,319083,40,4,,1,195,,319086,40,4,,1,200,,319089,40,4,,1
7100,'20261116',823,,319094,40,4,,1,120,,319095,40,4,,1
7100,'20261117',823,,319105,40,4,,1,120,,319106,40,4,,1
7100,'20261118',823,,319116,40,4,,1,120,,319117,40,4,,1
7100,'20261119',823,,319127,40,4,,1,120,,319128,40,4,,1
7100,'20261120',823,,319138,40,4,,1,120,,319139,40,4,,1
7100,'20261121',920,,319149,40,4,,1,118,,319151,40,4,,1,200,,319155,40,4,,1,205,,319160,40,4,,1,200,,319166,40,4,,1,200,,319170,40,4,,1,200,,319173,40,4,,1,195,,319176,40,4,,1,200,,319179,40,4,,1
7100,'20261122',920,,319184,40,4,,1,118,,319186,40,4,,1,200,,319190,40,4,,1,205,,319195,40,4,,1,200,,319201,40,4,,1,200,,319205,40,4,,1,200,,319208,40,4,,1,195,,319211,40,4,,1,200,,319214,40,4,,1
7100,'20261123',823,,319219,40,4,,1,120,,319220,40,4,,1
7100,'20261124',823,,319230,40,4,,1,120,,319231,40,4,,1
7100,'20261125',823,,319241,40,4,,1,120,,319242,40,4,,1
7100,'20261126',823,,319252,40,4,,1,120,,319253,40,4,,1
7100,'20261127',823,,319263,40,4,,1,120,,319264,40,4,,1
7101,'20261005',420,,319678,1,,,1,1315,,319681,1,,,1,320,,319682,1,,,1,190,,319683,1,,,1
7101,'20261006',420,,319686,1,,,1,1315,,319689,1,,,1,320,,319690,1,,,1,190,,319691,1,,,1
7101,'20261007',420,,319694,1,,,1,1315,,319697,1,,,1,320,,319698,1,,,1,190,,319699,1,,,1
7101,'20261008',420,,319702,1,,,1,1315,,319705,1,,,1,320,,319706,1,,,1,190,,319707,1,,,1
7101,'20261009',420,,319710,1,,,1,1315,,319713,1,,,1,320,,319714,1,,,1,190,,319715,1,,,1
7101,'20261010',545,,319718,1,,,1,195,,319722,1,,,1,390,,319733,1,,,1,200,,319739,1,,,1,200,,319741,1,,,1,205,,319743,1,,,1,200,,319744,1,,,1,195,,319745,1,,,1
7101,'20261011',545,,319748,1,,,1,195,,319752,1,,,1,390,,319763,1,,,1,200,,319769,1,,,1,200,,319771,1,,,1,205,,319773,1,,,1,200,,319774,1,,,1,195,,319775,1,,,1
7101,'20261012',545,,319778,1,,,1,195,,319782,1,,,1,390,,319793,1,,,1,200,,319799,1,,,1,200,,319801,1,,,1,205,,319803,1,,,1,200,,319804,1,,,1,195,,319805,1,,,1
7101,'20261013',420,,319808,1,,,1,1315,,319811,1,,,1,320,,319812,1,,,1,190,,319813,1,,,1
7101,'20261014',420,,319816,1,,,1,1315,,319819,1,,,1,320,,319820,1,,,1,190,,319821,1,,,1
7101,'20261015',420,,319824,1,,,1,1315,,319827,1,,,1,320,,319828,1,,,1,190,,319829,1,,,1
7101,'20261016',420,,319832,1,,,1,1315,,319835,1,,,1,320,,319836,1,,,1,190,,319837,1,,,1
7101,'20261017',545,,319840,1,,,1,195,,319844,1,,,1,390,,319855,1,,,1,200,,319861,1,,,1,200,,319863,1,,,1,205,,319865,1,,,1,200,,319866,1,,,1,195,,319867,1,,,1
7101,'20261018',545,,319870,1,,,1,195,,319874,1,,,1,390,,319885,1,,,1,200,,319891,1,,,1,200,,319893,1,,,1,205,,319895,1,,,1,200,,319896,1,,,1,195,,319897,1,,,1
7101,'20261019',420,,319900,1,,,1,1315,,319903,1,,,1,320,,319904,1,,,1,190,,319905,1,,,1
7101,'20261020',420,,319908,1,,,1,1315,,319911,1,,,1,320,,319912,1,,,1,190,,319913,1,,,1
7101,'20261021',420,,319916,1,,,1,1315,,319919,1,,,1,320,,319920,1,,,1,190,,319921,1,,,1
7101,'20261022',420,,319924,1,,,1,1315,,319927,1,,,1,320,,319928,1,,,1,190,,319929,1,,,1
7101,'20261023',420,,319932,1,,,1,1315,,319935,1,,,1,320,,319936,1,,,1,190,,319937,1,,,1
7101,'20261024',545,,319940,1,,,1,195,,319944,1,,,1,390,,319955,1,,,1,200,,319961,1,,,1,200,,319963,1,,,1,205,,319965,1,,,1,200,,319966,1,,,1,195,,319967,1,,,1
7101,'20261025',545,,319970,1,,,1,195,,319974,1,,,1,390,,319985,1,,,1,200,,319991,1,,,1,200,,319993,1,,,1,205,,319995,1,,,1,200,,319996,1,,,1,195,,319997,1,,,1
7101,'20261026',420,,320000,1,,,1,1315,,320003,1,,,1,320,,320004,1,,,1,190,,320005,1,,,1
7101,'20261027',420,,320008,1,,,1,1315,,320011,1,,,1,320,,320012,1,,,1,190,,320013,1,,,1
7101,'20261028',420,,320016,1,,,1,1315,,320019,1,,,1,320,,320020,1,,,1,190,,320021,1,,,1
7101,'20261029',420,,320024,1,,,1,1315,,320027,1,,,1,320,,320028,1,,,1,190,,320029,1,,,1
7101,'20261030',420,,320032,1,,,1,1315,,320035,1,,,1,320,,320036,1,,,1,190,,320037,1,,,1
7101,'20261031',545,,320040,1,,,1,195,,320044,1,,,1,390,,320055,1,,,1,200,,320061,1,,,1,200,,320063,1,,,1,205,,320065,1,,,1,200,,320066,1,,,1,195,,320067,1,,,1
7101,'20261101',545,,320070,1,,,1,195,,320074,1,,,1,390,,320085,1,,,1,200,,320091,1,,,1,200,,320093,1,,,1,205,,320095,1,,,1,200,,320096,1,,,1,195,,320097,1,,,1
7101,'20261102',420,,320100,1,,,1,1315,,320103,1,,,1,320,,320104,1,,,1,190,,320105,1,,,1
7101,'20261103',420,,320108,1,,,1,1315,,320111,1,,,1,320,,320112,1,,,1,190,,320113,1,,,1
7101,'20261104',420,,320116,1,,,1,1315,,320119,1,,,1,320,,320120,1,,,1,190,,320121,1,,,1
7101,'20261105',420,,320124,1,,,1,1315,,320127,1,,,1,320,,320128,1,,,1,190,,320129,1,,,1
7101,'20261106',420,,320132,1,,,1,1315,,320135,1,,,1,320,,320136,1,,,1,190,,320137,1,,,1
7101,'20261107',545,,320140,1,,,1,195,,320144,1,,,1,390,,320155,1,,,1,200,,320161,1,,,1,200,,320163,1,,,1,205,,320165,1,,,1,200,,320166,1,,,1,195,,320167,1,,,1
7101,'20261108',545,,320170,1,,,1,195,,320174,1,,,1,390,,320185,1,,,1,200,,320191,1,,,1,200,,320193,1,,,1,205,,320195,1,,,1,200,,320196,1,,,1,195,,320197,1,,,1
7101,'20261109',420,,320200,1,,,1,1315,,320203,1,,,1,320,,320204,1,,,1,190,,320205,1,,,1
7101,'20261110',420,,320208,1,,,1,1315,,320211,1,,,1,320,,320212,1,,,1,190,,320213,1,,,1
7101,'20261111',420,,320216,1,,,1,1315,,320219,1,,,1,320,,320220,1,,,1,190,,320221,1,,,1
7101,'20261112',420,,320224,1,,,1,1315,,320227,1,,,1,320,,320228,1,,,1,190,,320229,1,,,1
7101,'20261113',420,,320232,1,,,1,1315,,320235,1,,,1,320,,320236,1,,,1,190,,320237,1,,,1
7101,'20261114',545,,320240,1,,,1,195,,320244,1,,,1,390,,320255,1,,,1,200,,320261,1,,,1,200,,320263,1,,,1,205,,320265,1,,,1,200,,320266,1,,,1,195,,320267,1,,,1
7101,'20261115',545,,320270,1,,,1,195,,320274,1,,,1,390,,320285,1,,,1,200,,320291,1,,,1,200,,320293,1,,,1,205,,320295,1,,,1,200,,320296,1,,,1,195,,320297,1,,,1
7101,'20261116',420,,320300,1,,,1,1315,,320303,1,,,1,320,,320304,1,,,1,190,,320305,1,,,1
7101,'20261117',420,,320308,1,,,1,1315,,320311,1,,,1,320,,320312,1,,,1,190,,320313,1,,,1
7101,'20261118',420,,320316,1,,,1,1315,,320319,1,,,1,320,,320320,1,,,1,190,,320321,1,,,1
7101,'20261119',420,,320324,1,,,1,1315,,320327,1,,,1,320,,320328,1,,,1,190,,320329,1,,,1
7101,'20261120',420,,320332,1,,,1,1315,,320335,1,,,1,320,,320336,1,,,1,190,,320337,1,,,1
7101,'20261121',545,,320340,1,,,1,195,,320344,1,,,1,390,,320355,1,,,1,200,,320361,1,,,1,200,,320363,1,,,1,205,,320365,1,,,1,200,,320366,1,,,1,195,,320367,1,,,1
7101,'20261122',545,,320370,1,,,1,195,,320374,1,,,1,390,,320385,1,,,1,200,,320391,1,,,1,200,,320393,1,,,1,205,,320395,1,,,1,200,,320396,1,,,1,195,,320397,1,,,1
7101,'20261123',420,,320400,1,,,1,1315,,320403,1,,,1,320,,320404,1,,,1,190,,320405,1,,,1
7101,'20261124',420,,320408,1,,,1,1315,,320411,1,,,1,320,,320412,1,,,1,190,,320413,1,,,1
7101,'20261125',420,,320416,1,,,1,1315,,320419,1,,,1,320,,320420,1,,,1,190,,320421,1,,,1
7101,'20261126',420,,320424,1,,,1,1315,,320427,1,,,1,320,,320428,1,,,1,190,,320429,1,,,1
7101,'20261127',420,,320432,1,,,1,1315,,320435,1,,,1,320,,320436,1,,,1,190,,320437,1,,,1
