2101,'20260831',723,,147300,40,,,1,119,,147301,40,,,1,115,,147302,40,,,1,95,,147303,40,,,1,100,,147304,40,,,1,56,,147306,19,0,7 8 9,1,100,,147309,19,0,7 8 9,1,25,,147310,19,0,7 8 9,1,70,,147312,19,0,7 8 9,1,33,,147314,19,0,7 8 9,1,70,,147316,19,0,7 8 9,1,120,,147320,19,0,7 8 9,1,417,,147324,19,0,7 8 9,1,70,,147326,19,0,7 8 9,1,25,,147329,19,0,7 8 9,1,70,,147331,19,0,7 8 9,1,30,,147334,19,0,7 8 9,1,100,,147337,19,0,7 8 9,1,95,,147339,19,0,7 8 9,1,121,,147341,40,,,1,91,,147342,40,,,1,95,,147343,40,,,1
2101,'20260901',723,,147344,40,,,1,119,,147345,40,,,1,115,,147346,40,,,1,95,,147347,40,,,1,100,,147348,40,,,1,56,,147350,19,0,7 8 9,1,100,,147353,19,0,7 8 9,1,25,,147354,19,0,7 8 9,1,70,,147356,19,0,7 8 9,1,33,,147358,19,0,7 8 9,1,70,,147360,19,0,7 8 9,1,120,,147364,19,0,7 8 9,1,417,,147368,19,0,7 8 9,1,70,,147370,19,0,7 8 9,1,25,,147373,19,0,7 8 9,1,70,,147375,19,0,7 8 9,1,30,,147378,19,0,7 8 9,1,100,,147381,19,0,7 8 9,1,95,,147383,19,0,7 8 9,1,121,,147385,40,,,1,91,,147386,40,,,1,95,,147387,40,,,1
2101,'20260902',723,,147388,40,,,1,119,,147389,40,,,1,115,,147390,40,,,1,95,,147391,40,,,1,100,,147392,40,,,1,56,,147394,19,0,7 8 9,1,100,,147397,19,0,7 8 9,1,25,,147398,19,0,7 8 9,1,70,,147400,19,0,7 8 9,1,33,,147402,19,0,7 8 9,1,70,,147404,19,0,7 8 9,1,120,,147408,19,0,7 8 9,1,417,,147412,19,0,7 8 9,1,70,,147414,19,0,7 8 9,1,25,,147417,19,0,7 8 9,1,70,,147419,19,0,7 8 9,1,30,,147422,19,0,7 8 9,1,100,,147425,19,0,7 8 9,1,95,,147427,19,0,7 8 9,1,121,,147429,40,,,1,91,,147430,40,,,1,95,,147431,40,,,1
2101,'20260903',723,,147432,40,,,1,119,,147433,40,,,1,115,,147434,40,,,1,95,,147435,40,,,1,100,,147436,40,,,1,56,,147438,19,0,7 8 9,1,100,,147441,19,0,7 8 9,1,25,,147442,19,0,7 8 9,1,70,,147444,19,0,7 8 9,1,33,,147446,19,0,7 8 9,1,70,,147448,19,0,7 8 9,1,120,,147452,19,0,7 8 9,1,417,,147456,19,0,7 8 9,1,70,,147458,19,0,7 8 9,1,25,,147461,19,0,7 8 9,1,70,,147463,19,0,7 8 9,1,30,,147466,19,0,7 8 9,1,100,,147469,19,0,7 8 9,1,95,,147471,19,0,7 8 9,1,121,,147473,40,,,1,91,,147474,40,,,1,95,,147475,40,,,1
2101,'20260904',723,,147476,40,,,1,119,,147477,40,,,1,115,,147478,40,,,1,95,,147479,40,,,1,100,,147480,40,,,1,56,,147482,19,0,7 8 9,1,100,,147485,19,0,7 8 9,1,25,,147486,19,0,7 8 9,1,70,,147488,19,0,7 8 9,1,33,,147490,19,0,7 8 9,1,70,,147492,19,0,7 8 9,1,120,,147496,19,0,7 8 9,1,417,,147500,19,0,7 8 9,1,70,,147502,19,0,7 8 9,1,25,,147505,19,0,7 8 9,1,70,,147507,19,0,7 8 9,1,30,,147510,19,0,7 8 9,1,100,,147513,19,0,7 8 9,1,95,,147515,19,0,7 8 9,1,121,,147517,40,,,1,91,,147518,40,,,1,95,,147519,40,,,1
2101,'20260905',858,,244311,39,0,57 8 9,1,100,,244312,39,0,57 8 9,1,95,,244313,39,0,57 8 9,1,150,,244314,39,0,57 8 9,1,98,,244317,19,0,7 8 9,1,110,,244319,19,0,7 8 9,1,105,,244321,19,0,7 8 9,1,91,,244323,19,0,7 8 9,1,105,,244326,19,0,7 8 9,1,110,,244329,19,0,7 8 9,1,95,,244333,19,0,7 8 9,1,90,,244337,19,0,7 8 9,1,95,,244341,19,0,7 8 9,1,100,,244344,19,0,7 8 9,1,99,,244347,19,0,7 8 9,1,55,,244350,19,0,7 8 9,1,100,,244353,19,0,7 8 9,1,91,,244354,39,0,57 8 9,1,96,,244355,39,0,57 8 9,1,100,,244356,39,0,57 8 9,1
2101,'20260906',858,,244357,39,0,57 8 9,1,100,,244358,39,0,57 8 9,1,95,,244359,39,0,57 8 9,1,150,,244360,39,0,57 8 9,1,98,,244362,19,0,7 8 9,1,110,,244364,19,0,7 8 9,1,105,,244366,19,0,7 8 9,1,91,,244368,19,0,7 8 9,1,105,,244371,19,0,7 8 9,1,110,,244374,19,0,7 8 9,1,95,,244378,19,0,7 8 9,1,90,,244382,19,0,7 8 9,1,95,,244386,19,0,7 8 9,1,100,,244389,19,0,7 8 9,1,99,,244392,19,0,7 8 9,1,55,,244395,19,0,7 8 9,1,100,,244397,19,0,7 8 9,1,91,,244398,39,0,57 8 9,1,96,,244399,39,0,57 8 9,1,100,,244400,39,0,57 8 9,1
2101,'20260907',858,,244401,39,0,57 8 9,1,100,,244402,39,0,57 8 9,1,95,,244403,39,0,57 8 9,1,150,,244404,39,0,57 8 9,1,98,,244407,19,0,7 8 9,1,110,,244409,19,0,7 8 9,1,105,,244411,19,0,7 8 9,1,91,,244413,19,0,7 8 9,1,105,,244416,19,0,7 8 9,1,110,,244419,19,0,7 8 9,1,95,,244423,19,0,7 8 9,1,90,,244427,19,0,7 8 9,1,95,,244431,19,0,7 8 9,1,100,,244434,19,0,7 8 9,1,99,,244437,19,0,7 8 9,1,55,,244440,19,0,7 8 9,1,100,,244443,19,0,7 8 9,1,91,,244444,39,0,57 8 9,1,96,,244445,39,0,57 8 9,1,100,,244446,39,0,57 8 9,1
2101,'20260908',723,,244447,40,,,1,119,,244448,40,,,1,115,,244449,40,,,1,95,,244450,40,,,1,100,,244451,40,,,1,55,,244453,19,0,7 8 9,1,100,,244456,19,0,7 8 9,1,25,,244457,19,0,7 8 9,1,70,,244459,19,0,7 8 9,1,29,,244461,19,0,7 8 9,1,25,,244463,19,0,7 8 9,1,169,,244467,19,0,7 8 9,1,417,,244471,19,0,7 8 9,1,70,,244473,19,0,7 8 9,1,30,,244476,19,0,7 8 9,1,65,,244478,19,0,7 8 9,1,35,,244481,19,0,7 8 9,1,100,,244484,19,0,7 8 9,1,90,,244486,19,0,7 8 9,1,122,,244488,40,,,1,91,,244489,40,,,1,100,,244490,40,,,1
2101,'20260909',723,,244491,40,,,1,119,,244492,40,,,1,115,,244493,40,,,1,95,,244494,40,,,1,100,,244495,40,,,1,55,,244497,19,0,7 8 9,1,100,,244500,19,0,7 8 9,1,25,,244501,19,0,7 8 9,1,70,,244503,19,0,7 8 9,1,29,,244505,19,0,7 8 9,1,25,,244507,19,0,7 8 9,1,169,,244511,19,0,7 8 9,1,417,,244515,19,0,7 8 9,1,70,,244517,19,0,7 8 9,1,30,,244520,19,0,7 8 9,1,65,,244522,19,0,7 8 9,1,35,,244525,19,0,7 8 9,1,100,,244528,19,0,7 8 9,1,90,,244530,19,0,7 8 9,1,122,,244532,40,,,1,91,,244533,40,,,1,100,,244534,40,,,1
2101,'20260910',723,,244535,40,,,1,119,,244536,40,,,1,115,,244537,40,,,1,95,,244538,40,,,1,100,,244539,40,,,1,55,,244541,19,0,7 8 9,1,100,,244544,19,0,7 8 9,1,25,,244545,19,0,7 8 9,1,70,,244547,19,0,7 8 9,1,29,,244549,19,0,7 8 9,1,25,,244551,19,0,7 8 9,1,169,,244555,19,0,7 8 9,1,417,,244559,19,0,7 8 9,1,70,,244561,19,0,7 8 9,1,30,,244564,19,0,7 8 9,1,65,,244566,19,0,7 8 9,1,35,,244569,19,0,7 8 9,1,100,,244572,19,0,7 8 9,1,90,,244574,19,0,7 8 9,1,122,,244576,40,,,1,91,,244577,40,,,1,100,,244578,40,,,1
2101,'20260911',723,,244579,40,,,1,119,,244580,40,,,1,115,,244581,40,,,1,95,,244582,40,,,1,100,,244583,40,,,1,55,,244585,19,0,7 8 9,1,100,,244588,19,0,7 8 9,1,25,,244589,19,0,7 8 9,1,70,,244591,19,0,7 8 9,1,29,,244593,19,0,7 8 9,1,25,,244595,19,0,7 8 9,1,169,,244599,19,0,7 8 9,1,417,,244603,19,0,7 8 9,1,70,,244605,19,0,7 8 9,1,30,,244608,19,0,7 8 9,1,65,,244610,19,0,7 8 9,1,35,,244613,19,0,7 8 9,1,100,,244616,19,0,7 8 9,1,90,,244618,19,0,7 8 9,1,122,,244620,40,,,1,91,,244621,40,,,1,100,,244622,40,,,1
2101,'20260912',858,,244623,39,0,57 8 9,1,100,,244624,39,0,57 8 9,1,95,,244625,39,0,57 8 9,1,150,,244626,39,0,57 8 9,1,98,,244629,19,0,7 8 9,1,110,,244631,19,0,7 8 9,1,105,,244633,19,0,7 8 9,1,91,,244635,19,0,7 8 9,1,105,,244638,19,0,7 8 9,1,110,,244641,19,0,7 8 9,1,95,,244645,19,0,7 8 9,1,90,,244649,19,0,7 8 9,1,95,,244653,19,0,7 8 9,1,100,,244656,19,0,7 8 9,1,99,,244659,19,0,7 8 9,1,55,,244662,19,0,7 8 9,1,100,,244665,19,0,7 8 9,1,91,,244666,39,0,57 8 9,1,96,,244667,39,0,57 8 9,1,100,,244668,39,0,57 8 9,1
2101,'20260913',858,,244669,39,0,57 8 9,1,100,,244670,39,0,57 8 9,1,95,,244671,39,0,57 8 9,1,150,,244672,39,0,57 8 9,1,98,,244674,19,0,7 8 9,1,110,,244676,19,0,7 8 9,1,105,,244678,19,0,7 8 9,1,91,,244680,19,0,7 8 9,1,105,,244683,19,0,7 8 9,1,110,,244686,19,0,7 8 9,1,95,,244690,19,0,7 8 9,1,90,,244694,19,0,7 8 9,1,95,,244698,19,0,7 8 9,1,100,,244701,19,0,7 8 9,1,99,,244704,19,0,7 8 9,1,55,,244707,19,0,7 8 9,1,100,,244709,19,0,7 8 9,1,91,,244710,39,0,57 8 9,1,96,,244711,39,0,57 8 9,1,100,,244712,39,0,57 8 9,1
2101,'20260914',723,,244713,40,,,1,119,,244714,40,,,1,115,,244715,40,,,1,95,,244716,40,,,1,100,,244717,40,,,1,55,,244719,19,0,7 8 9,1,100,,244722,19,0,7 8 9,1,25,,244723,19,0,7 8 9,1,70,,244725,19,0,7 8 9,1,29,,244727,19,0,7 8 9,1,25,,244729,19,0,7 8 9,1,169,,244733,19,0,7 8 9,1,417,,244737,19,0,7 8 9,1,70,,244739,19,0,7 8 9,1,30,,244742,19,0,7 8 9,1,65,,244744,19,0,7 8 9,1,35,,244747,19,0,7 8 9,1,100,,244750,19,0,7 8 9,1,90,,244752,19,0,7 8 9,1,122,,244754,40,,,1,91,,244755,40,,,1,100,,244756,40,,,1
2101,'20260915',723,,244757,40,,,1,119,,244758,40,,,1,115,,244759,40,,,1,95,,244760,40,,,1,100,,244761,40,,,1,55,,244763,19,0,7 8 9,1,100,,244766,19,0,7 8 9,1,25,,244767,19,0,7 8 9,1,70,,244769,19,0,7 8 9,1,29,,244771,19,0,7 8 9,1,25,,244773,19,0,7 8 9,1,169,,244777,19,0,7 8 9,1,417,,244781,19,0,7 8 9,1,70,,244783,19,0,7 8 9,1,30,,244786,19,0,7 8 9,1,65,,244788,19,0,7 8 9,1,35,,244791,19,0,7 8 9,1,100,,244794,19,0,7 8 9,1,90,,244796,19,0,7 8 9,1,122,,244798,40,,,1,91,,244799,40,,,1,100,,244800,40,,,1
2101,'20260916',723,,244801,40,,,1,119,,244802,40,,,1,115,,244803,40,,,1,95,,244804,40,,,1,100,,244805,40,,,1,55,,244807,19,0,7 8 9,1,100,,244810,19,0,7 8 9,1,25,,244811,19,0,7 8 9,1,70,,244813,19,0,7 8 9,1,29,,244815,19,0,7 8 9,1,25,,244817,19,0,7 8 9,1,169,,244821,19,0,7 8 9,1,417,,244825,19,0,7 8 9,1,70,,244827,19,0,7 8 9,1,30,,244830,19,0,7 8 9,1,65,,244832,19,0,7 8 9,1,35,,244835,19,0,7 8 9,1,100,,244838,19,0,7 8 9,1,90,,244840,19,0,7 8 9,1,122,,244842,40,,,1,91,,244843,40,,,1,100,,244844,40,,,1
2101,'20260917',723,,244845,40,,,1,119,,244846,40,,,1,115,,244847,40,,,1,95,,244848,40,,,1,100,,244849,40,,,1,55,,244851,19,0,7 8 9,1,100,,244854,19,0,7 8 9,1,25,,244855,19,0,7 8 9,1,70,,244857,19,0,7 8 9,1,29,,244859,19,0,7 8 9,1,25,,244861,19,0,7 8 9,1,169,,244865,19,0,7 8 9,1,417,,244869,19,0,7 8 9,1,70,,244871,19,0,7 8 9,1,30,,244874,19,0,7 8 9,1,65,,244876,19,0,7 8 9,1,35,,244879,19,0,7 8 9,1,100,,244882,19,0,7 8 9,1,90,,244884,19,0,7 8 9,1,122,,244886,40,,,1,91,,244887,40,,,1,100,,244888,40,,,1
2101,'20260918',723,,244889,40,,,1,119,,244890,40,,,1,115,,244891,40,,,1,95,,244892,40,,,1,100,,244893,40,,,1,55,,244895,19,0,7 8 9,1,100,,244898,19,0,7 8 9,1,25,,244899,19,0,7 8 9,1,70,,244901,19,0,7 8 9,1,29,,244903,19,0,7 8 9,1,25,,244905,19,0,7 8 9,1,169,,244909,19,0,7 8 9,1,417,,244913,19,0,7 8 9,1,70,,244915,19,0,7 8 9,1,30,,244918,19,0,7 8 9,1,65,,244920,19,0,7 8 9,1,35,,244923,19,0,7 8 9,1,100,,244926,19,0,7 8 9,1,90,,244928,19,0,7 8 9,1,122,,244930,40,,,1,91,,244931,40,,,1,100,,244932,40,,,1
2101,'20260919',858,,244933,39,0,57 8 9,1,100,,244934,39,0,57 8 9,1,95,,244935,39,0,57 8 9,1,150,,244936,39,0,57 8 9,1,98,,244939,19,0,7 8 9,1,110,,244941,19,0,7 8 9,1,105,,244943,19,0,7 8 9,1,91,,244945,19,0,7 8 9,1,105,,244948,19,0,7 8 9,1,110,,244951,19,0,7 8 9,1,95,,244955,19,0,7 8 9,1,90,,244959,19,0,7 8 9,1,95,,244963,19,0,7 8 9,1,100,,244966,19,0,7 8 9,1,99,,244969,19,0,7 8 9,1,55,,244972,19,0,7 8 9,1,100,,244975,19,0,7 8 9,1,91,,244976,39,0,57 8 9,1,96,,244977,39,0,57 8 9,1,100,,244978,39,0,57 8 9,1
2101,'20260920',858,,244979,39,0,57 8 9,1,100,,244980,39,0,57 8 9,1,95,,244981,39,0,57 8 9,1,150,,244982,39,0,57 8 9,1,98,,244984,19,0,7 8 9,1,110,,244986,19,0,7 8 9,1,105,,244988,19,0,7 8 9,1,91,,244990,19,0,7 8 9,1,105,,244993,19,0,7 8 9,1,110,,244996,19,0,7 8 9,1,95,,245000,19,0,7 8 9,1,90,,245004,19,0,7 8 9,1,95,,245008,19,0,7 8 9,1,100,,245011,19,0,7 8 9,1,99,,245014,19,0,7 8 9,1,55,,245017,19,0,7 8 9,1,100,,245019,19,0,7 8 9,1,91,,245020,39,0,57 8 9,1,96,,245021,39,0,57 8 9,1,100,,245022,39,0,57 8 9,1
2101,'20260921',723,,245023,40,,,1,119,,245024,40,,,1,115,,245025,40,,,1,95,,245026,40,,,1,100,,245027,40,,,1,55,,245029,19,0,7 8 9,1,100,,245032,19,0,7 8 9,1,25,,245033,19,0,7 8 9,1,70,,245035,19,0,7 8 9,1,29,,245037,19,0,7 8 9,1,25,,245039,19,0,7 8 9,1,169,,245043,19,0,7 8 9,1,417,,245047,19,0,7 8 9,1,70,,245049,19,0,7 8 9,1,30,,245052,19,0,7 8 9,1,65,,245054,19,0,7 8 9,1,35,,245057,19,0,7 8 9,1,100,,245060,19,0,7 8 9,1,90,,245062,19,0,7 8 9,1,122,,245064,40,,,1,91,,245065,40,,,1,100,,245066,40,,,1
2101,'20260922',723,,245067,40,,,1,119,,245068,40,,,1,115,,245069,40,,,1,95,,245070,40,,,1,100,,245071,40,,,1,55,,245073,19,0,7 8 9,1,100,,245076,19,0,7 8 9,1,25,,245077,19,0,7 8 9,1,70,,245079,19,0,7 8 9,1,29,,245081,19,0,7 8 9,1,25,,245083,19,0,7 8 9,1,169,,245087,19,0,7 8 9,1,417,,245091,19,0,7 8 9,1,70,,245093,19,0,7 8 9,1,30,,245096,19,0,7 8 9,1,65,,245098,19,0,7 8 9,1,35,,245101,19,0,7 8 9,1,100,,245104,19,0,7 8 9,1,90,,245106,19,0,7 8 9,1,122,,245108,40,,,1,91,,245109,40,,,1,100,,245110,40,,,1
2101,'20260923',723,,245111,40,,,1,119,,245112,40,,,1,115,,245113,40,,,1,95,,245114,40,,,1,100,,245115,40,,,1,55,,245117,19,0,7 8 9,1,100,,245120,19,0,7 8 9,1,25,,245121,19,0,7 8 9,1,70,,245123,19,0,7 8 9,1,29,,245125,19,0,7 8 9,1,25,,245127,19,0,7 8 9,1,169,,245131,19,0,7 8 9,1,417,,245135,19,0,7 8 9,1,70,,245137,19,0,7 8 9,1,30,,245140,19,0,7 8 9,1,65,,245142,19,0,7 8 9,1,35,,245145,19,0,7 8 9,1,100,,245148,19,0,7 8 9,1,90,,245150,19,0,7 8 9,1,122,,245152,40,,,1,91,,245153,40,,,1,100,,245154,40,,,1
2101,'20260924',723,,245155,40,,,1,119,,245156,40,,,1,115,,245157,40,,,1,95,,245158,40,,,1,100,,245159,40,,,1,55,,245161,19,0,7 8 9,1,100,,245164,19,0,7 8 9,1,25,,245165,19,0,7 8 9,1,70,,245167,19,0,7 8 9,1,29,,245169,19,0,7 8 9,1,25,,245171,19,0,7 8 9,1,169,,245175,19,0,7 8 9,1,417,,245179,19,0,7 8 9,1,70,,245181,19,0,7 8 9,1,30,,245184,19,0,7 8 9,1,65,,245186,19,0,7 8 9,1,35,,245189,19,0,7 8 9,1,100,,245192,19,0,7 8 9,1,90,,245194,19,0,7 8 9,1,122,,245196,40,,,1,91,,245197,40,,,1,100,,245198,40,,,1
2101,'20260925',723,,245199,40,,,1,119,,245200,40,,,1,115,,245201,40,,,1,95,,245202,40,,,1,100,,245203,40,,,1,55,,245205,19,0,7 8 9,1,100,,245208,19,0,7 8 9,1,25,,245209,19,0,7 8 9,1,70,,245211,19,0,7 8 9,1,29,,245213,19,0,7 8 9,1,25,,245215,19,0,7 8 9,1,169,,245219,19,0,7 8 9,1,417,,245223,19,0,7 8 9,1,70,,245225,19,0,7 8 9,1,30,,245228,19,0,7 8 9,1,65,,245230,19,0,7 8 9,1,35,,245233,19,0,7 8 9,1,100,,245236,19,0,7 8 9,1,90,,245238,19,0,7 8 9,1,122,,245240,40,,,1,91,,245241,40,,,1,100,,245242,40,,,1
2101,'20260926',858,,245243,39,0,57 8 9,1,100,,245244,39,0,57 8 9,1,95,,245245,39,0,57 8 9,1,150,,245246,39,0,57 8 9,1,98,,245249,19,0,7 8 9,1,110,,245251,19,0,7 8 9,1,105,,245253,19,0,7 8 9,1,91,,245255,19,0,7 8 9,1,105,,245258,19,0,7 8 9,1,110,,245261,19,0,7 8 9,1,95,,245265,19,0,7 8 9,1,90,,245269,19,0,7 8 9,1,95,,245273,19,0,7 8 9,1,100,,245276,19,0,7 8 9,1,99,,245279,19,0,7 8 9,1,55,,245282,19,0,7 8 9,1,100,,245285,19,0,7 8 9,1,91,,245286,39,0,57 8 9,1,96,,245287,39,0,57 8 9,1,100,,245288,39,0,57 8 9,1
2101,'20260927',858,,245289,39,0,57 8 9,1,100,,245290,39,0,57 8 9,1,95,,245291,39,0,57 8 9,1,150,,245292,39,0,57 8 9,1,98,,245294,19,0,7 8 9,1,110,,245296,19,0,7 8 9,1,105,,245298,19,0,7 8 9,1,91,,245300,19,0,7 8 9,1,105,,245303,19,0,7 8 9,1,110,,245306,19,0,7 8 9,1,95,,245310,19,0,7 8 9,1,90,,245314,19,0,7 8 9,1,95,,245318,19,0,7 8 9,1,100,,245321,19,0,7 8 9,1,99,,245324,19,0,7 8 9,1,55,,245327,19,0,7 8 9,1,100,,245329,19,0,7 8 9,1,91,,245330,39,0,57 8 9,1,96,,245331,39,0,57 8 9,1,100,,245332,39,0,57 8 9,1
2101,'20260928',723,,245333,40,,,1,119,,245334,40,,,1,115,,245335,40,,,1,95,,245336,40,,,1,100,,245337,40,,,1,55,,245339,19,0,7 8 9,1,100,,245342,19,0,7 8 9,1,25,,245343,19,0,7 8 9,1,70,,245345,19,0,7 8 9,1,29,,245347,19,0,7 8 9,1,25,,245349,19,0,7 8 9,1,169,,245353,19,0,7 8 9,1,417,,245357,19,0,7 8 9,1,70,,245359,19,0,7 8 9,1,30,,245362,19,0,7 8 9,1,65,,245364,19,0,7 8 9,1,35,,245367,19,0,7 8 9,1,100,,245370,19,0,7 8 9,1,90,,245372,19,0,7 8 9,1,122,,245374,40,,,1,91,,245375,40,,,1,100,,245376,40,,,1
2101,'20260929',723,,245377,40,,,1,119,,245378,40,,,1,115,,245379,40,,,1,95,,245380,40,,,1,100,,245381,40,,,1,55,,245383,19,0,7 8 9,1,100,,245386,19,0,7 8 9,1,25,,245387,19,0,7 8 9,1,70,,245389,19,0,7 8 9,1,29,,245391,19,0,7 8 9,1,25,,245393,19,0,7 8 9,1,169,,245397,19,0,7 8 9,1,417,,245401,19,0,7 8 9,1,70,,245403,19,0,7 8 9,1,30,,245406,19,0,7 8 9,1,65,,245408,19,0,7 8 9,1,35,,245411,19,0,7 8 9,1,100,,245414,19,0,7 8 9,1,90,,245416,19,0,7 8 9,1,122,,245418,40,,,1,91,,245419,40,,,1,100,,245420,40,,,1
2101,'20260930',723,,245421,40,,,1,119,,245422,40,,,1,115,,245423,40,,,1,95,,245424,40,,,1,100,,245425,40,,,1,55,,245427,19,0,7 8 9,1,100,,245430,19,0,7 8 9,1,25,,245431,19,0,7 8 9,1,70,,245433,19,0,7 8 9,1,29,,245435,19,0,7 8 9,1,25,,245437,19,0,7 8 9,1,169,,245441,19,0,7 8 9,1,417,,245445,19,0,7 8 9,1,70,,245447,19,0,7 8 9,1,30,,245450,19,0,7 8 9,1,65,,245452,19,0,7 8 9,1,35,,245455,19,0,7 8 9,1,100,,245458,19,0,7 8 9,1,90,,245460,19,0,7 8 9,1,122,,245462,40,,,1,91,,245463,40,,,1,100,,245464,40,,,1
2101,'20261001',723,,245465,40,,,1,119,,245466,40,,,1,115,,245467,40,,,1,95,,245468,40,,,1,100,,245469,40,,,1,55,,245471,19,0,7 8 9,1,100,,245474,19,0,7 8 9,1,25,,245475,19,0,7 8 9,1,70,,245477,19,0,7 8 9,1,29,,245479,19,0,7 8 9,1,25,,245481,19,0,7 8 9,1,169,,245485,19,0,7 8 9,1,417,,245489,19,0,7 8 9,1,70,,245491,19,0,7 8 9,1,30,,245494,19,0,7 8 9,1,65,,245496,19,0,7 8 9,1,35,,245499,19,0,7 8 9,1,100,,245502,19,0,7 8 9,1,90,,245504,19,0,7 8 9,1,122,,245506,40,,,1,91,,245507,40,,,1,100,,245508,40,,,1
2101,'20261002',723,,245509,40,,,1,119,,245510,40,,,1,115,,245511,40,,,1,95,,245512,40,,,1,100,,245513,40,,,1,55,,245515,19,0,7 8 9,1,100,,245518,19,0,7 8 9,1,25,,245519,19,0,7 8 9,1,70,,245521,19,0,7 8 9,1,29,,245523,19,0,7 8 9,1,25,,245525,19,0,7 8 9,1,169,,245529,19,0,7 8 9,1,417,,245533,19,0,7 8 9,1,70,,245535,19,0,7 8 9,1,30,,245538,19,0,7 8 9,1,65,,245540,19,0,7 8 9,1,35,,245543,19,0,7 8 9,1,100,,245546,19,0,7 8 9,1,90,,245548,19,0,7 8 9,1,122,,245550,40,,,1,91,,245551,40,,,1,100,,245552,40,,,1
2101,'20261003',858,,245553,39,0,57 8 9,1,100,,245554,39,0,57 8 9,1,95,,245555,39,0,57 8 9,1,150,,245556,39,0,57 8 9,1,98,,245559,19,0,7 8 9,1,110,,245561,19,0,7 8 9,1,105,,245563,19,0,7 8 9,1,91,,245565,19,0,7 8 9,1,105,,245568,19,0,7 8 9,1,110,,245571,19,0,7 8 9,1,95,,245575,19,0,7 8 9,1,90,,245579,19,0,7 8 9,1,95,,245583,19,0,7 8 9,1,100,,245586,19,0,7 8 9,1,99,,245589,19,0,7 8 9,1,55,,245592,19,0,7 8 9,1,100,,245595,19,0,7 8 9,1,91,,245596,39,0,57 8 9,1,96,,245597,39,0,57 8 9,1,100,,245598,39,0,57 8 9,1
2101,'20261004',858,,245599,39,0,57 8 9,1,100,,245600,39,0,57 8 9,1,95,,245601,39,0,57 8 9,1,150,,245602,39,0,57 8 9,1,98,,245604,19,0,7 8 9,1,110,,245606,19,0,7 8 9,1,105,,245608,19,0,7 8 9,1,91,,245610,19,0,7 8 9,1,105,,245613,19,0,7 8 9,1,110,,245616,19,0,7 8 9,1,95,,245620,19,0,7 8 9,1,90,,245624,19,0,7 8 9,1,95,,245628,19,0,7 8 9,1,100,,245631,19,0,7 8 9,1,99,,245634,19,0,7 8 9,1,55,,245637,19,0,7 8 9,1,100,,245639,19,0,7 8 9,1,91,,245640,39,0,57 8 9,1,96,,245641,39,0,57 8 9,1,100,,245642,39,0,57 8 9,1
2101,'20261005',723,,245643,40,,,1,119,,245644,40,,,1,115,,245645,40,,,1,95,,245646,40,,,1,100,,245647,40,,,1,55,,245649,19,0,7 8 9,1,100,,245652,19,0,7 8 9,1,25,,245653,19,0,7 8 9,1,70,,245655,19,0,7 8 9,1,29,,245657,19,0,7 8 9,1,25,,245659,19,0,7 8 9,1,169,,245663,19,0,7 8 9,1,417,,245667,19,0,7 8 9,1,70,,245669,19,0,7 8 9,1,30,,245672,19,0,7 8 9,1,65,,245674,19,0,7 8 9,1,35,,245677,19,0,7 8 9,1,100,,245680,19,0,7 8 9,1,90,,245682,19,0,7 8 9,1,122,,245684,40,,,1,91,,245685,40,,,1,100,,245686,40,,,1
2101,'20261006',723,,245687,40,,,1,119,,245688,40,,,1,115,,245689,40,,,1,95,,245690,40,,,1,100,,245691,40,,,1,55,,245693,19,0,7 8 9,1,100,,245696,19,0,7 8 9,1,25,,245697,19,0,7 8 9,1,70,,245699,19,0,7 8 9,1,29,,245701,19,0,7 8 9,1,25,,245703,19,0,7 8 9,1,169,,245707,19,0,7 8 9,1,417,,245711,19,0,7 8 9,1,70,,245713,19,0,7 8 9,1,30,,245716,19,0,7 8 9,1,65,,245718,19,0,7 8 9,1,35,,245721,19,0,7 8 9,1,100,,245724,19,0,7 8 9,1,90,,245726,19,0,7 8 9,1,122,,245728,40,,,1,91,,245729,40,,,1,100,,245730,40,,,1
2101,'20261007',723,,245731,40,,,1,119,,245732,40,,,1,115,,245733,40,,,1,95,,245734,40,,,1,100,,245735,40,,,1,55,,245737,19,0,7 8 9,1,100,,245740,19,0,7 8 9,1,25,,245741,19,0,7 8 9,1,70,,245743,19,0,7 8 9,1,29,,245745,19,0,7 8 9,1,25,,245747,19,0,7 8 9,1,169,,245751,19,0,7 8 9,1,417,,245755,19,0,7 8 9,1,70,,245757,19,0,7 8 9,1,30,,245760,19,0,7 8 9,1,65,,245762,19,0,7 8 9,1,35,,245765,19,0,7 8 9,1,100,,245768,19,0,7 8 9,1,90,,245770,19,0,7 8 9,1,122,,245772,40,,,1,91,,245773,40,,,1,100,,245774,40,,,1
2101,'20261008',723,,245775,40,,,1,119,,245776,40,,,1,115,,245777,40,,,1,95,,245778,40,,,1,100,,245779,40,,,1,55,,245781,19,0,7 8 9,1,100,,245784,19,0,7 8 9,1,25,,245785,19,0,7 8 9,1,70,,245787,19,0,7 8 9,1,29,,245789,19,0,7 8 9,1,25,,245791,19,0,7 8 9,1,169,,245795,19,0,7 8 9,1,417,,245799,19,0,7 8 9,1,70,,245801,19,0,7 8 9,1,30,,245804,19,0,7 8 9,1,65,,245806,19,0,7 8 9,1,35,,245809,19,0,7 8 9,1,100,,245812,19,0,7 8 9,1,90,,245814,19,0,7 8 9,1,122,,245816,40,,,1,91,,245817,40,,,1,100,,245818,40,,,1
2101,'20261009',723,,245819,40,,,1,119,,245820,40,,,1,115,,245821,40,,,1,95,,245822,40,,,1,100,,245823,40,,,1,55,,245825,19,0,7 8 9,1,100,,245828,19,0,7 8 9,1,25,,245829,19,0,7 8 9,1,70,,245831,19,0,7 8 9,1,29,,245833,19,0,7 8 9,1,25,,245835,19,0,7 8 9,1,169,,245839,19,0,7 8 9,1,417,,245843,19,0,7 8 9,1,70,,245845,19,0,7 8 9,1,30,,245848,19,0,7 8 9,1,65,,245850,19,0,7 8 9,1,35,,245853,19,0,7 8 9,1,100,,245856,19,0,7 8 9,1,90,,245858,19,0,7 8 9,1,122,,245860,40,,,1,91,,245861,40,,,1,100,,245862,40,,,1
2101,'20261010',858,,245863,39,0,57 8 9,1,100,,245864,39,0,57 8 9,1,95,,245865,39,0,57 8 9,1,150,,245866,39,0,57 8 9,1,98,,245869,19,0,7 8 9,1,110,,245871,19,0,7 8 9,1,105,,245873,19,0,7 8 9,1,91,,245875,19,0,7 8 9,1,105,,245878,19,0,7 8 9,1,110,,245881,19,0,7 8 9,1,95,,245885,19,0,7 8 9,1,90,,245889,19,0,7 8 9,1,95,,245893,19,0,7 8 9,1,100,,245896,19,0,7 8 9,1,99,,245899,19,0,7 8 9,1,55,,245902,19,0,7 8 9,1,100,,245905,19,0,7 8 9,1,91,,245906,39,0,57 8 9,1,96,,245907,39,0,57 8 9,1,100,,245908,39,0,57 8 9,1
2101,'20261011',858,,245909,39,0,57 8 9,1,100,,245910,39,0,57 8 9,1,95,,245911,39,0,57 8 9,1,150,,245912,39,0,57 8 9,1,98,,245914,19,0,7 8 9,1,110,,245916,19,0,7 8 9,1,105,,245918,19,0,7 8 9,1,91,,245920,19,0,7 8 9,1,105,,245923,19,0,7 8 9,1,110,,245926,19,0,7 8 9,1,95,,245930,19,0,7 8 9,1,90,,245934,19,0,7 8 9,1,95,,245938,19,0,7 8 9,1,100,,245941,19,0,7 8 9,1,99,,245944,19,0,7 8 9,1,55,,245947,19,0,7 8 9,1,100,,245949,19,0,7 8 9,1,91,,245950,39,0,57 8 9,1,96,,245951,39,0,57 8 9,1,100,,245952,39,0,57 8 9,1
2101,'20261012',858,,245953,39,0,57 8 9,1,100,,245954,39,0,57 8 9,1,95,,245955,39,0,57 8 9,1,150,,245956,39,0,57 8 9,1,98,,245959,19,0,7 8 9,1,110,,245961,19,0,7 8 9,1,105,,245963,19,0,7 8 9,1,91,,245965,19,0,7 8 9,1,105,,245968,19,0,7 8 9,1,110,,245971,19,0,7 8 9,1,95,,245975,19,0,7 8 9,1,90,,245979,19,0,7 8 9,1,95,,245983,19,0,7 8 9,1,100,,245986,19,0,7 8 9,1,99,,245989,19,0,7 8 9,1,55,,245992,19,0,7 8 9,1,100,,245995,19,0,7 8 9,1,91,,245996,39,0,57 8 9,1,96,,245997,39,0,57 8 9,1,100,,245998,39,0,57 8 9,1
2101,'20261013',723,,245999,40,,,1,119,,246000,40,,,1,115,,246001,40,,,1,95,,246002,40,,,1,100,,246003,40,,,1,55,,246005,19,0,7 8 9,1,100,,246008,19,0,7 8 9,1,25,,246009,19,0,7 8 9,1,70,,246011,19,0,7 8 9,1,29,,246013,19,0,7 8 9,1,25,,246015,19,0,7 8 9,1,169,,246019,19,0,7 8 9,1,417,,246023,19,0,7 8 9,1,70,,246025,19,0,7 8 9,1,30,,246028,19,0,7 8 9,1,65,,246030,19,0,7 8 9,1,35,,246033,19,0,7 8 9,1,100,,246036,19,0,7 8 9,1,90,,246038,19,0,7 8 9,1,122,,246040,40,,,1,91,,246041,40,,,1,100,,246042,40,,,1
2101,'20261014',723,,246043,40,,,1,119,,246044,40,,,1,115,,246045,40,,,1,95,,246046,40,,,1,100,,246047,40,,,1,55,,246049,19,0,7 8 9,1,100,,246052,19,0,7 8 9,1,25,,246053,19,0,7 8 9,1,70,,246055,19,0,7 8 9,1,29,,246057,19,0,7 8 9,1,25,,246059,19,0,7 8 9,1,169,,246063,19,0,7 8 9,1,417,,246067,19,0,7 8 9,1,70,,246069,19,0,7 8 9,1,30,,246072,19,0,7 8 9,1,65,,246074,19,0,7 8 9,1,35,,246077,19,0,7 8 9,1,100,,246080,19,0,7 8 9,1,90,,246082,19,0,7 8 9,1,122,,246084,40,,,1,91,,246085,40,,,1,100,,246086,40,,,1
2101,'20261015',723,,246087,40,,,1,119,,246088,40,,,1,115,,246089,40,,,1,95,,246090,40,,,1,100,,246091,40,,,1,55,,246093,19,0,7 8 9,1,100,,246096,19,0,7 8 9,1,25,,246097,19,0,7 8 9,1,70,,246099,19,0,7 8 9,1,29,,246101,19,0,7 8 9,1,25,,246103,19,0,7 8 9,1,169,,246107,19,0,7 8 9,1,417,,246111,19,0,7 8 9,1,70,,246113,19,0,7 8 9,1,30,,246116,19,0,7 8 9,1,65,,246118,19,0,7 8 9,1,35,,246121,19,0,7 8 9,1,100,,246124,19,0,7 8 9,1,90,,246126,19,0,7 8 9,1,122,,246128,40,,,1,91,,246129,40,,,1,100,,246130,40,,,1
2101,'20261016',723,,246131,40,,,1,119,,246132,40,,,1,115,,246133,40,,,1,95,,246134,40,,,1,100,,246135,40,,,1,55,,246137,19,0,7 8 9,1,100,,246140,19,0,7 8 9,1,25,,246141,19,0,7 8 9,1,70,,246143,19,0,7 8 9,1,29,,246145,19,0,7 8 9,1,25,,246147,19,0,7 8 9,1,169,,246151,19,0,7 8 9,1,417,,246155,19,0,7 8 9,1,70,,246157,19,0,7 8 9,1,30,,246160,19,0,7 8 9,1,65,,246162,19,0,7 8 9,1,35,,246165,19,0,7 8 9,1,100,,246168,19,0,7 8 9,1,90,,246170,19,0,7 8 9,1,122,,246172,40,,,1,91,,246173,40,,,1,100,,246174,40,,,1
2101,'20261017',858,,246175,39,0,57 8 9,1,100,,246176,39,0,57 8 9,1,95,,246177,39,0,57 8 9,1,150,,246178,39,0,57 8 9,1,98,,246181,19,0,7 8 9,1,110,,246183,19,0,7 8 9,1,105,,246185,19,0,7 8 9,1,91,,246187,19,0,7 8 9,1,105,,246190,19,0,7 8 9,1,110,,246193,19,0,7 8 9,1,95,,246197,19,0,7 8 9,1,90,,246201,19,0,7 8 9,1,95,,246205,19,0,7 8 9,1,100,,246208,19,0,7 8 9,1,99,,246211,19,0,7 8 9,1,55,,246214,19,0,7 8 9,1,100,,246217,19,0,7 8 9,1,91,,246218,39,0,57 8 9,1,96,,246219,39,0,57 8 9,1,100,,246220,39,0,57 8 9,1
2101,'20261018',858,,246221,39,0,57 8 9,1,100,,246222,39,0,57 8 9,1,95,,246223,39,0,57 8 9,1,150,,246224,39,0,57 8 9,1,98,,246226,19,0,7 8 9,1,110,,246228,19,0,7 8 9,1,105,,246230,19,0,7 8 9,1,91,,246232,19,0,7 8 9,1,105,,246235,19,0,7 8 9,1,110,,246238,19,0,7 8 9,1,95,,246242,19,0,7 8 9,1,90,,246246,19,0,7 8 9,1,95,,246250,19,0,7 8 9,1,100,,246253,19,0,7 8 9,1,99,,246256,19,0,7 8 9,1,55,,246259,19,0,7 8 9,1,100,,246261,19,0,7 8 9,1,91,,246262,39,0,57 8 9,1,96,,246263,39,0,57 8 9,1,100,,246264,39,0,57 8 9,1
2101,'20261019',723,,246265,40,,,1,119,,246266,40,,,1,115,,246267,40,,,1,95,,246268,40,,,1,100,,246269,40,,,1,55,,246271,19,0,7 8 9,1,100,,246274,19,0,7 8 9,1,25,,246275,19,0,7 8 9,1,70,,246277,19,0,7 8 9,1,29,,246279,19,0,7 8 9,1,25,,246281,19,0,7 8 9,1,169,,246285,19,0,7 8 9,1,417,,246289,19,0,7 8 9,1,70,,246291,19,0,7 8 9,1,30,,246294,19,0,7 8 9,1,65,,246296,19,0,7 8 9,1,35,,246299,19,0,7 8 9,1,100,,246302,19,0,7 8 9,1,90,,246304,19,0,7 8 9,1,122,,246306,40,,,1,91,,246307,40,,,1,100,,246308,40,,,1
2101,'20261020',723,,246309,40,,,1,119,,246310,40,,,1,115,,246311,40,,,1,95,,246312,40,,,1,100,,246313,40,,,1,55,,246315,19,0,7 8 9,1,100,,246318,19,0,7 8 9,1,25,,246319,19,0,7 8 9,1,70,,246321,19,0,7 8 9,1,29,,246323,19,0,7 8 9,1,25,,246325,19,0,7 8 9,1,169,,246329,19,0,7 8 9,1,417,,246333,19,0,7 8 9,1,70,,246335,19,0,7 8 9,1,30,,246338,19,0,7 8 9,1,65,,246340,19,0,7 8 9,1,35,,246343,19,0,7 8 9,1,100,,246346,19,0,7 8 9,1,90,,246348,19,0,7 8 9,1,122,,246350,40,,,1,91,,246351,40,,,1,100,,246352,40,,,1
2101,'20261021',723,,246353,40,,,1,119,,246354,40,,,1,115,,246355,40,,,1,95,,246356,40,,,1,100,,246357,40,,,1,55,,246359,19,0,7 8 9,1,100,,246362,19,0,7 8 9,1,25,,246363,19,0,7 8 9,1,70,,246365,19,0,7 8 9,1,29,,246367,19,0,7 8 9,1,25,,246369,19,0,7 8 9,1,169,,246373,19,0,7 8 9,1,417,,246377,19,0,7 8 9,1,70,,246379,19,0,7 8 9,1,30,,246382,19,0,7 8 9,1,65,,246384,19,0,7 8 9,1,35,,246387,19,0,7 8 9,1,100,,246390,19,0,7 8 9,1,90,,246392,19,0,7 8 9,1,122,,246394,40,,,1,91,,246395,40,,,1,100,,246396,40,,,1
2101,'20261022',723,,246397,40,,,1,119,,246398,40,,,1,115,,246399,40,,,1,95,,246400,40,,,1,100,,246401,40,,,1,55,,246403,19,0,7 8 9,1,100,,246406,19,0,7 8 9,1,25,,246407,19,0,7 8 9,1,70,,246409,19,0,7 8 9,1,29,,246411,19,0,7 8 9,1,25,,246413,19,0,7 8 9,1,169,,246417,19,0,7 8 9,1,417,,246421,19,0,7 8 9,1,70,,246423,19,0,7 8 9,1,30,,246426,19,0,7 8 9,1,65,,246428,19,0,7 8 9,1,35,,246431,19,0,7 8 9,1,100,,246434,19,0,7 8 9,1,90,,246436,19,0,7 8 9,1,122,,246438,40,,,1,91,,246439,40,,,1,100,,246440,40,,,1
2101,'20261023',723,,246441,40,,,1,119,,246442,40,,,1,115,,246443,40,,,1,95,,246444,40,,,1,100,,246445,40,,,1,55,,246447,19,0,7 8 9,1,100,,246450,19,0,7 8 9,1,25,,246451,19,0,7 8 9,1,70,,246453,19,0,7 8 9,1,29,,246455,19,0,7 8 9,1,25,,246457,19,0,7 8 9,1,169,,246461,19,0,7 8 9,1,417,,246465,19,0,7 8 9,1,70,,246467,19,0,7 8 9,1,30,,246470,19,0,7 8 9,1,65,,246472,19,0,7 8 9,1,35,,246475,19,0,7 8 9,1,100,,246478,19,0,7 8 9,1,90,,246480,19,0,7 8 9,1,122,,246482,40,,,1,91,,246483,40,,,1,100,,246484,40,,,1
2101,'20261024',858,,246485,39,0,57 8 9,1,100,,246486,39,0,57 8 9,1,95,,246487,39,0,57 8 9,1,150,,246488,39,0,57 8 9,1,98,,246491,19,0,7 8 9,1,110,,246493,19,0,7 8 9,1,105,,246495,19,0,7 8 9,1,91,,246497,19,0,7 8 9,1,105,,246500,19,0,7 8 9,1,110,,246503,19,0,7 8 9,1,95,,246507,19,0,7 8 9,1,90,,246511,19,0,7 8 9,1,95,,246515,19,0,7 8 9,1,100,,246518,19,0,7 8 9,1,99,,246521,19,0,7 8 9,1,55,,246524,19,0,7 8 9,1,100,,246527,19,0,7 8 9,1,91,,246528,39,0,57 8 9,1,96,,246529,39,0,57 8 9,1,100,,246530,39,0,57 8 9,1
2101,'20261025',858,,246531,39,0,57 8 9,1,100,,246532,39,0,57 8 9,1,95,,246533,39,0,57 8 9,1,150,,246534,39,0,57 8 9,1,98,,246536,19,0,7 8 9,1,110,,246538,19,0,7 8 9,1,105,,246540,19,0,7 8 9,1,91,,246542,19,0,7 8 9,1,105,,246545,19,0,7 8 9,1,110,,246548,19,0,7 8 9,1,95,,246552,19,0,7 8 9,1,90,,246556,19,0,7 8 9,1,95,,246560,19,0,7 8 9,1,100,,246563,19,0,7 8 9,1,99,,246566,19,0,7 8 9,1,55,,246569,19,0,7 8 9,1,100,,246571,19,0,7 8 9,1,91,,246572,39,0,57 8 9,1,96,,246573,39,0,57 8 9,1,100,,246574,39,0,57 8 9,1
2101,'20261026',723,,246575,40,,,1,119,,246576,40,,,1,115,,246577,40,,,1,95,,246578,40,,,1,100,,246579,40,,,1,55,,246581,19,0,7 8 9,1,100,,246584,19,0,7 8 9,1,25,,246585,19,0,7 8 9,1,70,,246587,19,0,7 8 9,1,29,,246589,19,0,7 8 9,1,25,,246591,19,0,7 8 9,1,169,,246595,19,0,7 8 9,1,417,,246599,19,0,7 8 9,1,70,,246601,19,0,7 8 9,1,30,,246604,19,0,7 8 9,1,65,,246606,19,0,7 8 9,1,35,,246609,19,0,7 8 9,1,100,,246612,19,0,7 8 9,1,90,,246614,19,0,7 8 9,1,122,,246616,40,,,1,91,,246617,40,,,1,100,,246618,40,,,1
2101,'20261027',723,,246619,40,,,1,119,,246620,40,,,1,115,,246621,40,,,1,95,,246622,40,,,1,100,,246623,40,,,1,55,,246625,19,0,7 8 9,1,100,,246628,19,0,7 8 9,1,25,,246629,19,0,7 8 9,1,70,,246631,19,0,7 8 9,1,29,,246633,19,0,7 8 9,1,25,,246635,19,0,7 8 9,1,169,,246639,19,0,7 8 9,1,417,,246643,19,0,7 8 9,1,70,,246645,19,0,7 8 9,1,30,,246648,19,0,7 8 9,1,65,,246650,19,0,7 8 9,1,35,,246653,19,0,7 8 9,1,100,,246656,19,0,7 8 9,1,90,,246658,19,0,7 8 9,1,122,,246660,40,,,1,91,,246661,40,,,1,100,,246662,40,,,1
2101,'20261028',723,,246663,40,,,1,119,,246664,40,,,1,115,,246665,40,,,1,95,,246666,40,,,1,100,,246667,40,,,1,55,,246669,19,0,7 8 9,1,100,,246672,19,0,7 8 9,1,25,,246673,19,0,7 8 9,1,70,,246675,19,0,7 8 9,1,29,,246677,19,0,7 8 9,1,25,,246679,19,0,7 8 9,1,169,,246683,19,0,7 8 9,1,417,,246687,19,0,7 8 9,1,70,,246689,19,0,7 8 9,1,30,,246692,19,0,7 8 9,1,65,,246694,19,0,7 8 9,1,35,,246697,19,0,7 8 9,1,100,,246700,19,0,7 8 9,1,90,,246702,19,0,7 8 9,1,122,,246704,40,,,1,91,,246705,40,,,1,100,,246706,40,,,1
2101,'20261029',723,,246707,40,,,1,119,,246708,40,,,1,115,,246709,40,,,1,95,,246710,40,,,1,100,,246711,40,,,1,55,,246713,19,0,7 8 9,1,100,,246716,19,0,7 8 9,1,25,,246717,19,0,7 8 9,1,70,,246719,19,0,7 8 9,1,29,,246721,19,0,7 8 9,1,25,,246723,19,0,7 8 9,1,169,,246727,19,0,7 8 9,1,417,,246731,19,0,7 8 9,1,70,,246733,19,0,7 8 9,1,30,,246736,19,0,7 8 9,1,65,,246738,19,0,7 8 9,1,35,,246741,19,0,7 8 9,1,100,,246744,19,0,7 8 9,1,90,,246746,19,0,7 8 9,1,122,,246748,40,,,1,91,,246749,40,,,1,100,,246750,40,,,1
2101,'20261030',723,,246751,40,,,1,119,,246752,40,,,1,115,,246753,40,,,1,95,,246754,40,,,1,100,,246755,40,,,1,55,,246757,19,0,7 8 9,1,100,,246760,19,0,7 8 9,1,25,,246761,19,0,7 8 9,1,70,,246763,19,0,7 8 9,1,29,,246765,19,0,7 8 9,1,25,,246767,19,0,7 8 9,1,169,,246771,19,0,7 8 9,1,417,,246775,19,0,7 8 9,1,70,,246777,19,0,7 8 9,1,30,,246780,19,0,7 8 9,1,65,,246782,19,0,7 8 9,1,35,,246785,19,0,7 8 9,1,100,,246788,19,0,7 8 9,1,90,,246790,19,0,7 8 9,1,122,,246792,40,,,1,91,,246793,40,,,1,100,,246794,40,,,1
2101,'20261031',858,,246795,39,0,57 8 9,1,100,,246796,39,0,57 8 9,1,95,,246797,39,0,57 8 9,1,150,,246798,39,0,57 8 9,1,98,,246801,19,0,7 8 9,1,110,,246803,19,0,7 8 9,1,105,,246805,19,0,7 8 9,1,91,,246807,19,0,7 8 9,1,105,,246810,19,0,7 8 9,1,110,,246813,19,0,7 8 9,1,95,,246817,19,0,7 8 9,1,90,,246821,19,0,7 8 9,1,95,,246825,19,0,7 8 9,1,100,,246828,19,0,7 8 9,1,99,,246831,19,0,7 8 9,1,55,,246834,19,0,7 8 9,1,100,,246837,19,0,7 8 9,1,91,,246838,39,0,57 8 9,1,96,,246839,39,0,57 8 9,1,100,,246840,39,0,57 8 9,1
2101,'20261101',858,,246841,39,0,57 8 9,1,100,,246842,39,0,57 8 9,1,95,,246843,39,0,57 8 9,1,150,,246844,39,0,57 8 9,1,98,,246846,19,0,7 8 9,1,110,,246848,19,0,7 8 9,1,105,,246850,19,0,7 8 9,1,91,,246852,19,0,7 8 9,1,105,,246855,19,0,7 8 9,1,110,,246858,19,0,7 8 9,1,95,,246862,19,0,7 8 9,1,90,,246866,19,0,7 8 9,1,95,,246870,19,0,7 8 9,1,100,,246873,19,0,7 8 9,1,99,,246876,19,0,7 8 9,1,55,,246879,19,0,7 8 9,1,100,,246881,19,0,7 8 9,1,91,,246882,39,0,57 8 9,1,96,,246883,39,0,57 8 9,1,100,,246884,39,0,57 8 9,1
2101,'20261102',723,,246885,40,,,1,119,,246886,40,,,1,115,,246887,40,,,1,95,,246888,40,,,1,100,,246889,40,,,1,55,,246891,19,0,7 8 9,1,100,,246894,19,0,7 8 9,1,25,,246895,19,0,7 8 9,1,70,,246897,19,0,7 8 9,1,29,,246899,19,0,7 8 9,1,25,,246901,19,0,7 8 9,1,169,,246905,19,0,7 8 9,1,417,,246909,19,0,7 8 9,1,70,,246911,19,0,7 8 9,1,30,,246914,19,0,7 8 9,1,65,,246916,19,0,7 8 9,1,35,,246919,19,0,7 8 9,1,100,,246922,19,0,7 8 9,1,90,,246924,19,0,7 8 9,1,122,,246926,40,,,1,91,,246927,40,,,1,100,,246928,40,,,1
2101,'20261103',723,,246929,40,,,1,119,,246930,40,,,1,115,,246931,40,,,1,95,,246932,40,,,1,100,,246933,40,,,1,55,,246935,19,0,7 8 9,1,100,,246938,19,0,7 8 9,1,25,,246939,19,0,7 8 9,1,70,,246941,19,0,7 8 9,1,29,,246943,19,0,7 8 9,1,25,,246945,19,0,7 8 9,1,169,,246949,19,0,7 8 9,1,417,,246953,19,0,7 8 9,1,70,,246955,19,0,7 8 9,1,30,,246958,19,0,7 8 9,1,65,,246960,19,0,7 8 9,1,35,,246963,19,0,7 8 9,1,100,,246966,19,0,7 8 9,1,90,,246968,19,0,7 8 9,1,122,,246970,40,,,1,91,,246971,40,,,1,100,,246972,40,,,1
2101,'20261104',723,,246973,40,,,1,119,,246974,40,,,1,115,,246975,40,,,1,95,,246976,40,,,1,100,,246977,40,,,1,55,,246979,19,0,7 8 9,1,100,,246982,19,0,7 8 9,1,25,,246983,19,0,7 8 9,1,70,,246985,19,0,7 8 9,1,29,,246987,19,0,7 8 9,1,25,,246989,19,0,7 8 9,1,169,,246993,19,0,7 8 9,1,417,,246997,19,0,7 8 9,1,70,,246999,19,0,7 8 9,1,30,,247002,19,0,7 8 9,1,65,,247004,19,0,7 8 9,1,35,,247007,19,0,7 8 9,1,100,,247010,19,0,7 8 9,1,90,,247012,19,0,7 8 9,1,122,,247014,40,,,1,91,,247015,40,,,1,100,,247016,40,,,1
2101,'20261105',723,,247017,40,,,1,119,,247018,40,,,1,115,,247019,40,,,1,95,,247020,40,,,1,100,,247021,40,,,1,55,,247023,19,0,7 8 9,1,100,,247026,19,0,7 8 9,1,25,,247027,19,0,7 8 9,1,70,,247029,19,0,7 8 9,1,29,,247031,19,0,7 8 9,1,25,,247033,19,0,7 8 9,1,169,,247037,19,0,7 8 9,1,417,,247041,19,0,7 8 9,1,70,,247043,19,0,7 8 9,1,30,,247046,19,0,7 8 9,1,65,,247048,19,0,7 8 9,1,35,,247051,19,0,7 8 9,1,100,,247054,19,0,7 8 9,1,90,,247056,19,0,7 8 9,1,122,,247058,40,,,1,91,,247059,40,,,1,100,,247060,40,,,1
2101,'20261106',723,,247061,40,,,1,119,,247062,40,,,1,115,,247063,40,,,1,95,,247064,40,,,1,100,,247065,40,,,1,55,,247067,19,0,7 8 9,1,100,,247070,19,0,7 8 9,1,25,,247071,19,0,7 8 9,1,70,,247073,19,0,7 8 9,1,29,,247075,19,0,7 8 9,1,25,,247077,19,0,7 8 9,1,169,,247081,19,0,7 8 9,1,417,,247085,19,0,7 8 9,1,70,,247087,19,0,7 8 9,1,30,,247090,19,0,7 8 9,1,65,,247092,19,0,7 8 9,1,35,,247095,19,0,7 8 9,1,100,,247098,19,0,7 8 9,1,90,,247100,19,0,7 8 9,1,122,,247102,40,,,1,91,,247103,40,,,1,100,,247104,40,,,1
2101,'20261107',858,,247105,39,0,57 8 9,1,100,,247106,39,0,57 8 9,1,95,,247107,39,0,57 8 9,1,150,,247108,39,0,57 8 9,1,98,,247111,19,0,7 8 9,1,110,,247113,19,0,7 8 9,1,105,,247115,19,0,7 8 9,1,91,,247117,19,0,7 8 9,1,105,,247120,19,0,7 8 9,1,110,,247123,19,0,7 8 9,1,95,,247127,19,0,7 8 9,1,90,,247131,19,0,7 8 9,1,95,,247135,19,0,7 8 9,1,100,,247138,19,0,7 8 9,1,99,,247141,19,0,7 8 9,1,55,,247144,19,0,7 8 9,1,100,,247147,19,0,7 8 9,1,91,,247148,39,0,57 8 9,1,96,,247149,39,0,57 8 9,1,100,,247150,39,0,57 8 9,1
2101,'20261108',858,,247151,39,0,57 8 9,1,100,,247152,39,0,57 8 9,1,95,,247153,39,0,57 8 9,1,150,,247154,39,0,57 8 9,1,98,,247156,19,0,7 8 9,1,110,,247158,19,0,7 8 9,1,105,,247160,19,0,7 8 9,1,91,,247162,19,0,7 8 9,1,105,,247165,19,0,7 8 9,1,110,,247168,19,0,7 8 9,1,95,,247172,19,0,7 8 9,1,90,,247176,19,0,7 8 9,1,95,,247180,19,0,7 8 9,1,100,,247183,19,0,7 8 9,1,99,,247186,19,0,7 8 9,1,55,,247189,19,0,7 8 9,1,100,,247191,19,0,7 8 9,1,91,,247192,39,0,57 8 9,1,96,,247193,39,0,57 8 9,1,100,,247194,39,0,57 8 9,1
2101,'20261109',723,,247195,40,,,1,119,,247196,40,,,1,115,,247197,40,,,1,95,,247198,40,,,1,100,,247199,40,,,1,55,,247201,19,0,7 8 9,1,100,,247204,19,0,7 8 9,1,25,,247205,19,0,7 8 9,1,70,,247207,19,0,7 8 9,1,29,,247209,19,0,7 8 9,1,25,,247211,19,0,7 8 9,1,169,,247215,19,0,7 8 9,1,417,,247219,19,0,7 8 9,1,70,,247221,19,0,7 8 9,1,30,,247224,19,0,7 8 9,1,65,,247226,19,0,7 8 9,1,35,,247229,19,0,7 8 9,1,100,,247232,19,0,7 8 9,1,90,,247234,19,0,7 8 9,1,122,,247236,40,,,1,91,,247237,40,,,1,100,,247238,40,,,1
2101,'20261110',723,,247239,40,,,1,119,,247240,40,,,1,115,,247241,40,,,1,95,,247242,40,,,1,100,,247243,40,,,1,55,,247245,19,0,7 8 9,1,100,,247248,19,0,7 8 9,1,25,,247249,19,0,7 8 9,1,70,,247251,19,0,7 8 9,1,29,,247253,19,0,7 8 9,1,25,,247255,19,0,7 8 9,1,169,,247259,19,0,7 8 9,1,417,,247263,19,0,7 8 9,1,70,,247265,19,0,7 8 9,1,30,,247268,19,0,7 8 9,1,65,,247270,19,0,7 8 9,1,35,,247273,19,0,7 8 9,1,100,,247276,19,0,7 8 9,1,90,,247278,19,0,7 8 9,1,122,,247280,40,,,1,91,,247281,40,,,1,100,,247282,40,,,1
2101,'20261111',723,,247283,40,,,1,119,,247284,40,,,1,115,,247285,40,,,1,95,,247286,40,,,1,100,,247287,40,,,1,55,,247289,19,0,7 8 9,1,100,,247292,19,0,7 8 9,1,25,,247293,19,0,7 8 9,1,70,,247295,19,0,7 8 9,1,29,,247297,19,0,7 8 9,1,25,,247299,19,0,7 8 9,1,169,,247303,19,0,7 8 9,1,417,,247307,19,0,7 8 9,1,70,,247309,19,0,7 8 9,1,30,,247312,19,0,7 8 9,1,65,,247314,19,0,7 8 9,1,35,,247317,19,0,7 8 9,1,100,,247320,19,0,7 8 9,1,90,,247322,19,0,7 8 9,1,122,,247324,40,,,1,91,,247325,40,,,1,100,,247326,40,,,1
2101,'20261112',723,,247327,40,,,1,119,,247328,40,,,1,115,,247329,40,,,1,95,,247330,40,,,1,100,,247331,40,,,1,55,,247333,19,0,7 8 9,1,100,,247336,19,0,7 8 9,1,25,,247337,19,0,7 8 9,1,70,,247339,19,0,7 8 9,1,29,,247341,19,0,7 8 9,1,25,,247343,19,0,7 8 9,1,169,,247347,19,0,7 8 9,1,417,,247351,19,0,7 8 9,1,70,,247353,19,0,7 8 9,1,30,,247356,19,0,7 8 9,1,65,,247358,19,0,7 8 9,1,35,,247361,19,0,7 8 9,1,100,,247364,19,0,7 8 9,1,90,,247366,19,0,7 8 9,1,122,,247368,40,,,1,91,,247369,40,,,1,100,,247370,40,,,1
2101,'20261113',723,,247371,40,,,1,119,,247372,40,,,1,115,,247373,40,,,1,95,,247374,40,,,1,100,,247375,40,,,1,55,,247377,19,0,7 8 9,1,100,,247380,19,0,7 8 9,1,25,,247381,19,0,7 8 9,1,70,,247383,19,0,7 8 9,1,29,,247385,19,0,7 8 9,1,25,,247387,19,0,7 8 9,1,169,,247391,19,0,7 8 9,1,417,,247395,19,0,7 8 9,1,70,,247397,19,0,7 8 9,1,30,,247400,19,0,7 8 9,1,65,,247402,19,0,7 8 9,1,35,,247405,19,0,7 8 9,1,100,,247408,19,0,7 8 9,1,90,,247410,19,0,7 8 9,1,122,,247412,40,,,1,91,,247413,40,,,1,100,,247414,40,,,1
2101,'20261114',858,,247415,39,0,57 8 9,1,100,,247416,39,0,57 8 9,1,95,,247417,39,0,57 8 9,1,150,,247418,39,0,57 8 9,1,98,,247421,19,0,7 8 9,1,110,,247423,19,0,7 8 9,1,105,,247425,19,0,7 8 9,1,91,,247427,19,0,7 8 9,1,105,,247430,19,0,7 8 9,1,110,,247433,19,0,7 8 9,1,95,,247437,19,0,7 8 9,1,90,,247441,19,0,7 8 9,1,95,,247445,19,0,7 8 9,1,100,,247448,19,0,7 8 9,1,99,,247451,19,0,7 8 9,1,55,,247454,19,0,7 8 9,1,100,,247457,19,0,7 8 9,1,91,,247458,39,0,57 8 9,1,96,,247459,39,0,57 8 9,1,100,,247460,39,0,57 8 9,1
2101,'20261115',858,,247461,39,0,57 8 9,1,100,,247462,39,0,57 8 9,1,95,,247463,39,0,57 8 9,1,150,,247464,39,0,57 8 9,1,98,,247466,19,0,7 8 9,1,110,,247468,19,0,7 8 9,1,105,,247470,19,0,7 8 9,1,91,,247472,19,0,7 8 9,1,105,,247475,19,0,7 8 9,1,110,,247478,19,0,7 8 9,1,95,,247482,19,0,7 8 9,1,90,,247486,19,0,7 8 9,1,95,,247490,19,0,7 8 9,1,100,,247493,19,0,7 8 9,1,99,,247496,19,0,7 8 9,1,55,,247499,19,0,7 8 9,1,100,,247501,19,0,7 8 9,1,91,,247502,39,0,57 8 9,1,96,,247503,39,0,57 8 9,1,100,,247504,39,0,57 8 9,1
2101,'20261116',723,,247505,40,,,1,119,,247506,40,,,1,115,,247507,40,,,1,95,,247508,40,,,1,100,,247509,40,,,1,55,,247511,19,0,7 8 9,1,100,,247514,19,0,7 8 9,1,25,,247515,19,0,7 8 9,1,70,,247517,19,0,7 8 9,1,29,,247519,19,0,7 8 9,1,25,,247521,19,0,7 8 9,1,169,,247525,19,0,7 8 9,1,417,,247529,19,0,7 8 9,1,70,,247531,19,0,7 8 9,1,30,,247534,19,0,7 8 9,1,65,,247536,19,0,7 8 9,1,35,,247539,19,0,7 8 9,1,100,,247542,19,0,7 8 9,1,90,,247544,19,0,7 8 9,1,122,,247546,40,,,1,91,,247547,40,,,1,100,,247548,40,,,1
2101,'20261117',723,,247549,40,,,1,119,,247550,40,,,1,115,,247551,40,,,1,95,,247552,40,,,1,100,,247553,40,,,1,55,,247555,19,0,7 8 9,1,100,,247558,19,0,7 8 9,1,25,,247559,19,0,7 8 9,1,70,,247561,19,0,7 8 9,1,29,,247563,19,0,7 8 9,1,25,,247565,19,0,7 8 9,1,169,,247569,19,0,7 8 9,1,417,,247573,19,0,7 8 9,1,70,,247575,19,0,7 8 9,1,30,,247578,19,0,7 8 9,1,65,,247580,19,0,7 8 9,1,35,,247583,19,0,7 8 9,1,100,,247586,19,0,7 8 9,1,90,,247588,19,0,7 8 9,1,122,,247590,40,,,1,91,,247591,40,,,1,100,,247592,40,,,1
2101,'20261118',723,,247593,40,,,1,119,,247594,40,,,1,115,,247595,40,,,1,95,,247596,40,,,1,100,,247597,40,,,1,55,,247599,19,0,7 8 9,1,100,,247602,19,0,7 8 9,1,25,,247603,19,0,7 8 9,1,70,,247605,19,0,7 8 9,1,29,,247607,19,0,7 8 9,1,25,,247609,19,0,7 8 9,1,169,,247613,19,0,7 8 9,1,417,,247617,19,0,7 8 9,1,70,,247619,19,0,7 8 9,1,30,,247622,19,0,7 8 9,1,65,,247624,19,0,7 8 9,1,35,,247627,19,0,7 8 9,1,100,,247630,19,0,7 8 9,1,90,,247632,19,0,7 8 9,1,122,,247634,40,,,1,91,,247635,40,,,1,100,,247636,40,,,1
2101,'20261119',723,,247637,40,,,1,119,,247638,40,,,1,115,,247639,40,,,1,95,,247640,40,,,1,100,,247641,40,,,1,55,,247643,19,0,7 8 9,1,100,,247646,19,0,7 8 9,1,25,,247647,19,0,7 8 9,1,70,,247649,19,0,7 8 9,1,29,,247651,19,0,7 8 9,1,25,,247653,19,0,7 8 9,1,169,,247657,19,0,7 8 9,1,417,,247661,19,0,7 8 9,1,70,,247663,19,0,7 8 9,1,30,,247666,19,0,7 8 9,1,65,,247668,19,0,7 8 9,1,35,,247671,19,0,7 8 9,1,100,,247674,19,0,7 8 9,1,90,,247676,19,0,7 8 9,1,122,,247678,40,,,1,91,,247679,40,,,1,100,,247680,40,,,1
2101,'20261120',723,,247681,40,,,1,119,,247682,40,,,1,115,,247683,40,,,1,95,,247684,40,,,1,100,,247685,40,,,1,55,,247687,19,0,7 8 9,1,100,,247690,19,0,7 8 9,1,25,,247691,19,0,7 8 9,1,70,,247693,19,0,7 8 9,1,29,,247695,19,0,7 8 9,1,25,,247697,19,0,7 8 9,1,169,,247701,19,0,7 8 9,1,417,,247705,19,0,7 8 9,1,70,,247707,19,0,7 8 9,1,30,,247710,19,0,7 8 9,1,65,,247712,19,0,7 8 9,1,35,,247715,19,0,7 8 9,1,100,,247718,19,0,7 8 9,1,90,,247720,19,0,7 8 9,1,122,,247722,40,,,1,91,,247723,40,,,1,100,,247724,40,,,1
2101,'20261121',858,,247725,39,0,57 8 9,1,100,,247726,39,0,57 8 9,1,95,,247727,39,0,57 8 9,1,150,,247728,39,0,57 8 9,1,98,,247731,19,0,7 8 9,1,110,,247733,19,0,7 8 9,1,105,,247735,19,0,7 8 9,1,91,,247737,19,0,7 8 9,1,105,,247740,19,0,7 8 9,1,110,,247743,19,0,7 8 9,1,95,,247747,19,0,7 8 9,1,90,,247751,19,0,7 8 9,1,95,,247755,19,0,7 8 9,1,100,,247758,19,0,7 8 9,1,99,,247761,19,0,7 8 9,1,55,,247764,19,0,7 8 9,1,100,,247767,19,0,7 8 9,1,91,,247768,39,0,57 8 9,1,96,,247769,39,0,57 8 9,1,100,,247770,39,0,57 8 9,1
2101,'20261122',858,,247771,39,0,57 8 9,1,100,,247772,39,0,57 8 9,1,95,,247773,39,0,57 8 9,1,150,,247774,39,0,57 8 9,1,98,,247776,19,0,7 8 9,1,110,,247778,19,0,7 8 9,1,105,,247780,19,0,7 8 9,1,91,,247782,19,0,7 8 9,1,105,,247785,19,0,7 8 9,1,110,,247788,19,0,7 8 9,1,95,,247792,19,0,7 8 9,1,90,,247796,19,0,7 8 9,1,95,,247800,19,0,7 8 9,1,100,,247803,19,0,7 8 9,1,99,,247806,19,0,7 8 9,1,55,,247809,19,0,7 8 9,1,100,,247811,19,0,7 8 9,1,91,,247812,39,0,57 8 9,1,96,,247813,39,0,57 8 9,1,100,,247814,39,0,57 8 9,1
2101,'20261123',723,,247815,40,,,1,119,,247816,40,,,1,115,,247817,40,,,1,95,,247818,40,,,1,100,,247819,40,,,1,55,,247821,19,0,7 8 9,1,100,,247824,19,0,7 8 9,1,25,,247825,19,0,7 8 9,1,70,,247827,19,0,7 8 9,1,29,,247829,19,0,7 8 9,1,25,,247831,19,0,7 8 9,1,169,,247835,19,0,7 8 9,1,417,,247839,19,0,7 8 9,1,70,,247841,19,0,7 8 9,1,30,,247844,19,0,7 8 9,1,65,,247846,19,0,7 8 9,1,35,,247849,19,0,7 8 9,1,100,,247852,19,0,7 8 9,1,90,,247854,19,0,7 8 9,1,122,,247856,40,,,1,91,,247857,40,,,1,100,,247858,40,,,1
2101,'20261124',723,,247859,40,,,1,119,,247860,40,,,1,115,,247861,40,,,1,95,,247862,40,,,1,100,,247863,40,,,1,55,,247865,19,0,7 8 9,1,100,,247868,19,0,7 8 9,1,25,,247869,19,0,7 8 9,1,70,,247871,19,0,7 8 9,1,29,,247873,19,0,7 8 9,1,25,,247875,19,0,7 8 9,1,169,,247879,19,0,7 8 9,1,417,,247883,19,0,7 8 9,1,70,,247885,19,0,7 8 9,1,30,,247888,19,0,7 8 9,1,65,,247890,19,0,7 8 9,1,35,,247893,19,0,7 8 9,1,100,,247896,19,0,7 8 9,1,90,,247898,19,0,7 8 9,1,122,,247900,40,,,1,91,,247901,40,,,1,100,,247902,40,,,1
2101,'20261125',723,,247903,40,,,1,119,,247904,40,,,1,115,,247905,40,,,1,95,,247906,40,,,1,100,,247907,40,,,1,55,,247909,19,0,7 8 9,1,100,,247912,19,0,7 8 9,1,25,,247913,19,0,7 8 9,1,70,,247915,19,0,7 8 9,1,29,,247917,19,0,7 8 9,1,25,,247919,19,0,7 8 9,1,169,,247923,19,0,7 8 9,1,417,,247927,19,0,7 8 9,1,70,,247929,19,0,7 8 9,1,30,,247932,19,0,7 8 9,1,65,,247934,19,0,7 8 9,1,35,,247937,19,0,7 8 9,1,100,,247940,19,0,7 8 9,1,90,,247942,19,0,7 8 9,1,122,,247944,40,,,1,91,,247945,40,,,1,100,,247946,40,,,1
2101,'20261126',723,,247947,40,,,1,119,,247948,40,,,1,115,,247949,40,,,1,95,,247950,40,,,1,100,,247951,40,,,1,55,,247953,19,0,7 8 9,1,100,,247956,19,0,7 8 9,1,25,,247957,19,0,7 8 9,1,70,,247959,19,0,7 8 9,1,29,,247961,19,0,7 8 9,1,25,,247963,19,0,7 8 9,1,169,,247967,19,0,7 8 9,1,417,,247971,19,0,7 8 9,1,70,,247973,19,0,7 8 9,1,30,,247976,19,0,7 8 9,1,65,,247978,19,0,7 8 9,1,35,,247981,19,0,7 8 9,1,100,,247984,19,0,7 8 9,1,90,,247986,19,0,7 8 9,1,122,,247988,40,,,1,91,,247989,40,,,1,100,,247990,40,,,1
2101,'20261127',723,,247991,40,,,1,119,,247992,40,,,1,115,,247993,40,,,1,95,,247994,40,,,1,100,,247995,40,,,1,55,,247997,19,0,7 8 9,1,100,,248000,19,0,7 8 9,1,25,,248001,19,0,7 8 9,1,70,,248003,19,0,7 8 9,1,29,,248005,19,0,7 8 9,1,25,,248007,19,0,7 8 9,1,169,,248011,19,0,7 8 9,1,417,,248015,19,0,7 8 9,1,70,,248017,19,0,7 8 9,1,30,,248020,19,0,7 8 9,1,65,,248022,19,0,7 8 9,1,35,,248025,19,0,7 8 9,1,100,,248028,19,0,7 8 9,1,90,,248030,19,0,7 8 9,1,122,,248032,40,,,1,91,,248033,40,,,1,100,,248034,40,,,1
2200,'20260831',847,,147944,13,,,1,100,,147945,13,,,1,197,,147946,13,,,1,204,,147947,13,,,1,201,,147948,13,,,1,195,,147949,13,,,1,205,,147950,13,,,1,200,,147951,13,,,1
2200,'20260901',847,,147952,13,,,1,100,,147953,13,,,1,197,,147954,13,,,1,204,,147955,13,,,1,201,,147956,13,,,1,195,,147957,13,,,1,205,,147958,13,,,1,200,,147959,13,,,1
2200,'20260902',847,,147960,13,,,1,100,,147961,13,,,1,197,,147962,13,,,1,204,,147963,13,,,1,201,,147964,13,,,1,195,,147965,13,,,1,205,,147966,13,,,1,200,,147967,13,,,1
2200,'20260903',847,,147968,13,,,1,100,,147969,13,,,1,197,,147970,13,,,1,204,,147971,13,,,1,201,,147972,13,,,1,195,,147973,13,,,1,205,,147974,13,,,1,200,,147975,13,,,1
2200,'20260904',847,,147976,13,,,1,100,,147977,13,,,1,197,,147978,13,,,1,204,,147979,13,,,1,201,,147980,13,,,1,195,,147981,13,,,1,205,,147982,13,,,1,200,,147983,13,,,1
2200,'20260908',847,,248035,13,,,1,100,,248036,13,,,1,197,,248037,13,,,1,204,,248038,13,,,1,201,,248039,13,,,1,195,,248040,13,,,1,205,,248041,13,,,1,200,,248042,13,,,1
2200,'20260909',847,,248043,13,,,1,100,,248044,13,,,1,197,,248045,13,,,1,204,,248046,13,,,1,201,,248047,13,,,1,195,,248048,13,,,1,205,,248049,13,,,1,200,,248050,13,,,1
2200,'20260910',847,,248051,13,,,1,100,,248052,13,,,1,197,,248053,13,,,1,204,,248054,13,,,1,201,,248055,13,,,1,195,,248056,13,,,1,205,,248057,13,,,1,200,,248058,13,,,1
2200,'20260911',847,,248059,13,,,1,100,,248060,13,,,1,197,,248061,13,,,1,204,,248062,13,,,1,201,,248063,13,,,1,195,,248064,13,,,1,205,,248065,13,,,1,200,,248066,13,,,1
2200,'20260914',847,,248067,13,,,1,100,,248068,13,,,1,197,,248069,13,,,1,204,,248070,13,,,1,201,,248071,13,,,1,195,,248072,13,,,1,205,,248073,13,,,1,200,,248074,13,,,1
2200,'20260915',847,,248075,13,,,1,100,,248076,13,,,1,197,,248077,13,,,1,204,,248078,13,,,1,201,,248079,13,,,1,195,,248080,13,,,1,205,,248081,13,,,1,200,,248082,13,,,1
2200,'20260916',847,,248083,13,,,1,100,,248084,13,,,1,197,,248085,13,,,1,204,,248086,13,,,1,201,,248087,13,,,1,195,,248088,13,,,1,205,,248089,13,,,1,200,,248090,13,,,1
2200,'20260917',847,,248091,13,,,1,100,,248092,13,,,1,197,,248093,13,,,1,204,,248094,13,,,1,201,,248095,13,,,1,195,,248096,13,,,1,205,,248097,13,,,1,200,,248098,13,,,1
2200,'20260918',847,,248099,13,,,1,100,,248100,13,,,1,197,,248101,13,,,1,204,,248102,13,,,1,201,,248103,13,,,1,195,,248104,13,,,1,205,,248105,13,,,1,200,,248106,13,,,1
2200,'20260921',847,,248107,13,,,1,100,,248108,13,,,1,197,,248109,13,,,1,204,,248110,13,,,1,201,,248111,13,,,1,195,,248112,13,,,1,205,,248113,13,,,1,200,,248114,13,,,1
2200,'20260922',847,,248115,13,,,1,100,,248116,13,,,1,197,,248117,13,,,1,204,,248118,13,,,1,201,,248119,13,,,1,195,,248120,13,,,1,205,,248121,13,,,1,200,,248122,13,,,1
2200,'20260923',847,,248123,13,,,1,100,,248124,13,,,1,197,,248125,13,,,1,204,,248126,13,,,1,201,,248127,13,,,1,195,,248128,13,,,1,205,,248129,13,,,1,200,,248130,13,,,1
2200,'20260924',847,,248131,13,,,1,100,,248132,13,,,1,197,,248133,13,,,1,204,,248134,13,,,1,201,,248135,13,,,1,195,,248136,13,,,1,205,,248137,13,,,1,200,,248138,13,,,1
2200,'20260925',847,,248139,13,,,1,100,,248140,13,,,1,197,,248141,13,,,1,204,,248142,13,,,1,201,,248143,13,,,1,195,,248144,13,,,1,205,,248145,13,,,1,200,,248146,13,,,1
2200,'20260928',847,,248147,13,,,1,100,,248148,13,,,1,197,,248149,13,,,1,204,,248150,13,,,1,201,,248151,13,,,1,195,,248152,13,,,1,205,,248153,13,,,1,200,,248154,13,,,1
2200,'20260929',847,,248155,13,,,1,100,,248156,13,,,1,197,,248157,13,,,1,204,,248158,13,,,1,201,,248159,13,,,1,195,,248160,13,,,1,205,,248161,13,,,1,200,,248162,13,,,1
2200,'20260930',847,,248163,13,,,1,100,,248164,13,,,1,197,,248165,13,,,1,204,,248166,13,,,1,201,,248167,13,,,1,195,,248168,13,,,1,205,,248169,13,,,1,200,,248170,13,,,1
2200,'20261001',847,,248171,13,,,1,100,,248172,13,,,1,197,,248173,13,,,1,204,,248174,13,,,1,201,,248175,13,,,1,195,,248176,13,,,1,205,,248177,13,,,1,200,,248178,13,,,1
2200,'20261002',847,,248179,13,,,1,100,,248180,13,,,1,197,,248181,13,,,1,204,,248182,13,,,1,201,,248183,13,,,1,195,,248184,13,,,1,205,,248185,13,,,1,200,,248186,13,,,1
2200,'20261005',847,,248187,13,,,1,100,,248188,13,,,1,197,,248189,13,,,1,204,,248190,13,,,1,201,,248191,13,,,1,195,,248192,13,,,1,205,,248193,13,,,1,200,,248194,13,,,1
2200,'20261006',847,,248195,13,,,1,100,,248196,13,,,1,197,,248197,13,,,1,204,,248198,13,,,1,201,,248199,13,,,1,195,,248200,13,,,1,205,,248201,13,,,1,200,,248202,13,,,1
2200,'20261007',847,,248203,13,,,1,100,,248204,13,,,1,197,,248205,13,,,1,204,,248206,13,,,1,201,,248207,13,,,1,195,,248208,13,,,1,205,,248209,13,,,1,200,,248210,13,,,1
2200,'20261008',847,,248211,13,,,1,100,,248212,13,,,1,197,,248213,13,,,1,204,,248214,13,,,1,201,,248215,13,,,1,195,,248216,13,,,1,205,,248217,13,,,1,200,,248218,13,,,1
2200,'20261009',847,,248219,13,,,1,100,,248220,13,,,1,197,,248221,13,,,1,204,,248222,13,,,1,201,,248223,13,,,1,195,,248224,13,,,1,205,,248225,13,,,1,200,,248226,13,,,1
2200,'20261013',847,,248227,13,,,1,100,,248228,13,,,1,197,,248229,13,,,1,204,,248230,13,,,1,201,,248231,13,,,1,195,,248232,13,,,1,205,,248233,13,,,1,200,,248234,13,,,1
2200,'20261014',847,,248235,13,,,1,100,,248236,13,,,1,197,,248237,13,,,1,204,,248238,13,,,1,201,,248239,13,,,1,195,,248240,13,,,1,205,,248241,13,,,1,200,,248242,13,,,1
2200,'20261015',847,,248243,13,,,1,100,,248244,13,,,1,197,,248245,13,,,1,204,,248246,13,,,1,201,,248247,13,,,1,195,,248248,13,,,1,205,,248249,13,,,1,200,,248250,13,,,1
2200,'20261016',847,,248251,13,,,1,100,,248252,13,,,1,197,,248253,13,,,1,204,,248254,13,,,1,201,,248255,13,,,1,195,,248256,13,,,1,205,,248257,13,,,1,200,,248258,13,,,1
2200,'20261019',847,,248259,13,,,1,100,,248260,13,,,1,197,,248261,13,,,1,204,,248262,13,,,1,201,,248263,13,,,1,195,,248264,13,,,1,205,,248265,13,,,1,200,,248266,13,,,1
2200,'20261020',847,,248267,13,,,1,100,,248268,13,,,1,197,,248269,13,,,1,204,,248270,13,,,1,201,,248271,13,,,1,195,,248272,13,,,1,205,,248273,13,,,1,200,,248274,13,,,1
2200,'20261021',847,,248275,13,,,1,100,,248276,13,,,1,197,,248277,13,,,1,204,,248278,13,,,1,201,,248279,13,,,1,195,,248280,13,,,1,205,,248281,13,,,1,200,,248282,13,,,1
2200,'20261022',847,,248283,13,,,1,100,,248284,13,,,1,197,,248285,13,,,1,204,,248286,13,,,1,201,,248287,13,,,1,195,,248288,13,,,1,205,,248289,13,,,1,200,,248290,13,,,1
2200,'20261023',847,,248291,13,,,1,100,,248292,13,,,1,197,,248293,13,,,1,204,,248294,13,,,1,201,,248295,13,,,1,195,,248296,13,,,1,205,,248297,13,,,1,200,,248298,13,,,1
2200,'20261026',847,,248299,13,,,1,100,,248300,13,,,1,197,,248301,13,,,1,204,,248302,13,,,1,201,,248303,13,,,1,195,,248304,13,,,1,205,,248305,13,,,1,200,,248306,13,,,1
2200,'20261027',847,,248307,13,,,1,100,,248308,13,,,1,197,,248309,13,,,1,204,,248310,13,,,1,201,,248311,13,,,1,195,,248312,13,,,1,205,,248313,13,,,1,200,,248314,13,,,1
2200,'20261028',847,,248315,13,,,1,100,,248316,13,,,1,197,,248317,13,,,1,204,,248318,13,,,1,201,,248319,13,,,1,195,,248320,13,,,1,205,,248321,13,,,1,200,,248322,13,,,1
2200,'20261029',847,,248323,13,,,1,100,,248324,13,,,1,197,,248325,13,,,1,204,,248326,13,,,1,201,,248327,13,,,1,195,,248328,13,,,1,205,,248329,13,,,1,200,,248330,13,,,1
2200,'20261030',847,,248331,13,,,1,100,,248332,13,,,1,197,,248333,13,,,1,204,,248334,13,,,1,201,,248335,13,,,1,195,,248336,13,,,1,205,,248337,13,,,1,200,,248338,13,,,1
2200,'20261102',847,,248339,13,,,1,100,,248340,13,,,1,197,,248341,13,,,1,204,,248342,13,,,1,201,,248343,13,,,1,195,,248344,13,,,1,205,,248345,13,,,1,200,,248346,13,,,1
2200,'20261103',847,,248347,13,,,1,100,,248348,13,,,1,197,,248349,13,,,1,204,,248350,13,,,1,201,,248351,13,,,1,195,,248352,13,,,1,205,,248353,13,,,1,200,,248354,13,,,1
2200,'20261104',847,,248355,13,,,1,100,,248356,13,,,1,197,,248357,13,,,1,204,,248358,13,,,1,201,,248359,13,,,1,195,,248360,13,,,1,205,,248361,13,,,1,200,,248362,13,,,1
2200,'20261105',847,,248363,13,,,1,100,,248364,13,,,1,197,,248365,13,,,1,204,,248366,13,,,1,201,,248367,13,,,1,195,,248368,13,,,1,205,,248369,13,,,1,200,,248370,13,,,1
2200,'20261106',847,,248371,13,,,1,100,,248372,13,,,1,197,,248373,13,,,1,204,,248374,13,,,1,201,,248375,13,,,1,195,,248376,13,,,1,205,,248377,13,,,1,200,,248378,13,,,1
2200,'20261109',847,,248379,13,,,1,100,,248380,13,,,1,197,,248381,13,,,1,204,,248382,13,,,1,201,,248383,13,,,1,195,,248384,13,,,1,205,,248385,13,,,1,200,,248386,13,,,1
2200,'20261110',847,,248387,13,,,1,100,,248388,13,,,1,197,,248389,13,,,1,204,,248390,13,,,1,201,,248391,13,,,1,195,,248392,13,,,1,205,,248393,13,,,1,200,,248394,13,,,1
2200,'20261111',847,,248395,13,,,1,100,,248396,13,,,1,197,,248397,13,,,1,204,,248398,13,,,1,201,,248399,13,,,1,195,,248400,13,,,1,205,,248401,13,,,1,200,,248402,13,,,1
2200,'20261112',847,,248403,13,,,1,100,,248404,13,,,1,197,,248405,13,,,1,204,,248406,13,,,1,201,,248407,13,,,1,195,,248408,13,,,1,205,,248409,13,,,1,200,,248410,13,,,1
2200,'20261113',847,,248411,13,,,1,100,,248412,13,,,1,197,,248413,13,,,1,204,,248414,13,,,1,201,,248415,13,,,1,195,,248416,13,,,1,205,,248417,13,,,1,200,,248418,13,,,1
2200,'20261116',847,,248419,13,,,1,100,,248420,13,,,1,197,,248421,13,,,1,204,,248422,13,,,1,201,,248423,13,,,1,195,,248424,13,,,1,205,,248425,13,,,1,200,,248426,13,,,1
2200,'20261117',847,,248427,13,,,1,100,,248428,13,,,1,197,,248429,13,,,1,204,,248430,13,,,1,201,,248431,13,,,1,195,,248432,13,,,1,205,,248433,13,,,1,200,,248434,13,,,1
2200,'20261118',847,,248435,13,,,1,100,,248436,13,,,1,197,,248437,13,,,1,204,,248438,13,,,1,201,,248439,13,,,1,195,,248440,13,,,1,205,,248441,13,,,1,200,,248442,13,,,1
2200,'20261119',847,,248443,13,,,1,100,,248444,13,,,1,197,,248445,13,,,1,204,,248446,13,,,1,201,,248447,13,,,1,195,,248448,13,,,1,205,,248449,13,,,1,200,,248450,13,,,1
2200,'20261120',847,,248451,13,,,1,100,,248452,13,,,1,197,,248453,13,,,1,204,,248454,13,,,1,201,,248455,13,,,1,195,,248456,13,,,1,205,,248457,13,,,1,200,,248458,13,,,1
2200,'20261123',847,,248459,13,,,1,100,,248460,13,,,1,197,,248461,13,,,1,204,,248462,13,,,1,201,,248463,13,,,1,195,,248464,13,,,1,205,,248465,13,,,1,200,,248466,13,,,1
2200,'20261124',847,,248467,13,,,1,100,,248468,13,,,1,197,,248469,13,,,1,204,,248470,13,,,1,201,,248471,13,,,1,195,,248472,13,,,1,205,,248473,13,,,1,200,,248474,13,,,1
2200,'20261125',847,,248475,13,,,1,100,,248476,13,,,1,197,,248477,13,,,1,204,,248478,13,,,1,201,,248479,13,,,1,195,,248480,13,,,1,205,,248481,13,,,1,200,,248482,13,,,1
2200,'20261126',847,,248483,13,,,1,100,,248484,13,,,1,197,,248485,13,,,1,204,,248486,13,,,1,201,,248487,13,,,1,195,,248488,13,,,1,205,,248489,13,,,1,200,,248490,13,,,1
2200,'20261127',847,,248491,13,,,1,100,,248492,13,,,1,197,,248493,13,,,1,204,,248494,13,,,1,201,,248495,13,,,1,195,,248496,13,,,1,205,,248497,13,,,1,200,,248498,13,,,1
2701,'20260831',638,,157270,33,0,7 8 9,1,115,,157271,34,0,57 8 9,1,65,,157272,34,0,57 8 9,1,30,,157274,34,0,57 8 9,1,65,,157276,34,0,57 8 9,1,30,,157278,34,0,57 8 9,1,80,,157279,33,0,7 8 9,1,533,,157284,34,0,57 8 9,1,156,,157286,34,0,57 8 9,1,30,,157287,34,0,57 8 9,1,71,,157288,34,0,57 8 9,1,33,,157289,34,0,57 8 9,1,65,,157290,34,0,57 8 9,1,30,,157291,33,0,7 8 9,1,65,,157292,33,0,7 8 9,1
2701,'20260901',638,,157298,33,0,7 8 9,1,115,,157299,34,0,57 8 9,1,65,,157300,34,0,57 8 9,1,30,,157302,34,0,57 8 9,1,65,,157304,34,0,57 8 9,1,30,,157306,34,0,57 8 9,1,80,,157307,33,0,7 8 9,1,533,,157312,34,0,57 8 9,1,156,,157314,34,0,57 8 9,1,30,,157315,34,0,57 8 9,1,71,,157316,34,0,57 8 9,1,33,,157317,34,0,57 8 9,1,65,,157318,34,0,57 8 9,1,30,,157319,33,0,7 8 9,1,65,,157320,33,0,7 8 9,1
2701,'20260902',638,,157326,33,0,7 8 9,1,115,,157327,34,0,57 8 9,1,65,,157328,34,0,57 8 9,1,30,,157330,34,0,57 8 9,1,65,,157332,34,0,57 8 9,1,30,,157334,34,0,57 8 9,1,80,,157335,33,0,7 8 9,1,533,,157340,34,0,57 8 9,1,156,,157342,34,0,57 8 9,1,30,,157343,34,0,57 8 9,1,71,,157344,34,0,57 8 9,1,33,,157345,34,0,57 8 9,1,65,,157346,34,0,57 8 9,1,30,,157347,33,0,7 8 9,1,65,,157348,33,0,7 8 9,1
2701,'20260903',638,,157354,33,0,7 8 9,1,115,,157355,34,0,57 8 9,1,65,,157356,34,0,57 8 9,1,30,,157358,34,0,57 8 9,1,65,,157360,34,0,57 8 9,1,30,,157362,34,0,57 8 9,1,80,,157363,33,0,7 8 9,1,533,,157368,34,0,57 8 9,1,156,,157370,34,0,57 8 9,1,30,,157371,34,0,57 8 9,1,71,,157372,34,0,57 8 9,1,33,,157373,34,0,57 8 9,1,65,,157374,34,0,57 8 9,1,30,,157375,33,0,7 8 9,1,65,,157376,33,0,7 8 9,1
2701,'20260904',638,,157382,33,0,7 8 9,1,115,,157383,34,0,57 8 9,1,65,,157384,34,0,57 8 9,1,30,,157386,34,0,57 8 9,1,65,,157388,34,0,57 8 9,1,30,,157390,34,0,57 8 9,1,80,,157391,33,0,7 8 9,1,533,,157396,34,0,57 8 9,1,156,,157398,34,0,57 8 9,1,30,,157399,34,0,57 8 9,1,71,,157400,34,0,57 8 9,1,33,,157401,34,0,57 8 9,1,65,,157402,34,0,57 8 9,1,30,,157403,33,0,7 8 9,1,65,,157404,33,0,7 8 9,1
2701,'20260905',736,,256437,33,0,7 8 9,1
2701,'20260906',736,,256453,33,0,7 8 9,1
2701,'20260907',736,,256469,33,0,7 8 9,1
2701,'20260908',638,,256485,33,0,7 8 9,1,120,,256486,34,0,57 8 9,1,60,,256487,34,0,57 8 9,1,30,,256489,34,0,57 8 9,1,65,,256491,34,0,57 8 9,1,30,,256493,34,0,57 8 9,1,70,,256494,34,0,57 8 9,1,35,,256495,33,0,7 8 9,1,508,,256500,34,0,57 8 9,1,156,,256502,34,0,57 8 9,1,30,,256503,34,0,57 8 9,1,70,,256504,34,0,57 8 9,1,39,,256505,34,0,57 8 9,1,65,,256506,34,0,57 8 9,1,25,,256507,33,0,7 8 9,1,65,,256508,33,0,7 8 9,1
2701,'20260909',638,,256514,33,0,7 8 9,1,120,,256515,34,0,57 8 9,1,60,,256516,34,0,57 8 9,1,30,,256518,34,0,57 8 9,1,65,,256520,34,0,57 8 9,1,30,,256522,34,0,57 8 9,1,70,,256523,34,0,57 8 9,1,35,,256524,33,0,7 8 9,1,508,,256529,34,0,57 8 9,1,156,,256531,34,0,57 8 9,1,30,,256532,34,0,57 8 9,1,70,,256533,34,0,57 8 9,1,39,,256534,34,0,57 8 9,1,65,,256535,34,0,57 8 9,1,25,,256536,33,0,7 8 9,1,65,,256537,33,0,7 8 9,1
2701,'20260910',638,,256543,33,0,7 8 9,1,120,,256544,34,0,57 8 9,1,60,,256545,34,0,57 8 9,1,30,,256547,34,0,57 8 9,1,65,,256549,34,0,57 8 9,1,30,,256551,34,0,57 8 9,1,70,,256552,34,0,57 8 9,1,35,,256553,33,0,7 8 9,1,508,,256558,34,0,57 8 9,1,156,,256560,34,0,57 8 9,1,30,,256561,34,0,57 8 9,1,70,,256562,34,0,57 8 9,1,39,,256563,34,0,57 8 9,1,65,,256564,34,0,57 8 9,1,25,,256565,33,0,7 8 9,1,65,,256566,33,0,7 8 9,1
2701,'20260911',638,,256572,33,0,7 8 9,1,120,,256573,34,0,57 8 9,1,60,,256574,34,0,57 8 9,1,30,,256576,34,0,57 8 9,1,65,,256578,34,0,57 8 9,1,30,,256580,34,0,57 8 9,1,70,,256581,34,0,57 8 9,1,35,,256582,33,0,7 8 9,1,508,,256587,34,0,57 8 9,1,156,,256589,34,0,57 8 9,1,30,,256590,34,0,57 8 9,1,70,,256591,34,0,57 8 9,1,39,,256592,34,0,57 8 9,1,65,,256593,34,0,57 8 9,1,25,,256594,33,0,7 8 9,1,65,,256595,33,0,7 8 9,1
2701,'20260912',736,,256601,33,0,7 8 9,1
2701,'20260913',736,,256617,33,0,7 8 9,1
2701,'20260914',638,,256633,33,0,7 8 9,1,120,,256634,34,0,57 8 9,1,60,,256635,34,0,57 8 9,1,30,,256637,34,0,57 8 9,1,65,,256639,34,0,57 8 9,1,30,,256641,34,0,57 8 9,1,70,,256642,34,0,57 8 9,1,35,,256643,33,0,7 8 9,1,508,,256648,34,0,57 8 9,1,156,,256650,34,0,57 8 9,1,30,,256651,34,0,57 8 9,1,70,,256652,34,0,57 8 9,1,39,,256653,34,0,57 8 9,1,65,,256654,34,0,57 8 9,1,25,,256655,33,0,7 8 9,1,65,,256656,33,0,7 8 9,1
2701,'20260915',638,,256662,33,0,7 8 9,1,120,,256663,34,0,57 8 9,1,60,,256664,34,0,57 8 9,1,30,,256666,34,0,57 8 9,1,65,,256668,34,0,57 8 9,1,30,,256670,34,0,57 8 9,1,70,,256671,34,0,57 8 9,1,35,,256672,33,0,7 8 9,1,508,,256677,34,0,57 8 9,1,156,,256679,34,0,57 8 9,1,30,,256680,34,0,57 8 9,1,70,,256681,34,0,57 8 9,1,39,,256682,34,0,57 8 9,1,65,,256683,34,0,57 8 9,1,25,,256684,33,0,7 8 9,1,65,,256685,33,0,7 8 9,1
2701,'20260916',638,,256691,33,0,7 8 9,1,120,,256692,34,0,57 8 9,1,60,,256693,34,0,57 8 9,1,30,,256695,34,0,57 8 9,1,65,,256697,34,0,57 8 9,1,30,,256699,34,0,57 8 9,1,70,,256700,34,0,57 8 9,1,35,,256701,33,0,7 8 9,1,508,,256706,34,0,57 8 9,1,156,,256708,34,0,57 8 9,1,30,,256709,34,0,57 8 9,1,70,,256710,34,0,57 8 9,1,39,,256711,34,0,57 8 9,1,65,,256712,34,0,57 8 9,1,25,,256713,33,0,7 8 9,1,65,,256714,33,0,7 8 9,1
2701,'20260917',638,,256720,33,0,7 8 9,1,120,,256721,34,0,57 8 9,1,60,,256722,34,0,57 8 9,1,30,,256724,34,0,57 8 9,1,65,,256726,34,0,57 8 9,1,30,,256728,34,0,57 8 9,1,70,,256729,34,0,57 8 9,1,35,,256730,33,0,7 8 9,1,508,,256735,34,0,57 8 9,1,156,,256737,34,0,57 8 9,1,30,,256738,34,0,57 8 9,1,70,,256739,34,0,57 8 9,1,39,,256740,34,0,57 8 9,1,65,,256741,34,0,57 8 9,1,25,,256742,33,0,7 8 9,1,65,,256743,33,0,7 8 9,1
2701,'20260918',638,,256749,33,0,7 8 9,1,120,,256750,34,0,57 8 9,1,60,,256751,34,0,57 8 9,1,30,,256753,34,0,57 8 9,1,65,,256755,34,0,57 8 9,1,30,,256757,34,0,57 8 9,1,70,,256758,34,0,57 8 9,1,35,,256759,33,0,7 8 9,1,508,,256764,34,0,57 8 9,1,156,,256766,34,0,57 8 9,1,30,,256767,34,0,57 8 9,1,70,,256768,34,0,57 8 9,1,39,,256769,34,0,57 8 9,1,65,,256770,34,0,57 8 9,1,25,,256771,33,0,7 8 9,1,65,,256772,33,0,7 8 9,1
2701,'20260919',736,,256778,33,0,7 8 9,1
2701,'20260920',736,,256794,33,0,7 8 9,1
2701,'20260921',638,,256810,33,0,7 8 9,1,120,,256811,34,0,57 8 9,1,60,,256812,34,0,57 8 9,1,30,,256814,34,0,57 8 9,1,65,,256816,34,0,57 8 9,1,30,,256818,34,0,57 8 9,1,70,,256819,34,0,57 8 9,1,35,,256820,33,0,7 8 9,1,508,,256825,34,0,57 8 9,1,156,,256827,34,0,57 8 9,1,30,,256828,34,0,57 8 9,1,70,,256829,34,0,57 8 9,1,39,,256830,34,0,57 8 9,1,65,,256831,34,0,57 8 9,1,25,,256832,33,0,7 8 9,1,65,,256833,33,0,7 8 9,1
2701,'20260922',638,,256839,33,0,7 8 9,1,120,,256840,34,0,57 8 9,1,60,,256841,34,0,57 8 9,1,30,,256843,34,0,57 8 9,1,65,,256845,34,0,57 8 9,1,30,,256847,34,0,57 8 9,1,70,,256848,34,0,57 8 9,1,35,,256849,33,0,7 8 9,1,508,,256854,34,0,57 8 9,1,156,,256856,34,0,57 8 9,1,30,,256857,34,0,57 8 9,1,70,,256858,34,0,57 8 9,1,39,,256859,34,0,57 8 9,1,65,,256860,34,0,57 8 9,1,25,,256861,33,0,7 8 9,1,65,,256862,33,0,7 8 9,1
2701,'20260923',638,,256868,33,0,7 8 9,1,120,,256869,34,0,57 8 9,1,60,,256870,34,0,57 8 9,1,30,,256872,34,0,57 8 9,1,65,,256874,34,0,57 8 9,1,30,,256876,34,0,57 8 9,1,70,,256877,34,0,57 8 9,1,35,,256878,33,0,7 8 9,1,508,,256883,34,0,57 8 9,1,156,,256885,34,0,57 8 9,1,30,,256886,34,0,57 8 9,1,70,,256887,34,0,57 8 9,1,39,,256888,34,0,57 8 9,1,65,,256889,34,0,57 8 9,1,25,,256890,33,0,7 8 9,1,65,,256891,33,0,7 8 9,1
2701,'20260924',638,,256897,33,0,7 8 9,1,120,,256898,34,0,57 8 9,1,60,,256899,34,0,57 8 9,1,30,,256901,34,0,57 8 9,1,65,,256903,34,0,57 8 9,1,30,,256905,34,0,57 8 9,1,70,,256906,34,0,57 8 9,1,35,,256907,33,0,7 8 9,1,508,,256912,34,0,57 8 9,1,156,,256914,34,0,57 8 9,1,30,,256915,34,0,57 8 9,1,70,,256916,34,0,57 8 9,1,39,,256917,34,0,57 8 9,1,65,,256918,34,0,57 8 9,1,25,,256919,33,0,7 8 9,1,65,,256920,33,0,7 8 9,1
2701,'20260925',638,,256926,33,0,7 8 9,1,120,,256927,34,0,57 8 9,1,60,,256928,34,0,57 8 9,1,30,,256930,34,0,57 8 9,1,65,,256932,34,0,57 8 9,1,30,,256934,34,0,57 8 9,1,70,,256935,34,0,57 8 9,1,35,,256936,33,0,7 8 9,1,508,,256941,34,0,57 8 9,1,156,,256943,34,0,57 8 9,1,30,,256944,34,0,57 8 9,1,70,,256945,34,0,57 8 9,1,39,,256946,34,0,57 8 9,1,65,,256947,34,0,57 8 9,1,25,,256948,33,0,7 8 9,1,65,,256949,33,0,7 8 9,1
2701,'20260926',736,,256955,33,0,7 8 9,1
2701,'20260927',736,,256971,33,0,7 8 9,1
2701,'20260928',638,,256987,33,0,7 8 9,1,120,,256988,34,0,57 8 9,1,60,,256989,34,0,57 8 9,1,30,,256991,34,0,57 8 9,1,65,,256993,34,0,57 8 9,1,30,,256995,34,0,57 8 9,1,70,,256996,34,0,57 8 9,1,35,,256997,33,0,7 8 9,1,508,,257002,34,0,57 8 9,1,156,,257004,34,0,57 8 9,1,30,,257005,34,0,57 8 9,1,70,,257006,34,0,57 8 9,1,39,,257007,34,0,57 8 9,1,65,,257008,34,0,57 8 9,1,25,,257009,33,0,7 8 9,1,65,,257010,33,0,7 8 9,1
2701,'20260929',638,,257016,33,0,7 8 9,1,120,,257017,34,0,57 8 9,1,60,,257018,34,0,57 8 9,1,30,,257020,34,0,57 8 9,1,65,,257022,34,0,57 8 9,1,30,,257024,34,0,57 8 9,1,70,,257025,34,0,57 8 9,1,35,,257026,33,0,7 8 9,1,508,,257031,34,0,57 8 9,1,156,,257033,34,0,57 8 9,1,30,,257034,34,0,57 8 9,1,70,,257035,34,0,57 8 9,1,39,,257036,34,0,57 8 9,1,65,,257037,34,0,57 8 9,1,25,,257038,33,0,7 8 9,1,65,,257039,33,0,7 8 9,1
2701,'20260930',638,,257045,33,0,7 8 9,1,120,,257046,34,0,57 8 9,1,60,,257047,34,0,57 8 9,1,30,,257049,34,0,57 8 9,1,65,,257051,34,0,57 8 9,1,30,,257053,34,0,57 8 9,1,70,,257054,34,0,57 8 9,1,35,,257055,33,0,7 8 9,1,508,,257060,34,0,57 8 9,1,156,,257062,34,0,57 8 9,1,30,,257063,34,0,57 8 9,1,70,,257064,34,0,57 8 9,1,39,,257065,34,0,57 8 9,1,65,,257066,34,0,57 8 9,1,25,,257067,33,0,7 8 9,1,65,,257068,33,0,7 8 9,1
2701,'20261001',638,,257074,33,0,7 8 9,1,120,,257075,34,0,57 8 9,1,60,,257076,34,0,57 8 9,1,30,,257078,34,0,57 8 9,1,65,,257080,34,0,57 8 9,1,30,,257082,34,0,57 8 9,1,70,,257083,34,0,57 8 9,1,35,,257084,33,0,7 8 9,1,508,,257089,34,0,57 8 9,1,156,,257091,34,0,57 8 9,1,30,,257092,34,0,57 8 9,1,70,,257093,34,0,57 8 9,1,39,,257094,34,0,57 8 9,1,65,,257095,34,0,57 8 9,1,25,,257096,33,0,7 8 9,1,65,,257097,33,0,7 8 9,1
2701,'20261002',638,,257103,33,0,7 8 9,1,120,,257104,34,0,57 8 9,1,60,,257105,34,0,57 8 9,1,30,,257107,34,0,57 8 9,1,65,,257109,34,0,57 8 9,1,30,,257111,34,0,57 8 9,1,70,,257112,34,0,57 8 9,1,35,,257113,33,0,7 8 9,1,508,,257118,34,0,57 8 9,1,156,,257120,34,0,57 8 9,1,30,,257121,34,0,57 8 9,1,70,,257122,34,0,57 8 9,1,39,,257123,34,0,57 8 9,1,65,,257124,34,0,57 8 9,1,25,,257125,33,0,7 8 9,1,65,,257126,33,0,7 8 9,1
2701,'20261003',736,,257132,33,0,7 8 9,1
2701,'20261004',736,,257148,33,0,7 8 9,1
2701,'20261005',638,,257164,33,0,7 8 9,1,120,,257165,34,0,57 8 9,1,60,,257166,34,0,57 8 9,1,30,,257168,34,0,57 8 9,1,65,,257170,34,0,57 8 9,1,30,,257172,34,0,57 8 9,1,70,,257173,34,0,57 8 9,1,35,,257174,33,0,7 8 9,1,508,,257179,34,0,57 8 9,1,156,,257181,34,0,57 8 9,1,30,,257182,34,0,57 8 9,1,70,,257183,34,0,57 8 9,1,39,,257184,34,0,57 8 9,1,65,,257185,34,0,57 8 9,1,25,,257186,33,0,7 8 9,1,65,,257187,33,0,7 8 9,1
2701,'20261006',638,,257193,33,0,7 8 9,1,120,,257194,34,0,57 8 9,1,60,,257195,34,0,57 8 9,1,30,,257197,34,0,57 8 9,1,65,,257199,34,0,57 8 9,1,30,,257201,34,0,57 8 9,1,70,,257202,34,0,57 8 9,1,35,,257203,33,0,7 8 9,1,508,,257208,34,0,57 8 9,1,156,,257210,34,0,57 8 9,1,30,,257211,34,0,57 8 9,1,70,,257212,34,0,57 8 9,1,39,,257213,34,0,57 8 9,1,65,,257214,34,0,57 8 9,1,25,,257215,33,0,7 8 9,1,65,,257216,33,0,7 8 9,1
2701,'20261007',638,,257222,33,0,7 8 9,1,120,,257223,34,0,57 8 9,1,60,,257224,34,0,57 8 9,1,30,,257226,34,0,57 8 9,1,65,,257228,34,0,57 8 9,1,30,,257230,34,0,57 8 9,1,70,,257231,34,0,57 8 9,1,35,,257232,33,0,7 8 9,1,508,,257237,34,0,57 8 9,1,156,,257239,34,0,57 8 9,1,30,,257240,34,0,57 8 9,1,70,,257241,34,0,57 8 9,1,39,,257242,34,0,57 8 9,1,65,,257243,34,0,57 8 9,1,25,,257244,33,0,7 8 9,1,65,,257245,33,0,7 8 9,1
2701,'20261008',638,,257251,33,0,7 8 9,1,120,,257252,34,0,57 8 9,1,60,,257253,34,0,57 8 9,1,30,,257255,34,0,57 8 9,1,65,,257257,34,0,57 8 9,1,30,,257259,34,0,57 8 9,1,70,,257260,34,0,57 8 9,1,35,,257261,33,0,7 8 9,1,508,,257266,34,0,57 8 9,1,156,,257268,34,0,57 8 9,1,30,,257269,34,0,57 8 9,1,70,,257270,34,0,57 8 9,1,39,,257271,34,0,57 8 9,1,65,,257272,34,0,57 8 9,1,25,,257273,33,0,7 8 9,1,65,,257274,33,0,7 8 9,1
2701,'20261009',638,,257280,33,0,7 8 9,1,120,,257281,34,0,57 8 9,1,60,,257282,34,0,57 8 9,1,30,,257284,34,0,57 8 9,1,65,,257286,34,0,57 8 9,1,30,,257288,34,0,57 8 9,1,70,,257289,34,0,57 8 9,1,35,,257290,33,0,7 8 9,1,508,,257295,34,0,57 8 9,1,156,,257297,34,0,57 8 9,1,30,,257298,34,0,57 8 9,1,70,,257299,34,0,57 8 9,1,39,,257300,34,0,57 8 9,1,65,,257301,34,0,57 8 9,1,25,,257302,33,0,7 8 9,1,65,,257303,33,0,7 8 9,1
2701,'20261010',736,,257309,33,0,7 8 9,1
2701,'20261011',736,,257325,33,0,7 8 9,1
2701,'20261012',736,,257341,33,0,7 8 9,1
2701,'20261013',638,,257357,33,0,7 8 9,1,120,,257358,34,0,57 8 9,1,60,,257359,34,0,57 8 9,1,30,,257361,34,0,57 8 9,1,65,,257363,34,0,57 8 9,1,30,,257365,34,0,57 8 9,1,70,,257366,34,0,57 8 9,1,35,,257367,33,0,7 8 9,1,508,,257372,34,0,57 8 9,1,156,,257374,34,0,57 8 9,1,30,,257375,34,0,57 8 9,1,70,,257376,34,0,57 8 9,1,39,,257377,34,0,57 8 9,1,65,,257378,34,0,57 8 9,1,25,,257379,33,0,7 8 9,1,65,,257380,33,0,7 8 9,1
2701,'20261014',638,,257386,33,0,7 8 9,1,120,,257387,34,0,57 8 9,1,60,,257388,34,0,57 8 9,1,30,,257390,34,0,57 8 9,1,65,,257392,34,0,57 8 9,1,30,,257394,34,0,57 8 9,1,70,,257395,34,0,57 8 9,1,35,,257396,33,0,7 8 9,1,508,,257401,34,0,57 8 9,1,156,,257403,34,0,57 8 9,1,30,,257404,34,0,57 8 9,1,70,,257405,34,0,57 8 9,1,39,,257406,34,0,57 8 9,1,65,,257407,34,0,57 8 9,1,25,,257408,33,0,7 8 9,1,65,,257409,33,0,7 8 9,1
2701,'20261015',638,,257415,33,0,7 8 9,1,120,,257416,34,0,57 8 9,1,60,,257417,34,0,57 8 9,1,30,,257419,34,0,57 8 9,1,65,,257421,34,0,57 8 9,1,30,,257423,34,0,57 8 9,1,70,,257424,34,0,57 8 9,1,35,,257425,33,0,7 8 9,1,508,,257430,34,0,57 8 9,1,156,,257432,34,0,57 8 9,1,30,,257433,34,0,57 8 9,1,70,,257434,34,0,57 8 9,1,39,,257435,34,0,57 8 9,1,65,,257436,34,0,57 8 9,1,25,,257437,33,0,7 8 9,1,65,,257438,33,0,7 8 9,1
2701,'20261016',638,,257444,33,0,7 8 9,1,120,,257445,34,0,57 8 9,1,60,,257446,34,0,57 8 9,1,30,,257448,34,0,57 8 9,1,65,,257450,34,0,57 8 9,1,30,,257452,34,0,57 8 9,1,70,,257453,34,0,57 8 9,1,35,,257454,33,0,7 8 9,1,508,,257459,34,0,57 8 9,1,156,,257461,34,0,57 8 9,1,30,,257462,34,0,57 8 9,1,70,,257463,34,0,57 8 9,1,39,,257464,34,0,57 8 9,1,65,,257465,34,0,57 8 9,1,25,,257466,33,0,7 8 9,1,65,,257467,33,0,7 8 9,1
2701,'20261017',736,,257473,33,0,7 8 9,1
2701,'20261018',736,,257489,33,0,7 8 9,1
2701,'20261019',638,,257505,33,0,7 8 9,1,120,,257506,34,0,57 8 9,1,60,,257507,34,0,57 8 9,1,30,,257509,34,0,57 8 9,1,65,,257511,34,0,57 8 9,1,30,,257513,34,0,57 8 9,1,70,,257514,34,0,57 8 9,1,35,,257515,33,0,7 8 9,1,508,,257520,34,0,57 8 9,1,156,,257522,34,0,57 8 9,1,30,,257523,34,0,57 8 9,1,70,,257524,34,0,57 8 9,1,39,,257525,34,0,57 8 9,1,65,,257526,34,0,57 8 9,1,25,,257527,33,0,7 8 9,1,65,,257528,33,0,7 8 9,1
2701,'20261020',638,,257534,33,0,7 8 9,1,120,,257535,34,0,57 8 9,1,60,,257536,34,0,57 8 9,1,30,,257538,34,0,57 8 9,1,65,,257540,34,0,57 8 9,1,30,,257542,34,0,57 8 9,1,70,,257543,34,0,57 8 9,1,35,,257544,33,0,7 8 9,1,508,,257549,34,0,57 8 9,1,156,,257551,34,0,57 8 9,1,30,,257552,34,0,57 8 9,1,70,,257553,34,0,57 8 9,1,39,,257554,34,0,57 8 9,1,65,,257555,34,0,57 8 9,1,25,,257556,33,0,7 8 9,1,65,,257557,33,0,7 8 9,1
2701,'20261021',638,,257563,33,0,7 8 9,1,120,,257564,34,0,57 8 9,1,60,,257565,34,0,57 8 9,1,30,,257567,34,0,57 8 9,1,65,,257569,34,0,57 8 9,1,30,,257571,34,0,57 8 9,1,70,,257572,34,0,57 8 9,1,35,,257573,33,0,7 8 9,1,508,,257578,34,0,57 8 9,1,156,,257580,34,0,57 8 9,1,30,,257581,34,0,57 8 9,1,70,,257582,34,0,57 8 9,1,39,,257583,34,0,57 8 9,1,65,,257584,34,0,57 8 9,1,25,,257585,33,0,7 8 9,1,65,,257586,33,0,7 8 9,1
2701,'20261022',638,,257592,33,0,7 8 9,1,120,,257593,34,0,57 8 9,1,60,,257594,34,0,57 8 9,1,30,,257596,34,0,57 8 9,1,65,,257598,34,0,57 8 9,1,30,,257600,34,0,57 8 9,1,70,,257601,34,0,57 8 9,1,35,,257602,33,0,7 8 9,1,508,,257607,34,0,57 8 9,1,156,,257609,34,0,57 8 9,1,30,,257610,34,0,57 8 9,1,70,,257611,34,0,57 8 9,1,39,,257612,34,0,57 8 9,1,65,,257613,34,0,57 8 9,1,25,,257614,33,0,7 8 9,1,65,,257615,33,0,7 8 9,1
2701,'20261023',638,,257621,33,0,7 8 9,1,120,,257622,34,0,57 8 9,1,60,,257623,34,0,57 8 9,1,30,,257625,34,0,57 8 9,1,65,,257627,34,0,57 8 9,1,30,,257629,34,0,57 8 9,1,70,,257630,34,0,57 8 9,1,35,,257631,33,0,7 8 9,1,508,,257636,34,0,57 8 9,1,156,,257638,34,0,57 8 9,1,30,,257639,34,0,57 8 9,1,70,,257640,34,0,57 8 9,1,39,,257641,34,0,57 8 9,1,65,,257642,34,0,57 8 9,1,25,,257643,33,0,7 8 9,1,65,,257644,33,0,7 8 9,1
2701,'20261024',736,,257650,33,0,7 8 9,1
2701,'20261025',736,,257666,33,0,7 8 9,1
2701,'20261026',638,,257682,33,0,7 8 9,1,120,,257683,34,0,57 8 9,1,60,,257684,34,0,57 8 9,1,30,,257686,34,0,57 8 9,1,65,,257688,34,0,57 8 9,1,30,,257690,34,0,57 8 9,1,70,,257691,34,0,57 8 9,1,35,,257692,33,0,7 8 9,1,508,,257697,34,0,57 8 9,1,156,,257699,34,0,57 8 9,1,30,,257700,34,0,57 8 9,1,70,,257701,34,0,57 8 9,1,39,,257702,34,0,57 8 9,1,65,,257703,34,0,57 8 9,1,25,,257704,33,0,7 8 9,1,65,,257705,33,0,7 8 9,1
2701,'20261027',638,,257711,33,0,7 8 9,1,120,,257712,34,0,57 8 9,1,60,,257713,34,0,57 8 9,1,30,,257715,34,0,57 8 9,1,65,,257717,34,0,57 8 9,1,30,,257719,34,0,57 8 9,1,70,,257720,34,0,57 8 9,1,35,,257721,33,0,7 8 9,1,508,,257726,34,0,57 8 9,1,156,,257728,34,0,57 8 9,1,30,,257729,34,0,57 8 9,1,70,,257730,34,0,57 8 9,1,39,,257731,34,0,57 8 9,1,65,,257732,34,0,57 8 9,1,25,,257733,33,0,7 8 9,1,65,,257734,33,0,7 8 9,1
2701,'20261028',638,,257740,33,0,7 8 9,1,120,,257741,34,0,57 8 9,1,60,,257742,34,0,57 8 9,1,30,,257744,34,0,57 8 9,1,65,,257746,34,0,57 8 9,1,30,,257748,34,0,57 8 9,1,70,,257749,34,0,57 8 9,1,35,,257750,33,0,7 8 9,1,508,,257755,34,0,57 8 9,1,156,,257757,34,0,57 8 9,1,30,,257758,34,0,57 8 9,1,70,,257759,34,0,57 8 9,1,39,,257760,34,0,57 8 9,1,65,,257761,34,0,57 8 9,1,25,,257762,33,0,7 8 9,1,65,,257763,33,0,7 8 9,1
2701,'20261029',638,,257769,33,0,7 8 9,1,120,,257770,34,0,57 8 9,1,60,,257771,34,0,57 8 9,1,30,,257773,34,0,57 8 9,1,65,,257775,34,0,57 8 9,1,30,,257777,34,0,57 8 9,1,70,,257778,34,0,57 8 9,1,35,,257779,33,0,7 8 9,1,508,,257784,34,0,57 8 9,1,156,,257786,34,0,57 8 9,1,30,,257787,34,0,57 8 9,1,70,,257788,34,0,57 8 9,1,39,,257789,34,0,57 8 9,1,65,,257790,34,0,57 8 9,1,25,,257791,33,0,7 8 9,1,65,,257792,33,0,7 8 9,1
2701,'20261030',638,,257798,33,0,7 8 9,1,120,,257799,34,0,57 8 9,1,60,,257800,34,0,57 8 9,1,30,,257802,34,0,57 8 9,1,65,,257804,34,0,57 8 9,1,30,,257806,34,0,57 8 9,1,70,,257807,34,0,57 8 9,1,35,,257808,33,0,7 8 9,1,508,,257813,34,0,57 8 9,1,156,,257815,34,0,57 8 9,1,30,,257816,34,0,57 8 9,1,70,,257817,34,0,57 8 9,1,39,,257818,34,0,57 8 9,1,65,,257819,34,0,57 8 9,1,25,,257820,33,0,7 8 9,1,65,,257821,33,0,7 8 9,1
2701,'20261031',736,,257827,33,0,7 8 9,1
2701,'20261101',736,,257843,33,0,7 8 9,1
2701,'20261102',638,,257859,33,0,7 8 9,1,120,,257860,34,0,57 8 9,1,60,,257861,34,0,57 8 9,1,30,,257863,34,0,57 8 9,1,65,,257865,34,0,57 8 9,1,30,,257867,34,0,57 8 9,1,70,,257868,34,0,57 8 9,1,35,,257869,33,0,7 8 9,1,508,,257874,34,0,57 8 9,1,156,,257876,34,0,57 8 9,1,30,,257877,34,0,57 8 9,1,70,,257878,34,0,57 8 9,1,39,,257879,34,0,57 8 9,1,65,,257880,34,0,57 8 9,1,25,,257881,33,0,7 8 9,1,65,,257882,33,0,7 8 9,1
2701,'20261103',638,,257888,33,0,7 8 9,1,120,,257889,34,0,57 8 9,1,60,,257890,34,0,57 8 9,1,30,,257892,34,0,57 8 9,1,65,,257894,34,0,57 8 9,1,30,,257896,34,0,57 8 9,1,70,,257897,34,0,57 8 9,1,35,,257898,33,0,7 8 9,1,508,,257903,34,0,57 8 9,1,156,,257905,34,0,57 8 9,1,30,,257906,34,0,57 8 9,1,70,,257907,34,0,57 8 9,1,39,,257908,34,0,57 8 9,1,65,,257909,34,0,57 8 9,1,25,,257910,33,0,7 8 9,1,65,,257911,33,0,7 8 9,1
2701,'20261104',638,,257917,33,0,7 8 9,1,120,,257918,34,0,57 8 9,1,60,,257919,34,0,57 8 9,1,30,,257921,34,0,57 8 9,1,65,,257923,34,0,57 8 9,1,30,,257925,34,0,57 8 9,1,70,,257926,34,0,57 8 9,1,35,,257927,33,0,7 8 9,1,508,,257932,34,0,57 8 9,1,156,,257934,34,0,57 8 9,1,30,,257935,34,0,57 8 9,1,70,,257936,34,0,57 8 9,1,39,,257937,34,0,57 8 9,1,65,,257938,34,0,57 8 9,1,25,,257939,33,0,7 8 9,1,65,,257940,33,0,7 8 9,1
2701,'20261105',638,,257946,33,0,7 8 9,1,120,,257947,34,0,57 8 9,1,60,,257948,34,0,57 8 9,1,30,,257950,34,0,57 8 9,1,65,,257952,34,0,57 8 9,1,30,,257954,34,0,57 8 9,1,70,,257955,34,0,57 8 9,1,35,,257956,33,0,7 8 9,1,508,,257961,34,0,57 8 9,1,156,,257963,34,0,57 8 9,1,30,,257964,34,0,57 8 9,1,70,,257965,34,0,57 8 9,1,39,,257966,34,0,57 8 9,1,65,,257967,34,0,57 8 9,1,25,,257968,33,0,7 8 9,1,65,,257969,33,0,7 8 9,1
2701,'20261106',638,,257975,33,0,7 8 9,1,120,,257976,34,0,57 8 9,1,60,,257977,34,0,57 8 9,1,30,,257979,34,0,57 8 9,1,65,,257981,34,0,57 8 9,1,30,,257983,34,0,57 8 9,1,70,,257984,34,0,57 8 9,1,35,,257985,33,0,7 8 9,1,508,,257990,34,0,57 8 9,1,156,,257992,34,0,57 8 9,1,30,,257993,34,0,57 8 9,1,70,,257994,34,0,57 8 9,1,39,,257995,34,0,57 8 9,1,65,,257996,34,0,57 8 9,1,25,,257997,33,0,7 8 9,1,65,,257998,33,0,7 8 9,1
2701,'20261107',736,,258004,33,0,7 8 9,1
2701,'20261108',736,,258020,33,0,7 8 9,1
2701,'20261109',638,,258036,33,0,7 8 9,1,120,,258037,34,0,57 8 9,1,60,,258038,34,0,57 8 9,1,30,,258040,34,0,57 8 9,1,65,,258042,34,0,57 8 9,1,30,,258044,34,0,57 8 9,1,70,,258045,34,0,57 8 9,1,35,,258046,33,0,7 8 9,1,508,,258051,34,0,57 8 9,1,156,,258053,34,0,57 8 9,1,30,,258054,34,0,57 8 9,1,70,,258055,34,0,57 8 9,1,39,,258056,34,0,57 8 9,1,65,,258057,34,0,57 8 9,1,25,,258058,33,0,7 8 9,1,65,,258059,33,0,7 8 9,1
2701,'20261110',638,,258065,33,0,7 8 9,1,120,,258066,34,0,57 8 9,1,60,,258067,34,0,57 8 9,1,30,,258069,34,0,57 8 9,1,65,,258071,34,0,57 8 9,1,30,,258073,34,0,57 8 9,1,70,,258074,34,0,57 8 9,1,35,,258075,33,0,7 8 9,1,508,,258080,34,0,57 8 9,1,156,,258082,34,0,57 8 9,1,30,,258083,34,0,57 8 9,1,70,,258084,34,0,57 8 9,1,39,,258085,34,0,57 8 9,1,65,,258086,34,0,57 8 9,1,25,,258087,33,0,7 8 9,1,65,,258088,33,0,7 8 9,1
2701,'20261111',638,,258094,33,0,7 8 9,1,120,,258095,34,0,57 8 9,1,60,,258096,34,0,57 8 9,1,30,,258098,34,0,57 8 9,1,65,,258100,34,0,57 8 9,1,30,,258102,34,0,57 8 9,1,70,,258103,34,0,57 8 9,1,35,,258104,33,0,7 8 9,1,508,,258109,34,0,57 8 9,1,156,,258111,34,0,57 8 9,1,30,,258112,34,0,57 8 9,1,70,,258113,34,0,57 8 9,1,39,,258114,34,0,57 8 9,1,65,,258115,34,0,57 8 9,1,25,,258116,33,0,7 8 9,1,65,,258117,33,0,7 8 9,1
2701,'20261112',638,,258123,33,0,7 8 9,1,120,,258124,34,0,57 8 9,1,60,,258125,34,0,57 8 9,1,30,,258127,34,0,57 8 9,1,65,,258129,34,0,57 8 9,1,30,,258131,34,0,57 8 9,1,70,,258132,34,0,57 8 9,1,35,,258133,33,0,7 8 9,1,508,,258138,34,0,57 8 9,1,156,,258140,34,0,57 8 9,1,30,,258141,34,0,57 8 9,1,70,,258142,34,0,57 8 9,1,39,,258143,34,0,57 8 9,1,65,,258144,34,0,57 8 9,1,25,,258145,33,0,7 8 9,1,65,,258146,33,0,7 8 9,1
2701,'20261113',638,,258152,33,0,7 8 9,1,120,,258153,34,0,57 8 9,1,60,,258154,34,0,57 8 9,1,30,,258156,34,0,57 8 9,1,65,,258158,34,0,57 8 9,1,30,,258160,34,0,57 8 9,1,70,,258161,34,0,57 8 9,1,35,,258162,33,0,7 8 9,1,508,,258167,34,0,57 8 9,1,156,,258169,34,0,57 8 9,1,30,,258170,34,0,57 8 9,1,70,,258171,34,0,57 8 9,1,39,,258172,34,0,57 8 9,1,65,,258173,34,0,57 8 9,1,25,,258174,33,0,7 8 9,1,65,,258175,33,0,7 8 9,1
2701,'20261114',736,,258181,33,0,7 8 9,1
2701,'20261115',736,,258197,33,0,7 8 9,1
2701,'20261116',638,,258213,33,0,7 8 9,1,120,,258214,34,0,57 8 9,1,60,,258215,34,0,57 8 9,1,30,,258217,34,0,57 8 9,1,65,,258219,34,0,57 8 9,1,30,,258221,34,0,57 8 9,1,70,,258222,34,0,57 8 9,1,35,,258223,33,0,7 8 9,1,508,,258228,34,0,57 8 9,1,156,,258230,34,0,57 8 9,1,30,,258231,34,0,57 8 9,1,70,,258232,34,0,57 8 9,1,39,,258233,34,0,57 8 9,1,65,,258234,34,0,57 8 9,1,25,,258235,33,0,7 8 9,1,65,,258236,33,0,7 8 9,1
2701,'20261117',638,,258242,33,0,7 8 9,1,120,,258243,34,0,57 8 9,1,60,,258244,34,0,57 8 9,1,30,,258246,34,0,57 8 9,1,65,,258248,34,0,57 8 9,1,30,,258250,34,0,57 8 9,1,70,,258251,34,0,57 8 9,1,35,,258252,33,0,7 8 9,1,508,,258257,34,0,57 8 9,1,156,,258259,34,0,57 8 9,1,30,,258260,34,0,57 8 9,1,70,,258261,34,0,57 8 9,1,39,,258262,34,0,57 8 9,1,65,,258263,34,0,57 8 9,1,25,,258264,33,0,7 8 9,1,65,,258265,33,0,7 8 9,1
2701,'20261118',638,,258271,33,0,7 8 9,1,120,,258272,34,0,57 8 9,1,60,,258273,34,0,57 8 9,1,30,,258275,34,0,57 8 9,1,65,,258277,34,0,57 8 9,1,30,,258279,34,0,57 8 9,1,70,,258280,34,0,57 8 9,1,35,,258281,33,0,7 8 9,1,508,,258286,34,0,57 8 9,1,156,,258288,34,0,57 8 9,1,30,,258289,34,0,57 8 9,1,70,,258290,34,0,57 8 9,1,39,,258291,34,0,57 8 9,1,65,,258292,34,0,57 8 9,1,25,,258293,33,0,7 8 9,1,65,,258294,33,0,7 8 9,1
2701,'20261119',638,,258300,33,0,7 8 9,1,120,,258301,34,0,57 8 9,1,60,,258302,34,0,57 8 9,1,30,,258304,34,0,57 8 9,1,65,,258306,34,0,57 8 9,1,30,,258308,34,0,57 8 9,1,70,,258309,34,0,57 8 9,1,35,,258310,33,0,7 8 9,1,508,,258315,34,0,57 8 9,1,156,,258317,34,0,57 8 9,1,30,,258318,34,0,57 8 9,1,70,,258319,34,0,57 8 9,1,39,,258320,34,0,57 8 9,1,65,,258321,34,0,57 8 9,1,25,,258322,33,0,7 8 9,1,65,,258323,33,0,7 8 9,1
2701,'20261120',638,,258329,33,0,7 8 9,1,120,,258330,34,0,57 8 9,1,60,,258331,34,0,57 8 9,1,30,,258333,34,0,57 8 9,1,65,,258335,34,0,57 8 9,1,30,,258337,34,0,57 8 9,1,70,,258338,34,0,57 8 9,1,35,,258339,33,0,7 8 9,1,508,,258344,34,0,57 8 9,1,156,,258346,34,0,57 8 9,1,30,,258347,34,0,57 8 9,1,70,,258348,34,0,57 8 9,1,39,,258349,34,0,57 8 9,1,65,,258350,34,0,57 8 9,1,25,,258351,33,0,7 8 9,1,65,,258352,33,0,7 8 9,1
2701,'20261121',736,,258358,33,0,7 8 9,1
2701,'20261122',736,,258374,33,0,7 8 9,1
2701,'20261123',638,,258390,33,0,7 8 9,1,120,,258391,34,0,57 8 9,1,60,,258392,34,0,57 8 9,1,30,,258394,34,0,57 8 9,1,65,,258396,34,0,57 8 9,1,30,,258398,34,0,57 8 9,1,70,,258399,34,0,57 8 9,1,35,,258400,33,0,7 8 9,1,508,,258405,34,0,57 8 9,1,156,,258407,34,0,57 8 9,1,30,,258408,34,0,57 8 9,1,70,,258409,34,0,57 8 9,1,39,,258410,34,0,57 8 9,1,65,,258411,34,0,57 8 9,1,25,,258412,33,0,7 8 9,1,65,,258413,33,0,7 8 9,1
2701,'20261124',638,,258419,33,0,7 8 9,1,120,,258420,34,0,57 8 9,1,60,,258421,34,0,57 8 9,1,30,,258423,34,0,57 8 9,1,65,,258425,34,0,57 8 9,1,30,,258427,34,0,57 8 9,1,70,,258428,34,0,57 8 9,1,35,,258429,33,0,7 8 9,1,508,,258434,34,0,57 8 9,1,156,,258436,34,0,57 8 9,1,30,,258437,34,0,57 8 9,1,70,,258438,34,0,57 8 9,1,39,,258439,34,0,57 8 9,1,65,,258440,34,0,57 8 9,1,25,,258441,33,0,7 8 9,1,65,,258442,33,0,7 8 9,1
2701,'20261125',638,,258448,33,0,7 8 9,1,120,,258449,34,0,57 8 9,1,60,,258450,34,0,57 8 9,1,30,,258452,34,0,57 8 9,1,65,,258454,34,0,57 8 9,1,30,,258456,34,0,57 8 9,1,70,,258457,34,0,57 8 9,1,35,,258458,33,0,7 8 9,1,508,,258463,34,0,57 8 9,1,156,,258465,34,0,57 8 9,1,30,,258466,34,0,57 8 9,1,70,,258467,34,0,57 8 9,1,39,,258468,34,0,57 8 9,1,65,,258469,34,0,57 8 9,1,25,,258470,33,0,7 8 9,1,65,,258471,33,0,7 8 9,1
2701,'20261126',638,,258477,33,0,7 8 9,1,120,,258478,34,0,57 8 9,1,60,,258479,34,0,57 8 9,1,30,,258481,34,0,57 8 9,1,65,,258483,34,0,57 8 9,1,30,,258485,34,0,57 8 9,1,70,,258486,34,0,57 8 9,1,35,,258487,33,0,7 8 9,1,508,,258492,34,0,57 8 9,1,156,,258494,34,0,57 8 9,1,30,,258495,34,0,57 8 9,1,70,,258496,34,0,57 8 9,1,39,,258497,34,0,57 8 9,1,65,,258498,34,0,57 8 9,1,25,,258499,33,0,7 8 9,1,65,,258500,33,0,7 8 9,1
2701,'20261127',638,,258506,33,0,7 8 9,1,120,,258507,34,0,57 8 9,1,60,,258508,34,0,57 8 9,1,30,,258510,34,0,57 8 9,1,65,,258512,34,0,57 8 9,1,30,,258514,34,0,57 8 9,1,70,,258515,34,0,57 8 9,1,35,,258516,33,0,7 8 9,1,508,,258521,34,0,57 8 9,1,156,,258523,34,0,57 8 9,1,30,,258524,34,0,57 8 9,1,70,,258525,34,0,57 8 9,1,39,,258526,34,0,57 8 9,1,65,,258527,34,0,57 8 9,1,25,,258528,33,0,7 8 9,1,65,,258529,33,0,7 8 9,1
