6801,'20260910',456,,316078,23,0,5 16 26 9,1,598,,316079,23,0,88 9,1,100,,316080,23,0,88 9,1,384,,316081,23,0,5 16 26 9,1,200,,316082,23,0,5 16 26 9,1,116,,316083,23,0,88 9,1,146,,316084,23,0,88 9,1,200,,316085,23,0,5 16 26 9,1,145,,316086,23,0,5 16 26 9,1
6801,'20260911',456,,316087,23,0,5 16 26 9,1,598,,316088,23,0,88 9,1,100,,316089,23,0,88 9,1,384,,316090,23,0,5 16 26 9,1,200,,316091,23,0,5 16 26 9,1,116,,316092,23,0,88 9,1,146,,316093,23,0,88 9,1,200,,316094,23,0,5 16 26 9,1,145,,316095,23,0,5 16 26 9,1
6801,'20260912',626,,316096,23,0,53 20 39,1,130,,316098,23,0,53 20 39,1,100,,316100,23,0,53 20 39,1,150,,316101,23,0,88 9,1,150,,316103,23,0,53 20 39,1,150,,316104,23,0,88 9,1,595,,316105,23,0,88 9,1,215,,316107,23,0,53 20 39,1,290,,316108,23,0,5 16 26 9,1
6801,'20260913',626,,316109,23,0,53 20 39,1,130,,316111,23,0,53 20 39,1,100,,316113,23,0,53 20 39,1,150,,316114,23,0,88 9,1,150,,316116,23,0,53 20 39,1,150,,316117,23,0,88 9,1,595,,316118,23,0,88 9,1,215,,316120,23,0,53 20 39,1,290,,316121,23,0,5 16 26 9,1
6801,'20260914',456,,316122,23,0,5 16 26 9,1,598,,316123,23,0,88 9,1,100,,316124,23,0,88 9,1,384,,316125,23,0,5 16 26 9,1,200,,316126,23,0,5 16 26 9,1,116,,316127,23,0,88 9,1,146,,316128,23,0,88 9,1,200,,316129,23,0,5 16 26 9,1,145,,316130,23,0,5 16 26 9,1
6801,'20260915',456,,316131,23,0,5 16 26 9,1,598,,316132,23,0,88 9,1,100,,316133,23,0,88 9,1,384,,316134,23,0,5 16 26 9,1,200,,316135,23,0,5 16 26 9,1,116,,316136,23,0,88 9,1,146,,316137,23,0,88 9,1,200,,316138,23,0,5 16 26 9,1,145,,316139,23,0,5 16 26 9,1
6801,'20260916',456,,316140,23,0,5 16 26 9,1,598,,316141,23,0,88 9,1,100,,316142,23,0,88 9,1,384,,316143,23,0,5 16 26 9,1,200,,316144,23,0,5 16 26 9,1,116,,316145,23,0,88 9,1,146,,316146,23,0,88 9,1,200,,316147,23,0,5 16 26 9,1,145,,316148,23,0,5 16 26 9,1
6801,'20260917',456,,316149,23,0,5 16 26 9,1,598,,316150,23,0,88 9,1,100,,316151,23,0,88 9,1,384,,316152,23,0,5 16 26 9,1,200,,316153,23,0,5 16 26 9,1,116,,316154,23,0,88 9,1,146,,316155,23,0,88 9,1,200,,316156,23,0,5 16 26 9,1,145,,316157,23,0,5 16 26 9,1
6801,'20260918',456,,316158,23,0,5 16 26 9,1,598,,316159,23,0,88 9,1,100,,316160,23,0,88 9,1,384,,316161,23,0,5 16 26 9,1,200,,316162,23,0,5 16 26 9,1,116,,316163,23,0,88 9,1,146,,316164,23,0,88 9,1,200,,316165,23,0,5 16 26 9,1,145,,316166,23,0,5 16 26 9,1
6801,'20260919',626,,316167,23,0,53 20 39,1,130,,316169,23,0,53 20 39,1,100,,316171,23,0,53 20 39,1,150,,316172,23,0,88 9,1,150,,316174,23,0,53 20 39,1,150,,316175,23,0,88 9,1,595,,316176,23,0,88 9,1,215,,316178,23,0,53 20 39,1,290,,316179,23,0,5 16 26 9,1
6801,'20260920',626,,316180,23,0,53 20 39,1,130,,316182,23,0,53 20 39,1,100,,316184,23,0,53 20 39,1,150,,316185,23,0,88 9,1,150,,316187,23,0,53 20 39,1,150,,316188,23,0,88 9,1,595,,316189,23,0,88 9,1,215,,316191,23,0,53 20 39,1,290,,316192,23,0,5 16 26 9,1
6801,'20260921',456,,316193,23,0,5 16 26 9,1,598,,316194,23,0,88 9,1,100,,316195,23,0,88 9,1,384,,316196,23,0,5 16 26 9,1,200,,316197,23,0,5 16 26 9,1,116,,316198,23,0,88 9,1,146,,316199,23,0,88 9,1,200,,316200,23,0,5 16 26 9,1,145,,316201,23,0,5 16 26 9,1
6801,'20260922',456,,316202,23,0,5 16 26 9,1,598,,316203,23,0,88 9,1,100,,316204,23,0,88 9,1,384,,316205,23,0,5 16 26 9,1,200,,316206,23,0,5 16 26 9,1,116,,316207,23,0,88 9,1,146,,316208,23,0,88 9,1,200,,316209,23,0,5 16 26 9,1,145,,316210,23,0,5 16 26 9,1
6801,'20260923',456,,316211,23,0,5 16 26 9,1,598,,316212,23,0,88 9,1,100,,316213,23,0,88 9,1,384,,316214,23,0,5 16 26 9,1,200,,316215,23,0,5 16 26 9,1,116,,316216,23,0,88 9,1,146,,316217,23,0,88 9,1,200,,316218,23,0,5 16 26 9,1,145,,316219,23,0,5 16 26 9,1
6801,'20260924',456,,316220,23,0,5 16 26 9,1,598,,316221,23,0,88 9,1,100,,316222,23,0,88 9,1,384,,316223,23,0,5 16 26 9,1,200,,316224,23,0,5 16 26 9,1,116,,316225,23,0,88 9,1,146,,316226,23,0,88 9,1,200,,316227,23,0,5 16 26 9,1,145,,316228,23,0,5 16 26 9,1
6801,'20260925',456,,316229,23,0,5 16 26 9,1,598,,316230,23,0,88 9,1,100,,316231,23,0,88 9,1,384,,316232,23,0,5 16 26 9,1,200,,316233,23,0,5 16 26 9,1,116,,316234,23,0,88 9,1,146,,316235,23,0,88 9,1,200,,316236,23,0,5 16 26 9,1,145,,316237,23,0,5 16 26 9,1
6801,'20260926',626,,316238,23,0,53 20 39,1,130,,316240,23,0,53 20 39,1,100,,316242,23,0,53 20 39,1,150,,316243,23,0,88 9,1,150,,316245,23,0,53 20 39,1,150,,316246,23,0,88 9,1,595,,316247,23,0,88 9,1,215,,316249,23,0,53 20 39,1,290,,316250,23,0,5 16 26 9,1
6801,'20260927',626,,316251,23,0,53 20 39,1,130,,316253,23,0,53 20 39,1,100,,316255,23,0,53 20 39,1,150,,316256,23,0,88 9,1,150,,316258,23,0,53 20 39,1,150,,316259,23,0,88 9,1,595,,316260,23,0,88 9,1,215,,316262,23,0,53 20 39,1,290,,316263,23,0,5 16 26 9,1
6801,'20260928',456,,316264,23,0,5 16 26 9,1,598,,316265,23,0,88 9,1,100,,316266,23,0,88 9,1,384,,316267,23,0,5 16 26 9,1,200,,316268,23,0,5 16 26 9,1,116,,316269,23,0,88 9,1,146,,316270,23,0,88 9,1,200,,316271,23,0,5 16 26 9,1,145,,316272,23,0,5 16 26 9,1
6801,'20260929',456,,316273,23,0,5 16 26 9,1,598,,316274,23,0,88 9,1,100,,316275,23,0,88 9,1,384,,316276,23,0,5 16 26 9,1,200,,316277,23,0,5 16 26 9,1,116,,316278,23,0,88 9,1,146,,316279,23,0,88 9,1,200,,316280,23,0,5 16 26 9,1,145,,316281,23,0,5 16 26 9,1
6801,'20260930',456,,316282,23,0,5 16 26 9,1,598,,316283,23,0,88 9,1,100,,316284,23,0,88 9,1,384,,316285,23,0,5 16 26 9,1,200,,316286,23,0,5 16 26 9,1,116,,316287,23,0,88 9,1,146,,316288,23,0,88 9,1,200,,316289,23,0,5 16 26 9,1,145,,316290,23,0,5 16 26 9,1
6801,'20261001',456,,316291,23,0,5 16 26 9,1,598,,316292,23,0,88 9,1,100,,316293,23,0,88 9,1,384,,316294,23,0,5 16 26 9,1,200,,316295,23,0,5 16 26 9,1,116,,316296,23,0,88 9,1,146,,316297,23,0,88 9,1,200,,316298,23,0,5 16 26 9,1,145,,316299,23,0,5 16 26 9,1
6801,'20261002',456,,316300,23,0,5 16 26 9,1,598,,316301,23,0,88 9,1,100,,316302,23,0,88 9,1,384,,316303,23,0,5 16 26 9,1,200,,316304,23,0,5 16 26 9,1,116,,316305,23,0,88 9,1,146,,316306,23,0,88 9,1,200,,316307,23,0,5 16 26 9,1,145,,316308,23,0,5 16 26 9,1
6801,'20261003',626,,316309,23,0,53 20 39,1,130,,316311,23,0,53 20 39,1,100,,316313,23,0,53 20 39,1,150,,316314,23,0,88 9,1,150,,316316,23,0,53 20 39,1,150,,316317,23,0,88 9,1,595,,316318,23,0,88 9,1,215,,316320,23,0,53 20 39,1,290,,316321,23,0,5 16 26 9,1
6801,'20261004',626,,316322,23,0,53 20 39,1,130,,316324,23,0,53 20 39,1,100,,316326,23,0,53 20 39,1,150,,316327,23,0,88 9,1,150,,316329,23,0,53 20 39,1,150,,316330,23,0,88 9,1,595,,316331,23,0,88 9,1,215,,316333,23,0,53 20 39,1,290,,316334,23,0,5 16 26 9,1
6801,'20261005',456,,316335,23,0,5 16 26 9,1,598,,316336,23,0,88 9,1,100,,316337,23,0,88 9,1,384,,316338,23,0,5 16 26 9,1,200,,316339,23,0,5 16 26 9,1,116,,316340,23,0,88 9,1,146,,316341,23,0,88 9,1,200,,316342,23,0,5 16 26 9,1,145,,316343,23,0,5 16 26 9,1
6801,'20261006',456,,316344,23,0,5 16 26 9,1,598,,316345,23,0,88 9,1,100,,316346,23,0,88 9,1,384,,316347,23,0,5 16 26 9,1,200,,316348,23,0,5 16 26 9,1,116,,316349,23,0,88 9,1,146,,316350,23,0,88 9,1,200,,316351,23,0,5 16 26 9,1,145,,316352,23,0,5 16 26 9,1
6801,'20261007',456,,316353,23,0,5 16 26 9,1,598,,316354,23,0,88 9,1,100,,316355,23,0,88 9,1,384,,316356,23,0,5 16 26 9,1,200,,316357,23,0,5 16 26 9,1,116,,316358,23,0,88 9,1,146,,316359,23,0,88 9,1,200,,316360,23,0,5 16 26 9,1,145,,316361,23,0,5 16 26 9,1
6801,'20261008',456,,316362,23,0,5 16 26 9,1,598,,316363,23,0,88 9,1,100,,316364,23,0,88 9,1,384,,316365,23,0,5 16 26 9,1,200,,316366,23,0,5 16 26 9,1,116,,316367,23,0,88 9,1,146,,316368,23,0,88 9,1,200,,316369,23,0,5 16 26 9,1,145,,316370,23,0,5 16 26 9,1
6801,'20261009',456,,316371,23,0,5 16 26 9,1,598,,316372,23,0,88 9,1,100,,316373,23,0,88 9,1,384,,316374,23,0,5 16 26 9,1,200,,316375,23,0,5 16 26 9,1,116,,316376,23,0,88 9,1,146,,316377,23,0,88 9,1,200,,316378,23,0,5 16 26 9,1,145,,316379,23,0,5 16 26 9,1
6801,'20261010',626,,316380,23,0,53 20 39,1,130,,316382,23,0,53 20 39,1,100,,316384,23,0,53 20 39,1,150,,316385,23,0,88 9,1,150,,316387,23,0,53 20 39,1,150,,316388,23,0,88 9,1,595,,316389,23,0,88 9,1,215,,316391,23,0,53 20 39,1,290,,316392,23,0,5 16 26 9,1
6801,'20261011',626,,316393,23,0,53 20 39,1,130,,316395,23,0,53 20 39,1,100,,316397,23,0,53 20 39,1,150,,316398,23,0,88 9,1,150,,316400,23,0,53 20 39,1,150,,316401,23,0,88 9,1,595,,316402,23,0,88 9,1,215,,316404,23,0,53 20 39,1,290,,316405,23,0,5 16 26 9,1
6801,'20261012',626,,316406,23,0,53 20 39,1,130,,316408,23,0,53 20 39,1,100,,316410,23,0,53 20 39,1,150,,316411,23,0,88 9,1,150,,316413,23,0,53 20 39,1,150,,316414,23,0,88 9,1,595,,316415,23,0,88 9,1,215,,316417,23,0,53 20 39,1,290,,316418,23,0,5 16 26 9,1
6801,'20261013',456,,316419,23,0,5 16 26 9,1,598,,316420,23,0,88 9,1,100,,316421,23,0,88 9,1,384,,316422,23,0,5 16 26 9,1,200,,316423,23,0,5 16 26 9,1,116,,316424,23,0,88 9,1,146,,316425,23,0,88 9,1,200,,316426,23,0,5 16 26 9,1,145,,316427,23,0,5 16 26 9,1
6801,'20261014',456,,316428,23,0,5 16 26 9,1,598,,316429,23,0,88 9,1,100,,316430,23,0,88 9,1,384,,316431,23,0,5 16 26 9,1,200,,316432,23,0,5 16 26 9,1,116,,316433,23,0,88 9,1,146,,316434,23,0,88 9,1,200,,316435,23,0,5 16 26 9,1,145,,316436,23,0,5 16 26 9,1
6801,'20261015',456,,316437,23,0,5 16 26 9,1,598,,316438,23,0,88 9,1,100,,316439,23,0,88 9,1,384,,316440,23,0,5 16 26 9,1,200,,316441,23,0,5 16 26 9,1,116,,316442,23,0,88 9,1,146,,316443,23,0,88 9,1,200,,316444,23,0,5 16 26 9,1,145,,316445,23,0,5 16 26 9,1
6801,'20261016',456,,316446,23,0,5 16 26 9,1,598,,316447,23,0,88 9,1,100,,316448,23,0,88 9,1,384,,316449,23,0,5 16 26 9,1,200,,316450,23,0,5 16 26 9,1,116,,316451,23,0,88 9,1,146,,316452,23,0,88 9,1,200,,316453,23,0,5 16 26 9,1,145,,316454,23,0,5 16 26 9,1
6801,'20261017',626,,316455,23,0,53 20 39,1,130,,316457,23,0,53 20 39,1,100,,316459,23,0,53 20 39,1,150,,316460,23,0,88 9,1,150,,316462,23,0,53 20 39,1,150,,316463,23,0,88 9,1,595,,316464,23,0,88 9,1,215,,316466,23,0,53 20 39,1,290,,316467,23,0,5 16 26 9,1
6801,'20261018',626,,316468,23,0,53 20 39,1,130,,316470,23,0,53 20 39,1,100,,316472,23,0,53 20 39,1,150,,316473,23,0,88 9,1,150,,316475,23,0,53 20 39,1,150,,316476,23,0,88 9,1,595,,316477,23,0,88 9,1,215,,316479,23,0,53 20 39,1,290,,316480,23,0,5 16 26 9,1
6801,'20261019',456,,316481,23,0,5 16 26 9,1,598,,316482,23,0,88 9,1,100,,316483,23,0,88 9,1,384,,316484,23,0,5 16 26 9,1,200,,316485,23,0,5 16 26 9,1,116,,316486,23,0,88 9,1,146,,316487,23,0,88 9,1,200,,316488,23,0,5 16 26 9,1,145,,316489,23,0,5 16 26 9,1
6801,'20261020',456,,316490,23,0,5 16 26 9,1,598,,316491,23,0,88 9,1,100,,316492,23,0,88 9,1,384,,316493,23,0,5 16 26 9,1,200,,316494,23,0,5 16 26 9,1,116,,316495,23,0,88 9,1,146,,316496,23,0,88 9,1,200,,316497,23,0,5 16 26 9,1,145,,316498,23,0,5 16 26 9,1
6801,'20261021',456,,316499,23,0,5 16 26 9,1,598,,316500,23,0,88 9,1,100,,316501,23,0,88 9,1,384,,316502,23,0,5 16 26 9,1,200,,316503,23,0,5 16 26 9,1,116,,316504,23,0,88 9,1,146,,316505,23,0,88 9,1,200,,316506,23,0,5 16 26 9,1,145,,316507,23,0,5 16 26 9,1
6801,'20261022',456,,316508,23,0,5 16 26 9,1,598,,316509,23,0,88 9,1,100,,316510,23,0,88 9,1,384,,316511,23,0,5 16 26 9,1,200,,316512,23,0,5 16 26 9,1,116,,316513,23,0,88 9,1,146,,316514,23,0,88 9,1,200,,316515,23,0,5 16 26 9,1,145,,316516,23,0,5 16 26 9,1
6801,'20261023',456,,316517,23,0,5 16 26 9,1,598,,316518,23,0,88 9,1,100,,316519,23,0,88 9,1,384,,316520,23,0,5 16 26 9,1,200,,316521,23,0,5 16 26 9,1,116,,316522,23,0,88 9,1,146,,316523,23,0,88 9,1,200,,316524,23,0,5 16 26 9,1,145,,316525,23,0,5 16 26 9,1
6801,'20261024',626,,316526,23,0,53 20 39,1,130,,316528,23,0,53 20 39,1,100,,316530,23,0,53 20 39,1,150,,316531,23,0,88 9,1,150,,316533,23,0,53 20 39,1,150,,316534,23,0,88 9,1,595,,316535,23,0,88 9,1,215,,316537,23,0,53 20 39,1,290,,316538,23,0,5 16 26 9,1
6801,'20261025',626,,316539,23,0,53 20 39,1,130,,316541,23,0,53 20 39,1,100,,316543,23,0,53 20 39,1,150,,316544,23,0,88 9,1,150,,316546,23,0,53 20 39,1,150,,316547,23,0,88 9,1,595,,316548,23,0,88 9,1,215,,316550,23,0,53 20 39,1,290,,316551,23,0,5 16 26 9,1
6801,'20261026',456,,316552,23,0,5 16 26 9,1,598,,316553,23,0,88 9,1,100,,316554,23,0,88 9,1,384,,316555,23,0,5 16 26 9,1,200,,316556,23,0,5 16 26 9,1,116,,316557,23,0,88 9,1,146,,316558,23,0,88 9,1,200,,316559,23,0,5 16 26 9,1,145,,316560,23,0,5 16 26 9,1
6801,'20261027',456,,316561,23,0,5 16 26 9,1,598,,316562,23,0,88 9,1,100,,316563,23,0,88 9,1,384,,316564,23,0,5 16 26 9,1,200,,316565,23,0,5 16 26 9,1,116,,316566,23,0,88 9,1,146,,316567,23,0,88 9,1,200,,316568,23,0,5 16 26 9,1,145,,316569,23,0,5 16 26 9,1
6801,'20261028',456,,316570,23,0,5 16 26 9,1,598,,316571,23,0,88 9,1,100,,316572,23,0,88 9,1,384,,316573,23,0,5 16 26 9,1,200,,316574,23,0,5 16 26 9,1,116,,316575,23,0,88 9,1,146,,316576,23,0,88 9,1,200,,316577,23,0,5 16 26 9,1,145,,316578,23,0,5 16 26 9,1
6801,'20261029',456,,316579,23,0,5 16 26 9,1,598,,316580,23,0,88 9,1,100,,316581,23,0,88 9,1,384,,316582,23,0,5 16 26 9,1,200,,316583,23,0,5 16 26 9,1,116,,316584,23,0,88 9,1,146,,316585,23,0,88 9,1,200,,316586,23,0,5 16 26 9,1,145,,316587,23,0,5 16 26 9,1
6801,'20261030',456,,316588,23,0,5 16 26 9,1,598,,316589,23,0,88 9,1,100,,316590,23,0,88 9,1,384,,316591,23,0,5 16 26 9,1,200,,316592,23,0,5 16 26 9,1,116,,316593,23,0,88 9,1,146,,316594,23,0,88 9,1,200,,316595,23,0,5 16 26 9,1,145,,316596,23,0,5 16 26 9,1
6801,'20261031',626,,316597,23,0,53 20 39,1,130,,316599,23,0,53 20 39,1,100,,316601,23,0,53 20 39,1,150,,316602,23,0,88 9,1,150,,316604,23,0,53 20 39,1,150,,316605,23,0,88 9,1,595,,316606,23,0,88 9,1,215,,316608,23,0,53 20 39,1,290,,316609,23,0,5 16 26 9,1
6801,'20261101',626,,316610,23,0,53 20 39,1,130,,316612,23,0,53 20 39,1,100,,316614,23,0,53 20 39,1,150,,316615,23,0,88 9,1,150,,316617,23,0,53 20 39,1,150,,316618,23,0,88 9,1,595,,316619,23,0,88 9,1,215,,316621,23,0,53 20 39,1,290,,316622,23,0,5 16 26 9,1
6801,'20261102',456,,316623,23,0,5 16 26 9,1,598,,316624,23,0,88 9,1,100,,316625,23,0,88 9,1,384,,316626,23,0,5 16 26 9,1,200,,316627,23,0,5 16 26 9,1,116,,316628,23,0,88 9,1,146,,316629,23,0,88 9,1,200,,316630,23,0,5 16 26 9,1,145,,316631,23,0,5 16 26 9,1
6801,'20261103',456,,316632,23,0,5 16 26 9,1,598,,316633,23,0,88 9,1,100,,316634,23,0,88 9,1,384,,316635,23,0,5 16 26 9,1,200,,316636,23,0,5 16 26 9,1,116,,316637,23,0,88 9,1,146,,316638,23,0,88 9,1,200,,316639,23,0,5 16 26 9,1,145,,316640,23,0,5 16 26 9,1
6801,'20261104',456,,316641,23,0,5 16 26 9,1,598,,316642,23,0,88 9,1,100,,316643,23,0,88 9,1,384,,316644,23,0,5 16 26 9,1,200,,316645,23,0,5 16 26 9,1,116,,316646,23,0,88 9,1,146,,316647,23,0,88 9,1,200,,316648,23,0,5 16 26 9,1,145,,316649,23,0,5 16 26 9,1
6801,'20261105',456,,316650,23,0,5 16 26 9,1,598,,316651,23,0,88 9,1,100,,316652,23,0,88 9,1,384,,316653,23,0,5 16 26 9,1,200,,316654,23,0,5 16 26 9,1,116,,316655,23,0,88 9,1,146,,316656,23,0,88 9,1,200,,316657,23,0,5 16 26 9,1,145,,316658,23,0,5 16 26 9,1
6801,'20261106',456,,316659,23,0,5 16 26 9,1,598,,316660,23,0,88 9,1,100,,316661,23,0,88 9,1,384,,316662,23,0,5 16 26 9,1,200,,316663,23,0,5 16 26 9,1,116,,316664,23,0,88 9,1,146,,316665,23,0,88 9,1,200,,316666,23,0,5 16 26 9,1,145,,316667,23,0,5 16 26 9,1
6801,'20261107',626,,316668,23,0,53 20 39,1,130,,316670,23,0,53 20 39,1,100,,316672,23,0,53 20 39,1,150,,316673,23,0,88 9,1,150,,316675,23,0,53 20 39,1,150,,316676,23,0,88 9,1,595,,316677,23,0,88 9,1,215,,316679,23,0,53 20 39,1,290,,316680,23,0,5 16 26 9,1
6801,'20261108',626,,316681,23,0,53 20 39,1,130,,316683,23,0,53 20 39,1,100,,316685,23,0,53 20 39,1,150,,316686,23,0,88 9,1,150,,316688,23,0,53 20 39,1,150,,316689,23,0,88 9,1,595,,316690,23,0,88 9,1,215,,316692,23,0,53 20 39,1,290,,316693,23,0,5 16 26 9,1
6801,'20261109',456,,316694,23,0,5 16 26 9,1,598,,316695,23,0,88 9,1,100,,316696,23,0,88 9,1,384,,316697,23,0,5 16 26 9,1,200,,316698,23,0,5 16 26 9,1,116,,316699,23,0,88 9,1,146,,316700,23,0,88 9,1,200,,316701,23,0,5 16 26 9,1,145,,316702,23,0,5 16 26 9,1
6801,'20261110',456,,316703,23,0,5 16 26 9,1,598,,316704,23,0,88 9,1,100,,316705,23,0,88 9,1,384,,316706,23,0,5 16 26 9,1,200,,316707,23,0,5 16 26 9,1,116,,316708,23,0,88 9,1,146,,316709,23,0,88 9,1,200,,316710,23,0,5 16 26 9,1,145,,316711,23,0,5 16 26 9,1
6801,'20261111',456,,316712,23,0,5 16 26 9,1,598,,316713,23,0,88 9,1,100,,316714,23,0,88 9,1,384,,316715,23,0,5 16 26 9,1,200,,316716,23,0,5 16 26 9,1,116,,316717,23,0,88 9,1,146,,316718,23,0,88 9,1,200,,316719,23,0,5 16 26 9,1,145,,316720,23,0,5 16 26 9,1
6801,'20261112',456,,316721,23,0,5 16 26 9,1,598,,316722,23,0,88 9,1,100,,316723,23,0,88 9,1,384,,316724,23,0,5 16 26 9,1,200,,316725,23,0,5 16 26 9,1,116,,316726,23,0,88 9,1,146,,316727,23,0,88 9,1,200,,316728,23,0,5 16 26 9,1,145,,316729,23,0,5 16 26 9,1
6801,'20261113',456,,316730,23,0,5 16 26 9,1,598,,316731,23,0,88 9,1,100,,316732,23,0,88 9,1,384,,316733,23,0,5 16 26 9,1,200,,316734,23,0,5 16 26 9,1,116,,316735,23,0,88 9,1,146,,316736,23,0,88 9,1,200,,316737,23,0,5 16 26 9,1,145,,316738,23,0,5 16 26 9,1
6801,'20261114',626,,316739,23,0,53 20 39,1,130,,316741,23,0,53 20 39,1,100,,316743,23,0,53 20 39,1,150,,316744,23,0,88 9,1,150,,316746,23,0,53 20 39,1,150,,316747,23,0,88 9,1,595,,316748,23,0,88 9,1,215,,316750,23,0,53 20 39,1,290,,316751,23,0,5 16 26 9,1
6801,'20261115',626,,316752,23,0,53 20 39,1,130,,316754,23,0,53 20 39,1,100,,316756,23,0,53 20 39,1,150,,316757,23,0,88 9,1,150,,316759,23,0,53 20 39,1,150,,316760,23,0,88 9,1,595,,316761,23,0,88 9,1,215,,316763,23,0,53 20 39,1,290,,316764,23,0,5 16 26 9,1
6801,'20261116',456,,316765,23,0,5 16 26 9,1,598,,316766,23,0,88 9,1,100,,316767,23,0,88 9,1,384,,316768,23,0,5 16 26 9,1,200,,316769,23,0,5 16 26 9,1,116,,316770,23,0,88 9,1,146,,316771,23,0,88 9,1,200,,316772,23,0,5 16 26 9,1,145,,316773,23,0,5 16 26 9,1
6801,'20261117',456,,316774,23,0,5 16 26 9,1,598,,316775,23,0,88 9,1,100,,316776,23,0,88 9,1,384,,316777,23,0,5 16 26 9,1,200,,316778,23,0,5 16 26 9,1,116,,316779,23,0,88 9,1,146,,316780,23,0,88 9,1,200,,316781,23,0,5 16 26 9,1,145,,316782,23,0,5 16 26 9,1
6801,'20261118',456,,316783,23,0,5 16 26 9,1,598,,316784,23,0,88 9,1,100,,316785,23,0,88 9,1,384,,316786,23,0,5 16 26 9,1,200,,316787,23,0,5 16 26 9,1,116,,316788,23,0,88 9,1,146,,316789,23,0,88 9,1,200,,316790,23,0,5 16 26 9,1,145,,316791,23,0,5 16 26 9,1
6801,'20261119',456,,316792,23,0,5 16 26 9,1,598,,316793,23,0,88 9,1,100,,316794,23,0,88 9,1,384,,316795,23,0,5 16 26 9,1,200,,316796,23,0,5 16 26 9,1,116,,316797,23,0,88 9,1,146,,316798,23,0,88 9,1,200,,316799,23,0,5 16 26 9,1,145,,316800,23,0,5 16 26 9,1
6801,'20261120',456,,316801,23,0,5 16 26 9,1,598,,316802,23,0,88 9,1,100,,316803,23,0,88 9,1,384,,316804,23,0,5 16 26 9,1,200,,316805,23,0,5 16 26 9,1,116,,316806,23,0,88 9,1,146,,316807,23,0,88 9,1,200,,316808,23,0,5 16 26 9,1,145,,316809,23,0,5 16 26 9,1
6801,'20261121',626,,316810,23,0,53 20 39,1,130,,316812,23,0,53 20 39,1,100,,316814,23,0,53 20 39,1,150,,316815,23,0,88 9,1,150,,316817,23,0,53 20 39,1,150,,316818,23,0,88 9,1,595,,316819,23,0,88 9,1,215,,316821,23,0,53 20 39,1,290,,316822,23,0,5 16 26 9,1
6801,'20261122',626,,316823,23,0,53 20 39,1,130,,316825,23,0,53 20 39,1,100,,316827,23,0,53 20 39,1,150,,316828,23,0,88 9,1,150,,316830,23,0,53 20 39,1,150,,316831,23,0,88 9,1,595,,316832,23,0,88 9,1,215,,316834,23,0,53 20 39,1,290,,316835,23,0,5 16 26 9,1
6801,'20261123',456,,316836,23,0,5 16 26 9,1,598,,316837,23,0,88 9,1,100,,316838,23,0,88 9,1,384,,316839,23,0,5 16 26 9,1,200,,316840,23,0,5 16 26 9,1,116,,316841,23,0,88 9,1,146,,316842,23,0,88 9,1,200,,316843,23,0,5 16 26 9,1,145,,316844,23,0,5 16 26 9,1
6801,'20261124',456,,316845,23,0,5 16 26 9,1,598,,316846,23,0,88 9,1,100,,316847,23,0,88 9,1,384,,316848,23,0,5 16 26 9,1,200,,316849,23,0,5 16 26 9,1,116,,316850,23,0,88 9,1,146,,316851,23,0,88 9,1,200,,316852,23,0,5 16 26 9,1,145,,316853,23,0,5 16 26 9,1
6801,'20261125',456,,316854,23,0,5 16 26 9,1,598,,316855,23,0,88 9,1,100,,316856,23,0,88 9,1,384,,316857,23,0,5 16 26 9,1,200,,316858,23,0,5 16 26 9,1,116,,316859,23,0,88 9,1,146,,316860,23,0,88 9,1,200,,316861,23,0,5 16 26 9,1,145,,316862,23,0,5 16 26 9,1
6801,'20261126',456,,316863,23,0,5 16 26 9,1,598,,316864,23,0,88 9,1,100,,316865,23,0,88 9,1,384,,316866,23,0,5 16 26 9,1,200,,316867,23,0,5 16 26 9,1,116,,316868,23,0,88 9,1,146,,316869,23,0,88 9,1,200,,316870,23,0,5 16 26 9,1,145,,316871,23,0,5 16 26 9,1
6801,'20261127',456,,316872,23,0,5 16 26 9,1,598,,316873,23,0,88 9,1,100,,316874,23,0,88 9,1,384,,316875,23,0,5 16 26 9,1,200,,316876,23,0,5 16 26 9,1,116,,316877,23,0,88 9,1,146,,316878,23,0,88 9,1,200,,316879,23,0,5 16 26 9,1,145,,316880,23,0,5 16 26 9,1
