3101,'20260917',659,,267670,26,0,37 43 44 47,1,60,,267671,26,0,37 43 44 47,1,21,,267672,36,0,43 44 47,1,64,,267673,26,0,37 43 44 47,1,35,,267674,34,0,5 43 44 47,1,100,,267675,34,0,5 43 44 47,1,1664,,267679,34,0,7 43 44 47,1
3101,'20260918',659,,267682,26,0,37 43 44 47,1,60,,267683,26,0,37 43 44 47,1,21,,267684,36,0,43 44 47,1,64,,267685,26,0,37 43 44 47,1,35,,267686,34,0,5 43 44 47,1,100,,267687,34,0,5 43 44 47,1,1312,,267688,7,0,105 101 9,1,352,,267696,34,0,7 43 44 47,1
3101,'20260919',916,,267699,34,0,7 43 44 47,1,88,,267701,28,0,71 101 9,1,10,,267702,28,0,71 101 9,1,802,,267703,28,0,71 101 9,1,590,,267704,28,0,71 101 9,1
3101,'20260920',916,,267711,34,0,7 43 44 47,1,88,,267713,28,0,71 101 9,1,10,,267714,28,0,71 101 9,1,802,,267715,28,0,71 101 9,1,590,,267716,28,0,71 101 9,1
3101,'20260921',659,,267721,26,0,37 43 44 47,1,60,,267722,26,0,37 43 44 47,1,21,,267723,36,0,43 44 47,1,64,,267724,26,0,37 43 44 47,1,35,,267725,34,0,5 43 44 47,1,100,,267726,34,0,5 43 44 47,1,1664,,267730,34,0,7 43 44 47,1
3101,'20260922',659,,267733,26,0,37 43 44 47,1,60,,267734,26,0,37 43 44 47,1,21,,267735,36,0,43 44 47,1,64,,267736,26,0,37 43 44 47,1,35,,267737,34,0,5 43 44 47,1,100,,267738,34,0,5 43 44 47,1,1664,,267742,34,0,7 43 44 47,1
3101,'20260923',659,,267745,26,0,37 43 44 47,1,60,,267746,26,0,37 43 44 47,1,21,,267747,36,0,43 44 47,1,64,,267748,26,0,37 43 44 47,1,35,,267749,34,0,5 43 44 47,1,100,,267750,34,0,5 43 44 47,1,1664,,267754,34,0,7 43 44 47,1
3101,'20260924',659,,267757,26,0,37 43 44 47,1,60,,267758,26,0,37 43 44 47,1,21,,267759,36,0,43 44 47,1,64,,267760,26,0,37 43 44 47,1,35,,267761,34,0,5 43 44 47,1,100,,267762,34,0,5 43 44 47,1,1664,,267766,34,0,7 43 44 47,1
3101,'20260925',659,,267769,26,0,37 43 44 47,1,60,,267770,26,0,37 43 44 47,1,21,,267771,36,0,43 44 47,1,64,,267772,26,0,37 43 44 47,1,35,,267773,34,0,5 43 44 47,1,100,,267774,34,0,5 43 44 47,1,1664,,267778,34,0,7 43 44 47,1
3101,'20260926',916,,267781,34,0,7 43 44 47,1
3101,'20260927',916,,267789,34,0,7 43 44 47,1
3101,'20260928',659,,267795,26,0,37 43 44 47,1,60,,267796,26,0,37 43 44 47,1,21,,267797,36,0,43 44 47,1,64,,267798,26,0,37 43 44 47,1,35,,267799,34,0,5 43 44 47,1,100,,267800,34,0,5 43 44 47,1,1664,,267804,34,0,7 43 44 47,1
3101,'20260929',659,,267807,26,0,37 43 44 47,1,60,,267808,26,0,37 43 44 47,1,21,,267809,36,0,43 44 47,1,64,,267810,26,0,37 43 44 47,1,35,,267811,34,0,5 43 44 47,1,100,,267812,34,0,5 43 44 47,1,1664,,267816,34,0,7 43 44 47,1
3101,'20260930',659,,267819,26,0,37 43 44 47,1,60,,267820,26,0,37 43 44 47,1,21,,267821,36,0,43 44 47,1,64,,267822,26,0,37 43 44 47,1,35,,267823,34,0,5 43 44 47,1,100,,267824,34,0,5 43 44 47,1,1664,,267828,34,0,7 43 44 47,1
3101,'20261001',659,,267831,26,0,37 43 44 47,1,60,,267832,26,0,37 43 44 47,1,21,,267833,36,0,43 44 47,1,64,,267834,26,0,37 43 44 47,1,35,,267835,34,0,5 43 44 47,1,100,,267836,34,0,5 43 44 47,1,1664,,267840,34,0,7 43 44 47,1
3101,'20261002',659,,267843,26,0,37 43 44 47,1,60,,267844,26,0,37 43 44 47,1,21,,267845,36,0,43 44 47,1,64,,267846,26,0,37 43 44 47,1,35,,267847,34,0,5 43 44 47,1,100,,267848,34,0,5 43 44 47,1,1312,,332718,7,0,105 101 9,1,352,,267852,34,0,7 43 44 47,1
3101,'20261003',916,,267855,34,0,7 43 44 47,1,93,,332723,28,0,71 101 9,1,10,,332724,28,0,71 101 9,1,802,,332725,28,0,71 101 9,1,590,,332726,28,0,71 101 9,1
3101,'20261004',916,,267863,34,0,7 43 44 47,1,93,,332727,28,0,71 101 9,1,10,,332728,28,0,71 101 9,1,802,,332729,28,0,71 101 9,1,590,,332730,28,0,71 101 9,1
3101,'20261005',659,,267869,26,0,37 43 44 47,1,60,,267870,26,0,37 43 44 47,1,21,,267871,36,0,43 44 47,1,64,,267872,26,0,37 43 44 47,1,35,,267873,34,0,5 43 44 47,1,100,,267874,34,0,5 43 44 47,1,1664,,267878,34,0,7 43 44 47,1
3101,'20261006',659,,267881,26,0,37 43 44 47,1,60,,267882,26,0,37 43 44 47,1,21,,267883,36,0,43 44 47,1,64,,267884,26,0,37 43 44 47,1,35,,267885,34,0,5 43 44 47,1,100,,267886,34,0,5 43 44 47,1,1664,,267890,34,0,7 43 44 47,1
3101,'20261007',659,,267893,26,0,37 43 44 47,1,60,,267894,26,0,37 43 44 47,1,21,,267895,36,0,43 44 47,1,64,,267896,26,0,37 43 44 47,1,35,,267897,34,0,5 43 44 47,1,100,,267898,34,0,5 43 44 47,1,1664,,267902,34,0,7 43 44 47,1
3101,'20261008',659,,267905,26,0,37 43 44 47,1,60,,267906,26,0,37 43 44 47,1,21,,267907,36,0,43 44 47,1,64,,267908,26,0,37 43 44 47,1,35,,267909,34,0,5 43 44 47,1,100,,267910,34,0,5 43 44 47,1,1664,,267914,34,0,7 43 44 47,1
3101,'20261009',659,,267917,26,0,37 43 44 47,1,60,,267918,26,0,37 43 44 47,1,21,,267919,36,0,43 44 47,1,64,,267920,26,0,37 43 44 47,1,35,,267921,34,0,5 43 44 47,1,100,,267922,34,0,5 43 44 47,1,1664,,267926,34,0,7 43 44 47,1
3101,'20261010',916,,267929,34,0,7 43 44 47,1
3101,'20261011',916,,267937,34,0,7 43 44 47,1
3101,'20261012',916,,267943,34,0,7 43 44 47,1
3101,'20261013',659,,267951,26,0,37 43 44 47,1,60,,267952,26,0,37 43 44 47,1,21,,267953,36,0,43 44 47,1,64,,267954,26,0,37 43 44 47,1,35,,267955,34,0,5 43 44 47,1,100,,267956,34,0,5 43 44 47,1,1664,,267960,34,0,7 43 44 47,1
3101,'20261014',659,,267963,26,0,37 43 44 47,1,60,,267964,26,0,37 43 44 47,1,21,,267965,36,0,43 44 47,1,64,,267966,26,0,37 43 44 47,1,35,,267967,34,0,5 43 44 47,1,100,,267968,34,0,5 43 44 47,1,1664,,267972,34,0,7 43 44 47,1
3101,'20261015',659,,267975,26,0,37 43 44 47,1,60,,267976,26,0,37 43 44 47,1,21,,267977,36,0,43 44 47,1,64,,267978,26,0,37 43 44 47,1,35,,267979,34,0,5 43 44 47,1,100,,267980,34,0,5 43 44 47,1,1664,,267984,34,0,7 43 44 47,1
3101,'20261016',659,,267987,26,0,37 43 44 47,1,60,,267988,26,0,37 43 44 47,1,21,,267989,36,0,43 44 47,1,64,,267990,26,0,37 43 44 47,1,35,,267991,34,0,5 43 44 47,1,100,,267992,34,0,5 43 44 47,1,1664,,267996,34,0,7 43 44 47,1
3101,'20261017',916,,267999,34,0,7 43 44 47,1
3101,'20261018',916,,268007,34,0,7 43 44 47,1
3101,'20261019',659,,268013,26,0,37 43 44 47,1,60,,268014,26,0,37 43 44 47,1,21,,268015,36,0,43 44 47,1,64,,268016,26,0,37 43 44 47,1,35,,268017,34,0,5 43 44 47,1,100,,268018,34,0,5 43 44 47,1,1664,,268022,34,0,7 43 44 47,1
3101,'20261020',659,,268025,26,0,37 43 44 47,1,60,,268026,26,0,37 43 44 47,1,21,,268027,36,0,43 44 47,1,64,,268028,26,0,37 43 44 47,1,35,,268029,34,0,5 43 44 47,1,100,,268030,34,0,5 43 44 47,1,1664,,268034,34,0,7 43 44 47,1
3101,'20261021',659,,268037,26,0,37 43 44 47,1,60,,268038,26,0,37 43 44 47,1,21,,268039,36,0,43 44 47,1,64,,268040,26,0,37 43 44 47,1,35,,268041,34,0,5 43 44 47,1,100,,268042,34,0,5 43 44 47,1,1664,,268046,34,0,7 43 44 47,1
3101,'20261022',659,,268049,26,0,37 43 44 47,1,60,,268050,26,0,37 43 44 47,1,21,,268051,36,0,43 44 47,1,64,,268052,26,0,37 43 44 47,1,35,,268053,34,0,5 43 44 47,1,100,,268054,34,0,5 43 44 47,1,1664,,268058,34,0,7 43 44 47,1
3101,'20261023',659,,268061,26,0,37 43 44 47,1,60,,268062,26,0,37 43 44 47,1,21,,268063,36,0,43 44 47,1,64,,268064,26,0,37 43 44 47,1,35,,268065,34,0,5 43 44 47,1,100,,268066,34,0,5 43 44 47,1,1664,,268070,34,0,7 43 44 47,1
3101,'20261024',916,,268073,34,0,7 43 44 47,1
3101,'20261025',916,,268081,34,0,7 43 44 47,1
3101,'20261026',659,,268087,26,0,37 43 44 47,1,60,,268088,26,0,37 43 44 47,1,21,,268089,36,0,43 44 47,1,64,,268090,26,0,37 43 44 47,1,35,,268091,34,0,5 43 44 47,1,100,,268092,34,0,5 43 44 47,1,1664,,268096,34,0,7 43 44 47,1
3101,'20261027',659,,268099,26,0,37 43 44 47,1,60,,268100,26,0,37 43 44 47,1,21,,268101,36,0,43 44 47,1,64,,268102,26,0,37 43 44 47,1,35,,268103,34,0,5 43 44 47,1,100,,268104,34,0,5 43 44 47,1,1664,,268108,34,0,7 43 44 47,1
3101,'20261028',659,,268111,26,0,37 43 44 47,1,60,,268112,26,0,37 43 44 47,1,21,,268113,36,0,43 44 47,1,64,,268114,26,0,37 43 44 47,1,35,,268115,34,0,5 43 44 47,1,100,,268116,34,0,5 43 44 47,1,1664,,268120,34,0,7 43 44 47,1
3101,'20261029',659,,268123,26,0,37 43 44 47,1,60,,268124,26,0,37 43 44 47,1,21,,268125,36,0,43 44 47,1,64,,268126,26,0,37 43 44 47,1,35,,268127,34,0,5 43 44 47,1,100,,268128,34,0,5 43 44 47,1,1664,,268132,34,0,7 43 44 47,1
3101,'20261030',659,,268135,26,0,37 43 44 47,1,60,,268136,26,0,37 43 44 47,1,21,,268137,36,0,43 44 47,1,64,,268138,26,0,37 43 44 47,1,35,,268139,34,0,5 43 44 47,1,100,,268140,34,0,5 43 44 47,1,1664,,268144,34,0,7 43 44 47,1
3101,'20261031',916,,268147,34,0,7 43 44 47,1
3101,'20261101',916,,268155,34,0,7 43 44 47,1
3101,'20261102',659,,268161,26,0,37 43 44 47,1,60,,268162,26,0,37 43 44 47,1,21,,268163,36,0,43 44 47,1,64,,268164,26,0,37 43 44 47,1,35,,268165,34,0,5 43 44 47,1,100,,268166,34,0,5 43 44 47,1,1664,,268170,34,0,7 43 44 47,1
3101,'20261103',659,,268173,26,0,37 43 44 47,1,60,,268174,26,0,37 43 44 47,1,21,,268175,36,0,43 44 47,1,64,,268176,26,0,37 43 44 47,1,35,,268177,34,0,5 43 44 47,1,100,,268178,34,0,5 43 44 47,1,1664,,268182,34,0,7 43 44 47,1
3101,'20261104',659,,268185,26,0,37 43 44 47,1,60,,268186,26,0,37 43 44 47,1,21,,268187,36,0,43 44 47,1,64,,268188,26,0,37 43 44 47,1,35,,268189,34,0,5 43 44 47,1,100,,268190,34,0,5 43 44 47,1,1664,,268194,34,0,7 43 44 47,1
3101,'20261105',659,,268197,26,0,37 43 44 47,1,60,,268198,26,0,37 43 44 47,1,21,,268199,36,0,43 44 47,1,64,,268200,26,0,37 43 44 47,1,35,,268201,34,0,5 43 44 47,1,100,,268202,34,0,5 43 44 47,1,1664,,268206,34,0,7 43 44 47,1
3101,'20261106',659,,268209,26,0,37 43 44 47,1,60,,268210,26,0,37 43 44 47,1,21,,268211,36,0,43 44 47,1,64,,268212,26,0,37 43 44 47,1,35,,268213,34,0,5 43 44 47,1,100,,268214,34,0,5 43 44 47,1,1664,,268218,34,0,7 43 44 47,1
3101,'20261107',916,,268221,34,0,7 43 44 47,1
3101,'20261108',916,,268229,34,0,7 43 44 47,1
3101,'20261109',659,,268235,26,0,37 43 44 47,1,60,,268236,26,0,37 43 44 47,1,21,,268237,36,0,43 44 47,1,64,,268238,26,0,37 43 44 47,1,35,,268239,34,0,5 43 44 47,1,100,,268240,34,0,5 43 44 47,1,1664,,268244,34,0,7 43 44 47,1
3101,'20261110',659,,268247,26,0,37 43 44 47,1,60,,268248,26,0,37 43 44 47,1,21,,268249,36,0,43 44 47,1,64,,268250,26,0,37 43 44 47,1,35,,268251,34,0,5 43 44 47,1,100,,268252,34,0,5 43 44 47,1,1664,,268256,34,0,7 43 44 47,1
3101,'20261111',659,,268259,26,0,37 43 44 47,1,60,,268260,26,0,37 43 44 47,1,21,,268261,36,0,43 44 47,1,64,,268262,26,0,37 43 44 47,1,35,,268263,34,0,5 43 44 47,1,100,,268264,34,0,5 43 44 47,1,1664,,268268,34,0,7 43 44 47,1
3101,'20261112',659,,268271,26,0,37 43 44 47,1,60,,268272,26,0,37 43 44 47,1,21,,268273,36,0,43 44 47,1,64,,268274,26,0,37 43 44 47,1,35,,268275,34,0,5 43 44 47,1,100,,268276,34,0,5 43 44 47,1,1664,,268280,34,0,7 43 44 47,1
3101,'20261113',659,,268283,26,0,37 43 44 47,1,60,,268284,26,0,37 43 44 47,1,21,,268285,36,0,43 44 47,1,64,,268286,26,0,37 43 44 47,1,35,,268287,34,0,5 43 44 47,1,100,,268288,34,0,5 43 44 47,1,1664,,268292,34,0,7 43 44 47,1
3101,'20261114',916,,268295,34,0,7 43 44 47,1
3101,'20261115',916,,268303,34,0,7 43 44 47,1
3101,'20261116',659,,268309,26,0,37 43 44 47,1,60,,268310,26,0,37 43 44 47,1,21,,268311,36,0,43 44 47,1,64,,268312,26,0,37 43 44 47,1,35,,268313,34,0,5 43 44 47,1,100,,268314,34,0,5 43 44 47,1,1664,,268318,34,0,7 43 44 47,1
3101,'20261117',659,,268321,26,0,37 43 44 47,1,60,,268322,26,0,37 43 44 47,1,21,,268323,36,0,43 44 47,1,64,,268324,26,0,37 43 44 47,1,35,,268325,34,0,5 43 44 47,1,100,,268326,34,0,5 43 44 47,1,1664,,268330,34,0,7 43 44 47,1
3101,'20261118',659,,268333,26,0,37 43 44 47,1,60,,268334,26,0,37 43 44 47,1,21,,268335,36,0,43 44 47,1,64,,268336,26,0,37 43 44 47,1,35,,268337,34,0,5 43 44 47,1,100,,268338,34,0,5 43 44 47,1,1664,,268342,34,0,7 43 44 47,1
3101,'20261119',659,,268345,26,0,37 43 44 47,1,60,,268346,26,0,37 43 44 47,1,21,,268347,36,0,43 44 47,1,64,,268348,26,0,37 43 44 47,1,35,,268349,34,0,5 43 44 47,1,100,,268350,34,0,5 43 44 47,1,1664,,268354,34,0,7 43 44 47,1
3101,'20261120',659,,268357,26,0,37 43 44 47,1,60,,268358,26,0,37 43 44 47,1,21,,268359,36,0,43 44 47,1,64,,268360,26,0,37 43 44 47,1,35,,268361,34,0,5 43 44 47,1,100,,268362,34,0,5 43 44 47,1,1664,,268366,34,0,7 43 44 47,1
3101,'20261121',916,,268369,34,0,7 43 44 47,1
3101,'20261122',916,,268377,34,0,7 43 44 47,1
3101,'20261123',659,,268383,26,0,37 43 44 47,1,60,,268384,26,0,37 43 44 47,1,21,,268385,36,0,43 44 47,1,64,,268386,26,0,37 43 44 47,1,35,,268387,34,0,5 43 44 47,1,100,,268388,34,0,5 43 44 47,1,1664,,268392,34,0,7 43 44 47,1
3101,'20261124',659,,268395,26,0,37 43 44 47,1,60,,268396,26,0,37 43 44 47,1,21,,268397,36,0,43 44 47,1,64,,268398,26,0,37 43 44 47,1,35,,268399,34,0,5 43 44 47,1,100,,268400,34,0,5 43 44 47,1,1664,,268404,34,0,7 43 44 47,1
3101,'20261125',659,,268407,26,0,37 43 44 47,1,60,,268408,26,0,37 43 44 47,1,21,,268409,36,0,43 44 47,1,64,,268410,26,0,37 43 44 47,1,35,,268411,34,0,5 43 44 47,1,100,,268412,34,0,5 43 44 47,1,1664,,268416,34,0,7 43 44 47,1
3101,'20261126',659,,268419,26,0,37 43 44 47,1,60,,268420,26,0,37 43 44 47,1,21,,268421,36,0,43 44 47,1,64,,268422,26,0,37 43 44 47,1,35,,268423,34,0,5 43 44 47,1,100,,268424,34,0,5 43 44 47,1,1664,,268428,34,0,7 43 44 47,1
3101,'20261127',659,,268431,26,0,37 43 44 47,1,60,,268432,26,0,37 43 44 47,1,21,,268433,36,0,43 44 47,1,64,,268434,26,0,37 43 44 47,1,35,,268435,34,0,5 43 44 47,1,100,,268436,34,0,5 43 44 47,1,1664,,268440,34,0,7 43 44 47,1
3301,'20260917',1017,,273423,38,,,1,100,,273424,38,,,1,100,,273425,38,,,1,102,,273426,38,,,1,108,,273427,38,,,1,105,,273428,38,,,1,100,,273430,38,,,1,112,,273433,38,,,1,93,,273435,38,,,1,191,,273442,38,,,1,185,,273446,38,,,1,189,,273450,38,,,1
3301,'20260918',1017,,273455,38,,,1,100,,273456,38,,,1,100,,273457,38,,,1,102,,273458,38,,,1,108,,273459,38,,,1,105,,273460,38,,,1,100,,273462,38,,,1,112,,273465,38,,,1,93,,273467,38,,,1,191,,273474,38,,,1,185,,273478,38,,,1,189,,273482,38,,,1
3301,'20260919',1114,,273486,38,,,1,205,,273488,38,,,1,197,,273490,38,,,1,200,,273492,38,,,1,196,,273493,38,,,1,200,,273494,38,,,1,200,,273495,38,,,1,199,,273496,38,,,1
3301,'20260920',1114,,273498,38,,,1,205,,273500,38,,,1,197,,273502,38,,,1,200,,273504,38,,,1,196,,273505,38,,,1,200,,273506,38,,,1,200,,273507,38,,,1,199,,273508,38,,,1
3301,'20260921',1017,,273511,38,,,1,100,,273512,38,,,1,100,,273513,38,,,1,102,,273514,38,,,1,108,,273515,38,,,1,105,,273516,38,,,1,100,,273518,38,,,1,112,,273521,38,,,1,93,,273523,38,,,1,191,,273530,38,,,1,185,,273534,38,,,1,189,,273538,38,,,1
3301,'20260922',1017,,273543,38,,,1,100,,273544,38,,,1,100,,273545,38,,,1,102,,273546,38,,,1,108,,273547,38,,,1,105,,273548,38,,,1,100,,273550,38,,,1,112,,273553,38,,,1,93,,273555,38,,,1,191,,273562,38,,,1,185,,273566,38,,,1,189,,273570,38,,,1
3301,'20260923',1017,,273575,38,,,1,100,,273576,38,,,1,100,,273577,38,,,1,102,,273578,38,,,1,108,,273579,38,,,1,105,,273580,38,,,1,100,,273582,38,,,1,112,,273585,38,,,1,93,,273587,38,,,1,191,,273594,38,,,1,185,,273598,38,,,1,189,,273602,38,,,1
3301,'20260924',1017,,273607,38,,,1,100,,273608,38,,,1,100,,273609,38,,,1,102,,273610,38,,,1,108,,273611,38,,,1,105,,273612,38,,,1,100,,273614,38,,,1,112,,273617,38,,,1,93,,273619,38,,,1,191,,273626,38,,,1,185,,273630,38,,,1,189,,273634,38,,,1
3301,'20260925',1017,,273639,38,,,1,100,,273640,38,,,1,100,,273641,38,,,1,102,,273642,38,,,1,108,,273643,38,,,1,105,,273644,38,,,1,100,,273646,38,,,1,112,,273649,38,,,1,93,,273651,38,,,1,191,,273658,38,,,1,185,,273662,38,,,1,189,,273666,38,,,1
3301,'20260926',1114,,273670,38,,,1,205,,273672,38,,,1,197,,273674,38,,,1,200,,273676,38,,,1,196,,273677,38,,,1,200,,273678,38,,,1,200,,273679,38,,,1,199,,273680,38,,,1
3301,'20260927',1114,,273682,38,,,1,205,,273684,38,,,1,197,,273686,38,,,1,200,,273688,38,,,1,196,,273689,38,,,1,200,,273690,38,,,1,200,,273691,38,,,1,199,,273692,38,,,1
3301,'20260928',1017,,273695,38,,,1,100,,273696,38,,,1,100,,273697,38,,,1,102,,273698,38,,,1,108,,273699,38,,,1,105,,273700,38,,,1,100,,273702,38,,,1,112,,273705,38,,,1,93,,273707,38,,,1,191,,273714,38,,,1,185,,273718,38,,,1,189,,273722,38,,,1
3301,'20260929',1017,,273727,38,,,1,100,,273728,38,,,1,100,,273729,38,,,1,102,,273730,38,,,1,108,,273731,38,,,1,105,,273732,38,,,1,100,,273734,38,,,1,112,,273737,38,,,1,93,,273739,38,,,1,191,,273746,38,,,1,185,,273750,38,,,1,189,,273754,38,,,1
3301,'20260930',1017,,273759,38,,,1,100,,273760,38,,,1,100,,273761,38,,,1,102,,273762,38,,,1,108,,273763,38,,,1,105,,273764,38,,,1,100,,273766,38,,,1,112,,273769,38,,,1,93,,273771,38,,,1,191,,273778,38,,,1,185,,273782,38,,,1,189,,273786,38,,,1
3301,'20261001',1017,,273791,38,,,1,100,,273792,38,,,1,100,,273793,38,,,1,102,,273794,38,,,1,108,,273795,38,,,1,105,,273796,38,,,1,100,,273798,38,,,1,112,,273801,38,,,1,93,,273803,38,,,1,191,,273810,38,,,1,185,,273814,38,,,1,189,,273818,38,,,1
3301,'20261002',1017,,273823,38,,,1,100,,273824,38,,,1,100,,273825,38,,,1,102,,273826,38,,,1,108,,273827,38,,,1,105,,273828,38,,,1,100,,273830,38,,,1,112,,273833,38,,,1,93,,273835,38,,,1,191,,273842,38,,,1,185,,273846,38,,,1,189,,273850,38,,,1
3301,'20261003',1114,,273854,38,,,1,205,,273856,38,,,1,197,,273858,38,,,1,200,,273860,38,,,1,196,,273861,38,,,1,200,,273862,38,,,1,200,,273863,38,,,1,199,,273864,38,,,1
3301,'20261004',1114,,273866,38,,,1,205,,273868,38,,,1,197,,273870,38,,,1,200,,273872,38,,,1,196,,273873,38,,,1,200,,273874,38,,,1,200,,273875,38,,,1,199,,273876,38,,,1
3301,'20261005',1017,,273879,38,,,1,100,,273880,38,,,1,100,,273881,38,,,1,102,,273882,38,,,1,108,,273883,38,,,1,105,,273884,38,,,1,100,,273886,38,,,1,112,,273889,38,,,1,93,,273891,38,,,1,191,,273898,38,,,1,185,,273902,38,,,1,189,,273906,38,,,1
3301,'20261006',1017,,273911,38,,,1,100,,273912,38,,,1,100,,273913,38,,,1,102,,273914,38,,,1,108,,273915,38,,,1,105,,273916,38,,,1,100,,273918,38,,,1,112,,273921,38,,,1,93,,273923,38,,,1,191,,273930,38,,,1,185,,273934,38,,,1,189,,273938,38,,,1
3301,'20261007',1017,,273943,38,,,1,100,,273944,38,,,1,100,,273945,38,,,1,102,,273946,38,,,1,108,,273947,38,,,1,105,,273948,38,,,1,100,,273950,38,,,1,112,,273953,38,,,1,93,,273955,38,,,1,191,,273962,38,,,1,185,,273966,38,,,1,189,,273970,38,,,1
3301,'20261008',1017,,273975,38,,,1,100,,273976,38,,,1,100,,273977,38,,,1,102,,273978,38,,,1,108,,273979,38,,,1,105,,273980,38,,,1,100,,273982,38,,,1,112,,273985,38,,,1,93,,273987,38,,,1,191,,273994,38,,,1,185,,273998,38,,,1,189,,274002,38,,,1
3301,'20261009',1017,,274007,38,,,1,100,,274008,38,,,1,100,,274009,38,,,1,102,,274010,38,,,1,108,,274011,38,,,1,105,,274012,38,,,1,100,,274014,38,,,1,112,,274017,38,,,1,93,,274019,38,,,1,191,,274026,38,,,1,185,,274030,38,,,1,189,,274034,38,,,1
3301,'20261010',1114,,274038,38,,,1,205,,274040,38,,,1,197,,274042,38,,,1,200,,274044,38,,,1,196,,274045,38,,,1,200,,274046,38,,,1,200,,274047,38,,,1,199,,274048,38,,,1
3301,'20261011',1114,,274050,38,,,1,205,,274052,38,,,1,197,,274054,38,,,1,200,,274056,38,,,1,196,,274057,38,,,1,200,,274058,38,,,1,200,,274059,38,,,1,199,,274060,38,,,1
3301,'20261012',1114,,274062,38,,,1,205,,274064,38,,,1,197,,274066,38,,,1,200,,274068,38,,,1,196,,274069,38,,,1,200,,274070,38,,,1,200,,274071,38,,,1,199,,274072,38,,,1
3301,'20261013',1017,,274075,38,,,1,100,,274076,38,,,1,100,,274077,38,,,1,102,,274078,38,,,1,108,,274079,38,,,1,105,,274080,38,,,1,100,,274082,38,,,1,112,,274085,38,,,1,93,,274087,38,,,1,191,,274094,38,,,1,185,,274098,38,,,1,189,,274102,38,,,1
3301,'20261014',1017,,274107,38,,,1,100,,274108,38,,,1,100,,274109,38,,,1,102,,274110,38,,,1,108,,274111,38,,,1,105,,274112,38,,,1,100,,274114,38,,,1,112,,274117,38,,,1,93,,274119,38,,,1,191,,274126,38,,,1,185,,274130,38,,,1,189,,274134,38,,,1
3301,'20261015',1017,,274139,38,,,1,100,,274140,38,,,1,100,,274141,38,,,1,102,,274142,38,,,1,108,,274143,38,,,1,105,,274144,38,,,1,100,,274146,38,,,1,112,,274149,38,,,1,93,,274151,38,,,1,191,,274158,38,,,1,185,,274162,38,,,1,189,,274166,38,,,1
3301,'20261016',1017,,274171,38,,,1,100,,274172,38,,,1,100,,274173,38,,,1,102,,274174,38,,,1,108,,274175,38,,,1,105,,274176,38,,,1,100,,274178,38,,,1,112,,274181,38,,,1,93,,274183,38,,,1,191,,274190,38,,,1,185,,274194,38,,,1,189,,274198,38,,,1
3301,'20261017',1114,,274202,38,,,1,205,,274204,38,,,1,197,,274206,38,,,1,200,,274208,38,,,1,196,,274209,38,,,1,200,,274210,38,,,1,200,,274211,38,,,1,199,,274212,38,,,1
3301,'20261018',1114,,274214,38,,,1,205,,274216,38,,,1,197,,274218,38,,,1,200,,274220,38,,,1,196,,274221,38,,,1,200,,274222,38,,,1,200,,274223,38,,,1,199,,274224,38,,,1
3301,'20261019',1017,,274227,38,,,1,100,,274228,38,,,1,100,,274229,38,,,1,102,,274230,38,,,1,108,,274231,38,,,1,105,,274232,38,,,1,100,,274234,38,,,1,112,,274237,38,,,1,93,,274239,38,,,1,191,,274246,38,,,1,185,,274250,38,,,1,189,,274254,38,,,1
3301,'20261020',1017,,274259,38,,,1,100,,274260,38,,,1,100,,274261,38,,,1,102,,274262,38,,,1,108,,274263,38,,,1,105,,274264,38,,,1,100,,274266,38,,,1,112,,274269,38,,,1,93,,274271,38,,,1,191,,274278,38,,,1,185,,274282,38,,,1,189,,274286,38,,,1
3301,'20261021',1017,,274291,38,,,1,100,,274292,38,,,1,100,,274293,38,,,1,102,,274294,38,,,1,108,,274295,38,,,1,105,,274296,38,,,1,100,,274298,38,,,1,112,,274301,38,,,1,93,,274303,38,,,1,191,,274310,38,,,1,185,,274314,38,,,1,189,,274318,38,,,1
3301,'20261022',1017,,274323,38,,,1,100,,274324,38,,,1,100,,274325,38,,,1,102,,274326,38,,,1,108,,274327,38,,,1,105,,274328,38,,,1,100,,274330,38,,,1,112,,274333,38,,,1,93,,274335,38,,,1,191,,274342,38,,,1,185,,274346,38,,,1,189,,274350,38,,,1
3301,'20261023',1017,,274355,38,,,1,100,,274356,38,,,1,100,,274357,38,,,1,102,,274358,38,,,1,108,,274359,38,,,1,105,,274360,38,,,1,100,,274362,38,,,1,112,,274365,38,,,1,93,,274367,38,,,1,191,,274374,38,,,1,185,,274378,38,,,1,189,,274382,38,,,1
3301,'20261024',1114,,274386,38,,,1,205,,274388,38,,,1,197,,274390,38,,,1,200,,274392,38,,,1,196,,274393,38,,,1,200,,274394,38,,,1,200,,274395,38,,,1,199,,274396,38,,,1
3301,'20261025',1114,,274398,38,,,1,205,,274400,38,,,1,197,,274402,38,,,1,200,,274404,38,,,1,196,,274405,38,,,1,200,,274406,38,,,1,200,,274407,38,,,1,199,,274408,38,,,1
3301,'20261026',1017,,274411,38,,,1,100,,274412,38,,,1,100,,274413,38,,,1,102,,274414,38,,,1,108,,274415,38,,,1,105,,274416,38,,,1,100,,274418,38,,,1,112,,274421,38,,,1,93,,274423,38,,,1,191,,274430,38,,,1,185,,274434,38,,,1,189,,274438,38,,,1
3301,'20261027',1017,,274443,38,,,1,100,,274444,38,,,1,100,,274445,38,,,1,102,,274446,38,,,1,108,,274447,38,,,1,105,,274448,38,,,1,100,,274450,38,,,1,112,,274453,38,,,1,93,,274455,38,,,1,191,,274462,38,,,1,185,,274466,38,,,1,189,,274470,38,,,1
3301,'20261028',1017,,274475,38,,,1,100,,274476,38,,,1,100,,274477,38,,,1,102,,274478,38,,,1,108,,274479,38,,,1,105,,274480,38,,,1,100,,274482,38,,,1,112,,274485,38,,,1,93,,274487,38,,,1,191,,274494,38,,,1,185,,274498,38,,,1,189,,274502,38,,,1
3301,'20261029',1017,,274507,38,,,1,100,,274508,38,,,1,100,,274509,38,,,1,102,,274510,38,,,1,108,,274511,38,,,1,105,,274512,38,,,1,100,,274514,38,,,1,112,,274517,38,,,1,93,,274519,38,,,1,191,,274526,38,,,1,185,,274530,38,,,1,189,,274534,38,,,1
3301,'20261030',1017,,274539,38,,,1,100,,274540,38,,,1,100,,274541,38,,,1,102,,274542,38,,,1,108,,274543,38,,,1,105,,274544,38,,,1,100,,274546,38,,,1,112,,274549,38,,,1,93,,274551,38,,,1,191,,274558,38,,,1,185,,274562,38,,,1,189,,274566,38,,,1
3301,'20261031',1114,,274570,38,,,1,205,,274572,38,,,1,197,,274574,38,,,1,200,,274576,38,,,1,196,,274577,38,,,1,200,,274578,38,,,1,200,,274579,38,,,1,199,,274580,38,,,1
3301,'20261101',1114,,274582,38,,,1,205,,274584,38,,,1,197,,274586,38,,,1,200,,274588,38,,,1,196,,274589,38,,,1,200,,274590,38,,,1,200,,274591,38,,,1,199,,274592,38,,,1
3301,'20261102',1017,,274595,38,,,1,100,,274596,38,,,1,100,,274597,38,,,1,102,,274598,38,,,1,108,,274599,38,,,1,105,,274600,38,,,1,100,,274602,38,,,1,112,,274605,38,,,1,93,,274607,38,,,1,191,,274614,38,,,1,185,,274618,38,,,1,189,,274622,38,,,1
3301,'20261103',1017,,274627,38,,,1,100,,274628,38,,,1,100,,274629,38,,,1,102,,274630,38,,,1,108,,274631,38,,,1,105,,274632,38,,,1,100,,274634,38,,,1,112,,274637,38,,,1,93,,274639,38,,,1,191,,274646,38,,,1,185,,274650,38,,,1,189,,274654,38,,,1
3301,'20261104',1017,,274659,38,,,1,100,,274660,38,,,1,100,,274661,38,,,1,102,,274662,38,,,1,108,,274663,38,,,1,105,,274664,38,,,1,100,,274666,38,,,1,112,,274669,38,,,1,93,,274671,38,,,1,191,,274678,38,,,1,185,,274682,38,,,1,189,,274686,38,,,1
3301,'20261105',1017,,274691,38,,,1,100,,274692,38,,,1,100,,274693,38,,,1,102,,274694,38,,,1,108,,274695,38,,,1,105,,274696,38,,,1,100,,274698,38,,,1,112,,274701,38,,,1,93,,274703,38,,,1,191,,274710,38,,,1,185,,274714,38,,,1,189,,274718,38,,,1
3301,'20261106',1017,,274723,38,,,1,100,,274724,38,,,1,100,,274725,38,,,1,102,,274726,38,,,1,108,,274727,38,,,1,105,,274728,38,,,1,100,,274730,38,,,1,112,,274733,38,,,1,93,,274735,38,,,1,191,,274742,38,,,1,185,,274746,38,,,1,189,,274750,38,,,1
3301,'20261107',1114,,274754,38,,,1,205,,274756,38,,,1,197,,274758,38,,,1,200,,274760,38,,,1,196,,274761,38,,,1,200,,274762,38,,,1,200,,274763,38,,,1,199,,274764,38,,,1
3301,'20261108',1114,,274766,38,,,1,205,,274768,38,,,1,197,,274770,38,,,1,200,,274772,38,,,1,196,,274773,38,,,1,200,,274774,38,,,1,200,,274775,38,,,1,199,,274776,38,,,1
3301,'20261109',1017,,274779,38,,,1,100,,274780,38,,,1,100,,274781,38,,,1,102,,274782,38,,,1,108,,274783,38,,,1,105,,274784,38,,,1,100,,274786,38,,,1,112,,274789,38,,,1,93,,274791,38,,,1,191,,274798,38,,,1,185,,274802,38,,,1,189,,274806,38,,,1
3301,'20261110',1017,,274811,38,,,1,100,,274812,38,,,1,100,,274813,38,,,1,102,,274814,38,,,1,108,,274815,38,,,1,105,,274816,38,,,1,100,,274818,38,,,1,112,,274821,38,,,1,93,,274823,38,,,1,191,,274830,38,,,1,185,,274834,38,,,1,189,,274838,38,,,1
3301,'20261111',1017,,274843,38,,,1,100,,274844,38,,,1,100,,274845,38,,,1,102,,274846,38,,,1,108,,274847,38,,,1,105,,274848,38,,,1,100,,274850,38,,,1,112,,274853,38,,,1,93,,274855,38,,,1,191,,274862,38,,,1,185,,274866,38,,,1,189,,274870,38,,,1
3301,'20261112',1017,,274875,38,,,1,100,,274876,38,,,1,100,,274877,38,,,1,102,,274878,38,,,1,108,,274879,38,,,1,105,,274880,38,,,1,100,,274882,38,,,1,112,,274885,38,,,1,93,,274887,38,,,1,191,,274894,38,,,1,185,,274898,38,,,1,189,,274902,38,,,1
3301,'20261113',1017,,274907,38,,,1,100,,274908,38,,,1,100,,274909,38,,,1,102,,274910,38,,,1,108,,274911,38,,,1,105,,274912,38,,,1,100,,274914,38,,,1,112,,274917,38,,,1,93,,274919,38,,,1,191,,274926,38,,,1,185,,274930,38,,,1,189,,274934,38,,,1
3301,'20261114',1114,,274938,38,,,1,205,,274940,38,,,1,197,,274942,38,,,1,200,,274944,38,,,1,196,,274945,38,,,1,200,,274946,38,,,1,200,,274947,38,,,1,199,,274948,38,,,1
3301,'20261115',1114,,274950,38,,,1,205,,274952,38,,,1,197,,274954,38,,,1,200,,274956,38,,,1,196,,274957,38,,,1,200,,274958,38,,,1,200,,274959,38,,,1,199,,274960,38,,,1
3301,'20261116',1017,,274963,38,,,1,100,,274964,38,,,1,100,,274965,38,,,1,102,,274966,38,,,1,108,,274967,38,,,1,105,,274968,38,,,1,100,,274970,38,,,1,112,,274973,38,,,1,93,,274975,38,,,1,191,,274982,38,,,1,185,,274986,38,,,1,189,,274990,38,,,1
3301,'20261117',1017,,274995,38,,,1,100,,274996,38,,,1,100,,274997,38,,,1,102,,274998,38,,,1,108,,274999,38,,,1,105,,275000,38,,,1,100,,275002,38,,,1,112,,275005,38,,,1,93,,275007,38,,,1,191,,275014,38,,,1,185,,275018,38,,,1,189,,275022,38,,,1
3301,'20261118',1017,,275027,38,,,1,100,,275028,38,,,1,100,,275029,38,,,1,102,,275030,38,,,1,108,,275031,38,,,1,105,,275032,38,,,1,100,,275034,38,,,1,112,,275037,38,,,1,93,,275039,38,,,1,191,,275046,38,,,1,185,,275050,38,,,1,189,,275054,38,,,1
3301,'20261119',1017,,275059,38,,,1,100,,275060,38,,,1,100,,275061,38,,,1,102,,275062,38,,,1,108,,275063,38,,,1,105,,275064,38,,,1,100,,275066,38,,,1,112,,275069,38,,,1,93,,275071,38,,,1,191,,275078,38,,,1,185,,275082,38,,,1,189,,275086,38,,,1
3301,'20261120',1017,,275091,38,,,1,100,,275092,38,,,1,100,,275093,38,,,1,102,,275094,38,,,1,108,,275095,38,,,1,105,,275096,38,,,1,100,,275098,38,,,1,112,,275101,38,,,1,93,,275103,38,,,1,191,,275110,38,,,1,185,,275114,38,,,1,189,,275118,38,,,1
3301,'20261121',1114,,275122,38,,,1,205,,275124,38,,,1,197,,275126,38,,,1,200,,275128,38,,,1,196,,275129,38,,,1,200,,275130,38,,,1,200,,275131,38,,,1,199,,275132,38,,,1
3301,'20261122',1114,,275134,38,,,1,205,,275136,38,,,1,197,,275138,38,,,1,200,,275140,38,,,1,196,,275141,38,,,1,200,,275142,38,,,1,200,,275143,38,,,1,199,,275144,38,,,1
3301,'20261123',1017,,275147,38,,,1,100,,275148,38,,,1,100,,275149,38,,,1,102,,275150,38,,,1,108,,275151,38,,,1,105,,275152,38,,,1,100,,275154,38,,,1,112,,275157,38,,,1,93,,275159,38,,,1,191,,275166,38,,,1,185,,275170,38,,,1,189,,275174,38,,,1
3301,'20261124',1017,,275179,38,,,1,100,,275180,38,,,1,100,,275181,38,,,1,102,,275182,38,,,1,108,,275183,38,,,1,105,,275184,38,,,1,100,,275186,38,,,1,112,,275189,38,,,1,93,,275191,38,,,1,191,,275198,38,,,1,185,,275202,38,,,1,189,,275206,38,,,1
3301,'20261125',1017,,275211,38,,,1,100,,275212,38,,,1,100,,275213,38,,,1,102,,275214,38,,,1,108,,275215,38,,,1,105,,275216,38,,,1,100,,275218,38,,,1,112,,275221,38,,,1,93,,275223,38,,,1,191,,275230,38,,,1,185,,275234,38,,,1,189,,275238,38,,,1
3301,'20261126',1017,,275243,38,,,1,100,,275244,38,,,1,100,,275245,38,,,1,102,,275246,38,,,1,108,,275247,38,,,1,105,,275248,38,,,1,100,,275250,38,,,1,112,,275253,38,,,1,93,,275255,38,,,1,191,,275262,38,,,1,185,,275266,38,,,1,189,,275270,38,,,1
3301,'20261127',1017,,275275,38,,,1,100,,275276,38,,,1,100,,275277,38,,,1,102,,275278,38,,,1,108,,275279,38,,,1,105,,275280,38,,,1,100,,275282,38,,,1,112,,275285,38,,,1,93,,275287,38,,,1,191,,275294,38,,,1,185,,275298,38,,,1,189,,275302,38,,,1
