3101,'20260921',711,,267721,35,0,37 43 44 47,1,20,,267722,35,0,37 43 44 47,1,21,,267723,45,0,43 44 47,1,64,,267724,35,0,37 43 44 47,1,35,,267725,43,0,5 43 44 47,1,100,,267726,43,0,5 43 44 47,1,1663,,267730,43,0,7 43 44 47,1
3101,'20260922',711,,267733,35,0,37 43 44 47,1,20,,267734,35,0,37 43 44 47,1,21,,267735,45,0,43 44 47,1,64,,267736,35,0,37 43 44 47,1,35,,267737,43,0,5 43 44 47,1,100,,267738,43,0,5 43 44 47,1,1663,,267742,43,0,7 43 44 47,1
3101,'20260923',711,,267745,35,0,37 43 44 47,1,20,,267746,35,0,37 43 44 47,1,21,,267747,45,0,43 44 47,1,64,,267748,35,0,37 43 44 47,1,35,,267749,43,0,5 43 44 47,1,100,,267750,43,0,5 43 44 47,1,1663,,267754,43,0,7 43 44 47,1
3101,'20260924',711,,267757,35,0,37 43 44 47,1,20,,267758,35,0,37 43 44 47,1,21,,267759,45,0,43 44 47,1,64,,267760,35,0,37 43 44 47,1,35,,267761,43,0,5 43 44 47,1,100,,267762,43,0,5 43 44 47,1,1663,,267766,43,0,7 43 44 47,1
3101,'20260925',711,,267769,35,0,37 43 44 47,1,20,,267770,35,0,37 43 44 47,1,21,,267771,45,0,43 44 47,1,64,,267772,35,0,37 43 44 47,1,35,,267773,43,0,5 43 44 47,1,100,,267774,43,0,5 43 44 47,1,1663,,267778,43,0,7 43 44 47,1
3101,'20260926',928,,267781,43,0,7 43 44 47,1
3101,'20260927',928,,267789,43,0,7 43 44 47,1
3101,'20260928',711,,267795,35,0,37 43 44 47,1,20,,267796,35,0,37 43 44 47,1,21,,267797,45,0,43 44 47,1,64,,267798,35,0,37 43 44 47,1,35,,267799,43,0,5 43 44 47,1,100,,267800,43,0,5 43 44 47,1,1663,,267804,43,0,7 43 44 47,1
3101,'20260929',711,,267807,35,0,37 43 44 47,1,20,,267808,35,0,37 43 44 47,1,21,,267809,45,0,43 44 47,1,64,,267810,35,0,37 43 44 47,1,35,,267811,43,0,5 43 44 47,1,100,,267812,43,0,5 43 44 47,1,1663,,267816,43,0,7 43 44 47,1
3101,'20260930',711,,267819,35,0,37 43 44 47,1,20,,267820,35,0,37 43 44 47,1,21,,267821,45,0,43 44 47,1,64,,267822,35,0,37 43 44 47,1,35,,267823,43,0,5 43 44 47,1,100,,267824,43,0,5 43 44 47,1,1663,,267828,43,0,7 43 44 47,1
3101,'20261001',711,,267831,35,0,37 43 44 47,1,20,,267832,35,0,37 43 44 47,1,21,,267833,45,0,43 44 47,1,64,,267834,35,0,37 43 44 47,1,35,,267835,43,0,5 43 44 47,1,100,,267836,43,0,5 43 44 47,1,1663,,267840,43,0,7 43 44 47,1
3101,'20261002',711,,267843,35,0,37 43 44 47,1,20,,267844,35,0,37 43 44 47,1,21,,267845,45,0,43 44 47,1,64,,267846,35,0,37 43 44 47,1,35,,267847,43,0,5 43 44 47,1,100,,267848,43,0,5 43 44 47,1,1353,,332718,16,0,105 101 9,1,310,,267852,43,0,7 43 44 47,1
3101,'20261003',928,,267855,43,0,7 43 44 47,1,94,,332723,37,0,71 101 9,1,10,,332724,37,0,71 101 9,1,802,,332725,37,0,71 101 9,1,590,,332726,37,0,71 101 9,1
3101,'20261004',928,,267863,43,0,7 43 44 47,1,94,,332727,37,0,71 101 9,1,10,,332728,37,0,71 101 9,1,802,,332729,37,0,71 101 9,1,590,,332730,37,0,71 101 9,1
3101,'20261005',711,,267869,35,0,37 43 44 47,1,20,,267870,35,0,37 43 44 47,1,21,,267871,45,0,43 44 47,1,64,,267872,35,0,37 43 44 47,1,35,,267873,43,0,5 43 44 47,1,100,,267874,43,0,5 43 44 47,1,1663,,267878,43,0,7 43 44 47,1
3101,'20261006',711,,267881,35,0,37 43 44 47,1,20,,267882,35,0,37 43 44 47,1,21,,267883,45,0,43 44 47,1,64,,267884,35,0,37 43 44 47,1,35,,267885,43,0,5 43 44 47,1,100,,267886,43,0,5 43 44 47,1,1663,,267890,43,0,7 43 44 47,1
3101,'20261007',711,,267893,35,0,37 43 44 47,1,20,,267894,35,0,37 43 44 47,1,21,,267895,45,0,43 44 47,1,64,,267896,35,0,37 43 44 47,1,35,,267897,43,0,5 43 44 47,1,100,,267898,43,0,5 43 44 47,1,1663,,267902,43,0,7 43 44 47,1
3101,'20261008',711,,267905,35,0,37 43 44 47,1,20,,267906,35,0,37 43 44 47,1,21,,267907,45,0,43 44 47,1,64,,267908,35,0,37 43 44 47,1,35,,267909,43,0,5 43 44 47,1,100,,267910,43,0,5 43 44 47,1,1663,,267914,43,0,7 43 44 47,1
3101,'20261009',711,,267917,35,0,37 43 44 47,1,20,,267918,35,0,37 43 44 47,1,21,,267919,45,0,43 44 47,1,64,,267920,35,0,37 43 44 47,1,35,,267921,43,0,5 43 44 47,1,100,,267922,43,0,5 43 44 47,1,1663,,267926,43,0,7 43 44 47,1
3101,'20261010',928,,267929,43,0,7 43 44 47,1
3101,'20261011',928,,267937,43,0,7 43 44 47,1
3101,'20261012',928,,267943,43,0,7 43 44 47,1
3101,'20261013',711,,267951,35,0,37 43 44 47,1,20,,267952,35,0,37 43 44 47,1,21,,267953,45,0,43 44 47,1,64,,267954,35,0,37 43 44 47,1,35,,267955,43,0,5 43 44 47,1,100,,267956,43,0,5 43 44 47,1,1663,,267960,43,0,7 43 44 47,1
3101,'20261014',711,,267963,35,0,37 43 44 47,1,20,,267964,35,0,37 43 44 47,1,21,,267965,45,0,43 44 47,1,64,,267966,35,0,37 43 44 47,1,35,,267967,43,0,5 43 44 47,1,100,,267968,43,0,5 43 44 47,1,1663,,267972,43,0,7 43 44 47,1
3101,'20261015',711,,267975,35,0,37 43 44 47,1,20,,267976,35,0,37 43 44 47,1,21,,267977,45,0,43 44 47,1,64,,267978,35,0,37 43 44 47,1,35,,267979,43,0,5 43 44 47,1,100,,267980,43,0,5 43 44 47,1,1663,,267984,43,0,7 43 44 47,1
3101,'20261016',711,,267987,35,0,37 43 44 47,1,20,,267988,35,0,37 43 44 47,1,21,,267989,45,0,43 44 47,1,64,,267990,35,0,37 43 44 47,1,35,,267991,43,0,5 43 44 47,1,100,,267992,43,0,5 43 44 47,1,1663,,267996,43,0,7 43 44 47,1
3101,'20261017',928,,267999,43,0,7 43 44 47,1
3101,'20261018',928,,268007,43,0,7 43 44 47,1
3101,'20261019',711,,268013,35,0,37 43 44 47,1,20,,268014,35,0,37 43 44 47,1,21,,268015,45,0,43 44 47,1,64,,268016,35,0,37 43 44 47,1,35,,268017,43,0,5 43 44 47,1,100,,268018,43,0,5 43 44 47,1,1663,,268022,43,0,7 43 44 47,1
3101,'20261020',711,,268025,35,0,37 43 44 47,1,20,,268026,35,0,37 43 44 47,1,21,,268027,45,0,43 44 47,1,64,,268028,35,0,37 43 44 47,1,35,,268029,43,0,5 43 44 47,1,100,,268030,43,0,5 43 44 47,1,1663,,268034,43,0,7 43 44 47,1
3101,'20261021',711,,268037,35,0,37 43 44 47,1,20,,268038,35,0,37 43 44 47,1,21,,268039,45,0,43 44 47,1,64,,268040,35,0,37 43 44 47,1,35,,268041,43,0,5 43 44 47,1,100,,268042,43,0,5 43 44 47,1,1663,,268046,43,0,7 43 44 47,1
3101,'20261022',711,,268049,35,0,37 43 44 47,1,20,,268050,35,0,37 43 44 47,1,21,,268051,45,0,43 44 47,1,64,,268052,35,0,37 43 44 47,1,35,,268053,43,0,5 43 44 47,1,100,,268054,43,0,5 43 44 47,1,1663,,268058,43,0,7 43 44 47,1
3101,'20261023',711,,268061,35,0,37 43 44 47,1,20,,268062,35,0,37 43 44 47,1,21,,268063,45,0,43 44 47,1,64,,268064,35,0,37 43 44 47,1,35,,268065,43,0,5 43 44 47,1,100,,268066,43,0,5 43 44 47,1,1663,,268070,43,0,7 43 44 47,1
3101,'20261024',928,,268073,43,0,7 43 44 47,1
3101,'20261025',928,,268081,43,0,7 43 44 47,1
3101,'20261026',711,,268087,35,0,37 43 44 47,1,20,,268088,35,0,37 43 44 47,1,21,,268089,45,0,43 44 47,1,64,,268090,35,0,37 43 44 47,1,35,,268091,43,0,5 43 44 47,1,100,,268092,43,0,5 43 44 47,1,1663,,268096,43,0,7 43 44 47,1
3101,'20261027',711,,268099,35,0,37 43 44 47,1,20,,268100,35,0,37 43 44 47,1,21,,268101,45,0,43 44 47,1,64,,268102,35,0,37 43 44 47,1,35,,268103,43,0,5 43 44 47,1,100,,268104,43,0,5 43 44 47,1,1663,,268108,43,0,7 43 44 47,1
3101,'20261028',711,,268111,35,0,37 43 44 47,1,20,,268112,35,0,37 43 44 47,1,21,,268113,45,0,43 44 47,1,64,,268114,35,0,37 43 44 47,1,35,,268115,43,0,5 43 44 47,1,100,,268116,43,0,5 43 44 47,1,1663,,268120,43,0,7 43 44 47,1
3101,'20261029',711,,268123,35,0,37 43 44 47,1,20,,268124,35,0,37 43 44 47,1,21,,268125,45,0,43 44 47,1,64,,268126,35,0,37 43 44 47,1,35,,268127,43,0,5 43 44 47,1,100,,268128,43,0,5 43 44 47,1,1663,,268132,43,0,7 43 44 47,1
3101,'20261030',711,,268135,35,0,37 43 44 47,1,20,,268136,35,0,37 43 44 47,1,21,,268137,45,0,43 44 47,1,64,,268138,35,0,37 43 44 47,1,35,,268139,43,0,5 43 44 47,1,100,,268140,43,0,5 43 44 47,1,1663,,268144,43,0,7 43 44 47,1
3101,'20261031',928,,268147,43,0,7 43 44 47,1
3101,'20261101',928,,268155,43,0,7 43 44 47,1
3101,'20261102',711,,268161,35,0,37 43 44 47,1,20,,268162,35,0,37 43 44 47,1,21,,268163,45,0,43 44 47,1,64,,268164,35,0,37 43 44 47,1,35,,268165,43,0,5 43 44 47,1,100,,268166,43,0,5 43 44 47,1,1663,,268170,43,0,7 43 44 47,1
3101,'20261103',711,,268173,35,0,37 43 44 47,1,20,,268174,35,0,37 43 44 47,1,21,,268175,45,0,43 44 47,1,64,,268176,35,0,37 43 44 47,1,35,,268177,43,0,5 43 44 47,1,100,,268178,43,0,5 43 44 47,1,1663,,268182,43,0,7 43 44 47,1
3101,'20261104',711,,268185,35,0,37 43 44 47,1,20,,268186,35,0,37 43 44 47,1,21,,268187,45,0,43 44 47,1,64,,268188,35,0,37 43 44 47,1,35,,268189,43,0,5 43 44 47,1,100,,268190,43,0,5 43 44 47,1,1663,,268194,43,0,7 43 44 47,1
3101,'20261105',711,,268197,35,0,37 43 44 47,1,20,,268198,35,0,37 43 44 47,1,21,,268199,45,0,43 44 47,1,64,,268200,35,0,37 43 44 47,1,35,,268201,43,0,5 43 44 47,1,100,,268202,43,0,5 43 44 47,1,1663,,268206,43,0,7 43 44 47,1
3101,'20261106',711,,268209,35,0,37 43 44 47,1,20,,268210,35,0,37 43 44 47,1,21,,268211,45,0,43 44 47,1,64,,268212,35,0,37 43 44 47,1,35,,268213,43,0,5 43 44 47,1,100,,268214,43,0,5 43 44 47,1,1663,,268218,43,0,7 43 44 47,1
3101,'20261107',928,,268221,43,0,7 43 44 47,1
3101,'20261108',928,,268229,43,0,7 43 44 47,1
3101,'20261109',711,,268235,35,0,37 43 44 47,1,20,,268236,35,0,37 43 44 47,1,21,,268237,45,0,43 44 47,1,64,,268238,35,0,37 43 44 47,1,35,,268239,43,0,5 43 44 47,1,100,,268240,43,0,5 43 44 47,1,1663,,268244,43,0,7 43 44 47,1
3101,'20261110',711,,268247,35,0,37 43 44 47,1,20,,268248,35,0,37 43 44 47,1,21,,268249,45,0,43 44 47,1,64,,268250,35,0,37 43 44 47,1,35,,268251,43,0,5 43 44 47,1,100,,268252,43,0,5 43 44 47,1,1663,,268256,43,0,7 43 44 47,1
3101,'20261111',711,,268259,35,0,37 43 44 47,1,20,,268260,35,0,37 43 44 47,1,21,,268261,45,0,43 44 47,1,64,,268262,35,0,37 43 44 47,1,35,,268263,43,0,5 43 44 47,1,100,,268264,43,0,5 43 44 47,1,1663,,268268,43,0,7 43 44 47,1
3101,'20261112',711,,268271,35,0,37 43 44 47,1,20,,268272,35,0,37 43 44 47,1,21,,268273,45,0,43 44 47,1,64,,268274,35,0,37 43 44 47,1,35,,268275,43,0,5 43 44 47,1,100,,268276,43,0,5 43 44 47,1,1663,,268280,43,0,7 43 44 47,1
3101,'20261113',711,,268283,35,0,37 43 44 47,1,20,,268284,35,0,37 43 44 47,1,21,,268285,45,0,43 44 47,1,64,,268286,35,0,37 43 44 47,1,35,,268287,43,0,5 43 44 47,1,100,,268288,43,0,5 43 44 47,1,1663,,268292,43,0,7 43 44 47,1
3101,'20261114',928,,268295,43,0,7 43 44 47,1
3101,'20261115',928,,268303,43,0,7 43 44 47,1
3101,'20261116',711,,268309,35,0,37 43 44 47,1,20,,268310,35,0,37 43 44 47,1,21,,268311,45,0,43 44 47,1,64,,268312,35,0,37 43 44 47,1,35,,268313,43,0,5 43 44 47,1,100,,268314,43,0,5 43 44 47,1,1663,,268318,43,0,7 43 44 47,1
3101,'20261117',711,,268321,35,0,37 43 44 47,1,20,,268322,35,0,37 43 44 47,1,21,,268323,45,0,43 44 47,1,64,,268324,35,0,37 43 44 47,1,35,,268325,43,0,5 43 44 47,1,100,,268326,43,0,5 43 44 47,1,1663,,268330,43,0,7 43 44 47,1
3101,'20261118',711,,268333,35,0,37 43 44 47,1,20,,268334,35,0,37 43 44 47,1,21,,268335,45,0,43 44 47,1,64,,268336,35,0,37 43 44 47,1,35,,268337,43,0,5 43 44 47,1,100,,268338,43,0,5 43 44 47,1,1663,,268342,43,0,7 43 44 47,1
3101,'20261119',711,,268345,35,0,37 43 44 47,1,20,,268346,35,0,37 43 44 47,1,21,,268347,45,0,43 44 47,1,64,,268348,35,0,37 43 44 47,1,35,,268349,43,0,5 43 44 47,1,100,,268350,43,0,5 43 44 47,1,1663,,268354,43,0,7 43 44 47,1
3101,'20261120',711,,268357,35,0,37 43 44 47,1,20,,268358,35,0,37 43 44 47,1,21,,268359,45,0,43 44 47,1,64,,268360,35,0,37 43 44 47,1,35,,268361,43,0,5 43 44 47,1,100,,268362,43,0,5 43 44 47,1,1663,,268366,43,0,7 43 44 47,1
3101,'20261121',928,,268369,43,0,7 43 44 47,1
3101,'20261122',928,,268377,43,0,7 43 44 47,1
3101,'20261123',711,,268383,35,0,37 43 44 47,1,20,,268384,35,0,37 43 44 47,1,21,,268385,45,0,43 44 47,1,64,,268386,35,0,37 43 44 47,1,35,,268387,43,0,5 43 44 47,1,100,,268388,43,0,5 43 44 47,1,1663,,268392,43,0,7 43 44 47,1
3101,'20261124',711,,268395,35,0,37 43 44 47,1,20,,268396,35,0,37 43 44 47,1,21,,268397,45,0,43 44 47,1,64,,268398,35,0,37 43 44 47,1,35,,268399,43,0,5 43 44 47,1,100,,268400,43,0,5 43 44 47,1,1663,,268404,43,0,7 43 44 47,1
3101,'20261125',711,,268407,35,0,37 43 44 47,1,20,,268408,35,0,37 43 44 47,1,21,,268409,45,0,43 44 47,1,64,,268410,35,0,37 43 44 47,1,35,,268411,43,0,5 43 44 47,1,100,,268412,43,0,5 43 44 47,1,1663,,268416,43,0,7 43 44 47,1
3101,'20261126',711,,268419,35,0,37 43 44 47,1,20,,268420,35,0,37 43 44 47,1,21,,268421,45,0,43 44 47,1,64,,268422,35,0,37 43 44 47,1,35,,268423,43,0,5 43 44 47,1,100,,268424,43,0,5 43 44 47,1,1663,,268428,43,0,7 43 44 47,1
3101,'20261127',711,,268431,35,0,37 43 44 47,1,20,,268432,35,0,37 43 44 47,1,21,,268433,45,0,43 44 47,1,64,,268434,35,0,37 43 44 47,1,35,,268435,43,0,5 43 44 47,1,100,,268436,43,0,5 43 44 47,1,1663,,268440,43,0,7 43 44 47,1
3301,'20260921',1029,,273511,47,,,1,100,,273512,47,,,1,100,,273513,47,,,1,102,,273514,47,,,1,108,,273515,47,,,1,105,,273516,47,,,1,100,,273518,47,,,1,112,,273521,47,,,1,93,,273523,47,,,1,191,,273530,47,,,1,185,,273534,47,,,1,189,,273538,47,,,1
3301,'20260922',1029,,273543,47,,,1,100,,273544,47,,,1,100,,273545,47,,,1,102,,273546,47,,,1,108,,273547,47,,,1,105,,273548,47,,,1,100,,273550,47,,,1,112,,273553,47,,,1,93,,273555,47,,,1,191,,273562,47,,,1,185,,273566,47,,,1,189,,273570,47,,,1
3301,'20260923',1029,,273575,47,,,1,100,,273576,47,,,1,100,,273577,47,,,1,102,,273578,47,,,1,108,,273579,47,,,1,105,,273580,47,,,1,100,,273582,47,,,1,112,,273585,47,,,1,93,,273587,47,,,1,191,,273594,47,,,1,185,,273598,47,,,1,189,,273602,47,,,1
3301,'20260924',1029,,273607,47,,,1,100,,273608,47,,,1,100,,273609,47,,,1,102,,273610,47,,,1,108,,273611,47,,,1,105,,273612,47,,,1,100,,273614,47,,,1,112,,273617,47,,,1,93,,273619,47,,,1,191,,273626,47,,,1,185,,273630,47,,,1,189,,273634,47,,,1
3301,'20260925',1029,,273639,47,,,1,100,,273640,47,,,1,100,,273641,47,,,1,102,,273642,47,,,1,108,,273643,47,,,1,105,,273644,47,,,1,100,,273646,47,,,1,112,,273649,47,,,1,93,,273651,47,,,1,191,,273658,47,,,1,185,,273662,47,,,1,189,,273666,47,,,1
3301,'20260926',1126,,273670,47,,,1,205,,273672,47,,,1,197,,273674,47,,,1,200,,273676,47,,,1,196,,273677,47,,,1,200,,273678,47,,,1,200,,273679,47,,,1,199,,273680,47,,,1
3301,'20260927',1126,,273682,47,,,1,205,,273684,47,,,1,197,,273686,47,,,1,200,,273688,47,,,1,196,,273689,47,,,1,200,,273690,47,,,1,200,,273691,47,,,1,199,,273692,47,,,1
3301,'20260928',1029,,273695,47,,,1,100,,273696,47,,,1,100,,273697,47,,,1,102,,273698,47,,,1,108,,273699,47,,,1,105,,273700,47,,,1,100,,273702,47,,,1,112,,273705,47,,,1,93,,273707,47,,,1,191,,273714,47,,,1,185,,273718,47,,,1,189,,273722,47,,,1
3301,'20260929',1029,,273727,47,,,1,100,,273728,47,,,1,100,,273729,47,,,1,102,,273730,47,,,1,108,,273731,47,,,1,105,,273732,47,,,1,100,,273734,47,,,1,112,,273737,47,,,1,93,,273739,47,,,1,191,,273746,47,,,1,185,,273750,47,,,1,189,,273754,47,,,1
3301,'20260930',1029,,273759,47,,,1,100,,273760,47,,,1,100,,273761,47,,,1,102,,273762,47,,,1,108,,273763,47,,,1,105,,273764,47,,,1,100,,273766,47,,,1,112,,273769,47,,,1,93,,273771,47,,,1,191,,273778,47,,,1,185,,273782,47,,,1,189,,273786,47,,,1
3301,'20261001',1029,,273791,47,,,1,100,,273792,47,,,1,100,,273793,47,,,1,102,,273794,47,,,1,108,,273795,47,,,1,105,,273796,47,,,1,100,,273798,47,,,1,112,,273801,47,,,1,93,,273803,47,,,1,191,,273810,47,,,1,185,,273814,47,,,1,189,,273818,47,,,1
3301,'20261002',1029,,273823,47,,,1,100,,273824,47,,,1,100,,273825,47,,,1,102,,273826,47,,,1,108,,273827,47,,,1,105,,273828,47,,,1,100,,273830,47,,,1,112,,273833,47,,,1,93,,273835,47,,,1,191,,273842,47,,,1,185,,273846,47,,,1,189,,273850,47,,,1
3301,'20261003',1126,,273854,47,,,1,205,,273856,47,,,1,197,,273858,47,,,1,200,,273860,47,,,1,196,,273861,47,,,1,200,,273862,47,,,1,200,,273863,47,,,1,199,,273864,47,,,1
3301,'20261004',1126,,273866,47,,,1,205,,273868,47,,,1,197,,273870,47,,,1,200,,273872,47,,,1,196,,273873,47,,,1,200,,273874,47,,,1,200,,273875,47,,,1,199,,273876,47,,,1
3301,'20261005',1029,,273879,47,,,1,100,,273880,47,,,1,100,,273881,47,,,1,102,,273882,47,,,1,108,,273883,47,,,1,105,,273884,47,,,1,100,,273886,47,,,1,112,,273889,47,,,1,93,,273891,47,,,1,191,,273898,47,,,1,185,,273902,47,,,1,189,,273906,47,,,1
3301,'20261006',1029,,273911,47,,,1,100,,273912,47,,,1,100,,273913,47,,,1,102,,273914,47,,,1,108,,273915,47,,,1,105,,273916,47,,,1,100,,273918,47,,,1,112,,273921,47,,,1,93,,273923,47,,,1,191,,273930,47,,,1,185,,273934,47,,,1,189,,273938,47,,,1
3301,'20261007',1029,,273943,47,,,1,100,,273944,47,,,1,100,,273945,47,,,1,102,,273946,47,,,1,108,,273947,47,,,1,105,,273948,47,,,1,100,,273950,47,,,1,112,,273953,47,,,1,93,,273955,47,,,1,191,,273962,47,,,1,185,,273966,47,,,1,189,,273970,47,,,1
3301,'20261008',1029,,273975,47,,,1,100,,273976,47,,,1,100,,273977,47,,,1,102,,273978,47,,,1,108,,273979,47,,,1,105,,273980,47,,,1,100,,273982,47,,,1,112,,273985,47,,,1,93,,273987,47,,,1,191,,273994,47,,,1,185,,273998,47,,,1,189,,274002,47,,,1
3301,'20261009',1029,,274007,47,,,1,100,,274008,47,,,1,100,,274009,47,,,1,102,,274010,47,,,1,108,,274011,47,,,1,105,,274012,47,,,1,100,,274014,47,,,1,112,,274017,47,,,1,93,,274019,47,,,1,191,,274026,47,,,1,185,,274030,47,,,1,189,,274034,47,,,1
3301,'20261010',1126,,274038,47,,,1,205,,274040,47,,,1,197,,274042,47,,,1,200,,274044,47,,,1,196,,274045,47,,,1,200,,274046,47,,,1,200,,274047,47,,,1,199,,274048,47,,,1
3301,'20261011',1126,,274050,47,,,1,205,,274052,47,,,1,197,,274054,47,,,1,200,,274056,47,,,1,196,,274057,47,,,1,200,,274058,47,,,1,200,,274059,47,,,1,199,,274060,47,,,1
3301,'20261012',1126,,274062,47,,,1,205,,274064,47,,,1,197,,274066,47,,,1,200,,274068,47,,,1,196,,274069,47,,,1,200,,274070,47,,,1,200,,274071,47,,,1,199,,274072,47,,,1
3301,'20261013',1029,,274075,47,,,1,100,,274076,47,,,1,100,,274077,47,,,1,102,,274078,47,,,1,108,,274079,47,,,1,105,,274080,47,,,1,100,,274082,47,,,1,112,,274085,47,,,1,93,,274087,47,,,1,191,,274094,47,,,1,185,,274098,47,,,1,189,,274102,47,,,1
3301,'20261014',1029,,274107,47,,,1,100,,274108,47,,,1,100,,274109,47,,,1,102,,274110,47,,,1,108,,274111,47,,,1,105,,274112,47,,,1,100,,274114,47,,,1,112,,274117,47,,,1,93,,274119,47,,,1,191,,274126,47,,,1,185,,274130,47,,,1,189,,274134,47,,,1
3301,'20261015',1029,,274139,47,,,1,100,,274140,47,,,1,100,,274141,47,,,1,102,,274142,47,,,1,108,,274143,47,,,1,105,,274144,47,,,1,100,,274146,47,,,1,112,,274149,47,,,1,93,,274151,47,,,1,191,,274158,47,,,1,185,,274162,47,,,1,189,,274166,47,,,1
3301,'20261016',1029,,274171,47,,,1,100,,274172,47,,,1,100,,274173,47,,,1,102,,274174,47,,,1,108,,274175,47,,,1,105,,274176,47,,,1,100,,274178,47,,,1,112,,274181,47,,,1,93,,274183,47,,,1,191,,274190,47,,,1,185,,274194,47,,,1,189,,274198,47,,,1
3301,'20261017',1126,,274202,47,,,1,205,,274204,47,,,1,197,,274206,47,,,1,200,,274208,47,,,1,196,,274209,47,,,1,200,,274210,47,,,1,200,,274211,47,,,1,199,,274212,47,,,1
3301,'20261018',1126,,274214,47,,,1,205,,274216,47,,,1,197,,274218,47,,,1,200,,274220,47,,,1,196,,274221,47,,,1,200,,274222,47,,,1,200,,274223,47,,,1,199,,274224,47,,,1
3301,'20261019',1029,,274227,47,,,1,100,,274228,47,,,1,100,,274229,47,,,1,102,,274230,47,,,1,108,,274231,47,,,1,105,,274232,47,,,1,100,,274234,47,,,1,112,,274237,47,,,1,93,,274239,47,,,1,191,,274246,47,,,1,185,,274250,47,,,1,189,,274254,47,,,1
3301,'20261020',1029,,274259,47,,,1,100,,274260,47,,,1,100,,274261,47,,,1,102,,274262,47,,,1,108,,274263,47,,,1,105,,274264,47,,,1,100,,274266,47,,,1,112,,274269,47,,,1,93,,274271,47,,,1,191,,274278,47,,,1,185,,274282,47,,,1,189,,274286,47,,,1
3301,'20261021',1029,,274291,47,,,1,100,,274292,47,,,1,100,,274293,47,,,1,102,,274294,47,,,1,108,,274295,47,,,1,105,,274296,47,,,1,100,,274298,47,,,1,112,,274301,47,,,1,93,,274303,47,,,1,191,,274310,47,,,1,185,,274314,47,,,1,189,,274318,47,,,1
3301,'20261022',1029,,274323,47,,,1,100,,274324,47,,,1,100,,274325,47,,,1,102,,274326,47,,,1,108,,274327,47,,,1,105,,274328,47,,,1,100,,274330,47,,,1,112,,274333,47,,,1,93,,274335,47,,,1,191,,274342,47,,,1,185,,274346,47,,,1,189,,274350,47,,,1
3301,'20261023',1029,,274355,47,,,1,100,,274356,47,,,1,100,,274357,47,,,1,102,,274358,47,,,1,108,,274359,47,,,1,105,,274360,47,,,1,100,,274362,47,,,1,112,,274365,47,,,1,93,,274367,47,,,1,191,,274374,47,,,1,185,,274378,47,,,1,189,,274382,47,,,1
3301,'20261024',1126,,274386,47,,,1,205,,274388,47,,,1,197,,274390,47,,,1,200,,274392,47,,,1,196,,274393,47,,,1,200,,274394,47,,,1,200,,274395,47,,,1,199,,274396,47,,,1
3301,'20261025',1126,,274398,47,,,1,205,,274400,47,,,1,197,,274402,47,,,1,200,,274404,47,,,1,196,,274405,47,,,1,200,,274406,47,,,1,200,,274407,47,,,1,199,,274408,47,,,1
3301,'20261026',1029,,274411,47,,,1,100,,274412,47,,,1,100,,274413,47,,,1,102,,274414,47,,,1,108,,274415,47,,,1,105,,274416,47,,,1,100,,274418,47,,,1,112,,274421,47,,,1,93,,274423,47,,,1,191,,274430,47,,,1,185,,274434,47,,,1,189,,274438,47,,,1
3301,'20261027',1029,,274443,47,,,1,100,,274444,47,,,1,100,,274445,47,,,1,102,,274446,47,,,1,108,,274447,47,,,1,105,,274448,47,,,1,100,,274450,47,,,1,112,,274453,47,,,1,93,,274455,47,,,1,191,,274462,47,,,1,185,,274466,47,,,1,189,,274470,47,,,1
3301,'20261028',1029,,274475,47,,,1,100,,274476,47,,,1,100,,274477,47,,,1,102,,274478,47,,,1,108,,274479,47,,,1,105,,274480,47,,,1,100,,274482,47,,,1,112,,274485,47,,,1,93,,274487,47,,,1,191,,274494,47,,,1,185,,274498,47,,,1,189,,274502,47,,,1
3301,'20261029',1029,,274507,47,,,1,100,,274508,47,,,1,100,,274509,47,,,1,102,,274510,47,,,1,108,,274511,47,,,1,105,,274512,47,,,1,100,,274514,47,,,1,112,,274517,47,,,1,93,,274519,47,,,1,191,,274526,47,,,1,185,,274530,47,,,1,189,,274534,47,,,1
3301,'20261030',1029,,274539,47,,,1,100,,274540,47,,,1,100,,274541,47,,,1,102,,274542,47,,,1,108,,274543,47,,,1,105,,274544,47,,,1,100,,274546,47,,,1,112,,274549,47,,,1,93,,274551,47,,,1,191,,274558,47,,,1,185,,274562,47,,,1,189,,274566,47,,,1
3301,'20261031',1126,,274570,47,,,1,205,,274572,47,,,1,197,,274574,47,,,1,200,,274576,47,,,1,196,,274577,47,,,1,200,,274578,47,,,1,200,,274579,47,,,1,199,,274580,47,,,1
3301,'20261101',1126,,274582,47,,,1,205,,274584,47,,,1,197,,274586,47,,,1,200,,274588,47,,,1,196,,274589,47,,,1,200,,274590,47,,,1,200,,274591,47,,,1,199,,274592,47,,,1
3301,'20261102',1029,,274595,47,,,1,100,,274596,47,,,1,100,,274597,47,,,1,102,,274598,47,,,1,108,,274599,47,,,1,105,,274600,47,,,1,100,,274602,47,,,1,112,,274605,47,,,1,93,,274607,47,,,1,191,,274614,47,,,1,185,,274618,47,,,1,189,,274622,47,,,1
3301,'20261103',1029,,274627,47,,,1,100,,274628,47,,,1,100,,274629,47,,,1,102,,274630,47,,,1,108,,274631,47,,,1,105,,274632,47,,,1,100,,274634,47,,,1,112,,274637,47,,,1,93,,274639,47,,,1,191,,274646,47,,,1,185,,274650,47,,,1,189,,274654,47,,,1
3301,'20261104',1029,,274659,47,,,1,100,,274660,47,,,1,100,,274661,47,,,1,102,,274662,47,,,1,108,,274663,47,,,1,105,,274664,47,,,1,100,,274666,47,,,1,112,,274669,47,,,1,93,,274671,47,,,1,191,,274678,47,,,1,185,,274682,47,,,1,189,,274686,47,,,1
3301,'20261105',1029,,274691,47,,,1,100,,274692,47,,,1,100,,274693,47,,,1,102,,274694,47,,,1,108,,274695,47,,,1,105,,274696,47,,,1,100,,274698,47,,,1,112,,274701,47,,,1,93,,274703,47,,,1,191,,274710,47,,,1,185,,274714,47,,,1,189,,274718,47,,,1
3301,'20261106',1029,,274723,47,,,1,100,,274724,47,,,1,100,,274725,47,,,1,102,,274726,47,,,1,108,,274727,47,,,1,105,,274728,47,,,1,100,,274730,47,,,1,112,,274733,47,,,1,93,,274735,47,,,1,191,,274742,47,,,1,185,,274746,47,,,1,189,,274750,47,,,1
3301,'20261107',1126,,274754,47,,,1,205,,274756,47,,,1,197,,274758,47,,,1,200,,274760,47,,,1,196,,274761,47,,,1,200,,274762,47,,,1,200,,274763,47,,,1,199,,274764,47,,,1
3301,'20261108',1126,,274766,47,,,1,205,,274768,47,,,1,197,,274770,47,,,1,200,,274772,47,,,1,196,,274773,47,,,1,200,,274774,47,,,1,200,,274775,47,,,1,199,,274776,47,,,1
3301,'20261109',1029,,274779,47,,,1,100,,274780,47,,,1,100,,274781,47,,,1,102,,274782,47,,,1,108,,274783,47,,,1,105,,274784,47,,,1,100,,274786,47,,,1,112,,274789,47,,,1,93,,274791,47,,,1,191,,274798,47,,,1,185,,274802,47,,,1,189,,274806,47,,,1
3301,'20261110',1029,,274811,47,,,1,100,,274812,47,,,1,100,,274813,47,,,1,102,,274814,47,,,1,108,,274815,47,,,1,105,,274816,47,,,1,100,,274818,47,,,1,112,,274821,47,,,1,93,,274823,47,,,1,191,,274830,47,,,1,185,,274834,47,,,1,189,,274838,47,,,1
3301,'20261111',1029,,274843,47,,,1,100,,274844,47,,,1,100,,274845,47,,,1,102,,274846,47,,,1,108,,274847,47,,,1,105,,274848,47,,,1,100,,274850,47,,,1,112,,274853,47,,,1,93,,274855,47,,,1,191,,274862,47,,,1,185,,274866,47,,,1,189,,274870,47,,,1
3301,'20261112',1029,,274875,47,,,1,100,,274876,47,,,1,100,,274877,47,,,1,102,,274878,47,,,1,108,,274879,47,,,1,105,,274880,47,,,1,100,,274882,47,,,1,112,,274885,47,,,1,93,,274887,47,,,1,191,,274894,47,,,1,185,,274898,47,,,1,189,,274902,47,,,1
3301,'20261113',1029,,274907,47,,,1,100,,274908,47,,,1,100,,274909,47,,,1,102,,274910,47,,,1,108,,274911,47,,,1,105,,274912,47,,,1,100,,274914,47,,,1,112,,274917,47,,,1,93,,274919,47,,,1,191,,274926,47,,,1,185,,274930,47,,,1,189,,274934,47,,,1
3301,'20261114',1126,,274938,47,,,1,205,,274940,47,,,1,197,,274942,47,,,1,200,,274944,47,,,1,196,,274945,47,,,1,200,,274946,47,,,1,200,,274947,47,,,1,199,,274948,47,,,1
3301,'20261115',1126,,274950,47,,,1,205,,274952,47,,,1,197,,274954,47,,,1,200,,274956,47,,,1,196,,274957,47,,,1,200,,274958,47,,,1,200,,274959,47,,,1,199,,274960,47,,,1
3301,'20261116',1029,,274963,47,,,1,100,,274964,47,,,1,100,,274965,47,,,1,102,,274966,47,,,1,108,,274967,47,,,1,105,,274968,47,,,1,100,,274970,47,,,1,112,,274973,47,,,1,93,,274975,47,,,1,191,,274982,47,,,1,185,,274986,47,,,1,189,,274990,47,,,1
3301,'20261117',1029,,274995,47,,,1,100,,274996,47,,,1,100,,274997,47,,,1,102,,274998,47,,,1,108,,274999,47,,,1,105,,275000,47,,,1,100,,275002,47,,,1,112,,275005,47,,,1,93,,275007,47,,,1,191,,275014,47,,,1,185,,275018,47,,,1,189,,275022,47,,,1
3301,'20261118',1029,,275027,47,,,1,100,,275028,47,,,1,100,,275029,47,,,1,102,,275030,47,,,1,108,,275031,47,,,1,105,,275032,47,,,1,100,,275034,47,,,1,112,,275037,47,,,1,93,,275039,47,,,1,191,,275046,47,,,1,185,,275050,47,,,1,189,,275054,47,,,1
3301,'20261119',1029,,275059,47,,,1,100,,275060,47,,,1,100,,275061,47,,,1,102,,275062,47,,,1,108,,275063,47,,,1,105,,275064,47,,,1,100,,275066,47,,,1,112,,275069,47,,,1,93,,275071,47,,,1,191,,275078,47,,,1,185,,275082,47,,,1,189,,275086,47,,,1
3301,'20261120',1029,,275091,47,,,1,100,,275092,47,,,1,100,,275093,47,,,1,102,,275094,47,,,1,108,,275095,47,,,1,105,,275096,47,,,1,100,,275098,47,,,1,112,,275101,47,,,1,93,,275103,47,,,1,191,,275110,47,,,1,185,,275114,47,,,1,189,,275118,47,,,1
3301,'20261121',1126,,275122,47,,,1,205,,275124,47,,,1,197,,275126,47,,,1,200,,275128,47,,,1,196,,275129,47,,,1,200,,275130,47,,,1,200,,275131,47,,,1,199,,275132,47,,,1
3301,'20261122',1126,,275134,47,,,1,205,,275136,47,,,1,197,,275138,47,,,1,200,,275140,47,,,1,196,,275141,47,,,1,200,,275142,47,,,1,200,,275143,47,,,1,199,,275144,47,,,1
3301,'20261123',1029,,275147,47,,,1,100,,275148,47,,,1,100,,275149,47,,,1,102,,275150,47,,,1,108,,275151,47,,,1,105,,275152,47,,,1,100,,275154,47,,,1,112,,275157,47,,,1,93,,275159,47,,,1,191,,275166,47,,,1,185,,275170,47,,,1,189,,275174,47,,,1
3301,'20261124',1029,,275179,47,,,1,100,,275180,47,,,1,100,,275181,47,,,1,102,,275182,47,,,1,108,,275183,47,,,1,105,,275184,47,,,1,100,,275186,47,,,1,112,,275189,47,,,1,93,,275191,47,,,1,191,,275198,47,,,1,185,,275202,47,,,1,189,,275206,47,,,1
3301,'20261125',1029,,275211,47,,,1,100,,275212,47,,,1,100,,275213,47,,,1,102,,275214,47,,,1,108,,275215,47,,,1,105,,275216,47,,,1,100,,275218,47,,,1,112,,275221,47,,,1,93,,275223,47,,,1,191,,275230,47,,,1,185,,275234,47,,,1,189,,275238,47,,,1
3301,'20261126',1029,,275243,47,,,1,100,,275244,47,,,1,100,,275245,47,,,1,102,,275246,47,,,1,108,,275247,47,,,1,105,,275248,47,,,1,100,,275250,47,,,1,112,,275253,47,,,1,93,,275255,47,,,1,191,,275262,47,,,1,185,,275266,47,,,1,189,,275270,47,,,1
3301,'20261127',1029,,275275,47,,,1,100,,275276,47,,,1,100,,275277,47,,,1,102,,275278,47,,,1,108,,275279,47,,,1,105,,275280,47,,,1,100,,275282,47,,,1,112,,275285,47,,,1,93,,275287,47,,,1,191,,275294,47,,,1,185,,275298,47,,,1,189,,275302,47,,,1
