3700,'20260910',623,,278887,19,0,7 81 82,1,120,,278888,19,0,7 81 82,1,670,,278889,19,,,1,305,,278890,19,,,1,106,,278891,19,,,1,101,,278892,19,,,1,184,,278893,19,,,1
3700,'20260911',623,,278894,19,0,7 81 82,1,120,,278895,19,0,7 81 82,1,670,,278896,19,,,1,305,,278897,19,,,1,106,,278898,19,,,1,101,,278899,19,,,1,184,,278900,19,,,1
3700,'20260914',623,,278901,19,0,7 81 82,1,120,,278902,19,0,7 81 82,1,670,,278903,19,,,1,305,,278904,19,,,1,106,,278905,19,,,1,101,,278906,19,,,1,184,,278907,19,,,1
3700,'20260915',623,,278908,19,0,7 81 82,1,120,,278909,19,0,7 81 82,1,670,,278910,19,,,1,305,,278911,19,,,1,106,,278912,19,,,1,101,,278913,19,,,1,184,,278914,19,,,1
3700,'20260916',623,,278915,19,0,7 81 82,1,120,,278916,19,0,7 81 82,1,670,,278917,19,,,1,305,,278918,19,,,1,106,,278919,19,,,1,101,,278920,19,,,1,184,,278921,19,,,1
3700,'20260917',623,,278922,19,0,7 81 82,1,120,,278923,19,0,7 81 82,1,670,,278924,19,,,1,305,,278925,19,,,1,106,,278926,19,,,1,101,,278927,19,,,1,184,,278928,19,,,1
3700,'20260918',623,,278929,19,0,7 81 82,1,120,,278930,19,0,7 81 82,1,670,,278931,19,,,1,305,,278932,19,,,1,106,,278933,19,,,1,101,,278934,19,,,1,184,,278935,19,,,1
3700,'20260921',623,,278936,19,0,7 81 82,1,120,,278937,19,0,7 81 82,1,670,,278938,19,,,1,305,,278939,19,,,1,106,,278940,19,,,1,101,,278941,19,,,1,184,,278942,19,,,1
3700,'20260922',623,,278943,19,0,7 81 82,1,120,,278944,19,0,7 81 82,1,670,,278945,19,,,1,305,,278946,19,,,1,106,,278947,19,,,1,101,,278948,19,,,1,184,,278949,19,,,1
3700,'20260923',623,,278950,19,0,7 81 82,1,120,,278951,19,0,7 81 82,1,670,,278952,19,,,1,305,,278953,19,,,1,106,,278954,19,,,1,101,,278955,19,,,1,184,,278956,19,,,1
3700,'20260924',623,,278957,19,0,7 81 82,1,120,,278958,19,0,7 81 82,1,670,,278959,19,,,1,305,,278960,19,,,1,106,,278961,19,,,1,101,,278962,19,,,1,184,,278963,19,,,1
3700,'20260925',623,,278964,19,0,7 81 82,1,120,,278965,19,0,7 81 82,1,670,,278966,19,,,1,305,,278967,19,,,1,106,,278968,19,,,1,101,,278969,19,,,1,184,,278970,19,,,1
3700,'20260928',623,,278971,19,0,7 81 82,1,120,,278972,19,0,7 81 82,1,670,,278973,19,,,1,305,,278974,19,,,1,106,,278975,19,,,1,101,,278976,19,,,1,184,,278977,19,,,1
3700,'20260929',623,,278978,19,0,7 81 82,1,120,,278979,19,0,7 81 82,1,670,,278980,19,,,1,305,,278981,19,,,1,106,,278982,19,,,1,101,,278983,19,,,1,184,,278984,19,,,1
3700,'20260930',623,,278985,19,0,7 81 82,1,120,,278986,19,0,7 81 82,1,670,,278987,19,,,1,305,,278988,19,,,1,106,,278989,19,,,1,101,,278990,19,,,1,184,,278991,19,,,1
3700,'20261001',623,,278992,19,0,7 81 82,1,120,,278993,19,0,7 81 82,1,670,,278994,19,,,1,305,,278995,19,,,1,106,,278996,19,,,1,101,,278997,19,,,1,184,,278998,19,,,1
3700,'20261002',623,,278999,19,0,7 81 82,1,120,,279000,19,0,7 81 82,1,670,,279001,19,,,1,305,,279002,19,,,1,106,,279003,19,,,1,101,,279004,19,,,1,184,,279005,19,,,1
3700,'20261005',623,,279006,19,0,7 81 82,1,120,,279007,19,0,7 81 82,1,670,,279008,19,,,1,305,,279009,19,,,1,106,,279010,19,,,1,101,,279011,19,,,1,184,,279012,19,,,1
3700,'20261006',623,,279013,19,0,7 81 82,1,120,,279014,19,0,7 81 82,1,670,,279015,19,,,1,305,,279016,19,,,1,106,,279017,19,,,1,101,,279018,19,,,1,184,,279019,19,,,1
3700,'20261007',623,,279020,19,0,7 81 82,1,120,,279021,19,0,7 81 82,1,670,,279022,19,,,1,305,,279023,19,,,1,106,,279024,19,,,1,101,,279025,19,,,1,184,,279026,19,,,1
3700,'20261008',623,,279027,19,0,7 81 82,1,120,,279028,19,0,7 81 82,1,670,,279029,19,,,1,305,,279030,19,,,1,106,,279031,19,,,1,101,,279032,19,,,1,184,,279033,19,,,1
3700,'20261009',623,,279034,19,0,7 81 82,1,120,,279035,19,0,7 81 82,1,670,,279036,19,,,1,305,,279037,19,,,1,106,,279038,19,,,1,101,,279039,19,,,1,184,,279040,19,,,1
3700,'20261013',623,,279041,19,0,7 81 82,1,120,,279042,19,0,7 81 82,1,670,,279043,19,,,1,305,,279044,19,,,1,106,,279045,19,,,1,101,,279046,19,,,1,184,,279047,19,,,1
3700,'20261014',623,,279048,19,0,7 81 82,1,120,,279049,19,0,7 81 82,1,670,,279050,19,,,1,305,,279051,19,,,1,106,,279052,19,,,1,101,,279053,19,,,1,184,,279054,19,,,1
3700,'20261015',623,,279055,19,0,7 81 82,1,120,,279056,19,0,7 81 82,1,670,,279057,19,,,1,305,,279058,19,,,1,106,,279059,19,,,1,101,,279060,19,,,1,184,,279061,19,,,1
3700,'20261016',623,,279062,19,0,7 81 82,1,120,,279063,19,0,7 81 82,1,670,,279064,19,,,1,305,,279065,19,,,1,106,,279066,19,,,1,101,,279067,19,,,1,184,,279068,19,,,1
3700,'20261019',623,,279069,19,0,7 81 82,1,120,,279070,19,0,7 81 82,1,670,,279071,19,,,1,305,,279072,19,,,1,106,,279073,19,,,1,101,,279074,19,,,1,184,,279075,19,,,1
3700,'20261020',623,,279076,19,0,7 81 82,1,120,,279077,19,0,7 81 82,1,670,,279078,19,,,1,305,,279079,19,,,1,106,,279080,19,,,1,101,,279081,19,,,1,184,,279082,19,,,1
3700,'20261021',623,,279083,19,0,7 81 82,1,120,,279084,19,0,7 81 82,1,670,,279085,19,,,1,305,,279086,19,,,1,106,,279087,19,,,1,101,,279088,19,,,1,184,,279089,19,,,1
3700,'20261022',623,,279090,19,0,7 81 82,1,120,,279091,19,0,7 81 82,1,670,,279092,19,,,1,305,,279093,19,,,1,106,,279094,19,,,1,101,,279095,19,,,1,184,,279096,19,,,1
3700,'20261023',623,,279097,19,0,7 81 82,1,120,,279098,19,0,7 81 82,1,670,,279099,19,,,1,305,,279100,19,,,1,106,,279101,19,,,1,101,,279102,19,,,1,184,,279103,19,,,1
3700,'20261026',623,,279104,19,0,7 81 82,1,120,,279105,19,0,7 81 82,1,670,,279106,19,,,1,305,,279107,19,,,1,106,,279108,19,,,1,101,,279109,19,,,1,184,,279110,19,,,1
3700,'20261027',623,,279111,19,0,7 81 82,1,120,,279112,19,0,7 81 82,1,670,,279113,19,,,1,305,,279114,19,,,1,106,,279115,19,,,1,101,,279116,19,,,1,184,,279117,19,,,1
3700,'20261028',623,,279118,19,0,7 81 82,1,120,,279119,19,0,7 81 82,1,670,,279120,19,,,1,305,,279121,19,,,1,106,,279122,19,,,1,101,,279123,19,,,1,184,,279124,19,,,1
3700,'20261029',623,,279125,19,0,7 81 82,1,120,,279126,19,0,7 81 82,1,670,,279127,19,,,1,305,,279128,19,,,1,106,,279129,19,,,1,101,,279130,19,,,1,184,,279131,19,,,1
3700,'20261030',623,,279132,19,0,7 81 82,1,120,,279133,19,0,7 81 82,1,670,,279134,19,,,1,305,,279135,19,,,1,106,,279136,19,,,1,101,,279137,19,,,1,184,,279138,19,,,1
3700,'20261102',623,,279139,19,0,7 81 82,1,120,,279140,19,0,7 81 82,1,670,,279141,19,,,1,305,,279142,19,,,1,106,,279143,19,,,1,101,,279144,19,,,1,184,,279145,19,,,1
3700,'20261103',623,,279146,19,0,7 81 82,1,120,,279147,19,0,7 81 82,1,670,,279148,19,,,1,305,,279149,19,,,1,106,,279150,19,,,1,101,,279151,19,,,1,184,,279152,19,,,1
3700,'20261104',623,,279153,19,0,7 81 82,1,120,,279154,19,0,7 81 82,1,670,,279155,19,,,1,305,,279156,19,,,1,106,,279157,19,,,1,101,,279158,19,,,1,184,,279159,19,,,1
3700,'20261105',623,,279160,19,0,7 81 82,1,120,,279161,19,0,7 81 82,1,670,,279162,19,,,1,305,,279163,19,,,1,106,,279164,19,,,1,101,,279165,19,,,1,184,,279166,19,,,1
3700,'20261106',623,,279167,19,0,7 81 82,1,120,,279168,19,0,7 81 82,1,670,,279169,19,,,1,305,,279170,19,,,1,106,,279171,19,,,1,101,,279172,19,,,1,184,,279173,19,,,1
3700,'20261109',623,,279174,19,0,7 81 82,1,120,,279175,19,0,7 81 82,1,670,,279176,19,,,1,305,,279177,19,,,1,106,,279178,19,,,1,101,,279179,19,,,1,184,,279180,19,,,1
3700,'20261110',623,,279181,19,0,7 81 82,1,120,,279182,19,0,7 81 82,1,670,,279183,19,,,1,305,,279184,19,,,1,106,,279185,19,,,1,101,,279186,19,,,1,184,,279187,19,,,1
3700,'20261111',623,,279188,19,0,7 81 82,1,120,,279189,19,0,7 81 82,1,670,,279190,19,,,1,305,,279191,19,,,1,106,,279192,19,,,1,101,,279193,19,,,1,184,,279194,19,,,1
3700,'20261112',623,,279195,19,0,7 81 82,1,120,,279196,19,0,7 81 82,1,670,,279197,19,,,1,305,,279198,19,,,1,106,,279199,19,,,1,101,,279200,19,,,1,184,,279201,19,,,1
3700,'20261113',623,,279202,19,0,7 81 82,1,120,,279203,19,0,7 81 82,1,670,,279204,19,,,1,305,,279205,19,,,1,106,,279206,19,,,1,101,,279207,19,,,1,184,,279208,19,,,1
3700,'20261116',623,,279209,19,0,7 81 82,1,120,,279210,19,0,7 81 82,1,670,,279211,19,,,1,305,,279212,19,,,1,106,,279213,19,,,1,101,,279214,19,,,1,184,,279215,19,,,1
3700,'20261117',623,,279216,19,0,7 81 82,1,120,,279217,19,0,7 81 82,1,670,,279218,19,,,1,305,,279219,19,,,1,106,,279220,19,,,1,101,,279221,19,,,1,184,,279222,19,,,1
3700,'20261118',623,,279223,19,0,7 81 82,1,120,,279224,19,0,7 81 82,1,670,,279225,19,,,1,305,,279226,19,,,1,106,,279227,19,,,1,101,,279228,19,,,1,184,,279229,19,,,1
3700,'20261119',623,,279230,19,0,7 81 82,1,120,,279231,19,0,7 81 82,1,670,,279232,19,,,1,305,,279233,19,,,1,106,,279234,19,,,1,101,,279235,19,,,1,184,,279236,19,,,1
3700,'20261120',623,,279237,19,0,7 81 82,1,120,,279238,19,0,7 81 82,1,670,,279239,19,,,1,305,,279240,19,,,1,106,,279241,19,,,1,101,,279242,19,,,1,184,,279243,19,,,1
3700,'20261123',623,,279244,19,0,7 81 82,1,120,,279245,19,0,7 81 82,1,670,,279246,19,,,1,305,,279247,19,,,1,106,,279248,19,,,1,101,,279249,19,,,1,184,,279250,19,,,1
3700,'20261124',623,,279251,19,0,7 81 82,1,120,,279252,19,0,7 81 82,1,670,,279253,19,,,1,305,,279254,19,,,1,106,,279255,19,,,1,101,,279256,19,,,1,184,,279257,19,,,1
3700,'20261125',623,,279258,19,0,7 81 82,1,120,,279259,19,0,7 81 82,1,670,,279260,19,,,1,305,,279261,19,,,1,106,,279262,19,,,1,101,,279263,19,,,1,184,,279264,19,,,1
3700,'20261126',623,,279265,19,0,7 81 82,1,120,,279266,19,0,7 81 82,1,670,,279267,19,,,1,305,,279268,19,,,1,106,,279269,19,,,1,101,,279270,19,,,1,184,,279271,19,,,1
3700,'20261127',623,,279272,19,0,7 81 82,1,120,,279273,19,0,7 81 82,1,670,,279274,19,,,1,305,,279275,19,,,1,106,,279276,19,,,1,101,,279277,19,,,1,184,,279278,19,,,1
