3200,'20260910',525,,268487,1,,,1,15,,268488,1,,,1,15,,268489,1,,,1,50,,268490,1,,,1,15,,268491,1,,,1,10,,268492,1,,,1,10,,268494,1,,,1,10,,268495,1,,,1,50,,268496,1,,,1,20,,268498,1,,,1,15,,268499,1,,,1,10,,268500,1,,,1,60,,268501,1,,,1,25,,268502,1,,,1,80,,268503,1,,,1,100,,268504,1,,,1,100,,268505,1,,,1,100,,268506,1,,,1,100,,268507,1,,,1,100,,268508,1,,,1
3200,'20260911',525,,268509,1,,,1,15,,268510,1,,,1,15,,268511,1,,,1,50,,268512,1,,,1,15,,268513,1,,,1,10,,268514,1,,,1,10,,268516,1,,,1,10,,268517,1,,,1,50,,268518,1,,,1,20,,268520,1,,,1,15,,268521,1,,,1,10,,268522,1,,,1,60,,268523,1,,,1,25,,268524,1,,,1,80,,268525,1,,,1,100,,268526,1,,,1,100,,268527,1,,,1,100,,268528,1,,,1,100,,268529,1,,,1,100,,268530,1,,,1
3200,'20260914',525,,268531,1,,,1,15,,268532,1,,,1,15,,268533,1,,,1,50,,268534,1,,,1,15,,268535,1,,,1,10,,268536,1,,,1,10,,268538,1,,,1,10,,268539,1,,,1,50,,268540,1,,,1,20,,268542,1,,,1,15,,268543,1,,,1,10,,268544,1,,,1,60,,268545,1,,,1,25,,268546,1,,,1,80,,268547,1,,,1,100,,268548,1,,,1,100,,268549,1,,,1,100,,268550,1,,,1,100,,268551,1,,,1,100,,268552,1,,,1
3200,'20260915',525,,268553,1,,,1,15,,268554,1,,,1,15,,268555,1,,,1,50,,268556,1,,,1,15,,268557,1,,,1,10,,268558,1,,,1,10,,268560,1,,,1,10,,268561,1,,,1,50,,268562,1,,,1,20,,268564,1,,,1,15,,268565,1,,,1,10,,268566,1,,,1,60,,268567,1,,,1,25,,268568,1,,,1,80,,268569,1,,,1,100,,268570,1,,,1,100,,268571,1,,,1,100,,268572,1,,,1,100,,268573,1,,,1,100,,268574,1,,,1
3200,'20260916',525,,268575,1,,,1,15,,268576,1,,,1,15,,268577,1,,,1,50,,268578,1,,,1,15,,268579,1,,,1,10,,268580,1,,,1,10,,268582,1,,,1,10,,268583,1,,,1,50,,268584,1,,,1,20,,268586,1,,,1,15,,268587,1,,,1,10,,268588,1,,,1,60,,268589,1,,,1,25,,268590,1,,,1,80,,268591,1,,,1,100,,268592,1,,,1,100,,268593,1,,,1,100,,268594,1,,,1,100,,268595,1,,,1,100,,268596,1,,,1
3200,'20260917',525,,268597,1,,,1,15,,268598,1,,,1,15,,268599,1,,,1,50,,268600,1,,,1,15,,268601,1,,,1,10,,268602,1,,,1,10,,268604,1,,,1,10,,268605,1,,,1,50,,268606,1,,,1,20,,268608,1,,,1,15,,268609,1,,,1,10,,268610,1,,,1,60,,268611,1,,,1,25,,268612,1,,,1,80,,268613,1,,,1,100,,268614,1,,,1,100,,268615,1,,,1,100,,268616,1,,,1,100,,268617,1,,,1,100,,268618,1,,,1
3200,'20260918',525,,268619,1,,,1,15,,268620,1,,,1,15,,268621,1,,,1,50,,268622,1,,,1,15,,268623,1,,,1,10,,268624,1,,,1,10,,268626,1,,,1,10,,268627,1,,,1,50,,268628,1,,,1,20,,268630,1,,,1,15,,268631,1,,,1,10,,268632,1,,,1,60,,268633,1,,,1,25,,268634,1,,,1,80,,268635,1,,,1,100,,268636,1,,,1,100,,268637,1,,,1,100,,268638,1,,,1,100,,268639,1,,,1,100,,268640,1,,,1
3200,'20260921',525,,268641,1,,,1,15,,268642,1,,,1,15,,268643,1,,,1,50,,268644,1,,,1,15,,268645,1,,,1,10,,268646,1,,,1,10,,268648,1,,,1,10,,268649,1,,,1,50,,268650,1,,,1,20,,268652,1,,,1,15,,268653,1,,,1,10,,268654,1,,,1,60,,268655,1,,,1,25,,268656,1,,,1,80,,268657,1,,,1,100,,268658,1,,,1,100,,268659,1,,,1,100,,268660,1,,,1,100,,268661,1,,,1,100,,268662,1,,,1
3200,'20260922',525,,268663,1,,,1,15,,268664,1,,,1,15,,268665,1,,,1,50,,268666,1,,,1,15,,268667,1,,,1,10,,268668,1,,,1,10,,268670,1,,,1,10,,268671,1,,,1,50,,268672,1,,,1,20,,268674,1,,,1,15,,268675,1,,,1,10,,268676,1,,,1,60,,268677,1,,,1,25,,268678,1,,,1,80,,268679,1,,,1,100,,268680,1,,,1,100,,268681,1,,,1,100,,268682,1,,,1,100,,268683,1,,,1,100,,268684,1,,,1
3200,'20260923',525,,268685,1,,,1,15,,268686,1,,,1,15,,268687,1,,,1,50,,268688,1,,,1,15,,268689,1,,,1,10,,268690,1,,,1,10,,268692,1,,,1,10,,268693,1,,,1,50,,268694,1,,,1,20,,268696,1,,,1,15,,268697,1,,,1,10,,268698,1,,,1,60,,268699,1,,,1,25,,268700,1,,,1,80,,268701,1,,,1,100,,268702,1,,,1,100,,268703,1,,,1,100,,268704,1,,,1,100,,268705,1,,,1,100,,268706,1,,,1
3200,'20260924',525,,268707,1,,,1,15,,268708,1,,,1,15,,268709,1,,,1,50,,268710,1,,,1,15,,268711,1,,,1,10,,268712,1,,,1,10,,268714,1,,,1,10,,268715,1,,,1,50,,268716,1,,,1,20,,268718,1,,,1,15,,268719,1,,,1,10,,268720,1,,,1,60,,268721,1,,,1,25,,268722,1,,,1,80,,268723,1,,,1,100,,268724,1,,,1,100,,268725,1,,,1,100,,268726,1,,,1,100,,268727,1,,,1,100,,268728,1,,,1
3200,'20260925',525,,268729,1,,,1,15,,268730,1,,,1,15,,268731,1,,,1,50,,268732,1,,,1,15,,268733,1,,,1,10,,268734,1,,,1,10,,268736,1,,,1,10,,268737,1,,,1,50,,268738,1,,,1,20,,268740,1,,,1,15,,268741,1,,,1,10,,268742,1,,,1,60,,268743,1,,,1,25,,268744,1,,,1,80,,268745,1,,,1,100,,268746,1,,,1,100,,268747,1,,,1,100,,268748,1,,,1,100,,268749,1,,,1,100,,268750,1,,,1
3200,'20260928',525,,268751,1,,,1,15,,268752,1,,,1,15,,268753,1,,,1,50,,268754,1,,,1,15,,268755,1,,,1,10,,268756,1,,,1,10,,268758,1,,,1,10,,268759,1,,,1,50,,268760,1,,,1,20,,268762,1,,,1,15,,268763,1,,,1,10,,268764,1,,,1,60,,268765,1,,,1,25,,268766,1,,,1,80,,268767,1,,,1,100,,268768,1,,,1,100,,268769,1,,,1,100,,268770,1,,,1,100,,268771,1,,,1,100,,268772,1,,,1
3200,'20260929',525,,268773,1,,,1,15,,268774,1,,,1,15,,268775,1,,,1,50,,268776,1,,,1,15,,268777,1,,,1,10,,268778,1,,,1,10,,268780,1,,,1,10,,268781,1,,,1,50,,268782,1,,,1,20,,268784,1,,,1,15,,268785,1,,,1,10,,268786,1,,,1,60,,268787,1,,,1,25,,268788,1,,,1,80,,268789,1,,,1,100,,268790,1,,,1,100,,268791,1,,,1,100,,268792,1,,,1,100,,268793,1,,,1,100,,268794,1,,,1
3200,'20260930',525,,268795,1,,,1,15,,268796,1,,,1,15,,268797,1,,,1,50,,268798,1,,,1,15,,268799,1,,,1,10,,268800,1,,,1,10,,268802,1,,,1,10,,268803,1,,,1,50,,268804,1,,,1,20,,268806,1,,,1,15,,268807,1,,,1,10,,268808,1,,,1,60,,268809,1,,,1,25,,268810,1,,,1,80,,268811,1,,,1,100,,268812,1,,,1,100,,268813,1,,,1,100,,268814,1,,,1,100,,268815,1,,,1,100,,268816,1,,,1
3200,'20261001',525,,268817,1,,,1,15,,268818,1,,,1,15,,268819,1,,,1,50,,268820,1,,,1,15,,268821,1,,,1,10,,268822,1,,,1,10,,268824,1,,,1,10,,268825,1,,,1,50,,268826,1,,,1,20,,268828,1,,,1,15,,268829,1,,,1,10,,268830,1,,,1,60,,268831,1,,,1,25,,268832,1,,,1,80,,268833,1,,,1,100,,268834,1,,,1,100,,268835,1,,,1,100,,268836,1,,,1,100,,268837,1,,,1,100,,268838,1,,,1
3200,'20261002',525,,268839,1,,,1,15,,268840,1,,,1,15,,268841,1,,,1,50,,268842,1,,,1,15,,268843,1,,,1,10,,268844,1,,,1,10,,268846,1,,,1,10,,268847,1,,,1,50,,268848,1,,,1,20,,268850,1,,,1,15,,268851,1,,,1,10,,268852,1,,,1,60,,268853,1,,,1,25,,268854,1,,,1,80,,268855,1,,,1,100,,268856,1,,,1,100,,268857,1,,,1,100,,268858,1,,,1,100,,268859,1,,,1,100,,268860,1,,,1
3200,'20261005',525,,268861,1,,,1,15,,268862,1,,,1,15,,268863,1,,,1,50,,268864,1,,,1,15,,268865,1,,,1,10,,268866,1,,,1,10,,268868,1,,,1,10,,268869,1,,,1,50,,268870,1,,,1,20,,268872,1,,,1,15,,268873,1,,,1,10,,268874,1,,,1,60,,268875,1,,,1,25,,268876,1,,,1,80,,268877,1,,,1,100,,268878,1,,,1,100,,268879,1,,,1,100,,268880,1,,,1,100,,268881,1,,,1,100,,268882,1,,,1
3200,'20261006',525,,268883,1,,,1,15,,268884,1,,,1,15,,268885,1,,,1,50,,268886,1,,,1,15,,268887,1,,,1,10,,268888,1,,,1,10,,268890,1,,,1,10,,268891,1,,,1,50,,268892,1,,,1,20,,268894,1,,,1,15,,268895,1,,,1,10,,268896,1,,,1,60,,268897,1,,,1,25,,268898,1,,,1,80,,268899,1,,,1,100,,268900,1,,,1,100,,268901,1,,,1,100,,268902,1,,,1,100,,268903,1,,,1,100,,268904,1,,,1
3200,'20261007',525,,268905,1,,,1,15,,268906,1,,,1,15,,268907,1,,,1,50,,268908,1,,,1,15,,268909,1,,,1,10,,268910,1,,,1,10,,268912,1,,,1,10,,268913,1,,,1,50,,268914,1,,,1,20,,268916,1,,,1,15,,268917,1,,,1,10,,268918,1,,,1,60,,268919,1,,,1,25,,268920,1,,,1,80,,268921,1,,,1,100,,268922,1,,,1,100,,268923,1,,,1,100,,268924,1,,,1,100,,268925,1,,,1,100,,268926,1,,,1
3200,'20261008',525,,268927,1,,,1,15,,268928,1,,,1,15,,268929,1,,,1,50,,268930,1,,,1,15,,268931,1,,,1,10,,268932,1,,,1,10,,268934,1,,,1,10,,268935,1,,,1,50,,268936,1,,,1,20,,268938,1,,,1,15,,268939,1,,,1,10,,268940,1,,,1,60,,268941,1,,,1,25,,268942,1,,,1,80,,268943,1,,,1,100,,268944,1,,,1,100,,268945,1,,,1,100,,268946,1,,,1,100,,268947,1,,,1,100,,268948,1,,,1
3200,'20261009',525,,268949,1,,,1,15,,268950,1,,,1,15,,268951,1,,,1,50,,268952,1,,,1,15,,268953,1,,,1,10,,268954,1,,,1,10,,268956,1,,,1,10,,268957,1,,,1,50,,268958,1,,,1,20,,268960,1,,,1,15,,268961,1,,,1,10,,268962,1,,,1,60,,268963,1,,,1,25,,268964,1,,,1,80,,268965,1,,,1,100,,268966,1,,,1,100,,268967,1,,,1,100,,268968,1,,,1,100,,268969,1,,,1,100,,268970,1,,,1
3200,'20261013',525,,268971,1,,,1,15,,268972,1,,,1,15,,268973,1,,,1,50,,268974,1,,,1,15,,268975,1,,,1,10,,268976,1,,,1,10,,268978,1,,,1,10,,268979,1,,,1,50,,268980,1,,,1,20,,268982,1,,,1,15,,268983,1,,,1,10,,268984,1,,,1,60,,268985,1,,,1,25,,268986,1,,,1,80,,268987,1,,,1,100,,268988,1,,,1,100,,268989,1,,,1,100,,268990,1,,,1,100,,268991,1,,,1,100,,268992,1,,,1
3200,'20261014',525,,268993,1,,,1,15,,268994,1,,,1,15,,268995,1,,,1,50,,268996,1,,,1,15,,268997,1,,,1,10,,268998,1,,,1,10,,269000,1,,,1,10,,269001,1,,,1,50,,269002,1,,,1,20,,269004,1,,,1,15,,269005,1,,,1,10,,269006,1,,,1,60,,269007,1,,,1,25,,269008,1,,,1,80,,269009,1,,,1,100,,269010,1,,,1,100,,269011,1,,,1,100,,269012,1,,,1,100,,269013,1,,,1,100,,269014,1,,,1
3200,'20261015',525,,269015,1,,,1,15,,269016,1,,,1,15,,269017,1,,,1,50,,269018,1,,,1,15,,269019,1,,,1,10,,269020,1,,,1,10,,269022,1,,,1,10,,269023,1,,,1,50,,269024,1,,,1,20,,269026,1,,,1,15,,269027,1,,,1,10,,269028,1,,,1,60,,269029,1,,,1,25,,269030,1,,,1,80,,269031,1,,,1,100,,269032,1,,,1,100,,269033,1,,,1,100,,269034,1,,,1,100,,269035,1,,,1,100,,269036,1,,,1
3200,'20261016',525,,269037,1,,,1,15,,269038,1,,,1,15,,269039,1,,,1,50,,269040,1,,,1,15,,269041,1,,,1,10,,269042,1,,,1,10,,269044,1,,,1,10,,269045,1,,,1,50,,269046,1,,,1,20,,269048,1,,,1,15,,269049,1,,,1,10,,269050,1,,,1,60,,269051,1,,,1,25,,269052,1,,,1,80,,269053,1,,,1,100,,269054,1,,,1,100,,269055,1,,,1,100,,269056,1,,,1,100,,269057,1,,,1,100,,269058,1,,,1
3200,'20261019',525,,269059,1,,,1,15,,269060,1,,,1,15,,269061,1,,,1,50,,269062,1,,,1,15,,269063,1,,,1,10,,269064,1,,,1,10,,269066,1,,,1,10,,269067,1,,,1,50,,269068,1,,,1,20,,269070,1,,,1,15,,269071,1,,,1,10,,269072,1,,,1,60,,269073,1,,,1,25,,269074,1,,,1,80,,269075,1,,,1,100,,269076,1,,,1,100,,269077,1,,,1,100,,269078,1,,,1,100,,269079,1,,,1,100,,269080,1,,,1
3200,'20261020',525,,269081,1,,,1,15,,269082,1,,,1,15,,269083,1,,,1,50,,269084,1,,,1,15,,269085,1,,,1,10,,269086,1,,,1,10,,269088,1,,,1,10,,269089,1,,,1,50,,269090,1,,,1,20,,269092,1,,,1,15,,269093,1,,,1,10,,269094,1,,,1,60,,269095,1,,,1,25,,269096,1,,,1,80,,269097,1,,,1,100,,269098,1,,,1,100,,269099,1,,,1,100,,269100,1,,,1,100,,269101,1,,,1,100,,269102,1,,,1
3200,'20261021',525,,269103,1,,,1,15,,269104,1,,,1,15,,269105,1,,,1,50,,269106,1,,,1,15,,269107,1,,,1,10,,269108,1,,,1,10,,269110,1,,,1,10,,269111,1,,,1,50,,269112,1,,,1,20,,269114,1,,,1,15,,269115,1,,,1,10,,269116,1,,,1,60,,269117,1,,,1,25,,269118,1,,,1,80,,269119,1,,,1,100,,269120,1,,,1,100,,269121,1,,,1,100,,269122,1,,,1,100,,269123,1,,,1,100,,269124,1,,,1
3200,'20261022',525,,269125,1,,,1,15,,269126,1,,,1,15,,269127,1,,,1,50,,269128,1,,,1,15,,269129,1,,,1,10,,269130,1,,,1,10,,269132,1,,,1,10,,269133,1,,,1,50,,269134,1,,,1,20,,269136,1,,,1,15,,269137,1,,,1,10,,269138,1,,,1,60,,269139,1,,,1,25,,269140,1,,,1,80,,269141,1,,,1,100,,269142,1,,,1,100,,269143,1,,,1,100,,269144,1,,,1,100,,269145,1,,,1,100,,269146,1,,,1
3200,'20261023',525,,269147,1,,,1,15,,269148,1,,,1,15,,269149,1,,,1,50,,269150,1,,,1,15,,269151,1,,,1,10,,269152,1,,,1,10,,269154,1,,,1,10,,269155,1,,,1,50,,269156,1,,,1,20,,269158,1,,,1,15,,269159,1,,,1,10,,269160,1,,,1,60,,269161,1,,,1,25,,269162,1,,,1,80,,269163,1,,,1,100,,269164,1,,,1,100,,269165,1,,,1,100,,269166,1,,,1,100,,269167,1,,,1,100,,269168,1,,,1
3200,'20261026',525,,269169,1,,,1,15,,269170,1,,,1,15,,269171,1,,,1,50,,269172,1,,,1,15,,269173,1,,,1,10,,269174,1,,,1,10,,269176,1,,,1,10,,269177,1,,,1,50,,269178,1,,,1,20,,269180,1,,,1,15,,269181,1,,,1,10,,269182,1,,,1,60,,269183,1,,,1,25,,269184,1,,,1,80,,269185,1,,,1,100,,269186,1,,,1,100,,269187,1,,,1,100,,269188,1,,,1,100,,269189,1,,,1,100,,269190,1,,,1
3200,'20261027',525,,269191,1,,,1,15,,269192,1,,,1,15,,269193,1,,,1,50,,269194,1,,,1,15,,269195,1,,,1,10,,269196,1,,,1,10,,269198,1,,,1,10,,269199,1,,,1,50,,269200,1,,,1,20,,269202,1,,,1,15,,269203,1,,,1,10,,269204,1,,,1,60,,269205,1,,,1,25,,269206,1,,,1,80,,269207,1,,,1,100,,269208,1,,,1,100,,269209,1,,,1,100,,269210,1,,,1,100,,269211,1,,,1,100,,269212,1,,,1
3200,'20261028',525,,269213,1,,,1,15,,269214,1,,,1,15,,269215,1,,,1,50,,269216,1,,,1,15,,269217,1,,,1,10,,269218,1,,,1,10,,269220,1,,,1,10,,269221,1,,,1,50,,269222,1,,,1,20,,269224,1,,,1,15,,269225,1,,,1,10,,269226,1,,,1,60,,269227,1,,,1,25,,269228,1,,,1,80,,269229,1,,,1,100,,269230,1,,,1,100,,269231,1,,,1,100,,269232,1,,,1,100,,269233,1,,,1,100,,269234,1,,,1
3200,'20261029',525,,269235,1,,,1,15,,269236,1,,,1,15,,269237,1,,,1,50,,269238,1,,,1,15,,269239,1,,,1,10,,269240,1,,,1,10,,269242,1,,,1,10,,269243,1,,,1,50,,269244,1,,,1,20,,269246,1,,,1,15,,269247,1,,,1,10,,269248,1,,,1,60,,269249,1,,,1,25,,269250,1,,,1,80,,269251,1,,,1,100,,269252,1,,,1,100,,269253,1,,,1,100,,269254,1,,,1,100,,269255,1,,,1,100,,269256,1,,,1
3200,'20261030',525,,269257,1,,,1,15,,269258,1,,,1,15,,269259,1,,,1,50,,269260,1,,,1,15,,269261,1,,,1,10,,269262,1,,,1,10,,269264,1,,,1,10,,269265,1,,,1,50,,269266,1,,,1,20,,269268,1,,,1,15,,269269,1,,,1,10,,269270,1,,,1,60,,269271,1,,,1,25,,269272,1,,,1,80,,269273,1,,,1,100,,269274,1,,,1,100,,269275,1,,,1,100,,269276,1,,,1,100,,269277,1,,,1,100,,269278,1,,,1
3200,'20261102',525,,269279,1,,,1,15,,269280,1,,,1,15,,269281,1,,,1,50,,269282,1,,,1,15,,269283,1,,,1,10,,269284,1,,,1,10,,269286,1,,,1,10,,269287,1,,,1,50,,269288,1,,,1,20,,269290,1,,,1,15,,269291,1,,,1,10,,269292,1,,,1,60,,269293,1,,,1,25,,269294,1,,,1,80,,269295,1,,,1,100,,269296,1,,,1,100,,269297,1,,,1,100,,269298,1,,,1,100,,269299,1,,,1,100,,269300,1,,,1
3200,'20261103',525,,269301,1,,,1,15,,269302,1,,,1,15,,269303,1,,,1,50,,269304,1,,,1,15,,269305,1,,,1,10,,269306,1,,,1,10,,269308,1,,,1,10,,269309,1,,,1,50,,269310,1,,,1,20,,269312,1,,,1,15,,269313,1,,,1,10,,269314,1,,,1,60,,269315,1,,,1,25,,269316,1,,,1,80,,269317,1,,,1,100,,269318,1,,,1,100,,269319,1,,,1,100,,269320,1,,,1,100,,269321,1,,,1,100,,269322,1,,,1
3200,'20261104',525,,269323,1,,,1,15,,269324,1,,,1,15,,269325,1,,,1,50,,269326,1,,,1,15,,269327,1,,,1,10,,269328,1,,,1,10,,269330,1,,,1,10,,269331,1,,,1,50,,269332,1,,,1,20,,269334,1,,,1,15,,269335,1,,,1,10,,269336,1,,,1,60,,269337,1,,,1,25,,269338,1,,,1,80,,269339,1,,,1,100,,269340,1,,,1,100,,269341,1,,,1,100,,269342,1,,,1,100,,269343,1,,,1,100,,269344,1,,,1
3200,'20261105',525,,269345,1,,,1,15,,269346,1,,,1,15,,269347,1,,,1,50,,269348,1,,,1,15,,269349,1,,,1,10,,269350,1,,,1,10,,269352,1,,,1,10,,269353,1,,,1,50,,269354,1,,,1,20,,269356,1,,,1,15,,269357,1,,,1,10,,269358,1,,,1,60,,269359,1,,,1,25,,269360,1,,,1,80,,269361,1,,,1,100,,269362,1,,,1,100,,269363,1,,,1,100,,269364,1,,,1,100,,269365,1,,,1,100,,269366,1,,,1
3200,'20261106',525,,269367,1,,,1,15,,269368,1,,,1,15,,269369,1,,,1,50,,269370,1,,,1,15,,269371,1,,,1,10,,269372,1,,,1,10,,269374,1,,,1,10,,269375,1,,,1,50,,269376,1,,,1,20,,269378,1,,,1,15,,269379,1,,,1,10,,269380,1,,,1,60,,269381,1,,,1,25,,269382,1,,,1,80,,269383,1,,,1,100,,269384,1,,,1,100,,269385,1,,,1,100,,269386,1,,,1,100,,269387,1,,,1,100,,269388,1,,,1
3200,'20261109',525,,269389,1,,,1,15,,269390,1,,,1,15,,269391,1,,,1,50,,269392,1,,,1,15,,269393,1,,,1,10,,269394,1,,,1,10,,269396,1,,,1,10,,269397,1,,,1,50,,269398,1,,,1,20,,269400,1,,,1,15,,269401,1,,,1,10,,269402,1,,,1,60,,269403,1,,,1,25,,269404,1,,,1,80,,269405,1,,,1,100,,269406,1,,,1,100,,269407,1,,,1,100,,269408,1,,,1,100,,269409,1,,,1,100,,269410,1,,,1
3200,'20261110',525,,269411,1,,,1,15,,269412,1,,,1,15,,269413,1,,,1,50,,269414,1,,,1,15,,269415,1,,,1,10,,269416,1,,,1,10,,269418,1,,,1,10,,269419,1,,,1,50,,269420,1,,,1,20,,269422,1,,,1,15,,269423,1,,,1,10,,269424,1,,,1,60,,269425,1,,,1,25,,269426,1,,,1,80,,269427,1,,,1,100,,269428,1,,,1,100,,269429,1,,,1,100,,269430,1,,,1,100,,269431,1,,,1,100,,269432,1,,,1
3200,'20261111',525,,269433,1,,,1,15,,269434,1,,,1,15,,269435,1,,,1,50,,269436,1,,,1,15,,269437,1,,,1,10,,269438,1,,,1,10,,269440,1,,,1,10,,269441,1,,,1,50,,269442,1,,,1,20,,269444,1,,,1,15,,269445,1,,,1,10,,269446,1,,,1,60,,269447,1,,,1,25,,269448,1,,,1,80,,269449,1,,,1,100,,269450,1,,,1,100,,269451,1,,,1,100,,269452,1,,,1,100,,269453,1,,,1,100,,269454,1,,,1
3200,'20261112',525,,269455,1,,,1,15,,269456,1,,,1,15,,269457,1,,,1,50,,269458,1,,,1,15,,269459,1,,,1,10,,269460,1,,,1,10,,269462,1,,,1,10,,269463,1,,,1,50,,269464,1,,,1,20,,269466,1,,,1,15,,269467,1,,,1,10,,269468,1,,,1,60,,269469,1,,,1,25,,269470,1,,,1,80,,269471,1,,,1,100,,269472,1,,,1,100,,269473,1,,,1,100,,269474,1,,,1,100,,269475,1,,,1,100,,269476,1,,,1
3200,'20261113',525,,269477,1,,,1,15,,269478,1,,,1,15,,269479,1,,,1,50,,269480,1,,,1,15,,269481,1,,,1,10,,269482,1,,,1,10,,269484,1,,,1,10,,269485,1,,,1,50,,269486,1,,,1,20,,269488,1,,,1,15,,269489,1,,,1,10,,269490,1,,,1,60,,269491,1,,,1,25,,269492,1,,,1,80,,269493,1,,,1,100,,269494,1,,,1,100,,269495,1,,,1,100,,269496,1,,,1,100,,269497,1,,,1,100,,269498,1,,,1
3200,'20261116',525,,269499,1,,,1,15,,269500,1,,,1,15,,269501,1,,,1,50,,269502,1,,,1,15,,269503,1,,,1,10,,269504,1,,,1,10,,269506,1,,,1,10,,269507,1,,,1,50,,269508,1,,,1,20,,269510,1,,,1,15,,269511,1,,,1,10,,269512,1,,,1,60,,269513,1,,,1,25,,269514,1,,,1,80,,269515,1,,,1,100,,269516,1,,,1,100,,269517,1,,,1,100,,269518,1,,,1,100,,269519,1,,,1,100,,269520,1,,,1
3200,'20261117',525,,269521,1,,,1,15,,269522,1,,,1,15,,269523,1,,,1,50,,269524,1,,,1,15,,269525,1,,,1,10,,269526,1,,,1,10,,269528,1,,,1,10,,269529,1,,,1,50,,269530,1,,,1,20,,269532,1,,,1,15,,269533,1,,,1,10,,269534,1,,,1,60,,269535,1,,,1,25,,269536,1,,,1,80,,269537,1,,,1,100,,269538,1,,,1,100,,269539,1,,,1,100,,269540,1,,,1,100,,269541,1,,,1,100,,269542,1,,,1
3200,'20261118',525,,269543,1,,,1,15,,269544,1,,,1,15,,269545,1,,,1,50,,269546,1,,,1,15,,269547,1,,,1,10,,269548,1,,,1,10,,269550,1,,,1,10,,269551,1,,,1,50,,269552,1,,,1,20,,269554,1,,,1,15,,269555,1,,,1,10,,269556,1,,,1,60,,269557,1,,,1,25,,269558,1,,,1,80,,269559,1,,,1,100,,269560,1,,,1,100,,269561,1,,,1,100,,269562,1,,,1,100,,269563,1,,,1,100,,269564,1,,,1
3200,'20261119',525,,269565,1,,,1,15,,269566,1,,,1,15,,269567,1,,,1,50,,269568,1,,,1,15,,269569,1,,,1,10,,269570,1,,,1,10,,269572,1,,,1,10,,269573,1,,,1,50,,269574,1,,,1,20,,269576,1,,,1,15,,269577,1,,,1,10,,269578,1,,,1,60,,269579,1,,,1,25,,269580,1,,,1,80,,269581,1,,,1,100,,269582,1,,,1,100,,269583,1,,,1,100,,269584,1,,,1,100,,269585,1,,,1,100,,269586,1,,,1
3200,'20261120',525,,269587,1,,,1,15,,269588,1,,,1,15,,269589,1,,,1,50,,269590,1,,,1,15,,269591,1,,,1,10,,269592,1,,,1,10,,269594,1,,,1,10,,269595,1,,,1,50,,269596,1,,,1,20,,269598,1,,,1,15,,269599,1,,,1,10,,269600,1,,,1,60,,269601,1,,,1,25,,269602,1,,,1,80,,269603,1,,,1,100,,269604,1,,,1,100,,269605,1,,,1,100,,269606,1,,,1,100,,269607,1,,,1,100,,269608,1,,,1
3200,'20261123',525,,269609,1,,,1,15,,269610,1,,,1,15,,269611,1,,,1,50,,269612,1,,,1,15,,269613,1,,,1,10,,269614,1,,,1,10,,269616,1,,,1,10,,269617,1,,,1,50,,269618,1,,,1,20,,269620,1,,,1,15,,269621,1,,,1,10,,269622,1,,,1,60,,269623,1,,,1,25,,269624,1,,,1,80,,269625,1,,,1,100,,269626,1,,,1,100,,269627,1,,,1,100,,269628,1,,,1,100,,269629,1,,,1,100,,269630,1,,,1
3200,'20261124',525,,269631,1,,,1,15,,269632,1,,,1,15,,269633,1,,,1,50,,269634,1,,,1,15,,269635,1,,,1,10,,269636,1,,,1,10,,269638,1,,,1,10,,269639,1,,,1,50,,269640,1,,,1,20,,269642,1,,,1,15,,269643,1,,,1,10,,269644,1,,,1,60,,269645,1,,,1,25,,269646,1,,,1,80,,269647,1,,,1,100,,269648,1,,,1,100,,269649,1,,,1,100,,269650,1,,,1,100,,269651,1,,,1,100,,269652,1,,,1
3200,'20261125',525,,269653,1,,,1,15,,269654,1,,,1,15,,269655,1,,,1,50,,269656,1,,,1,15,,269657,1,,,1,10,,269658,1,,,1,10,,269660,1,,,1,10,,269661,1,,,1,50,,269662,1,,,1,20,,269664,1,,,1,15,,269665,1,,,1,10,,269666,1,,,1,60,,269667,1,,,1,25,,269668,1,,,1,80,,269669,1,,,1,100,,269670,1,,,1,100,,269671,1,,,1,100,,269672,1,,,1,100,,269673,1,,,1,100,,269674,1,,,1
3200,'20261126',525,,269675,1,,,1,15,,269676,1,,,1,15,,269677,1,,,1,50,,269678,1,,,1,15,,269679,1,,,1,10,,269680,1,,,1,10,,269682,1,,,1,10,,269683,1,,,1,50,,269684,1,,,1,20,,269686,1,,,1,15,,269687,1,,,1,10,,269688,1,,,1,60,,269689,1,,,1,25,,269690,1,,,1,80,,269691,1,,,1,100,,269692,1,,,1,100,,269693,1,,,1,100,,269694,1,,,1,100,,269695,1,,,1,100,,269696,1,,,1
3200,'20261127',525,,269697,1,,,1,15,,269698,1,,,1,15,,269699,1,,,1,50,,269700,1,,,1,15,,269701,1,,,1,10,,269702,1,,,1,10,,269704,1,,,1,10,,269705,1,,,1,50,,269706,1,,,1,20,,269708,1,,,1,15,,269709,1,,,1,10,,269710,1,,,1,60,,269711,1,,,1,25,,269712,1,,,1,80,,269713,1,,,1,100,,269714,1,,,1,100,,269715,1,,,1,100,,269716,1,,,1,100,,269717,1,,,1,100,,269718,1,,,1
3201,'20260910',1325,,269755,11,4,,1,100,,269756,11,4,,1,105,,269757,11,4,,1,85,,269758,11,4,,1,20,,269759,11,4,,1,15,,269760,11,4,,1,55,,269761,11,4,,1,40,,269763,11,4,,1,55,,269764,11,4,,1,10,,269765,11,4,,1,30,,269767,11,4,,1,60,,269768,11,4,,1,20,,269769,11,4,,1,20,,269770,11,4,,1,60,,269771,11,4,,1,35,,269772,11,4,,1
3201,'20260911',1325,,269773,11,4,,1,100,,269774,11,4,,1,105,,269775,11,4,,1,85,,269776,11,4,,1,20,,269777,11,4,,1,15,,269778,11,4,,1,55,,269779,11,4,,1,40,,269781,11,4,,1,55,,269782,11,4,,1,10,,269783,11,4,,1,30,,269785,11,4,,1,60,,269786,11,4,,1,20,,269787,11,4,,1,20,,269788,11,4,,1,60,,269789,11,4,,1,35,,269790,11,4,,1
3201,'20260914',1325,,269791,11,4,,1,100,,269792,11,4,,1,105,,269793,11,4,,1,85,,269794,11,4,,1,20,,269795,11,4,,1,15,,269796,11,4,,1,55,,269797,11,4,,1,40,,269799,11,4,,1,55,,269800,11,4,,1,10,,269801,11,4,,1,30,,269803,11,4,,1,60,,269804,11,4,,1,20,,269805,11,4,,1,20,,269806,11,4,,1,60,,269807,11,4,,1,35,,269808,11,4,,1
3201,'20260915',1325,,269809,11,4,,1,100,,269810,11,4,,1,105,,269811,11,4,,1,85,,269812,11,4,,1,20,,269813,11,4,,1,15,,269814,11,4,,1,55,,269815,11,4,,1,40,,269817,11,4,,1,55,,269818,11,4,,1,10,,269819,11,4,,1,30,,269821,11,4,,1,60,,269822,11,4,,1,20,,269823,11,4,,1,20,,269824,11,4,,1,60,,269825,11,4,,1,35,,269826,11,4,,1
3201,'20260916',1325,,269827,11,4,,1,100,,269828,11,4,,1,105,,269829,11,4,,1,85,,269830,11,4,,1,20,,269831,11,4,,1,15,,269832,11,4,,1,55,,269833,11,4,,1,40,,269835,11,4,,1,55,,269836,11,4,,1,10,,269837,11,4,,1,30,,269839,11,4,,1,60,,269840,11,4,,1,20,,269841,11,4,,1,20,,269842,11,4,,1,60,,269843,11,4,,1,35,,269844,11,4,,1
3201,'20260917',1325,,269845,11,4,,1,100,,269846,11,4,,1,105,,269847,11,4,,1,85,,269848,11,4,,1,20,,269849,11,4,,1,15,,269850,11,4,,1,55,,269851,11,4,,1,40,,269853,11,4,,1,55,,269854,11,4,,1,10,,269855,11,4,,1,30,,269857,11,4,,1,60,,269858,11,4,,1,20,,269859,11,4,,1,20,,269860,11,4,,1,60,,269861,11,4,,1,35,,269862,11,4,,1
3201,'20260918',1325,,269863,11,4,,1,100,,269864,11,4,,1,105,,269865,11,4,,1,85,,269866,11,4,,1,20,,269867,11,4,,1,15,,269868,11,4,,1,55,,269869,11,4,,1,40,,269871,11,4,,1,55,,269872,11,4,,1,10,,269873,11,4,,1,30,,269875,11,4,,1,60,,269876,11,4,,1,20,,269877,11,4,,1,20,,269878,11,4,,1,60,,269879,11,4,,1,35,,269880,11,4,,1
3201,'20260921',1325,,269881,11,4,,1,100,,269882,11,4,,1,105,,269883,11,4,,1,85,,269884,11,4,,1,20,,269885,11,4,,1,15,,269886,11,4,,1,55,,269887,11,4,,1,40,,269889,11,4,,1,55,,269890,11,4,,1,10,,269891,11,4,,1,30,,269893,11,4,,1,60,,269894,11,4,,1,20,,269895,11,4,,1,20,,269896,11,4,,1,60,,269897,11,4,,1,35,,269898,11,4,,1
3201,'20260922',1325,,269899,11,4,,1,100,,269900,11,4,,1,105,,269901,11,4,,1,85,,269902,11,4,,1,20,,269903,11,4,,1,15,,269904,11,4,,1,55,,269905,11,4,,1,40,,269907,11,4,,1,55,,269908,11,4,,1,10,,269909,11,4,,1,30,,269911,11,4,,1,60,,269912,11,4,,1,20,,269913,11,4,,1,20,,269914,11,4,,1,60,,269915,11,4,,1,35,,269916,11,4,,1
3201,'20260923',1325,,269917,11,4,,1,100,,269918,11,4,,1,105,,269919,11,4,,1,85,,269920,11,4,,1,20,,269921,11,4,,1,15,,269922,11,4,,1,55,,269923,11,4,,1,40,,269925,11,4,,1,55,,269926,11,4,,1,10,,269927,11,4,,1,30,,269929,11,4,,1,60,,269930,11,4,,1,20,,269931,11,4,,1,20,,269932,11,4,,1,60,,269933,11,4,,1,35,,269934,11,4,,1
3201,'20260924',1325,,269935,11,4,,1,100,,269936,11,4,,1,105,,269937,11,4,,1,85,,269938,11,4,,1,20,,269939,11,4,,1,15,,269940,11,4,,1,55,,269941,11,4,,1,40,,269943,11,4,,1,55,,269944,11,4,,1,10,,269945,11,4,,1,30,,269947,11,4,,1,60,,269948,11,4,,1,20,,269949,11,4,,1,20,,269950,11,4,,1,60,,269951,11,4,,1,35,,269952,11,4,,1
3201,'20260925',1325,,269953,11,4,,1,100,,269954,11,4,,1,105,,269955,11,4,,1,85,,269956,11,4,,1,20,,269957,11,4,,1,15,,269958,11,4,,1,55,,269959,11,4,,1,40,,269961,11,4,,1,55,,269962,11,4,,1,10,,269963,11,4,,1,30,,269965,11,4,,1,60,,269966,11,4,,1,20,,269967,11,4,,1,20,,269968,11,4,,1,60,,269969,11,4,,1,35,,269970,11,4,,1
3201,'20260928',1325,,269971,11,4,,1,100,,269972,11,4,,1,105,,269973,11,4,,1,85,,269974,11,4,,1,20,,269975,11,4,,1,15,,269976,11,4,,1,55,,269977,11,4,,1,40,,269979,11,4,,1,55,,269980,11,4,,1,10,,269981,11,4,,1,30,,269983,11,4,,1,60,,269984,11,4,,1,20,,269985,11,4,,1,20,,269986,11,4,,1,60,,269987,11,4,,1,35,,269988,11,4,,1
3201,'20260929',1325,,269989,11,4,,1,100,,269990,11,4,,1,105,,269991,11,4,,1,85,,269992,11,4,,1,20,,269993,11,4,,1,15,,269994,11,4,,1,55,,269995,11,4,,1,40,,269997,11,4,,1,55,,269998,11,4,,1,10,,269999,11,4,,1,30,,270001,11,4,,1,60,,270002,11,4,,1,20,,270003,11,4,,1,20,,270004,11,4,,1,60,,270005,11,4,,1,35,,270006,11,4,,1
3201,'20260930',1325,,270007,11,4,,1,100,,270008,11,4,,1,105,,270009,11,4,,1,85,,270010,11,4,,1,20,,270011,11,4,,1,15,,270012,11,4,,1,55,,270013,11,4,,1,40,,270015,11,4,,1,55,,270016,11,4,,1,10,,270017,11,4,,1,30,,270019,11,4,,1,60,,270020,11,4,,1,20,,270021,11,4,,1,20,,270022,11,4,,1,60,,270023,11,4,,1,35,,270024,11,4,,1
3201,'20261001',1325,,270025,11,4,,1,100,,270026,11,4,,1,105,,270027,11,4,,1,85,,270028,11,4,,1,20,,270029,11,4,,1,15,,270030,11,4,,1,55,,270031,11,4,,1,40,,270033,11,4,,1,55,,270034,11,4,,1,10,,270035,11,4,,1,30,,270037,11,4,,1,60,,270038,11,4,,1,20,,270039,11,4,,1,20,,270040,11,4,,1,60,,270041,11,4,,1,35,,270042,11,4,,1
3201,'20261002',1325,,270043,11,4,,1,100,,270044,11,4,,1,105,,270045,11,4,,1,85,,270046,11,4,,1,20,,270047,11,4,,1,15,,270048,11,4,,1,55,,270049,11,4,,1,40,,270051,11,4,,1,55,,270052,11,4,,1,10,,270053,11,4,,1,30,,270055,11,4,,1,60,,270056,11,4,,1,20,,270057,11,4,,1,20,,270058,11,4,,1,60,,270059,11,4,,1,35,,270060,11,4,,1
3201,'20261005',1325,,270061,11,4,,1,100,,270062,11,4,,1,105,,270063,11,4,,1,85,,270064,11,4,,1,20,,270065,11,4,,1,15,,270066,11,4,,1,55,,270067,11,4,,1,40,,270069,11,4,,1,55,,270070,11,4,,1,10,,270071,11,4,,1,30,,270073,11,4,,1,60,,270074,11,4,,1,20,,270075,11,4,,1,20,,270076,11,4,,1,60,,270077,11,4,,1,35,,270078,11,4,,1
3201,'20261006',1325,,270079,11,4,,1,100,,270080,11,4,,1,105,,270081,11,4,,1,85,,270082,11,4,,1,20,,270083,11,4,,1,15,,270084,11,4,,1,55,,270085,11,4,,1,40,,270087,11,4,,1,55,,270088,11,4,,1,10,,270089,11,4,,1,30,,270091,11,4,,1,60,,270092,11,4,,1,20,,270093,11,4,,1,20,,270094,11,4,,1,60,,270095,11,4,,1,35,,270096,11,4,,1
3201,'20261007',1325,,270097,11,4,,1,100,,270098,11,4,,1,105,,270099,11,4,,1,85,,270100,11,4,,1,20,,270101,11,4,,1,15,,270102,11,4,,1,55,,270103,11,4,,1,40,,270105,11,4,,1,55,,270106,11,4,,1,10,,270107,11,4,,1,30,,270109,11,4,,1,60,,270110,11,4,,1,20,,270111,11,4,,1,20,,270112,11,4,,1,60,,270113,11,4,,1,35,,270114,11,4,,1
3201,'20261008',1325,,270115,11,4,,1,100,,270116,11,4,,1,105,,270117,11,4,,1,85,,270118,11,4,,1,20,,270119,11,4,,1,15,,270120,11,4,,1,55,,270121,11,4,,1,40,,270123,11,4,,1,55,,270124,11,4,,1,10,,270125,11,4,,1,30,,270127,11,4,,1,60,,270128,11,4,,1,20,,270129,11,4,,1,20,,270130,11,4,,1,60,,270131,11,4,,1,35,,270132,11,4,,1
3201,'20261009',1325,,270133,11,4,,1,100,,270134,11,4,,1,105,,270135,11,4,,1,85,,270136,11,4,,1,20,,270137,11,4,,1,15,,270138,11,4,,1,55,,270139,11,4,,1,40,,270141,11,4,,1,55,,270142,11,4,,1,10,,270143,11,4,,1,30,,270145,11,4,,1,60,,270146,11,4,,1,20,,270147,11,4,,1,20,,270148,11,4,,1,60,,270149,11,4,,1,35,,270150,11,4,,1
3201,'20261013',1325,,270151,11,4,,1,100,,270152,11,4,,1,105,,270153,11,4,,1,85,,270154,11,4,,1,20,,270155,11,4,,1,15,,270156,11,4,,1,55,,270157,11,4,,1,40,,270159,11,4,,1,55,,270160,11,4,,1,10,,270161,11,4,,1,30,,270163,11,4,,1,60,,270164,11,4,,1,20,,270165,11,4,,1,20,,270166,11,4,,1,60,,270167,11,4,,1,35,,270168,11,4,,1
3201,'20261014',1325,,270169,11,4,,1,100,,270170,11,4,,1,105,,270171,11,4,,1,85,,270172,11,4,,1,20,,270173,11,4,,1,15,,270174,11,4,,1,55,,270175,11,4,,1,40,,270177,11,4,,1,55,,270178,11,4,,1,10,,270179,11,4,,1,30,,270181,11,4,,1,60,,270182,11,4,,1,20,,270183,11,4,,1,20,,270184,11,4,,1,60,,270185,11,4,,1,35,,270186,11,4,,1
3201,'20261015',1325,,270187,11,4,,1,100,,270188,11,4,,1,105,,270189,11,4,,1,85,,270190,11,4,,1,20,,270191,11,4,,1,15,,270192,11,4,,1,55,,270193,11,4,,1,40,,270195,11,4,,1,55,,270196,11,4,,1,10,,270197,11,4,,1,30,,270199,11,4,,1,60,,270200,11,4,,1,20,,270201,11,4,,1,20,,270202,11,4,,1,60,,270203,11,4,,1,35,,270204,11,4,,1
3201,'20261016',1325,,270205,11,4,,1,100,,270206,11,4,,1,105,,270207,11,4,,1,85,,270208,11,4,,1,20,,270209,11,4,,1,15,,270210,11,4,,1,55,,270211,11,4,,1,40,,270213,11,4,,1,55,,270214,11,4,,1,10,,270215,11,4,,1,30,,270217,11,4,,1,60,,270218,11,4,,1,20,,270219,11,4,,1,20,,270220,11,4,,1,60,,270221,11,4,,1,35,,270222,11,4,,1
3201,'20261019',1325,,270223,11,4,,1,100,,270224,11,4,,1,105,,270225,11,4,,1,85,,270226,11,4,,1,20,,270227,11,4,,1,15,,270228,11,4,,1,55,,270229,11,4,,1,40,,270231,11,4,,1,55,,270232,11,4,,1,10,,270233,11,4,,1,30,,270235,11,4,,1,60,,270236,11,4,,1,20,,270237,11,4,,1,20,,270238,11,4,,1,60,,270239,11,4,,1,35,,270240,11,4,,1
3201,'20261020',1325,,270241,11,4,,1,100,,270242,11,4,,1,105,,270243,11,4,,1,85,,270244,11,4,,1,20,,270245,11,4,,1,15,,270246,11,4,,1,55,,270247,11,4,,1,40,,270249,11,4,,1,55,,270250,11,4,,1,10,,270251,11,4,,1,30,,270253,11,4,,1,60,,270254,11,4,,1,20,,270255,11,4,,1,20,,270256,11,4,,1,60,,270257,11,4,,1,35,,270258,11,4,,1
3201,'20261021',1325,,270259,11,4,,1,100,,270260,11,4,,1,105,,270261,11,4,,1,85,,270262,11,4,,1,20,,270263,11,4,,1,15,,270264,11,4,,1,55,,270265,11,4,,1,40,,270267,11,4,,1,55,,270268,11,4,,1,10,,270269,11,4,,1,30,,270271,11,4,,1,60,,270272,11,4,,1,20,,270273,11,4,,1,20,,270274,11,4,,1,60,,270275,11,4,,1,35,,270276,11,4,,1
3201,'20261022',1325,,270277,11,4,,1,100,,270278,11,4,,1,105,,270279,11,4,,1,85,,270280,11,4,,1,20,,270281,11,4,,1,15,,270282,11,4,,1,55,,270283,11,4,,1,40,,270285,11,4,,1,55,,270286,11,4,,1,10,,270287,11,4,,1,30,,270289,11,4,,1,60,,270290,11,4,,1,20,,270291,11,4,,1,20,,270292,11,4,,1,60,,270293,11,4,,1,35,,270294,11,4,,1
3201,'20261023',1325,,270295,11,4,,1,100,,270296,11,4,,1,105,,270297,11,4,,1,85,,270298,11,4,,1,20,,270299,11,4,,1,15,,270300,11,4,,1,55,,270301,11,4,,1,40,,270303,11,4,,1,55,,270304,11,4,,1,10,,270305,11,4,,1,30,,270307,11,4,,1,60,,270308,11,4,,1,20,,270309,11,4,,1,20,,270310,11,4,,1,60,,270311,11,4,,1,35,,270312,11,4,,1
3201,'20261026',1325,,270313,11,4,,1,100,,270314,11,4,,1,105,,270315,11,4,,1,85,,270316,11,4,,1,20,,270317,11,4,,1,15,,270318,11,4,,1,55,,270319,11,4,,1,40,,270321,11,4,,1,55,,270322,11,4,,1,10,,270323,11,4,,1,30,,270325,11,4,,1,60,,270326,11,4,,1,20,,270327,11,4,,1,20,,270328,11,4,,1,60,,270329,11,4,,1,35,,270330,11,4,,1
3201,'20261027',1325,,270331,11,4,,1,100,,270332,11,4,,1,105,,270333,11,4,,1,85,,270334,11,4,,1,20,,270335,11,4,,1,15,,270336,11,4,,1,55,,270337,11,4,,1,40,,270339,11,4,,1,55,,270340,11,4,,1,10,,270341,11,4,,1,30,,270343,11,4,,1,60,,270344,11,4,,1,20,,270345,11,4,,1,20,,270346,11,4,,1,60,,270347,11,4,,1,35,,270348,11,4,,1
3201,'20261028',1325,,270349,11,4,,1,100,,270350,11,4,,1,105,,270351,11,4,,1,85,,270352,11,4,,1,20,,270353,11,4,,1,15,,270354,11,4,,1,55,,270355,11,4,,1,40,,270357,11,4,,1,55,,270358,11,4,,1,10,,270359,11,4,,1,30,,270361,11,4,,1,60,,270362,11,4,,1,20,,270363,11,4,,1,20,,270364,11,4,,1,60,,270365,11,4,,1,35,,270366,11,4,,1
3201,'20261029',1325,,270367,11,4,,1,100,,270368,11,4,,1,105,,270369,11,4,,1,85,,270370,11,4,,1,20,,270371,11,4,,1,15,,270372,11,4,,1,55,,270373,11,4,,1,40,,270375,11,4,,1,55,,270376,11,4,,1,10,,270377,11,4,,1,30,,270379,11,4,,1,60,,270380,11,4,,1,20,,270381,11,4,,1,20,,270382,11,4,,1,60,,270383,11,4,,1,35,,270384,11,4,,1
3201,'20261030',1325,,270385,11,4,,1,100,,270386,11,4,,1,105,,270387,11,4,,1,85,,270388,11,4,,1,20,,270389,11,4,,1,15,,270390,11,4,,1,55,,270391,11,4,,1,40,,270393,11,4,,1,55,,270394,11,4,,1,10,,270395,11,4,,1,30,,270397,11,4,,1,60,,270398,11,4,,1,20,,270399,11,4,,1,20,,270400,11,4,,1,60,,270401,11,4,,1,35,,270402,11,4,,1
3201,'20261102',1325,,270403,11,4,,1,100,,270404,11,4,,1,105,,270405,11,4,,1,85,,270406,11,4,,1,20,,270407,11,4,,1,15,,270408,11,4,,1,55,,270409,11,4,,1,40,,270411,11,4,,1,55,,270412,11,4,,1,10,,270413,11,4,,1,30,,270415,11,4,,1,60,,270416,11,4,,1,20,,270417,11,4,,1,20,,270418,11,4,,1,60,,270419,11,4,,1,35,,270420,11,4,,1
3201,'20261103',1325,,270421,11,4,,1,100,,270422,11,4,,1,105,,270423,11,4,,1,85,,270424,11,4,,1,20,,270425,11,4,,1,15,,270426,11,4,,1,55,,270427,11,4,,1,40,,270429,11,4,,1,55,,270430,11,4,,1,10,,270431,11,4,,1,30,,270433,11,4,,1,60,,270434,11,4,,1,20,,270435,11,4,,1,20,,270436,11,4,,1,60,,270437,11,4,,1,35,,270438,11,4,,1
3201,'20261104',1325,,270439,11,4,,1,100,,270440,11,4,,1,105,,270441,11,4,,1,85,,270442,11,4,,1,20,,270443,11,4,,1,15,,270444,11,4,,1,55,,270445,11,4,,1,40,,270447,11,4,,1,55,,270448,11,4,,1,10,,270449,11,4,,1,30,,270451,11,4,,1,60,,270452,11,4,,1,20,,270453,11,4,,1,20,,270454,11,4,,1,60,,270455,11,4,,1,35,,270456,11,4,,1
3201,'20261105',1325,,270457,11,4,,1,100,,270458,11,4,,1,105,,270459,11,4,,1,85,,270460,11,4,,1,20,,270461,11,4,,1,15,,270462,11,4,,1,55,,270463,11,4,,1,40,,270465,11,4,,1,55,,270466,11,4,,1,10,,270467,11,4,,1,30,,270469,11,4,,1,60,,270470,11,4,,1,20,,270471,11,4,,1,20,,270472,11,4,,1,60,,270473,11,4,,1,35,,270474,11,4,,1
3201,'20261106',1325,,270475,11,4,,1,100,,270476,11,4,,1,105,,270477,11,4,,1,85,,270478,11,4,,1,20,,270479,11,4,,1,15,,270480,11,4,,1,55,,270481,11,4,,1,40,,270483,11,4,,1,55,,270484,11,4,,1,10,,270485,11,4,,1,30,,270487,11,4,,1,60,,270488,11,4,,1,20,,270489,11,4,,1,20,,270490,11,4,,1,60,,270491,11,4,,1,35,,270492,11,4,,1
3201,'20261109',1325,,270493,11,4,,1,100,,270494,11,4,,1,105,,270495,11,4,,1,85,,270496,11,4,,1,20,,270497,11,4,,1,15,,270498,11,4,,1,55,,270499,11,4,,1,40,,270501,11,4,,1,55,,270502,11,4,,1,10,,270503,11,4,,1,30,,270505,11,4,,1,60,,270506,11,4,,1,20,,270507,11,4,,1,20,,270508,11,4,,1,60,,270509,11,4,,1,35,,270510,11,4,,1
3201,'20261110',1325,,270511,11,4,,1,100,,270512,11,4,,1,105,,270513,11,4,,1,85,,270514,11,4,,1,20,,270515,11,4,,1,15,,270516,11,4,,1,55,,270517,11,4,,1,40,,270519,11,4,,1,55,,270520,11,4,,1,10,,270521,11,4,,1,30,,270523,11,4,,1,60,,270524,11,4,,1,20,,270525,11,4,,1,20,,270526,11,4,,1,60,,270527,11,4,,1,35,,270528,11,4,,1
3201,'20261111',1325,,270529,11,4,,1,100,,270530,11,4,,1,105,,270531,11,4,,1,85,,270532,11,4,,1,20,,270533,11,4,,1,15,,270534,11,4,,1,55,,270535,11,4,,1,40,,270537,11,4,,1,55,,270538,11,4,,1,10,,270539,11,4,,1,30,,270541,11,4,,1,60,,270542,11,4,,1,20,,270543,11,4,,1,20,,270544,11,4,,1,60,,270545,11,4,,1,35,,270546,11,4,,1
3201,'20261112',1325,,270547,11,4,,1,100,,270548,11,4,,1,105,,270549,11,4,,1,85,,270550,11,4,,1,20,,270551,11,4,,1,15,,270552,11,4,,1,55,,270553,11,4,,1,40,,270555,11,4,,1,55,,270556,11,4,,1,10,,270557,11,4,,1,30,,270559,11,4,,1,60,,270560,11,4,,1,20,,270561,11,4,,1,20,,270562,11,4,,1,60,,270563,11,4,,1,35,,270564,11,4,,1
3201,'20261113',1325,,270565,11,4,,1,100,,270566,11,4,,1,105,,270567,11,4,,1,85,,270568,11,4,,1,20,,270569,11,4,,1,15,,270570,11,4,,1,55,,270571,11,4,,1,40,,270573,11,4,,1,55,,270574,11,4,,1,10,,270575,11,4,,1,30,,270577,11,4,,1,60,,270578,11,4,,1,20,,270579,11,4,,1,20,,270580,11,4,,1,60,,270581,11,4,,1,35,,270582,11,4,,1
3201,'20261116',1325,,270583,11,4,,1,100,,270584,11,4,,1,105,,270585,11,4,,1,85,,270586,11,4,,1,20,,270587,11,4,,1,15,,270588,11,4,,1,55,,270589,11,4,,1,40,,270591,11,4,,1,55,,270592,11,4,,1,10,,270593,11,4,,1,30,,270595,11,4,,1,60,,270596,11,4,,1,20,,270597,11,4,,1,20,,270598,11,4,,1,60,,270599,11,4,,1,35,,270600,11,4,,1
3201,'20261117',1325,,270601,11,4,,1,100,,270602,11,4,,1,105,,270603,11,4,,1,85,,270604,11,4,,1,20,,270605,11,4,,1,15,,270606,11,4,,1,55,,270607,11,4,,1,40,,270609,11,4,,1,55,,270610,11,4,,1,10,,270611,11,4,,1,30,,270613,11,4,,1,60,,270614,11,4,,1,20,,270615,11,4,,1,20,,270616,11,4,,1,60,,270617,11,4,,1,35,,270618,11,4,,1
3201,'20261118',1325,,270619,11,4,,1,100,,270620,11,4,,1,105,,270621,11,4,,1,85,,270622,11,4,,1,20,,270623,11,4,,1,15,,270624,11,4,,1,55,,270625,11,4,,1,40,,270627,11,4,,1,55,,270628,11,4,,1,10,,270629,11,4,,1,30,,270631,11,4,,1,60,,270632,11,4,,1,20,,270633,11,4,,1,20,,270634,11,4,,1,60,,270635,11,4,,1,35,,270636,11,4,,1
3201,'20261119',1325,,270637,11,4,,1,100,,270638,11,4,,1,105,,270639,11,4,,1,85,,270640,11,4,,1,20,,270641,11,4,,1,15,,270642,11,4,,1,55,,270643,11,4,,1,40,,270645,11,4,,1,55,,270646,11,4,,1,10,,270647,11,4,,1,30,,270649,11,4,,1,60,,270650,11,4,,1,20,,270651,11,4,,1,20,,270652,11,4,,1,60,,270653,11,4,,1,35,,270654,11,4,,1
3201,'20261120',1325,,270655,11,4,,1,100,,270656,11,4,,1,105,,270657,11,4,,1,85,,270658,11,4,,1,20,,270659,11,4,,1,15,,270660,11,4,,1,55,,270661,11,4,,1,40,,270663,11,4,,1,55,,270664,11,4,,1,10,,270665,11,4,,1,30,,270667,11,4,,1,60,,270668,11,4,,1,20,,270669,11,4,,1,20,,270670,11,4,,1,60,,270671,11,4,,1,35,,270672,11,4,,1
3201,'20261123',1325,,270673,11,4,,1,100,,270674,11,4,,1,105,,270675,11,4,,1,85,,270676,11,4,,1,20,,270677,11,4,,1,15,,270678,11,4,,1,55,,270679,11,4,,1,40,,270681,11,4,,1,55,,270682,11,4,,1,10,,270683,11,4,,1,30,,270685,11,4,,1,60,,270686,11,4,,1,20,,270687,11,4,,1,20,,270688,11,4,,1,60,,270689,11,4,,1,35,,270690,11,4,,1
3201,'20261124',1325,,270691,11,4,,1,100,,270692,11,4,,1,105,,270693,11,4,,1,85,,270694,11,4,,1,20,,270695,11,4,,1,15,,270696,11,4,,1,55,,270697,11,4,,1,40,,270699,11,4,,1,55,,270700,11,4,,1,10,,270701,11,4,,1,30,,270703,11,4,,1,60,,270704,11,4,,1,20,,270705,11,4,,1,20,,270706,11,4,,1,60,,270707,11,4,,1,35,,270708,11,4,,1
3201,'20261125',1325,,270709,11,4,,1,100,,270710,11,4,,1,105,,270711,11,4,,1,85,,270712,11,4,,1,20,,270713,11,4,,1,15,,270714,11,4,,1,55,,270715,11,4,,1,40,,270717,11,4,,1,55,,270718,11,4,,1,10,,270719,11,4,,1,30,,270721,11,4,,1,60,,270722,11,4,,1,20,,270723,11,4,,1,20,,270724,11,4,,1,60,,270725,11,4,,1,35,,270726,11,4,,1
3201,'20261126',1325,,270727,11,4,,1,100,,270728,11,4,,1,105,,270729,11,4,,1,85,,270730,11,4,,1,20,,270731,11,4,,1,15,,270732,11,4,,1,55,,270733,11,4,,1,40,,270735,11,4,,1,55,,270736,11,4,,1,10,,270737,11,4,,1,30,,270739,11,4,,1,60,,270740,11,4,,1,20,,270741,11,4,,1,20,,270742,11,4,,1,60,,270743,11,4,,1,35,,270744,11,4,,1
3201,'20261127',1325,,270745,11,4,,1,100,,270746,11,4,,1,105,,270747,11,4,,1,85,,270748,11,4,,1,20,,270749,11,4,,1,15,,270750,11,4,,1,55,,270751,11,4,,1,40,,270753,11,4,,1,55,,270754,11,4,,1,10,,270755,11,4,,1,30,,270757,11,4,,1,60,,270758,11,4,,1,20,,270759,11,4,,1,20,,270760,11,4,,1,60,,270761,11,4,,1,35,,270762,11,4,,1
