6101,'20260831',525,,202953,11,,,1,412,,202954,11,,,1,103,,202955,11,,,1,100,,202956,11,,,1,100,,202957,11,,,1,100,,202958,11,,,1
6101,'20260901',525,,202959,11,,,1,412,,202960,11,,,1,103,,202961,11,,,1,100,,202962,11,,,1,100,,202963,11,,,1,100,,202964,11,,,1
6101,'20260902',525,,202965,11,,,1,412,,202966,11,,,1,103,,202967,11,,,1,100,,202968,11,,,1,100,,202969,11,,,1,100,,202970,11,,,1
6101,'20260903',525,,202971,11,,,1,412,,202972,11,,,1,103,,202973,11,,,1,100,,202974,11,,,1,100,,202975,11,,,1,100,,202976,11,,,1
6101,'20260904',525,,202977,11,,,1,412,,202978,11,,,1,103,,202979,11,,,1,100,,202980,11,,,1,100,,202981,11,,,1,100,,202982,11,,,1
6101,'20260908',525,,312459,11,,,1,412,,312460,11,,,1,103,,312461,11,,,1,100,,312462,11,,,1,100,,312463,11,,,1,100,,312464,11,,,1
6101,'20260909',525,,312465,11,,,1,412,,312466,11,,,1,103,,312467,11,,,1,100,,312468,11,,,1,100,,312469,11,,,1,100,,312470,11,,,1
6101,'20260910',525,,312471,11,,,1,412,,312472,11,,,1,103,,312473,11,,,1,100,,312474,11,,,1,100,,312475,11,,,1,100,,312476,11,,,1
6101,'20260911',525,,312477,11,,,1,412,,312478,11,,,1,103,,312479,11,,,1,100,,312480,11,,,1,100,,312481,11,,,1,100,,312482,11,,,1
6101,'20260914',525,,312483,11,,,1,412,,312484,11,,,1,103,,312485,11,,,1,100,,312486,11,,,1,100,,312487,11,,,1,100,,312488,11,,,1
6101,'20260915',525,,312489,11,,,1,412,,312490,11,,,1,103,,312491,11,,,1,100,,312492,11,,,1,100,,312493,11,,,1,100,,312494,11,,,1
6101,'20260916',525,,312495,11,,,1,412,,312496,11,,,1,103,,312497,11,,,1,100,,312498,11,,,1,100,,312499,11,,,1,100,,312500,11,,,1
6101,'20260917',525,,312501,11,,,1,412,,312502,11,,,1,103,,312503,11,,,1,100,,312504,11,,,1,100,,312505,11,,,1,100,,312506,11,,,1
6101,'20260918',525,,312507,11,,,1,412,,312508,11,,,1,103,,312509,11,,,1,100,,312510,11,,,1,100,,312511,11,,,1,100,,312512,11,,,1
6101,'20260921',525,,312513,11,,,1,412,,312514,11,,,1,103,,312515,11,,,1,100,,312516,11,,,1,100,,312517,11,,,1,100,,312518,11,,,1
6101,'20260922',525,,312519,11,,,1,412,,312520,11,,,1,103,,312521,11,,,1,100,,312522,11,,,1,100,,312523,11,,,1,100,,312524,11,,,1
6101,'20260923',525,,312525,11,,,1,412,,312526,11,,,1,103,,312527,11,,,1,100,,312528,11,,,1,100,,312529,11,,,1,100,,312530,11,,,1
6101,'20260924',525,,312531,11,,,1,412,,312532,11,,,1,103,,312533,11,,,1,100,,312534,11,,,1,100,,312535,11,,,1,100,,312536,11,,,1
6101,'20260925',525,,312537,11,,,1,412,,312538,11,,,1,103,,312539,11,,,1,100,,312540,11,,,1,100,,312541,11,,,1,100,,312542,11,,,1
6101,'20260928',525,,312543,11,,,1,412,,312544,11,,,1,103,,312545,11,,,1,100,,312546,11,,,1,100,,312547,11,,,1,100,,312548,11,,,1
6101,'20260929',525,,312549,11,,,1,412,,312550,11,,,1,103,,312551,11,,,1,100,,312552,11,,,1,100,,312553,11,,,1,100,,312554,11,,,1
6101,'20260930',525,,312555,11,,,1,412,,312556,11,,,1,103,,312557,11,,,1,100,,312558,11,,,1,100,,312559,11,,,1,100,,312560,11,,,1
6101,'20261001',525,,312561,11,,,1,412,,312562,11,,,1,103,,312563,11,,,1,100,,312564,11,,,1,100,,312565,11,,,1,100,,312566,11,,,1
6101,'20261002',525,,312567,11,,,1,412,,312568,11,,,1,103,,312569,11,,,1,100,,312570,11,,,1,100,,312571,11,,,1,100,,312572,11,,,1
6101,'20261005',525,,312573,11,,,1,412,,312574,11,,,1,103,,312575,11,,,1,100,,312576,11,,,1,100,,312577,11,,,1,100,,312578,11,,,1
6101,'20261006',525,,312579,11,,,1,412,,312580,11,,,1,103,,312581,11,,,1,100,,312582,11,,,1,100,,312583,11,,,1,100,,312584,11,,,1
6101,'20261007',525,,312585,11,,,1,412,,312586,11,,,1,103,,312587,11,,,1,100,,312588,11,,,1,100,,312589,11,,,1,100,,312590,11,,,1
6101,'20261008',525,,312591,11,,,1,412,,312592,11,,,1,103,,312593,11,,,1,100,,312594,11,,,1,100,,312595,11,,,1,100,,312596,11,,,1
6101,'20261009',525,,312597,11,,,1,412,,312598,11,,,1,103,,312599,11,,,1,100,,312600,11,,,1,100,,312601,11,,,1,100,,312602,11,,,1
6101,'20261013',525,,312603,11,,,1,412,,312604,11,,,1,103,,312605,11,,,1,100,,312606,11,,,1,100,,312607,11,,,1,100,,312608,11,,,1
6101,'20261014',525,,312609,11,,,1,412,,312610,11,,,1,103,,312611,11,,,1,100,,312612,11,,,1,100,,312613,11,,,1,100,,312614,11,,,1
6101,'20261015',525,,312615,11,,,1,412,,312616,11,,,1,103,,312617,11,,,1,100,,312618,11,,,1,100,,312619,11,,,1,100,,312620,11,,,1
6101,'20261016',525,,312621,11,,,1,412,,312622,11,,,1,103,,312623,11,,,1,100,,312624,11,,,1,100,,312625,11,,,1,100,,312626,11,,,1
6101,'20261019',525,,312627,11,,,1,412,,312628,11,,,1,103,,312629,11,,,1,100,,312630,11,,,1,100,,312631,11,,,1,100,,312632,11,,,1
6101,'20261020',525,,312633,11,,,1,412,,312634,11,,,1,103,,312635,11,,,1,100,,312636,11,,,1,100,,312637,11,,,1,100,,312638,11,,,1
6101,'20261021',525,,312639,11,,,1,412,,312640,11,,,1,103,,312641,11,,,1,100,,312642,11,,,1,100,,312643,11,,,1,100,,312644,11,,,1
6101,'20261022',525,,312645,11,,,1,412,,312646,11,,,1,103,,312647,11,,,1,100,,312648,11,,,1,100,,312649,11,,,1,100,,312650,11,,,1
6101,'20261023',525,,312651,11,,,1,412,,312652,11,,,1,103,,312653,11,,,1,100,,312654,11,,,1,100,,312655,11,,,1,100,,312656,11,,,1
6101,'20261026',525,,312657,11,,,1,412,,312658,11,,,1,103,,312659,11,,,1,100,,312660,11,,,1,100,,312661,11,,,1,100,,312662,11,,,1
6101,'20261027',525,,312663,11,,,1,412,,312664,11,,,1,103,,312665,11,,,1,100,,312666,11,,,1,100,,312667,11,,,1,100,,312668,11,,,1
6101,'20261028',525,,312669,11,,,1,412,,312670,11,,,1,103,,312671,11,,,1,100,,312672,11,,,1,100,,312673,11,,,1,100,,312674,11,,,1
6101,'20261029',525,,312675,11,,,1,412,,312676,11,,,1,103,,312677,11,,,1,100,,312678,11,,,1,100,,312679,11,,,1,100,,312680,11,,,1
6101,'20261030',525,,312681,11,,,1,412,,312682,11,,,1,103,,312683,11,,,1,100,,312684,11,,,1,100,,312685,11,,,1,100,,312686,11,,,1
6101,'20261102',525,,312687,11,,,1,412,,312688,11,,,1,103,,312689,11,,,1,100,,312690,11,,,1,100,,312691,11,,,1,100,,312692,11,,,1
6101,'20261103',525,,312693,11,,,1,412,,312694,11,,,1,103,,312695,11,,,1,100,,312696,11,,,1,100,,312697,11,,,1,100,,312698,11,,,1
6101,'20261104',525,,312699,11,,,1,412,,312700,11,,,1,103,,312701,11,,,1,100,,312702,11,,,1,100,,312703,11,,,1,100,,312704,11,,,1
6101,'20261105',525,,312705,11,,,1,412,,312706,11,,,1,103,,312707,11,,,1,100,,312708,11,,,1,100,,312709,11,,,1,100,,312710,11,,,1
6101,'20261106',525,,312711,11,,,1,412,,312712,11,,,1,103,,312713,11,,,1,100,,312714,11,,,1,100,,312715,11,,,1,100,,312716,11,,,1
6101,'20261109',525,,312717,11,,,1,412,,312718,11,,,1,103,,312719,11,,,1,100,,312720,11,,,1,100,,312721,11,,,1,100,,312722,11,,,1
6101,'20261110',525,,312723,11,,,1,412,,312724,11,,,1,103,,312725,11,,,1,100,,312726,11,,,1,100,,312727,11,,,1,100,,312728,11,,,1
6101,'20261111',525,,312729,11,,,1,412,,312730,11,,,1,103,,312731,11,,,1,100,,312732,11,,,1,100,,312733,11,,,1,100,,312734,11,,,1
6101,'20261112',525,,312735,11,,,1,412,,312736,11,,,1,103,,312737,11,,,1,100,,312738,11,,,1,100,,312739,11,,,1,100,,312740,11,,,1
6101,'20261113',525,,312741,11,,,1,412,,312742,11,,,1,103,,312743,11,,,1,100,,312744,11,,,1,100,,312745,11,,,1,100,,312746,11,,,1
6101,'20261116',525,,312747,11,,,1,412,,312748,11,,,1,103,,312749,11,,,1,100,,312750,11,,,1,100,,312751,11,,,1,100,,312752,11,,,1
6101,'20261117',525,,312753,11,,,1,412,,312754,11,,,1,103,,312755,11,,,1,100,,312756,11,,,1,100,,312757,11,,,1,100,,312758,11,,,1
6101,'20261118',525,,312759,11,,,1,412,,312760,11,,,1,103,,312761,11,,,1,100,,312762,11,,,1,100,,312763,11,,,1,100,,312764,11,,,1
6101,'20261119',525,,312765,11,,,1,412,,312766,11,,,1,103,,312767,11,,,1,100,,312768,11,,,1,100,,312769,11,,,1,100,,312770,11,,,1
6101,'20261120',525,,312771,11,,,1,412,,312772,11,,,1,103,,312773,11,,,1,100,,312774,11,,,1,100,,312775,11,,,1,100,,312776,11,,,1
6101,'20261123',525,,312777,11,,,1,412,,312778,11,,,1,103,,312779,11,,,1,100,,312780,11,,,1,100,,312781,11,,,1,100,,312782,11,,,1
6101,'20261124',525,,312783,11,,,1,412,,312784,11,,,1,103,,312785,11,,,1,100,,312786,11,,,1,100,,312787,11,,,1,100,,312788,11,,,1
6101,'20261125',525,,312789,11,,,1,412,,312790,11,,,1,103,,312791,11,,,1,100,,312792,11,,,1,100,,312793,11,,,1,100,,312794,11,,,1
6101,'20261126',525,,312795,11,,,1,412,,312796,11,,,1,103,,312797,11,,,1,100,,312798,11,,,1,100,,312799,11,,,1,100,,312800,11,,,1
6101,'20261127',525,,312801,11,,,1,412,,312802,11,,,1,103,,312803,11,,,1,100,,312804,11,,,1,100,,312805,11,,,1,100,,312806,11,,,1
