6700,'20260917',1715,,314728,18,4,,1,130,,314729,18,4,,1,100,,314730,18,4,,1
6700,'20260918',1715,,314731,18,4,,1,130,,314732,18,4,,1,100,,314733,18,4,,1
6700,'20260921',1715,,314734,18,4,,1,130,,314735,18,4,,1,100,,314736,18,4,,1
6700,'20260922',1715,,314737,18,4,,1,130,,314738,18,4,,1,100,,314739,18,4,,1
6700,'20260923',1715,,314740,18,4,,1,130,,314741,18,4,,1,100,,314742,18,4,,1
6700,'20260924',1715,,314743,18,4,,1,130,,314744,18,4,,1,100,,314745,18,4,,1
6700,'20260925',1715,,314746,18,4,,1,130,,314747,18,4,,1,100,,314748,18,4,,1
6700,'20260928',1715,,314749,18,4,,1,130,,314750,18,4,,1,100,,314751,18,4,,1
6700,'20260929',1715,,314752,18,4,,1,130,,314753,18,4,,1,100,,314754,18,4,,1
6700,'20260930',1715,,314755,18,4,,1,130,,314756,18,4,,1,100,,314757,18,4,,1
6700,'20261001',1715,,314758,18,4,,1,130,,314759,18,4,,1,100,,314760,18,4,,1
6700,'20261002',1715,,314761,18,4,,1,130,,314762,18,4,,1,100,,314763,18,4,,1
6700,'20261005',1715,,314764,18,4,,1,130,,314765,18,4,,1,100,,314766,18,4,,1
6700,'20261006',1715,,314767,18,4,,1,130,,314768,18,4,,1,100,,314769,18,4,,1
6700,'20261007',1715,,314770,18,4,,1,130,,314771,18,4,,1,100,,314772,18,4,,1
6700,'20261008',1715,,314773,18,4,,1,130,,314774,18,4,,1,100,,314775,18,4,,1
6700,'20261009',1715,,314776,18,4,,1,130,,314777,18,4,,1,100,,314778,18,4,,1
6700,'20261013',1715,,314779,18,4,,1,130,,314780,18,4,,1,100,,314781,18,4,,1
6700,'20261014',1715,,314782,18,4,,1,130,,314783,18,4,,1,100,,314784,18,4,,1
6700,'20261015',1715,,314785,18,4,,1,130,,314786,18,4,,1,100,,314787,18,4,,1
6700,'20261016',1715,,314788,18,4,,1,130,,314789,18,4,,1,100,,314790,18,4,,1
6700,'20261019',1715,,314791,18,4,,1,130,,314792,18,4,,1,100,,314793,18,4,,1
6700,'20261020',1715,,314794,18,4,,1,130,,314795,18,4,,1,100,,314796,18,4,,1
6700,'20261021',1715,,314797,18,4,,1,130,,314798,18,4,,1,100,,314799,18,4,,1
6700,'20261022',1715,,314800,18,4,,1,130,,314801,18,4,,1,100,,314802,18,4,,1
6700,'20261023',1715,,314803,18,4,,1,130,,314804,18,4,,1,100,,314805,18,4,,1
6700,'20261026',1715,,314806,18,4,,1,130,,314807,18,4,,1,100,,314808,18,4,,1
6700,'20261027',1715,,314809,18,4,,1,130,,314810,18,4,,1,100,,314811,18,4,,1
6700,'20261028',1715,,314812,18,4,,1,130,,314813,18,4,,1,100,,314814,18,4,,1
6700,'20261029',1715,,314815,18,4,,1,130,,314816,18,4,,1,100,,314817,18,4,,1
6700,'20261030',1715,,314818,18,4,,1,130,,314819,18,4,,1,100,,314820,18,4,,1
6700,'20261102',1715,,314821,18,4,,1,130,,314822,18,4,,1,100,,314823,18,4,,1
6700,'20261103',1715,,314824,18,4,,1,130,,314825,18,4,,1,100,,314826,18,4,,1
6700,'20261104',1715,,314827,18,4,,1,130,,314828,18,4,,1,100,,314829,18,4,,1
6700,'20261105',1715,,314830,18,4,,1,130,,314831,18,4,,1,100,,314832,18,4,,1
6700,'20261106',1715,,314833,18,4,,1,130,,314834,18,4,,1,100,,314835,18,4,,1
6700,'20261109',1715,,314836,18,4,,1,130,,314837,18,4,,1,100,,314838,18,4,,1
6700,'20261110',1715,,314839,18,4,,1,130,,314840,18,4,,1,100,,314841,18,4,,1
6700,'20261111',1715,,314842,18,4,,1,130,,314843,18,4,,1,100,,314844,18,4,,1
6700,'20261112',1715,,314845,18,4,,1,130,,314846,18,4,,1,100,,314847,18,4,,1
6700,'20261113',1715,,314848,18,4,,1,130,,314849,18,4,,1,100,,314850,18,4,,1
6700,'20261116',1715,,314851,18,4,,1,130,,314852,18,4,,1,100,,314853,18,4,,1
6700,'20261117',1715,,314854,18,4,,1,130,,314855,18,4,,1,100,,314856,18,4,,1
6700,'20261118',1715,,314857,18,4,,1,130,,314858,18,4,,1,100,,314859,18,4,,1
6700,'20261119',1715,,314860,18,4,,1,130,,314861,18,4,,1,100,,314862,18,4,,1
6700,'20261120',1715,,314863,18,4,,1,130,,314864,18,4,,1,100,,314865,18,4,,1
6700,'20261123',1715,,314866,18,4,,1,130,,314867,18,4,,1,100,,314868,18,4,,1
6700,'20261124',1715,,314869,18,4,,1,130,,314870,18,4,,1,100,,314871,18,4,,1
6700,'20261125',1715,,314872,18,4,,1,130,,314873,18,4,,1,100,,314874,18,4,,1
6700,'20261126',1715,,314875,18,4,,1,130,,314876,18,4,,1,100,,314877,18,4,,1
6700,'20261127',1715,,314878,18,4,,1,130,,314879,18,4,,1,100,,314880,18,4,,1
6701,'20260917',555,,314909,1,,,1,70,,314910,1,,,1,80,,314911,1,,,1,40,,314912,1,,,1
6701,'20260918',555,,314913,1,,,1,70,,314914,1,,,1,80,,314915,1,,,1,40,,314916,1,,,1
6701,'20260921',555,,314917,1,,,1,70,,314918,1,,,1,80,,314919,1,,,1,40,,314920,1,,,1
6701,'20260922',555,,314921,1,,,1,70,,314922,1,,,1,80,,314923,1,,,1,40,,314924,1,,,1
6701,'20260923',555,,314925,1,,,1,70,,314926,1,,,1,80,,314927,1,,,1,40,,314928,1,,,1
6701,'20260924',555,,314929,1,,,1,70,,314930,1,,,1,80,,314931,1,,,1,40,,314932,1,,,1
6701,'20260925',555,,314933,1,,,1,70,,314934,1,,,1,80,,314935,1,,,1,40,,314936,1,,,1
6701,'20260928',555,,314937,1,,,1,70,,314938,1,,,1,80,,314939,1,,,1,40,,314940,1,,,1
6701,'20260929',555,,314941,1,,,1,70,,314942,1,,,1,80,,314943,1,,,1,40,,314944,1,,,1
6701,'20260930',555,,314945,1,,,1,70,,314946,1,,,1,80,,314947,1,,,1,40,,314948,1,,,1
6701,'20261001',555,,314949,1,,,1,70,,314950,1,,,1,80,,314951,1,,,1,40,,314952,1,,,1
6701,'20261002',555,,314953,1,,,1,70,,314954,1,,,1,80,,314955,1,,,1,40,,314956,1,,,1
6701,'20261005',555,,314957,1,,,1,70,,314958,1,,,1,80,,314959,1,,,1,40,,314960,1,,,1
6701,'20261006',555,,314961,1,,,1,70,,314962,1,,,1,80,,314963,1,,,1,40,,314964,1,,,1
6701,'20261007',555,,314965,1,,,1,70,,314966,1,,,1,80,,314967,1,,,1,40,,314968,1,,,1
6701,'20261008',555,,314969,1,,,1,70,,314970,1,,,1,80,,314971,1,,,1,40,,314972,1,,,1
6701,'20261009',555,,314973,1,,,1,70,,314974,1,,,1,80,,314975,1,,,1,40,,314976,1,,,1
6701,'20261013',555,,314977,1,,,1,70,,314978,1,,,1,80,,314979,1,,,1,40,,314980,1,,,1
6701,'20261014',555,,314981,1,,,1,70,,314982,1,,,1,80,,314983,1,,,1,40,,314984,1,,,1
6701,'20261015',555,,314985,1,,,1,70,,314986,1,,,1,80,,314987,1,,,1,40,,314988,1,,,1
6701,'20261016',555,,314989,1,,,1,70,,314990,1,,,1,80,,314991,1,,,1,40,,314992,1,,,1
6701,'20261019',555,,314993,1,,,1,70,,314994,1,,,1,80,,314995,1,,,1,40,,314996,1,,,1
6701,'20261020',555,,314997,1,,,1,70,,314998,1,,,1,80,,314999,1,,,1,40,,315000,1,,,1
6701,'20261021',555,,315001,1,,,1,70,,315002,1,,,1,80,,315003,1,,,1,40,,315004,1,,,1
6701,'20261022',555,,315005,1,,,1,70,,315006,1,,,1,80,,315007,1,,,1,40,,315008,1,,,1
6701,'20261023',555,,315009,1,,,1,70,,315010,1,,,1,80,,315011,1,,,1,40,,315012,1,,,1
6701,'20261026',555,,315013,1,,,1,70,,315014,1,,,1,80,,315015,1,,,1,40,,315016,1,,,1
6701,'20261027',555,,315017,1,,,1,70,,315018,1,,,1,80,,315019,1,,,1,40,,315020,1,,,1
6701,'20261028',555,,315021,1,,,1,70,,315022,1,,,1,80,,315023,1,,,1,40,,315024,1,,,1
6701,'20261029',555,,315025,1,,,1,70,,315026,1,,,1,80,,315027,1,,,1,40,,315028,1,,,1
6701,'20261030',555,,315029,1,,,1,70,,315030,1,,,1,80,,315031,1,,,1,40,,315032,1,,,1
6701,'20261102',555,,315033,1,,,1,70,,315034,1,,,1,80,,315035,1,,,1,40,,315036,1,,,1
6701,'20261103',555,,315037,1,,,1,70,,315038,1,,,1,80,,315039,1,,,1,40,,315040,1,,,1
6701,'20261104',555,,315041,1,,,1,70,,315042,1,,,1,80,,315043,1,,,1,40,,315044,1,,,1
6701,'20261105',555,,315045,1,,,1,70,,315046,1,,,1,80,,315047,1,,,1,40,,315048,1,,,1
6701,'20261106',555,,315049,1,,,1,70,,315050,1,,,1,80,,315051,1,,,1,40,,315052,1,,,1
6701,'20261109',555,,315053,1,,,1,70,,315054,1,,,1,80,,315055,1,,,1,40,,315056,1,,,1
6701,'20261110',555,,315057,1,,,1,70,,315058,1,,,1,80,,315059,1,,,1,40,,315060,1,,,1
6701,'20261111',555,,315061,1,,,1,70,,315062,1,,,1,80,,315063,1,,,1,40,,315064,1,,,1
6701,'20261112',555,,315065,1,,,1,70,,315066,1,,,1,80,,315067,1,,,1,40,,315068,1,,,1
6701,'20261113',555,,315069,1,,,1,70,,315070,1,,,1,80,,315071,1,,,1,40,,315072,1,,,1
6701,'20261116',555,,315073,1,,,1,70,,315074,1,,,1,80,,315075,1,,,1,40,,315076,1,,,1
6701,'20261117',555,,315077,1,,,1,70,,315078,1,,,1,80,,315079,1,,,1,40,,315080,1,,,1
6701,'20261118',555,,315081,1,,,1,70,,315082,1,,,1,80,,315083,1,,,1,40,,315084,1,,,1
6701,'20261119',555,,315085,1,,,1,70,,315086,1,,,1,80,,315087,1,,,1,40,,315088,1,,,1
6701,'20261120',555,,315089,1,,,1,70,,315090,1,,,1,80,,315091,1,,,1,40,,315092,1,,,1
6701,'20261123',555,,315093,1,,,1,70,,315094,1,,,1,80,,315095,1,,,1,40,,315096,1,,,1
6701,'20261124',555,,315097,1,,,1,70,,315098,1,,,1,80,,315099,1,,,1,40,,315100,1,,,1
6701,'20261125',555,,315101,1,,,1,70,,315102,1,,,1,80,,315103,1,,,1,40,,315104,1,,,1
6701,'20261126',555,,315105,1,,,1,70,,315106,1,,,1,80,,315107,1,,,1,40,,315108,1,,,1
6701,'20261127',555,,315109,1,,,1,70,,315110,1,,,1,80,,315111,1,,,1,40,,315112,1,,,1
