3100,'20260831',1459,,165022,5,0,5 18 9,1,100,,165023,5,0,5 18 9,1,73,,165024,5,0,5 18 9,1
3100,'20260901',1459,,165030,5,0,5 18 9,1,100,,165031,5,0,5 18 9,1,73,,165032,5,0,5 18 9,1
3100,'20260902',1459,,165038,5,0,5 18 9,1,100,,165039,5,0,5 18 9,1,73,,165040,5,0,5 18 9,1
3100,'20260903',1459,,165046,5,0,5 18 9,1,100,,165047,5,0,5 18 9,1,73,,165048,5,0,5 18 9,1
3100,'20260904',1459,,165054,5,0,5 18 9,1,100,,165055,5,0,5 18 9,1,73,,165056,5,0,5 18 9,1
3100,'20260908',1459,,266853,5,0,5 18 9,1,100,,266854,5,0,5 18 9,1,73,,266855,5,0,5 18 9,1
3100,'20260909',1459,,266861,5,0,5 18 9,1,100,,266862,5,0,5 18 9,1,73,,266863,5,0,5 18 9,1
3100,'20260910',1459,,266869,5,0,5 18 9,1,100,,266870,5,0,5 18 9,1,73,,266871,5,0,5 18 9,1
3100,'20260911',1459,,266877,5,0,5 18 9,1,100,,266878,5,0,5 18 9,1,73,,266879,5,0,5 18 9,1
3100,'20260912',706,,266889,8,0,71 20 39,1,735,,266890,8,0,71 20 39,1,305,,266891,8,0,71 20 39,1,5,,266892,8,0,71 20 39,1
3100,'20260913',706,,266902,8,0,71 20 39,1,735,,266903,8,0,71 20 39,1,305,,266904,8,0,71 20 39,1,5,,266905,8,0,71 20 39,1
3100,'20260914',1459,,266911,5,0,5 18 9,1,100,,266912,5,0,5 18 9,1,73,,266913,5,0,5 18 9,1
3100,'20260915',1459,,266919,5,0,5 18 9,1,100,,266920,5,0,5 18 9,1,73,,266921,5,0,5 18 9,1
3100,'20260916',1459,,266927,5,0,5 18 9,1,100,,266928,5,0,5 18 9,1,73,,266929,5,0,5 18 9,1
3100,'20260917',1459,,266935,5,0,5 18 9,1,100,,266936,5,0,5 18 9,1,73,,266937,5,0,5 18 9,1
3100,'20260918',1459,,266943,5,0,5 18 9,1,100,,266944,5,0,5 18 9,1,73,,266945,5,0,5 18 9,1
3100,'20260919',706,,266955,8,0,71 20 39,1,735,,266956,8,0,71 20 39,1,305,,266957,8,0,71 20 39,1,5,,266958,8,0,71 20 39,1
3100,'20260920',706,,266968,8,0,71 20 39,1,735,,266969,8,0,71 20 39,1,305,,266970,8,0,71 20 39,1,5,,266971,8,0,71 20 39,1
3100,'20260921',1459,,266977,5,0,5 18 9,1,100,,266978,5,0,5 18 9,1,73,,266979,5,0,5 18 9,1
3100,'20260922',1459,,266985,5,0,5 18 9,1,100,,266986,5,0,5 18 9,1,73,,266987,5,0,5 18 9,1
3100,'20260923',1459,,266993,5,0,5 18 9,1,100,,266994,5,0,5 18 9,1,73,,266995,5,0,5 18 9,1
3100,'20260924',1459,,267001,5,0,5 18 9,1,100,,267002,5,0,5 18 9,1,73,,267003,5,0,5 18 9,1
3100,'20260925',1459,,267009,5,0,5 18 9,1,100,,267010,5,0,5 18 9,1,73,,267011,5,0,5 18 9,1
3100,'20260928',1459,,267035,5,0,5 18 9,1,100,,267036,5,0,5 18 9,1,73,,267037,5,0,5 18 9,1
3100,'20260929',1459,,267043,5,0,5 18 9,1,100,,267044,5,0,5 18 9,1,73,,267045,5,0,5 18 9,1
3100,'20260930',1459,,267051,5,0,5 18 9,1,100,,267052,5,0,5 18 9,1,73,,267053,5,0,5 18 9,1
3100,'20261001',1459,,267059,5,0,5 18 9,1,100,,267060,5,0,5 18 9,1,73,,267061,5,0,5 18 9,1
3100,'20261002',1459,,267067,5,0,5 18 9,1,100,,267068,5,0,5 18 9,1,73,,267069,5,0,5 18 9,1
3100,'20261005',1459,,267093,5,0,5 18 9,1,100,,267094,5,0,5 18 9,1,73,,267095,5,0,5 18 9,1
3100,'20261006',1459,,267101,5,0,5 18 9,1,100,,267102,5,0,5 18 9,1,73,,267103,5,0,5 18 9,1
3100,'20261007',1459,,267109,5,0,5 18 9,1,100,,267110,5,0,5 18 9,1,73,,267111,5,0,5 18 9,1
3100,'20261008',1459,,267117,5,0,5 18 9,1,100,,267118,5,0,5 18 9,1,73,,267119,5,0,5 18 9,1
3100,'20261009',1459,,267125,5,0,5 18 9,1,100,,267126,5,0,5 18 9,1,73,,267127,5,0,5 18 9,1
3100,'20261013',1459,,267160,5,0,5 18 9,1,100,,267161,5,0,5 18 9,1,73,,267162,5,0,5 18 9,1
3100,'20261014',1459,,267168,5,0,5 18 9,1,100,,267169,5,0,5 18 9,1,73,,267170,5,0,5 18 9,1
3100,'20261015',1459,,267176,5,0,5 18 9,1,100,,267177,5,0,5 18 9,1,73,,267178,5,0,5 18 9,1
3100,'20261016',1459,,267184,5,0,5 18 9,1,100,,267185,5,0,5 18 9,1,73,,267186,5,0,5 18 9,1
3100,'20261019',1459,,267210,5,0,5 18 9,1,100,,267211,5,0,5 18 9,1,73,,267212,5,0,5 18 9,1
3100,'20261020',1459,,267218,5,0,5 18 9,1,100,,267219,5,0,5 18 9,1,73,,267220,5,0,5 18 9,1
3100,'20261021',1459,,267226,5,0,5 18 9,1,100,,267227,5,0,5 18 9,1,73,,267228,5,0,5 18 9,1
3100,'20261022',1459,,267234,5,0,5 18 9,1,100,,267235,5,0,5 18 9,1,73,,267236,5,0,5 18 9,1
3100,'20261023',1459,,267242,5,0,5 18 9,1,100,,267243,5,0,5 18 9,1,73,,267244,5,0,5 18 9,1
3100,'20261026',1459,,267268,5,0,5 18 9,1,100,,267269,5,0,5 18 9,1,73,,267270,5,0,5 18 9,1
3100,'20261027',1459,,267276,5,0,5 18 9,1,100,,267277,5,0,5 18 9,1,73,,267278,5,0,5 18 9,1
3100,'20261028',1459,,267284,5,0,5 18 9,1,100,,267285,5,0,5 18 9,1,73,,267286,5,0,5 18 9,1
3100,'20261029',1459,,267292,5,0,5 18 9,1,100,,267293,5,0,5 18 9,1,73,,267294,5,0,5 18 9,1
3100,'20261030',1459,,267300,5,0,5 18 9,1,100,,267301,5,0,5 18 9,1,73,,267302,5,0,5 18 9,1
3100,'20261102',1459,,267326,5,0,5 18 9,1,100,,267327,5,0,5 18 9,1,73,,267328,5,0,5 18 9,1
3100,'20261103',1459,,267334,5,0,5 18 9,1,100,,267335,5,0,5 18 9,1,73,,267336,5,0,5 18 9,1
3100,'20261104',1459,,267342,5,0,5 18 9,1,100,,267343,5,0,5 18 9,1,73,,267344,5,0,5 18 9,1
3100,'20261105',1459,,267350,5,0,5 18 9,1,100,,267351,5,0,5 18 9,1,73,,267352,5,0,5 18 9,1
3100,'20261106',1459,,267358,5,0,5 18 9,1,100,,267359,5,0,5 18 9,1,73,,267360,5,0,5 18 9,1
3100,'20261109',1459,,267384,5,0,5 18 9,1,100,,267385,5,0,5 18 9,1,73,,267386,5,0,5 18 9,1
3100,'20261110',1459,,267392,5,0,5 18 9,1,100,,267393,5,0,5 18 9,1,73,,267394,5,0,5 18 9,1
3100,'20261111',1459,,267400,5,0,5 18 9,1,100,,267401,5,0,5 18 9,1,73,,267402,5,0,5 18 9,1
3100,'20261112',1459,,267408,5,0,5 18 9,1,100,,267409,5,0,5 18 9,1,73,,267410,5,0,5 18 9,1
3100,'20261113',1459,,267416,5,0,5 18 9,1,100,,267417,5,0,5 18 9,1,73,,267418,5,0,5 18 9,1
3100,'20261116',1459,,267442,5,0,5 18 9,1,100,,267443,5,0,5 18 9,1,73,,267444,5,0,5 18 9,1
3100,'20261117',1459,,267450,5,0,5 18 9,1,100,,267451,5,0,5 18 9,1,73,,267452,5,0,5 18 9,1
3100,'20261118',1459,,267458,5,0,5 18 9,1,100,,267459,5,0,5 18 9,1,73,,267460,5,0,5 18 9,1
3100,'20261119',1459,,267466,5,0,5 18 9,1,100,,267467,5,0,5 18 9,1,73,,267468,5,0,5 18 9,1
3100,'20261120',1459,,267474,5,0,5 18 9,1,100,,267475,5,0,5 18 9,1,73,,267476,5,0,5 18 9,1
3100,'20261123',1459,,267500,5,0,5 18 9,1,100,,267501,5,0,5 18 9,1,73,,267502,5,0,5 18 9,1
3100,'20261124',1459,,267508,5,0,5 18 9,1,100,,267509,5,0,5 18 9,1,73,,267510,5,0,5 18 9,1
3100,'20261125',1459,,267516,5,0,5 18 9,1,100,,267517,5,0,5 18 9,1,73,,267518,5,0,5 18 9,1
3100,'20261126',1459,,267524,5,0,5 18 9,1,100,,267525,5,0,5 18 9,1,73,,267526,5,0,5 18 9,1
3100,'20261127',1459,,267532,5,0,5 18 9,1,100,,267533,5,0,5 18 9,1,73,,267534,5,0,5 18 9,1
3300,'20260831',553,,170407,5,,,1,185,,170411,5,,,1,186,,170414,5,0,57 14 15 9,1,200,,170417,5,0,57 14 15 9,1,200,,170420,5,0,57 14 15 9,1,95,,170422,5,0,57 14 15 9,1,290,,170427,5,,,1,116,,170428,5,0,57 14 15 9,1,200,,170432,5,0,57 14 15 9,1
3300,'20260901',553,,170442,5,,,1,185,,170446,5,,,1,186,,170449,5,0,57 14 15 9,1,200,,170452,5,0,57 14 15 9,1,200,,170455,5,0,57 14 15 9,1,95,,170457,5,0,57 14 15 9,1,290,,170462,5,,,1,116,,170463,5,0,57 14 15 9,1,200,,170467,5,0,57 14 15 9,1
3300,'20260902',553,,170477,5,,,1,185,,170481,5,,,1,186,,170484,5,0,57 14 15 9,1,200,,170487,5,0,57 14 15 9,1,200,,170490,5,0,57 14 15 9,1,95,,170492,5,0,57 14 15 9,1,290,,170497,5,,,1,116,,170498,5,0,57 14 15 9,1,200,,170502,5,0,57 14 15 9,1
3300,'20260903',553,,170512,5,,,1,185,,170516,5,,,1,186,,170519,5,0,57 14 15 9,1,200,,170522,5,0,57 14 15 9,1,200,,170525,5,0,57 14 15 9,1,95,,170527,5,0,57 14 15 9,1,290,,170532,5,,,1,116,,170533,5,0,57 14 15 9,1,200,,170537,5,0,57 14 15 9,1
3300,'20260904',553,,170547,5,,,1,185,,170551,5,,,1,186,,170554,5,0,57 14 15 9,1,200,,170557,5,0,57 14 15 9,1,200,,170560,5,0,57 14 15 9,1,95,,170562,5,0,57 14 15 9,1,290,,170567,5,,,1,116,,170568,5,0,57 14 15 9,1,200,,170572,5,0,57 14 15 9,1
3300,'20260905',628,,270763,5,,,1,195,,270764,5,,,1,97,,270765,5,0,57 14 15 9,1,100,,270766,5,,,1,200,,270767,5,,,1,200,,270768,5,,,1,200,,270769,5,,,1,205,,270771,5,,,1,200,,270772,5,,,1
3300,'20260906',628,,270774,5,,,1,195,,270775,5,,,1,97,,270776,5,0,57 14 15 9,1,100,,270777,5,,,1,200,,270778,5,,,1,200,,270779,5,,,1,200,,270780,5,,,1,205,,270782,5,,,1,200,,270783,5,,,1
3300,'20260907',628,,270785,5,,,1,195,,270786,5,,,1,97,,270787,5,0,57 14 15 9,1,100,,270788,5,,,1,200,,270789,5,,,1,200,,270790,5,,,1,200,,270791,5,,,1,205,,270793,5,,,1,200,,270794,5,,,1
3300,'20260908',553,,270803,5,,,1,185,,270807,5,,,1,186,,270810,5,0,57 14 15 9,1,200,,270813,5,0,57 14 15 9,1,200,,270816,5,0,57 14 15 9,1,95,,270818,5,0,57 14 15 9,1,290,,270823,5,,,1,40,,270824,5,,,1,76,,270825,5,0,57 14 15 9,1,100,,270827,5,0,57 14 15 9,1,100,,270829,5,0,57 14 15 9,1
3300,'20260909',553,,270839,5,,,1,185,,270843,5,,,1,186,,270846,5,0,57 14 15 9,1,200,,270849,5,0,57 14 15 9,1,200,,270852,5,0,57 14 15 9,1,95,,270854,5,0,57 14 15 9,1,290,,270859,5,,,1,40,,270860,5,,,1,76,,270861,5,0,57 14 15 9,1,100,,270863,5,0,57 14 15 9,1,100,,270865,5,0,57 14 15 9,1
3300,'20260910',553,,270875,5,,,1,185,,270879,5,,,1,186,,270882,5,0,57 14 15 9,1,200,,270885,5,0,57 14 15 9,1,200,,270888,5,0,57 14 15 9,1,95,,270890,5,0,57 14 15 9,1,290,,270895,5,,,1,40,,270896,5,,,1,76,,270897,5,0,57 14 15 9,1,100,,270899,5,0,57 14 15 9,1,100,,270901,5,0,57 14 15 9,1
3300,'20260911',553,,270911,5,,,1,185,,270915,5,,,1,186,,270918,5,0,57 14 15 9,1,200,,270921,5,0,57 14 15 9,1,200,,270924,5,0,57 14 15 9,1,95,,270926,5,0,57 14 15 9,1,290,,270931,5,,,1,40,,270932,5,,,1,76,,270933,5,0,57 14 15 9,1,100,,270935,5,0,57 14 15 9,1,100,,270937,5,0,57 14 15 9,1
3300,'20260912',628,,270940,5,,,1,195,,270941,5,,,1,97,,270942,5,0,57 14 15 9,1,100,,270943,5,,,1,200,,270944,5,,,1,200,,270945,5,,,1,200,,270946,5,,,1,205,,270948,5,,,1,200,,270949,5,,,1
3300,'20260913',628,,270951,5,,,1,195,,270952,5,,,1,97,,270953,5,0,57 14 15 9,1,100,,270954,5,,,1,200,,270955,5,,,1,200,,270956,5,,,1,200,,270957,5,,,1,205,,270959,5,,,1,200,,270960,5,,,1
3300,'20260914',553,,270969,5,,,1,185,,270973,5,,,1,186,,270976,5,0,57 14 15 9,1,200,,270979,5,0,57 14 15 9,1,200,,270982,5,0,57 14 15 9,1,95,,270984,5,0,57 14 15 9,1,290,,270989,5,,,1,40,,270990,5,,,1,76,,270991,5,0,57 14 15 9,1,100,,270993,5,0,57 14 15 9,1,100,,270995,5,0,57 14 15 9,1
3300,'20260915',553,,271005,5,,,1,185,,271009,5,,,1,186,,271012,5,0,57 14 15 9,1,200,,271015,5,0,57 14 15 9,1,200,,271018,5,0,57 14 15 9,1,95,,271020,5,0,57 14 15 9,1,290,,271025,5,,,1,40,,271026,5,,,1,76,,271027,5,0,57 14 15 9,1,100,,271029,5,0,57 14 15 9,1,100,,271031,5,0,57 14 15 9,1
3300,'20260916',553,,271041,5,,,1,185,,271045,5,,,1,186,,271048,5,0,57 14 15 9,1,200,,271051,5,0,57 14 15 9,1,200,,271054,5,0,57 14 15 9,1,95,,271056,5,0,57 14 15 9,1,290,,271061,5,,,1,40,,271062,5,,,1,76,,271063,5,0,57 14 15 9,1,100,,271065,5,0,57 14 15 9,1,100,,271067,5,0,57 14 15 9,1
3300,'20260917',553,,271077,5,,,1,185,,271081,5,,,1,186,,271084,5,0,57 14 15 9,1,200,,271087,5,0,57 14 15 9,1,200,,271090,5,0,57 14 15 9,1,95,,271092,5,0,57 14 15 9,1,290,,271097,5,,,1,40,,271098,5,,,1,76,,271099,5,0,57 14 15 9,1,100,,271101,5,0,57 14 15 9,1,100,,271103,5,0,57 14 15 9,1
3300,'20260918',553,,271113,5,,,1,185,,271117,5,,,1,186,,271120,5,0,57 14 15 9,1,200,,271123,5,0,57 14 15 9,1,200,,271126,5,0,57 14 15 9,1,95,,271128,5,0,57 14 15 9,1,290,,271133,5,,,1,40,,271134,5,,,1,76,,271135,5,0,57 14 15 9,1,100,,271137,5,0,57 14 15 9,1,100,,271139,5,0,57 14 15 9,1
3300,'20260919',628,,271142,5,,,1,195,,271143,5,,,1,97,,271144,5,0,57 14 15 9,1,100,,271145,5,,,1,200,,271146,5,,,1,200,,271147,5,,,1,200,,271148,5,,,1,205,,271150,5,,,1,200,,271151,5,,,1
3300,'20260920',628,,271153,5,,,1,195,,271154,5,,,1,97,,271155,5,0,57 14 15 9,1,100,,271156,5,,,1,200,,271157,5,,,1,200,,271158,5,,,1,200,,271159,5,,,1,205,,271161,5,,,1,200,,271162,5,,,1
3300,'20260921',553,,271171,5,,,1,185,,271175,5,,,1,186,,271178,5,0,57 14 15 9,1,200,,271181,5,0,57 14 15 9,1,200,,271184,5,0,57 14 15 9,1,95,,271186,5,0,57 14 15 9,1,290,,271191,5,,,1,40,,271192,5,,,1,76,,271193,5,0,57 14 15 9,1,100,,271195,5,0,57 14 15 9,1,100,,271197,5,0,57 14 15 9,1
3300,'20260922',553,,271207,5,,,1,185,,271211,5,,,1,186,,271214,5,0,57 14 15 9,1,200,,271217,5,0,57 14 15 9,1,200,,271220,5,0,57 14 15 9,1,95,,271222,5,0,57 14 15 9,1,290,,271227,5,,,1,40,,271228,5,,,1,76,,271229,5,0,57 14 15 9,1,100,,271231,5,0,57 14 15 9,1,100,,271233,5,0,57 14 15 9,1
3300,'20260923',553,,271243,5,,,1,185,,271247,5,,,1,186,,271250,5,0,57 14 15 9,1,200,,271253,5,0,57 14 15 9,1,200,,271256,5,0,57 14 15 9,1,95,,271258,5,0,57 14 15 9,1,290,,271263,5,,,1,40,,271264,5,,,1,76,,271265,5,0,57 14 15 9,1,100,,271267,5,0,57 14 15 9,1,100,,271269,5,0,57 14 15 9,1
3300,'20260924',553,,271279,5,,,1,185,,271283,5,,,1,186,,271286,5,0,57 14 15 9,1,200,,271289,5,0,57 14 15 9,1,200,,271292,5,0,57 14 15 9,1,95,,271294,5,0,57 14 15 9,1,290,,271299,5,,,1,40,,271300,5,,,1,76,,271301,5,0,57 14 15 9,1,100,,271303,5,0,57 14 15 9,1,100,,271305,5,0,57 14 15 9,1
3300,'20260925',553,,271315,5,,,1,185,,271319,5,,,1,186,,271322,5,0,57 14 15 9,1,200,,271325,5,0,57 14 15 9,1,200,,271328,5,0,57 14 15 9,1,95,,271330,5,0,57 14 15 9,1,290,,271335,5,,,1,40,,271336,5,,,1,76,,271337,5,0,57 14 15 9,1,100,,271339,5,0,57 14 15 9,1,100,,271341,5,0,57 14 15 9,1
3300,'20260926',628,,271344,5,,,1,195,,271345,5,,,1,97,,271346,5,0,57 14 15 9,1,100,,271347,5,,,1,200,,271348,5,,,1,200,,271349,5,,,1,200,,271350,5,,,1,205,,271352,5,,,1,200,,271353,5,,,1
3300,'20260927',628,,271355,5,,,1,195,,271356,5,,,1,97,,271357,5,0,57 14 15 9,1,100,,271358,5,,,1,200,,271359,5,,,1,200,,271360,5,,,1,200,,271361,5,,,1,205,,271363,5,,,1,200,,271364,5,,,1
3300,'20260928',553,,271373,5,,,1,185,,271377,5,,,1,186,,271380,5,0,57 14 15 9,1,200,,271383,5,0,57 14 15 9,1,200,,271386,5,0,57 14 15 9,1,95,,271388,5,0,57 14 15 9,1,290,,271393,5,,,1,40,,271394,5,,,1,76,,271395,5,0,57 14 15 9,1,100,,271397,5,0,57 14 15 9,1,100,,271399,5,0,57 14 15 9,1
3300,'20260929',553,,271409,5,,,1,185,,271413,5,,,1,186,,271416,5,0,57 14 15 9,1,200,,271419,5,0,57 14 15 9,1,200,,271422,5,0,57 14 15 9,1,95,,271424,5,0,57 14 15 9,1,290,,271429,5,,,1,40,,271430,5,,,1,76,,271431,5,0,57 14 15 9,1,100,,271433,5,0,57 14 15 9,1,100,,271435,5,0,57 14 15 9,1
3300,'20260930',553,,271445,5,,,1,185,,271449,5,,,1,186,,271452,5,0,57 14 15 9,1,200,,271455,5,0,57 14 15 9,1,200,,271458,5,0,57 14 15 9,1,95,,271460,5,0,57 14 15 9,1,290,,271465,5,,,1,40,,271466,5,,,1,76,,271467,5,0,57 14 15 9,1,100,,271469,5,0,57 14 15 9,1,100,,271471,5,0,57 14 15 9,1
3300,'20261001',553,,271481,5,,,1,185,,271485,5,,,1,186,,271488,5,0,57 14 15 9,1,200,,271491,5,0,57 14 15 9,1,200,,271494,5,0,57 14 15 9,1,95,,271496,5,0,57 14 15 9,1,290,,271501,5,,,1,40,,271502,5,,,1,76,,271503,5,0,57 14 15 9,1,100,,271505,5,0,57 14 15 9,1,100,,271507,5,0,57 14 15 9,1
3300,'20261002',553,,271517,5,,,1,185,,271521,5,,,1,186,,271524,5,0,57 14 15 9,1,200,,271527,5,0,57 14 15 9,1,200,,271530,5,0,57 14 15 9,1,95,,271532,5,0,57 14 15 9,1,290,,271537,5,,,1,40,,271538,5,,,1,76,,271539,5,0,57 14 15 9,1,100,,271541,5,0,57 14 15 9,1,100,,271543,5,0,57 14 15 9,1
3300,'20261003',628,,271546,5,,,1,195,,271547,5,,,1,97,,271548,5,0,57 14 15 9,1,100,,271549,5,,,1,200,,271550,5,,,1,200,,271551,5,,,1,200,,271552,5,,,1,205,,271554,5,,,1,200,,271555,5,,,1
3300,'20261004',628,,271557,5,,,1,195,,271558,5,,,1,97,,271559,5,0,57 14 15 9,1,100,,271560,5,,,1,200,,271561,5,,,1,200,,271562,5,,,1,200,,271563,5,,,1,205,,271565,5,,,1,200,,271566,5,,,1
3300,'20261005',553,,271575,5,,,1,185,,271579,5,,,1,186,,271582,5,0,57 14 15 9,1,200,,271585,5,0,57 14 15 9,1,200,,271588,5,0,57 14 15 9,1,95,,271590,5,0,57 14 15 9,1,290,,271595,5,,,1,40,,271596,5,,,1,76,,271597,5,0,57 14 15 9,1,100,,271599,5,0,57 14 15 9,1,100,,271601,5,0,57 14 15 9,1
3300,'20261006',553,,271611,5,,,1,185,,271615,5,,,1,186,,271618,5,0,57 14 15 9,1,200,,271621,5,0,57 14 15 9,1,200,,271624,5,0,57 14 15 9,1,95,,271626,5,0,57 14 15 9,1,290,,271631,5,,,1,40,,271632,5,,,1,76,,271633,5,0,57 14 15 9,1,100,,271635,5,0,57 14 15 9,1,100,,271637,5,0,57 14 15 9,1
3300,'20261007',553,,271647,5,,,1,185,,271651,5,,,1,186,,271654,5,0,57 14 15 9,1,200,,271657,5,0,57 14 15 9,1,200,,271660,5,0,57 14 15 9,1,95,,271662,5,0,57 14 15 9,1,290,,271667,5,,,1,40,,271668,5,,,1,76,,271669,5,0,57 14 15 9,1,100,,271671,5,0,57 14 15 9,1,100,,271673,5,0,57 14 15 9,1
3300,'20261008',553,,271683,5,,,1,185,,271687,5,,,1,186,,271690,5,0,57 14 15 9,1,200,,271693,5,0,57 14 15 9,1,200,,271696,5,0,57 14 15 9,1,95,,271698,5,0,57 14 15 9,1,290,,271703,5,,,1,40,,271704,5,,,1,76,,271705,5,0,57 14 15 9,1,100,,271707,5,0,57 14 15 9,1,100,,271709,5,0,57 14 15 9,1
3300,'20261009',553,,271719,5,,,1,185,,271723,5,,,1,186,,271726,5,0,57 14 15 9,1,200,,271729,5,0,57 14 15 9,1,200,,271732,5,0,57 14 15 9,1,95,,271734,5,0,57 14 15 9,1,290,,271739,5,,,1,40,,271740,5,,,1,76,,271741,5,0,57 14 15 9,1,100,,271743,5,0,57 14 15 9,1,100,,271745,5,0,57 14 15 9,1
3300,'20261010',628,,271748,5,,,1,195,,271749,5,,,1,97,,271750,5,0,57 14 15 9,1,100,,271751,5,,,1,200,,271752,5,,,1,200,,271753,5,,,1,200,,271754,5,,,1,205,,271756,5,,,1,200,,271757,5,,,1
3300,'20261011',628,,271759,5,,,1,195,,271760,5,,,1,97,,271761,5,0,57 14 15 9,1,100,,271762,5,,,1,200,,271763,5,,,1,200,,271764,5,,,1,200,,271765,5,,,1,205,,271767,5,,,1,200,,271768,5,,,1
3300,'20261012',628,,271770,5,,,1,195,,271771,5,,,1,97,,271772,5,0,57 14 15 9,1,100,,271773,5,,,1,200,,271774,5,,,1,200,,271775,5,,,1,200,,271776,5,,,1,205,,271778,5,,,1,200,,271779,5,,,1
3300,'20261013',553,,271788,5,,,1,185,,271792,5,,,1,186,,271795,5,0,57 14 15 9,1,200,,271798,5,0,57 14 15 9,1,200,,271801,5,0,57 14 15 9,1,95,,271803,5,0,57 14 15 9,1,290,,271808,5,,,1,40,,271809,5,,,1,76,,271810,5,0,57 14 15 9,1,100,,271812,5,0,57 14 15 9,1,100,,271814,5,0,57 14 15 9,1
3300,'20261014',553,,271824,5,,,1,185,,271828,5,,,1,186,,271831,5,0,57 14 15 9,1,200,,271834,5,0,57 14 15 9,1,200,,271837,5,0,57 14 15 9,1,95,,271839,5,0,57 14 15 9,1,290,,271844,5,,,1,40,,271845,5,,,1,76,,271846,5,0,57 14 15 9,1,100,,271848,5,0,57 14 15 9,1,100,,271850,5,0,57 14 15 9,1
3300,'20261015',553,,271860,5,,,1,185,,271864,5,,,1,186,,271867,5,0,57 14 15 9,1,200,,271870,5,0,57 14 15 9,1,200,,271873,5,0,57 14 15 9,1,95,,271875,5,0,57 14 15 9,1,290,,271880,5,,,1,40,,271881,5,,,1,76,,271882,5,0,57 14 15 9,1,100,,271884,5,0,57 14 15 9,1,100,,271886,5,0,57 14 15 9,1
3300,'20261016',553,,271896,5,,,1,185,,271900,5,,,1,186,,271903,5,0,57 14 15 9,1,200,,271906,5,0,57 14 15 9,1,200,,271909,5,0,57 14 15 9,1,95,,271911,5,0,57 14 15 9,1,290,,271916,5,,,1,40,,271917,5,,,1,76,,271918,5,0,57 14 15 9,1,100,,271920,5,0,57 14 15 9,1,100,,271922,5,0,57 14 15 9,1
3300,'20261017',628,,271925,5,,,1,195,,271926,5,,,1,97,,271927,5,0,57 14 15 9,1,100,,271928,5,,,1,200,,271929,5,,,1,200,,271930,5,,,1,200,,271931,5,,,1,205,,271933,5,,,1,200,,271934,5,,,1
3300,'20261018',628,,271936,5,,,1,195,,271937,5,,,1,97,,271938,5,0,57 14 15 9,1,100,,271939,5,,,1,200,,271940,5,,,1,200,,271941,5,,,1,200,,271942,5,,,1,205,,271944,5,,,1,200,,271945,5,,,1
3300,'20261019',553,,271954,5,,,1,185,,271958,5,,,1,186,,271961,5,0,57 14 15 9,1,200,,271964,5,0,57 14 15 9,1,200,,271967,5,0,57 14 15 9,1,95,,271969,5,0,57 14 15 9,1,290,,271974,5,,,1,40,,271975,5,,,1,76,,271976,5,0,57 14 15 9,1,100,,271978,5,0,57 14 15 9,1,100,,271980,5,0,57 14 15 9,1
3300,'20261020',553,,271990,5,,,1,185,,271994,5,,,1,186,,271997,5,0,57 14 15 9,1,200,,272000,5,0,57 14 15 9,1,200,,272003,5,0,57 14 15 9,1,95,,272005,5,0,57 14 15 9,1,290,,272010,5,,,1,40,,272011,5,,,1,76,,272012,5,0,57 14 15 9,1,100,,272014,5,0,57 14 15 9,1,100,,272016,5,0,57 14 15 9,1
3300,'20261021',553,,272026,5,,,1,185,,272030,5,,,1,186,,272033,5,0,57 14 15 9,1,200,,272036,5,0,57 14 15 9,1,200,,272039,5,0,57 14 15 9,1,95,,272041,5,0,57 14 15 9,1,290,,272046,5,,,1,40,,272047,5,,,1,76,,272048,5,0,57 14 15 9,1,100,,272050,5,0,57 14 15 9,1,100,,272052,5,0,57 14 15 9,1
3300,'20261022',553,,272062,5,,,1,185,,272066,5,,,1,186,,272069,5,0,57 14 15 9,1,200,,272072,5,0,57 14 15 9,1,200,,272075,5,0,57 14 15 9,1,95,,272077,5,0,57 14 15 9,1,290,,272082,5,,,1,40,,272083,5,,,1,76,,272084,5,0,57 14 15 9,1,100,,272086,5,0,57 14 15 9,1,100,,272088,5,0,57 14 15 9,1
3300,'20261023',553,,272098,5,,,1,185,,272102,5,,,1,186,,272105,5,0,57 14 15 9,1,200,,272108,5,0,57 14 15 9,1,200,,272111,5,0,57 14 15 9,1,95,,272113,5,0,57 14 15 9,1,290,,272118,5,,,1,40,,272119,5,,,1,76,,272120,5,0,57 14 15 9,1,100,,272122,5,0,57 14 15 9,1,100,,272124,5,0,57 14 15 9,1
3300,'20261024',628,,272127,5,,,1,195,,272128,5,,,1,97,,272129,5,0,57 14 15 9,1,100,,272130,5,,,1,200,,272131,5,,,1,200,,272132,5,,,1,200,,272133,5,,,1,205,,272135,5,,,1,200,,272136,5,,,1
3300,'20261025',628,,272138,5,,,1,195,,272139,5,,,1,97,,272140,5,0,57 14 15 9,1,100,,272141,5,,,1,200,,272142,5,,,1,200,,272143,5,,,1,200,,272144,5,,,1,205,,272146,5,,,1,200,,272147,5,,,1
3300,'20261026',553,,272156,5,,,1,185,,272160,5,,,1,186,,272163,5,0,57 14 15 9,1,200,,272166,5,0,57 14 15 9,1,200,,272169,5,0,57 14 15 9,1,95,,272171,5,0,57 14 15 9,1,290,,272176,5,,,1,40,,272177,5,,,1,76,,272178,5,0,57 14 15 9,1,100,,272180,5,0,57 14 15 9,1,100,,272182,5,0,57 14 15 9,1
3300,'20261027',553,,272192,5,,,1,185,,272196,5,,,1,186,,272199,5,0,57 14 15 9,1,200,,272202,5,0,57 14 15 9,1,200,,272205,5,0,57 14 15 9,1,95,,272207,5,0,57 14 15 9,1,290,,272212,5,,,1,40,,272213,5,,,1,76,,272214,5,0,57 14 15 9,1,100,,272216,5,0,57 14 15 9,1,100,,272218,5,0,57 14 15 9,1
3300,'20261028',553,,272228,5,,,1,185,,272232,5,,,1,186,,272235,5,0,57 14 15 9,1,200,,272238,5,0,57 14 15 9,1,200,,272241,5,0,57 14 15 9,1,95,,272243,5,0,57 14 15 9,1,290,,272248,5,,,1,40,,272249,5,,,1,76,,272250,5,0,57 14 15 9,1,100,,272252,5,0,57 14 15 9,1,100,,272254,5,0,57 14 15 9,1
3300,'20261029',553,,272264,5,,,1,185,,272268,5,,,1,186,,272271,5,0,57 14 15 9,1,200,,272274,5,0,57 14 15 9,1,200,,272277,5,0,57 14 15 9,1,95,,272279,5,0,57 14 15 9,1,290,,272284,5,,,1,40,,272285,5,,,1,76,,272286,5,0,57 14 15 9,1,100,,272288,5,0,57 14 15 9,1,100,,272290,5,0,57 14 15 9,1
3300,'20261030',553,,272300,5,,,1,185,,272304,5,,,1,186,,272307,5,0,57 14 15 9,1,200,,272310,5,0,57 14 15 9,1,200,,272313,5,0,57 14 15 9,1,95,,272315,5,0,57 14 15 9,1,290,,272320,5,,,1,40,,272321,5,,,1,76,,272322,5,0,57 14 15 9,1,100,,272324,5,0,57 14 15 9,1,100,,272326,5,0,57 14 15 9,1
3300,'20261031',628,,272329,5,,,1,195,,272330,5,,,1,97,,272331,5,0,57 14 15 9,1,100,,272332,5,,,1,200,,272333,5,,,1,200,,272334,5,,,1,200,,272335,5,,,1,205,,272337,5,,,1,200,,272338,5,,,1
3300,'20261101',628,,272340,5,,,1,195,,272341,5,,,1,97,,272342,5,0,57 14 15 9,1,100,,272343,5,,,1,200,,272344,5,,,1,200,,272345,5,,,1,200,,272346,5,,,1,205,,272348,5,,,1,200,,272349,5,,,1
3300,'20261102',553,,272358,5,,,1,185,,272362,5,,,1,186,,272365,5,0,57 14 15 9,1,200,,272368,5,0,57 14 15 9,1,200,,272371,5,0,57 14 15 9,1,95,,272373,5,0,57 14 15 9,1,290,,272378,5,,,1,40,,272379,5,,,1,76,,272380,5,0,57 14 15 9,1,100,,272382,5,0,57 14 15 9,1,100,,272384,5,0,57 14 15 9,1
3300,'20261103',553,,272394,5,,,1,185,,272398,5,,,1,186,,272401,5,0,57 14 15 9,1,200,,272404,5,0,57 14 15 9,1,200,,272407,5,0,57 14 15 9,1,95,,272409,5,0,57 14 15 9,1,290,,272414,5,,,1,40,,272415,5,,,1,76,,272416,5,0,57 14 15 9,1,100,,272418,5,0,57 14 15 9,1,100,,272420,5,0,57 14 15 9,1
3300,'20261104',553,,272430,5,,,1,185,,272434,5,,,1,186,,272437,5,0,57 14 15 9,1,200,,272440,5,0,57 14 15 9,1,200,,272443,5,0,57 14 15 9,1,95,,272445,5,0,57 14 15 9,1,290,,272450,5,,,1,40,,272451,5,,,1,76,,272452,5,0,57 14 15 9,1,100,,272454,5,0,57 14 15 9,1,100,,272456,5,0,57 14 15 9,1
3300,'20261105',553,,272466,5,,,1,185,,272470,5,,,1,186,,272473,5,0,57 14 15 9,1,200,,272476,5,0,57 14 15 9,1,200,,272479,5,0,57 14 15 9,1,95,,272481,5,0,57 14 15 9,1,290,,272486,5,,,1,40,,272487,5,,,1,76,,272488,5,0,57 14 15 9,1,100,,272490,5,0,57 14 15 9,1,100,,272492,5,0,57 14 15 9,1
3300,'20261106',553,,272502,5,,,1,185,,272506,5,,,1,186,,272509,5,0,57 14 15 9,1,200,,272512,5,0,57 14 15 9,1,200,,272515,5,0,57 14 15 9,1,95,,272517,5,0,57 14 15 9,1,290,,272522,5,,,1,40,,272523,5,,,1,76,,272524,5,0,57 14 15 9,1,100,,272526,5,0,57 14 15 9,1,100,,272528,5,0,57 14 15 9,1
3300,'20261107',628,,272531,5,,,1,195,,272532,5,,,1,97,,272533,5,0,57 14 15 9,1,100,,272534,5,,,1,200,,272535,5,,,1,200,,272536,5,,,1,200,,272537,5,,,1,205,,272539,5,,,1,200,,272540,5,,,1
3300,'20261108',628,,272542,5,,,1,195,,272543,5,,,1,97,,272544,5,0,57 14 15 9,1,100,,272545,5,,,1,200,,272546,5,,,1,200,,272547,5,,,1,200,,272548,5,,,1,205,,272550,5,,,1,200,,272551,5,,,1
3300,'20261109',553,,272560,5,,,1,185,,272564,5,,,1,186,,272567,5,0,57 14 15 9,1,200,,272570,5,0,57 14 15 9,1,200,,272573,5,0,57 14 15 9,1,95,,272575,5,0,57 14 15 9,1,290,,272580,5,,,1,40,,272581,5,,,1,76,,272582,5,0,57 14 15 9,1,100,,272584,5,0,57 14 15 9,1,100,,272586,5,0,57 14 15 9,1
3300,'20261110',553,,272596,5,,,1,185,,272600,5,,,1,186,,272603,5,0,57 14 15 9,1,200,,272606,5,0,57 14 15 9,1,200,,272609,5,0,57 14 15 9,1,95,,272611,5,0,57 14 15 9,1,290,,272616,5,,,1,40,,272617,5,,,1,76,,272618,5,0,57 14 15 9,1,100,,272620,5,0,57 14 15 9,1,100,,272622,5,0,57 14 15 9,1
3300,'20261111',553,,272632,5,,,1,185,,272636,5,,,1,186,,272639,5,0,57 14 15 9,1,200,,272642,5,0,57 14 15 9,1,200,,272645,5,0,57 14 15 9,1,95,,272647,5,0,57 14 15 9,1,290,,272652,5,,,1,40,,272653,5,,,1,76,,272654,5,0,57 14 15 9,1,100,,272656,5,0,57 14 15 9,1,100,,272658,5,0,57 14 15 9,1
3300,'20261112',553,,272668,5,,,1,185,,272672,5,,,1,186,,272675,5,0,57 14 15 9,1,200,,272678,5,0,57 14 15 9,1,200,,272681,5,0,57 14 15 9,1,95,,272683,5,0,57 14 15 9,1,290,,272688,5,,,1,40,,272689,5,,,1,76,,272690,5,0,57 14 15 9,1,100,,272692,5,0,57 14 15 9,1,100,,272694,5,0,57 14 15 9,1
3300,'20261113',553,,272704,5,,,1,185,,272708,5,,,1,186,,272711,5,0,57 14 15 9,1,200,,272714,5,0,57 14 15 9,1,200,,272717,5,0,57 14 15 9,1,95,,272719,5,0,57 14 15 9,1,290,,272724,5,,,1,40,,272725,5,,,1,76,,272726,5,0,57 14 15 9,1,100,,272728,5,0,57 14 15 9,1,100,,272730,5,0,57 14 15 9,1
3300,'20261114',628,,272733,5,,,1,195,,272734,5,,,1,97,,272735,5,0,57 14 15 9,1,100,,272736,5,,,1,200,,272737,5,,,1,200,,272738,5,,,1,200,,272739,5,,,1,205,,272741,5,,,1,200,,272742,5,,,1
3300,'20261115',628,,272744,5,,,1,195,,272745,5,,,1,97,,272746,5,0,57 14 15 9,1,100,,272747,5,,,1,200,,272748,5,,,1,200,,272749,5,,,1,200,,272750,5,,,1,205,,272752,5,,,1,200,,272753,5,,,1
3300,'20261116',553,,272762,5,,,1,185,,272766,5,,,1,186,,272769,5,0,57 14 15 9,1,200,,272772,5,0,57 14 15 9,1,200,,272775,5,0,57 14 15 9,1,95,,272777,5,0,57 14 15 9,1,290,,272782,5,,,1,40,,272783,5,,,1,76,,272784,5,0,57 14 15 9,1,100,,272786,5,0,57 14 15 9,1,100,,272788,5,0,57 14 15 9,1
3300,'20261117',553,,272798,5,,,1,185,,272802,5,,,1,186,,272805,5,0,57 14 15 9,1,200,,272808,5,0,57 14 15 9,1,200,,272811,5,0,57 14 15 9,1,95,,272813,5,0,57 14 15 9,1,290,,272818,5,,,1,40,,272819,5,,,1,76,,272820,5,0,57 14 15 9,1,100,,272822,5,0,57 14 15 9,1,100,,272824,5,0,57 14 15 9,1
3300,'20261118',553,,272834,5,,,1,185,,272838,5,,,1,186,,272841,5,0,57 14 15 9,1,200,,272844,5,0,57 14 15 9,1,200,,272847,5,0,57 14 15 9,1,95,,272849,5,0,57 14 15 9,1,290,,272854,5,,,1,40,,272855,5,,,1,76,,272856,5,0,57 14 15 9,1,100,,272858,5,0,57 14 15 9,1,100,,272860,5,0,57 14 15 9,1
3300,'20261119',553,,272870,5,,,1,185,,272874,5,,,1,186,,272877,5,0,57 14 15 9,1,200,,272880,5,0,57 14 15 9,1,200,,272883,5,0,57 14 15 9,1,95,,272885,5,0,57 14 15 9,1,290,,272890,5,,,1,40,,272891,5,,,1,76,,272892,5,0,57 14 15 9,1,100,,272894,5,0,57 14 15 9,1,100,,272896,5,0,57 14 15 9,1
3300,'20261120',553,,272906,5,,,1,185,,272910,5,,,1,186,,272913,5,0,57 14 15 9,1,200,,272916,5,0,57 14 15 9,1,200,,272919,5,0,57 14 15 9,1,95,,272921,5,0,57 14 15 9,1,290,,272926,5,,,1,40,,272927,5,,,1,76,,272928,5,0,57 14 15 9,1,100,,272930,5,0,57 14 15 9,1,100,,272932,5,0,57 14 15 9,1
3300,'20261121',628,,272935,5,,,1,195,,272936,5,,,1,97,,272937,5,0,57 14 15 9,1,100,,272938,5,,,1,200,,272939,5,,,1,200,,272940,5,,,1,200,,272941,5,,,1,205,,272943,5,,,1,200,,272944,5,,,1
3300,'20261122',628,,272946,5,,,1,195,,272947,5,,,1,97,,272948,5,0,57 14 15 9,1,100,,272949,5,,,1,200,,272950,5,,,1,200,,272951,5,,,1,200,,272952,5,,,1,205,,272954,5,,,1,200,,272955,5,,,1
3300,'20261123',553,,272964,5,,,1,185,,272968,5,,,1,186,,272971,5,0,57 14 15 9,1,200,,272974,5,0,57 14 15 9,1,200,,272977,5,0,57 14 15 9,1,95,,272979,5,0,57 14 15 9,1,290,,272984,5,,,1,40,,272985,5,,,1,76,,272986,5,0,57 14 15 9,1,100,,272988,5,0,57 14 15 9,1,100,,272990,5,0,57 14 15 9,1
3300,'20261124',553,,273000,5,,,1,185,,273004,5,,,1,186,,273007,5,0,57 14 15 9,1,200,,273010,5,0,57 14 15 9,1,200,,273013,5,0,57 14 15 9,1,95,,273015,5,0,57 14 15 9,1,290,,273020,5,,,1,40,,273021,5,,,1,76,,273022,5,0,57 14 15 9,1,100,,273024,5,0,57 14 15 9,1,100,,273026,5,0,57 14 15 9,1
3300,'20261125',553,,273036,5,,,1,185,,273040,5,,,1,186,,273043,5,0,57 14 15 9,1,200,,273046,5,0,57 14 15 9,1,200,,273049,5,0,57 14 15 9,1,95,,273051,5,0,57 14 15 9,1,290,,273056,5,,,1,40,,273057,5,,,1,76,,273058,5,0,57 14 15 9,1,100,,273060,5,0,57 14 15 9,1,100,,273062,5,0,57 14 15 9,1
3300,'20261126',553,,273072,5,,,1,185,,273076,5,,,1,186,,273079,5,0,57 14 15 9,1,200,,273082,5,0,57 14 15 9,1,200,,273085,5,0,57 14 15 9,1,95,,273087,5,0,57 14 15 9,1,290,,273092,5,,,1,40,,273093,5,,,1,76,,273094,5,0,57 14 15 9,1,100,,273096,5,0,57 14 15 9,1,100,,273098,5,0,57 14 15 9,1
3300,'20261127',553,,273108,5,,,1,185,,273112,5,,,1,186,,273115,5,0,57 14 15 9,1,200,,273118,5,0,57 14 15 9,1,200,,273121,5,0,57 14 15 9,1,95,,273123,5,0,57 14 15 9,1,290,,273128,5,,,1,40,,273129,5,,,1,76,,273130,5,0,57 14 15 9,1,100,,273132,5,0,57 14 15 9,1,100,,273134,5,0,57 14 15 9,1
