3101,'20260831',625,,165879,7,0,37 43 44 47,1,20,,165880,7,0,37 43 44 47,1,61,,165881,17,0,43 44 47,1,22,,165882,7,0,37 43 44 47,1,75,,165883,15,0,5 43 44 47,1,100,,165884,15,0,5 43 44 47,1,1618,,165886,15,0,77 14 15 9,1,19,,165888,15,0,7 43 44 47,1,98,,165889,17,0,16 17 9,1,95,,165890,17,0,16 17 9,1
3101,'20260901',625,,165891,7,0,37 43 44 47,1,20,,165892,7,0,37 43 44 47,1,61,,165893,17,0,43 44 47,1,22,,165894,7,0,37 43 44 47,1,75,,165895,15,0,5 43 44 47,1,100,,165896,15,0,5 43 44 47,1,1618,,165898,15,0,77 14 15 9,1,19,,165900,15,0,7 43 44 47,1,98,,165901,17,0,16 17 9,1,95,,165902,17,0,16 17 9,1
3101,'20260902',625,,165903,7,0,37 43 44 47,1,20,,165904,7,0,37 43 44 47,1,61,,165905,17,0,43 44 47,1,22,,165906,7,0,37 43 44 47,1,75,,165907,15,0,5 43 44 47,1,100,,165908,15,0,5 43 44 47,1,1618,,165910,15,0,77 14 15 9,1,19,,165912,15,0,7 43 44 47,1,98,,165913,17,0,16 17 9,1,95,,165914,17,0,16 17 9,1
3101,'20260903',625,,165915,7,0,37 43 44 47,1,20,,165916,7,0,37 43 44 47,1,61,,165917,17,0,43 44 47,1,22,,165918,7,0,37 43 44 47,1,75,,165919,15,0,5 43 44 47,1,100,,165920,15,0,5 43 44 47,1,1618,,165922,15,0,77 14 15 9,1,19,,165924,15,0,7 43 44 47,1,98,,165925,17,0,16 17 9,1,95,,165926,17,0,16 17 9,1
3101,'20260904',625,,165927,7,0,37 43 44 47,1,20,,165928,7,0,37 43 44 47,1,61,,165929,17,0,43 44 47,1,22,,165930,7,0,37 43 44 47,1,75,,165931,15,0,5 43 44 47,1,100,,165932,15,0,5 43 44 47,1,1618,,165934,15,0,77 14 15 9,1,19,,165936,15,0,7 43 44 47,1,98,,165937,17,0,16 17 9,1,95,,165938,17,0,16 17 9,1
3101,'20260905',846,,267537,15,0,7 43 44 47,1,1702,,267540,15,0,77 14 15 9,1,60,,267541,17,0,16 17 9,1,30,,267542,17,0,78 14 15 9,1,65,,267543,17,0,16 17 9,1,30,,267544,17,0,16 17 9,1
3101,'20260906',846,,267545,15,0,7 43 44 47,1,1702,,267548,15,0,77 14 15 9,1,90,,267549,17,0,78 14 15 9,1,95,,267550,17,0,16 17 9,1
3101,'20260907',846,,267551,15,0,7 43 44 47,1,1702,,267554,15,0,77 14 15 9,1,60,,267555,17,0,16 17 9,1,30,,267556,17,0,78 14 15 9,1,65,,267557,17,0,16 17 9,1,30,,267558,17,0,16 17 9,1
3101,'20260908',625,,267559,7,0,37 43 44 47,1,20,,267560,7,0,37 43 44 47,1,61,,267561,17,0,43 44 47,1,22,,267562,7,0,37 43 44 47,1,75,,267563,15,0,5 43 44 47,1,100,,267564,15,0,5 43 44 47,1,1618,,267566,15,0,77 14 15 9,1,19,,267568,15,0,7 43 44 47,1,98,,267569,17,0,16 17 9,1,95,,267570,17,0,16 17 9,1
3101,'20260909',625,,267571,7,0,37 43 44 47,1,20,,267572,7,0,37 43 44 47,1,61,,267573,17,0,43 44 47,1,22,,267574,7,0,37 43 44 47,1,75,,267575,15,0,5 43 44 47,1,100,,267576,15,0,5 43 44 47,1,1618,,267578,15,0,77 14 15 9,1,19,,267580,15,0,7 43 44 47,1,98,,267581,17,0,16 17 9,1,95,,267582,17,0,16 17 9,1
3101,'20260910',625,,267583,7,0,37 43 44 47,1,20,,267584,7,0,37 43 44 47,1,61,,267585,17,0,43 44 47,1,22,,267586,7,0,37 43 44 47,1,75,,267587,15,0,5 43 44 47,1,100,,267588,15,0,5 43 44 47,1,1618,,267590,15,0,77 14 15 9,1,19,,267592,15,0,7 43 44 47,1,98,,267593,17,0,16 17 9,1,95,,267594,17,0,16 17 9,1
3101,'20260911',625,,267595,7,0,37 43 44 47,1,20,,267596,7,0,37 43 44 47,1,61,,267597,17,0,43 44 47,1,22,,267598,7,0,37 43 44 47,1,75,,267599,15,0,5 43 44 47,1,100,,267600,15,0,5 43 44 47,1,1522,,267602,15,0,77 14 15 9,1,96,,267607,15,0,77 14 15 9,1,19,,267609,15,0,7 43 44 47,1,98,,267610,17,0,16 17 9,1,95,,267611,17,0,16 17 9,1
3101,'20260912',846,,267612,15,0,7 43 44 47,1,97,,267614,9,0,71 101 9,1,10,,267615,9,0,71 101 9,1,800,,267616,9,0,71 101 9,1,590,,267617,9,0,71 101 9,1,205,,267619,15,0,77 14 15 9,1,60,,267620,17,0,16 17 9,1,30,,267621,17,0,78 14 15 9,1,65,,267622,17,0,16 17 9,1,30,,267623,17,0,16 17 9,1
3101,'20260913',846,,267624,15,0,7 43 44 47,1,97,,267626,9,0,71 101 9,1,10,,267627,9,0,71 101 9,1,800,,267628,9,0,71 101 9,1,590,,267629,9,0,71 101 9,1,205,,267631,15,0,77 14 15 9,1,90,,267632,17,0,78 14 15 9,1,95,,267633,17,0,16 17 9,1
3101,'20260914',625,,267634,7,0,37 43 44 47,1,20,,267635,7,0,37 43 44 47,1,61,,267636,17,0,43 44 47,1,22,,267637,7,0,37 43 44 47,1,75,,267638,15,0,5 43 44 47,1,100,,267639,15,0,5 43 44 47,1,1618,,267641,15,0,77 14 15 9,1,19,,267643,15,0,7 43 44 47,1,98,,267644,17,0,16 17 9,1,95,,267645,17,0,16 17 9,1
3101,'20260915',625,,267646,7,0,37 43 44 47,1,20,,267647,7,0,37 43 44 47,1,61,,267648,17,0,43 44 47,1,22,,267649,7,0,37 43 44 47,1,75,,267650,15,0,5 43 44 47,1,100,,267651,15,0,5 43 44 47,1,1618,,267653,15,0,77 14 15 9,1,19,,267655,15,0,7 43 44 47,1,98,,267656,17,0,16 17 9,1,95,,267657,17,0,16 17 9,1
3101,'20260916',625,,267658,7,0,37 43 44 47,1,20,,267659,7,0,37 43 44 47,1,61,,267660,17,0,43 44 47,1,22,,267661,7,0,37 43 44 47,1,75,,267662,15,0,5 43 44 47,1,100,,267663,15,0,5 43 44 47,1,1618,,267665,15,0,77 14 15 9,1,19,,267667,15,0,7 43 44 47,1,98,,267668,17,0,16 17 9,1,95,,267669,17,0,16 17 9,1
3101,'20260917',625,,267670,7,0,37 43 44 47,1,20,,267671,7,0,37 43 44 47,1,61,,267672,17,0,43 44 47,1,22,,267673,7,0,37 43 44 47,1,75,,267674,15,0,5 43 44 47,1,100,,267675,15,0,5 43 44 47,1,1618,,267677,15,0,77 14 15 9,1,19,,267679,15,0,7 43 44 47,1,98,,267680,17,0,16 17 9,1,95,,267681,17,0,16 17 9,1
3101,'20260918',625,,267682,7,0,37 43 44 47,1,20,,267683,7,0,37 43 44 47,1,61,,267684,17,0,43 44 47,1,22,,267685,7,0,37 43 44 47,1,75,,267686,15,0,5 43 44 47,1,100,,267687,15,0,5 43 44 47,1,1522,,267689,15,0,77 14 15 9,1,96,,267694,15,0,77 14 15 9,1,19,,267696,15,0,7 43 44 47,1,98,,267697,17,0,16 17 9,1,95,,267698,17,0,16 17 9,1
3101,'20260919',846,,267699,15,0,7 43 44 47,1,97,,267701,9,0,71 101 9,1,10,,267702,9,0,71 101 9,1,800,,267703,9,0,71 101 9,1,590,,267704,9,0,71 101 9,1,205,,267706,15,0,77 14 15 9,1,60,,267707,17,0,16 17 9,1,30,,267708,17,0,78 14 15 9,1,65,,267709,17,0,16 17 9,1,30,,267710,17,0,16 17 9,1
3101,'20260920',846,,267711,15,0,7 43 44 47,1,97,,267713,9,0,71 101 9,1,10,,267714,9,0,71 101 9,1,800,,267715,9,0,71 101 9,1,590,,267716,9,0,71 101 9,1,205,,267718,15,0,77 14 15 9,1,90,,267719,17,0,78 14 15 9,1,95,,267720,17,0,16 17 9,1
3101,'20260921',625,,267721,7,0,37 43 44 47,1,20,,267722,7,0,37 43 44 47,1,61,,267723,17,0,43 44 47,1,22,,267724,7,0,37 43 44 47,1,75,,267725,15,0,5 43 44 47,1,100,,267726,15,0,5 43 44 47,1,1618,,267728,15,0,77 14 15 9,1,19,,267730,15,0,7 43 44 47,1,98,,267731,17,0,16 17 9,1,95,,267732,17,0,16 17 9,1
3101,'20260922',625,,267733,7,0,37 43 44 47,1,20,,267734,7,0,37 43 44 47,1,61,,267735,17,0,43 44 47,1,22,,267736,7,0,37 43 44 47,1,75,,267737,15,0,5 43 44 47,1,100,,267738,15,0,5 43 44 47,1,1618,,267740,15,0,77 14 15 9,1,19,,267742,15,0,7 43 44 47,1,98,,267743,17,0,16 17 9,1,95,,267744,17,0,16 17 9,1
3101,'20260923',625,,267745,7,0,37 43 44 47,1,20,,267746,7,0,37 43 44 47,1,61,,267747,17,0,43 44 47,1,22,,267748,7,0,37 43 44 47,1,75,,267749,15,0,5 43 44 47,1,100,,267750,15,0,5 43 44 47,1,1618,,267752,15,0,77 14 15 9,1,19,,267754,15,0,7 43 44 47,1,98,,267755,17,0,16 17 9,1,95,,267756,17,0,16 17 9,1
3101,'20260924',625,,267757,7,0,37 43 44 47,1,20,,267758,7,0,37 43 44 47,1,61,,267759,17,0,43 44 47,1,22,,267760,7,0,37 43 44 47,1,75,,267761,15,0,5 43 44 47,1,100,,267762,15,0,5 43 44 47,1,1618,,267764,15,0,77 14 15 9,1,19,,267766,15,0,7 43 44 47,1,98,,267767,17,0,16 17 9,1,95,,267768,17,0,16 17 9,1
3101,'20260925',625,,267769,7,0,37 43 44 47,1,20,,267770,7,0,37 43 44 47,1,61,,267771,17,0,43 44 47,1,22,,267772,7,0,37 43 44 47,1,75,,267773,15,0,5 43 44 47,1,100,,267774,15,0,5 43 44 47,1,1618,,267776,15,0,77 14 15 9,1,19,,267778,15,0,7 43 44 47,1,98,,267779,17,0,16 17 9,1,95,,267780,17,0,16 17 9,1
3101,'20260926',846,,267781,15,0,7 43 44 47,1,1702,,267784,15,0,77 14 15 9,1,60,,267785,17,0,16 17 9,1,30,,267786,17,0,78 14 15 9,1,65,,267787,17,0,16 17 9,1,30,,267788,17,0,16 17 9,1
3101,'20260927',846,,267789,15,0,7 43 44 47,1,1702,,267792,15,0,77 14 15 9,1,90,,267793,17,0,78 14 15 9,1,95,,267794,17,0,16 17 9,1
3101,'20260928',625,,267795,7,0,37 43 44 47,1,20,,267796,7,0,37 43 44 47,1,61,,267797,17,0,43 44 47,1,22,,267798,7,0,37 43 44 47,1,75,,267799,15,0,5 43 44 47,1,100,,267800,15,0,5 43 44 47,1,1618,,267802,15,0,77 14 15 9,1,19,,267804,15,0,7 43 44 47,1,98,,267805,17,0,16 17 9,1,95,,267806,17,0,16 17 9,1
3101,'20260929',625,,267807,7,0,37 43 44 47,1,20,,267808,7,0,37 43 44 47,1,61,,267809,17,0,43 44 47,1,22,,267810,7,0,37 43 44 47,1,75,,267811,15,0,5 43 44 47,1,100,,267812,15,0,5 43 44 47,1,1618,,267814,15,0,77 14 15 9,1,19,,267816,15,0,7 43 44 47,1,98,,267817,17,0,16 17 9,1,95,,267818,17,0,16 17 9,1
3101,'20260930',625,,267819,7,0,37 43 44 47,1,20,,267820,7,0,37 43 44 47,1,61,,267821,17,0,43 44 47,1,22,,267822,7,0,37 43 44 47,1,75,,267823,15,0,5 43 44 47,1,100,,267824,15,0,5 43 44 47,1,1618,,267826,15,0,77 14 15 9,1,19,,267828,15,0,7 43 44 47,1,98,,267829,17,0,16 17 9,1,95,,267830,17,0,16 17 9,1
3101,'20261001',625,,267831,7,0,37 43 44 47,1,20,,267832,7,0,37 43 44 47,1,61,,267833,17,0,43 44 47,1,22,,267834,7,0,37 43 44 47,1,75,,267835,15,0,5 43 44 47,1,100,,267836,15,0,5 43 44 47,1,1618,,267838,15,0,77 14 15 9,1,19,,267840,15,0,7 43 44 47,1,98,,267841,17,0,16 17 9,1,95,,267842,17,0,16 17 9,1
3101,'20261002',625,,267843,7,0,37 43 44 47,1,20,,267844,7,0,37 43 44 47,1,61,,267845,17,0,43 44 47,1,22,,267846,7,0,37 43 44 47,1,75,,267847,15,0,5 43 44 47,1,100,,267848,15,0,5 43 44 47,1,1618,,267850,15,0,77 14 15 9,1,19,,267852,15,0,7 43 44 47,1,98,,267853,17,0,16 17 9,1,95,,267854,17,0,16 17 9,1
3101,'20261003',846,,267855,15,0,7 43 44 47,1,1702,,267858,15,0,77 14 15 9,1,60,,267859,17,0,16 17 9,1,30,,267860,17,0,78 14 15 9,1,65,,267861,17,0,16 17 9,1,30,,267862,17,0,16 17 9,1
3101,'20261004',846,,267863,15,0,7 43 44 47,1,1702,,267866,15,0,77 14 15 9,1,90,,267867,17,0,78 14 15 9,1,95,,267868,17,0,16 17 9,1
3101,'20261005',625,,267869,7,0,37 43 44 47,1,20,,267870,7,0,37 43 44 47,1,61,,267871,17,0,43 44 47,1,22,,267872,7,0,37 43 44 47,1,75,,267873,15,0,5 43 44 47,1,100,,267874,15,0,5 43 44 47,1,1618,,267876,15,0,77 14 15 9,1,19,,267878,15,0,7 43 44 47,1,98,,267879,17,0,16 17 9,1,95,,267880,17,0,16 17 9,1
3101,'20261006',625,,267881,7,0,37 43 44 47,1,20,,267882,7,0,37 43 44 47,1,61,,267883,17,0,43 44 47,1,22,,267884,7,0,37 43 44 47,1,75,,267885,15,0,5 43 44 47,1,100,,267886,15,0,5 43 44 47,1,1618,,267888,15,0,77 14 15 9,1,19,,267890,15,0,7 43 44 47,1,98,,267891,17,0,16 17 9,1,95,,267892,17,0,16 17 9,1
3101,'20261007',625,,267893,7,0,37 43 44 47,1,20,,267894,7,0,37 43 44 47,1,61,,267895,17,0,43 44 47,1,22,,267896,7,0,37 43 44 47,1,75,,267897,15,0,5 43 44 47,1,100,,267898,15,0,5 43 44 47,1,1618,,267900,15,0,77 14 15 9,1,19,,267902,15,0,7 43 44 47,1,98,,267903,17,0,16 17 9,1,95,,267904,17,0,16 17 9,1
3101,'20261008',625,,267905,7,0,37 43 44 47,1,20,,267906,7,0,37 43 44 47,1,61,,267907,17,0,43 44 47,1,22,,267908,7,0,37 43 44 47,1,75,,267909,15,0,5 43 44 47,1,100,,267910,15,0,5 43 44 47,1,1618,,267912,15,0,77 14 15 9,1,19,,267914,15,0,7 43 44 47,1,98,,267915,17,0,16 17 9,1,95,,267916,17,0,16 17 9,1
3101,'20261009',625,,267917,7,0,37 43 44 47,1,20,,267918,7,0,37 43 44 47,1,61,,267919,17,0,43 44 47,1,22,,267920,7,0,37 43 44 47,1,75,,267921,15,0,5 43 44 47,1,100,,267922,15,0,5 43 44 47,1,1618,,267924,15,0,77 14 15 9,1,19,,267926,15,0,7 43 44 47,1,98,,267927,17,0,16 17 9,1,95,,267928,17,0,16 17 9,1
3101,'20261010',846,,267929,15,0,7 43 44 47,1,1702,,267932,15,0,77 14 15 9,1,60,,267933,17,0,16 17 9,1,30,,267934,17,0,78 14 15 9,1,65,,267935,17,0,16 17 9,1,30,,267936,17,0,16 17 9,1
3101,'20261011',846,,267937,15,0,7 43 44 47,1,1702,,267940,15,0,77 14 15 9,1,90,,267941,17,0,78 14 15 9,1,95,,267942,17,0,16 17 9,1
3101,'20261012',846,,267943,15,0,7 43 44 47,1,1702,,267946,15,0,77 14 15 9,1,60,,267947,17,0,16 17 9,1,30,,267948,17,0,78 14 15 9,1,65,,267949,17,0,16 17 9,1,30,,267950,17,0,16 17 9,1
3101,'20261013',625,,267951,7,0,37 43 44 47,1,20,,267952,7,0,37 43 44 47,1,61,,267953,17,0,43 44 47,1,22,,267954,7,0,37 43 44 47,1,75,,267955,15,0,5 43 44 47,1,100,,267956,15,0,5 43 44 47,1,1618,,267958,15,0,77 14 15 9,1,19,,267960,15,0,7 43 44 47,1,98,,267961,17,0,16 17 9,1,95,,267962,17,0,16 17 9,1
3101,'20261014',625,,267963,7,0,37 43 44 47,1,20,,267964,7,0,37 43 44 47,1,61,,267965,17,0,43 44 47,1,22,,267966,7,0,37 43 44 47,1,75,,267967,15,0,5 43 44 47,1,100,,267968,15,0,5 43 44 47,1,1618,,267970,15,0,77 14 15 9,1,19,,267972,15,0,7 43 44 47,1,98,,267973,17,0,16 17 9,1,95,,267974,17,0,16 17 9,1
3101,'20261015',625,,267975,7,0,37 43 44 47,1,20,,267976,7,0,37 43 44 47,1,61,,267977,17,0,43 44 47,1,22,,267978,7,0,37 43 44 47,1,75,,267979,15,0,5 43 44 47,1,100,,267980,15,0,5 43 44 47,1,1618,,267982,15,0,77 14 15 9,1,19,,267984,15,0,7 43 44 47,1,98,,267985,17,0,16 17 9,1,95,,267986,17,0,16 17 9,1
3101,'20261016',625,,267987,7,0,37 43 44 47,1,20,,267988,7,0,37 43 44 47,1,61,,267989,17,0,43 44 47,1,22,,267990,7,0,37 43 44 47,1,75,,267991,15,0,5 43 44 47,1,100,,267992,15,0,5 43 44 47,1,1618,,267994,15,0,77 14 15 9,1,19,,267996,15,0,7 43 44 47,1,98,,267997,17,0,16 17 9,1,95,,267998,17,0,16 17 9,1
3101,'20261017',846,,267999,15,0,7 43 44 47,1,1702,,268002,15,0,77 14 15 9,1,60,,268003,17,0,16 17 9,1,30,,268004,17,0,78 14 15 9,1,65,,268005,17,0,16 17 9,1,30,,268006,17,0,16 17 9,1
3101,'20261018',846,,268007,15,0,7 43 44 47,1,1702,,268010,15,0,77 14 15 9,1,90,,268011,17,0,78 14 15 9,1,95,,268012,17,0,16 17 9,1
3101,'20261019',625,,268013,7,0,37 43 44 47,1,20,,268014,7,0,37 43 44 47,1,61,,268015,17,0,43 44 47,1,22,,268016,7,0,37 43 44 47,1,75,,268017,15,0,5 43 44 47,1,100,,268018,15,0,5 43 44 47,1,1618,,268020,15,0,77 14 15 9,1,19,,268022,15,0,7 43 44 47,1,98,,268023,17,0,16 17 9,1,95,,268024,17,0,16 17 9,1
3101,'20261020',625,,268025,7,0,37 43 44 47,1,20,,268026,7,0,37 43 44 47,1,61,,268027,17,0,43 44 47,1,22,,268028,7,0,37 43 44 47,1,75,,268029,15,0,5 43 44 47,1,100,,268030,15,0,5 43 44 47,1,1618,,268032,15,0,77 14 15 9,1,19,,268034,15,0,7 43 44 47,1,98,,268035,17,0,16 17 9,1,95,,268036,17,0,16 17 9,1
3101,'20261021',625,,268037,7,0,37 43 44 47,1,20,,268038,7,0,37 43 44 47,1,61,,268039,17,0,43 44 47,1,22,,268040,7,0,37 43 44 47,1,75,,268041,15,0,5 43 44 47,1,100,,268042,15,0,5 43 44 47,1,1618,,268044,15,0,77 14 15 9,1,19,,268046,15,0,7 43 44 47,1,98,,268047,17,0,16 17 9,1,95,,268048,17,0,16 17 9,1
3101,'20261022',625,,268049,7,0,37 43 44 47,1,20,,268050,7,0,37 43 44 47,1,61,,268051,17,0,43 44 47,1,22,,268052,7,0,37 43 44 47,1,75,,268053,15,0,5 43 44 47,1,100,,268054,15,0,5 43 44 47,1,1618,,268056,15,0,77 14 15 9,1,19,,268058,15,0,7 43 44 47,1,98,,268059,17,0,16 17 9,1,95,,268060,17,0,16 17 9,1
3101,'20261023',625,,268061,7,0,37 43 44 47,1,20,,268062,7,0,37 43 44 47,1,61,,268063,17,0,43 44 47,1,22,,268064,7,0,37 43 44 47,1,75,,268065,15,0,5 43 44 47,1,100,,268066,15,0,5 43 44 47,1,1618,,268068,15,0,77 14 15 9,1,19,,268070,15,0,7 43 44 47,1,98,,268071,17,0,16 17 9,1,95,,268072,17,0,16 17 9,1
3101,'20261024',846,,268073,15,0,7 43 44 47,1,1702,,268076,15,0,77 14 15 9,1,60,,268077,17,0,16 17 9,1,30,,268078,17,0,78 14 15 9,1,65,,268079,17,0,16 17 9,1,30,,268080,17,0,16 17 9,1
3101,'20261025',846,,268081,15,0,7 43 44 47,1,1702,,268084,15,0,77 14 15 9,1,90,,268085,17,0,78 14 15 9,1,95,,268086,17,0,16 17 9,1
3101,'20261026',625,,268087,7,0,37 43 44 47,1,20,,268088,7,0,37 43 44 47,1,61,,268089,17,0,43 44 47,1,22,,268090,7,0,37 43 44 47,1,75,,268091,15,0,5 43 44 47,1,100,,268092,15,0,5 43 44 47,1,1618,,268094,15,0,77 14 15 9,1,19,,268096,15,0,7 43 44 47,1,98,,268097,17,0,16 17 9,1,95,,268098,17,0,16 17 9,1
3101,'20261027',625,,268099,7,0,37 43 44 47,1,20,,268100,7,0,37 43 44 47,1,61,,268101,17,0,43 44 47,1,22,,268102,7,0,37 43 44 47,1,75,,268103,15,0,5 43 44 47,1,100,,268104,15,0,5 43 44 47,1,1618,,268106,15,0,77 14 15 9,1,19,,268108,15,0,7 43 44 47,1,98,,268109,17,0,16 17 9,1,95,,268110,17,0,16 17 9,1
3101,'20261028',625,,268111,7,0,37 43 44 47,1,20,,268112,7,0,37 43 44 47,1,61,,268113,17,0,43 44 47,1,22,,268114,7,0,37 43 44 47,1,75,,268115,15,0,5 43 44 47,1,100,,268116,15,0,5 43 44 47,1,1618,,268118,15,0,77 14 15 9,1,19,,268120,15,0,7 43 44 47,1,98,,268121,17,0,16 17 9,1,95,,268122,17,0,16 17 9,1
3101,'20261029',625,,268123,7,0,37 43 44 47,1,20,,268124,7,0,37 43 44 47,1,61,,268125,17,0,43 44 47,1,22,,268126,7,0,37 43 44 47,1,75,,268127,15,0,5 43 44 47,1,100,,268128,15,0,5 43 44 47,1,1618,,268130,15,0,77 14 15 9,1,19,,268132,15,0,7 43 44 47,1,98,,268133,17,0,16 17 9,1,95,,268134,17,0,16 17 9,1
3101,'20261030',625,,268135,7,0,37 43 44 47,1,20,,268136,7,0,37 43 44 47,1,61,,268137,17,0,43 44 47,1,22,,268138,7,0,37 43 44 47,1,75,,268139,15,0,5 43 44 47,1,100,,268140,15,0,5 43 44 47,1,1618,,268142,15,0,77 14 15 9,1,19,,268144,15,0,7 43 44 47,1,98,,268145,17,0,16 17 9,1,95,,268146,17,0,16 17 9,1
3101,'20261031',846,,268147,15,0,7 43 44 47,1,1702,,268150,15,0,77 14 15 9,1,60,,268151,17,0,16 17 9,1,30,,268152,17,0,78 14 15 9,1,65,,268153,17,0,16 17 9,1,30,,268154,17,0,16 17 9,1
3101,'20261101',846,,268155,15,0,7 43 44 47,1,1702,,268158,15,0,77 14 15 9,1,90,,268159,17,0,78 14 15 9,1,95,,268160,17,0,16 17 9,1
3101,'20261102',625,,268161,7,0,37 43 44 47,1,20,,268162,7,0,37 43 44 47,1,61,,268163,17,0,43 44 47,1,22,,268164,7,0,37 43 44 47,1,75,,268165,15,0,5 43 44 47,1,100,,268166,15,0,5 43 44 47,1,1618,,268168,15,0,77 14 15 9,1,19,,268170,15,0,7 43 44 47,1,98,,268171,17,0,16 17 9,1,95,,268172,17,0,16 17 9,1
3101,'20261103',625,,268173,7,0,37 43 44 47,1,20,,268174,7,0,37 43 44 47,1,61,,268175,17,0,43 44 47,1,22,,268176,7,0,37 43 44 47,1,75,,268177,15,0,5 43 44 47,1,100,,268178,15,0,5 43 44 47,1,1618,,268180,15,0,77 14 15 9,1,19,,268182,15,0,7 43 44 47,1,98,,268183,17,0,16 17 9,1,95,,268184,17,0,16 17 9,1
3101,'20261104',625,,268185,7,0,37 43 44 47,1,20,,268186,7,0,37 43 44 47,1,61,,268187,17,0,43 44 47,1,22,,268188,7,0,37 43 44 47,1,75,,268189,15,0,5 43 44 47,1,100,,268190,15,0,5 43 44 47,1,1618,,268192,15,0,77 14 15 9,1,19,,268194,15,0,7 43 44 47,1,98,,268195,17,0,16 17 9,1,95,,268196,17,0,16 17 9,1
3101,'20261105',625,,268197,7,0,37 43 44 47,1,20,,268198,7,0,37 43 44 47,1,61,,268199,17,0,43 44 47,1,22,,268200,7,0,37 43 44 47,1,75,,268201,15,0,5 43 44 47,1,100,,268202,15,0,5 43 44 47,1,1618,,268204,15,0,77 14 15 9,1,19,,268206,15,0,7 43 44 47,1,98,,268207,17,0,16 17 9,1,95,,268208,17,0,16 17 9,1
3101,'20261106',625,,268209,7,0,37 43 44 47,1,20,,268210,7,0,37 43 44 47,1,61,,268211,17,0,43 44 47,1,22,,268212,7,0,37 43 44 47,1,75,,268213,15,0,5 43 44 47,1,100,,268214,15,0,5 43 44 47,1,1618,,268216,15,0,77 14 15 9,1,19,,268218,15,0,7 43 44 47,1,98,,268219,17,0,16 17 9,1,95,,268220,17,0,16 17 9,1
3101,'20261107',846,,268221,15,0,7 43 44 47,1,1702,,268224,15,0,77 14 15 9,1,60,,268225,17,0,16 17 9,1,30,,268226,17,0,78 14 15 9,1,65,,268227,17,0,16 17 9,1,30,,268228,17,0,16 17 9,1
3101,'20261108',846,,268229,15,0,7 43 44 47,1,1702,,268232,15,0,77 14 15 9,1,90,,268233,17,0,78 14 15 9,1,95,,268234,17,0,16 17 9,1
3101,'20261109',625,,268235,7,0,37 43 44 47,1,20,,268236,7,0,37 43 44 47,1,61,,268237,17,0,43 44 47,1,22,,268238,7,0,37 43 44 47,1,75,,268239,15,0,5 43 44 47,1,100,,268240,15,0,5 43 44 47,1,1618,,268242,15,0,77 14 15 9,1,19,,268244,15,0,7 43 44 47,1,98,,268245,17,0,16 17 9,1,95,,268246,17,0,16 17 9,1
3101,'20261110',625,,268247,7,0,37 43 44 47,1,20,,268248,7,0,37 43 44 47,1,61,,268249,17,0,43 44 47,1,22,,268250,7,0,37 43 44 47,1,75,,268251,15,0,5 43 44 47,1,100,,268252,15,0,5 43 44 47,1,1618,,268254,15,0,77 14 15 9,1,19,,268256,15,0,7 43 44 47,1,98,,268257,17,0,16 17 9,1,95,,268258,17,0,16 17 9,1
3101,'20261111',625,,268259,7,0,37 43 44 47,1,20,,268260,7,0,37 43 44 47,1,61,,268261,17,0,43 44 47,1,22,,268262,7,0,37 43 44 47,1,75,,268263,15,0,5 43 44 47,1,100,,268264,15,0,5 43 44 47,1,1618,,268266,15,0,77 14 15 9,1,19,,268268,15,0,7 43 44 47,1,98,,268269,17,0,16 17 9,1,95,,268270,17,0,16 17 9,1
3101,'20261112',625,,268271,7,0,37 43 44 47,1,20,,268272,7,0,37 43 44 47,1,61,,268273,17,0,43 44 47,1,22,,268274,7,0,37 43 44 47,1,75,,268275,15,0,5 43 44 47,1,100,,268276,15,0,5 43 44 47,1,1618,,268278,15,0,77 14 15 9,1,19,,268280,15,0,7 43 44 47,1,98,,268281,17,0,16 17 9,1,95,,268282,17,0,16 17 9,1
3101,'20261113',625,,268283,7,0,37 43 44 47,1,20,,268284,7,0,37 43 44 47,1,61,,268285,17,0,43 44 47,1,22,,268286,7,0,37 43 44 47,1,75,,268287,15,0,5 43 44 47,1,100,,268288,15,0,5 43 44 47,1,1618,,268290,15,0,77 14 15 9,1,19,,268292,15,0,7 43 44 47,1,98,,268293,17,0,16 17 9,1,95,,268294,17,0,16 17 9,1
3101,'20261114',846,,268295,15,0,7 43 44 47,1,1702,,268298,15,0,77 14 15 9,1,60,,268299,17,0,16 17 9,1,30,,268300,17,0,78 14 15 9,1,65,,268301,17,0,16 17 9,1,30,,268302,17,0,16 17 9,1
3101,'20261115',846,,268303,15,0,7 43 44 47,1,1702,,268306,15,0,77 14 15 9,1,90,,268307,17,0,78 14 15 9,1,95,,268308,17,0,16 17 9,1
3101,'20261116',625,,268309,7,0,37 43 44 47,1,20,,268310,7,0,37 43 44 47,1,61,,268311,17,0,43 44 47,1,22,,268312,7,0,37 43 44 47,1,75,,268313,15,0,5 43 44 47,1,100,,268314,15,0,5 43 44 47,1,1618,,268316,15,0,77 14 15 9,1,19,,268318,15,0,7 43 44 47,1,98,,268319,17,0,16 17 9,1,95,,268320,17,0,16 17 9,1
3101,'20261117',625,,268321,7,0,37 43 44 47,1,20,,268322,7,0,37 43 44 47,1,61,,268323,17,0,43 44 47,1,22,,268324,7,0,37 43 44 47,1,75,,268325,15,0,5 43 44 47,1,100,,268326,15,0,5 43 44 47,1,1618,,268328,15,0,77 14 15 9,1,19,,268330,15,0,7 43 44 47,1,98,,268331,17,0,16 17 9,1,95,,268332,17,0,16 17 9,1
3101,'20261118',625,,268333,7,0,37 43 44 47,1,20,,268334,7,0,37 43 44 47,1,61,,268335,17,0,43 44 47,1,22,,268336,7,0,37 43 44 47,1,75,,268337,15,0,5 43 44 47,1,100,,268338,15,0,5 43 44 47,1,1618,,268340,15,0,77 14 15 9,1,19,,268342,15,0,7 43 44 47,1,98,,268343,17,0,16 17 9,1,95,,268344,17,0,16 17 9,1
3101,'20261119',625,,268345,7,0,37 43 44 47,1,20,,268346,7,0,37 43 44 47,1,61,,268347,17,0,43 44 47,1,22,,268348,7,0,37 43 44 47,1,75,,268349,15,0,5 43 44 47,1,100,,268350,15,0,5 43 44 47,1,1618,,268352,15,0,77 14 15 9,1,19,,268354,15,0,7 43 44 47,1,98,,268355,17,0,16 17 9,1,95,,268356,17,0,16 17 9,1
3101,'20261120',625,,268357,7,0,37 43 44 47,1,20,,268358,7,0,37 43 44 47,1,61,,268359,17,0,43 44 47,1,22,,268360,7,0,37 43 44 47,1,75,,268361,15,0,5 43 44 47,1,100,,268362,15,0,5 43 44 47,1,1618,,268364,15,0,77 14 15 9,1,19,,268366,15,0,7 43 44 47,1,98,,268367,17,0,16 17 9,1,95,,268368,17,0,16 17 9,1
3101,'20261121',846,,268369,15,0,7 43 44 47,1,1702,,268372,15,0,77 14 15 9,1,60,,268373,17,0,16 17 9,1,30,,268374,17,0,78 14 15 9,1,65,,268375,17,0,16 17 9,1,30,,268376,17,0,16 17 9,1
3101,'20261122',846,,268377,15,0,7 43 44 47,1,1702,,268380,15,0,77 14 15 9,1,90,,268381,17,0,78 14 15 9,1,95,,268382,17,0,16 17 9,1
3101,'20261123',625,,268383,7,0,37 43 44 47,1,20,,268384,7,0,37 43 44 47,1,61,,268385,17,0,43 44 47,1,22,,268386,7,0,37 43 44 47,1,75,,268387,15,0,5 43 44 47,1,100,,268388,15,0,5 43 44 47,1,1618,,268390,15,0,77 14 15 9,1,19,,268392,15,0,7 43 44 47,1,98,,268393,17,0,16 17 9,1,95,,268394,17,0,16 17 9,1
3101,'20261124',625,,268395,7,0,37 43 44 47,1,20,,268396,7,0,37 43 44 47,1,61,,268397,17,0,43 44 47,1,22,,268398,7,0,37 43 44 47,1,75,,268399,15,0,5 43 44 47,1,100,,268400,15,0,5 43 44 47,1,1618,,268402,15,0,77 14 15 9,1,19,,268404,15,0,7 43 44 47,1,98,,268405,17,0,16 17 9,1,95,,268406,17,0,16 17 9,1
3101,'20261125',625,,268407,7,0,37 43 44 47,1,20,,268408,7,0,37 43 44 47,1,61,,268409,17,0,43 44 47,1,22,,268410,7,0,37 43 44 47,1,75,,268411,15,0,5 43 44 47,1,100,,268412,15,0,5 43 44 47,1,1618,,268414,15,0,77 14 15 9,1,19,,268416,15,0,7 43 44 47,1,98,,268417,17,0,16 17 9,1,95,,268418,17,0,16 17 9,1
3101,'20261126',625,,268419,7,0,37 43 44 47,1,20,,268420,7,0,37 43 44 47,1,61,,268421,17,0,43 44 47,1,22,,268422,7,0,37 43 44 47,1,75,,268423,15,0,5 43 44 47,1,100,,268424,15,0,5 43 44 47,1,1618,,268426,15,0,77 14 15 9,1,19,,268428,15,0,7 43 44 47,1,98,,268429,17,0,16 17 9,1,95,,268430,17,0,16 17 9,1
3101,'20261127',625,,268431,7,0,37 43 44 47,1,20,,268432,7,0,37 43 44 47,1,61,,268433,17,0,43 44 47,1,22,,268434,7,0,37 43 44 47,1,75,,268435,15,0,5 43 44 47,1,100,,268436,15,0,5 43 44 47,1,1618,,268438,15,0,77 14 15 9,1,19,,268440,15,0,7 43 44 47,1,98,,268441,17,0,16 17 9,1,95,,268442,17,0,16 17 9,1
3301,'20260831',943,,172585,19,,,1,100,,172586,19,,,1,100,,172587,19,,,1,102,,172588,19,,,1,104,,172589,19,,,1,100,,172590,19,,,1,80,,172591,19,0,5 14 15 9,1,25,,172592,19,,,1,70,,172593,19,0,5 14 15 9,1,23,,172594,19,0,16 17 9,1,62,,172595,19,,,1,33,,172596,19,0,5 14 15 9,1,17,,172597,19,,,1,59,,172598,19,0,5 14 15 9,1,18,,172599,19,0,16 17 9,1,9,,172600,19,0,5 14 15 9,1,57,,172601,19,0,16 17 9,1,18,,172602,19,0,5 14 15 9,1,24,,172603,19,0,5 14 15 9,1,13,,172604,19,,,1,69,,172605,19,0,5 14 15 9,1,23,,172606,19,0,16 17 9,1,62,,172607,19,0,5 14 15 9,1,31,,172608,19,,,1,69,,172609,19,0,5 14 15 9,1,30,,172610,19,0,16 17 9,1,70,,172611,19,0,5 14 15 9,1,24,,172612,19,,,1,100,,172613,19,0,16 17 9,1
3301,'20260901',943,,172617,19,,,1,100,,172618,19,,,1,100,,172619,19,,,1,102,,172620,19,,,1,104,,172621,19,,,1,100,,172622,19,,,1,80,,172623,19,0,5 14 15 9,1,25,,172624,19,,,1,70,,172625,19,0,5 14 15 9,1,23,,172626,19,0,16 17 9,1,62,,172627,19,,,1,33,,172628,19,0,5 14 15 9,1,17,,172629,19,,,1,59,,172630,19,0,5 14 15 9,1,18,,172631,19,0,16 17 9,1,9,,172632,19,0,5 14 15 9,1,57,,172633,19,0,16 17 9,1,18,,172634,19,0,5 14 15 9,1,24,,172635,19,0,5 14 15 9,1,13,,172636,19,,,1,69,,172637,19,0,5 14 15 9,1,23,,172638,19,0,16 17 9,1,62,,172639,19,0,5 14 15 9,1,31,,172640,19,,,1,69,,172641,19,0,5 14 15 9,1,30,,172642,19,0,16 17 9,1,70,,172643,19,0,5 14 15 9,1,24,,172644,19,,,1,100,,172645,19,0,16 17 9,1
3301,'20260902',943,,172649,19,,,1,100,,172650,19,,,1,100,,172651,19,,,1,102,,172652,19,,,1,104,,172653,19,,,1,100,,172654,19,,,1,80,,172655,19,0,5 14 15 9,1,25,,172656,19,,,1,70,,172657,19,0,5 14 15 9,1,23,,172658,19,0,16 17 9,1,62,,172659,19,,,1,33,,172660,19,0,5 14 15 9,1,17,,172661,19,,,1,59,,172662,19,0,5 14 15 9,1,18,,172663,19,0,16 17 9,1,9,,172664,19,0,5 14 15 9,1,57,,172665,19,0,16 17 9,1,18,,172666,19,0,5 14 15 9,1,24,,172667,19,0,5 14 15 9,1,13,,172668,19,,,1,69,,172669,19,0,5 14 15 9,1,23,,172670,19,0,16 17 9,1,62,,172671,19,0,5 14 15 9,1,31,,172672,19,,,1,69,,172673,19,0,5 14 15 9,1,30,,172674,19,0,16 17 9,1,70,,172675,19,0,5 14 15 9,1,24,,172676,19,,,1,100,,172677,19,0,16 17 9,1
3301,'20260903',943,,172681,19,,,1,100,,172682,19,,,1,100,,172683,19,,,1,102,,172684,19,,,1,104,,172685,19,,,1,100,,172686,19,,,1,80,,172687,19,0,5 14 15 9,1,25,,172688,19,,,1,70,,172689,19,0,5 14 15 9,1,23,,172690,19,0,16 17 9,1,62,,172691,19,,,1,33,,172692,19,0,5 14 15 9,1,17,,172693,19,,,1,59,,172694,19,0,5 14 15 9,1,18,,172695,19,0,16 17 9,1,9,,172696,19,0,5 14 15 9,1,57,,172697,19,0,16 17 9,1,18,,172698,19,0,5 14 15 9,1,24,,172699,19,0,5 14 15 9,1,13,,172700,19,,,1,69,,172701,19,0,5 14 15 9,1,23,,172702,19,0,16 17 9,1,62,,172703,19,0,5 14 15 9,1,31,,172704,19,,,1,69,,172705,19,0,5 14 15 9,1,30,,172706,19,0,16 17 9,1,70,,172707,19,0,5 14 15 9,1,24,,172708,19,,,1,100,,172709,19,0,16 17 9,1
3301,'20260904',943,,172713,19,,,1,100,,172714,19,,,1,100,,172715,19,,,1,102,,172716,19,,,1,104,,172717,19,,,1,100,,172718,19,,,1,80,,172719,19,0,5 14 15 9,1,25,,172720,19,,,1,70,,172721,19,0,5 14 15 9,1,23,,172722,19,0,16 17 9,1,62,,172723,19,,,1,33,,172724,19,0,5 14 15 9,1,17,,172725,19,,,1,59,,172726,19,0,5 14 15 9,1,18,,172727,19,0,16 17 9,1,9,,172728,19,0,5 14 15 9,1,57,,172729,19,0,16 17 9,1,18,,172730,19,0,5 14 15 9,1,24,,172731,19,0,5 14 15 9,1,13,,172732,19,,,1,69,,172733,19,0,5 14 15 9,1,23,,172734,19,0,16 17 9,1,62,,172735,19,0,5 14 15 9,1,31,,172736,19,,,1,69,,172737,19,0,5 14 15 9,1,30,,172738,19,0,16 17 9,1,70,,172739,19,0,5 14 15 9,1,24,,172740,19,,,1,100,,172741,19,0,16 17 9,1
3301,'20260905',1042,,273138,19,,,1,202,,273140,19,,,1,197,,273142,19,,,1,200,,273144,19,,,1,200,,273145,19,,,1,200,,273146,19,,,1,200,,273147,19,,,1,204,,273148,19,,,1
3301,'20260906',1042,,273150,19,,,1,202,,273152,19,,,1,197,,273154,19,,,1,200,,273156,19,,,1,200,,273157,19,,,1,200,,273158,19,,,1,200,,273159,19,,,1,204,,273160,19,,,1
3301,'20260907',1042,,273162,19,,,1,202,,273164,19,,,1,197,,273166,19,,,1,200,,273168,19,,,1,200,,273169,19,,,1,200,,273170,19,,,1,200,,273171,19,,,1,204,,273172,19,,,1
3301,'20260908',943,,273175,19,,,1,100,,273176,19,,,1,100,,273177,19,,,1,102,,273178,19,,,1,104,,273179,19,,,1,100,,273180,19,,,1,80,,273181,19,0,5 14 15 9,1,25,,273182,19,,,1,70,,273183,19,0,5 14 15 9,1,23,,273184,19,0,16 17 9,1,62,,273185,19,,,1,33,,273186,19,0,5 14 15 9,1,17,,273187,19,,,1,59,,273188,19,0,5 14 15 9,1,18,,273189,19,0,16 17 9,1,9,,273190,19,0,5 14 15 9,1,57,,273191,19,0,16 17 9,1,18,,273192,19,0,5 14 15 9,1,24,,273193,19,0,5 14 15 9,1,13,,273194,19,,,1,69,,273195,19,0,5 14 15 9,1,23,,273196,19,0,16 17 9,1,67,,273197,19,0,5 14 15 9,1,26,,273198,19,,,1,69,,273199,19,0,5 14 15 9,1,30,,273200,19,0,16 17 9,1,70,,273201,19,0,5 14 15 9,1,24,,273202,19,,,1,100,,273203,19,0,16 17 9,1
3301,'20260909',943,,273207,19,,,1,100,,273208,19,,,1,100,,273209,19,,,1,102,,273210,19,,,1,104,,273211,19,,,1,100,,273212,19,,,1,80,,273213,19,0,5 14 15 9,1,25,,273214,19,,,1,70,,273215,19,0,5 14 15 9,1,23,,273216,19,0,16 17 9,1,62,,273217,19,,,1,33,,273218,19,0,5 14 15 9,1,17,,273219,19,,,1,59,,273220,19,0,5 14 15 9,1,18,,273221,19,0,16 17 9,1,9,,273222,19,0,5 14 15 9,1,57,,273223,19,0,16 17 9,1,18,,273224,19,0,5 14 15 9,1,24,,273225,19,0,5 14 15 9,1,13,,273226,19,,,1,69,,273227,19,0,5 14 15 9,1,23,,273228,19,0,16 17 9,1,67,,273229,19,0,5 14 15 9,1,26,,273230,19,,,1,69,,273231,19,0,5 14 15 9,1,30,,273232,19,0,16 17 9,1,70,,273233,19,0,5 14 15 9,1,24,,273234,19,,,1,100,,273235,19,0,16 17 9,1
3301,'20260910',943,,273239,19,,,1,100,,273240,19,,,1,100,,273241,19,,,1,102,,273242,19,,,1,104,,273243,19,,,1,100,,273244,19,,,1,80,,273245,19,0,5 14 15 9,1,25,,273246,19,,,1,70,,273247,19,0,5 14 15 9,1,23,,273248,19,0,16 17 9,1,62,,273249,19,,,1,33,,273250,19,0,5 14 15 9,1,17,,273251,19,,,1,59,,273252,19,0,5 14 15 9,1,18,,273253,19,0,16 17 9,1,9,,273254,19,0,5 14 15 9,1,57,,273255,19,0,16 17 9,1,18,,273256,19,0,5 14 15 9,1,24,,273257,19,0,5 14 15 9,1,13,,273258,19,,,1,69,,273259,19,0,5 14 15 9,1,23,,273260,19,0,16 17 9,1,67,,273261,19,0,5 14 15 9,1,26,,273262,19,,,1,69,,273263,19,0,5 14 15 9,1,30,,273264,19,0,16 17 9,1,70,,273265,19,0,5 14 15 9,1,24,,273266,19,,,1,100,,273267,19,0,16 17 9,1
3301,'20260911',943,,273271,19,,,1,100,,273272,19,,,1,100,,273273,19,,,1,102,,273274,19,,,1,104,,273275,19,,,1,100,,273276,19,,,1,80,,273277,19,0,5 14 15 9,1,25,,273278,19,,,1,70,,273279,19,0,5 14 15 9,1,23,,273280,19,0,16 17 9,1,62,,273281,19,,,1,33,,273282,19,0,5 14 15 9,1,17,,273283,19,,,1,59,,273284,19,0,5 14 15 9,1,18,,273285,19,0,16 17 9,1,9,,273286,19,0,5 14 15 9,1,57,,273287,19,0,16 17 9,1,18,,273288,19,0,5 14 15 9,1,24,,273289,19,0,5 14 15 9,1,13,,273290,19,,,1,69,,273291,19,0,5 14 15 9,1,23,,273292,19,0,16 17 9,1,67,,273293,19,0,5 14 15 9,1,26,,273294,19,,,1,69,,273295,19,0,5 14 15 9,1,30,,273296,19,0,16 17 9,1,70,,273297,19,0,5 14 15 9,1,24,,273298,19,,,1,100,,273299,19,0,16 17 9,1
3301,'20260912',1042,,273302,19,,,1,202,,273304,19,,,1,197,,273306,19,,,1,200,,273308,19,,,1,200,,273309,19,,,1,200,,273310,19,,,1,200,,273311,19,,,1,204,,273312,19,,,1
3301,'20260913',1042,,273314,19,,,1,202,,273316,19,,,1,197,,273318,19,,,1,200,,273320,19,,,1,200,,273321,19,,,1,200,,273322,19,,,1,200,,273323,19,,,1,204,,273324,19,,,1
3301,'20260914',943,,273327,19,,,1,100,,273328,19,,,1,100,,273329,19,,,1,102,,273330,19,,,1,104,,273331,19,,,1,100,,273332,19,,,1,80,,273333,19,0,5 14 15 9,1,25,,273334,19,,,1,70,,273335,19,0,5 14 15 9,1,23,,273336,19,0,16 17 9,1,62,,273337,19,,,1,33,,273338,19,0,5 14 15 9,1,17,,273339,19,,,1,59,,273340,19,0,5 14 15 9,1,18,,273341,19,0,16 17 9,1,9,,273342,19,0,5 14 15 9,1,57,,273343,19,0,16 17 9,1,18,,273344,19,0,5 14 15 9,1,24,,273345,19,0,5 14 15 9,1,13,,273346,19,,,1,69,,273347,19,0,5 14 15 9,1,23,,273348,19,0,16 17 9,1,67,,273349,19,0,5 14 15 9,1,26,,273350,19,,,1,69,,273351,19,0,5 14 15 9,1,30,,273352,19,0,16 17 9,1,70,,273353,19,0,5 14 15 9,1,24,,273354,19,,,1,100,,273355,19,0,16 17 9,1
3301,'20260915',943,,273359,19,,,1,100,,273360,19,,,1,100,,273361,19,,,1,102,,273362,19,,,1,104,,273363,19,,,1,100,,273364,19,,,1,80,,273365,19,0,5 14 15 9,1,25,,273366,19,,,1,70,,273367,19,0,5 14 15 9,1,23,,273368,19,0,16 17 9,1,62,,273369,19,,,1,33,,273370,19,0,5 14 15 9,1,17,,273371,19,,,1,59,,273372,19,0,5 14 15 9,1,18,,273373,19,0,16 17 9,1,9,,273374,19,0,5 14 15 9,1,57,,273375,19,0,16 17 9,1,18,,273376,19,0,5 14 15 9,1,24,,273377,19,0,5 14 15 9,1,13,,273378,19,,,1,69,,273379,19,0,5 14 15 9,1,23,,273380,19,0,16 17 9,1,67,,273381,19,0,5 14 15 9,1,26,,273382,19,,,1,69,,273383,19,0,5 14 15 9,1,30,,273384,19,0,16 17 9,1,70,,273385,19,0,5 14 15 9,1,24,,273386,19,,,1,100,,273387,19,0,16 17 9,1
3301,'20260916',943,,273391,19,,,1,100,,273392,19,,,1,100,,273393,19,,,1,102,,273394,19,,,1,104,,273395,19,,,1,100,,273396,19,,,1,80,,273397,19,0,5 14 15 9,1,25,,273398,19,,,1,70,,273399,19,0,5 14 15 9,1,23,,273400,19,0,16 17 9,1,62,,273401,19,,,1,33,,273402,19,0,5 14 15 9,1,17,,273403,19,,,1,59,,273404,19,0,5 14 15 9,1,18,,273405,19,0,16 17 9,1,9,,273406,19,0,5 14 15 9,1,57,,273407,19,0,16 17 9,1,18,,273408,19,0,5 14 15 9,1,24,,273409,19,0,5 14 15 9,1,13,,273410,19,,,1,69,,273411,19,0,5 14 15 9,1,23,,273412,19,0,16 17 9,1,67,,273413,19,0,5 14 15 9,1,26,,273414,19,,,1,69,,273415,19,0,5 14 15 9,1,30,,273416,19,0,16 17 9,1,70,,273417,19,0,5 14 15 9,1,24,,273418,19,,,1,100,,273419,19,0,16 17 9,1
3301,'20260917',943,,273423,19,,,1,100,,273424,19,,,1,100,,273425,19,,,1,102,,273426,19,,,1,104,,273427,19,,,1,100,,273428,19,,,1,80,,273429,19,0,5 14 15 9,1,25,,273430,19,,,1,70,,273431,19,0,5 14 15 9,1,23,,273432,19,0,16 17 9,1,62,,273433,19,,,1,33,,273434,19,0,5 14 15 9,1,17,,273435,19,,,1,59,,273436,19,0,5 14 15 9,1,18,,273437,19,0,16 17 9,1,9,,273438,19,0,5 14 15 9,1,57,,273439,19,0,16 17 9,1,18,,273440,19,0,5 14 15 9,1,24,,273441,19,0,5 14 15 9,1,13,,273442,19,,,1,69,,273443,19,0,5 14 15 9,1,23,,273444,19,0,16 17 9,1,67,,273445,19,0,5 14 15 9,1,26,,273446,19,,,1,69,,273447,19,0,5 14 15 9,1,30,,273448,19,0,16 17 9,1,70,,273449,19,0,5 14 15 9,1,24,,273450,19,,,1,100,,273451,19,0,16 17 9,1
3301,'20260918',943,,273455,19,,,1,100,,273456,19,,,1,100,,273457,19,,,1,102,,273458,19,,,1,104,,273459,19,,,1,100,,273460,19,,,1,80,,273461,19,0,5 14 15 9,1,25,,273462,19,,,1,70,,273463,19,0,5 14 15 9,1,23,,273464,19,0,16 17 9,1,62,,273465,19,,,1,33,,273466,19,0,5 14 15 9,1,17,,273467,19,,,1,59,,273468,19,0,5 14 15 9,1,18,,273469,19,0,16 17 9,1,9,,273470,19,0,5 14 15 9,1,57,,273471,19,0,16 17 9,1,18,,273472,19,0,5 14 15 9,1,24,,273473,19,0,5 14 15 9,1,13,,273474,19,,,1,69,,273475,19,0,5 14 15 9,1,23,,273476,19,0,16 17 9,1,67,,273477,19,0,5 14 15 9,1,26,,273478,19,,,1,69,,273479,19,0,5 14 15 9,1,30,,273480,19,0,16 17 9,1,70,,273481,19,0,5 14 15 9,1,24,,273482,19,,,1,100,,273483,19,0,16 17 9,1
3301,'20260919',1042,,273486,19,,,1,202,,273488,19,,,1,197,,273490,19,,,1,200,,273492,19,,,1,200,,273493,19,,,1,200,,273494,19,,,1,200,,273495,19,,,1,204,,273496,19,,,1
3301,'20260920',1042,,273498,19,,,1,202,,273500,19,,,1,197,,273502,19,,,1,200,,273504,19,,,1,200,,273505,19,,,1,200,,273506,19,,,1,200,,273507,19,,,1,204,,273508,19,,,1
3301,'20260921',943,,273511,19,,,1,100,,273512,19,,,1,100,,273513,19,,,1,102,,273514,19,,,1,104,,273515,19,,,1,100,,273516,19,,,1,80,,273517,19,0,5 14 15 9,1,25,,273518,19,,,1,70,,273519,19,0,5 14 15 9,1,23,,273520,19,0,16 17 9,1,62,,273521,19,,,1,33,,273522,19,0,5 14 15 9,1,17,,273523,19,,,1,59,,273524,19,0,5 14 15 9,1,18,,273525,19,0,16 17 9,1,9,,273526,19,0,5 14 15 9,1,57,,273527,19,0,16 17 9,1,18,,273528,19,0,5 14 15 9,1,24,,273529,19,0,5 14 15 9,1,13,,273530,19,,,1,69,,273531,19,0,5 14 15 9,1,23,,273532,19,0,16 17 9,1,67,,273533,19,0,5 14 15 9,1,26,,273534,19,,,1,69,,273535,19,0,5 14 15 9,1,30,,273536,19,0,16 17 9,1,70,,273537,19,0,5 14 15 9,1,24,,273538,19,,,1,100,,273539,19,0,16 17 9,1
3301,'20260922',943,,273543,19,,,1,100,,273544,19,,,1,100,,273545,19,,,1,102,,273546,19,,,1,104,,273547,19,,,1,100,,273548,19,,,1,80,,273549,19,0,5 14 15 9,1,25,,273550,19,,,1,70,,273551,19,0,5 14 15 9,1,23,,273552,19,0,16 17 9,1,62,,273553,19,,,1,33,,273554,19,0,5 14 15 9,1,17,,273555,19,,,1,59,,273556,19,0,5 14 15 9,1,18,,273557,19,0,16 17 9,1,9,,273558,19,0,5 14 15 9,1,57,,273559,19,0,16 17 9,1,18,,273560,19,0,5 14 15 9,1,24,,273561,19,0,5 14 15 9,1,13,,273562,19,,,1,69,,273563,19,0,5 14 15 9,1,23,,273564,19,0,16 17 9,1,67,,273565,19,0,5 14 15 9,1,26,,273566,19,,,1,69,,273567,19,0,5 14 15 9,1,30,,273568,19,0,16 17 9,1,70,,273569,19,0,5 14 15 9,1,24,,273570,19,,,1,100,,273571,19,0,16 17 9,1
3301,'20260923',943,,273575,19,,,1,100,,273576,19,,,1,100,,273577,19,,,1,102,,273578,19,,,1,104,,273579,19,,,1,100,,273580,19,,,1,80,,273581,19,0,5 14 15 9,1,25,,273582,19,,,1,70,,273583,19,0,5 14 15 9,1,23,,273584,19,0,16 17 9,1,62,,273585,19,,,1,33,,273586,19,0,5 14 15 9,1,17,,273587,19,,,1,59,,273588,19,0,5 14 15 9,1,18,,273589,19,0,16 17 9,1,9,,273590,19,0,5 14 15 9,1,57,,273591,19,0,16 17 9,1,18,,273592,19,0,5 14 15 9,1,24,,273593,19,0,5 14 15 9,1,13,,273594,19,,,1,69,,273595,19,0,5 14 15 9,1,23,,273596,19,0,16 17 9,1,67,,273597,19,0,5 14 15 9,1,26,,273598,19,,,1,69,,273599,19,0,5 14 15 9,1,30,,273600,19,0,16 17 9,1,70,,273601,19,0,5 14 15 9,1,24,,273602,19,,,1,100,,273603,19,0,16 17 9,1
3301,'20260924',943,,273607,19,,,1,100,,273608,19,,,1,100,,273609,19,,,1,102,,273610,19,,,1,104,,273611,19,,,1,100,,273612,19,,,1,80,,273613,19,0,5 14 15 9,1,25,,273614,19,,,1,70,,273615,19,0,5 14 15 9,1,23,,273616,19,0,16 17 9,1,62,,273617,19,,,1,33,,273618,19,0,5 14 15 9,1,17,,273619,19,,,1,59,,273620,19,0,5 14 15 9,1,18,,273621,19,0,16 17 9,1,9,,273622,19,0,5 14 15 9,1,57,,273623,19,0,16 17 9,1,18,,273624,19,0,5 14 15 9,1,24,,273625,19,0,5 14 15 9,1,13,,273626,19,,,1,69,,273627,19,0,5 14 15 9,1,23,,273628,19,0,16 17 9,1,67,,273629,19,0,5 14 15 9,1,26,,273630,19,,,1,69,,273631,19,0,5 14 15 9,1,30,,273632,19,0,16 17 9,1,70,,273633,19,0,5 14 15 9,1,24,,273634,19,,,1,100,,273635,19,0,16 17 9,1
3301,'20260925',943,,273639,19,,,1,100,,273640,19,,,1,100,,273641,19,,,1,102,,273642,19,,,1,104,,273643,19,,,1,100,,273644,19,,,1,80,,273645,19,0,5 14 15 9,1,25,,273646,19,,,1,70,,273647,19,0,5 14 15 9,1,23,,273648,19,0,16 17 9,1,62,,273649,19,,,1,33,,273650,19,0,5 14 15 9,1,17,,273651,19,,,1,59,,273652,19,0,5 14 15 9,1,18,,273653,19,0,16 17 9,1,9,,273654,19,0,5 14 15 9,1,57,,273655,19,0,16 17 9,1,18,,273656,19,0,5 14 15 9,1,24,,273657,19,0,5 14 15 9,1,13,,273658,19,,,1,69,,273659,19,0,5 14 15 9,1,23,,273660,19,0,16 17 9,1,67,,273661,19,0,5 14 15 9,1,26,,273662,19,,,1,69,,273663,19,0,5 14 15 9,1,30,,273664,19,0,16 17 9,1,70,,273665,19,0,5 14 15 9,1,24,,273666,19,,,1,100,,273667,19,0,16 17 9,1
3301,'20260926',1042,,273670,19,,,1,202,,273672,19,,,1,197,,273674,19,,,1,200,,273676,19,,,1,200,,273677,19,,,1,200,,273678,19,,,1,200,,273679,19,,,1,204,,273680,19,,,1
3301,'20260927',1042,,273682,19,,,1,202,,273684,19,,,1,197,,273686,19,,,1,200,,273688,19,,,1,200,,273689,19,,,1,200,,273690,19,,,1,200,,273691,19,,,1,204,,273692,19,,,1
3301,'20260928',943,,273695,19,,,1,100,,273696,19,,,1,100,,273697,19,,,1,102,,273698,19,,,1,104,,273699,19,,,1,100,,273700,19,,,1,80,,273701,19,0,5 14 15 9,1,25,,273702,19,,,1,70,,273703,19,0,5 14 15 9,1,23,,273704,19,0,16 17 9,1,62,,273705,19,,,1,33,,273706,19,0,5 14 15 9,1,17,,273707,19,,,1,59,,273708,19,0,5 14 15 9,1,18,,273709,19,0,16 17 9,1,9,,273710,19,0,5 14 15 9,1,57,,273711,19,0,16 17 9,1,18,,273712,19,0,5 14 15 9,1,24,,273713,19,0,5 14 15 9,1,13,,273714,19,,,1,69,,273715,19,0,5 14 15 9,1,23,,273716,19,0,16 17 9,1,67,,273717,19,0,5 14 15 9,1,26,,273718,19,,,1,69,,273719,19,0,5 14 15 9,1,30,,273720,19,0,16 17 9,1,70,,273721,19,0,5 14 15 9,1,24,,273722,19,,,1,100,,273723,19,0,16 17 9,1
3301,'20260929',943,,273727,19,,,1,100,,273728,19,,,1,100,,273729,19,,,1,102,,273730,19,,,1,104,,273731,19,,,1,100,,273732,19,,,1,80,,273733,19,0,5 14 15 9,1,25,,273734,19,,,1,70,,273735,19,0,5 14 15 9,1,23,,273736,19,0,16 17 9,1,62,,273737,19,,,1,33,,273738,19,0,5 14 15 9,1,17,,273739,19,,,1,59,,273740,19,0,5 14 15 9,1,18,,273741,19,0,16 17 9,1,9,,273742,19,0,5 14 15 9,1,57,,273743,19,0,16 17 9,1,18,,273744,19,0,5 14 15 9,1,24,,273745,19,0,5 14 15 9,1,13,,273746,19,,,1,69,,273747,19,0,5 14 15 9,1,23,,273748,19,0,16 17 9,1,67,,273749,19,0,5 14 15 9,1,26,,273750,19,,,1,69,,273751,19,0,5 14 15 9,1,30,,273752,19,0,16 17 9,1,70,,273753,19,0,5 14 15 9,1,24,,273754,19,,,1,100,,273755,19,0,16 17 9,1
3301,'20260930',943,,273759,19,,,1,100,,273760,19,,,1,100,,273761,19,,,1,102,,273762,19,,,1,104,,273763,19,,,1,100,,273764,19,,,1,80,,273765,19,0,5 14 15 9,1,25,,273766,19,,,1,70,,273767,19,0,5 14 15 9,1,23,,273768,19,0,16 17 9,1,62,,273769,19,,,1,33,,273770,19,0,5 14 15 9,1,17,,273771,19,,,1,59,,273772,19,0,5 14 15 9,1,18,,273773,19,0,16 17 9,1,9,,273774,19,0,5 14 15 9,1,57,,273775,19,0,16 17 9,1,18,,273776,19,0,5 14 15 9,1,24,,273777,19,0,5 14 15 9,1,13,,273778,19,,,1,69,,273779,19,0,5 14 15 9,1,23,,273780,19,0,16 17 9,1,67,,273781,19,0,5 14 15 9,1,26,,273782,19,,,1,69,,273783,19,0,5 14 15 9,1,30,,273784,19,0,16 17 9,1,70,,273785,19,0,5 14 15 9,1,24,,273786,19,,,1,100,,273787,19,0,16 17 9,1
3301,'20261001',943,,273791,19,,,1,100,,273792,19,,,1,100,,273793,19,,,1,102,,273794,19,,,1,104,,273795,19,,,1,100,,273796,19,,,1,80,,273797,19,0,5 14 15 9,1,25,,273798,19,,,1,70,,273799,19,0,5 14 15 9,1,23,,273800,19,0,16 17 9,1,62,,273801,19,,,1,33,,273802,19,0,5 14 15 9,1,17,,273803,19,,,1,59,,273804,19,0,5 14 15 9,1,18,,273805,19,0,16 17 9,1,9,,273806,19,0,5 14 15 9,1,57,,273807,19,0,16 17 9,1,18,,273808,19,0,5 14 15 9,1,24,,273809,19,0,5 14 15 9,1,13,,273810,19,,,1,69,,273811,19,0,5 14 15 9,1,23,,273812,19,0,16 17 9,1,67,,273813,19,0,5 14 15 9,1,26,,273814,19,,,1,69,,273815,19,0,5 14 15 9,1,30,,273816,19,0,16 17 9,1,70,,273817,19,0,5 14 15 9,1,24,,273818,19,,,1,100,,273819,19,0,16 17 9,1
3301,'20261002',943,,273823,19,,,1,100,,273824,19,,,1,100,,273825,19,,,1,102,,273826,19,,,1,104,,273827,19,,,1,100,,273828,19,,,1,80,,273829,19,0,5 14 15 9,1,25,,273830,19,,,1,70,,273831,19,0,5 14 15 9,1,23,,273832,19,0,16 17 9,1,62,,273833,19,,,1,33,,273834,19,0,5 14 15 9,1,17,,273835,19,,,1,59,,273836,19,0,5 14 15 9,1,18,,273837,19,0,16 17 9,1,9,,273838,19,0,5 14 15 9,1,57,,273839,19,0,16 17 9,1,18,,273840,19,0,5 14 15 9,1,24,,273841,19,0,5 14 15 9,1,13,,273842,19,,,1,69,,273843,19,0,5 14 15 9,1,23,,273844,19,0,16 17 9,1,67,,273845,19,0,5 14 15 9,1,26,,273846,19,,,1,69,,273847,19,0,5 14 15 9,1,30,,273848,19,0,16 17 9,1,70,,273849,19,0,5 14 15 9,1,24,,273850,19,,,1,100,,273851,19,0,16 17 9,1
3301,'20261003',1042,,273854,19,,,1,202,,273856,19,,,1,197,,273858,19,,,1,200,,273860,19,,,1,200,,273861,19,,,1,200,,273862,19,,,1,200,,273863,19,,,1,204,,273864,19,,,1
3301,'20261004',1042,,273866,19,,,1,202,,273868,19,,,1,197,,273870,19,,,1,200,,273872,19,,,1,200,,273873,19,,,1,200,,273874,19,,,1,200,,273875,19,,,1,204,,273876,19,,,1
3301,'20261005',943,,273879,19,,,1,100,,273880,19,,,1,100,,273881,19,,,1,102,,273882,19,,,1,104,,273883,19,,,1,100,,273884,19,,,1,80,,273885,19,0,5 14 15 9,1,25,,273886,19,,,1,70,,273887,19,0,5 14 15 9,1,23,,273888,19,0,16 17 9,1,62,,273889,19,,,1,33,,273890,19,0,5 14 15 9,1,17,,273891,19,,,1,59,,273892,19,0,5 14 15 9,1,18,,273893,19,0,16 17 9,1,9,,273894,19,0,5 14 15 9,1,57,,273895,19,0,16 17 9,1,18,,273896,19,0,5 14 15 9,1,24,,273897,19,0,5 14 15 9,1,13,,273898,19,,,1,69,,273899,19,0,5 14 15 9,1,23,,273900,19,0,16 17 9,1,67,,273901,19,0,5 14 15 9,1,26,,273902,19,,,1,69,,273903,19,0,5 14 15 9,1,30,,273904,19,0,16 17 9,1,70,,273905,19,0,5 14 15 9,1,24,,273906,19,,,1,100,,273907,19,0,16 17 9,1
3301,'20261006',943,,273911,19,,,1,100,,273912,19,,,1,100,,273913,19,,,1,102,,273914,19,,,1,104,,273915,19,,,1,100,,273916,19,,,1,80,,273917,19,0,5 14 15 9,1,25,,273918,19,,,1,70,,273919,19,0,5 14 15 9,1,23,,273920,19,0,16 17 9,1,62,,273921,19,,,1,33,,273922,19,0,5 14 15 9,1,17,,273923,19,,,1,59,,273924,19,0,5 14 15 9,1,18,,273925,19,0,16 17 9,1,9,,273926,19,0,5 14 15 9,1,57,,273927,19,0,16 17 9,1,18,,273928,19,0,5 14 15 9,1,24,,273929,19,0,5 14 15 9,1,13,,273930,19,,,1,69,,273931,19,0,5 14 15 9,1,23,,273932,19,0,16 17 9,1,67,,273933,19,0,5 14 15 9,1,26,,273934,19,,,1,69,,273935,19,0,5 14 15 9,1,30,,273936,19,0,16 17 9,1,70,,273937,19,0,5 14 15 9,1,24,,273938,19,,,1,100,,273939,19,0,16 17 9,1
3301,'20261007',943,,273943,19,,,1,100,,273944,19,,,1,100,,273945,19,,,1,102,,273946,19,,,1,104,,273947,19,,,1,100,,273948,19,,,1,80,,273949,19,0,5 14 15 9,1,25,,273950,19,,,1,70,,273951,19,0,5 14 15 9,1,23,,273952,19,0,16 17 9,1,62,,273953,19,,,1,33,,273954,19,0,5 14 15 9,1,17,,273955,19,,,1,59,,273956,19,0,5 14 15 9,1,18,,273957,19,0,16 17 9,1,9,,273958,19,0,5 14 15 9,1,57,,273959,19,0,16 17 9,1,18,,273960,19,0,5 14 15 9,1,24,,273961,19,0,5 14 15 9,1,13,,273962,19,,,1,69,,273963,19,0,5 14 15 9,1,23,,273964,19,0,16 17 9,1,67,,273965,19,0,5 14 15 9,1,26,,273966,19,,,1,69,,273967,19,0,5 14 15 9,1,30,,273968,19,0,16 17 9,1,70,,273969,19,0,5 14 15 9,1,24,,273970,19,,,1,100,,273971,19,0,16 17 9,1
3301,'20261008',943,,273975,19,,,1,100,,273976,19,,,1,100,,273977,19,,,1,102,,273978,19,,,1,104,,273979,19,,,1,100,,273980,19,,,1,80,,273981,19,0,5 14 15 9,1,25,,273982,19,,,1,70,,273983,19,0,5 14 15 9,1,23,,273984,19,0,16 17 9,1,62,,273985,19,,,1,33,,273986,19,0,5 14 15 9,1,17,,273987,19,,,1,59,,273988,19,0,5 14 15 9,1,18,,273989,19,0,16 17 9,1,9,,273990,19,0,5 14 15 9,1,57,,273991,19,0,16 17 9,1,18,,273992,19,0,5 14 15 9,1,24,,273993,19,0,5 14 15 9,1,13,,273994,19,,,1,69,,273995,19,0,5 14 15 9,1,23,,273996,19,0,16 17 9,1,67,,273997,19,0,5 14 15 9,1,26,,273998,19,,,1,69,,273999,19,0,5 14 15 9,1,30,,274000,19,0,16 17 9,1,70,,274001,19,0,5 14 15 9,1,24,,274002,19,,,1,100,,274003,19,0,16 17 9,1
3301,'20261009',943,,274007,19,,,1,100,,274008,19,,,1,100,,274009,19,,,1,102,,274010,19,,,1,104,,274011,19,,,1,100,,274012,19,,,1,80,,274013,19,0,5 14 15 9,1,25,,274014,19,,,1,70,,274015,19,0,5 14 15 9,1,23,,274016,19,0,16 17 9,1,62,,274017,19,,,1,33,,274018,19,0,5 14 15 9,1,17,,274019,19,,,1,59,,274020,19,0,5 14 15 9,1,18,,274021,19,0,16 17 9,1,9,,274022,19,0,5 14 15 9,1,57,,274023,19,0,16 17 9,1,18,,274024,19,0,5 14 15 9,1,24,,274025,19,0,5 14 15 9,1,13,,274026,19,,,1,69,,274027,19,0,5 14 15 9,1,23,,274028,19,0,16 17 9,1,67,,274029,19,0,5 14 15 9,1,26,,274030,19,,,1,69,,274031,19,0,5 14 15 9,1,30,,274032,19,0,16 17 9,1,70,,274033,19,0,5 14 15 9,1,24,,274034,19,,,1,100,,274035,19,0,16 17 9,1
3301,'20261010',1042,,274038,19,,,1,202,,274040,19,,,1,197,,274042,19,,,1,200,,274044,19,,,1,200,,274045,19,,,1,200,,274046,19,,,1,200,,274047,19,,,1,204,,274048,19,,,1
3301,'20261011',1042,,274050,19,,,1,202,,274052,19,,,1,197,,274054,19,,,1,200,,274056,19,,,1,200,,274057,19,,,1,200,,274058,19,,,1,200,,274059,19,,,1,204,,274060,19,,,1
3301,'20261012',1042,,274062,19,,,1,202,,274064,19,,,1,197,,274066,19,,,1,200,,274068,19,,,1,200,,274069,19,,,1,200,,274070,19,,,1,200,,274071,19,,,1,204,,274072,19,,,1
3301,'20261013',943,,274075,19,,,1,100,,274076,19,,,1,100,,274077,19,,,1,102,,274078,19,,,1,104,,274079,19,,,1,100,,274080,19,,,1,80,,274081,19,0,5 14 15 9,1,25,,274082,19,,,1,70,,274083,19,0,5 14 15 9,1,23,,274084,19,0,16 17 9,1,62,,274085,19,,,1,33,,274086,19,0,5 14 15 9,1,17,,274087,19,,,1,59,,274088,19,0,5 14 15 9,1,18,,274089,19,0,16 17 9,1,9,,274090,19,0,5 14 15 9,1,57,,274091,19,0,16 17 9,1,18,,274092,19,0,5 14 15 9,1,24,,274093,19,0,5 14 15 9,1,13,,274094,19,,,1,69,,274095,19,0,5 14 15 9,1,23,,274096,19,0,16 17 9,1,67,,274097,19,0,5 14 15 9,1,26,,274098,19,,,1,69,,274099,19,0,5 14 15 9,1,30,,274100,19,0,16 17 9,1,70,,274101,19,0,5 14 15 9,1,24,,274102,19,,,1,100,,274103,19,0,16 17 9,1
3301,'20261014',943,,274107,19,,,1,100,,274108,19,,,1,100,,274109,19,,,1,102,,274110,19,,,1,104,,274111,19,,,1,100,,274112,19,,,1,80,,274113,19,0,5 14 15 9,1,25,,274114,19,,,1,70,,274115,19,0,5 14 15 9,1,23,,274116,19,0,16 17 9,1,62,,274117,19,,,1,33,,274118,19,0,5 14 15 9,1,17,,274119,19,,,1,59,,274120,19,0,5 14 15 9,1,18,,274121,19,0,16 17 9,1,9,,274122,19,0,5 14 15 9,1,57,,274123,19,0,16 17 9,1,18,,274124,19,0,5 14 15 9,1,24,,274125,19,0,5 14 15 9,1,13,,274126,19,,,1,69,,274127,19,0,5 14 15 9,1,23,,274128,19,0,16 17 9,1,67,,274129,19,0,5 14 15 9,1,26,,274130,19,,,1,69,,274131,19,0,5 14 15 9,1,30,,274132,19,0,16 17 9,1,70,,274133,19,0,5 14 15 9,1,24,,274134,19,,,1,100,,274135,19,0,16 17 9,1
3301,'20261015',943,,274139,19,,,1,100,,274140,19,,,1,100,,274141,19,,,1,102,,274142,19,,,1,104,,274143,19,,,1,100,,274144,19,,,1,80,,274145,19,0,5 14 15 9,1,25,,274146,19,,,1,70,,274147,19,0,5 14 15 9,1,23,,274148,19,0,16 17 9,1,62,,274149,19,,,1,33,,274150,19,0,5 14 15 9,1,17,,274151,19,,,1,59,,274152,19,0,5 14 15 9,1,18,,274153,19,0,16 17 9,1,9,,274154,19,0,5 14 15 9,1,57,,274155,19,0,16 17 9,1,18,,274156,19,0,5 14 15 9,1,24,,274157,19,0,5 14 15 9,1,13,,274158,19,,,1,69,,274159,19,0,5 14 15 9,1,23,,274160,19,0,16 17 9,1,67,,274161,19,0,5 14 15 9,1,26,,274162,19,,,1,69,,274163,19,0,5 14 15 9,1,30,,274164,19,0,16 17 9,1,70,,274165,19,0,5 14 15 9,1,24,,274166,19,,,1,100,,274167,19,0,16 17 9,1
3301,'20261016',943,,274171,19,,,1,100,,274172,19,,,1,100,,274173,19,,,1,102,,274174,19,,,1,104,,274175,19,,,1,100,,274176,19,,,1,80,,274177,19,0,5 14 15 9,1,25,,274178,19,,,1,70,,274179,19,0,5 14 15 9,1,23,,274180,19,0,16 17 9,1,62,,274181,19,,,1,33,,274182,19,0,5 14 15 9,1,17,,274183,19,,,1,59,,274184,19,0,5 14 15 9,1,18,,274185,19,0,16 17 9,1,9,,274186,19,0,5 14 15 9,1,57,,274187,19,0,16 17 9,1,18,,274188,19,0,5 14 15 9,1,24,,274189,19,0,5 14 15 9,1,13,,274190,19,,,1,69,,274191,19,0,5 14 15 9,1,23,,274192,19,0,16 17 9,1,67,,274193,19,0,5 14 15 9,1,26,,274194,19,,,1,69,,274195,19,0,5 14 15 9,1,30,,274196,19,0,16 17 9,1,70,,274197,19,0,5 14 15 9,1,24,,274198,19,,,1,100,,274199,19,0,16 17 9,1
3301,'20261017',1042,,274202,19,,,1,202,,274204,19,,,1,197,,274206,19,,,1,200,,274208,19,,,1,200,,274209,19,,,1,200,,274210,19,,,1,200,,274211,19,,,1,204,,274212,19,,,1
3301,'20261018',1042,,274214,19,,,1,202,,274216,19,,,1,197,,274218,19,,,1,200,,274220,19,,,1,200,,274221,19,,,1,200,,274222,19,,,1,200,,274223,19,,,1,204,,274224,19,,,1
3301,'20261019',943,,274227,19,,,1,100,,274228,19,,,1,100,,274229,19,,,1,102,,274230,19,,,1,104,,274231,19,,,1,100,,274232,19,,,1,80,,274233,19,0,5 14 15 9,1,25,,274234,19,,,1,70,,274235,19,0,5 14 15 9,1,23,,274236,19,0,16 17 9,1,62,,274237,19,,,1,33,,274238,19,0,5 14 15 9,1,17,,274239,19,,,1,59,,274240,19,0,5 14 15 9,1,18,,274241,19,0,16 17 9,1,9,,274242,19,0,5 14 15 9,1,57,,274243,19,0,16 17 9,1,18,,274244,19,0,5 14 15 9,1,24,,274245,19,0,5 14 15 9,1,13,,274246,19,,,1,69,,274247,19,0,5 14 15 9,1,23,,274248,19,0,16 17 9,1,67,,274249,19,0,5 14 15 9,1,26,,274250,19,,,1,69,,274251,19,0,5 14 15 9,1,30,,274252,19,0,16 17 9,1,70,,274253,19,0,5 14 15 9,1,24,,274254,19,,,1,100,,274255,19,0,16 17 9,1
3301,'20261020',943,,274259,19,,,1,100,,274260,19,,,1,100,,274261,19,,,1,102,,274262,19,,,1,104,,274263,19,,,1,100,,274264,19,,,1,80,,274265,19,0,5 14 15 9,1,25,,274266,19,,,1,70,,274267,19,0,5 14 15 9,1,23,,274268,19,0,16 17 9,1,62,,274269,19,,,1,33,,274270,19,0,5 14 15 9,1,17,,274271,19,,,1,59,,274272,19,0,5 14 15 9,1,18,,274273,19,0,16 17 9,1,9,,274274,19,0,5 14 15 9,1,57,,274275,19,0,16 17 9,1,18,,274276,19,0,5 14 15 9,1,24,,274277,19,0,5 14 15 9,1,13,,274278,19,,,1,69,,274279,19,0,5 14 15 9,1,23,,274280,19,0,16 17 9,1,67,,274281,19,0,5 14 15 9,1,26,,274282,19,,,1,69,,274283,19,0,5 14 15 9,1,30,,274284,19,0,16 17 9,1,70,,274285,19,0,5 14 15 9,1,24,,274286,19,,,1,100,,274287,19,0,16 17 9,1
3301,'20261021',943,,274291,19,,,1,100,,274292,19,,,1,100,,274293,19,,,1,102,,274294,19,,,1,104,,274295,19,,,1,100,,274296,19,,,1,80,,274297,19,0,5 14 15 9,1,25,,274298,19,,,1,70,,274299,19,0,5 14 15 9,1,23,,274300,19,0,16 17 9,1,62,,274301,19,,,1,33,,274302,19,0,5 14 15 9,1,17,,274303,19,,,1,59,,274304,19,0,5 14 15 9,1,18,,274305,19,0,16 17 9,1,9,,274306,19,0,5 14 15 9,1,57,,274307,19,0,16 17 9,1,18,,274308,19,0,5 14 15 9,1,24,,274309,19,0,5 14 15 9,1,13,,274310,19,,,1,69,,274311,19,0,5 14 15 9,1,23,,274312,19,0,16 17 9,1,67,,274313,19,0,5 14 15 9,1,26,,274314,19,,,1,69,,274315,19,0,5 14 15 9,1,30,,274316,19,0,16 17 9,1,70,,274317,19,0,5 14 15 9,1,24,,274318,19,,,1,100,,274319,19,0,16 17 9,1
3301,'20261022',943,,274323,19,,,1,100,,274324,19,,,1,100,,274325,19,,,1,102,,274326,19,,,1,104,,274327,19,,,1,100,,274328,19,,,1,80,,274329,19,0,5 14 15 9,1,25,,274330,19,,,1,70,,274331,19,0,5 14 15 9,1,23,,274332,19,0,16 17 9,1,62,,274333,19,,,1,33,,274334,19,0,5 14 15 9,1,17,,274335,19,,,1,59,,274336,19,0,5 14 15 9,1,18,,274337,19,0,16 17 9,1,9,,274338,19,0,5 14 15 9,1,57,,274339,19,0,16 17 9,1,18,,274340,19,0,5 14 15 9,1,24,,274341,19,0,5 14 15 9,1,13,,274342,19,,,1,69,,274343,19,0,5 14 15 9,1,23,,274344,19,0,16 17 9,1,67,,274345,19,0,5 14 15 9,1,26,,274346,19,,,1,69,,274347,19,0,5 14 15 9,1,30,,274348,19,0,16 17 9,1,70,,274349,19,0,5 14 15 9,1,24,,274350,19,,,1,100,,274351,19,0,16 17 9,1
3301,'20261023',943,,274355,19,,,1,100,,274356,19,,,1,100,,274357,19,,,1,102,,274358,19,,,1,104,,274359,19,,,1,100,,274360,19,,,1,80,,274361,19,0,5 14 15 9,1,25,,274362,19,,,1,70,,274363,19,0,5 14 15 9,1,23,,274364,19,0,16 17 9,1,62,,274365,19,,,1,33,,274366,19,0,5 14 15 9,1,17,,274367,19,,,1,59,,274368,19,0,5 14 15 9,1,18,,274369,19,0,16 17 9,1,9,,274370,19,0,5 14 15 9,1,57,,274371,19,0,16 17 9,1,18,,274372,19,0,5 14 15 9,1,24,,274373,19,0,5 14 15 9,1,13,,274374,19,,,1,69,,274375,19,0,5 14 15 9,1,23,,274376,19,0,16 17 9,1,67,,274377,19,0,5 14 15 9,1,26,,274378,19,,,1,69,,274379,19,0,5 14 15 9,1,30,,274380,19,0,16 17 9,1,70,,274381,19,0,5 14 15 9,1,24,,274382,19,,,1,100,,274383,19,0,16 17 9,1
3301,'20261024',1042,,274386,19,,,1,202,,274388,19,,,1,197,,274390,19,,,1,200,,274392,19,,,1,200,,274393,19,,,1,200,,274394,19,,,1,200,,274395,19,,,1,204,,274396,19,,,1
3301,'20261025',1042,,274398,19,,,1,202,,274400,19,,,1,197,,274402,19,,,1,200,,274404,19,,,1,200,,274405,19,,,1,200,,274406,19,,,1,200,,274407,19,,,1,204,,274408,19,,,1
3301,'20261026',943,,274411,19,,,1,100,,274412,19,,,1,100,,274413,19,,,1,102,,274414,19,,,1,104,,274415,19,,,1,100,,274416,19,,,1,80,,274417,19,0,5 14 15 9,1,25,,274418,19,,,1,70,,274419,19,0,5 14 15 9,1,23,,274420,19,0,16 17 9,1,62,,274421,19,,,1,33,,274422,19,0,5 14 15 9,1,17,,274423,19,,,1,59,,274424,19,0,5 14 15 9,1,18,,274425,19,0,16 17 9,1,9,,274426,19,0,5 14 15 9,1,57,,274427,19,0,16 17 9,1,18,,274428,19,0,5 14 15 9,1,24,,274429,19,0,5 14 15 9,1,13,,274430,19,,,1,69,,274431,19,0,5 14 15 9,1,23,,274432,19,0,16 17 9,1,67,,274433,19,0,5 14 15 9,1,26,,274434,19,,,1,69,,274435,19,0,5 14 15 9,1,30,,274436,19,0,16 17 9,1,70,,274437,19,0,5 14 15 9,1,24,,274438,19,,,1,100,,274439,19,0,16 17 9,1
3301,'20261027',943,,274443,19,,,1,100,,274444,19,,,1,100,,274445,19,,,1,102,,274446,19,,,1,104,,274447,19,,,1,100,,274448,19,,,1,80,,274449,19,0,5 14 15 9,1,25,,274450,19,,,1,70,,274451,19,0,5 14 15 9,1,23,,274452,19,0,16 17 9,1,62,,274453,19,,,1,33,,274454,19,0,5 14 15 9,1,17,,274455,19,,,1,59,,274456,19,0,5 14 15 9,1,18,,274457,19,0,16 17 9,1,9,,274458,19,0,5 14 15 9,1,57,,274459,19,0,16 17 9,1,18,,274460,19,0,5 14 15 9,1,24,,274461,19,0,5 14 15 9,1,13,,274462,19,,,1,69,,274463,19,0,5 14 15 9,1,23,,274464,19,0,16 17 9,1,67,,274465,19,0,5 14 15 9,1,26,,274466,19,,,1,69,,274467,19,0,5 14 15 9,1,30,,274468,19,0,16 17 9,1,70,,274469,19,0,5 14 15 9,1,24,,274470,19,,,1,100,,274471,19,0,16 17 9,1
3301,'20261028',943,,274475,19,,,1,100,,274476,19,,,1,100,,274477,19,,,1,102,,274478,19,,,1,104,,274479,19,,,1,100,,274480,19,,,1,80,,274481,19,0,5 14 15 9,1,25,,274482,19,,,1,70,,274483,19,0,5 14 15 9,1,23,,274484,19,0,16 17 9,1,62,,274485,19,,,1,33,,274486,19,0,5 14 15 9,1,17,,274487,19,,,1,59,,274488,19,0,5 14 15 9,1,18,,274489,19,0,16 17 9,1,9,,274490,19,0,5 14 15 9,1,57,,274491,19,0,16 17 9,1,18,,274492,19,0,5 14 15 9,1,24,,274493,19,0,5 14 15 9,1,13,,274494,19,,,1,69,,274495,19,0,5 14 15 9,1,23,,274496,19,0,16 17 9,1,67,,274497,19,0,5 14 15 9,1,26,,274498,19,,,1,69,,274499,19,0,5 14 15 9,1,30,,274500,19,0,16 17 9,1,70,,274501,19,0,5 14 15 9,1,24,,274502,19,,,1,100,,274503,19,0,16 17 9,1
3301,'20261029',943,,274507,19,,,1,100,,274508,19,,,1,100,,274509,19,,,1,102,,274510,19,,,1,104,,274511,19,,,1,100,,274512,19,,,1,80,,274513,19,0,5 14 15 9,1,25,,274514,19,,,1,70,,274515,19,0,5 14 15 9,1,23,,274516,19,0,16 17 9,1,62,,274517,19,,,1,33,,274518,19,0,5 14 15 9,1,17,,274519,19,,,1,59,,274520,19,0,5 14 15 9,1,18,,274521,19,0,16 17 9,1,9,,274522,19,0,5 14 15 9,1,57,,274523,19,0,16 17 9,1,18,,274524,19,0,5 14 15 9,1,24,,274525,19,0,5 14 15 9,1,13,,274526,19,,,1,69,,274527,19,0,5 14 15 9,1,23,,274528,19,0,16 17 9,1,67,,274529,19,0,5 14 15 9,1,26,,274530,19,,,1,69,,274531,19,0,5 14 15 9,1,30,,274532,19,0,16 17 9,1,70,,274533,19,0,5 14 15 9,1,24,,274534,19,,,1,100,,274535,19,0,16 17 9,1
3301,'20261030',943,,274539,19,,,1,100,,274540,19,,,1,100,,274541,19,,,1,102,,274542,19,,,1,104,,274543,19,,,1,100,,274544,19,,,1,80,,274545,19,0,5 14 15 9,1,25,,274546,19,,,1,70,,274547,19,0,5 14 15 9,1,23,,274548,19,0,16 17 9,1,62,,274549,19,,,1,33,,274550,19,0,5 14 15 9,1,17,,274551,19,,,1,59,,274552,19,0,5 14 15 9,1,18,,274553,19,0,16 17 9,1,9,,274554,19,0,5 14 15 9,1,57,,274555,19,0,16 17 9,1,18,,274556,19,0,5 14 15 9,1,24,,274557,19,0,5 14 15 9,1,13,,274558,19,,,1,69,,274559,19,0,5 14 15 9,1,23,,274560,19,0,16 17 9,1,67,,274561,19,0,5 14 15 9,1,26,,274562,19,,,1,69,,274563,19,0,5 14 15 9,1,30,,274564,19,0,16 17 9,1,70,,274565,19,0,5 14 15 9,1,24,,274566,19,,,1,100,,274567,19,0,16 17 9,1
3301,'20261031',1042,,274570,19,,,1,202,,274572,19,,,1,197,,274574,19,,,1,200,,274576,19,,,1,200,,274577,19,,,1,200,,274578,19,,,1,200,,274579,19,,,1,204,,274580,19,,,1
3301,'20261101',1042,,274582,19,,,1,202,,274584,19,,,1,197,,274586,19,,,1,200,,274588,19,,,1,200,,274589,19,,,1,200,,274590,19,,,1,200,,274591,19,,,1,204,,274592,19,,,1
3301,'20261102',943,,274595,19,,,1,100,,274596,19,,,1,100,,274597,19,,,1,102,,274598,19,,,1,104,,274599,19,,,1,100,,274600,19,,,1,80,,274601,19,0,5 14 15 9,1,25,,274602,19,,,1,70,,274603,19,0,5 14 15 9,1,23,,274604,19,0,16 17 9,1,62,,274605,19,,,1,33,,274606,19,0,5 14 15 9,1,17,,274607,19,,,1,59,,274608,19,0,5 14 15 9,1,18,,274609,19,0,16 17 9,1,9,,274610,19,0,5 14 15 9,1,57,,274611,19,0,16 17 9,1,18,,274612,19,0,5 14 15 9,1,24,,274613,19,0,5 14 15 9,1,13,,274614,19,,,1,69,,274615,19,0,5 14 15 9,1,23,,274616,19,0,16 17 9,1,67,,274617,19,0,5 14 15 9,1,26,,274618,19,,,1,69,,274619,19,0,5 14 15 9,1,30,,274620,19,0,16 17 9,1,70,,274621,19,0,5 14 15 9,1,24,,274622,19,,,1,100,,274623,19,0,16 17 9,1
3301,'20261103',943,,274627,19,,,1,100,,274628,19,,,1,100,,274629,19,,,1,102,,274630,19,,,1,104,,274631,19,,,1,100,,274632,19,,,1,80,,274633,19,0,5 14 15 9,1,25,,274634,19,,,1,70,,274635,19,0,5 14 15 9,1,23,,274636,19,0,16 17 9,1,62,,274637,19,,,1,33,,274638,19,0,5 14 15 9,1,17,,274639,19,,,1,59,,274640,19,0,5 14 15 9,1,18,,274641,19,0,16 17 9,1,9,,274642,19,0,5 14 15 9,1,57,,274643,19,0,16 17 9,1,18,,274644,19,0,5 14 15 9,1,24,,274645,19,0,5 14 15 9,1,13,,274646,19,,,1,69,,274647,19,0,5 14 15 9,1,23,,274648,19,0,16 17 9,1,67,,274649,19,0,5 14 15 9,1,26,,274650,19,,,1,69,,274651,19,0,5 14 15 9,1,30,,274652,19,0,16 17 9,1,70,,274653,19,0,5 14 15 9,1,24,,274654,19,,,1,100,,274655,19,0,16 17 9,1
3301,'20261104',943,,274659,19,,,1,100,,274660,19,,,1,100,,274661,19,,,1,102,,274662,19,,,1,104,,274663,19,,,1,100,,274664,19,,,1,80,,274665,19,0,5 14 15 9,1,25,,274666,19,,,1,70,,274667,19,0,5 14 15 9,1,23,,274668,19,0,16 17 9,1,62,,274669,19,,,1,33,,274670,19,0,5 14 15 9,1,17,,274671,19,,,1,59,,274672,19,0,5 14 15 9,1,18,,274673,19,0,16 17 9,1,9,,274674,19,0,5 14 15 9,1,57,,274675,19,0,16 17 9,1,18,,274676,19,0,5 14 15 9,1,24,,274677,19,0,5 14 15 9,1,13,,274678,19,,,1,69,,274679,19,0,5 14 15 9,1,23,,274680,19,0,16 17 9,1,67,,274681,19,0,5 14 15 9,1,26,,274682,19,,,1,69,,274683,19,0,5 14 15 9,1,30,,274684,19,0,16 17 9,1,70,,274685,19,0,5 14 15 9,1,24,,274686,19,,,1,100,,274687,19,0,16 17 9,1
3301,'20261105',943,,274691,19,,,1,100,,274692,19,,,1,100,,274693,19,,,1,102,,274694,19,,,1,104,,274695,19,,,1,100,,274696,19,,,1,80,,274697,19,0,5 14 15 9,1,25,,274698,19,,,1,70,,274699,19,0,5 14 15 9,1,23,,274700,19,0,16 17 9,1,62,,274701,19,,,1,33,,274702,19,0,5 14 15 9,1,17,,274703,19,,,1,59,,274704,19,0,5 14 15 9,1,18,,274705,19,0,16 17 9,1,9,,274706,19,0,5 14 15 9,1,57,,274707,19,0,16 17 9,1,18,,274708,19,0,5 14 15 9,1,24,,274709,19,0,5 14 15 9,1,13,,274710,19,,,1,69,,274711,19,0,5 14 15 9,1,23,,274712,19,0,16 17 9,1,67,,274713,19,0,5 14 15 9,1,26,,274714,19,,,1,69,,274715,19,0,5 14 15 9,1,30,,274716,19,0,16 17 9,1,70,,274717,19,0,5 14 15 9,1,24,,274718,19,,,1,100,,274719,19,0,16 17 9,1
3301,'20261106',943,,274723,19,,,1,100,,274724,19,,,1,100,,274725,19,,,1,102,,274726,19,,,1,104,,274727,19,,,1,100,,274728,19,,,1,80,,274729,19,0,5 14 15 9,1,25,,274730,19,,,1,70,,274731,19,0,5 14 15 9,1,23,,274732,19,0,16 17 9,1,62,,274733,19,,,1,33,,274734,19,0,5 14 15 9,1,17,,274735,19,,,1,59,,274736,19,0,5 14 15 9,1,18,,274737,19,0,16 17 9,1,9,,274738,19,0,5 14 15 9,1,57,,274739,19,0,16 17 9,1,18,,274740,19,0,5 14 15 9,1,24,,274741,19,0,5 14 15 9,1,13,,274742,19,,,1,69,,274743,19,0,5 14 15 9,1,23,,274744,19,0,16 17 9,1,67,,274745,19,0,5 14 15 9,1,26,,274746,19,,,1,69,,274747,19,0,5 14 15 9,1,30,,274748,19,0,16 17 9,1,70,,274749,19,0,5 14 15 9,1,24,,274750,19,,,1,100,,274751,19,0,16 17 9,1
3301,'20261107',1042,,274754,19,,,1,202,,274756,19,,,1,197,,274758,19,,,1,200,,274760,19,,,1,200,,274761,19,,,1,200,,274762,19,,,1,200,,274763,19,,,1,204,,274764,19,,,1
3301,'20261108',1042,,274766,19,,,1,202,,274768,19,,,1,197,,274770,19,,,1,200,,274772,19,,,1,200,,274773,19,,,1,200,,274774,19,,,1,200,,274775,19,,,1,204,,274776,19,,,1
3301,'20261109',943,,274779,19,,,1,100,,274780,19,,,1,100,,274781,19,,,1,102,,274782,19,,,1,104,,274783,19,,,1,100,,274784,19,,,1,80,,274785,19,0,5 14 15 9,1,25,,274786,19,,,1,70,,274787,19,0,5 14 15 9,1,23,,274788,19,0,16 17 9,1,62,,274789,19,,,1,33,,274790,19,0,5 14 15 9,1,17,,274791,19,,,1,59,,274792,19,0,5 14 15 9,1,18,,274793,19,0,16 17 9,1,9,,274794,19,0,5 14 15 9,1,57,,274795,19,0,16 17 9,1,18,,274796,19,0,5 14 15 9,1,24,,274797,19,0,5 14 15 9,1,13,,274798,19,,,1,69,,274799,19,0,5 14 15 9,1,23,,274800,19,0,16 17 9,1,67,,274801,19,0,5 14 15 9,1,26,,274802,19,,,1,69,,274803,19,0,5 14 15 9,1,30,,274804,19,0,16 17 9,1,70,,274805,19,0,5 14 15 9,1,24,,274806,19,,,1,100,,274807,19,0,16 17 9,1
3301,'20261110',943,,274811,19,,,1,100,,274812,19,,,1,100,,274813,19,,,1,102,,274814,19,,,1,104,,274815,19,,,1,100,,274816,19,,,1,80,,274817,19,0,5 14 15 9,1,25,,274818,19,,,1,70,,274819,19,0,5 14 15 9,1,23,,274820,19,0,16 17 9,1,62,,274821,19,,,1,33,,274822,19,0,5 14 15 9,1,17,,274823,19,,,1,59,,274824,19,0,5 14 15 9,1,18,,274825,19,0,16 17 9,1,9,,274826,19,0,5 14 15 9,1,57,,274827,19,0,16 17 9,1,18,,274828,19,0,5 14 15 9,1,24,,274829,19,0,5 14 15 9,1,13,,274830,19,,,1,69,,274831,19,0,5 14 15 9,1,23,,274832,19,0,16 17 9,1,67,,274833,19,0,5 14 15 9,1,26,,274834,19,,,1,69,,274835,19,0,5 14 15 9,1,30,,274836,19,0,16 17 9,1,70,,274837,19,0,5 14 15 9,1,24,,274838,19,,,1,100,,274839,19,0,16 17 9,1
3301,'20261111',943,,274843,19,,,1,100,,274844,19,,,1,100,,274845,19,,,1,102,,274846,19,,,1,104,,274847,19,,,1,100,,274848,19,,,1,80,,274849,19,0,5 14 15 9,1,25,,274850,19,,,1,70,,274851,19,0,5 14 15 9,1,23,,274852,19,0,16 17 9,1,62,,274853,19,,,1,33,,274854,19,0,5 14 15 9,1,17,,274855,19,,,1,59,,274856,19,0,5 14 15 9,1,18,,274857,19,0,16 17 9,1,9,,274858,19,0,5 14 15 9,1,57,,274859,19,0,16 17 9,1,18,,274860,19,0,5 14 15 9,1,24,,274861,19,0,5 14 15 9,1,13,,274862,19,,,1,69,,274863,19,0,5 14 15 9,1,23,,274864,19,0,16 17 9,1,67,,274865,19,0,5 14 15 9,1,26,,274866,19,,,1,69,,274867,19,0,5 14 15 9,1,30,,274868,19,0,16 17 9,1,70,,274869,19,0,5 14 15 9,1,24,,274870,19,,,1,100,,274871,19,0,16 17 9,1
3301,'20261112',943,,274875,19,,,1,100,,274876,19,,,1,100,,274877,19,,,1,102,,274878,19,,,1,104,,274879,19,,,1,100,,274880,19,,,1,80,,274881,19,0,5 14 15 9,1,25,,274882,19,,,1,70,,274883,19,0,5 14 15 9,1,23,,274884,19,0,16 17 9,1,62,,274885,19,,,1,33,,274886,19,0,5 14 15 9,1,17,,274887,19,,,1,59,,274888,19,0,5 14 15 9,1,18,,274889,19,0,16 17 9,1,9,,274890,19,0,5 14 15 9,1,57,,274891,19,0,16 17 9,1,18,,274892,19,0,5 14 15 9,1,24,,274893,19,0,5 14 15 9,1,13,,274894,19,,,1,69,,274895,19,0,5 14 15 9,1,23,,274896,19,0,16 17 9,1,67,,274897,19,0,5 14 15 9,1,26,,274898,19,,,1,69,,274899,19,0,5 14 15 9,1,30,,274900,19,0,16 17 9,1,70,,274901,19,0,5 14 15 9,1,24,,274902,19,,,1,100,,274903,19,0,16 17 9,1
3301,'20261113',943,,274907,19,,,1,100,,274908,19,,,1,100,,274909,19,,,1,102,,274910,19,,,1,104,,274911,19,,,1,100,,274912,19,,,1,80,,274913,19,0,5 14 15 9,1,25,,274914,19,,,1,70,,274915,19,0,5 14 15 9,1,23,,274916,19,0,16 17 9,1,62,,274917,19,,,1,33,,274918,19,0,5 14 15 9,1,17,,274919,19,,,1,59,,274920,19,0,5 14 15 9,1,18,,274921,19,0,16 17 9,1,9,,274922,19,0,5 14 15 9,1,57,,274923,19,0,16 17 9,1,18,,274924,19,0,5 14 15 9,1,24,,274925,19,0,5 14 15 9,1,13,,274926,19,,,1,69,,274927,19,0,5 14 15 9,1,23,,274928,19,0,16 17 9,1,67,,274929,19,0,5 14 15 9,1,26,,274930,19,,,1,69,,274931,19,0,5 14 15 9,1,30,,274932,19,0,16 17 9,1,70,,274933,19,0,5 14 15 9,1,24,,274934,19,,,1,100,,274935,19,0,16 17 9,1
3301,'20261114',1042,,274938,19,,,1,202,,274940,19,,,1,197,,274942,19,,,1,200,,274944,19,,,1,200,,274945,19,,,1,200,,274946,19,,,1,200,,274947,19,,,1,204,,274948,19,,,1
3301,'20261115',1042,,274950,19,,,1,202,,274952,19,,,1,197,,274954,19,,,1,200,,274956,19,,,1,200,,274957,19,,,1,200,,274958,19,,,1,200,,274959,19,,,1,204,,274960,19,,,1
3301,'20261116',943,,274963,19,,,1,100,,274964,19,,,1,100,,274965,19,,,1,102,,274966,19,,,1,104,,274967,19,,,1,100,,274968,19,,,1,80,,274969,19,0,5 14 15 9,1,25,,274970,19,,,1,70,,274971,19,0,5 14 15 9,1,23,,274972,19,0,16 17 9,1,62,,274973,19,,,1,33,,274974,19,0,5 14 15 9,1,17,,274975,19,,,1,59,,274976,19,0,5 14 15 9,1,18,,274977,19,0,16 17 9,1,9,,274978,19,0,5 14 15 9,1,57,,274979,19,0,16 17 9,1,18,,274980,19,0,5 14 15 9,1,24,,274981,19,0,5 14 15 9,1,13,,274982,19,,,1,69,,274983,19,0,5 14 15 9,1,23,,274984,19,0,16 17 9,1,67,,274985,19,0,5 14 15 9,1,26,,274986,19,,,1,69,,274987,19,0,5 14 15 9,1,30,,274988,19,0,16 17 9,1,70,,274989,19,0,5 14 15 9,1,24,,274990,19,,,1,100,,274991,19,0,16 17 9,1
3301,'20261117',943,,274995,19,,,1,100,,274996,19,,,1,100,,274997,19,,,1,102,,274998,19,,,1,104,,274999,19,,,1,100,,275000,19,,,1,80,,275001,19,0,5 14 15 9,1,25,,275002,19,,,1,70,,275003,19,0,5 14 15 9,1,23,,275004,19,0,16 17 9,1,62,,275005,19,,,1,33,,275006,19,0,5 14 15 9,1,17,,275007,19,,,1,59,,275008,19,0,5 14 15 9,1,18,,275009,19,0,16 17 9,1,9,,275010,19,0,5 14 15 9,1,57,,275011,19,0,16 17 9,1,18,,275012,19,0,5 14 15 9,1,24,,275013,19,0,5 14 15 9,1,13,,275014,19,,,1,69,,275015,19,0,5 14 15 9,1,23,,275016,19,0,16 17 9,1,67,,275017,19,0,5 14 15 9,1,26,,275018,19,,,1,69,,275019,19,0,5 14 15 9,1,30,,275020,19,0,16 17 9,1,70,,275021,19,0,5 14 15 9,1,24,,275022,19,,,1,100,,275023,19,0,16 17 9,1
3301,'20261118',943,,275027,19,,,1,100,,275028,19,,,1,100,,275029,19,,,1,102,,275030,19,,,1,104,,275031,19,,,1,100,,275032,19,,,1,80,,275033,19,0,5 14 15 9,1,25,,275034,19,,,1,70,,275035,19,0,5 14 15 9,1,23,,275036,19,0,16 17 9,1,62,,275037,19,,,1,33,,275038,19,0,5 14 15 9,1,17,,275039,19,,,1,59,,275040,19,0,5 14 15 9,1,18,,275041,19,0,16 17 9,1,9,,275042,19,0,5 14 15 9,1,57,,275043,19,0,16 17 9,1,18,,275044,19,0,5 14 15 9,1,24,,275045,19,0,5 14 15 9,1,13,,275046,19,,,1,69,,275047,19,0,5 14 15 9,1,23,,275048,19,0,16 17 9,1,67,,275049,19,0,5 14 15 9,1,26,,275050,19,,,1,69,,275051,19,0,5 14 15 9,1,30,,275052,19,0,16 17 9,1,70,,275053,19,0,5 14 15 9,1,24,,275054,19,,,1,100,,275055,19,0,16 17 9,1
3301,'20261119',943,,275059,19,,,1,100,,275060,19,,,1,100,,275061,19,,,1,102,,275062,19,,,1,104,,275063,19,,,1,100,,275064,19,,,1,80,,275065,19,0,5 14 15 9,1,25,,275066,19,,,1,70,,275067,19,0,5 14 15 9,1,23,,275068,19,0,16 17 9,1,62,,275069,19,,,1,33,,275070,19,0,5 14 15 9,1,17,,275071,19,,,1,59,,275072,19,0,5 14 15 9,1,18,,275073,19,0,16 17 9,1,9,,275074,19,0,5 14 15 9,1,57,,275075,19,0,16 17 9,1,18,,275076,19,0,5 14 15 9,1,24,,275077,19,0,5 14 15 9,1,13,,275078,19,,,1,69,,275079,19,0,5 14 15 9,1,23,,275080,19,0,16 17 9,1,67,,275081,19,0,5 14 15 9,1,26,,275082,19,,,1,69,,275083,19,0,5 14 15 9,1,30,,275084,19,0,16 17 9,1,70,,275085,19,0,5 14 15 9,1,24,,275086,19,,,1,100,,275087,19,0,16 17 9,1
3301,'20261120',943,,275091,19,,,1,100,,275092,19,,,1,100,,275093,19,,,1,102,,275094,19,,,1,104,,275095,19,,,1,100,,275096,19,,,1,80,,275097,19,0,5 14 15 9,1,25,,275098,19,,,1,70,,275099,19,0,5 14 15 9,1,23,,275100,19,0,16 17 9,1,62,,275101,19,,,1,33,,275102,19,0,5 14 15 9,1,17,,275103,19,,,1,59,,275104,19,0,5 14 15 9,1,18,,275105,19,0,16 17 9,1,9,,275106,19,0,5 14 15 9,1,57,,275107,19,0,16 17 9,1,18,,275108,19,0,5 14 15 9,1,24,,275109,19,0,5 14 15 9,1,13,,275110,19,,,1,69,,275111,19,0,5 14 15 9,1,23,,275112,19,0,16 17 9,1,67,,275113,19,0,5 14 15 9,1,26,,275114,19,,,1,69,,275115,19,0,5 14 15 9,1,30,,275116,19,0,16 17 9,1,70,,275117,19,0,5 14 15 9,1,24,,275118,19,,,1,100,,275119,19,0,16 17 9,1
3301,'20261121',1042,,275122,19,,,1,202,,275124,19,,,1,197,,275126,19,,,1,200,,275128,19,,,1,200,,275129,19,,,1,200,,275130,19,,,1,200,,275131,19,,,1,204,,275132,19,,,1
3301,'20261122',1042,,275134,19,,,1,202,,275136,19,,,1,197,,275138,19,,,1,200,,275140,19,,,1,200,,275141,19,,,1,200,,275142,19,,,1,200,,275143,19,,,1,204,,275144,19,,,1
3301,'20261123',943,,275147,19,,,1,100,,275148,19,,,1,100,,275149,19,,,1,102,,275150,19,,,1,104,,275151,19,,,1,100,,275152,19,,,1,80,,275153,19,0,5 14 15 9,1,25,,275154,19,,,1,70,,275155,19,0,5 14 15 9,1,23,,275156,19,0,16 17 9,1,62,,275157,19,,,1,33,,275158,19,0,5 14 15 9,1,17,,275159,19,,,1,59,,275160,19,0,5 14 15 9,1,18,,275161,19,0,16 17 9,1,9,,275162,19,0,5 14 15 9,1,57,,275163,19,0,16 17 9,1,18,,275164,19,0,5 14 15 9,1,24,,275165,19,0,5 14 15 9,1,13,,275166,19,,,1,69,,275167,19,0,5 14 15 9,1,23,,275168,19,0,16 17 9,1,67,,275169,19,0,5 14 15 9,1,26,,275170,19,,,1,69,,275171,19,0,5 14 15 9,1,30,,275172,19,0,16 17 9,1,70,,275173,19,0,5 14 15 9,1,24,,275174,19,,,1,100,,275175,19,0,16 17 9,1
3301,'20261124',943,,275179,19,,,1,100,,275180,19,,,1,100,,275181,19,,,1,102,,275182,19,,,1,104,,275183,19,,,1,100,,275184,19,,,1,80,,275185,19,0,5 14 15 9,1,25,,275186,19,,,1,70,,275187,19,0,5 14 15 9,1,23,,275188,19,0,16 17 9,1,62,,275189,19,,,1,33,,275190,19,0,5 14 15 9,1,17,,275191,19,,,1,59,,275192,19,0,5 14 15 9,1,18,,275193,19,0,16 17 9,1,9,,275194,19,0,5 14 15 9,1,57,,275195,19,0,16 17 9,1,18,,275196,19,0,5 14 15 9,1,24,,275197,19,0,5 14 15 9,1,13,,275198,19,,,1,69,,275199,19,0,5 14 15 9,1,23,,275200,19,0,16 17 9,1,67,,275201,19,0,5 14 15 9,1,26,,275202,19,,,1,69,,275203,19,0,5 14 15 9,1,30,,275204,19,0,16 17 9,1,70,,275205,19,0,5 14 15 9,1,24,,275206,19,,,1,100,,275207,19,0,16 17 9,1
3301,'20261125',943,,275211,19,,,1,100,,275212,19,,,1,100,,275213,19,,,1,102,,275214,19,,,1,104,,275215,19,,,1,100,,275216,19,,,1,80,,275217,19,0,5 14 15 9,1,25,,275218,19,,,1,70,,275219,19,0,5 14 15 9,1,23,,275220,19,0,16 17 9,1,62,,275221,19,,,1,33,,275222,19,0,5 14 15 9,1,17,,275223,19,,,1,59,,275224,19,0,5 14 15 9,1,18,,275225,19,0,16 17 9,1,9,,275226,19,0,5 14 15 9,1,57,,275227,19,0,16 17 9,1,18,,275228,19,0,5 14 15 9,1,24,,275229,19,0,5 14 15 9,1,13,,275230,19,,,1,69,,275231,19,0,5 14 15 9,1,23,,275232,19,0,16 17 9,1,67,,275233,19,0,5 14 15 9,1,26,,275234,19,,,1,69,,275235,19,0,5 14 15 9,1,30,,275236,19,0,16 17 9,1,70,,275237,19,0,5 14 15 9,1,24,,275238,19,,,1,100,,275239,19,0,16 17 9,1
3301,'20261126',943,,275243,19,,,1,100,,275244,19,,,1,100,,275245,19,,,1,102,,275246,19,,,1,104,,275247,19,,,1,100,,275248,19,,,1,80,,275249,19,0,5 14 15 9,1,25,,275250,19,,,1,70,,275251,19,0,5 14 15 9,1,23,,275252,19,0,16 17 9,1,62,,275253,19,,,1,33,,275254,19,0,5 14 15 9,1,17,,275255,19,,,1,59,,275256,19,0,5 14 15 9,1,18,,275257,19,0,16 17 9,1,9,,275258,19,0,5 14 15 9,1,57,,275259,19,0,16 17 9,1,18,,275260,19,0,5 14 15 9,1,24,,275261,19,0,5 14 15 9,1,13,,275262,19,,,1,69,,275263,19,0,5 14 15 9,1,23,,275264,19,0,16 17 9,1,67,,275265,19,0,5 14 15 9,1,26,,275266,19,,,1,69,,275267,19,0,5 14 15 9,1,30,,275268,19,0,16 17 9,1,70,,275269,19,0,5 14 15 9,1,24,,275270,19,,,1,100,,275271,19,0,16 17 9,1
3301,'20261127',943,,275275,19,,,1,100,,275276,19,,,1,100,,275277,19,,,1,102,,275278,19,,,1,104,,275279,19,,,1,100,,275280,19,,,1,80,,275281,19,0,5 14 15 9,1,25,,275282,19,,,1,70,,275283,19,0,5 14 15 9,1,23,,275284,19,0,16 17 9,1,62,,275285,19,,,1,33,,275286,19,0,5 14 15 9,1,17,,275287,19,,,1,59,,275288,19,0,5 14 15 9,1,18,,275289,19,0,16 17 9,1,9,,275290,19,0,5 14 15 9,1,57,,275291,19,0,16 17 9,1,18,,275292,19,0,5 14 15 9,1,24,,275293,19,0,5 14 15 9,1,13,,275294,19,,,1,69,,275295,19,0,5 14 15 9,1,23,,275296,19,0,16 17 9,1,67,,275297,19,0,5 14 15 9,1,26,,275298,19,,,1,69,,275299,19,0,5 14 15 9,1,30,,275300,19,0,16 17 9,1,70,,275301,19,0,5 14 15 9,1,24,,275302,19,,,1,100,,275303,19,0,16 17 9,1
