3100,'20260917',1540,,266935,24,0,5 18 9,1,100,,266936,24,0,5 18 9,1,73,,266937,24,0,5 18 9,1
3100,'20260918',1540,,266943,24,0,5 18 9,1,100,,266944,24,0,5 18 9,1,73,,266945,24,0,5 18 9,1
3100,'20260919',733,,266955,27,0,71 20 39,1,789,,266956,27,0,71 20 39,1,305,,266957,27,0,71 20 39,1,5,,266958,27,0,71 20 39,1
3100,'20260920',733,,266968,27,0,71 20 39,1,789,,266969,27,0,71 20 39,1,305,,266970,27,0,71 20 39,1,5,,266971,27,0,71 20 39,1
3100,'20260921',1540,,266977,24,0,5 18 9,1,100,,266978,24,0,5 18 9,1,73,,266979,24,0,5 18 9,1
3100,'20260922',1540,,266985,24,0,5 18 9,1,100,,266986,24,0,5 18 9,1,73,,266987,24,0,5 18 9,1
3100,'20260923',1540,,266993,24,0,5 18 9,1,100,,266994,24,0,5 18 9,1,73,,266995,24,0,5 18 9,1
3100,'20260924',1540,,267001,24,0,5 18 9,1,100,,267002,24,0,5 18 9,1,73,,267003,24,0,5 18 9,1
3100,'20260925',1540,,267009,24,0,5 18 9,1,100,,267010,24,0,5 18 9,1,73,,267011,24,0,5 18 9,1
3100,'20260928',1540,,267035,24,0,5 18 9,1,100,,267036,24,0,5 18 9,1,73,,267037,24,0,5 18 9,1
3100,'20260929',1540,,267043,24,0,5 18 9,1,100,,267044,24,0,5 18 9,1,73,,267045,24,0,5 18 9,1
3100,'20260930',1540,,267051,24,0,5 18 9,1,100,,267052,24,0,5 18 9,1,73,,267053,24,0,5 18 9,1
3100,'20261001',1540,,267059,24,0,5 18 9,1,100,,267060,24,0,5 18 9,1,73,,267061,24,0,5 18 9,1
3100,'20261002',1540,,267067,24,0,5 18 9,1,100,,267068,24,0,5 18 9,1,73,,267069,24,0,5 18 9,1
3100,'20261003',733,,332710,27,0,71 20 39,1,789,,332711,27,0,71 20 39,1,305,,332712,27,0,71 20 39,1,5,,332713,27,0,71 20 39,1
3100,'20261004',733,,332714,27,0,71 20 39,1,789,,332715,27,0,71 20 39,1,305,,332716,27,0,71 20 39,1,5,,332717,27,0,71 20 39,1
3100,'20261005',1540,,267093,24,0,5 18 9,1,100,,267094,24,0,5 18 9,1,73,,267095,24,0,5 18 9,1
3100,'20261006',1540,,267101,24,0,5 18 9,1,100,,267102,24,0,5 18 9,1,73,,267103,24,0,5 18 9,1
3100,'20261007',1540,,267109,24,0,5 18 9,1,100,,267110,24,0,5 18 9,1,73,,267111,24,0,5 18 9,1
3100,'20261008',1540,,267117,24,0,5 18 9,1,100,,267118,24,0,5 18 9,1,73,,267119,24,0,5 18 9,1
3100,'20261009',1540,,267125,24,0,5 18 9,1,100,,267126,24,0,5 18 9,1,73,,267127,24,0,5 18 9,1
3100,'20261013',1540,,267160,24,0,5 18 9,1,100,,267161,24,0,5 18 9,1,73,,267162,24,0,5 18 9,1
3100,'20261014',1540,,267168,24,0,5 18 9,1,100,,267169,24,0,5 18 9,1,73,,267170,24,0,5 18 9,1
3100,'20261015',1540,,267176,24,0,5 18 9,1,100,,267177,24,0,5 18 9,1,73,,267178,24,0,5 18 9,1
3100,'20261016',1540,,267184,24,0,5 18 9,1,100,,267185,24,0,5 18 9,1,73,,267186,24,0,5 18 9,1
3100,'20261019',1540,,267210,24,0,5 18 9,1,100,,267211,24,0,5 18 9,1,73,,267212,24,0,5 18 9,1
3100,'20261020',1540,,267218,24,0,5 18 9,1,100,,267219,24,0,5 18 9,1,73,,267220,24,0,5 18 9,1
3100,'20261021',1540,,267226,24,0,5 18 9,1,100,,267227,24,0,5 18 9,1,73,,267228,24,0,5 18 9,1
3100,'20261022',1540,,267234,24,0,5 18 9,1,100,,267235,24,0,5 18 9,1,73,,267236,24,0,5 18 9,1
3100,'20261023',1540,,267242,24,0,5 18 9,1,100,,267243,24,0,5 18 9,1,73,,267244,24,0,5 18 9,1
3100,'20261026',1540,,267268,24,0,5 18 9,1,100,,267269,24,0,5 18 9,1,73,,267270,24,0,5 18 9,1
3100,'20261027',1540,,267276,24,0,5 18 9,1,100,,267277,24,0,5 18 9,1,73,,267278,24,0,5 18 9,1
3100,'20261028',1540,,267284,24,0,5 18 9,1,100,,267285,24,0,5 18 9,1,73,,267286,24,0,5 18 9,1
3100,'20261029',1540,,267292,24,0,5 18 9,1,100,,267293,24,0,5 18 9,1,73,,267294,24,0,5 18 9,1
3100,'20261030',1540,,267300,24,0,5 18 9,1,100,,267301,24,0,5 18 9,1,73,,267302,24,0,5 18 9,1
3100,'20261102',1540,,267326,24,0,5 18 9,1,100,,267327,24,0,5 18 9,1,73,,267328,24,0,5 18 9,1
3100,'20261103',1540,,267334,24,0,5 18 9,1,100,,267335,24,0,5 18 9,1,73,,267336,24,0,5 18 9,1
3100,'20261104',1540,,267342,24,0,5 18 9,1,100,,267343,24,0,5 18 9,1,73,,267344,24,0,5 18 9,1
3100,'20261105',1540,,267350,24,0,5 18 9,1,100,,267351,24,0,5 18 9,1,73,,267352,24,0,5 18 9,1
3100,'20261106',1540,,267358,24,0,5 18 9,1,100,,267359,24,0,5 18 9,1,73,,267360,24,0,5 18 9,1
3100,'20261109',1540,,267384,24,0,5 18 9,1,100,,267385,24,0,5 18 9,1,73,,267386,24,0,5 18 9,1
3100,'20261110',1540,,267392,24,0,5 18 9,1,100,,267393,24,0,5 18 9,1,73,,267394,24,0,5 18 9,1
3100,'20261111',1540,,267400,24,0,5 18 9,1,100,,267401,24,0,5 18 9,1,73,,267402,24,0,5 18 9,1
3100,'20261112',1540,,267408,24,0,5 18 9,1,100,,267409,24,0,5 18 9,1,73,,267410,24,0,5 18 9,1
3100,'20261113',1540,,267416,24,0,5 18 9,1,100,,267417,24,0,5 18 9,1,73,,267418,24,0,5 18 9,1
3100,'20261116',1540,,267442,24,0,5 18 9,1,100,,267443,24,0,5 18 9,1,73,,267444,24,0,5 18 9,1
3100,'20261117',1540,,267450,24,0,5 18 9,1,100,,267451,24,0,5 18 9,1,73,,267452,24,0,5 18 9,1
3100,'20261118',1540,,267458,24,0,5 18 9,1,100,,267459,24,0,5 18 9,1,73,,267460,24,0,5 18 9,1
3100,'20261119',1540,,267466,24,0,5 18 9,1,100,,267467,24,0,5 18 9,1,73,,267468,24,0,5 18 9,1
3100,'20261120',1540,,267474,24,0,5 18 9,1,100,,267475,24,0,5 18 9,1,73,,267476,24,0,5 18 9,1
3100,'20261123',1540,,267500,24,0,5 18 9,1,100,,267501,24,0,5 18 9,1,73,,267502,24,0,5 18 9,1
3100,'20261124',1540,,267508,24,0,5 18 9,1,100,,267509,24,0,5 18 9,1,73,,267510,24,0,5 18 9,1
3100,'20261125',1540,,267516,24,0,5 18 9,1,100,,267517,24,0,5 18 9,1,73,,267518,24,0,5 18 9,1
3100,'20261126',1540,,267524,24,0,5 18 9,1,100,,267525,24,0,5 18 9,1,73,,267526,24,0,5 18 9,1
3100,'20261127',1540,,267532,24,0,5 18 9,1,100,,267533,24,0,5 18 9,1,73,,267534,24,0,5 18 9,1
3300,'20260917',630,,271077,24,,,1,185,,271081,24,,,1,144,,271084,24,0,57 14 15 9,1,200,,271087,24,0,57 14 15 9,1,200,,271090,24,0,57 14 15 9,1,95,,271092,24,0,57 14 15 9,1,291,,271097,24,,,1,80,,271098,24,,,1,76,,271099,24,0,57 14 15 9,1,100,,271101,24,0,57 14 15 9,1,100,,271103,24,0,57 14 15 9,1
3300,'20260918',630,,271113,24,,,1,185,,271117,24,,,1,144,,271120,24,0,57 14 15 9,1,200,,271123,24,0,57 14 15 9,1,200,,271126,24,0,57 14 15 9,1,95,,271128,24,0,57 14 15 9,1,291,,271133,24,,,1,80,,271134,24,,,1,76,,271135,24,0,57 14 15 9,1,100,,271137,24,0,57 14 15 9,1,100,,271139,24,0,57 14 15 9,1
3300,'20260919',705,,271142,24,,,1,197,,271143,24,,,1,57,,271144,24,0,57 14 15 9,1,100,,271145,24,,,1,200,,271146,24,,,1,200,,271147,24,,,1,200,,271148,24,,,1,245,,271150,24,,,1,200,,271151,24,,,1
3300,'20260920',705,,271153,24,,,1,197,,271154,24,,,1,57,,271155,24,0,57 14 15 9,1,100,,271156,24,,,1,200,,271157,24,,,1,200,,271158,24,,,1,200,,271159,24,,,1,245,,271161,24,,,1,200,,271162,24,,,1
3300,'20260921',630,,271171,24,,,1,185,,271175,24,,,1,144,,271178,24,0,57 14 15 9,1,200,,271181,24,0,57 14 15 9,1,200,,271184,24,0,57 14 15 9,1,95,,271186,24,0,57 14 15 9,1,291,,271191,24,,,1,80,,271192,24,,,1,76,,271193,24,0,57 14 15 9,1,100,,271195,24,0,57 14 15 9,1,100,,271197,24,0,57 14 15 9,1
3300,'20260922',630,,271207,24,,,1,185,,271211,24,,,1,144,,271214,24,0,57 14 15 9,1,200,,271217,24,0,57 14 15 9,1,200,,271220,24,0,57 14 15 9,1,95,,271222,24,0,57 14 15 9,1,291,,271227,24,,,1,80,,271228,24,,,1,76,,271229,24,0,57 14 15 9,1,100,,271231,24,0,57 14 15 9,1,100,,271233,24,0,57 14 15 9,1
3300,'20260923',630,,271243,24,,,1,185,,271247,24,,,1,144,,271250,24,0,57 14 15 9,1,200,,271253,24,0,57 14 15 9,1,200,,271256,24,0,57 14 15 9,1,95,,271258,24,0,57 14 15 9,1,291,,271263,24,,,1,80,,271264,24,,,1,76,,271265,24,0,57 14 15 9,1,100,,271267,24,0,57 14 15 9,1,100,,271269,24,0,57 14 15 9,1
3300,'20260924',630,,271279,24,,,1,185,,271283,24,,,1,144,,271286,24,0,57 14 15 9,1,200,,271289,24,0,57 14 15 9,1,200,,271292,24,0,57 14 15 9,1,95,,271294,24,0,57 14 15 9,1,291,,271299,24,,,1,80,,271300,24,,,1,76,,271301,24,0,57 14 15 9,1,100,,271303,24,0,57 14 15 9,1,100,,271305,24,0,57 14 15 9,1
3300,'20260925',630,,271315,24,,,1,185,,271319,24,,,1,144,,271322,24,0,57 14 15 9,1,200,,271325,24,0,57 14 15 9,1,200,,271328,24,0,57 14 15 9,1,95,,271330,24,0,57 14 15 9,1,291,,271335,24,,,1,80,,271336,24,,,1,76,,271337,24,0,57 14 15 9,1,100,,271339,24,0,57 14 15 9,1,100,,271341,24,0,57 14 15 9,1
3300,'20260926',705,,271344,24,,,1,197,,271345,24,,,1,57,,271346,24,0,57 14 15 9,1,100,,271347,24,,,1,200,,271348,24,,,1,200,,271349,24,,,1,200,,271350,24,,,1,245,,271352,24,,,1,200,,271353,24,,,1
3300,'20260927',705,,271355,24,,,1,197,,271356,24,,,1,57,,271357,24,0,57 14 15 9,1,100,,271358,24,,,1,200,,271359,24,,,1,200,,271360,24,,,1,200,,271361,24,,,1,245,,271363,24,,,1,200,,271364,24,,,1
3300,'20260928',630,,271373,24,,,1,185,,271377,24,,,1,144,,271380,24,0,57 14 15 9,1,200,,271383,24,0,57 14 15 9,1,200,,271386,24,0,57 14 15 9,1,95,,271388,24,0,57 14 15 9,1,291,,271393,24,,,1,80,,271394,24,,,1,76,,271395,24,0,57 14 15 9,1,100,,271397,24,0,57 14 15 9,1,100,,271399,24,0,57 14 15 9,1
3300,'20260929',630,,271409,24,,,1,185,,271413,24,,,1,144,,271416,24,0,57 14 15 9,1,200,,271419,24,0,57 14 15 9,1,200,,271422,24,0,57 14 15 9,1,95,,271424,24,0,57 14 15 9,1,291,,271429,24,,,1,80,,271430,24,,,1,76,,271431,24,0,57 14 15 9,1,100,,271433,24,0,57 14 15 9,1,100,,271435,24,0,57 14 15 9,1
3300,'20260930',630,,271445,24,,,1,185,,271449,24,,,1,144,,271452,24,0,57 14 15 9,1,200,,271455,24,0,57 14 15 9,1,200,,271458,24,0,57 14 15 9,1,95,,271460,24,0,57 14 15 9,1,291,,271465,24,,,1,80,,271466,24,,,1,76,,271467,24,0,57 14 15 9,1,100,,271469,24,0,57 14 15 9,1,100,,271471,24,0,57 14 15 9,1
3300,'20261001',630,,271481,24,,,1,185,,271485,24,,,1,144,,271488,24,0,57 14 15 9,1,200,,271491,24,0,57 14 15 9,1,200,,271494,24,0,57 14 15 9,1,95,,271496,24,0,57 14 15 9,1,291,,271501,24,,,1,80,,271502,24,,,1,76,,271503,24,0,57 14 15 9,1,100,,271505,24,0,57 14 15 9,1,100,,271507,24,0,57 14 15 9,1
3300,'20261002',630,,271517,24,,,1,185,,271521,24,,,1,144,,271524,24,0,57 14 15 9,1,200,,271527,24,0,57 14 15 9,1,200,,271530,24,0,57 14 15 9,1,95,,271532,24,0,57 14 15 9,1,291,,271537,24,,,1,80,,271538,24,,,1,76,,271539,24,0,57 14 15 9,1,100,,271541,24,0,57 14 15 9,1,100,,271543,24,0,57 14 15 9,1
3300,'20261003',705,,271546,24,,,1,197,,271547,24,,,1,57,,271548,24,0,57 14 15 9,1,100,,271549,24,,,1,200,,271550,24,,,1,200,,271551,24,,,1,200,,271552,24,,,1,245,,271554,24,,,1,200,,271555,24,,,1
3300,'20261004',705,,271557,24,,,1,197,,271558,24,,,1,57,,271559,24,0,57 14 15 9,1,100,,271560,24,,,1,200,,271561,24,,,1,200,,271562,24,,,1,200,,271563,24,,,1,245,,271565,24,,,1,200,,271566,24,,,1
3300,'20261005',630,,271575,24,,,1,185,,271579,24,,,1,144,,271582,24,0,57 14 15 9,1,200,,271585,24,0,57 14 15 9,1,200,,271588,24,0,57 14 15 9,1,95,,271590,24,0,57 14 15 9,1,291,,271595,24,,,1,80,,271596,24,,,1,76,,271597,24,0,57 14 15 9,1,100,,271599,24,0,57 14 15 9,1,100,,271601,24,0,57 14 15 9,1
3300,'20261006',630,,271611,24,,,1,185,,271615,24,,,1,144,,271618,24,0,57 14 15 9,1,200,,271621,24,0,57 14 15 9,1,200,,271624,24,0,57 14 15 9,1,95,,271626,24,0,57 14 15 9,1,291,,271631,24,,,1,80,,271632,24,,,1,76,,271633,24,0,57 14 15 9,1,100,,271635,24,0,57 14 15 9,1,100,,271637,24,0,57 14 15 9,1
3300,'20261007',630,,271647,24,,,1,185,,271651,24,,,1,144,,271654,24,0,57 14 15 9,1,200,,271657,24,0,57 14 15 9,1,200,,271660,24,0,57 14 15 9,1,95,,271662,24,0,57 14 15 9,1,291,,271667,24,,,1,80,,271668,24,,,1,76,,271669,24,0,57 14 15 9,1,100,,271671,24,0,57 14 15 9,1,100,,271673,24,0,57 14 15 9,1
3300,'20261008',630,,271683,24,,,1,185,,271687,24,,,1,144,,271690,24,0,57 14 15 9,1,200,,271693,24,0,57 14 15 9,1,200,,271696,24,0,57 14 15 9,1,95,,271698,24,0,57 14 15 9,1,291,,271703,24,,,1,80,,271704,24,,,1,76,,271705,24,0,57 14 15 9,1,100,,271707,24,0,57 14 15 9,1,100,,271709,24,0,57 14 15 9,1
3300,'20261009',630,,271719,24,,,1,185,,271723,24,,,1,144,,271726,24,0,57 14 15 9,1,200,,271729,24,0,57 14 15 9,1,200,,271732,24,0,57 14 15 9,1,95,,271734,24,0,57 14 15 9,1,291,,271739,24,,,1,80,,271740,24,,,1,76,,271741,24,0,57 14 15 9,1,100,,271743,24,0,57 14 15 9,1,100,,271745,24,0,57 14 15 9,1
3300,'20261010',705,,271748,24,,,1,197,,271749,24,,,1,57,,271750,24,0,57 14 15 9,1,100,,271751,24,,,1,200,,271752,24,,,1,200,,271753,24,,,1,200,,271754,24,,,1,245,,271756,24,,,1,200,,271757,24,,,1
3300,'20261011',705,,271759,24,,,1,197,,271760,24,,,1,57,,271761,24,0,57 14 15 9,1,100,,271762,24,,,1,200,,271763,24,,,1,200,,271764,24,,,1,200,,271765,24,,,1,245,,271767,24,,,1,200,,271768,24,,,1
3300,'20261012',705,,271770,24,,,1,197,,271771,24,,,1,57,,271772,24,0,57 14 15 9,1,100,,271773,24,,,1,200,,271774,24,,,1,200,,271775,24,,,1,200,,271776,24,,,1,245,,271778,24,,,1,200,,271779,24,,,1
3300,'20261013',630,,271788,24,,,1,185,,271792,24,,,1,144,,271795,24,0,57 14 15 9,1,200,,271798,24,0,57 14 15 9,1,200,,271801,24,0,57 14 15 9,1,95,,271803,24,0,57 14 15 9,1,291,,271808,24,,,1,80,,271809,24,,,1,76,,271810,24,0,57 14 15 9,1,100,,271812,24,0,57 14 15 9,1,100,,271814,24,0,57 14 15 9,1
3300,'20261014',630,,271824,24,,,1,185,,271828,24,,,1,144,,271831,24,0,57 14 15 9,1,200,,271834,24,0,57 14 15 9,1,200,,271837,24,0,57 14 15 9,1,95,,271839,24,0,57 14 15 9,1,291,,271844,24,,,1,80,,271845,24,,,1,76,,271846,24,0,57 14 15 9,1,100,,271848,24,0,57 14 15 9,1,100,,271850,24,0,57 14 15 9,1
3300,'20261015',630,,271860,24,,,1,185,,271864,24,,,1,144,,271867,24,0,57 14 15 9,1,200,,271870,24,0,57 14 15 9,1,200,,271873,24,0,57 14 15 9,1,95,,271875,24,0,57 14 15 9,1,291,,271880,24,,,1,80,,271881,24,,,1,76,,271882,24,0,57 14 15 9,1,100,,271884,24,0,57 14 15 9,1,100,,271886,24,0,57 14 15 9,1
3300,'20261016',630,,271896,24,,,1,185,,271900,24,,,1,144,,271903,24,0,57 14 15 9,1,200,,271906,24,0,57 14 15 9,1,200,,271909,24,0,57 14 15 9,1,95,,271911,24,0,57 14 15 9,1,291,,271916,24,,,1,80,,271917,24,,,1,76,,271918,24,0,57 14 15 9,1,100,,271920,24,0,57 14 15 9,1,100,,271922,24,0,57 14 15 9,1
3300,'20261017',705,,271925,24,,,1,197,,271926,24,,,1,57,,271927,24,0,57 14 15 9,1,100,,271928,24,,,1,200,,271929,24,,,1,200,,271930,24,,,1,200,,271931,24,,,1,245,,271933,24,,,1,200,,271934,24,,,1
3300,'20261018',705,,271936,24,,,1,197,,271937,24,,,1,57,,271938,24,0,57 14 15 9,1,100,,271939,24,,,1,200,,271940,24,,,1,200,,271941,24,,,1,200,,271942,24,,,1,245,,271944,24,,,1,200,,271945,24,,,1
3300,'20261019',630,,271954,24,,,1,185,,271958,24,,,1,144,,271961,24,0,57 14 15 9,1,200,,271964,24,0,57 14 15 9,1,200,,271967,24,0,57 14 15 9,1,95,,271969,24,0,57 14 15 9,1,291,,271974,24,,,1,80,,271975,24,,,1,76,,271976,24,0,57 14 15 9,1,100,,271978,24,0,57 14 15 9,1,100,,271980,24,0,57 14 15 9,1
3300,'20261020',630,,271990,24,,,1,185,,271994,24,,,1,144,,271997,24,0,57 14 15 9,1,200,,272000,24,0,57 14 15 9,1,200,,272003,24,0,57 14 15 9,1,95,,272005,24,0,57 14 15 9,1,291,,272010,24,,,1,80,,272011,24,,,1,76,,272012,24,0,57 14 15 9,1,100,,272014,24,0,57 14 15 9,1,100,,272016,24,0,57 14 15 9,1
3300,'20261021',630,,272026,24,,,1,185,,272030,24,,,1,144,,272033,24,0,57 14 15 9,1,200,,272036,24,0,57 14 15 9,1,200,,272039,24,0,57 14 15 9,1,95,,272041,24,0,57 14 15 9,1,291,,272046,24,,,1,80,,272047,24,,,1,76,,272048,24,0,57 14 15 9,1,100,,272050,24,0,57 14 15 9,1,100,,272052,24,0,57 14 15 9,1
3300,'20261022',630,,272062,24,,,1,185,,272066,24,,,1,144,,272069,24,0,57 14 15 9,1,200,,272072,24,0,57 14 15 9,1,200,,272075,24,0,57 14 15 9,1,95,,272077,24,0,57 14 15 9,1,291,,272082,24,,,1,80,,272083,24,,,1,76,,272084,24,0,57 14 15 9,1,100,,272086,24,0,57 14 15 9,1,100,,272088,24,0,57 14 15 9,1
3300,'20261023',630,,272098,24,,,1,185,,272102,24,,,1,144,,272105,24,0,57 14 15 9,1,200,,272108,24,0,57 14 15 9,1,200,,272111,24,0,57 14 15 9,1,95,,272113,24,0,57 14 15 9,1,291,,272118,24,,,1,80,,272119,24,,,1,76,,272120,24,0,57 14 15 9,1,100,,272122,24,0,57 14 15 9,1,100,,272124,24,0,57 14 15 9,1
3300,'20261024',705,,272127,24,,,1,197,,272128,24,,,1,57,,272129,24,0,57 14 15 9,1,100,,272130,24,,,1,200,,272131,24,,,1,200,,272132,24,,,1,200,,272133,24,,,1,245,,272135,24,,,1,200,,272136,24,,,1
3300,'20261025',705,,272138,24,,,1,197,,272139,24,,,1,57,,272140,24,0,57 14 15 9,1,100,,272141,24,,,1,200,,272142,24,,,1,200,,272143,24,,,1,200,,272144,24,,,1,245,,272146,24,,,1,200,,272147,24,,,1
3300,'20261026',630,,272156,24,,,1,185,,272160,24,,,1,144,,272163,24,0,57 14 15 9,1,200,,272166,24,0,57 14 15 9,1,200,,272169,24,0,57 14 15 9,1,95,,272171,24,0,57 14 15 9,1,291,,272176,24,,,1,80,,272177,24,,,1,76,,272178,24,0,57 14 15 9,1,100,,272180,24,0,57 14 15 9,1,100,,272182,24,0,57 14 15 9,1
3300,'20261027',630,,272192,24,,,1,185,,272196,24,,,1,144,,272199,24,0,57 14 15 9,1,200,,272202,24,0,57 14 15 9,1,200,,272205,24,0,57 14 15 9,1,95,,272207,24,0,57 14 15 9,1,291,,272212,24,,,1,80,,272213,24,,,1,76,,272214,24,0,57 14 15 9,1,100,,272216,24,0,57 14 15 9,1,100,,272218,24,0,57 14 15 9,1
3300,'20261028',630,,272228,24,,,1,185,,272232,24,,,1,144,,272235,24,0,57 14 15 9,1,200,,272238,24,0,57 14 15 9,1,200,,272241,24,0,57 14 15 9,1,95,,272243,24,0,57 14 15 9,1,291,,272248,24,,,1,80,,272249,24,,,1,76,,272250,24,0,57 14 15 9,1,100,,272252,24,0,57 14 15 9,1,100,,272254,24,0,57 14 15 9,1
3300,'20261029',630,,272264,24,,,1,185,,272268,24,,,1,144,,272271,24,0,57 14 15 9,1,200,,272274,24,0,57 14 15 9,1,200,,272277,24,0,57 14 15 9,1,95,,272279,24,0,57 14 15 9,1,291,,272284,24,,,1,80,,272285,24,,,1,76,,272286,24,0,57 14 15 9,1,100,,272288,24,0,57 14 15 9,1,100,,272290,24,0,57 14 15 9,1
3300,'20261030',630,,272300,24,,,1,185,,272304,24,,,1,144,,272307,24,0,57 14 15 9,1,200,,272310,24,0,57 14 15 9,1,200,,272313,24,0,57 14 15 9,1,95,,272315,24,0,57 14 15 9,1,291,,272320,24,,,1,80,,272321,24,,,1,76,,272322,24,0,57 14 15 9,1,100,,272324,24,0,57 14 15 9,1,100,,272326,24,0,57 14 15 9,1
3300,'20261031',705,,272329,24,,,1,197,,272330,24,,,1,57,,272331,24,0,57 14 15 9,1,100,,272332,24,,,1,200,,272333,24,,,1,200,,272334,24,,,1,200,,272335,24,,,1,245,,272337,24,,,1,200,,272338,24,,,1
3300,'20261101',705,,272340,24,,,1,197,,272341,24,,,1,57,,272342,24,0,57 14 15 9,1,100,,272343,24,,,1,200,,272344,24,,,1,200,,272345,24,,,1,200,,272346,24,,,1,245,,272348,24,,,1,200,,272349,24,,,1
3300,'20261102',630,,272358,24,,,1,185,,272362,24,,,1,144,,272365,24,0,57 14 15 9,1,200,,272368,24,0,57 14 15 9,1,200,,272371,24,0,57 14 15 9,1,95,,272373,24,0,57 14 15 9,1,291,,272378,24,,,1,80,,272379,24,,,1,76,,272380,24,0,57 14 15 9,1,100,,272382,24,0,57 14 15 9,1,100,,272384,24,0,57 14 15 9,1
3300,'20261103',630,,272394,24,,,1,185,,272398,24,,,1,144,,272401,24,0,57 14 15 9,1,200,,272404,24,0,57 14 15 9,1,200,,272407,24,0,57 14 15 9,1,95,,272409,24,0,57 14 15 9,1,291,,272414,24,,,1,80,,272415,24,,,1,76,,272416,24,0,57 14 15 9,1,100,,272418,24,0,57 14 15 9,1,100,,272420,24,0,57 14 15 9,1
3300,'20261104',630,,272430,24,,,1,185,,272434,24,,,1,144,,272437,24,0,57 14 15 9,1,200,,272440,24,0,57 14 15 9,1,200,,272443,24,0,57 14 15 9,1,95,,272445,24,0,57 14 15 9,1,291,,272450,24,,,1,80,,272451,24,,,1,76,,272452,24,0,57 14 15 9,1,100,,272454,24,0,57 14 15 9,1,100,,272456,24,0,57 14 15 9,1
3300,'20261105',630,,272466,24,,,1,185,,272470,24,,,1,144,,272473,24,0,57 14 15 9,1,200,,272476,24,0,57 14 15 9,1,200,,272479,24,0,57 14 15 9,1,95,,272481,24,0,57 14 15 9,1,291,,272486,24,,,1,80,,272487,24,,,1,76,,272488,24,0,57 14 15 9,1,100,,272490,24,0,57 14 15 9,1,100,,272492,24,0,57 14 15 9,1
3300,'20261106',630,,272502,24,,,1,185,,272506,24,,,1,144,,272509,24,0,57 14 15 9,1,200,,272512,24,0,57 14 15 9,1,200,,272515,24,0,57 14 15 9,1,95,,272517,24,0,57 14 15 9,1,291,,272522,24,,,1,80,,272523,24,,,1,76,,272524,24,0,57 14 15 9,1,100,,272526,24,0,57 14 15 9,1,100,,272528,24,0,57 14 15 9,1
3300,'20261107',705,,272531,24,,,1,197,,272532,24,,,1,57,,272533,24,0,57 14 15 9,1,100,,272534,24,,,1,200,,272535,24,,,1,200,,272536,24,,,1,200,,272537,24,,,1,245,,272539,24,,,1,200,,272540,24,,,1
3300,'20261108',705,,272542,24,,,1,197,,272543,24,,,1,57,,272544,24,0,57 14 15 9,1,100,,272545,24,,,1,200,,272546,24,,,1,200,,272547,24,,,1,200,,272548,24,,,1,245,,272550,24,,,1,200,,272551,24,,,1
3300,'20261109',630,,272560,24,,,1,185,,272564,24,,,1,144,,272567,24,0,57 14 15 9,1,200,,272570,24,0,57 14 15 9,1,200,,272573,24,0,57 14 15 9,1,95,,272575,24,0,57 14 15 9,1,291,,272580,24,,,1,80,,272581,24,,,1,76,,272582,24,0,57 14 15 9,1,100,,272584,24,0,57 14 15 9,1,100,,272586,24,0,57 14 15 9,1
3300,'20261110',630,,272596,24,,,1,185,,272600,24,,,1,144,,272603,24,0,57 14 15 9,1,200,,272606,24,0,57 14 15 9,1,200,,272609,24,0,57 14 15 9,1,95,,272611,24,0,57 14 15 9,1,291,,272616,24,,,1,80,,272617,24,,,1,76,,272618,24,0,57 14 15 9,1,100,,272620,24,0,57 14 15 9,1,100,,272622,24,0,57 14 15 9,1
3300,'20261111',630,,272632,24,,,1,185,,272636,24,,,1,144,,272639,24,0,57 14 15 9,1,200,,272642,24,0,57 14 15 9,1,200,,272645,24,0,57 14 15 9,1,95,,272647,24,0,57 14 15 9,1,291,,272652,24,,,1,80,,272653,24,,,1,76,,272654,24,0,57 14 15 9,1,100,,272656,24,0,57 14 15 9,1,100,,272658,24,0,57 14 15 9,1
3300,'20261112',630,,272668,24,,,1,185,,272672,24,,,1,144,,272675,24,0,57 14 15 9,1,200,,272678,24,0,57 14 15 9,1,200,,272681,24,0,57 14 15 9,1,95,,272683,24,0,57 14 15 9,1,291,,272688,24,,,1,80,,272689,24,,,1,76,,272690,24,0,57 14 15 9,1,100,,272692,24,0,57 14 15 9,1,100,,272694,24,0,57 14 15 9,1
3300,'20261113',630,,272704,24,,,1,185,,272708,24,,,1,144,,272711,24,0,57 14 15 9,1,200,,272714,24,0,57 14 15 9,1,200,,272717,24,0,57 14 15 9,1,95,,272719,24,0,57 14 15 9,1,291,,272724,24,,,1,80,,272725,24,,,1,76,,272726,24,0,57 14 15 9,1,100,,272728,24,0,57 14 15 9,1,100,,272730,24,0,57 14 15 9,1
3300,'20261114',705,,272733,24,,,1,197,,272734,24,,,1,57,,272735,24,0,57 14 15 9,1,100,,272736,24,,,1,200,,272737,24,,,1,200,,272738,24,,,1,200,,272739,24,,,1,245,,272741,24,,,1,200,,272742,24,,,1
3300,'20261115',705,,272744,24,,,1,197,,272745,24,,,1,57,,272746,24,0,57 14 15 9,1,100,,272747,24,,,1,200,,272748,24,,,1,200,,272749,24,,,1,200,,272750,24,,,1,245,,272752,24,,,1,200,,272753,24,,,1
3300,'20261116',630,,272762,24,,,1,185,,272766,24,,,1,144,,272769,24,0,57 14 15 9,1,200,,272772,24,0,57 14 15 9,1,200,,272775,24,0,57 14 15 9,1,95,,272777,24,0,57 14 15 9,1,291,,272782,24,,,1,80,,272783,24,,,1,76,,272784,24,0,57 14 15 9,1,100,,272786,24,0,57 14 15 9,1,100,,272788,24,0,57 14 15 9,1
3300,'20261117',630,,272798,24,,,1,185,,272802,24,,,1,144,,272805,24,0,57 14 15 9,1,200,,272808,24,0,57 14 15 9,1,200,,272811,24,0,57 14 15 9,1,95,,272813,24,0,57 14 15 9,1,291,,272818,24,,,1,80,,272819,24,,,1,76,,272820,24,0,57 14 15 9,1,100,,272822,24,0,57 14 15 9,1,100,,272824,24,0,57 14 15 9,1
3300,'20261118',630,,272834,24,,,1,185,,272838,24,,,1,144,,272841,24,0,57 14 15 9,1,200,,272844,24,0,57 14 15 9,1,200,,272847,24,0,57 14 15 9,1,95,,272849,24,0,57 14 15 9,1,291,,272854,24,,,1,80,,272855,24,,,1,76,,272856,24,0,57 14 15 9,1,100,,272858,24,0,57 14 15 9,1,100,,272860,24,0,57 14 15 9,1
3300,'20261119',630,,272870,24,,,1,185,,272874,24,,,1,144,,272877,24,0,57 14 15 9,1,200,,272880,24,0,57 14 15 9,1,200,,272883,24,0,57 14 15 9,1,95,,272885,24,0,57 14 15 9,1,291,,272890,24,,,1,80,,272891,24,,,1,76,,272892,24,0,57 14 15 9,1,100,,272894,24,0,57 14 15 9,1,100,,272896,24,0,57 14 15 9,1
3300,'20261120',630,,272906,24,,,1,185,,272910,24,,,1,144,,272913,24,0,57 14 15 9,1,200,,272916,24,0,57 14 15 9,1,200,,272919,24,0,57 14 15 9,1,95,,272921,24,0,57 14 15 9,1,291,,272926,24,,,1,80,,272927,24,,,1,76,,272928,24,0,57 14 15 9,1,100,,272930,24,0,57 14 15 9,1,100,,272932,24,0,57 14 15 9,1
3300,'20261121',705,,272935,24,,,1,197,,272936,24,,,1,57,,272937,24,0,57 14 15 9,1,100,,272938,24,,,1,200,,272939,24,,,1,200,,272940,24,,,1,200,,272941,24,,,1,245,,272943,24,,,1,200,,272944,24,,,1
3300,'20261122',705,,272946,24,,,1,197,,272947,24,,,1,57,,272948,24,0,57 14 15 9,1,100,,272949,24,,,1,200,,272950,24,,,1,200,,272951,24,,,1,200,,272952,24,,,1,245,,272954,24,,,1,200,,272955,24,,,1
3300,'20261123',630,,272964,24,,,1,185,,272968,24,,,1,144,,272971,24,0,57 14 15 9,1,200,,272974,24,0,57 14 15 9,1,200,,272977,24,0,57 14 15 9,1,95,,272979,24,0,57 14 15 9,1,291,,272984,24,,,1,80,,272985,24,,,1,76,,272986,24,0,57 14 15 9,1,100,,272988,24,0,57 14 15 9,1,100,,272990,24,0,57 14 15 9,1
3300,'20261124',630,,273000,24,,,1,185,,273004,24,,,1,144,,273007,24,0,57 14 15 9,1,200,,273010,24,0,57 14 15 9,1,200,,273013,24,0,57 14 15 9,1,95,,273015,24,0,57 14 15 9,1,291,,273020,24,,,1,80,,273021,24,,,1,76,,273022,24,0,57 14 15 9,1,100,,273024,24,0,57 14 15 9,1,100,,273026,24,0,57 14 15 9,1
3300,'20261125',630,,273036,24,,,1,185,,273040,24,,,1,144,,273043,24,0,57 14 15 9,1,200,,273046,24,0,57 14 15 9,1,200,,273049,24,0,57 14 15 9,1,95,,273051,24,0,57 14 15 9,1,291,,273056,24,,,1,80,,273057,24,,,1,76,,273058,24,0,57 14 15 9,1,100,,273060,24,0,57 14 15 9,1,100,,273062,24,0,57 14 15 9,1
3300,'20261126',630,,273072,24,,,1,185,,273076,24,,,1,144,,273079,24,0,57 14 15 9,1,200,,273082,24,0,57 14 15 9,1,200,,273085,24,0,57 14 15 9,1,95,,273087,24,0,57 14 15 9,1,291,,273092,24,,,1,80,,273093,24,,,1,76,,273094,24,0,57 14 15 9,1,100,,273096,24,0,57 14 15 9,1,100,,273098,24,0,57 14 15 9,1
3300,'20261127',630,,273108,24,,,1,185,,273112,24,,,1,144,,273115,24,0,57 14 15 9,1,200,,273118,24,0,57 14 15 9,1,200,,273121,24,0,57 14 15 9,1,95,,273123,24,0,57 14 15 9,1,291,,273128,24,,,1,80,,273129,24,,,1,76,,273130,24,0,57 14 15 9,1,100,,273132,24,0,57 14 15 9,1,100,,273134,24,0,57 14 15 9,1
