3101,'20260917',733,,267670,45,0,37 43 44 47,1,20,,267671,45,0,37 43 44 47,1,61,,267672,55,0,43 44 47,1,24,,267673,45,0,37 43 44 47,1,75,,267674,53,0,5 43 44 47,1,100,,267675,53,0,5 43 44 47,1,1621,,267679,53,0,7 43 44 47,1
3101,'20260918',733,,267682,45,0,37 43 44 47,1,20,,267683,45,0,37 43 44 47,1,61,,267684,55,0,43 44 47,1,24,,267685,45,0,37 43 44 47,1,75,,267686,53,0,5 43 44 47,1,100,,267687,53,0,5 43 44 47,1,1309,,267688,26,0,105 101 9,1,312,,267696,53,0,7 43 44 47,1
3101,'20260919',949,,267699,53,0,7 43 44 47,1,91,,267701,47,0,71 101 9,1,10,,267702,47,0,71 101 9,1,799,,267703,47,0,71 101 9,1,590,,267704,47,0,71 101 9,1
3101,'20260920',949,,267711,53,0,7 43 44 47,1,91,,267713,47,0,71 101 9,1,10,,267714,47,0,71 101 9,1,799,,267715,47,0,71 101 9,1,590,,267716,47,0,71 101 9,1
3101,'20260921',733,,267721,45,0,37 43 44 47,1,20,,267722,45,0,37 43 44 47,1,61,,267723,55,0,43 44 47,1,24,,267724,45,0,37 43 44 47,1,75,,267725,53,0,5 43 44 47,1,100,,267726,53,0,5 43 44 47,1,1621,,267730,53,0,7 43 44 47,1
3101,'20260922',733,,267733,45,0,37 43 44 47,1,20,,267734,45,0,37 43 44 47,1,61,,267735,55,0,43 44 47,1,24,,267736,45,0,37 43 44 47,1,75,,267737,53,0,5 43 44 47,1,100,,267738,53,0,5 43 44 47,1,1621,,267742,53,0,7 43 44 47,1
3101,'20260923',733,,267745,45,0,37 43 44 47,1,20,,267746,45,0,37 43 44 47,1,61,,267747,55,0,43 44 47,1,24,,267748,45,0,37 43 44 47,1,75,,267749,53,0,5 43 44 47,1,100,,267750,53,0,5 43 44 47,1,1621,,267754,53,0,7 43 44 47,1
3101,'20260924',733,,267757,45,0,37 43 44 47,1,20,,267758,45,0,37 43 44 47,1,61,,267759,55,0,43 44 47,1,24,,267760,45,0,37 43 44 47,1,75,,267761,53,0,5 43 44 47,1,100,,267762,53,0,5 43 44 47,1,1621,,267766,53,0,7 43 44 47,1
3101,'20260925',733,,267769,45,0,37 43 44 47,1,20,,267770,45,0,37 43 44 47,1,61,,267771,55,0,43 44 47,1,24,,267772,45,0,37 43 44 47,1,75,,267773,53,0,5 43 44 47,1,100,,267774,53,0,5 43 44 47,1,1621,,267778,53,0,7 43 44 47,1
3101,'20260926',949,,267781,53,0,7 43 44 47,1
3101,'20260927',949,,267789,53,0,7 43 44 47,1
3101,'20260928',733,,267795,45,0,37 43 44 47,1,20,,267796,45,0,37 43 44 47,1,61,,267797,55,0,43 44 47,1,24,,267798,45,0,37 43 44 47,1,75,,267799,53,0,5 43 44 47,1,100,,267800,53,0,5 43 44 47,1,1621,,267804,53,0,7 43 44 47,1
3101,'20260929',733,,267807,45,0,37 43 44 47,1,20,,267808,45,0,37 43 44 47,1,61,,267809,55,0,43 44 47,1,24,,267810,45,0,37 43 44 47,1,75,,267811,53,0,5 43 44 47,1,100,,267812,53,0,5 43 44 47,1,1621,,267816,53,0,7 43 44 47,1
3101,'20260930',733,,267819,45,0,37 43 44 47,1,20,,267820,45,0,37 43 44 47,1,61,,267821,55,0,43 44 47,1,24,,267822,45,0,37 43 44 47,1,75,,267823,53,0,5 43 44 47,1,100,,267824,53,0,5 43 44 47,1,1621,,267828,53,0,7 43 44 47,1
3101,'20261001',733,,267831,45,0,37 43 44 47,1,20,,267832,45,0,37 43 44 47,1,61,,267833,55,0,43 44 47,1,24,,267834,45,0,37 43 44 47,1,75,,267835,53,0,5 43 44 47,1,100,,267836,53,0,5 43 44 47,1,1621,,267840,53,0,7 43 44 47,1
3101,'20261002',733,,267843,45,0,37 43 44 47,1,20,,267844,45,0,37 43 44 47,1,61,,267845,55,0,43 44 47,1,24,,267846,45,0,37 43 44 47,1,75,,267847,53,0,5 43 44 47,1,100,,267848,53,0,5 43 44 47,1,1309,,332718,26,0,105 101 9,1,312,,267852,53,0,7 43 44 47,1
3101,'20261003',949,,267855,53,0,7 43 44 47,1,96,,332723,47,0,71 101 9,1,10,,332724,47,0,71 101 9,1,799,,332725,47,0,71 101 9,1,590,,332726,47,0,71 101 9,1
3101,'20261004',949,,267863,53,0,7 43 44 47,1,96,,332727,47,0,71 101 9,1,10,,332728,47,0,71 101 9,1,799,,332729,47,0,71 101 9,1,590,,332730,47,0,71 101 9,1
3101,'20261005',733,,267869,45,0,37 43 44 47,1,20,,267870,45,0,37 43 44 47,1,61,,267871,55,0,43 44 47,1,24,,267872,45,0,37 43 44 47,1,75,,267873,53,0,5 43 44 47,1,100,,267874,53,0,5 43 44 47,1,1621,,267878,53,0,7 43 44 47,1
3101,'20261006',733,,267881,45,0,37 43 44 47,1,20,,267882,45,0,37 43 44 47,1,61,,267883,55,0,43 44 47,1,24,,267884,45,0,37 43 44 47,1,75,,267885,53,0,5 43 44 47,1,100,,267886,53,0,5 43 44 47,1,1621,,267890,53,0,7 43 44 47,1
3101,'20261007',733,,267893,45,0,37 43 44 47,1,20,,267894,45,0,37 43 44 47,1,61,,267895,55,0,43 44 47,1,24,,267896,45,0,37 43 44 47,1,75,,267897,53,0,5 43 44 47,1,100,,267898,53,0,5 43 44 47,1,1621,,267902,53,0,7 43 44 47,1
3101,'20261008',733,,267905,45,0,37 43 44 47,1,20,,267906,45,0,37 43 44 47,1,61,,267907,55,0,43 44 47,1,24,,267908,45,0,37 43 44 47,1,75,,267909,53,0,5 43 44 47,1,100,,267910,53,0,5 43 44 47,1,1621,,267914,53,0,7 43 44 47,1
3101,'20261009',733,,267917,45,0,37 43 44 47,1,20,,267918,45,0,37 43 44 47,1,61,,267919,55,0,43 44 47,1,24,,267920,45,0,37 43 44 47,1,75,,267921,53,0,5 43 44 47,1,100,,267922,53,0,5 43 44 47,1,1621,,267926,53,0,7 43 44 47,1
3101,'20261010',949,,267929,53,0,7 43 44 47,1
3101,'20261011',949,,267937,53,0,7 43 44 47,1
3101,'20261012',949,,267943,53,0,7 43 44 47,1
3101,'20261013',733,,267951,45,0,37 43 44 47,1,20,,267952,45,0,37 43 44 47,1,61,,267953,55,0,43 44 47,1,24,,267954,45,0,37 43 44 47,1,75,,267955,53,0,5 43 44 47,1,100,,267956,53,0,5 43 44 47,1,1621,,267960,53,0,7 43 44 47,1
3101,'20261014',733,,267963,45,0,37 43 44 47,1,20,,267964,45,0,37 43 44 47,1,61,,267965,55,0,43 44 47,1,24,,267966,45,0,37 43 44 47,1,75,,267967,53,0,5 43 44 47,1,100,,267968,53,0,5 43 44 47,1,1621,,267972,53,0,7 43 44 47,1
3101,'20261015',733,,267975,45,0,37 43 44 47,1,20,,267976,45,0,37 43 44 47,1,61,,267977,55,0,43 44 47,1,24,,267978,45,0,37 43 44 47,1,75,,267979,53,0,5 43 44 47,1,100,,267980,53,0,5 43 44 47,1,1621,,267984,53,0,7 43 44 47,1
3101,'20261016',733,,267987,45,0,37 43 44 47,1,20,,267988,45,0,37 43 44 47,1,61,,267989,55,0,43 44 47,1,24,,267990,45,0,37 43 44 47,1,75,,267991,53,0,5 43 44 47,1,100,,267992,53,0,5 43 44 47,1,1621,,267996,53,0,7 43 44 47,1
3101,'20261017',949,,267999,53,0,7 43 44 47,1
3101,'20261018',949,,268007,53,0,7 43 44 47,1
3101,'20261019',733,,268013,45,0,37 43 44 47,1,20,,268014,45,0,37 43 44 47,1,61,,268015,55,0,43 44 47,1,24,,268016,45,0,37 43 44 47,1,75,,268017,53,0,5 43 44 47,1,100,,268018,53,0,5 43 44 47,1,1621,,268022,53,0,7 43 44 47,1
3101,'20261020',733,,268025,45,0,37 43 44 47,1,20,,268026,45,0,37 43 44 47,1,61,,268027,55,0,43 44 47,1,24,,268028,45,0,37 43 44 47,1,75,,268029,53,0,5 43 44 47,1,100,,268030,53,0,5 43 44 47,1,1621,,268034,53,0,7 43 44 47,1
3101,'20261021',733,,268037,45,0,37 43 44 47,1,20,,268038,45,0,37 43 44 47,1,61,,268039,55,0,43 44 47,1,24,,268040,45,0,37 43 44 47,1,75,,268041,53,0,5 43 44 47,1,100,,268042,53,0,5 43 44 47,1,1621,,268046,53,0,7 43 44 47,1
3101,'20261022',733,,268049,45,0,37 43 44 47,1,20,,268050,45,0,37 43 44 47,1,61,,268051,55,0,43 44 47,1,24,,268052,45,0,37 43 44 47,1,75,,268053,53,0,5 43 44 47,1,100,,268054,53,0,5 43 44 47,1,1621,,268058,53,0,7 43 44 47,1
3101,'20261023',733,,268061,45,0,37 43 44 47,1,20,,268062,45,0,37 43 44 47,1,61,,268063,55,0,43 44 47,1,24,,268064,45,0,37 43 44 47,1,75,,268065,53,0,5 43 44 47,1,100,,268066,53,0,5 43 44 47,1,1621,,268070,53,0,7 43 44 47,1
3101,'20261024',949,,268073,53,0,7 43 44 47,1
3101,'20261025',949,,268081,53,0,7 43 44 47,1
3101,'20261026',733,,268087,45,0,37 43 44 47,1,20,,268088,45,0,37 43 44 47,1,61,,268089,55,0,43 44 47,1,24,,268090,45,0,37 43 44 47,1,75,,268091,53,0,5 43 44 47,1,100,,268092,53,0,5 43 44 47,1,1621,,268096,53,0,7 43 44 47,1
3101,'20261027',733,,268099,45,0,37 43 44 47,1,20,,268100,45,0,37 43 44 47,1,61,,268101,55,0,43 44 47,1,24,,268102,45,0,37 43 44 47,1,75,,268103,53,0,5 43 44 47,1,100,,268104,53,0,5 43 44 47,1,1621,,268108,53,0,7 43 44 47,1
3101,'20261028',733,,268111,45,0,37 43 44 47,1,20,,268112,45,0,37 43 44 47,1,61,,268113,55,0,43 44 47,1,24,,268114,45,0,37 43 44 47,1,75,,268115,53,0,5 43 44 47,1,100,,268116,53,0,5 43 44 47,1,1621,,268120,53,0,7 43 44 47,1
3101,'20261029',733,,268123,45,0,37 43 44 47,1,20,,268124,45,0,37 43 44 47,1,61,,268125,55,0,43 44 47,1,24,,268126,45,0,37 43 44 47,1,75,,268127,53,0,5 43 44 47,1,100,,268128,53,0,5 43 44 47,1,1621,,268132,53,0,7 43 44 47,1
3101,'20261030',733,,268135,45,0,37 43 44 47,1,20,,268136,45,0,37 43 44 47,1,61,,268137,55,0,43 44 47,1,24,,268138,45,0,37 43 44 47,1,75,,268139,53,0,5 43 44 47,1,100,,268140,53,0,5 43 44 47,1,1621,,268144,53,0,7 43 44 47,1
3101,'20261031',949,,268147,53,0,7 43 44 47,1
3101,'20261101',949,,268155,53,0,7 43 44 47,1
3101,'20261102',733,,268161,45,0,37 43 44 47,1,20,,268162,45,0,37 43 44 47,1,61,,268163,55,0,43 44 47,1,24,,268164,45,0,37 43 44 47,1,75,,268165,53,0,5 43 44 47,1,100,,268166,53,0,5 43 44 47,1,1621,,268170,53,0,7 43 44 47,1
3101,'20261103',733,,268173,45,0,37 43 44 47,1,20,,268174,45,0,37 43 44 47,1,61,,268175,55,0,43 44 47,1,24,,268176,45,0,37 43 44 47,1,75,,268177,53,0,5 43 44 47,1,100,,268178,53,0,5 43 44 47,1,1621,,268182,53,0,7 43 44 47,1
3101,'20261104',733,,268185,45,0,37 43 44 47,1,20,,268186,45,0,37 43 44 47,1,61,,268187,55,0,43 44 47,1,24,,268188,45,0,37 43 44 47,1,75,,268189,53,0,5 43 44 47,1,100,,268190,53,0,5 43 44 47,1,1621,,268194,53,0,7 43 44 47,1
3101,'20261105',733,,268197,45,0,37 43 44 47,1,20,,268198,45,0,37 43 44 47,1,61,,268199,55,0,43 44 47,1,24,,268200,45,0,37 43 44 47,1,75,,268201,53,0,5 43 44 47,1,100,,268202,53,0,5 43 44 47,1,1621,,268206,53,0,7 43 44 47,1
3101,'20261106',733,,268209,45,0,37 43 44 47,1,20,,268210,45,0,37 43 44 47,1,61,,268211,55,0,43 44 47,1,24,,268212,45,0,37 43 44 47,1,75,,268213,53,0,5 43 44 47,1,100,,268214,53,0,5 43 44 47,1,1621,,268218,53,0,7 43 44 47,1
3101,'20261107',949,,268221,53,0,7 43 44 47,1
3101,'20261108',949,,268229,53,0,7 43 44 47,1
3101,'20261109',733,,268235,45,0,37 43 44 47,1,20,,268236,45,0,37 43 44 47,1,61,,268237,55,0,43 44 47,1,24,,268238,45,0,37 43 44 47,1,75,,268239,53,0,5 43 44 47,1,100,,268240,53,0,5 43 44 47,1,1621,,268244,53,0,7 43 44 47,1
3101,'20261110',733,,268247,45,0,37 43 44 47,1,20,,268248,45,0,37 43 44 47,1,61,,268249,55,0,43 44 47,1,24,,268250,45,0,37 43 44 47,1,75,,268251,53,0,5 43 44 47,1,100,,268252,53,0,5 43 44 47,1,1621,,268256,53,0,7 43 44 47,1
3101,'20261111',733,,268259,45,0,37 43 44 47,1,20,,268260,45,0,37 43 44 47,1,61,,268261,55,0,43 44 47,1,24,,268262,45,0,37 43 44 47,1,75,,268263,53,0,5 43 44 47,1,100,,268264,53,0,5 43 44 47,1,1621,,268268,53,0,7 43 44 47,1
3101,'20261112',733,,268271,45,0,37 43 44 47,1,20,,268272,45,0,37 43 44 47,1,61,,268273,55,0,43 44 47,1,24,,268274,45,0,37 43 44 47,1,75,,268275,53,0,5 43 44 47,1,100,,268276,53,0,5 43 44 47,1,1621,,268280,53,0,7 43 44 47,1
3101,'20261113',733,,268283,45,0,37 43 44 47,1,20,,268284,45,0,37 43 44 47,1,61,,268285,55,0,43 44 47,1,24,,268286,45,0,37 43 44 47,1,75,,268287,53,0,5 43 44 47,1,100,,268288,53,0,5 43 44 47,1,1621,,268292,53,0,7 43 44 47,1
3101,'20261114',949,,268295,53,0,7 43 44 47,1
3101,'20261115',949,,268303,53,0,7 43 44 47,1
3101,'20261116',733,,268309,45,0,37 43 44 47,1,20,,268310,45,0,37 43 44 47,1,61,,268311,55,0,43 44 47,1,24,,268312,45,0,37 43 44 47,1,75,,268313,53,0,5 43 44 47,1,100,,268314,53,0,5 43 44 47,1,1621,,268318,53,0,7 43 44 47,1
3101,'20261117',733,,268321,45,0,37 43 44 47,1,20,,268322,45,0,37 43 44 47,1,61,,268323,55,0,43 44 47,1,24,,268324,45,0,37 43 44 47,1,75,,268325,53,0,5 43 44 47,1,100,,268326,53,0,5 43 44 47,1,1621,,268330,53,0,7 43 44 47,1
3101,'20261118',733,,268333,45,0,37 43 44 47,1,20,,268334,45,0,37 43 44 47,1,61,,268335,55,0,43 44 47,1,24,,268336,45,0,37 43 44 47,1,75,,268337,53,0,5 43 44 47,1,100,,268338,53,0,5 43 44 47,1,1621,,268342,53,0,7 43 44 47,1
3101,'20261119',733,,268345,45,0,37 43 44 47,1,20,,268346,45,0,37 43 44 47,1,61,,268347,55,0,43 44 47,1,24,,268348,45,0,37 43 44 47,1,75,,268349,53,0,5 43 44 47,1,100,,268350,53,0,5 43 44 47,1,1621,,268354,53,0,7 43 44 47,1
3101,'20261120',733,,268357,45,0,37 43 44 47,1,20,,268358,45,0,37 43 44 47,1,61,,268359,55,0,43 44 47,1,24,,268360,45,0,37 43 44 47,1,75,,268361,53,0,5 43 44 47,1,100,,268362,53,0,5 43 44 47,1,1621,,268366,53,0,7 43 44 47,1
3101,'20261121',949,,268369,53,0,7 43 44 47,1
3101,'20261122',949,,268377,53,0,7 43 44 47,1
3101,'20261123',733,,268383,45,0,37 43 44 47,1,20,,268384,45,0,37 43 44 47,1,61,,268385,55,0,43 44 47,1,24,,268386,45,0,37 43 44 47,1,75,,268387,53,0,5 43 44 47,1,100,,268388,53,0,5 43 44 47,1,1621,,268392,53,0,7 43 44 47,1
3101,'20261124',733,,268395,45,0,37 43 44 47,1,20,,268396,45,0,37 43 44 47,1,61,,268397,55,0,43 44 47,1,24,,268398,45,0,37 43 44 47,1,75,,268399,53,0,5 43 44 47,1,100,,268400,53,0,5 43 44 47,1,1621,,268404,53,0,7 43 44 47,1
3101,'20261125',733,,268407,45,0,37 43 44 47,1,20,,268408,45,0,37 43 44 47,1,61,,268409,55,0,43 44 47,1,24,,268410,45,0,37 43 44 47,1,75,,268411,53,0,5 43 44 47,1,100,,268412,53,0,5 43 44 47,1,1621,,268416,53,0,7 43 44 47,1
3101,'20261126',733,,268419,45,0,37 43 44 47,1,20,,268420,45,0,37 43 44 47,1,61,,268421,55,0,43 44 47,1,24,,268422,45,0,37 43 44 47,1,75,,268423,53,0,5 43 44 47,1,100,,268424,53,0,5 43 44 47,1,1621,,268428,53,0,7 43 44 47,1
3101,'20261127',733,,268431,45,0,37 43 44 47,1,20,,268432,45,0,37 43 44 47,1,61,,268433,55,0,43 44 47,1,24,,268434,45,0,37 43 44 47,1,75,,268435,53,0,5 43 44 47,1,100,,268436,53,0,5 43 44 47,1,1621,,268440,53,0,7 43 44 47,1
3301,'20260917',1048,,273423,57,,,1,100,,273424,57,,,1,100,,273425,57,,,1,104,,273426,57,,,1,150,,273427,57,,,1,105,,273428,57,,,1,100,,273430,57,,,1,108,,273433,57,,,1,93,,273435,57,,,1,151,,273442,57,,,1,185,,273446,57,,,1,187,,273450,57,,,1
3301,'20260918',1048,,273455,57,,,1,100,,273456,57,,,1,100,,273457,57,,,1,104,,273458,57,,,1,150,,273459,57,,,1,105,,273460,57,,,1,100,,273462,57,,,1,108,,273465,57,,,1,93,,273467,57,,,1,151,,273474,57,,,1,185,,273478,57,,,1,187,,273482,57,,,1
3301,'20260919',1147,,273486,57,,,1,205,,273488,57,,,1,197,,273490,57,,,1,200,,273492,57,,,1,196,,273493,57,,,1,200,,273494,57,,,1,200,,273495,57,,,1,199,,273496,57,,,1
3301,'20260920',1147,,273498,57,,,1,205,,273500,57,,,1,197,,273502,57,,,1,200,,273504,57,,,1,196,,273505,57,,,1,200,,273506,57,,,1,200,,273507,57,,,1,199,,273508,57,,,1
3301,'20260921',1048,,273511,57,,,1,100,,273512,57,,,1,100,,273513,57,,,1,104,,273514,57,,,1,150,,273515,57,,,1,105,,273516,57,,,1,100,,273518,57,,,1,108,,273521,57,,,1,93,,273523,57,,,1,151,,273530,57,,,1,185,,273534,57,,,1,187,,273538,57,,,1
3301,'20260922',1048,,273543,57,,,1,100,,273544,57,,,1,100,,273545,57,,,1,104,,273546,57,,,1,150,,273547,57,,,1,105,,273548,57,,,1,100,,273550,57,,,1,108,,273553,57,,,1,93,,273555,57,,,1,151,,273562,57,,,1,185,,273566,57,,,1,187,,273570,57,,,1
3301,'20260923',1048,,273575,57,,,1,100,,273576,57,,,1,100,,273577,57,,,1,104,,273578,57,,,1,150,,273579,57,,,1,105,,273580,57,,,1,100,,273582,57,,,1,108,,273585,57,,,1,93,,273587,57,,,1,151,,273594,57,,,1,185,,273598,57,,,1,187,,273602,57,,,1
3301,'20260924',1048,,273607,57,,,1,100,,273608,57,,,1,100,,273609,57,,,1,104,,273610,57,,,1,150,,273611,57,,,1,105,,273612,57,,,1,100,,273614,57,,,1,108,,273617,57,,,1,93,,273619,57,,,1,151,,273626,57,,,1,185,,273630,57,,,1,187,,273634,57,,,1
3301,'20260925',1048,,273639,57,,,1,100,,273640,57,,,1,100,,273641,57,,,1,104,,273642,57,,,1,150,,273643,57,,,1,105,,273644,57,,,1,100,,273646,57,,,1,108,,273649,57,,,1,93,,273651,57,,,1,151,,273658,57,,,1,185,,273662,57,,,1,187,,273666,57,,,1
3301,'20260926',1147,,273670,57,,,1,205,,273672,57,,,1,197,,273674,57,,,1,200,,273676,57,,,1,196,,273677,57,,,1,200,,273678,57,,,1,200,,273679,57,,,1,199,,273680,57,,,1
3301,'20260927',1147,,273682,57,,,1,205,,273684,57,,,1,197,,273686,57,,,1,200,,273688,57,,,1,196,,273689,57,,,1,200,,273690,57,,,1,200,,273691,57,,,1,199,,273692,57,,,1
3301,'20260928',1048,,273695,57,,,1,100,,273696,57,,,1,100,,273697,57,,,1,104,,273698,57,,,1,150,,273699,57,,,1,105,,273700,57,,,1,100,,273702,57,,,1,108,,273705,57,,,1,93,,273707,57,,,1,151,,273714,57,,,1,185,,273718,57,,,1,187,,273722,57,,,1
3301,'20260929',1048,,273727,57,,,1,100,,273728,57,,,1,100,,273729,57,,,1,104,,273730,57,,,1,150,,273731,57,,,1,105,,273732,57,,,1,100,,273734,57,,,1,108,,273737,57,,,1,93,,273739,57,,,1,151,,273746,57,,,1,185,,273750,57,,,1,187,,273754,57,,,1
3301,'20260930',1048,,273759,57,,,1,100,,273760,57,,,1,100,,273761,57,,,1,104,,273762,57,,,1,150,,273763,57,,,1,105,,273764,57,,,1,100,,273766,57,,,1,108,,273769,57,,,1,93,,273771,57,,,1,151,,273778,57,,,1,185,,273782,57,,,1,187,,273786,57,,,1
3301,'20261001',1048,,273791,57,,,1,100,,273792,57,,,1,100,,273793,57,,,1,104,,273794,57,,,1,150,,273795,57,,,1,105,,273796,57,,,1,100,,273798,57,,,1,108,,273801,57,,,1,93,,273803,57,,,1,151,,273810,57,,,1,185,,273814,57,,,1,187,,273818,57,,,1
3301,'20261002',1048,,273823,57,,,1,100,,273824,57,,,1,100,,273825,57,,,1,104,,273826,57,,,1,150,,273827,57,,,1,105,,273828,57,,,1,100,,273830,57,,,1,108,,273833,57,,,1,93,,273835,57,,,1,151,,273842,57,,,1,185,,273846,57,,,1,187,,273850,57,,,1
3301,'20261003',1147,,273854,57,,,1,205,,273856,57,,,1,197,,273858,57,,,1,200,,273860,57,,,1,196,,273861,57,,,1,200,,273862,57,,,1,200,,273863,57,,,1,199,,273864,57,,,1
3301,'20261004',1147,,273866,57,,,1,205,,273868,57,,,1,197,,273870,57,,,1,200,,273872,57,,,1,196,,273873,57,,,1,200,,273874,57,,,1,200,,273875,57,,,1,199,,273876,57,,,1
3301,'20261005',1048,,273879,57,,,1,100,,273880,57,,,1,100,,273881,57,,,1,104,,273882,57,,,1,150,,273883,57,,,1,105,,273884,57,,,1,100,,273886,57,,,1,108,,273889,57,,,1,93,,273891,57,,,1,151,,273898,57,,,1,185,,273902,57,,,1,187,,273906,57,,,1
3301,'20261006',1048,,273911,57,,,1,100,,273912,57,,,1,100,,273913,57,,,1,104,,273914,57,,,1,150,,273915,57,,,1,105,,273916,57,,,1,100,,273918,57,,,1,108,,273921,57,,,1,93,,273923,57,,,1,151,,273930,57,,,1,185,,273934,57,,,1,187,,273938,57,,,1
3301,'20261007',1048,,273943,57,,,1,100,,273944,57,,,1,100,,273945,57,,,1,104,,273946,57,,,1,150,,273947,57,,,1,105,,273948,57,,,1,100,,273950,57,,,1,108,,273953,57,,,1,93,,273955,57,,,1,151,,273962,57,,,1,185,,273966,57,,,1,187,,273970,57,,,1
3301,'20261008',1048,,273975,57,,,1,100,,273976,57,,,1,100,,273977,57,,,1,104,,273978,57,,,1,150,,273979,57,,,1,105,,273980,57,,,1,100,,273982,57,,,1,108,,273985,57,,,1,93,,273987,57,,,1,151,,273994,57,,,1,185,,273998,57,,,1,187,,274002,57,,,1
3301,'20261009',1048,,274007,57,,,1,100,,274008,57,,,1,100,,274009,57,,,1,104,,274010,57,,,1,150,,274011,57,,,1,105,,274012,57,,,1,100,,274014,57,,,1,108,,274017,57,,,1,93,,274019,57,,,1,151,,274026,57,,,1,185,,274030,57,,,1,187,,274034,57,,,1
3301,'20261010',1147,,274038,57,,,1,205,,274040,57,,,1,197,,274042,57,,,1,200,,274044,57,,,1,196,,274045,57,,,1,200,,274046,57,,,1,200,,274047,57,,,1,199,,274048,57,,,1
3301,'20261011',1147,,274050,57,,,1,205,,274052,57,,,1,197,,274054,57,,,1,200,,274056,57,,,1,196,,274057,57,,,1,200,,274058,57,,,1,200,,274059,57,,,1,199,,274060,57,,,1
3301,'20261012',1147,,274062,57,,,1,205,,274064,57,,,1,197,,274066,57,,,1,200,,274068,57,,,1,196,,274069,57,,,1,200,,274070,57,,,1,200,,274071,57,,,1,199,,274072,57,,,1
3301,'20261013',1048,,274075,57,,,1,100,,274076,57,,,1,100,,274077,57,,,1,104,,274078,57,,,1,150,,274079,57,,,1,105,,274080,57,,,1,100,,274082,57,,,1,108,,274085,57,,,1,93,,274087,57,,,1,151,,274094,57,,,1,185,,274098,57,,,1,187,,274102,57,,,1
3301,'20261014',1048,,274107,57,,,1,100,,274108,57,,,1,100,,274109,57,,,1,104,,274110,57,,,1,150,,274111,57,,,1,105,,274112,57,,,1,100,,274114,57,,,1,108,,274117,57,,,1,93,,274119,57,,,1,151,,274126,57,,,1,185,,274130,57,,,1,187,,274134,57,,,1
3301,'20261015',1048,,274139,57,,,1,100,,274140,57,,,1,100,,274141,57,,,1,104,,274142,57,,,1,150,,274143,57,,,1,105,,274144,57,,,1,100,,274146,57,,,1,108,,274149,57,,,1,93,,274151,57,,,1,151,,274158,57,,,1,185,,274162,57,,,1,187,,274166,57,,,1
3301,'20261016',1048,,274171,57,,,1,100,,274172,57,,,1,100,,274173,57,,,1,104,,274174,57,,,1,150,,274175,57,,,1,105,,274176,57,,,1,100,,274178,57,,,1,108,,274181,57,,,1,93,,274183,57,,,1,151,,274190,57,,,1,185,,274194,57,,,1,187,,274198,57,,,1
3301,'20261017',1147,,274202,57,,,1,205,,274204,57,,,1,197,,274206,57,,,1,200,,274208,57,,,1,196,,274209,57,,,1,200,,274210,57,,,1,200,,274211,57,,,1,199,,274212,57,,,1
3301,'20261018',1147,,274214,57,,,1,205,,274216,57,,,1,197,,274218,57,,,1,200,,274220,57,,,1,196,,274221,57,,,1,200,,274222,57,,,1,200,,274223,57,,,1,199,,274224,57,,,1
3301,'20261019',1048,,274227,57,,,1,100,,274228,57,,,1,100,,274229,57,,,1,104,,274230,57,,,1,150,,274231,57,,,1,105,,274232,57,,,1,100,,274234,57,,,1,108,,274237,57,,,1,93,,274239,57,,,1,151,,274246,57,,,1,185,,274250,57,,,1,187,,274254,57,,,1
3301,'20261020',1048,,274259,57,,,1,100,,274260,57,,,1,100,,274261,57,,,1,104,,274262,57,,,1,150,,274263,57,,,1,105,,274264,57,,,1,100,,274266,57,,,1,108,,274269,57,,,1,93,,274271,57,,,1,151,,274278,57,,,1,185,,274282,57,,,1,187,,274286,57,,,1
3301,'20261021',1048,,274291,57,,,1,100,,274292,57,,,1,100,,274293,57,,,1,104,,274294,57,,,1,150,,274295,57,,,1,105,,274296,57,,,1,100,,274298,57,,,1,108,,274301,57,,,1,93,,274303,57,,,1,151,,274310,57,,,1,185,,274314,57,,,1,187,,274318,57,,,1
3301,'20261022',1048,,274323,57,,,1,100,,274324,57,,,1,100,,274325,57,,,1,104,,274326,57,,,1,150,,274327,57,,,1,105,,274328,57,,,1,100,,274330,57,,,1,108,,274333,57,,,1,93,,274335,57,,,1,151,,274342,57,,,1,185,,274346,57,,,1,187,,274350,57,,,1
3301,'20261023',1048,,274355,57,,,1,100,,274356,57,,,1,100,,274357,57,,,1,104,,274358,57,,,1,150,,274359,57,,,1,105,,274360,57,,,1,100,,274362,57,,,1,108,,274365,57,,,1,93,,274367,57,,,1,151,,274374,57,,,1,185,,274378,57,,,1,187,,274382,57,,,1
3301,'20261024',1147,,274386,57,,,1,205,,274388,57,,,1,197,,274390,57,,,1,200,,274392,57,,,1,196,,274393,57,,,1,200,,274394,57,,,1,200,,274395,57,,,1,199,,274396,57,,,1
3301,'20261025',1147,,274398,57,,,1,205,,274400,57,,,1,197,,274402,57,,,1,200,,274404,57,,,1,196,,274405,57,,,1,200,,274406,57,,,1,200,,274407,57,,,1,199,,274408,57,,,1
3301,'20261026',1048,,274411,57,,,1,100,,274412,57,,,1,100,,274413,57,,,1,104,,274414,57,,,1,150,,274415,57,,,1,105,,274416,57,,,1,100,,274418,57,,,1,108,,274421,57,,,1,93,,274423,57,,,1,151,,274430,57,,,1,185,,274434,57,,,1,187,,274438,57,,,1
3301,'20261027',1048,,274443,57,,,1,100,,274444,57,,,1,100,,274445,57,,,1,104,,274446,57,,,1,150,,274447,57,,,1,105,,274448,57,,,1,100,,274450,57,,,1,108,,274453,57,,,1,93,,274455,57,,,1,151,,274462,57,,,1,185,,274466,57,,,1,187,,274470,57,,,1
3301,'20261028',1048,,274475,57,,,1,100,,274476,57,,,1,100,,274477,57,,,1,104,,274478,57,,,1,150,,274479,57,,,1,105,,274480,57,,,1,100,,274482,57,,,1,108,,274485,57,,,1,93,,274487,57,,,1,151,,274494,57,,,1,185,,274498,57,,,1,187,,274502,57,,,1
3301,'20261029',1048,,274507,57,,,1,100,,274508,57,,,1,100,,274509,57,,,1,104,,274510,57,,,1,150,,274511,57,,,1,105,,274512,57,,,1,100,,274514,57,,,1,108,,274517,57,,,1,93,,274519,57,,,1,151,,274526,57,,,1,185,,274530,57,,,1,187,,274534,57,,,1
3301,'20261030',1048,,274539,57,,,1,100,,274540,57,,,1,100,,274541,57,,,1,104,,274542,57,,,1,150,,274543,57,,,1,105,,274544,57,,,1,100,,274546,57,,,1,108,,274549,57,,,1,93,,274551,57,,,1,151,,274558,57,,,1,185,,274562,57,,,1,187,,274566,57,,,1
3301,'20261031',1147,,274570,57,,,1,205,,274572,57,,,1,197,,274574,57,,,1,200,,274576,57,,,1,196,,274577,57,,,1,200,,274578,57,,,1,200,,274579,57,,,1,199,,274580,57,,,1
3301,'20261101',1147,,274582,57,,,1,205,,274584,57,,,1,197,,274586,57,,,1,200,,274588,57,,,1,196,,274589,57,,,1,200,,274590,57,,,1,200,,274591,57,,,1,199,,274592,57,,,1
3301,'20261102',1048,,274595,57,,,1,100,,274596,57,,,1,100,,274597,57,,,1,104,,274598,57,,,1,150,,274599,57,,,1,105,,274600,57,,,1,100,,274602,57,,,1,108,,274605,57,,,1,93,,274607,57,,,1,151,,274614,57,,,1,185,,274618,57,,,1,187,,274622,57,,,1
3301,'20261103',1048,,274627,57,,,1,100,,274628,57,,,1,100,,274629,57,,,1,104,,274630,57,,,1,150,,274631,57,,,1,105,,274632,57,,,1,100,,274634,57,,,1,108,,274637,57,,,1,93,,274639,57,,,1,151,,274646,57,,,1,185,,274650,57,,,1,187,,274654,57,,,1
3301,'20261104',1048,,274659,57,,,1,100,,274660,57,,,1,100,,274661,57,,,1,104,,274662,57,,,1,150,,274663,57,,,1,105,,274664,57,,,1,100,,274666,57,,,1,108,,274669,57,,,1,93,,274671,57,,,1,151,,274678,57,,,1,185,,274682,57,,,1,187,,274686,57,,,1
3301,'20261105',1048,,274691,57,,,1,100,,274692,57,,,1,100,,274693,57,,,1,104,,274694,57,,,1,150,,274695,57,,,1,105,,274696,57,,,1,100,,274698,57,,,1,108,,274701,57,,,1,93,,274703,57,,,1,151,,274710,57,,,1,185,,274714,57,,,1,187,,274718,57,,,1
3301,'20261106',1048,,274723,57,,,1,100,,274724,57,,,1,100,,274725,57,,,1,104,,274726,57,,,1,150,,274727,57,,,1,105,,274728,57,,,1,100,,274730,57,,,1,108,,274733,57,,,1,93,,274735,57,,,1,151,,274742,57,,,1,185,,274746,57,,,1,187,,274750,57,,,1
3301,'20261107',1147,,274754,57,,,1,205,,274756,57,,,1,197,,274758,57,,,1,200,,274760,57,,,1,196,,274761,57,,,1,200,,274762,57,,,1,200,,274763,57,,,1,199,,274764,57,,,1
3301,'20261108',1147,,274766,57,,,1,205,,274768,57,,,1,197,,274770,57,,,1,200,,274772,57,,,1,196,,274773,57,,,1,200,,274774,57,,,1,200,,274775,57,,,1,199,,274776,57,,,1
3301,'20261109',1048,,274779,57,,,1,100,,274780,57,,,1,100,,274781,57,,,1,104,,274782,57,,,1,150,,274783,57,,,1,105,,274784,57,,,1,100,,274786,57,,,1,108,,274789,57,,,1,93,,274791,57,,,1,151,,274798,57,,,1,185,,274802,57,,,1,187,,274806,57,,,1
3301,'20261110',1048,,274811,57,,,1,100,,274812,57,,,1,100,,274813,57,,,1,104,,274814,57,,,1,150,,274815,57,,,1,105,,274816,57,,,1,100,,274818,57,,,1,108,,274821,57,,,1,93,,274823,57,,,1,151,,274830,57,,,1,185,,274834,57,,,1,187,,274838,57,,,1
3301,'20261111',1048,,274843,57,,,1,100,,274844,57,,,1,100,,274845,57,,,1,104,,274846,57,,,1,150,,274847,57,,,1,105,,274848,57,,,1,100,,274850,57,,,1,108,,274853,57,,,1,93,,274855,57,,,1,151,,274862,57,,,1,185,,274866,57,,,1,187,,274870,57,,,1
3301,'20261112',1048,,274875,57,,,1,100,,274876,57,,,1,100,,274877,57,,,1,104,,274878,57,,,1,150,,274879,57,,,1,105,,274880,57,,,1,100,,274882,57,,,1,108,,274885,57,,,1,93,,274887,57,,,1,151,,274894,57,,,1,185,,274898,57,,,1,187,,274902,57,,,1
3301,'20261113',1048,,274907,57,,,1,100,,274908,57,,,1,100,,274909,57,,,1,104,,274910,57,,,1,150,,274911,57,,,1,105,,274912,57,,,1,100,,274914,57,,,1,108,,274917,57,,,1,93,,274919,57,,,1,151,,274926,57,,,1,185,,274930,57,,,1,187,,274934,57,,,1
3301,'20261114',1147,,274938,57,,,1,205,,274940,57,,,1,197,,274942,57,,,1,200,,274944,57,,,1,196,,274945,57,,,1,200,,274946,57,,,1,200,,274947,57,,,1,199,,274948,57,,,1
3301,'20261115',1147,,274950,57,,,1,205,,274952,57,,,1,197,,274954,57,,,1,200,,274956,57,,,1,196,,274957,57,,,1,200,,274958,57,,,1,200,,274959,57,,,1,199,,274960,57,,,1
3301,'20261116',1048,,274963,57,,,1,100,,274964,57,,,1,100,,274965,57,,,1,104,,274966,57,,,1,150,,274967,57,,,1,105,,274968,57,,,1,100,,274970,57,,,1,108,,274973,57,,,1,93,,274975,57,,,1,151,,274982,57,,,1,185,,274986,57,,,1,187,,274990,57,,,1
3301,'20261117',1048,,274995,57,,,1,100,,274996,57,,,1,100,,274997,57,,,1,104,,274998,57,,,1,150,,274999,57,,,1,105,,275000,57,,,1,100,,275002,57,,,1,108,,275005,57,,,1,93,,275007,57,,,1,151,,275014,57,,,1,185,,275018,57,,,1,187,,275022,57,,,1
3301,'20261118',1048,,275027,57,,,1,100,,275028,57,,,1,100,,275029,57,,,1,104,,275030,57,,,1,150,,275031,57,,,1,105,,275032,57,,,1,100,,275034,57,,,1,108,,275037,57,,,1,93,,275039,57,,,1,151,,275046,57,,,1,185,,275050,57,,,1,187,,275054,57,,,1
3301,'20261119',1048,,275059,57,,,1,100,,275060,57,,,1,100,,275061,57,,,1,104,,275062,57,,,1,150,,275063,57,,,1,105,,275064,57,,,1,100,,275066,57,,,1,108,,275069,57,,,1,93,,275071,57,,,1,151,,275078,57,,,1,185,,275082,57,,,1,187,,275086,57,,,1
3301,'20261120',1048,,275091,57,,,1,100,,275092,57,,,1,100,,275093,57,,,1,104,,275094,57,,,1,150,,275095,57,,,1,105,,275096,57,,,1,100,,275098,57,,,1,108,,275101,57,,,1,93,,275103,57,,,1,151,,275110,57,,,1,185,,275114,57,,,1,187,,275118,57,,,1
3301,'20261121',1147,,275122,57,,,1,205,,275124,57,,,1,197,,275126,57,,,1,200,,275128,57,,,1,196,,275129,57,,,1,200,,275130,57,,,1,200,,275131,57,,,1,199,,275132,57,,,1
3301,'20261122',1147,,275134,57,,,1,205,,275136,57,,,1,197,,275138,57,,,1,200,,275140,57,,,1,196,,275141,57,,,1,200,,275142,57,,,1,200,,275143,57,,,1,199,,275144,57,,,1
3301,'20261123',1048,,275147,57,,,1,100,,275148,57,,,1,100,,275149,57,,,1,104,,275150,57,,,1,150,,275151,57,,,1,105,,275152,57,,,1,100,,275154,57,,,1,108,,275157,57,,,1,93,,275159,57,,,1,151,,275166,57,,,1,185,,275170,57,,,1,187,,275174,57,,,1
3301,'20261124',1048,,275179,57,,,1,100,,275180,57,,,1,100,,275181,57,,,1,104,,275182,57,,,1,150,,275183,57,,,1,105,,275184,57,,,1,100,,275186,57,,,1,108,,275189,57,,,1,93,,275191,57,,,1,151,,275198,57,,,1,185,,275202,57,,,1,187,,275206,57,,,1
3301,'20261125',1048,,275211,57,,,1,100,,275212,57,,,1,100,,275213,57,,,1,104,,275214,57,,,1,150,,275215,57,,,1,105,,275216,57,,,1,100,,275218,57,,,1,108,,275221,57,,,1,93,,275223,57,,,1,151,,275230,57,,,1,185,,275234,57,,,1,187,,275238,57,,,1
3301,'20261126',1048,,275243,57,,,1,100,,275244,57,,,1,100,,275245,57,,,1,104,,275246,57,,,1,150,,275247,57,,,1,105,,275248,57,,,1,100,,275250,57,,,1,108,,275253,57,,,1,93,,275255,57,,,1,151,,275262,57,,,1,185,,275266,57,,,1,187,,275270,57,,,1
3301,'20261127',1048,,275275,57,,,1,100,,275276,57,,,1,100,,275277,57,,,1,104,,275278,57,,,1,150,,275279,57,,,1,105,,275280,57,,,1,100,,275282,57,,,1,108,,275285,57,,,1,93,,275287,57,,,1,151,,275294,57,,,1,185,,275298,57,,,1,187,,275302,57,,,1
