3800,'20260910',1701,,279689,12,,,1,225,,279690,12,,,1
3800,'20260911',1701,,279691,12,,,1,225,,279692,12,,,1
3800,'20260914',1701,,279693,12,,,1,225,,279694,12,,,1
3800,'20260915',1701,,279695,12,,,1,225,,279696,12,,,1
3800,'20260916',1701,,279697,12,,,1,225,,279698,12,,,1
3800,'20260917',1701,,279699,12,,,1,225,,279700,12,,,1
3800,'20260918',1701,,279701,12,,,1,225,,279702,12,,,1
3800,'20260921',1701,,279703,12,,,1,225,,279704,12,,,1
3800,'20260922',1701,,279705,12,,,1,225,,279706,12,,,1
3800,'20260923',1701,,279707,12,,,1,225,,279708,12,,,1
3800,'20260924',1701,,279709,12,,,1,225,,279710,12,,,1
3800,'20260925',1701,,279711,12,,,1,225,,279712,12,,,1
3800,'20260928',1701,,279713,12,,,1,225,,279714,12,,,1
3800,'20260929',1701,,279715,12,,,1,225,,279716,12,,,1
3800,'20260930',1701,,279717,12,,,1,225,,279718,12,,,1
3800,'20261001',1701,,279719,12,,,1,225,,279720,12,,,1
3800,'20261002',1701,,279721,12,,,1,225,,279722,12,,,1
3800,'20261005',1701,,279723,12,,,1,225,,279724,12,,,1
3800,'20261006',1701,,279725,12,,,1,225,,279726,12,,,1
3800,'20261007',1701,,279727,12,,,1,225,,279728,12,,,1
3800,'20261008',1701,,279729,12,,,1,225,,279730,12,,,1
3800,'20261009',1701,,279731,12,,,1,225,,279732,12,,,1
3800,'20261013',1701,,279733,12,,,1,225,,279734,12,,,1
3800,'20261014',1701,,279735,12,,,1,225,,279736,12,,,1
3800,'20261015',1701,,279737,12,,,1,225,,279738,12,,,1
3800,'20261016',1701,,279739,12,,,1,225,,279740,12,,,1
3800,'20261019',1701,,279741,12,,,1,225,,279742,12,,,1
3800,'20261020',1701,,279743,12,,,1,225,,279744,12,,,1
3800,'20261021',1701,,279745,12,,,1,225,,279746,12,,,1
3800,'20261022',1701,,279747,12,,,1,225,,279748,12,,,1
3800,'20261023',1701,,279749,12,,,1,225,,279750,12,,,1
3800,'20261026',1701,,279751,12,,,1,225,,279752,12,,,1
3800,'20261027',1701,,279753,12,,,1,225,,279754,12,,,1
3800,'20261028',1701,,279755,12,,,1,225,,279756,12,,,1
3800,'20261029',1701,,279757,12,,,1,225,,279758,12,,,1
3800,'20261030',1701,,279759,12,,,1,225,,279760,12,,,1
3800,'20261102',1701,,279761,12,,,1,225,,279762,12,,,1
3800,'20261103',1701,,279763,12,,,1,225,,279764,12,,,1
3800,'20261104',1701,,279765,12,,,1,225,,279766,12,,,1
3800,'20261105',1701,,279767,12,,,1,225,,279768,12,,,1
3800,'20261106',1701,,279769,12,,,1,225,,279770,12,,,1
3800,'20261109',1701,,279771,12,,,1,225,,279772,12,,,1
3800,'20261110',1701,,279773,12,,,1,225,,279774,12,,,1
3800,'20261111',1701,,279775,12,,,1,225,,279776,12,,,1
3800,'20261112',1701,,279777,12,,,1,225,,279778,12,,,1
3800,'20261113',1701,,279779,12,,,1,225,,279780,12,,,1
3800,'20261116',1701,,279781,12,,,1,225,,279782,12,,,1
3800,'20261117',1701,,279783,12,,,1,225,,279784,12,,,1
3800,'20261118',1701,,279785,12,,,1,225,,279786,12,,,1
3800,'20261119',1701,,279787,12,,,1,225,,279788,12,,,1
3800,'20261120',1701,,279789,12,,,1,225,,279790,12,,,1
3800,'20261123',1701,,279791,12,,,1,225,,279792,12,,,1
3800,'20261124',1701,,279793,12,,,1,225,,279794,12,,,1
3800,'20261125',1701,,279795,12,,,1,225,,279796,12,,,1
3800,'20261126',1701,,279797,12,,,1,225,,279798,12,,,1
3800,'20261127',1701,,279799,12,,,1,225,,279800,12,,,1
