3100,'20260921',1524,,266977,17,0,5 18 9,1,100,,266978,17,0,5 18 9,1,33,,266979,17,0,5 18 9,1
3100,'20260922',1524,,266985,17,0,5 18 9,1,100,,266986,17,0,5 18 9,1,33,,266987,17,0,5 18 9,1
3100,'20260923',1524,,266993,17,0,5 18 9,1,100,,266994,17,0,5 18 9,1,33,,266995,17,0,5 18 9,1
3100,'20260924',1524,,267001,17,0,5 18 9,1,100,,267002,17,0,5 18 9,1,33,,267003,17,0,5 18 9,1
3100,'20260925',1524,,267009,17,0,5 18 9,1,100,,267010,17,0,5 18 9,1,33,,267011,17,0,5 18 9,1
3100,'20260928',1524,,267035,17,0,5 18 9,1,100,,267036,17,0,5 18 9,1,33,,267037,17,0,5 18 9,1
3100,'20260929',1524,,267043,17,0,5 18 9,1,100,,267044,17,0,5 18 9,1,33,,267045,17,0,5 18 9,1
3100,'20260930',1524,,267051,17,0,5 18 9,1,100,,267052,17,0,5 18 9,1,33,,267053,17,0,5 18 9,1
3100,'20261001',1524,,267059,17,0,5 18 9,1,100,,267060,17,0,5 18 9,1,33,,267061,17,0,5 18 9,1
3100,'20261002',1524,,267067,17,0,5 18 9,1,100,,267068,17,0,5 18 9,1,33,,267069,17,0,5 18 9,1
3100,'20261003',727,,332710,20,0,71 20 39,1,776,,332711,20,0,71 20 39,1,305,,332712,20,0,71 20 39,1,5,,332713,20,0,71 20 39,1
3100,'20261004',727,,332714,20,0,71 20 39,1,776,,332715,20,0,71 20 39,1,305,,332716,20,0,71 20 39,1,5,,332717,20,0,71 20 39,1
3100,'20261005',1524,,267093,17,0,5 18 9,1,100,,267094,17,0,5 18 9,1,33,,267095,17,0,5 18 9,1
3100,'20261006',1524,,267101,17,0,5 18 9,1,100,,267102,17,0,5 18 9,1,33,,267103,17,0,5 18 9,1
3100,'20261007',1524,,267109,17,0,5 18 9,1,100,,267110,17,0,5 18 9,1,33,,267111,17,0,5 18 9,1
3100,'20261008',1524,,267117,17,0,5 18 9,1,100,,267118,17,0,5 18 9,1,33,,267119,17,0,5 18 9,1
3100,'20261009',1524,,267125,17,0,5 18 9,1,100,,267126,17,0,5 18 9,1,33,,267127,17,0,5 18 9,1
3100,'20261013',1524,,267160,17,0,5 18 9,1,100,,267161,17,0,5 18 9,1,33,,267162,17,0,5 18 9,1
3100,'20261014',1524,,267168,17,0,5 18 9,1,100,,267169,17,0,5 18 9,1,33,,267170,17,0,5 18 9,1
3100,'20261015',1524,,267176,17,0,5 18 9,1,100,,267177,17,0,5 18 9,1,33,,267178,17,0,5 18 9,1
3100,'20261016',1524,,267184,17,0,5 18 9,1,100,,267185,17,0,5 18 9,1,33,,267186,17,0,5 18 9,1
3100,'20261019',1524,,267210,17,0,5 18 9,1,100,,267211,17,0,5 18 9,1,33,,267212,17,0,5 18 9,1
3100,'20261020',1524,,267218,17,0,5 18 9,1,100,,267219,17,0,5 18 9,1,33,,267220,17,0,5 18 9,1
3100,'20261021',1524,,267226,17,0,5 18 9,1,100,,267227,17,0,5 18 9,1,33,,267228,17,0,5 18 9,1
3100,'20261022',1524,,267234,17,0,5 18 9,1,100,,267235,17,0,5 18 9,1,33,,267236,17,0,5 18 9,1
3100,'20261023',1524,,267242,17,0,5 18 9,1,100,,267243,17,0,5 18 9,1,33,,267244,17,0,5 18 9,1
3100,'20261026',1524,,267268,17,0,5 18 9,1,100,,267269,17,0,5 18 9,1,33,,267270,17,0,5 18 9,1
3100,'20261027',1524,,267276,17,0,5 18 9,1,100,,267277,17,0,5 18 9,1,33,,267278,17,0,5 18 9,1
3100,'20261028',1524,,267284,17,0,5 18 9,1,100,,267285,17,0,5 18 9,1,33,,267286,17,0,5 18 9,1
3100,'20261029',1524,,267292,17,0,5 18 9,1,100,,267293,17,0,5 18 9,1,33,,267294,17,0,5 18 9,1
3100,'20261030',1524,,267300,17,0,5 18 9,1,100,,267301,17,0,5 18 9,1,33,,267302,17,0,5 18 9,1
3100,'20261102',1524,,267326,17,0,5 18 9,1,100,,267327,17,0,5 18 9,1,33,,267328,17,0,5 18 9,1
3100,'20261103',1524,,267334,17,0,5 18 9,1,100,,267335,17,0,5 18 9,1,33,,267336,17,0,5 18 9,1
3100,'20261104',1524,,267342,17,0,5 18 9,1,100,,267343,17,0,5 18 9,1,33,,267344,17,0,5 18 9,1
3100,'20261105',1524,,267350,17,0,5 18 9,1,100,,267351,17,0,5 18 9,1,33,,267352,17,0,5 18 9,1
3100,'20261106',1524,,267358,17,0,5 18 9,1,100,,267359,17,0,5 18 9,1,33,,267360,17,0,5 18 9,1
3100,'20261109',1524,,267384,17,0,5 18 9,1,100,,267385,17,0,5 18 9,1,33,,267386,17,0,5 18 9,1
3100,'20261110',1524,,267392,17,0,5 18 9,1,100,,267393,17,0,5 18 9,1,33,,267394,17,0,5 18 9,1
3100,'20261111',1524,,267400,17,0,5 18 9,1,100,,267401,17,0,5 18 9,1,33,,267402,17,0,5 18 9,1
3100,'20261112',1524,,267408,17,0,5 18 9,1,100,,267409,17,0,5 18 9,1,33,,267410,17,0,5 18 9,1
3100,'20261113',1524,,267416,17,0,5 18 9,1,100,,267417,17,0,5 18 9,1,33,,267418,17,0,5 18 9,1
3100,'20261116',1524,,267442,17,0,5 18 9,1,100,,267443,17,0,5 18 9,1,33,,267444,17,0,5 18 9,1
3100,'20261117',1524,,267450,17,0,5 18 9,1,100,,267451,17,0,5 18 9,1,33,,267452,17,0,5 18 9,1
3100,'20261118',1524,,267458,17,0,5 18 9,1,100,,267459,17,0,5 18 9,1,33,,267460,17,0,5 18 9,1
3100,'20261119',1524,,267466,17,0,5 18 9,1,100,,267467,17,0,5 18 9,1,33,,267468,17,0,5 18 9,1
3100,'20261120',1524,,267474,17,0,5 18 9,1,100,,267475,17,0,5 18 9,1,33,,267476,17,0,5 18 9,1
3100,'20261123',1524,,267500,17,0,5 18 9,1,100,,267501,17,0,5 18 9,1,33,,267502,17,0,5 18 9,1
3100,'20261124',1524,,267508,17,0,5 18 9,1,100,,267509,17,0,5 18 9,1,33,,267510,17,0,5 18 9,1
3100,'20261125',1524,,267516,17,0,5 18 9,1,100,,267517,17,0,5 18 9,1,33,,267518,17,0,5 18 9,1
3100,'20261126',1524,,267524,17,0,5 18 9,1,100,,267525,17,0,5 18 9,1,33,,267526,17,0,5 18 9,1
3100,'20261127',1524,,267532,17,0,5 18 9,1,100,,267533,17,0,5 18 9,1,33,,267534,17,0,5 18 9,1
3300,'20260921',615,,271171,17,,,1,185,,271175,17,,,1,146,,271178,17,0,57 14 15 9,1,200,,271181,17,0,57 14 15 9,1,200,,271184,17,0,57 14 15 9,1,95,,271186,17,0,57 14 15 9,1,290,,271191,17,,,1,80,,271192,17,,,1,36,,271193,17,0,57 14 15 9,1,100,,271195,17,0,57 14 15 9,1,100,,271197,17,0,57 14 15 9,1
3300,'20260922',615,,271207,17,,,1,185,,271211,17,,,1,146,,271214,17,0,57 14 15 9,1,200,,271217,17,0,57 14 15 9,1,200,,271220,17,0,57 14 15 9,1,95,,271222,17,0,57 14 15 9,1,290,,271227,17,,,1,80,,271228,17,,,1,36,,271229,17,0,57 14 15 9,1,100,,271231,17,0,57 14 15 9,1,100,,271233,17,0,57 14 15 9,1
3300,'20260923',615,,271243,17,,,1,185,,271247,17,,,1,146,,271250,17,0,57 14 15 9,1,200,,271253,17,0,57 14 15 9,1,200,,271256,17,0,57 14 15 9,1,95,,271258,17,0,57 14 15 9,1,290,,271263,17,,,1,80,,271264,17,,,1,36,,271265,17,0,57 14 15 9,1,100,,271267,17,0,57 14 15 9,1,100,,271269,17,0,57 14 15 9,1
3300,'20260924',615,,271279,17,,,1,185,,271283,17,,,1,146,,271286,17,0,57 14 15 9,1,200,,271289,17,0,57 14 15 9,1,200,,271292,17,0,57 14 15 9,1,95,,271294,17,0,57 14 15 9,1,290,,271299,17,,,1,80,,271300,17,,,1,36,,271301,17,0,57 14 15 9,1,100,,271303,17,0,57 14 15 9,1,100,,271305,17,0,57 14 15 9,1
3300,'20260925',615,,271315,17,,,1,185,,271319,17,,,1,146,,271322,17,0,57 14 15 9,1,200,,271325,17,0,57 14 15 9,1,200,,271328,17,0,57 14 15 9,1,95,,271330,17,0,57 14 15 9,1,290,,271335,17,,,1,80,,271336,17,,,1,36,,271337,17,0,57 14 15 9,1,100,,271339,17,0,57 14 15 9,1,100,,271341,17,0,57 14 15 9,1
3300,'20260926',650,,271344,17,,,1,195,,271345,17,,,1,97,,271346,17,0,57 14 15 9,1,100,,271347,17,,,1,200,,271348,17,,,1,200,,271349,17,,,1,200,,271350,17,,,1,205,,271352,17,,,1,200,,271353,17,,,1
3300,'20260927',650,,271355,17,,,1,195,,271356,17,,,1,97,,271357,17,0,57 14 15 9,1,100,,271358,17,,,1,200,,271359,17,,,1,200,,271360,17,,,1,200,,271361,17,,,1,205,,271363,17,,,1,200,,271364,17,,,1
3300,'20260928',615,,271373,17,,,1,185,,271377,17,,,1,146,,271380,17,0,57 14 15 9,1,200,,271383,17,0,57 14 15 9,1,200,,271386,17,0,57 14 15 9,1,95,,271388,17,0,57 14 15 9,1,290,,271393,17,,,1,80,,271394,17,,,1,36,,271395,17,0,57 14 15 9,1,100,,271397,17,0,57 14 15 9,1,100,,271399,17,0,57 14 15 9,1
3300,'20260929',615,,271409,17,,,1,185,,271413,17,,,1,146,,271416,17,0,57 14 15 9,1,200,,271419,17,0,57 14 15 9,1,200,,271422,17,0,57 14 15 9,1,95,,271424,17,0,57 14 15 9,1,290,,271429,17,,,1,80,,271430,17,,,1,36,,271431,17,0,57 14 15 9,1,100,,271433,17,0,57 14 15 9,1,100,,271435,17,0,57 14 15 9,1
3300,'20260930',615,,271445,17,,,1,185,,271449,17,,,1,146,,271452,17,0,57 14 15 9,1,200,,271455,17,0,57 14 15 9,1,200,,271458,17,0,57 14 15 9,1,95,,271460,17,0,57 14 15 9,1,290,,271465,17,,,1,80,,271466,17,,,1,36,,271467,17,0,57 14 15 9,1,100,,271469,17,0,57 14 15 9,1,100,,271471,17,0,57 14 15 9,1
3300,'20261001',615,,271481,17,,,1,185,,271485,17,,,1,146,,271488,17,0,57 14 15 9,1,200,,271491,17,0,57 14 15 9,1,200,,271494,17,0,57 14 15 9,1,95,,271496,17,0,57 14 15 9,1,290,,271501,17,,,1,80,,271502,17,,,1,36,,271503,17,0,57 14 15 9,1,100,,271505,17,0,57 14 15 9,1,100,,271507,17,0,57 14 15 9,1
3300,'20261002',615,,271517,17,,,1,185,,271521,17,,,1,146,,271524,17,0,57 14 15 9,1,200,,271527,17,0,57 14 15 9,1,200,,271530,17,0,57 14 15 9,1,95,,271532,17,0,57 14 15 9,1,290,,271537,17,,,1,80,,271538,17,,,1,36,,271539,17,0,57 14 15 9,1,100,,271541,17,0,57 14 15 9,1,100,,271543,17,0,57 14 15 9,1
3300,'20261003',650,,271546,17,,,1,195,,271547,17,,,1,97,,271548,17,0,57 14 15 9,1,100,,271549,17,,,1,200,,271550,17,,,1,200,,271551,17,,,1,200,,271552,17,,,1,205,,271554,17,,,1,200,,271555,17,,,1
3300,'20261004',650,,271557,17,,,1,195,,271558,17,,,1,97,,271559,17,0,57 14 15 9,1,100,,271560,17,,,1,200,,271561,17,,,1,200,,271562,17,,,1,200,,271563,17,,,1,205,,271565,17,,,1,200,,271566,17,,,1
3300,'20261005',615,,271575,17,,,1,185,,271579,17,,,1,146,,271582,17,0,57 14 15 9,1,200,,271585,17,0,57 14 15 9,1,200,,271588,17,0,57 14 15 9,1,95,,271590,17,0,57 14 15 9,1,290,,271595,17,,,1,80,,271596,17,,,1,36,,271597,17,0,57 14 15 9,1,100,,271599,17,0,57 14 15 9,1,100,,271601,17,0,57 14 15 9,1
3300,'20261006',615,,271611,17,,,1,185,,271615,17,,,1,146,,271618,17,0,57 14 15 9,1,200,,271621,17,0,57 14 15 9,1,200,,271624,17,0,57 14 15 9,1,95,,271626,17,0,57 14 15 9,1,290,,271631,17,,,1,80,,271632,17,,,1,36,,271633,17,0,57 14 15 9,1,100,,271635,17,0,57 14 15 9,1,100,,271637,17,0,57 14 15 9,1
3300,'20261007',615,,271647,17,,,1,185,,271651,17,,,1,146,,271654,17,0,57 14 15 9,1,200,,271657,17,0,57 14 15 9,1,200,,271660,17,0,57 14 15 9,1,95,,271662,17,0,57 14 15 9,1,290,,271667,17,,,1,80,,271668,17,,,1,36,,271669,17,0,57 14 15 9,1,100,,271671,17,0,57 14 15 9,1,100,,271673,17,0,57 14 15 9,1
3300,'20261008',615,,271683,17,,,1,185,,271687,17,,,1,146,,271690,17,0,57 14 15 9,1,200,,271693,17,0,57 14 15 9,1,200,,271696,17,0,57 14 15 9,1,95,,271698,17,0,57 14 15 9,1,290,,271703,17,,,1,80,,271704,17,,,1,36,,271705,17,0,57 14 15 9,1,100,,271707,17,0,57 14 15 9,1,100,,271709,17,0,57 14 15 9,1
3300,'20261009',615,,271719,17,,,1,185,,271723,17,,,1,146,,271726,17,0,57 14 15 9,1,200,,271729,17,0,57 14 15 9,1,200,,271732,17,0,57 14 15 9,1,95,,271734,17,0,57 14 15 9,1,290,,271739,17,,,1,80,,271740,17,,,1,36,,271741,17,0,57 14 15 9,1,100,,271743,17,0,57 14 15 9,1,100,,271745,17,0,57 14 15 9,1
3300,'20261010',650,,271748,17,,,1,195,,271749,17,,,1,97,,271750,17,0,57 14 15 9,1,100,,271751,17,,,1,200,,271752,17,,,1,200,,271753,17,,,1,200,,271754,17,,,1,205,,271756,17,,,1,200,,271757,17,,,1
3300,'20261011',650,,271759,17,,,1,195,,271760,17,,,1,97,,271761,17,0,57 14 15 9,1,100,,271762,17,,,1,200,,271763,17,,,1,200,,271764,17,,,1,200,,271765,17,,,1,205,,271767,17,,,1,200,,271768,17,,,1
3300,'20261012',650,,271770,17,,,1,195,,271771,17,,,1,97,,271772,17,0,57 14 15 9,1,100,,271773,17,,,1,200,,271774,17,,,1,200,,271775,17,,,1,200,,271776,17,,,1,205,,271778,17,,,1,200,,271779,17,,,1
3300,'20261013',615,,271788,17,,,1,185,,271792,17,,,1,146,,271795,17,0,57 14 15 9,1,200,,271798,17,0,57 14 15 9,1,200,,271801,17,0,57 14 15 9,1,95,,271803,17,0,57 14 15 9,1,290,,271808,17,,,1,80,,271809,17,,,1,36,,271810,17,0,57 14 15 9,1,100,,271812,17,0,57 14 15 9,1,100,,271814,17,0,57 14 15 9,1
3300,'20261014',615,,271824,17,,,1,185,,271828,17,,,1,146,,271831,17,0,57 14 15 9,1,200,,271834,17,0,57 14 15 9,1,200,,271837,17,0,57 14 15 9,1,95,,271839,17,0,57 14 15 9,1,290,,271844,17,,,1,80,,271845,17,,,1,36,,271846,17,0,57 14 15 9,1,100,,271848,17,0,57 14 15 9,1,100,,271850,17,0,57 14 15 9,1
3300,'20261015',615,,271860,17,,,1,185,,271864,17,,,1,146,,271867,17,0,57 14 15 9,1,200,,271870,17,0,57 14 15 9,1,200,,271873,17,0,57 14 15 9,1,95,,271875,17,0,57 14 15 9,1,290,,271880,17,,,1,80,,271881,17,,,1,36,,271882,17,0,57 14 15 9,1,100,,271884,17,0,57 14 15 9,1,100,,271886,17,0,57 14 15 9,1
3300,'20261016',615,,271896,17,,,1,185,,271900,17,,,1,146,,271903,17,0,57 14 15 9,1,200,,271906,17,0,57 14 15 9,1,200,,271909,17,0,57 14 15 9,1,95,,271911,17,0,57 14 15 9,1,290,,271916,17,,,1,80,,271917,17,,,1,36,,271918,17,0,57 14 15 9,1,100,,271920,17,0,57 14 15 9,1,100,,271922,17,0,57 14 15 9,1
3300,'20261017',650,,271925,17,,,1,195,,271926,17,,,1,97,,271927,17,0,57 14 15 9,1,100,,271928,17,,,1,200,,271929,17,,,1,200,,271930,17,,,1,200,,271931,17,,,1,205,,271933,17,,,1,200,,271934,17,,,1
3300,'20261018',650,,271936,17,,,1,195,,271937,17,,,1,97,,271938,17,0,57 14 15 9,1,100,,271939,17,,,1,200,,271940,17,,,1,200,,271941,17,,,1,200,,271942,17,,,1,205,,271944,17,,,1,200,,271945,17,,,1
3300,'20261019',615,,271954,17,,,1,185,,271958,17,,,1,146,,271961,17,0,57 14 15 9,1,200,,271964,17,0,57 14 15 9,1,200,,271967,17,0,57 14 15 9,1,95,,271969,17,0,57 14 15 9,1,290,,271974,17,,,1,80,,271975,17,,,1,36,,271976,17,0,57 14 15 9,1,100,,271978,17,0,57 14 15 9,1,100,,271980,17,0,57 14 15 9,1
3300,'20261020',615,,271990,17,,,1,185,,271994,17,,,1,146,,271997,17,0,57 14 15 9,1,200,,272000,17,0,57 14 15 9,1,200,,272003,17,0,57 14 15 9,1,95,,272005,17,0,57 14 15 9,1,290,,272010,17,,,1,80,,272011,17,,,1,36,,272012,17,0,57 14 15 9,1,100,,272014,17,0,57 14 15 9,1,100,,272016,17,0,57 14 15 9,1
3300,'20261021',615,,272026,17,,,1,185,,272030,17,,,1,146,,272033,17,0,57 14 15 9,1,200,,272036,17,0,57 14 15 9,1,200,,272039,17,0,57 14 15 9,1,95,,272041,17,0,57 14 15 9,1,290,,272046,17,,,1,80,,272047,17,,,1,36,,272048,17,0,57 14 15 9,1,100,,272050,17,0,57 14 15 9,1,100,,272052,17,0,57 14 15 9,1
3300,'20261022',615,,272062,17,,,1,185,,272066,17,,,1,146,,272069,17,0,57 14 15 9,1,200,,272072,17,0,57 14 15 9,1,200,,272075,17,0,57 14 15 9,1,95,,272077,17,0,57 14 15 9,1,290,,272082,17,,,1,80,,272083,17,,,1,36,,272084,17,0,57 14 15 9,1,100,,272086,17,0,57 14 15 9,1,100,,272088,17,0,57 14 15 9,1
3300,'20261023',615,,272098,17,,,1,185,,272102,17,,,1,146,,272105,17,0,57 14 15 9,1,200,,272108,17,0,57 14 15 9,1,200,,272111,17,0,57 14 15 9,1,95,,272113,17,0,57 14 15 9,1,290,,272118,17,,,1,80,,272119,17,,,1,36,,272120,17,0,57 14 15 9,1,100,,272122,17,0,57 14 15 9,1,100,,272124,17,0,57 14 15 9,1
3300,'20261024',650,,272127,17,,,1,195,,272128,17,,,1,97,,272129,17,0,57 14 15 9,1,100,,272130,17,,,1,200,,272131,17,,,1,200,,272132,17,,,1,200,,272133,17,,,1,205,,272135,17,,,1,200,,272136,17,,,1
3300,'20261025',650,,272138,17,,,1,195,,272139,17,,,1,97,,272140,17,0,57 14 15 9,1,100,,272141,17,,,1,200,,272142,17,,,1,200,,272143,17,,,1,200,,272144,17,,,1,205,,272146,17,,,1,200,,272147,17,,,1
3300,'20261026',615,,272156,17,,,1,185,,272160,17,,,1,146,,272163,17,0,57 14 15 9,1,200,,272166,17,0,57 14 15 9,1,200,,272169,17,0,57 14 15 9,1,95,,272171,17,0,57 14 15 9,1,290,,272176,17,,,1,80,,272177,17,,,1,36,,272178,17,0,57 14 15 9,1,100,,272180,17,0,57 14 15 9,1,100,,272182,17,0,57 14 15 9,1
3300,'20261027',615,,272192,17,,,1,185,,272196,17,,,1,146,,272199,17,0,57 14 15 9,1,200,,272202,17,0,57 14 15 9,1,200,,272205,17,0,57 14 15 9,1,95,,272207,17,0,57 14 15 9,1,290,,272212,17,,,1,80,,272213,17,,,1,36,,272214,17,0,57 14 15 9,1,100,,272216,17,0,57 14 15 9,1,100,,272218,17,0,57 14 15 9,1
3300,'20261028',615,,272228,17,,,1,185,,272232,17,,,1,146,,272235,17,0,57 14 15 9,1,200,,272238,17,0,57 14 15 9,1,200,,272241,17,0,57 14 15 9,1,95,,272243,17,0,57 14 15 9,1,290,,272248,17,,,1,80,,272249,17,,,1,36,,272250,17,0,57 14 15 9,1,100,,272252,17,0,57 14 15 9,1,100,,272254,17,0,57 14 15 9,1
3300,'20261029',615,,272264,17,,,1,185,,272268,17,,,1,146,,272271,17,0,57 14 15 9,1,200,,272274,17,0,57 14 15 9,1,200,,272277,17,0,57 14 15 9,1,95,,272279,17,0,57 14 15 9,1,290,,272284,17,,,1,80,,272285,17,,,1,36,,272286,17,0,57 14 15 9,1,100,,272288,17,0,57 14 15 9,1,100,,272290,17,0,57 14 15 9,1
3300,'20261030',615,,272300,17,,,1,185,,272304,17,,,1,146,,272307,17,0,57 14 15 9,1,200,,272310,17,0,57 14 15 9,1,200,,272313,17,0,57 14 15 9,1,95,,272315,17,0,57 14 15 9,1,290,,272320,17,,,1,80,,272321,17,,,1,36,,272322,17,0,57 14 15 9,1,100,,272324,17,0,57 14 15 9,1,100,,272326,17,0,57 14 15 9,1
3300,'20261031',650,,272329,17,,,1,195,,272330,17,,,1,97,,272331,17,0,57 14 15 9,1,100,,272332,17,,,1,200,,272333,17,,,1,200,,272334,17,,,1,200,,272335,17,,,1,205,,272337,17,,,1,200,,272338,17,,,1
3300,'20261101',650,,272340,17,,,1,195,,272341,17,,,1,97,,272342,17,0,57 14 15 9,1,100,,272343,17,,,1,200,,272344,17,,,1,200,,272345,17,,,1,200,,272346,17,,,1,205,,272348,17,,,1,200,,272349,17,,,1
3300,'20261102',615,,272358,17,,,1,185,,272362,17,,,1,146,,272365,17,0,57 14 15 9,1,200,,272368,17,0,57 14 15 9,1,200,,272371,17,0,57 14 15 9,1,95,,272373,17,0,57 14 15 9,1,290,,272378,17,,,1,80,,272379,17,,,1,36,,272380,17,0,57 14 15 9,1,100,,272382,17,0,57 14 15 9,1,100,,272384,17,0,57 14 15 9,1
3300,'20261103',615,,272394,17,,,1,185,,272398,17,,,1,146,,272401,17,0,57 14 15 9,1,200,,272404,17,0,57 14 15 9,1,200,,272407,17,0,57 14 15 9,1,95,,272409,17,0,57 14 15 9,1,290,,272414,17,,,1,80,,272415,17,,,1,36,,272416,17,0,57 14 15 9,1,100,,272418,17,0,57 14 15 9,1,100,,272420,17,0,57 14 15 9,1
3300,'20261104',615,,272430,17,,,1,185,,272434,17,,,1,146,,272437,17,0,57 14 15 9,1,200,,272440,17,0,57 14 15 9,1,200,,272443,17,0,57 14 15 9,1,95,,272445,17,0,57 14 15 9,1,290,,272450,17,,,1,80,,272451,17,,,1,36,,272452,17,0,57 14 15 9,1,100,,272454,17,0,57 14 15 9,1,100,,272456,17,0,57 14 15 9,1
3300,'20261105',615,,272466,17,,,1,185,,272470,17,,,1,146,,272473,17,0,57 14 15 9,1,200,,272476,17,0,57 14 15 9,1,200,,272479,17,0,57 14 15 9,1,95,,272481,17,0,57 14 15 9,1,290,,272486,17,,,1,80,,272487,17,,,1,36,,272488,17,0,57 14 15 9,1,100,,272490,17,0,57 14 15 9,1,100,,272492,17,0,57 14 15 9,1
3300,'20261106',615,,272502,17,,,1,185,,272506,17,,,1,146,,272509,17,0,57 14 15 9,1,200,,272512,17,0,57 14 15 9,1,200,,272515,17,0,57 14 15 9,1,95,,272517,17,0,57 14 15 9,1,290,,272522,17,,,1,80,,272523,17,,,1,36,,272524,17,0,57 14 15 9,1,100,,272526,17,0,57 14 15 9,1,100,,272528,17,0,57 14 15 9,1
3300,'20261107',650,,272531,17,,,1,195,,272532,17,,,1,97,,272533,17,0,57 14 15 9,1,100,,272534,17,,,1,200,,272535,17,,,1,200,,272536,17,,,1,200,,272537,17,,,1,205,,272539,17,,,1,200,,272540,17,,,1
3300,'20261108',650,,272542,17,,,1,195,,272543,17,,,1,97,,272544,17,0,57 14 15 9,1,100,,272545,17,,,1,200,,272546,17,,,1,200,,272547,17,,,1,200,,272548,17,,,1,205,,272550,17,,,1,200,,272551,17,,,1
3300,'20261109',615,,272560,17,,,1,185,,272564,17,,,1,146,,272567,17,0,57 14 15 9,1,200,,272570,17,0,57 14 15 9,1,200,,272573,17,0,57 14 15 9,1,95,,272575,17,0,57 14 15 9,1,290,,272580,17,,,1,80,,272581,17,,,1,36,,272582,17,0,57 14 15 9,1,100,,272584,17,0,57 14 15 9,1,100,,272586,17,0,57 14 15 9,1
3300,'20261110',615,,272596,17,,,1,185,,272600,17,,,1,146,,272603,17,0,57 14 15 9,1,200,,272606,17,0,57 14 15 9,1,200,,272609,17,0,57 14 15 9,1,95,,272611,17,0,57 14 15 9,1,290,,272616,17,,,1,80,,272617,17,,,1,36,,272618,17,0,57 14 15 9,1,100,,272620,17,0,57 14 15 9,1,100,,272622,17,0,57 14 15 9,1
3300,'20261111',615,,272632,17,,,1,185,,272636,17,,,1,146,,272639,17,0,57 14 15 9,1,200,,272642,17,0,57 14 15 9,1,200,,272645,17,0,57 14 15 9,1,95,,272647,17,0,57 14 15 9,1,290,,272652,17,,,1,80,,272653,17,,,1,36,,272654,17,0,57 14 15 9,1,100,,272656,17,0,57 14 15 9,1,100,,272658,17,0,57 14 15 9,1
3300,'20261112',615,,272668,17,,,1,185,,272672,17,,,1,146,,272675,17,0,57 14 15 9,1,200,,272678,17,0,57 14 15 9,1,200,,272681,17,0,57 14 15 9,1,95,,272683,17,0,57 14 15 9,1,290,,272688,17,,,1,80,,272689,17,,,1,36,,272690,17,0,57 14 15 9,1,100,,272692,17,0,57 14 15 9,1,100,,272694,17,0,57 14 15 9,1
3300,'20261113',615,,272704,17,,,1,185,,272708,17,,,1,146,,272711,17,0,57 14 15 9,1,200,,272714,17,0,57 14 15 9,1,200,,272717,17,0,57 14 15 9,1,95,,272719,17,0,57 14 15 9,1,290,,272724,17,,,1,80,,272725,17,,,1,36,,272726,17,0,57 14 15 9,1,100,,272728,17,0,57 14 15 9,1,100,,272730,17,0,57 14 15 9,1
3300,'20261114',650,,272733,17,,,1,195,,272734,17,,,1,97,,272735,17,0,57 14 15 9,1,100,,272736,17,,,1,200,,272737,17,,,1,200,,272738,17,,,1,200,,272739,17,,,1,205,,272741,17,,,1,200,,272742,17,,,1
3300,'20261115',650,,272744,17,,,1,195,,272745,17,,,1,97,,272746,17,0,57 14 15 9,1,100,,272747,17,,,1,200,,272748,17,,,1,200,,272749,17,,,1,200,,272750,17,,,1,205,,272752,17,,,1,200,,272753,17,,,1
3300,'20261116',615,,272762,17,,,1,185,,272766,17,,,1,146,,272769,17,0,57 14 15 9,1,200,,272772,17,0,57 14 15 9,1,200,,272775,17,0,57 14 15 9,1,95,,272777,17,0,57 14 15 9,1,290,,272782,17,,,1,80,,272783,17,,,1,36,,272784,17,0,57 14 15 9,1,100,,272786,17,0,57 14 15 9,1,100,,272788,17,0,57 14 15 9,1
3300,'20261117',615,,272798,17,,,1,185,,272802,17,,,1,146,,272805,17,0,57 14 15 9,1,200,,272808,17,0,57 14 15 9,1,200,,272811,17,0,57 14 15 9,1,95,,272813,17,0,57 14 15 9,1,290,,272818,17,,,1,80,,272819,17,,,1,36,,272820,17,0,57 14 15 9,1,100,,272822,17,0,57 14 15 9,1,100,,272824,17,0,57 14 15 9,1
3300,'20261118',615,,272834,17,,,1,185,,272838,17,,,1,146,,272841,17,0,57 14 15 9,1,200,,272844,17,0,57 14 15 9,1,200,,272847,17,0,57 14 15 9,1,95,,272849,17,0,57 14 15 9,1,290,,272854,17,,,1,80,,272855,17,,,1,36,,272856,17,0,57 14 15 9,1,100,,272858,17,0,57 14 15 9,1,100,,272860,17,0,57 14 15 9,1
3300,'20261119',615,,272870,17,,,1,185,,272874,17,,,1,146,,272877,17,0,57 14 15 9,1,200,,272880,17,0,57 14 15 9,1,200,,272883,17,0,57 14 15 9,1,95,,272885,17,0,57 14 15 9,1,290,,272890,17,,,1,80,,272891,17,,,1,36,,272892,17,0,57 14 15 9,1,100,,272894,17,0,57 14 15 9,1,100,,272896,17,0,57 14 15 9,1
3300,'20261120',615,,272906,17,,,1,185,,272910,17,,,1,146,,272913,17,0,57 14 15 9,1,200,,272916,17,0,57 14 15 9,1,200,,272919,17,0,57 14 15 9,1,95,,272921,17,0,57 14 15 9,1,290,,272926,17,,,1,80,,272927,17,,,1,36,,272928,17,0,57 14 15 9,1,100,,272930,17,0,57 14 15 9,1,100,,272932,17,0,57 14 15 9,1
3300,'20261121',650,,272935,17,,,1,195,,272936,17,,,1,97,,272937,17,0,57 14 15 9,1,100,,272938,17,,,1,200,,272939,17,,,1,200,,272940,17,,,1,200,,272941,17,,,1,205,,272943,17,,,1,200,,272944,17,,,1
3300,'20261122',650,,272946,17,,,1,195,,272947,17,,,1,97,,272948,17,0,57 14 15 9,1,100,,272949,17,,,1,200,,272950,17,,,1,200,,272951,17,,,1,200,,272952,17,,,1,205,,272954,17,,,1,200,,272955,17,,,1
3300,'20261123',615,,272964,17,,,1,185,,272968,17,,,1,146,,272971,17,0,57 14 15 9,1,200,,272974,17,0,57 14 15 9,1,200,,272977,17,0,57 14 15 9,1,95,,272979,17,0,57 14 15 9,1,290,,272984,17,,,1,80,,272985,17,,,1,36,,272986,17,0,57 14 15 9,1,100,,272988,17,0,57 14 15 9,1,100,,272990,17,0,57 14 15 9,1
3300,'20261124',615,,273000,17,,,1,185,,273004,17,,,1,146,,273007,17,0,57 14 15 9,1,200,,273010,17,0,57 14 15 9,1,200,,273013,17,0,57 14 15 9,1,95,,273015,17,0,57 14 15 9,1,290,,273020,17,,,1,80,,273021,17,,,1,36,,273022,17,0,57 14 15 9,1,100,,273024,17,0,57 14 15 9,1,100,,273026,17,0,57 14 15 9,1
3300,'20261125',615,,273036,17,,,1,185,,273040,17,,,1,146,,273043,17,0,57 14 15 9,1,200,,273046,17,0,57 14 15 9,1,200,,273049,17,0,57 14 15 9,1,95,,273051,17,0,57 14 15 9,1,290,,273056,17,,,1,80,,273057,17,,,1,36,,273058,17,0,57 14 15 9,1,100,,273060,17,0,57 14 15 9,1,100,,273062,17,0,57 14 15 9,1
3300,'20261126',615,,273072,17,,,1,185,,273076,17,,,1,146,,273079,17,0,57 14 15 9,1,200,,273082,17,0,57 14 15 9,1,200,,273085,17,0,57 14 15 9,1,95,,273087,17,0,57 14 15 9,1,290,,273092,17,,,1,80,,273093,17,,,1,36,,273094,17,0,57 14 15 9,1,100,,273096,17,0,57 14 15 9,1,100,,273098,17,0,57 14 15 9,1
3300,'20261127',615,,273108,17,,,1,185,,273112,17,,,1,146,,273115,17,0,57 14 15 9,1,200,,273118,17,0,57 14 15 9,1,200,,273121,17,0,57 14 15 9,1,95,,273123,17,0,57 14 15 9,1,290,,273128,17,,,1,80,,273129,17,,,1,36,,273130,17,0,57 14 15 9,1,100,,273132,17,0,57 14 15 9,1,100,,273134,17,0,57 14 15 9,1
