6100,'20260921',1228,,311969,10,,,1,105,,311970,10,,,1,103,,311971,10,,,1,113,,311972,10,,,1,476,,311973,10,,,1,98,,311974,10,,,1,98,,311975,10,,,1,100,,311976,10,,,1,96,,311977,10,,,1,196,,311978,10,,,1
6100,'20260922',1228,,311979,10,,,1,105,,311980,10,,,1,103,,311981,10,,,1,113,,311982,10,,,1,476,,311983,10,,,1,98,,311984,10,,,1,98,,311985,10,,,1,100,,311986,10,,,1,96,,311987,10,,,1,196,,311988,10,,,1
6100,'20260923',1228,,311989,10,,,1,105,,311990,10,,,1,103,,311991,10,,,1,113,,311992,10,,,1,476,,311993,10,,,1,98,,311994,10,,,1,98,,311995,10,,,1,100,,311996,10,,,1,96,,311997,10,,,1,196,,311998,10,,,1
6100,'20260924',1228,,311999,10,,,1,105,,312000,10,,,1,103,,312001,10,,,1,113,,312002,10,,,1,476,,312003,10,,,1,98,,312004,10,,,1,98,,312005,10,,,1,100,,312006,10,,,1,96,,312007,10,,,1,196,,312008,10,,,1
6100,'20260925',1228,,312009,10,,,1,105,,312010,10,,,1,103,,312011,10,,,1,113,,312012,10,,,1,476,,312013,10,,,1,98,,312014,10,,,1,98,,312015,10,,,1,100,,312016,10,,,1,96,,312017,10,,,1,196,,312018,10,,,1
6100,'20260928',1228,,312019,10,,,1,105,,312020,10,,,1,103,,312021,10,,,1,113,,312022,10,,,1,476,,312023,10,,,1,98,,312024,10,,,1,98,,312025,10,,,1,100,,312026,10,,,1,96,,312027,10,,,1,196,,312028,10,,,1
6100,'20260929',1228,,312029,10,,,1,105,,312030,10,,,1,103,,312031,10,,,1,113,,312032,10,,,1,476,,312033,10,,,1,98,,312034,10,,,1,98,,312035,10,,,1,100,,312036,10,,,1,96,,312037,10,,,1,196,,312038,10,,,1
6100,'20260930',1228,,312039,10,,,1,105,,312040,10,,,1,103,,312041,10,,,1,113,,312042,10,,,1,476,,312043,10,,,1,98,,312044,10,,,1,98,,312045,10,,,1,100,,312046,10,,,1,96,,312047,10,,,1,196,,312048,10,,,1
6100,'20261001',1228,,312049,10,,,1,105,,312050,10,,,1,103,,312051,10,,,1,113,,312052,10,,,1,476,,312053,10,,,1,98,,312054,10,,,1,98,,312055,10,,,1,100,,312056,10,,,1,96,,312057,10,,,1,196,,312058,10,,,1
6100,'20261002',1228,,312059,10,,,1,105,,312060,10,,,1,103,,312061,10,,,1,113,,312062,10,,,1,476,,312063,10,,,1,98,,312064,10,,,1,98,,312065,10,,,1,100,,312066,10,,,1,96,,312067,10,,,1,196,,312068,10,,,1
6100,'20261005',1228,,312069,10,,,1,105,,312070,10,,,1,103,,312071,10,,,1,113,,312072,10,,,1,476,,312073,10,,,1,98,,312074,10,,,1,98,,312075,10,,,1,100,,312076,10,,,1,96,,312077,10,,,1,196,,312078,10,,,1
6100,'20261006',1228,,312079,10,,,1,105,,312080,10,,,1,103,,312081,10,,,1,113,,312082,10,,,1,476,,312083,10,,,1,98,,312084,10,,,1,98,,312085,10,,,1,100,,312086,10,,,1,96,,312087,10,,,1,196,,312088,10,,,1
6100,'20261007',1228,,312089,10,,,1,105,,312090,10,,,1,103,,312091,10,,,1,113,,312092,10,,,1,476,,312093,10,,,1,98,,312094,10,,,1,98,,312095,10,,,1,100,,312096,10,,,1,96,,312097,10,,,1,196,,312098,10,,,1
6100,'20261008',1228,,312099,10,,,1,105,,312100,10,,,1,103,,312101,10,,,1,113,,312102,10,,,1,476,,312103,10,,,1,98,,312104,10,,,1,98,,312105,10,,,1,100,,312106,10,,,1,96,,312107,10,,,1,196,,312108,10,,,1
6100,'20261009',1228,,312109,10,,,1,105,,312110,10,,,1,103,,312111,10,,,1,113,,312112,10,,,1,476,,312113,10,,,1,98,,312114,10,,,1,98,,312115,10,,,1,100,,312116,10,,,1,96,,312117,10,,,1,196,,312118,10,,,1
6100,'20261013',1228,,312119,10,,,1,105,,312120,10,,,1,103,,312121,10,,,1,113,,312122,10,,,1,476,,312123,10,,,1,98,,312124,10,,,1,98,,312125,10,,,1,100,,312126,10,,,1,96,,312127,10,,,1,196,,312128,10,,,1
6100,'20261014',1228,,312129,10,,,1,105,,312130,10,,,1,103,,312131,10,,,1,113,,312132,10,,,1,476,,312133,10,,,1,98,,312134,10,,,1,98,,312135,10,,,1,100,,312136,10,,,1,96,,312137,10,,,1,196,,312138,10,,,1
6100,'20261015',1228,,312139,10,,,1,105,,312140,10,,,1,103,,312141,10,,,1,113,,312142,10,,,1,476,,312143,10,,,1,98,,312144,10,,,1,98,,312145,10,,,1,100,,312146,10,,,1,96,,312147,10,,,1,196,,312148,10,,,1
6100,'20261016',1228,,312149,10,,,1,105,,312150,10,,,1,103,,312151,10,,,1,113,,312152,10,,,1,476,,312153,10,,,1,98,,312154,10,,,1,98,,312155,10,,,1,100,,312156,10,,,1,96,,312157,10,,,1,196,,312158,10,,,1
6100,'20261019',1228,,312159,10,,,1,105,,312160,10,,,1,103,,312161,10,,,1,113,,312162,10,,,1,476,,312163,10,,,1,98,,312164,10,,,1,98,,312165,10,,,1,100,,312166,10,,,1,96,,312167,10,,,1,196,,312168,10,,,1
6100,'20261020',1228,,312169,10,,,1,105,,312170,10,,,1,103,,312171,10,,,1,113,,312172,10,,,1,476,,312173,10,,,1,98,,312174,10,,,1,98,,312175,10,,,1,100,,312176,10,,,1,96,,312177,10,,,1,196,,312178,10,,,1
6100,'20261021',1228,,312179,10,,,1,105,,312180,10,,,1,103,,312181,10,,,1,113,,312182,10,,,1,476,,312183,10,,,1,98,,312184,10,,,1,98,,312185,10,,,1,100,,312186,10,,,1,96,,312187,10,,,1,196,,312188,10,,,1
6100,'20261022',1228,,312189,10,,,1,105,,312190,10,,,1,103,,312191,10,,,1,113,,312192,10,,,1,476,,312193,10,,,1,98,,312194,10,,,1,98,,312195,10,,,1,100,,312196,10,,,1,96,,312197,10,,,1,196,,312198,10,,,1
6100,'20261023',1228,,312199,10,,,1,105,,312200,10,,,1,103,,312201,10,,,1,113,,312202,10,,,1,476,,312203,10,,,1,98,,312204,10,,,1,98,,312205,10,,,1,100,,312206,10,,,1,96,,312207,10,,,1,196,,312208,10,,,1
6100,'20261026',1228,,312209,10,,,1,105,,312210,10,,,1,103,,312211,10,,,1,113,,312212,10,,,1,476,,312213,10,,,1,98,,312214,10,,,1,98,,312215,10,,,1,100,,312216,10,,,1,96,,312217,10,,,1,196,,312218,10,,,1
6100,'20261027',1228,,312219,10,,,1,105,,312220,10,,,1,103,,312221,10,,,1,113,,312222,10,,,1,476,,312223,10,,,1,98,,312224,10,,,1,98,,312225,10,,,1,100,,312226,10,,,1,96,,312227,10,,,1,196,,312228,10,,,1
6100,'20261028',1228,,312229,10,,,1,105,,312230,10,,,1,103,,312231,10,,,1,113,,312232,10,,,1,476,,312233,10,,,1,98,,312234,10,,,1,98,,312235,10,,,1,100,,312236,10,,,1,96,,312237,10,,,1,196,,312238,10,,,1
6100,'20261029',1228,,312239,10,,,1,105,,312240,10,,,1,103,,312241,10,,,1,113,,312242,10,,,1,476,,312243,10,,,1,98,,312244,10,,,1,98,,312245,10,,,1,100,,312246,10,,,1,96,,312247,10,,,1,196,,312248,10,,,1
6100,'20261030',1228,,312249,10,,,1,105,,312250,10,,,1,103,,312251,10,,,1,113,,312252,10,,,1,476,,312253,10,,,1,98,,312254,10,,,1,98,,312255,10,,,1,100,,312256,10,,,1,96,,312257,10,,,1,196,,312258,10,,,1
6100,'20261102',1228,,312259,10,,,1,105,,312260,10,,,1,103,,312261,10,,,1,113,,312262,10,,,1,476,,312263,10,,,1,98,,312264,10,,,1,98,,312265,10,,,1,100,,312266,10,,,1,96,,312267,10,,,1,196,,312268,10,,,1
6100,'20261103',1228,,312269,10,,,1,105,,312270,10,,,1,103,,312271,10,,,1,113,,312272,10,,,1,476,,312273,10,,,1,98,,312274,10,,,1,98,,312275,10,,,1,100,,312276,10,,,1,96,,312277,10,,,1,196,,312278,10,,,1
6100,'20261104',1228,,312279,10,,,1,105,,312280,10,,,1,103,,312281,10,,,1,113,,312282,10,,,1,476,,312283,10,,,1,98,,312284,10,,,1,98,,312285,10,,,1,100,,312286,10,,,1,96,,312287,10,,,1,196,,312288,10,,,1
6100,'20261105',1228,,312289,10,,,1,105,,312290,10,,,1,103,,312291,10,,,1,113,,312292,10,,,1,476,,312293,10,,,1,98,,312294,10,,,1,98,,312295,10,,,1,100,,312296,10,,,1,96,,312297,10,,,1,196,,312298,10,,,1
6100,'20261106',1228,,312299,10,,,1,105,,312300,10,,,1,103,,312301,10,,,1,113,,312302,10,,,1,476,,312303,10,,,1,98,,312304,10,,,1,98,,312305,10,,,1,100,,312306,10,,,1,96,,312307,10,,,1,196,,312308,10,,,1
6100,'20261109',1228,,312309,10,,,1,105,,312310,10,,,1,103,,312311,10,,,1,113,,312312,10,,,1,476,,312313,10,,,1,98,,312314,10,,,1,98,,312315,10,,,1,100,,312316,10,,,1,96,,312317,10,,,1,196,,312318,10,,,1
6100,'20261110',1228,,312319,10,,,1,105,,312320,10,,,1,103,,312321,10,,,1,113,,312322,10,,,1,476,,312323,10,,,1,98,,312324,10,,,1,98,,312325,10,,,1,100,,312326,10,,,1,96,,312327,10,,,1,196,,312328,10,,,1
6100,'20261111',1228,,312329,10,,,1,105,,312330,10,,,1,103,,312331,10,,,1,113,,312332,10,,,1,476,,312333,10,,,1,98,,312334,10,,,1,98,,312335,10,,,1,100,,312336,10,,,1,96,,312337,10,,,1,196,,312338,10,,,1
6100,'20261112',1228,,312339,10,,,1,105,,312340,10,,,1,103,,312341,10,,,1,113,,312342,10,,,1,476,,312343,10,,,1,98,,312344,10,,,1,98,,312345,10,,,1,100,,312346,10,,,1,96,,312347,10,,,1,196,,312348,10,,,1
6100,'20261113',1228,,312349,10,,,1,105,,312350,10,,,1,103,,312351,10,,,1,113,,312352,10,,,1,476,,312353,10,,,1,98,,312354,10,,,1,98,,312355,10,,,1,100,,312356,10,,,1,96,,312357,10,,,1,196,,312358,10,,,1
6100,'20261116',1228,,312359,10,,,1,105,,312360,10,,,1,103,,312361,10,,,1,113,,312362,10,,,1,476,,312363,10,,,1,98,,312364,10,,,1,98,,312365,10,,,1,100,,312366,10,,,1,96,,312367,10,,,1,196,,312368,10,,,1
6100,'20261117',1228,,312369,10,,,1,105,,312370,10,,,1,103,,312371,10,,,1,113,,312372,10,,,1,476,,312373,10,,,1,98,,312374,10,,,1,98,,312375,10,,,1,100,,312376,10,,,1,96,,312377,10,,,1,196,,312378,10,,,1
6100,'20261118',1228,,312379,10,,,1,105,,312380,10,,,1,103,,312381,10,,,1,113,,312382,10,,,1,476,,312383,10,,,1,98,,312384,10,,,1,98,,312385,10,,,1,100,,312386,10,,,1,96,,312387,10,,,1,196,,312388,10,,,1
6100,'20261119',1228,,312389,10,,,1,105,,312390,10,,,1,103,,312391,10,,,1,113,,312392,10,,,1,476,,312393,10,,,1,98,,312394,10,,,1,98,,312395,10,,,1,100,,312396,10,,,1,96,,312397,10,,,1,196,,312398,10,,,1
6100,'20261120',1228,,312399,10,,,1,105,,312400,10,,,1,103,,312401,10,,,1,113,,312402,10,,,1,476,,312403,10,,,1,98,,312404,10,,,1,98,,312405,10,,,1,100,,312406,10,,,1,96,,312407,10,,,1,196,,312408,10,,,1
6100,'20261123',1228,,312409,10,,,1,105,,312410,10,,,1,103,,312411,10,,,1,113,,312412,10,,,1,476,,312413,10,,,1,98,,312414,10,,,1,98,,312415,10,,,1,100,,312416,10,,,1,96,,312417,10,,,1,196,,312418,10,,,1
6100,'20261124',1228,,312419,10,,,1,105,,312420,10,,,1,103,,312421,10,,,1,113,,312422,10,,,1,476,,312423,10,,,1,98,,312424,10,,,1,98,,312425,10,,,1,100,,312426,10,,,1,96,,312427,10,,,1,196,,312428,10,,,1
6100,'20261125',1228,,312429,10,,,1,105,,312430,10,,,1,103,,312431,10,,,1,113,,312432,10,,,1,476,,312433,10,,,1,98,,312434,10,,,1,98,,312435,10,,,1,100,,312436,10,,,1,96,,312437,10,,,1,196,,312438,10,,,1
6100,'20261126',1228,,312439,10,,,1,105,,312440,10,,,1,103,,312441,10,,,1,113,,312442,10,,,1,476,,312443,10,,,1,98,,312444,10,,,1,98,,312445,10,,,1,100,,312446,10,,,1,96,,312447,10,,,1,196,,312448,10,,,1
6100,'20261127',1228,,312449,10,,,1,105,,312450,10,,,1,103,,312451,10,,,1,113,,312452,10,,,1,476,,312453,10,,,1,98,,312454,10,,,1,98,,312455,10,,,1,100,,312456,10,,,1,96,,312457,10,,,1,196,,312458,10,,,1
