3201,'20260917',1230,,269845,4,,,1,100,,269846,4,,,1,101,,269847,4,,,1,85,,269848,4,,,1,20,,269849,4,,,1,15,,269850,4,,,1,55,,269851,4,,,1,15,,269852,4,0,5 18,1,16,,269853,4,,,1,15,,269854,4,,,1,55,,269855,4,,,1,15,,269856,4,0,5 18,1,15,,269857,4,,,1,20,,269858,4,,,1,60,,269859,4,,,1,24,,269860,4,,,1,64,,269861,4,,,1,35,,269862,4,,,1
3201,'20260918',1230,,269863,4,,,1,100,,269864,4,,,1,101,,269865,4,,,1,85,,269866,4,,,1,20,,269867,4,,,1,15,,269868,4,,,1,55,,269869,4,,,1,15,,269870,4,0,5 18,1,16,,269871,4,,,1,15,,269872,4,,,1,55,,269873,4,,,1,15,,269874,4,0,5 18,1,15,,269875,4,,,1,20,,269876,4,,,1,60,,269877,4,,,1,24,,269878,4,,,1,64,,269879,4,,,1,35,,269880,4,,,1
3201,'20260921',1230,,269881,4,,,1,100,,269882,4,,,1,101,,269883,4,,,1,85,,269884,4,,,1,20,,269885,4,,,1,15,,269886,4,,,1,55,,269887,4,,,1,15,,269888,4,0,5 18,1,16,,269889,4,,,1,15,,269890,4,,,1,55,,269891,4,,,1,15,,269892,4,0,5 18,1,15,,269893,4,,,1,20,,269894,4,,,1,60,,269895,4,,,1,24,,269896,4,,,1,64,,269897,4,,,1,35,,269898,4,,,1
3201,'20260922',1230,,269899,4,,,1,100,,269900,4,,,1,101,,269901,4,,,1,85,,269902,4,,,1,20,,269903,4,,,1,15,,269904,4,,,1,55,,269905,4,,,1,15,,269906,4,0,5 18,1,16,,269907,4,,,1,15,,269908,4,,,1,55,,269909,4,,,1,15,,269910,4,0,5 18,1,15,,269911,4,,,1,20,,269912,4,,,1,60,,269913,4,,,1,24,,269914,4,,,1,64,,269915,4,,,1,35,,269916,4,,,1
3201,'20260923',1230,,269917,4,,,1,100,,269918,4,,,1,101,,269919,4,,,1,85,,269920,4,,,1,20,,269921,4,,,1,15,,269922,4,,,1,55,,269923,4,,,1,15,,269924,4,0,5 18,1,16,,269925,4,,,1,15,,269926,4,,,1,55,,269927,4,,,1,15,,269928,4,0,5 18,1,15,,269929,4,,,1,20,,269930,4,,,1,60,,269931,4,,,1,24,,269932,4,,,1,64,,269933,4,,,1,35,,269934,4,,,1
3201,'20260924',1230,,269935,4,,,1,100,,269936,4,,,1,101,,269937,4,,,1,85,,269938,4,,,1,20,,269939,4,,,1,15,,269940,4,,,1,55,,269941,4,,,1,15,,269942,4,0,5 18,1,16,,269943,4,,,1,15,,269944,4,,,1,55,,269945,4,,,1,15,,269946,4,0,5 18,1,15,,269947,4,,,1,20,,269948,4,,,1,60,,269949,4,,,1,24,,269950,4,,,1,64,,269951,4,,,1,35,,269952,4,,,1
3201,'20260925',1230,,269953,4,,,1,100,,269954,4,,,1,101,,269955,4,,,1,85,,269956,4,,,1,20,,269957,4,,,1,15,,269958,4,,,1,55,,269959,4,,,1,15,,269960,4,0,5 18,1,16,,269961,4,,,1,15,,269962,4,,,1,55,,269963,4,,,1,15,,269964,4,0,5 18,1,15,,269965,4,,,1,20,,269966,4,,,1,60,,269967,4,,,1,24,,269968,4,,,1,64,,269969,4,,,1,35,,269970,4,,,1
3201,'20260928',1230,,269971,4,,,1,100,,269972,4,,,1,101,,269973,4,,,1,85,,269974,4,,,1,20,,269975,4,,,1,15,,269976,4,,,1,55,,269977,4,,,1,15,,269978,4,0,5 18,1,16,,269979,4,,,1,15,,269980,4,,,1,55,,269981,4,,,1,15,,269982,4,0,5 18,1,15,,269983,4,,,1,20,,269984,4,,,1,60,,269985,4,,,1,24,,269986,4,,,1,64,,269987,4,,,1,35,,269988,4,,,1
3201,'20260929',1230,,269989,4,,,1,100,,269990,4,,,1,101,,269991,4,,,1,85,,269992,4,,,1,20,,269993,4,,,1,15,,269994,4,,,1,55,,269995,4,,,1,15,,269996,4,0,5 18,1,16,,269997,4,,,1,15,,269998,4,,,1,55,,269999,4,,,1,15,,270000,4,0,5 18,1,15,,270001,4,,,1,20,,270002,4,,,1,60,,270003,4,,,1,24,,270004,4,,,1,64,,270005,4,,,1,35,,270006,4,,,1
3201,'20260930',1230,,270007,4,,,1,100,,270008,4,,,1,101,,270009,4,,,1,85,,270010,4,,,1,20,,270011,4,,,1,15,,270012,4,,,1,55,,270013,4,,,1,15,,270014,4,0,5 18,1,16,,270015,4,,,1,15,,270016,4,,,1,55,,270017,4,,,1,15,,270018,4,0,5 18,1,15,,270019,4,,,1,20,,270020,4,,,1,60,,270021,4,,,1,24,,270022,4,,,1,64,,270023,4,,,1,35,,270024,4,,,1
3201,'20261001',1230,,270025,4,,,1,100,,270026,4,,,1,101,,270027,4,,,1,85,,270028,4,,,1,20,,270029,4,,,1,15,,270030,4,,,1,55,,270031,4,,,1,15,,270032,4,0,5 18,1,16,,270033,4,,,1,15,,270034,4,,,1,55,,270035,4,,,1,15,,270036,4,0,5 18,1,15,,270037,4,,,1,20,,270038,4,,,1,60,,270039,4,,,1,24,,270040,4,,,1,64,,270041,4,,,1,35,,270042,4,,,1
3201,'20261002',1230,,270043,4,,,1,100,,270044,4,,,1,101,,270045,4,,,1,85,,270046,4,,,1,20,,270047,4,,,1,15,,270048,4,,,1,55,,270049,4,,,1,15,,270050,4,0,5 18,1,16,,270051,4,,,1,15,,270052,4,,,1,55,,270053,4,,,1,15,,270054,4,0,5 18,1,15,,270055,4,,,1,20,,270056,4,,,1,60,,270057,4,,,1,24,,270058,4,,,1,64,,270059,4,,,1,35,,270060,4,,,1
3201,'20261005',1230,,270061,4,,,1,100,,270062,4,,,1,101,,270063,4,,,1,85,,270064,4,,,1,20,,270065,4,,,1,15,,270066,4,,,1,55,,270067,4,,,1,15,,270068,4,0,5 18,1,16,,270069,4,,,1,15,,270070,4,,,1,55,,270071,4,,,1,15,,270072,4,0,5 18,1,15,,270073,4,,,1,20,,270074,4,,,1,60,,270075,4,,,1,24,,270076,4,,,1,64,,270077,4,,,1,35,,270078,4,,,1
3201,'20261006',1230,,270079,4,,,1,100,,270080,4,,,1,101,,270081,4,,,1,85,,270082,4,,,1,20,,270083,4,,,1,15,,270084,4,,,1,55,,270085,4,,,1,15,,270086,4,0,5 18,1,16,,270087,4,,,1,15,,270088,4,,,1,55,,270089,4,,,1,15,,270090,4,0,5 18,1,15,,270091,4,,,1,20,,270092,4,,,1,60,,270093,4,,,1,24,,270094,4,,,1,64,,270095,4,,,1,35,,270096,4,,,1
3201,'20261007',1230,,270097,4,,,1,100,,270098,4,,,1,101,,270099,4,,,1,85,,270100,4,,,1,20,,270101,4,,,1,15,,270102,4,,,1,55,,270103,4,,,1,15,,270104,4,0,5 18,1,16,,270105,4,,,1,15,,270106,4,,,1,55,,270107,4,,,1,15,,270108,4,0,5 18,1,15,,270109,4,,,1,20,,270110,4,,,1,60,,270111,4,,,1,24,,270112,4,,,1,64,,270113,4,,,1,35,,270114,4,,,1
3201,'20261008',1230,,270115,4,,,1,100,,270116,4,,,1,101,,270117,4,,,1,85,,270118,4,,,1,20,,270119,4,,,1,15,,270120,4,,,1,55,,270121,4,,,1,15,,270122,4,0,5 18,1,16,,270123,4,,,1,15,,270124,4,,,1,55,,270125,4,,,1,15,,270126,4,0,5 18,1,15,,270127,4,,,1,20,,270128,4,,,1,60,,270129,4,,,1,24,,270130,4,,,1,64,,270131,4,,,1,35,,270132,4,,,1
3201,'20261009',1230,,270133,4,,,1,100,,270134,4,,,1,101,,270135,4,,,1,85,,270136,4,,,1,20,,270137,4,,,1,15,,270138,4,,,1,55,,270139,4,,,1,15,,270140,4,0,5 18,1,16,,270141,4,,,1,15,,270142,4,,,1,55,,270143,4,,,1,15,,270144,4,0,5 18,1,15,,270145,4,,,1,20,,270146,4,,,1,60,,270147,4,,,1,24,,270148,4,,,1,64,,270149,4,,,1,35,,270150,4,,,1
3201,'20261013',1230,,270151,4,,,1,100,,270152,4,,,1,101,,270153,4,,,1,85,,270154,4,,,1,20,,270155,4,,,1,15,,270156,4,,,1,55,,270157,4,,,1,15,,270158,4,0,5 18,1,16,,270159,4,,,1,15,,270160,4,,,1,55,,270161,4,,,1,15,,270162,4,0,5 18,1,15,,270163,4,,,1,20,,270164,4,,,1,60,,270165,4,,,1,24,,270166,4,,,1,64,,270167,4,,,1,35,,270168,4,,,1
3201,'20261014',1230,,270169,4,,,1,100,,270170,4,,,1,101,,270171,4,,,1,85,,270172,4,,,1,20,,270173,4,,,1,15,,270174,4,,,1,55,,270175,4,,,1,15,,270176,4,0,5 18,1,16,,270177,4,,,1,15,,270178,4,,,1,55,,270179,4,,,1,15,,270180,4,0,5 18,1,15,,270181,4,,,1,20,,270182,4,,,1,60,,270183,4,,,1,24,,270184,4,,,1,64,,270185,4,,,1,35,,270186,4,,,1
3201,'20261015',1230,,270187,4,,,1,100,,270188,4,,,1,101,,270189,4,,,1,85,,270190,4,,,1,20,,270191,4,,,1,15,,270192,4,,,1,55,,270193,4,,,1,15,,270194,4,0,5 18,1,16,,270195,4,,,1,15,,270196,4,,,1,55,,270197,4,,,1,15,,270198,4,0,5 18,1,15,,270199,4,,,1,20,,270200,4,,,1,60,,270201,4,,,1,24,,270202,4,,,1,64,,270203,4,,,1,35,,270204,4,,,1
3201,'20261016',1230,,270205,4,,,1,100,,270206,4,,,1,101,,270207,4,,,1,85,,270208,4,,,1,20,,270209,4,,,1,15,,270210,4,,,1,55,,270211,4,,,1,15,,270212,4,0,5 18,1,16,,270213,4,,,1,15,,270214,4,,,1,55,,270215,4,,,1,15,,270216,4,0,5 18,1,15,,270217,4,,,1,20,,270218,4,,,1,60,,270219,4,,,1,24,,270220,4,,,1,64,,270221,4,,,1,35,,270222,4,,,1
3201,'20261019',1230,,270223,4,,,1,100,,270224,4,,,1,101,,270225,4,,,1,85,,270226,4,,,1,20,,270227,4,,,1,15,,270228,4,,,1,55,,270229,4,,,1,15,,270230,4,0,5 18,1,16,,270231,4,,,1,15,,270232,4,,,1,55,,270233,4,,,1,15,,270234,4,0,5 18,1,15,,270235,4,,,1,20,,270236,4,,,1,60,,270237,4,,,1,24,,270238,4,,,1,64,,270239,4,,,1,35,,270240,4,,,1
3201,'20261020',1230,,270241,4,,,1,100,,270242,4,,,1,101,,270243,4,,,1,85,,270244,4,,,1,20,,270245,4,,,1,15,,270246,4,,,1,55,,270247,4,,,1,15,,270248,4,0,5 18,1,16,,270249,4,,,1,15,,270250,4,,,1,55,,270251,4,,,1,15,,270252,4,0,5 18,1,15,,270253,4,,,1,20,,270254,4,,,1,60,,270255,4,,,1,24,,270256,4,,,1,64,,270257,4,,,1,35,,270258,4,,,1
3201,'20261021',1230,,270259,4,,,1,100,,270260,4,,,1,101,,270261,4,,,1,85,,270262,4,,,1,20,,270263,4,,,1,15,,270264,4,,,1,55,,270265,4,,,1,15,,270266,4,0,5 18,1,16,,270267,4,,,1,15,,270268,4,,,1,55,,270269,4,,,1,15,,270270,4,0,5 18,1,15,,270271,4,,,1,20,,270272,4,,,1,60,,270273,4,,,1,24,,270274,4,,,1,64,,270275,4,,,1,35,,270276,4,,,1
3201,'20261022',1230,,270277,4,,,1,100,,270278,4,,,1,101,,270279,4,,,1,85,,270280,4,,,1,20,,270281,4,,,1,15,,270282,4,,,1,55,,270283,4,,,1,15,,270284,4,0,5 18,1,16,,270285,4,,,1,15,,270286,4,,,1,55,,270287,4,,,1,15,,270288,4,0,5 18,1,15,,270289,4,,,1,20,,270290,4,,,1,60,,270291,4,,,1,24,,270292,4,,,1,64,,270293,4,,,1,35,,270294,4,,,1
3201,'20261023',1230,,270295,4,,,1,100,,270296,4,,,1,101,,270297,4,,,1,85,,270298,4,,,1,20,,270299,4,,,1,15,,270300,4,,,1,55,,270301,4,,,1,15,,270302,4,0,5 18,1,16,,270303,4,,,1,15,,270304,4,,,1,55,,270305,4,,,1,15,,270306,4,0,5 18,1,15,,270307,4,,,1,20,,270308,4,,,1,60,,270309,4,,,1,24,,270310,4,,,1,64,,270311,4,,,1,35,,270312,4,,,1
3201,'20261026',1230,,270313,4,,,1,100,,270314,4,,,1,101,,270315,4,,,1,85,,270316,4,,,1,20,,270317,4,,,1,15,,270318,4,,,1,55,,270319,4,,,1,15,,270320,4,0,5 18,1,16,,270321,4,,,1,15,,270322,4,,,1,55,,270323,4,,,1,15,,270324,4,0,5 18,1,15,,270325,4,,,1,20,,270326,4,,,1,60,,270327,4,,,1,24,,270328,4,,,1,64,,270329,4,,,1,35,,270330,4,,,1
3201,'20261027',1230,,270331,4,,,1,100,,270332,4,,,1,101,,270333,4,,,1,85,,270334,4,,,1,20,,270335,4,,,1,15,,270336,4,,,1,55,,270337,4,,,1,15,,270338,4,0,5 18,1,16,,270339,4,,,1,15,,270340,4,,,1,55,,270341,4,,,1,15,,270342,4,0,5 18,1,15,,270343,4,,,1,20,,270344,4,,,1,60,,270345,4,,,1,24,,270346,4,,,1,64,,270347,4,,,1,35,,270348,4,,,1
3201,'20261028',1230,,270349,4,,,1,100,,270350,4,,,1,101,,270351,4,,,1,85,,270352,4,,,1,20,,270353,4,,,1,15,,270354,4,,,1,55,,270355,4,,,1,15,,270356,4,0,5 18,1,16,,270357,4,,,1,15,,270358,4,,,1,55,,270359,4,,,1,15,,270360,4,0,5 18,1,15,,270361,4,,,1,20,,270362,4,,,1,60,,270363,4,,,1,24,,270364,4,,,1,64,,270365,4,,,1,35,,270366,4,,,1
3201,'20261029',1230,,270367,4,,,1,100,,270368,4,,,1,101,,270369,4,,,1,85,,270370,4,,,1,20,,270371,4,,,1,15,,270372,4,,,1,55,,270373,4,,,1,15,,270374,4,0,5 18,1,16,,270375,4,,,1,15,,270376,4,,,1,55,,270377,4,,,1,15,,270378,4,0,5 18,1,15,,270379,4,,,1,20,,270380,4,,,1,60,,270381,4,,,1,24,,270382,4,,,1,64,,270383,4,,,1,35,,270384,4,,,1
3201,'20261030',1230,,270385,4,,,1,100,,270386,4,,,1,101,,270387,4,,,1,85,,270388,4,,,1,20,,270389,4,,,1,15,,270390,4,,,1,55,,270391,4,,,1,15,,270392,4,0,5 18,1,16,,270393,4,,,1,15,,270394,4,,,1,55,,270395,4,,,1,15,,270396,4,0,5 18,1,15,,270397,4,,,1,20,,270398,4,,,1,60,,270399,4,,,1,24,,270400,4,,,1,64,,270401,4,,,1,35,,270402,4,,,1
3201,'20261102',1230,,270403,4,,,1,100,,270404,4,,,1,101,,270405,4,,,1,85,,270406,4,,,1,20,,270407,4,,,1,15,,270408,4,,,1,55,,270409,4,,,1,15,,270410,4,0,5 18,1,16,,270411,4,,,1,15,,270412,4,,,1,55,,270413,4,,,1,15,,270414,4,0,5 18,1,15,,270415,4,,,1,20,,270416,4,,,1,60,,270417,4,,,1,24,,270418,4,,,1,64,,270419,4,,,1,35,,270420,4,,,1
3201,'20261103',1230,,270421,4,,,1,100,,270422,4,,,1,101,,270423,4,,,1,85,,270424,4,,,1,20,,270425,4,,,1,15,,270426,4,,,1,55,,270427,4,,,1,15,,270428,4,0,5 18,1,16,,270429,4,,,1,15,,270430,4,,,1,55,,270431,4,,,1,15,,270432,4,0,5 18,1,15,,270433,4,,,1,20,,270434,4,,,1,60,,270435,4,,,1,24,,270436,4,,,1,64,,270437,4,,,1,35,,270438,4,,,1
3201,'20261104',1230,,270439,4,,,1,100,,270440,4,,,1,101,,270441,4,,,1,85,,270442,4,,,1,20,,270443,4,,,1,15,,270444,4,,,1,55,,270445,4,,,1,15,,270446,4,0,5 18,1,16,,270447,4,,,1,15,,270448,4,,,1,55,,270449,4,,,1,15,,270450,4,0,5 18,1,15,,270451,4,,,1,20,,270452,4,,,1,60,,270453,4,,,1,24,,270454,4,,,1,64,,270455,4,,,1,35,,270456,4,,,1
3201,'20261105',1230,,270457,4,,,1,100,,270458,4,,,1,101,,270459,4,,,1,85,,270460,4,,,1,20,,270461,4,,,1,15,,270462,4,,,1,55,,270463,4,,,1,15,,270464,4,0,5 18,1,16,,270465,4,,,1,15,,270466,4,,,1,55,,270467,4,,,1,15,,270468,4,0,5 18,1,15,,270469,4,,,1,20,,270470,4,,,1,60,,270471,4,,,1,24,,270472,4,,,1,64,,270473,4,,,1,35,,270474,4,,,1
3201,'20261106',1230,,270475,4,,,1,100,,270476,4,,,1,101,,270477,4,,,1,85,,270478,4,,,1,20,,270479,4,,,1,15,,270480,4,,,1,55,,270481,4,,,1,15,,270482,4,0,5 18,1,16,,270483,4,,,1,15,,270484,4,,,1,55,,270485,4,,,1,15,,270486,4,0,5 18,1,15,,270487,4,,,1,20,,270488,4,,,1,60,,270489,4,,,1,24,,270490,4,,,1,64,,270491,4,,,1,35,,270492,4,,,1
3201,'20261109',1230,,270493,4,,,1,100,,270494,4,,,1,101,,270495,4,,,1,85,,270496,4,,,1,20,,270497,4,,,1,15,,270498,4,,,1,55,,270499,4,,,1,15,,270500,4,0,5 18,1,16,,270501,4,,,1,15,,270502,4,,,1,55,,270503,4,,,1,15,,270504,4,0,5 18,1,15,,270505,4,,,1,20,,270506,4,,,1,60,,270507,4,,,1,24,,270508,4,,,1,64,,270509,4,,,1,35,,270510,4,,,1
3201,'20261110',1230,,270511,4,,,1,100,,270512,4,,,1,101,,270513,4,,,1,85,,270514,4,,,1,20,,270515,4,,,1,15,,270516,4,,,1,55,,270517,4,,,1,15,,270518,4,0,5 18,1,16,,270519,4,,,1,15,,270520,4,,,1,55,,270521,4,,,1,15,,270522,4,0,5 18,1,15,,270523,4,,,1,20,,270524,4,,,1,60,,270525,4,,,1,24,,270526,4,,,1,64,,270527,4,,,1,35,,270528,4,,,1
3201,'20261111',1230,,270529,4,,,1,100,,270530,4,,,1,101,,270531,4,,,1,85,,270532,4,,,1,20,,270533,4,,,1,15,,270534,4,,,1,55,,270535,4,,,1,15,,270536,4,0,5 18,1,16,,270537,4,,,1,15,,270538,4,,,1,55,,270539,4,,,1,15,,270540,4,0,5 18,1,15,,270541,4,,,1,20,,270542,4,,,1,60,,270543,4,,,1,24,,270544,4,,,1,64,,270545,4,,,1,35,,270546,4,,,1
3201,'20261112',1230,,270547,4,,,1,100,,270548,4,,,1,101,,270549,4,,,1,85,,270550,4,,,1,20,,270551,4,,,1,15,,270552,4,,,1,55,,270553,4,,,1,15,,270554,4,0,5 18,1,16,,270555,4,,,1,15,,270556,4,,,1,55,,270557,4,,,1,15,,270558,4,0,5 18,1,15,,270559,4,,,1,20,,270560,4,,,1,60,,270561,4,,,1,24,,270562,4,,,1,64,,270563,4,,,1,35,,270564,4,,,1
3201,'20261113',1230,,270565,4,,,1,100,,270566,4,,,1,101,,270567,4,,,1,85,,270568,4,,,1,20,,270569,4,,,1,15,,270570,4,,,1,55,,270571,4,,,1,15,,270572,4,0,5 18,1,16,,270573,4,,,1,15,,270574,4,,,1,55,,270575,4,,,1,15,,270576,4,0,5 18,1,15,,270577,4,,,1,20,,270578,4,,,1,60,,270579,4,,,1,24,,270580,4,,,1,64,,270581,4,,,1,35,,270582,4,,,1
3201,'20261116',1230,,270583,4,,,1,100,,270584,4,,,1,101,,270585,4,,,1,85,,270586,4,,,1,20,,270587,4,,,1,15,,270588,4,,,1,55,,270589,4,,,1,15,,270590,4,0,5 18,1,16,,270591,4,,,1,15,,270592,4,,,1,55,,270593,4,,,1,15,,270594,4,0,5 18,1,15,,270595,4,,,1,20,,270596,4,,,1,60,,270597,4,,,1,24,,270598,4,,,1,64,,270599,4,,,1,35,,270600,4,,,1
3201,'20261117',1230,,270601,4,,,1,100,,270602,4,,,1,101,,270603,4,,,1,85,,270604,4,,,1,20,,270605,4,,,1,15,,270606,4,,,1,55,,270607,4,,,1,15,,270608,4,0,5 18,1,16,,270609,4,,,1,15,,270610,4,,,1,55,,270611,4,,,1,15,,270612,4,0,5 18,1,15,,270613,4,,,1,20,,270614,4,,,1,60,,270615,4,,,1,24,,270616,4,,,1,64,,270617,4,,,1,35,,270618,4,,,1
3201,'20261118',1230,,270619,4,,,1,100,,270620,4,,,1,101,,270621,4,,,1,85,,270622,4,,,1,20,,270623,4,,,1,15,,270624,4,,,1,55,,270625,4,,,1,15,,270626,4,0,5 18,1,16,,270627,4,,,1,15,,270628,4,,,1,55,,270629,4,,,1,15,,270630,4,0,5 18,1,15,,270631,4,,,1,20,,270632,4,,,1,60,,270633,4,,,1,24,,270634,4,,,1,64,,270635,4,,,1,35,,270636,4,,,1
3201,'20261119',1230,,270637,4,,,1,100,,270638,4,,,1,101,,270639,4,,,1,85,,270640,4,,,1,20,,270641,4,,,1,15,,270642,4,,,1,55,,270643,4,,,1,15,,270644,4,0,5 18,1,16,,270645,4,,,1,15,,270646,4,,,1,55,,270647,4,,,1,15,,270648,4,0,5 18,1,15,,270649,4,,,1,20,,270650,4,,,1,60,,270651,4,,,1,24,,270652,4,,,1,64,,270653,4,,,1,35,,270654,4,,,1
3201,'20261120',1230,,270655,4,,,1,100,,270656,4,,,1,101,,270657,4,,,1,85,,270658,4,,,1,20,,270659,4,,,1,15,,270660,4,,,1,55,,270661,4,,,1,15,,270662,4,0,5 18,1,16,,270663,4,,,1,15,,270664,4,,,1,55,,270665,4,,,1,15,,270666,4,0,5 18,1,15,,270667,4,,,1,20,,270668,4,,,1,60,,270669,4,,,1,24,,270670,4,,,1,64,,270671,4,,,1,35,,270672,4,,,1
3201,'20261123',1230,,270673,4,,,1,100,,270674,4,,,1,101,,270675,4,,,1,85,,270676,4,,,1,20,,270677,4,,,1,15,,270678,4,,,1,55,,270679,4,,,1,15,,270680,4,0,5 18,1,16,,270681,4,,,1,15,,270682,4,,,1,55,,270683,4,,,1,15,,270684,4,0,5 18,1,15,,270685,4,,,1,20,,270686,4,,,1,60,,270687,4,,,1,24,,270688,4,,,1,64,,270689,4,,,1,35,,270690,4,,,1
3201,'20261124',1230,,270691,4,,,1,100,,270692,4,,,1,101,,270693,4,,,1,85,,270694,4,,,1,20,,270695,4,,,1,15,,270696,4,,,1,55,,270697,4,,,1,15,,270698,4,0,5 18,1,16,,270699,4,,,1,15,,270700,4,,,1,55,,270701,4,,,1,15,,270702,4,0,5 18,1,15,,270703,4,,,1,20,,270704,4,,,1,60,,270705,4,,,1,24,,270706,4,,,1,64,,270707,4,,,1,35,,270708,4,,,1
3201,'20261125',1230,,270709,4,,,1,100,,270710,4,,,1,101,,270711,4,,,1,85,,270712,4,,,1,20,,270713,4,,,1,15,,270714,4,,,1,55,,270715,4,,,1,15,,270716,4,0,5 18,1,16,,270717,4,,,1,15,,270718,4,,,1,55,,270719,4,,,1,15,,270720,4,0,5 18,1,15,,270721,4,,,1,20,,270722,4,,,1,60,,270723,4,,,1,24,,270724,4,,,1,64,,270725,4,,,1,35,,270726,4,,,1
3201,'20261126',1230,,270727,4,,,1,100,,270728,4,,,1,101,,270729,4,,,1,85,,270730,4,,,1,20,,270731,4,,,1,15,,270732,4,,,1,55,,270733,4,,,1,15,,270734,4,0,5 18,1,16,,270735,4,,,1,15,,270736,4,,,1,55,,270737,4,,,1,15,,270738,4,0,5 18,1,15,,270739,4,,,1,20,,270740,4,,,1,60,,270741,4,,,1,24,,270742,4,,,1,64,,270743,4,,,1,35,,270744,4,,,1
3201,'20261127',1230,,270745,4,,,1,100,,270746,4,,,1,101,,270747,4,,,1,85,,270748,4,,,1,20,,270749,4,,,1,15,,270750,4,,,1,55,,270751,4,,,1,15,,270752,4,0,5 18,1,16,,270753,4,,,1,15,,270754,4,,,1,55,,270755,4,,,1,15,,270756,4,0,5 18,1,15,,270757,4,,,1,20,,270758,4,,,1,60,,270759,4,,,1,24,,270760,4,,,1,64,,270761,4,,,1,35,,270762,4,,,1
