6800,'20260831',654,,204967,21,,,1,99,,204968,13,0,5 27 28 9,1,148,,204969,13,0,5 27 28 9,1,347,,204970,21,,,1,99,,204971,21,,,1,297,,204972,13,0,5 27 28 9,1,403,,204974,21,,,1,94,,204975,21,,,1,98,,204976,21,,,1
6800,'20260901',654,,204977,21,,,1,99,,204978,13,0,5 27 28 9,1,148,,204979,13,0,5 27 28 9,1,347,,204980,21,,,1,99,,204981,21,,,1,297,,204982,13,0,5 27 28 9,1,403,,204984,21,,,1,94,,204985,21,,,1,98,,204986,21,,,1
6800,'20260902',654,,204987,21,,,1,99,,204988,13,0,5 27 28 9,1,148,,204989,13,0,5 27 28 9,1,347,,204990,21,,,1,99,,204991,21,,,1,297,,204992,13,0,5 27 28 9,1,403,,204994,21,,,1,94,,204995,21,,,1,98,,204996,21,,,1
6800,'20260903',654,,204997,21,,,1,99,,204998,13,0,5 27 28 9,1,148,,204999,13,0,5 27 28 9,1,347,,205000,21,,,1,99,,205001,21,,,1,297,,205002,13,0,5 27 28 9,1,403,,205004,21,,,1,94,,205005,21,,,1,98,,205006,21,,,1
6800,'20260904',654,,205007,21,,,1,99,,205008,13,0,5 27 28 9,1,148,,205009,13,0,5 27 28 9,1,347,,205010,21,,,1,99,,205011,21,,,1,297,,205012,13,0,5 27 28 9,1,403,,205014,21,,,1,94,,205015,21,,,1,98,,205016,21,,,1
6800,'20260905',841,,315113,21,,,1,301,,315114,21,,,1,300,,315115,21,,,1,400,,315116,21,,,1,200,,315117,21,,,1,489,,315118,13,0,5 27 28 9,1
6800,'20260906',841,,315119,21,,,1,301,,315120,21,,,1,300,,315121,21,,,1,400,,315122,21,,,1,200,,315123,21,,,1,489,,315124,13,0,5 27 28 9,1
6800,'20260907',841,,315125,21,,,1,301,,315126,21,,,1,300,,315127,21,,,1,400,,315128,21,,,1,200,,315129,21,,,1,489,,315130,13,0,5 27 28 9,1
6800,'20260908',654,,315131,21,,,1,99,,315132,13,0,5 27 28 9,1,148,,315133,13,0,5 27 28 9,1,347,,315134,21,,,1,99,,315135,21,,,1,297,,315136,13,0,5 27 28 9,1,403,,315138,21,,,1,94,,315139,21,,,1,103,,315140,21,,,1,173,,315141,14,0,7 27 28 9,1
6800,'20260909',654,,315142,21,,,1,99,,315143,13,0,5 27 28 9,1,148,,315144,13,0,5 27 28 9,1,347,,315145,21,,,1,99,,315146,21,,,1,297,,315147,13,0,5 27 28 9,1,403,,315149,21,,,1,94,,315150,21,,,1,103,,315151,21,,,1,173,,315152,14,0,7 27 28 9,1
6800,'20260910',654,,315153,21,,,1,99,,315154,13,0,5 27 28 9,1,148,,315155,13,0,5 27 28 9,1,347,,315156,21,,,1,99,,315157,21,,,1,297,,315158,13,0,5 27 28 9,1,403,,315160,21,,,1,94,,315161,21,,,1,103,,315162,21,,,1,173,,315163,14,0,7 27 28 9,1
6800,'20260911',654,,315164,21,,,1,99,,315165,13,0,5 27 28 9,1,148,,315166,13,0,5 27 28 9,1,347,,315167,21,,,1,99,,315168,21,,,1,297,,315169,13,0,5 27 28 9,1,403,,315171,21,,,1,94,,315172,21,,,1,103,,315173,21,,,1,173,,315174,14,0,7 27 28 9,1
6800,'20260912',841,,315175,21,,,1,260,,315178,31,0,53 27 28 9,1,41,,315176,21,,,1,267,,315180,31,0,53 27 28 9,1,33,,315181,21,,,1,267,,315183,31,0,53 27 28 9,1,133,,315184,21,,,1,200,,315185,21,,,1,489,,315186,13,0,5 27 28 9,1
6800,'20260913',841,,315187,21,,,1,260,,315190,31,0,53 27 28 9,1,41,,315188,21,,,1,267,,315192,31,0,53 27 28 9,1,33,,315193,21,,,1,267,,315195,31,0,53 27 28 9,1,133,,315196,21,,,1,200,,315197,21,,,1,489,,315198,13,0,5 27 28 9,1
6800,'20260914',654,,315199,21,,,1,99,,315200,13,0,5 27 28 9,1,148,,315201,13,0,5 27 28 9,1,347,,315202,21,,,1,99,,315203,21,,,1,297,,315204,13,0,5 27 28 9,1,403,,315206,21,,,1,94,,315207,21,,,1,103,,315208,21,,,1,173,,315209,14,0,7 27 28 9,1
6800,'20260915',654,,315210,21,,,1,99,,315211,13,0,5 27 28 9,1,148,,315212,13,0,5 27 28 9,1,347,,315213,21,,,1,99,,315214,21,,,1,297,,315215,13,0,5 27 28 9,1,403,,315217,21,,,1,94,,315218,21,,,1,103,,315219,21,,,1,173,,315220,14,0,7 27 28 9,1
6800,'20260916',654,,315221,21,,,1,99,,315222,13,0,5 27 28 9,1,148,,315223,13,0,5 27 28 9,1,347,,315224,21,,,1,99,,315225,21,,,1,297,,315226,13,0,5 27 28 9,1,403,,315228,21,,,1,94,,315229,21,,,1,103,,315230,21,,,1,173,,315231,14,0,7 27 28 9,1
6800,'20260917',654,,315232,21,,,1,99,,315233,13,0,5 27 28 9,1,148,,315234,13,0,5 27 28 9,1,347,,315235,21,,,1,99,,315236,21,,,1,297,,315237,13,0,5 27 28 9,1,403,,315239,21,,,1,94,,315240,21,,,1,103,,315241,21,,,1,173,,315242,14,0,7 27 28 9,1
6800,'20260918',654,,315243,21,,,1,99,,315244,13,0,5 27 28 9,1,148,,315245,13,0,5 27 28 9,1,347,,315246,21,,,1,99,,315247,21,,,1,297,,315248,13,0,5 27 28 9,1,403,,315250,21,,,1,94,,315251,21,,,1,103,,315252,21,,,1,173,,315253,14,0,7 27 28 9,1
6800,'20260919',841,,315254,21,,,1,260,,315257,31,0,53 27 28 9,1,41,,315255,21,,,1,267,,315259,31,0,53 27 28 9,1,33,,315260,21,,,1,267,,315262,31,0,53 27 28 9,1,133,,315263,21,,,1,200,,315264,21,,,1,489,,315265,13,0,5 27 28 9,1
6800,'20260920',841,,315266,21,,,1,260,,315269,31,0,53 27 28 9,1,41,,315267,21,,,1,267,,315271,31,0,53 27 28 9,1,33,,315272,21,,,1,267,,315274,31,0,53 27 28 9,1,133,,315275,21,,,1,200,,315276,21,,,1,489,,315277,13,0,5 27 28 9,1
6800,'20260921',654,,315278,21,,,1,99,,315279,13,0,5 27 28 9,1,148,,315280,13,0,5 27 28 9,1,347,,315281,21,,,1,99,,315282,21,,,1,297,,315283,13,0,5 27 28 9,1,403,,315285,21,,,1,94,,315286,21,,,1,103,,315287,21,,,1,173,,315288,14,0,7 27 28 9,1
6800,'20260922',654,,315289,21,,,1,99,,315290,13,0,5 27 28 9,1,148,,315291,13,0,5 27 28 9,1,347,,315292,21,,,1,99,,315293,21,,,1,297,,315294,13,0,5 27 28 9,1,403,,315296,21,,,1,94,,315297,21,,,1,103,,315298,21,,,1,173,,315299,14,0,7 27 28 9,1
6800,'20260923',654,,315300,21,,,1,99,,315301,13,0,5 27 28 9,1,148,,315302,13,0,5 27 28 9,1,347,,315303,21,,,1,99,,315304,21,,,1,297,,315305,13,0,5 27 28 9,1,403,,315307,21,,,1,94,,315308,21,,,1,103,,315309,21,,,1,173,,315310,14,0,7 27 28 9,1
6800,'20260924',654,,315311,21,,,1,99,,315312,13,0,5 27 28 9,1,148,,315313,13,0,5 27 28 9,1,347,,315314,21,,,1,99,,315315,21,,,1,297,,315316,13,0,5 27 28 9,1,403,,315318,21,,,1,94,,315319,21,,,1,103,,315320,21,,,1,173,,315321,14,0,7 27 28 9,1
6800,'20260925',654,,315322,21,,,1,99,,315323,13,0,5 27 28 9,1,148,,315324,13,0,5 27 28 9,1,347,,315325,21,,,1,99,,315326,21,,,1,297,,315327,13,0,5 27 28 9,1,403,,315329,21,,,1,94,,315330,21,,,1,103,,315331,21,,,1,173,,315332,14,0,7 27 28 9,1
6800,'20260926',841,,315333,21,,,1,260,,315336,31,0,53 27 28 9,1,41,,315334,21,,,1,267,,315338,31,0,53 27 28 9,1,33,,315339,21,,,1,267,,315341,31,0,53 27 28 9,1,133,,315342,21,,,1,200,,315343,21,,,1,489,,315344,13,0,5 27 28 9,1
6800,'20260927',841,,315345,21,,,1,260,,315348,31,0,53 27 28 9,1,41,,315346,21,,,1,267,,315350,31,0,53 27 28 9,1,33,,315351,21,,,1,267,,315353,31,0,53 27 28 9,1,133,,315354,21,,,1,200,,315355,21,,,1,489,,315356,13,0,5 27 28 9,1
6800,'20260928',654,,315357,21,,,1,99,,315358,13,0,5 27 28 9,1,148,,315359,13,0,5 27 28 9,1,347,,315360,21,,,1,99,,315361,21,,,1,297,,315362,13,0,5 27 28 9,1,403,,315364,21,,,1,94,,315365,21,,,1,103,,315366,21,,,1,173,,315367,14,0,7 27 28 9,1
6800,'20260929',654,,315368,21,,,1,99,,315369,13,0,5 27 28 9,1,148,,315370,13,0,5 27 28 9,1,347,,315371,21,,,1,99,,315372,21,,,1,297,,315373,13,0,5 27 28 9,1,403,,315375,21,,,1,94,,315376,21,,,1,103,,315377,21,,,1,173,,315378,14,0,7 27 28 9,1
6800,'20260930',654,,315379,21,,,1,99,,315380,13,0,5 27 28 9,1,148,,315381,13,0,5 27 28 9,1,347,,315382,21,,,1,99,,315383,21,,,1,297,,315384,13,0,5 27 28 9,1,403,,315386,21,,,1,94,,315387,21,,,1,103,,315388,21,,,1,173,,315389,14,0,7 27 28 9,1
6800,'20261001',654,,315390,21,,,1,99,,315391,13,0,5 27 28 9,1,148,,315392,13,0,5 27 28 9,1,347,,315393,21,,,1,99,,315394,21,,,1,297,,315395,13,0,5 27 28 9,1,403,,315397,21,,,1,94,,315398,21,,,1,103,,315399,21,,,1,173,,315400,14,0,7 27 28 9,1
6800,'20261002',654,,315401,21,,,1,99,,315402,13,0,5 27 28 9,1,148,,315403,13,0,5 27 28 9,1,347,,315404,21,,,1,99,,315405,21,,,1,297,,315406,13,0,5 27 28 9,1,403,,315408,21,,,1,94,,315409,21,,,1,103,,315410,21,,,1,173,,315411,14,0,7 27 28 9,1
6800,'20261003',841,,315412,21,,,1,260,,315415,31,0,53 27 28 9,1,41,,315413,21,,,1,267,,315417,31,0,53 27 28 9,1,33,,315418,21,,,1,267,,315420,31,0,53 27 28 9,1,133,,315421,21,,,1,200,,315422,21,,,1,489,,315423,13,0,5 27 28 9,1
6800,'20261004',841,,315424,21,,,1,260,,315427,31,0,53 27 28 9,1,41,,315425,21,,,1,267,,315429,31,0,53 27 28 9,1,33,,315430,21,,,1,267,,315432,31,0,53 27 28 9,1,133,,315433,21,,,1,200,,315434,21,,,1,489,,315435,13,0,5 27 28 9,1
6800,'20261005',654,,315436,21,,,1,99,,315437,13,0,5 27 28 9,1,148,,315438,13,0,5 27 28 9,1,347,,315439,21,,,1,99,,315440,21,,,1,297,,315441,13,0,5 27 28 9,1,403,,315443,21,,,1,94,,315444,21,,,1,103,,315445,21,,,1,173,,315446,14,0,7 27 28 9,1
6800,'20261006',654,,315447,21,,,1,99,,315448,13,0,5 27 28 9,1,148,,315449,13,0,5 27 28 9,1,347,,315450,21,,,1,99,,315451,21,,,1,297,,315452,13,0,5 27 28 9,1,403,,315454,21,,,1,94,,315455,21,,,1,103,,315456,21,,,1,173,,315457,14,0,7 27 28 9,1
6800,'20261007',654,,315458,21,,,1,99,,315459,13,0,5 27 28 9,1,148,,315460,13,0,5 27 28 9,1,347,,315461,21,,,1,99,,315462,21,,,1,297,,315463,13,0,5 27 28 9,1,403,,315465,21,,,1,94,,315466,21,,,1,103,,315467,21,,,1,173,,315468,14,0,7 27 28 9,1
6800,'20261008',654,,315469,21,,,1,99,,315470,13,0,5 27 28 9,1,148,,315471,13,0,5 27 28 9,1,347,,315472,21,,,1,99,,315473,21,,,1,297,,315474,13,0,5 27 28 9,1,403,,315476,21,,,1,94,,315477,21,,,1,103,,315478,21,,,1,173,,315479,14,0,7 27 28 9,1
6800,'20261009',654,,315480,21,,,1,99,,315481,13,0,5 27 28 9,1,148,,315482,13,0,5 27 28 9,1,347,,315483,21,,,1,99,,315484,21,,,1,297,,315485,13,0,5 27 28 9,1,403,,315487,21,,,1,94,,315488,21,,,1,103,,315489,21,,,1,173,,315490,14,0,7 27 28 9,1
6800,'20261010',841,,315491,21,,,1,260,,315494,31,0,53 27 28 9,1,41,,315492,21,,,1,267,,315496,31,0,53 27 28 9,1,33,,315497,21,,,1,267,,315499,31,0,53 27 28 9,1,133,,315500,21,,,1,200,,315501,21,,,1,489,,315502,13,0,5 27 28 9,1
6800,'20261011',841,,315503,21,,,1,260,,315506,31,0,53 27 28 9,1,41,,315504,21,,,1,267,,315508,31,0,53 27 28 9,1,33,,315509,21,,,1,267,,315511,31,0,53 27 28 9,1,133,,315512,21,,,1,200,,315513,21,,,1,489,,315514,13,0,5 27 28 9,1
6800,'20261012',841,,315515,21,,,1,260,,315518,31,0,53 27 28 9,1,41,,315516,21,,,1,267,,315520,31,0,53 27 28 9,1,33,,315521,21,,,1,267,,315523,31,0,53 27 28 9,1,133,,315524,21,,,1,200,,315525,21,,,1,489,,315526,13,0,5 27 28 9,1
6800,'20261013',654,,315527,21,,,1,99,,315528,13,0,5 27 28 9,1,148,,315529,13,0,5 27 28 9,1,347,,315530,21,,,1,99,,315531,21,,,1,297,,315532,13,0,5 27 28 9,1,403,,315534,21,,,1,94,,315535,21,,,1,103,,315536,21,,,1,173,,315537,14,0,7 27 28 9,1
6800,'20261014',654,,315538,21,,,1,99,,315539,13,0,5 27 28 9,1,148,,315540,13,0,5 27 28 9,1,347,,315541,21,,,1,99,,315542,21,,,1,297,,315543,13,0,5 27 28 9,1,403,,315545,21,,,1,94,,315546,21,,,1,103,,315547,21,,,1,173,,315548,14,0,7 27 28 9,1
6800,'20261015',654,,315549,21,,,1,99,,315550,13,0,5 27 28 9,1,148,,315551,13,0,5 27 28 9,1,347,,315552,21,,,1,99,,315553,21,,,1,297,,315554,13,0,5 27 28 9,1,403,,315556,21,,,1,94,,315557,21,,,1,103,,315558,21,,,1,173,,315559,14,0,7 27 28 9,1
6800,'20261016',654,,315560,21,,,1,99,,315561,13,0,5 27 28 9,1,148,,315562,13,0,5 27 28 9,1,347,,315563,21,,,1,99,,315564,21,,,1,297,,315565,13,0,5 27 28 9,1,403,,315567,21,,,1,94,,315568,21,,,1,103,,315569,21,,,1,173,,315570,14,0,7 27 28 9,1
6800,'20261017',841,,315571,21,,,1,260,,315574,31,0,53 27 28 9,1,41,,315572,21,,,1,267,,315576,31,0,53 27 28 9,1,33,,315577,21,,,1,267,,315579,31,0,53 27 28 9,1,133,,315580,21,,,1,200,,315581,21,,,1,489,,315582,13,0,5 27 28 9,1
6800,'20261018',841,,315583,21,,,1,260,,315586,31,0,53 27 28 9,1,41,,315584,21,,,1,267,,315588,31,0,53 27 28 9,1,33,,315589,21,,,1,267,,315591,31,0,53 27 28 9,1,133,,315592,21,,,1,200,,315593,21,,,1,489,,315594,13,0,5 27 28 9,1
6800,'20261019',654,,315595,21,,,1,99,,315596,13,0,5 27 28 9,1,148,,315597,13,0,5 27 28 9,1,347,,315598,21,,,1,99,,315599,21,,,1,297,,315600,13,0,5 27 28 9,1,403,,315602,21,,,1,94,,315603,21,,,1,103,,315604,21,,,1,173,,315605,14,0,7 27 28 9,1
6800,'20261020',654,,315606,21,,,1,99,,315607,13,0,5 27 28 9,1,148,,315608,13,0,5 27 28 9,1,347,,315609,21,,,1,99,,315610,21,,,1,297,,315611,13,0,5 27 28 9,1,403,,315613,21,,,1,94,,315614,21,,,1,103,,315615,21,,,1,173,,315616,14,0,7 27 28 9,1
6800,'20261021',654,,315617,21,,,1,99,,315618,13,0,5 27 28 9,1,148,,315619,13,0,5 27 28 9,1,347,,315620,21,,,1,99,,315621,21,,,1,297,,315622,13,0,5 27 28 9,1,403,,315624,21,,,1,94,,315625,21,,,1,103,,315626,21,,,1,173,,315627,14,0,7 27 28 9,1
6800,'20261022',654,,315628,21,,,1,99,,315629,13,0,5 27 28 9,1,148,,315630,13,0,5 27 28 9,1,347,,315631,21,,,1,99,,315632,21,,,1,297,,315633,13,0,5 27 28 9,1,403,,315635,21,,,1,94,,315636,21,,,1,103,,315637,21,,,1,173,,315638,14,0,7 27 28 9,1
6800,'20261023',654,,315639,21,,,1,99,,315640,13,0,5 27 28 9,1,148,,315641,13,0,5 27 28 9,1,347,,315642,21,,,1,99,,315643,21,,,1,297,,315644,13,0,5 27 28 9,1,403,,315646,21,,,1,94,,315647,21,,,1,103,,315648,21,,,1,173,,315649,14,0,7 27 28 9,1
6800,'20261024',841,,315650,21,,,1,260,,315653,31,0,53 27 28 9,1,41,,315651,21,,,1,267,,315655,31,0,53 27 28 9,1,33,,315656,21,,,1,267,,315658,31,0,53 27 28 9,1,133,,315659,21,,,1,200,,315660,21,,,1,489,,315661,13,0,5 27 28 9,1
6800,'20261025',841,,315662,21,,,1,260,,315665,31,0,53 27 28 9,1,41,,315663,21,,,1,267,,315667,31,0,53 27 28 9,1,33,,315668,21,,,1,267,,315670,31,0,53 27 28 9,1,133,,315671,21,,,1,200,,315672,21,,,1,489,,315673,13,0,5 27 28 9,1
6800,'20261026',654,,315674,21,,,1,99,,315675,13,0,5 27 28 9,1,148,,315676,13,0,5 27 28 9,1,347,,315677,21,,,1,99,,315678,21,,,1,297,,315679,13,0,5 27 28 9,1,403,,315681,21,,,1,94,,315682,21,,,1,103,,315683,21,,,1,173,,315684,14,0,7 27 28 9,1
6800,'20261027',654,,315685,21,,,1,99,,315686,13,0,5 27 28 9,1,148,,315687,13,0,5 27 28 9,1,347,,315688,21,,,1,99,,315689,21,,,1,297,,315690,13,0,5 27 28 9,1,403,,315692,21,,,1,94,,315693,21,,,1,103,,315694,21,,,1,173,,315695,14,0,7 27 28 9,1
6800,'20261028',654,,315696,21,,,1,99,,315697,13,0,5 27 28 9,1,148,,315698,13,0,5 27 28 9,1,347,,315699,21,,,1,99,,315700,21,,,1,297,,315701,13,0,5 27 28 9,1,403,,315703,21,,,1,94,,315704,21,,,1,103,,315705,21,,,1,173,,315706,14,0,7 27 28 9,1
6800,'20261029',654,,315707,21,,,1,99,,315708,13,0,5 27 28 9,1,148,,315709,13,0,5 27 28 9,1,347,,315710,21,,,1,99,,315711,21,,,1,297,,315712,13,0,5 27 28 9,1,403,,315714,21,,,1,94,,315715,21,,,1,103,,315716,21,,,1,173,,315717,14,0,7 27 28 9,1
6800,'20261030',654,,315718,21,,,1,99,,315719,13,0,5 27 28 9,1,148,,315720,13,0,5 27 28 9,1,347,,315721,21,,,1,99,,315722,21,,,1,297,,315723,13,0,5 27 28 9,1,403,,315725,21,,,1,94,,315726,21,,,1,103,,315727,21,,,1,173,,315728,14,0,7 27 28 9,1
6800,'20261031',841,,315729,21,,,1,260,,315732,31,0,53 27 28 9,1,41,,315730,21,,,1,267,,315734,31,0,53 27 28 9,1,33,,315735,21,,,1,267,,315737,31,0,53 27 28 9,1,133,,315738,21,,,1,200,,315739,21,,,1,489,,315740,13,0,5 27 28 9,1
6800,'20261101',841,,315741,21,,,1,260,,315744,31,0,53 27 28 9,1,41,,315742,21,,,1,267,,315746,31,0,53 27 28 9,1,33,,315747,21,,,1,267,,315749,31,0,53 27 28 9,1,133,,315750,21,,,1,200,,315751,21,,,1,489,,315752,13,0,5 27 28 9,1
6800,'20261102',654,,315753,21,,,1,99,,315754,13,0,5 27 28 9,1,148,,315755,13,0,5 27 28 9,1,347,,315756,21,,,1,99,,315757,21,,,1,297,,315758,13,0,5 27 28 9,1,403,,315760,21,,,1,94,,315761,21,,,1,103,,315762,21,,,1,173,,315763,14,0,7 27 28 9,1
6800,'20261103',654,,315764,21,,,1,99,,315765,13,0,5 27 28 9,1,148,,315766,13,0,5 27 28 9,1,347,,315767,21,,,1,99,,315768,21,,,1,297,,315769,13,0,5 27 28 9,1,403,,315771,21,,,1,94,,315772,21,,,1,103,,315773,21,,,1,173,,315774,14,0,7 27 28 9,1
6800,'20261104',654,,315775,21,,,1,99,,315776,13,0,5 27 28 9,1,148,,315777,13,0,5 27 28 9,1,347,,315778,21,,,1,99,,315779,21,,,1,297,,315780,13,0,5 27 28 9,1,403,,315782,21,,,1,94,,315783,21,,,1,103,,315784,21,,,1,173,,315785,14,0,7 27 28 9,1
6800,'20261105',654,,315786,21,,,1,99,,315787,13,0,5 27 28 9,1,148,,315788,13,0,5 27 28 9,1,347,,315789,21,,,1,99,,315790,21,,,1,297,,315791,13,0,5 27 28 9,1,403,,315793,21,,,1,94,,315794,21,,,1,103,,315795,21,,,1,173,,315796,14,0,7 27 28 9,1
6800,'20261106',654,,315797,21,,,1,99,,315798,13,0,5 27 28 9,1,148,,315799,13,0,5 27 28 9,1,347,,315800,21,,,1,99,,315801,21,,,1,297,,315802,13,0,5 27 28 9,1,403,,315804,21,,,1,94,,315805,21,,,1,103,,315806,21,,,1,173,,315807,14,0,7 27 28 9,1
6800,'20261107',841,,315808,21,,,1,260,,315811,31,0,53 27 28 9,1,41,,315809,21,,,1,267,,315813,31,0,53 27 28 9,1,33,,315814,21,,,1,267,,315816,31,0,53 27 28 9,1,133,,315817,21,,,1,200,,315818,21,,,1,489,,315819,13,0,5 27 28 9,1
6800,'20261108',841,,315820,21,,,1,260,,315823,31,0,53 27 28 9,1,41,,315821,21,,,1,267,,315825,31,0,53 27 28 9,1,33,,315826,21,,,1,267,,315828,31,0,53 27 28 9,1,133,,315829,21,,,1,200,,315830,21,,,1,489,,315831,13,0,5 27 28 9,1
6800,'20261109',654,,315832,21,,,1,99,,315833,13,0,5 27 28 9,1,148,,315834,13,0,5 27 28 9,1,347,,315835,21,,,1,99,,315836,21,,,1,297,,315837,13,0,5 27 28 9,1,403,,315839,21,,,1,94,,315840,21,,,1,103,,315841,21,,,1,173,,315842,14,0,7 27 28 9,1
6800,'20261110',654,,315843,21,,,1,99,,315844,13,0,5 27 28 9,1,148,,315845,13,0,5 27 28 9,1,347,,315846,21,,,1,99,,315847,21,,,1,297,,315848,13,0,5 27 28 9,1,403,,315850,21,,,1,94,,315851,21,,,1,103,,315852,21,,,1,173,,315853,14,0,7 27 28 9,1
6800,'20261111',654,,315854,21,,,1,99,,315855,13,0,5 27 28 9,1,148,,315856,13,0,5 27 28 9,1,347,,315857,21,,,1,99,,315858,21,,,1,297,,315859,13,0,5 27 28 9,1,403,,315861,21,,,1,94,,315862,21,,,1,103,,315863,21,,,1,173,,315864,14,0,7 27 28 9,1
6800,'20261112',654,,315865,21,,,1,99,,315866,13,0,5 27 28 9,1,148,,315867,13,0,5 27 28 9,1,347,,315868,21,,,1,99,,315869,21,,,1,297,,315870,13,0,5 27 28 9,1,403,,315872,21,,,1,94,,315873,21,,,1,103,,315874,21,,,1,173,,315875,14,0,7 27 28 9,1
6800,'20261113',654,,315876,21,,,1,99,,315877,13,0,5 27 28 9,1,148,,315878,13,0,5 27 28 9,1,347,,315879,21,,,1,99,,315880,21,,,1,297,,315881,13,0,5 27 28 9,1,403,,315883,21,,,1,94,,315884,21,,,1,103,,315885,21,,,1,173,,315886,14,0,7 27 28 9,1
6800,'20261114',841,,315887,21,,,1,260,,315890,31,0,53 27 28 9,1,41,,315888,21,,,1,267,,315892,31,0,53 27 28 9,1,33,,315893,21,,,1,267,,315895,31,0,53 27 28 9,1,133,,315896,21,,,1,200,,315897,21,,,1,489,,315898,13,0,5 27 28 9,1
6800,'20261115',841,,315899,21,,,1,260,,315902,31,0,53 27 28 9,1,41,,315900,21,,,1,267,,315904,31,0,53 27 28 9,1,33,,315905,21,,,1,267,,315907,31,0,53 27 28 9,1,133,,315908,21,,,1,200,,315909,21,,,1,489,,315910,13,0,5 27 28 9,1
6800,'20261116',654,,315911,21,,,1,99,,315912,13,0,5 27 28 9,1,148,,315913,13,0,5 27 28 9,1,347,,315914,21,,,1,99,,315915,21,,,1,297,,315916,13,0,5 27 28 9,1,403,,315918,21,,,1,94,,315919,21,,,1,103,,315920,21,,,1,173,,315921,14,0,7 27 28 9,1
6800,'20261117',654,,315922,21,,,1,99,,315923,13,0,5 27 28 9,1,148,,315924,13,0,5 27 28 9,1,347,,315925,21,,,1,99,,315926,21,,,1,297,,315927,13,0,5 27 28 9,1,403,,315929,21,,,1,94,,315930,21,,,1,103,,315931,21,,,1,173,,315932,14,0,7 27 28 9,1
6800,'20261118',654,,315933,21,,,1,99,,315934,13,0,5 27 28 9,1,148,,315935,13,0,5 27 28 9,1,347,,315936,21,,,1,99,,315937,21,,,1,297,,315938,13,0,5 27 28 9,1,403,,315940,21,,,1,94,,315941,21,,,1,103,,315942,21,,,1,173,,315943,14,0,7 27 28 9,1
6800,'20261119',654,,315944,21,,,1,99,,315945,13,0,5 27 28 9,1,148,,315946,13,0,5 27 28 9,1,347,,315947,21,,,1,99,,315948,21,,,1,297,,315949,13,0,5 27 28 9,1,403,,315951,21,,,1,94,,315952,21,,,1,103,,315953,21,,,1,173,,315954,14,0,7 27 28 9,1
6800,'20261120',654,,315955,21,,,1,99,,315956,13,0,5 27 28 9,1,148,,315957,13,0,5 27 28 9,1,347,,315958,21,,,1,99,,315959,21,,,1,297,,315960,13,0,5 27 28 9,1,403,,315962,21,,,1,94,,315963,21,,,1,103,,315964,21,,,1,173,,315965,14,0,7 27 28 9,1
6800,'20261121',841,,315966,21,,,1,260,,315969,31,0,53 27 28 9,1,41,,315967,21,,,1,267,,315971,31,0,53 27 28 9,1,33,,315972,21,,,1,267,,315974,31,0,53 27 28 9,1,133,,315975,21,,,1,200,,315976,21,,,1,489,,315977,13,0,5 27 28 9,1
6800,'20261122',841,,315978,21,,,1,260,,315981,31,0,53 27 28 9,1,41,,315979,21,,,1,267,,315983,31,0,53 27 28 9,1,33,,315984,21,,,1,267,,315986,31,0,53 27 28 9,1,133,,315987,21,,,1,200,,315988,21,,,1,489,,315989,13,0,5 27 28 9,1
6800,'20261123',654,,315990,21,,,1,99,,315991,13,0,5 27 28 9,1,148,,315992,13,0,5 27 28 9,1,347,,315993,21,,,1,99,,315994,21,,,1,297,,315995,13,0,5 27 28 9,1,403,,315997,21,,,1,94,,315998,21,,,1,103,,315999,21,,,1,173,,316000,14,0,7 27 28 9,1
6800,'20261124',654,,316001,21,,,1,99,,316002,13,0,5 27 28 9,1,148,,316003,13,0,5 27 28 9,1,347,,316004,21,,,1,99,,316005,21,,,1,297,,316006,13,0,5 27 28 9,1,403,,316008,21,,,1,94,,316009,21,,,1,103,,316010,21,,,1,173,,316011,14,0,7 27 28 9,1
6800,'20261125',654,,316012,21,,,1,99,,316013,13,0,5 27 28 9,1,148,,316014,13,0,5 27 28 9,1,347,,316015,21,,,1,99,,316016,21,,,1,297,,316017,13,0,5 27 28 9,1,403,,316019,21,,,1,94,,316020,21,,,1,103,,316021,21,,,1,173,,316022,14,0,7 27 28 9,1
6800,'20261126',654,,316023,21,,,1,99,,316024,13,0,5 27 28 9,1,148,,316025,13,0,5 27 28 9,1,347,,316026,21,,,1,99,,316027,21,,,1,297,,316028,13,0,5 27 28 9,1,403,,316030,21,,,1,94,,316031,21,,,1,103,,316032,21,,,1,173,,316033,14,0,7 27 28 9,1
6800,'20261127',654,,316034,21,,,1,99,,316035,13,0,5 27 28 9,1,148,,316036,13,0,5 27 28 9,1,347,,316037,21,,,1,99,,316038,21,,,1,297,,316039,13,0,5 27 28 9,1,403,,316041,21,,,1,94,,316042,21,,,1,103,,316043,21,,,1,173,,316044,14,0,7 27 28 9,1
