3200,'20260910',614,,268487,9,,,1,15,,268488,9,,,1,19,,268489,9,,,1,55,,268490,9,,,1,15,,268491,9,,,1,10,,268492,9,,,1,5,,268493,11,0,5 6,1,5,,268494,9,,,1,10,,268495,9,,,1,10,,268496,9,,,1,50,,268497,11,0,5 6,1,14,,268498,9,,,1,15,,268499,9,,,1,10,,268500,9,,,1,60,,268501,9,,,1,25,,268502,9,,,1,76,,268503,9,,,1,100,,268504,9,,,1,100,,268505,9,,,1,100,,268506,9,,,1,100,,268507,9,,,1,100,,268508,9,,,1
3200,'20260911',614,,268509,9,,,1,15,,268510,9,,,1,19,,268511,9,,,1,55,,268512,9,,,1,15,,268513,9,,,1,10,,268514,9,,,1,5,,268515,11,0,5 6,1,5,,268516,9,,,1,10,,268517,9,,,1,10,,268518,9,,,1,50,,268519,11,0,5 6,1,14,,268520,9,,,1,15,,268521,9,,,1,10,,268522,9,,,1,60,,268523,9,,,1,25,,268524,9,,,1,76,,268525,9,,,1,100,,268526,9,,,1,100,,268527,9,,,1,100,,268528,9,,,1,100,,268529,9,,,1,100,,268530,9,,,1
3200,'20260914',614,,268531,9,,,1,15,,268532,9,,,1,19,,268533,9,,,1,55,,268534,9,,,1,15,,268535,9,,,1,10,,268536,9,,,1,5,,268537,11,0,5 6,1,5,,268538,9,,,1,10,,268539,9,,,1,10,,268540,9,,,1,50,,268541,11,0,5 6,1,14,,268542,9,,,1,15,,268543,9,,,1,10,,268544,9,,,1,60,,268545,9,,,1,25,,268546,9,,,1,76,,268547,9,,,1,100,,268548,9,,,1,100,,268549,9,,,1,100,,268550,9,,,1,100,,268551,9,,,1,100,,268552,9,,,1
3200,'20260915',614,,268553,9,,,1,15,,268554,9,,,1,19,,268555,9,,,1,55,,268556,9,,,1,15,,268557,9,,,1,10,,268558,9,,,1,5,,268559,11,0,5 6,1,5,,268560,9,,,1,10,,268561,9,,,1,10,,268562,9,,,1,50,,268563,11,0,5 6,1,14,,268564,9,,,1,15,,268565,9,,,1,10,,268566,9,,,1,60,,268567,9,,,1,25,,268568,9,,,1,76,,268569,9,,,1,100,,268570,9,,,1,100,,268571,9,,,1,100,,268572,9,,,1,100,,268573,9,,,1,100,,268574,9,,,1
3200,'20260916',614,,268575,9,,,1,15,,268576,9,,,1,19,,268577,9,,,1,55,,268578,9,,,1,15,,268579,9,,,1,10,,268580,9,,,1,5,,268581,11,0,5 6,1,5,,268582,9,,,1,10,,268583,9,,,1,10,,268584,9,,,1,50,,268585,11,0,5 6,1,14,,268586,9,,,1,15,,268587,9,,,1,10,,268588,9,,,1,60,,268589,9,,,1,25,,268590,9,,,1,76,,268591,9,,,1,100,,268592,9,,,1,100,,268593,9,,,1,100,,268594,9,,,1,100,,268595,9,,,1,100,,268596,9,,,1
3200,'20260917',614,,268597,9,,,1,15,,268598,9,,,1,19,,268599,9,,,1,55,,268600,9,,,1,15,,268601,9,,,1,10,,268602,9,,,1,5,,268603,11,0,5 6,1,5,,268604,9,,,1,10,,268605,9,,,1,10,,268606,9,,,1,50,,268607,11,0,5 6,1,14,,268608,9,,,1,15,,268609,9,,,1,10,,268610,9,,,1,60,,268611,9,,,1,25,,268612,9,,,1,76,,268613,9,,,1,100,,268614,9,,,1,100,,268615,9,,,1,100,,268616,9,,,1,100,,268617,9,,,1,100,,268618,9,,,1
3200,'20260918',614,,268619,9,,,1,15,,268620,9,,,1,19,,268621,9,,,1,55,,268622,9,,,1,15,,268623,9,,,1,10,,268624,9,,,1,5,,268625,11,0,5 6,1,5,,268626,9,,,1,10,,268627,9,,,1,10,,268628,9,,,1,50,,268629,11,0,5 6,1,14,,268630,9,,,1,15,,268631,9,,,1,10,,268632,9,,,1,60,,268633,9,,,1,25,,268634,9,,,1,76,,268635,9,,,1,100,,268636,9,,,1,100,,268637,9,,,1,100,,268638,9,,,1,100,,268639,9,,,1,100,,268640,9,,,1
3200,'20260921',614,,268641,9,,,1,15,,268642,9,,,1,19,,268643,9,,,1,55,,268644,9,,,1,15,,268645,9,,,1,10,,268646,9,,,1,5,,268647,11,0,5 6,1,5,,268648,9,,,1,10,,268649,9,,,1,10,,268650,9,,,1,50,,268651,11,0,5 6,1,14,,268652,9,,,1,15,,268653,9,,,1,10,,268654,9,,,1,60,,268655,9,,,1,25,,268656,9,,,1,76,,268657,9,,,1,100,,268658,9,,,1,100,,268659,9,,,1,100,,268660,9,,,1,100,,268661,9,,,1,100,,268662,9,,,1
3200,'20260922',614,,268663,9,,,1,15,,268664,9,,,1,19,,268665,9,,,1,55,,268666,9,,,1,15,,268667,9,,,1,10,,268668,9,,,1,5,,268669,11,0,5 6,1,5,,268670,9,,,1,10,,268671,9,,,1,10,,268672,9,,,1,50,,268673,11,0,5 6,1,14,,268674,9,,,1,15,,268675,9,,,1,10,,268676,9,,,1,60,,268677,9,,,1,25,,268678,9,,,1,76,,268679,9,,,1,100,,268680,9,,,1,100,,268681,9,,,1,100,,268682,9,,,1,100,,268683,9,,,1,100,,268684,9,,,1
3200,'20260923',614,,268685,9,,,1,15,,268686,9,,,1,19,,268687,9,,,1,55,,268688,9,,,1,15,,268689,9,,,1,10,,268690,9,,,1,5,,268691,11,0,5 6,1,5,,268692,9,,,1,10,,268693,9,,,1,10,,268694,9,,,1,50,,268695,11,0,5 6,1,14,,268696,9,,,1,15,,268697,9,,,1,10,,268698,9,,,1,60,,268699,9,,,1,25,,268700,9,,,1,76,,268701,9,,,1,100,,268702,9,,,1,100,,268703,9,,,1,100,,268704,9,,,1,100,,268705,9,,,1,100,,268706,9,,,1
3200,'20260924',614,,268707,9,,,1,15,,268708,9,,,1,19,,268709,9,,,1,55,,268710,9,,,1,15,,268711,9,,,1,10,,268712,9,,,1,5,,268713,11,0,5 6,1,5,,268714,9,,,1,10,,268715,9,,,1,10,,268716,9,,,1,50,,268717,11,0,5 6,1,14,,268718,9,,,1,15,,268719,9,,,1,10,,268720,9,,,1,60,,268721,9,,,1,25,,268722,9,,,1,76,,268723,9,,,1,100,,268724,9,,,1,100,,268725,9,,,1,100,,268726,9,,,1,100,,268727,9,,,1,100,,268728,9,,,1
3200,'20260925',614,,268729,9,,,1,15,,268730,9,,,1,19,,268731,9,,,1,55,,268732,9,,,1,15,,268733,9,,,1,10,,268734,9,,,1,5,,268735,11,0,5 6,1,5,,268736,9,,,1,10,,268737,9,,,1,10,,268738,9,,,1,50,,268739,11,0,5 6,1,14,,268740,9,,,1,15,,268741,9,,,1,10,,268742,9,,,1,60,,268743,9,,,1,25,,268744,9,,,1,76,,268745,9,,,1,100,,268746,9,,,1,100,,268747,9,,,1,100,,268748,9,,,1,100,,268749,9,,,1,100,,268750,9,,,1
3200,'20260928',614,,268751,9,,,1,15,,268752,9,,,1,19,,268753,9,,,1,55,,268754,9,,,1,15,,268755,9,,,1,10,,268756,9,,,1,5,,268757,11,0,5 6,1,5,,268758,9,,,1,10,,268759,9,,,1,10,,268760,9,,,1,50,,268761,11,0,5 6,1,14,,268762,9,,,1,15,,268763,9,,,1,10,,268764,9,,,1,60,,268765,9,,,1,25,,268766,9,,,1,76,,268767,9,,,1,100,,268768,9,,,1,100,,268769,9,,,1,100,,268770,9,,,1,100,,268771,9,,,1,100,,268772,9,,,1
3200,'20260929',614,,268773,9,,,1,15,,268774,9,,,1,19,,268775,9,,,1,55,,268776,9,,,1,15,,268777,9,,,1,10,,268778,9,,,1,5,,268779,11,0,5 6,1,5,,268780,9,,,1,10,,268781,9,,,1,10,,268782,9,,,1,50,,268783,11,0,5 6,1,14,,268784,9,,,1,15,,268785,9,,,1,10,,268786,9,,,1,60,,268787,9,,,1,25,,268788,9,,,1,76,,268789,9,,,1,100,,268790,9,,,1,100,,268791,9,,,1,100,,268792,9,,,1,100,,268793,9,,,1,100,,268794,9,,,1
3200,'20260930',614,,268795,9,,,1,15,,268796,9,,,1,19,,268797,9,,,1,55,,268798,9,,,1,15,,268799,9,,,1,10,,268800,9,,,1,5,,268801,11,0,5 6,1,5,,268802,9,,,1,10,,268803,9,,,1,10,,268804,9,,,1,50,,268805,11,0,5 6,1,14,,268806,9,,,1,15,,268807,9,,,1,10,,268808,9,,,1,60,,268809,9,,,1,25,,268810,9,,,1,76,,268811,9,,,1,100,,268812,9,,,1,100,,268813,9,,,1,100,,268814,9,,,1,100,,268815,9,,,1,100,,268816,9,,,1
3200,'20261001',614,,268817,9,,,1,15,,268818,9,,,1,19,,268819,9,,,1,55,,268820,9,,,1,15,,268821,9,,,1,10,,268822,9,,,1,5,,268823,11,0,5 6,1,5,,268824,9,,,1,10,,268825,9,,,1,10,,268826,9,,,1,50,,268827,11,0,5 6,1,14,,268828,9,,,1,15,,268829,9,,,1,10,,268830,9,,,1,60,,268831,9,,,1,25,,268832,9,,,1,76,,268833,9,,,1,100,,268834,9,,,1,100,,268835,9,,,1,100,,268836,9,,,1,100,,268837,9,,,1,100,,268838,9,,,1
3200,'20261002',614,,268839,9,,,1,15,,268840,9,,,1,19,,268841,9,,,1,55,,268842,9,,,1,15,,268843,9,,,1,10,,268844,9,,,1,5,,268845,11,0,5 6,1,5,,268846,9,,,1,10,,268847,9,,,1,10,,268848,9,,,1,50,,268849,11,0,5 6,1,14,,268850,9,,,1,15,,268851,9,,,1,10,,268852,9,,,1,60,,268853,9,,,1,25,,268854,9,,,1,76,,268855,9,,,1,100,,268856,9,,,1,100,,268857,9,,,1,100,,268858,9,,,1,100,,268859,9,,,1,100,,268860,9,,,1
3200,'20261005',614,,268861,9,,,1,15,,268862,9,,,1,19,,268863,9,,,1,55,,268864,9,,,1,15,,268865,9,,,1,10,,268866,9,,,1,5,,268867,11,0,5 6,1,5,,268868,9,,,1,10,,268869,9,,,1,10,,268870,9,,,1,50,,268871,11,0,5 6,1,14,,268872,9,,,1,15,,268873,9,,,1,10,,268874,9,,,1,60,,268875,9,,,1,25,,268876,9,,,1,76,,268877,9,,,1,100,,268878,9,,,1,100,,268879,9,,,1,100,,268880,9,,,1,100,,268881,9,,,1,100,,268882,9,,,1
3200,'20261006',614,,268883,9,,,1,15,,268884,9,,,1,19,,268885,9,,,1,55,,268886,9,,,1,15,,268887,9,,,1,10,,268888,9,,,1,5,,268889,11,0,5 6,1,5,,268890,9,,,1,10,,268891,9,,,1,10,,268892,9,,,1,50,,268893,11,0,5 6,1,14,,268894,9,,,1,15,,268895,9,,,1,10,,268896,9,,,1,60,,268897,9,,,1,25,,268898,9,,,1,76,,268899,9,,,1,100,,268900,9,,,1,100,,268901,9,,,1,100,,268902,9,,,1,100,,268903,9,,,1,100,,268904,9,,,1
3200,'20261007',614,,268905,9,,,1,15,,268906,9,,,1,19,,268907,9,,,1,55,,268908,9,,,1,15,,268909,9,,,1,10,,268910,9,,,1,5,,268911,11,0,5 6,1,5,,268912,9,,,1,10,,268913,9,,,1,10,,268914,9,,,1,50,,268915,11,0,5 6,1,14,,268916,9,,,1,15,,268917,9,,,1,10,,268918,9,,,1,60,,268919,9,,,1,25,,268920,9,,,1,76,,268921,9,,,1,100,,268922,9,,,1,100,,268923,9,,,1,100,,268924,9,,,1,100,,268925,9,,,1,100,,268926,9,,,1
3200,'20261008',614,,268927,9,,,1,15,,268928,9,,,1,19,,268929,9,,,1,55,,268930,9,,,1,15,,268931,9,,,1,10,,268932,9,,,1,5,,268933,11,0,5 6,1,5,,268934,9,,,1,10,,268935,9,,,1,10,,268936,9,,,1,50,,268937,11,0,5 6,1,14,,268938,9,,,1,15,,268939,9,,,1,10,,268940,9,,,1,60,,268941,9,,,1,25,,268942,9,,,1,76,,268943,9,,,1,100,,268944,9,,,1,100,,268945,9,,,1,100,,268946,9,,,1,100,,268947,9,,,1,100,,268948,9,,,1
3200,'20261009',614,,268949,9,,,1,15,,268950,9,,,1,19,,268951,9,,,1,55,,268952,9,,,1,15,,268953,9,,,1,10,,268954,9,,,1,5,,268955,11,0,5 6,1,5,,268956,9,,,1,10,,268957,9,,,1,10,,268958,9,,,1,50,,268959,11,0,5 6,1,14,,268960,9,,,1,15,,268961,9,,,1,10,,268962,9,,,1,60,,268963,9,,,1,25,,268964,9,,,1,76,,268965,9,,,1,100,,268966,9,,,1,100,,268967,9,,,1,100,,268968,9,,,1,100,,268969,9,,,1,100,,268970,9,,,1
3200,'20261013',614,,268971,9,,,1,15,,268972,9,,,1,19,,268973,9,,,1,55,,268974,9,,,1,15,,268975,9,,,1,10,,268976,9,,,1,5,,268977,11,0,5 6,1,5,,268978,9,,,1,10,,268979,9,,,1,10,,268980,9,,,1,50,,268981,11,0,5 6,1,14,,268982,9,,,1,15,,268983,9,,,1,10,,268984,9,,,1,60,,268985,9,,,1,25,,268986,9,,,1,76,,268987,9,,,1,100,,268988,9,,,1,100,,268989,9,,,1,100,,268990,9,,,1,100,,268991,9,,,1,100,,268992,9,,,1
3200,'20261014',614,,268993,9,,,1,15,,268994,9,,,1,19,,268995,9,,,1,55,,268996,9,,,1,15,,268997,9,,,1,10,,268998,9,,,1,5,,268999,11,0,5 6,1,5,,269000,9,,,1,10,,269001,9,,,1,10,,269002,9,,,1,50,,269003,11,0,5 6,1,14,,269004,9,,,1,15,,269005,9,,,1,10,,269006,9,,,1,60,,269007,9,,,1,25,,269008,9,,,1,76,,269009,9,,,1,100,,269010,9,,,1,100,,269011,9,,,1,100,,269012,9,,,1,100,,269013,9,,,1,100,,269014,9,,,1
3200,'20261015',614,,269015,9,,,1,15,,269016,9,,,1,19,,269017,9,,,1,55,,269018,9,,,1,15,,269019,9,,,1,10,,269020,9,,,1,5,,269021,11,0,5 6,1,5,,269022,9,,,1,10,,269023,9,,,1,10,,269024,9,,,1,50,,269025,11,0,5 6,1,14,,269026,9,,,1,15,,269027,9,,,1,10,,269028,9,,,1,60,,269029,9,,,1,25,,269030,9,,,1,76,,269031,9,,,1,100,,269032,9,,,1,100,,269033,9,,,1,100,,269034,9,,,1,100,,269035,9,,,1,100,,269036,9,,,1
3200,'20261016',614,,269037,9,,,1,15,,269038,9,,,1,19,,269039,9,,,1,55,,269040,9,,,1,15,,269041,9,,,1,10,,269042,9,,,1,5,,269043,11,0,5 6,1,5,,269044,9,,,1,10,,269045,9,,,1,10,,269046,9,,,1,50,,269047,11,0,5 6,1,14,,269048,9,,,1,15,,269049,9,,,1,10,,269050,9,,,1,60,,269051,9,,,1,25,,269052,9,,,1,76,,269053,9,,,1,100,,269054,9,,,1,100,,269055,9,,,1,100,,269056,9,,,1,100,,269057,9,,,1,100,,269058,9,,,1
3200,'20261019',614,,269059,9,,,1,15,,269060,9,,,1,19,,269061,9,,,1,55,,269062,9,,,1,15,,269063,9,,,1,10,,269064,9,,,1,5,,269065,11,0,5 6,1,5,,269066,9,,,1,10,,269067,9,,,1,10,,269068,9,,,1,50,,269069,11,0,5 6,1,14,,269070,9,,,1,15,,269071,9,,,1,10,,269072,9,,,1,60,,269073,9,,,1,25,,269074,9,,,1,76,,269075,9,,,1,100,,269076,9,,,1,100,,269077,9,,,1,100,,269078,9,,,1,100,,269079,9,,,1,100,,269080,9,,,1
3200,'20261020',614,,269081,9,,,1,15,,269082,9,,,1,19,,269083,9,,,1,55,,269084,9,,,1,15,,269085,9,,,1,10,,269086,9,,,1,5,,269087,11,0,5 6,1,5,,269088,9,,,1,10,,269089,9,,,1,10,,269090,9,,,1,50,,269091,11,0,5 6,1,14,,269092,9,,,1,15,,269093,9,,,1,10,,269094,9,,,1,60,,269095,9,,,1,25,,269096,9,,,1,76,,269097,9,,,1,100,,269098,9,,,1,100,,269099,9,,,1,100,,269100,9,,,1,100,,269101,9,,,1,100,,269102,9,,,1
3200,'20261021',614,,269103,9,,,1,15,,269104,9,,,1,19,,269105,9,,,1,55,,269106,9,,,1,15,,269107,9,,,1,10,,269108,9,,,1,5,,269109,11,0,5 6,1,5,,269110,9,,,1,10,,269111,9,,,1,10,,269112,9,,,1,50,,269113,11,0,5 6,1,14,,269114,9,,,1,15,,269115,9,,,1,10,,269116,9,,,1,60,,269117,9,,,1,25,,269118,9,,,1,76,,269119,9,,,1,100,,269120,9,,,1,100,,269121,9,,,1,100,,269122,9,,,1,100,,269123,9,,,1,100,,269124,9,,,1
3200,'20261022',614,,269125,9,,,1,15,,269126,9,,,1,19,,269127,9,,,1,55,,269128,9,,,1,15,,269129,9,,,1,10,,269130,9,,,1,5,,269131,11,0,5 6,1,5,,269132,9,,,1,10,,269133,9,,,1,10,,269134,9,,,1,50,,269135,11,0,5 6,1,14,,269136,9,,,1,15,,269137,9,,,1,10,,269138,9,,,1,60,,269139,9,,,1,25,,269140,9,,,1,76,,269141,9,,,1,100,,269142,9,,,1,100,,269143,9,,,1,100,,269144,9,,,1,100,,269145,9,,,1,100,,269146,9,,,1
3200,'20261023',614,,269147,9,,,1,15,,269148,9,,,1,19,,269149,9,,,1,55,,269150,9,,,1,15,,269151,9,,,1,10,,269152,9,,,1,5,,269153,11,0,5 6,1,5,,269154,9,,,1,10,,269155,9,,,1,10,,269156,9,,,1,50,,269157,11,0,5 6,1,14,,269158,9,,,1,15,,269159,9,,,1,10,,269160,9,,,1,60,,269161,9,,,1,25,,269162,9,,,1,76,,269163,9,,,1,100,,269164,9,,,1,100,,269165,9,,,1,100,,269166,9,,,1,100,,269167,9,,,1,100,,269168,9,,,1
3200,'20261026',614,,269169,9,,,1,15,,269170,9,,,1,19,,269171,9,,,1,55,,269172,9,,,1,15,,269173,9,,,1,10,,269174,9,,,1,5,,269175,11,0,5 6,1,5,,269176,9,,,1,10,,269177,9,,,1,10,,269178,9,,,1,50,,269179,11,0,5 6,1,14,,269180,9,,,1,15,,269181,9,,,1,10,,269182,9,,,1,60,,269183,9,,,1,25,,269184,9,,,1,76,,269185,9,,,1,100,,269186,9,,,1,100,,269187,9,,,1,100,,269188,9,,,1,100,,269189,9,,,1,100,,269190,9,,,1
3200,'20261027',614,,269191,9,,,1,15,,269192,9,,,1,19,,269193,9,,,1,55,,269194,9,,,1,15,,269195,9,,,1,10,,269196,9,,,1,5,,269197,11,0,5 6,1,5,,269198,9,,,1,10,,269199,9,,,1,10,,269200,9,,,1,50,,269201,11,0,5 6,1,14,,269202,9,,,1,15,,269203,9,,,1,10,,269204,9,,,1,60,,269205,9,,,1,25,,269206,9,,,1,76,,269207,9,,,1,100,,269208,9,,,1,100,,269209,9,,,1,100,,269210,9,,,1,100,,269211,9,,,1,100,,269212,9,,,1
3200,'20261028',614,,269213,9,,,1,15,,269214,9,,,1,19,,269215,9,,,1,55,,269216,9,,,1,15,,269217,9,,,1,10,,269218,9,,,1,5,,269219,11,0,5 6,1,5,,269220,9,,,1,10,,269221,9,,,1,10,,269222,9,,,1,50,,269223,11,0,5 6,1,14,,269224,9,,,1,15,,269225,9,,,1,10,,269226,9,,,1,60,,269227,9,,,1,25,,269228,9,,,1,76,,269229,9,,,1,100,,269230,9,,,1,100,,269231,9,,,1,100,,269232,9,,,1,100,,269233,9,,,1,100,,269234,9,,,1
3200,'20261029',614,,269235,9,,,1,15,,269236,9,,,1,19,,269237,9,,,1,55,,269238,9,,,1,15,,269239,9,,,1,10,,269240,9,,,1,5,,269241,11,0,5 6,1,5,,269242,9,,,1,10,,269243,9,,,1,10,,269244,9,,,1,50,,269245,11,0,5 6,1,14,,269246,9,,,1,15,,269247,9,,,1,10,,269248,9,,,1,60,,269249,9,,,1,25,,269250,9,,,1,76,,269251,9,,,1,100,,269252,9,,,1,100,,269253,9,,,1,100,,269254,9,,,1,100,,269255,9,,,1,100,,269256,9,,,1
3200,'20261030',614,,269257,9,,,1,15,,269258,9,,,1,19,,269259,9,,,1,55,,269260,9,,,1,15,,269261,9,,,1,10,,269262,9,,,1,5,,269263,11,0,5 6,1,5,,269264,9,,,1,10,,269265,9,,,1,10,,269266,9,,,1,50,,269267,11,0,5 6,1,14,,269268,9,,,1,15,,269269,9,,,1,10,,269270,9,,,1,60,,269271,9,,,1,25,,269272,9,,,1,76,,269273,9,,,1,100,,269274,9,,,1,100,,269275,9,,,1,100,,269276,9,,,1,100,,269277,9,,,1,100,,269278,9,,,1
3200,'20261102',614,,269279,9,,,1,15,,269280,9,,,1,19,,269281,9,,,1,55,,269282,9,,,1,15,,269283,9,,,1,10,,269284,9,,,1,5,,269285,11,0,5 6,1,5,,269286,9,,,1,10,,269287,9,,,1,10,,269288,9,,,1,50,,269289,11,0,5 6,1,14,,269290,9,,,1,15,,269291,9,,,1,10,,269292,9,,,1,60,,269293,9,,,1,25,,269294,9,,,1,76,,269295,9,,,1,100,,269296,9,,,1,100,,269297,9,,,1,100,,269298,9,,,1,100,,269299,9,,,1,100,,269300,9,,,1
3200,'20261103',614,,269301,9,,,1,15,,269302,9,,,1,19,,269303,9,,,1,55,,269304,9,,,1,15,,269305,9,,,1,10,,269306,9,,,1,5,,269307,11,0,5 6,1,5,,269308,9,,,1,10,,269309,9,,,1,10,,269310,9,,,1,50,,269311,11,0,5 6,1,14,,269312,9,,,1,15,,269313,9,,,1,10,,269314,9,,,1,60,,269315,9,,,1,25,,269316,9,,,1,76,,269317,9,,,1,100,,269318,9,,,1,100,,269319,9,,,1,100,,269320,9,,,1,100,,269321,9,,,1,100,,269322,9,,,1
3200,'20261104',614,,269323,9,,,1,15,,269324,9,,,1,19,,269325,9,,,1,55,,269326,9,,,1,15,,269327,9,,,1,10,,269328,9,,,1,5,,269329,11,0,5 6,1,5,,269330,9,,,1,10,,269331,9,,,1,10,,269332,9,,,1,50,,269333,11,0,5 6,1,14,,269334,9,,,1,15,,269335,9,,,1,10,,269336,9,,,1,60,,269337,9,,,1,25,,269338,9,,,1,76,,269339,9,,,1,100,,269340,9,,,1,100,,269341,9,,,1,100,,269342,9,,,1,100,,269343,9,,,1,100,,269344,9,,,1
3200,'20261105',614,,269345,9,,,1,15,,269346,9,,,1,19,,269347,9,,,1,55,,269348,9,,,1,15,,269349,9,,,1,10,,269350,9,,,1,5,,269351,11,0,5 6,1,5,,269352,9,,,1,10,,269353,9,,,1,10,,269354,9,,,1,50,,269355,11,0,5 6,1,14,,269356,9,,,1,15,,269357,9,,,1,10,,269358,9,,,1,60,,269359,9,,,1,25,,269360,9,,,1,76,,269361,9,,,1,100,,269362,9,,,1,100,,269363,9,,,1,100,,269364,9,,,1,100,,269365,9,,,1,100,,269366,9,,,1
3200,'20261106',614,,269367,9,,,1,15,,269368,9,,,1,19,,269369,9,,,1,55,,269370,9,,,1,15,,269371,9,,,1,10,,269372,9,,,1,5,,269373,11,0,5 6,1,5,,269374,9,,,1,10,,269375,9,,,1,10,,269376,9,,,1,50,,269377,11,0,5 6,1,14,,269378,9,,,1,15,,269379,9,,,1,10,,269380,9,,,1,60,,269381,9,,,1,25,,269382,9,,,1,76,,269383,9,,,1,100,,269384,9,,,1,100,,269385,9,,,1,100,,269386,9,,,1,100,,269387,9,,,1,100,,269388,9,,,1
3200,'20261109',614,,269389,9,,,1,15,,269390,9,,,1,19,,269391,9,,,1,55,,269392,9,,,1,15,,269393,9,,,1,10,,269394,9,,,1,5,,269395,11,0,5 6,1,5,,269396,9,,,1,10,,269397,9,,,1,10,,269398,9,,,1,50,,269399,11,0,5 6,1,14,,269400,9,,,1,15,,269401,9,,,1,10,,269402,9,,,1,60,,269403,9,,,1,25,,269404,9,,,1,76,,269405,9,,,1,100,,269406,9,,,1,100,,269407,9,,,1,100,,269408,9,,,1,100,,269409,9,,,1,100,,269410,9,,,1
3200,'20261110',614,,269411,9,,,1,15,,269412,9,,,1,19,,269413,9,,,1,55,,269414,9,,,1,15,,269415,9,,,1,10,,269416,9,,,1,5,,269417,11,0,5 6,1,5,,269418,9,,,1,10,,269419,9,,,1,10,,269420,9,,,1,50,,269421,11,0,5 6,1,14,,269422,9,,,1,15,,269423,9,,,1,10,,269424,9,,,1,60,,269425,9,,,1,25,,269426,9,,,1,76,,269427,9,,,1,100,,269428,9,,,1,100,,269429,9,,,1,100,,269430,9,,,1,100,,269431,9,,,1,100,,269432,9,,,1
3200,'20261111',614,,269433,9,,,1,15,,269434,9,,,1,19,,269435,9,,,1,55,,269436,9,,,1,15,,269437,9,,,1,10,,269438,9,,,1,5,,269439,11,0,5 6,1,5,,269440,9,,,1,10,,269441,9,,,1,10,,269442,9,,,1,50,,269443,11,0,5 6,1,14,,269444,9,,,1,15,,269445,9,,,1,10,,269446,9,,,1,60,,269447,9,,,1,25,,269448,9,,,1,76,,269449,9,,,1,100,,269450,9,,,1,100,,269451,9,,,1,100,,269452,9,,,1,100,,269453,9,,,1,100,,269454,9,,,1
3200,'20261112',614,,269455,9,,,1,15,,269456,9,,,1,19,,269457,9,,,1,55,,269458,9,,,1,15,,269459,9,,,1,10,,269460,9,,,1,5,,269461,11,0,5 6,1,5,,269462,9,,,1,10,,269463,9,,,1,10,,269464,9,,,1,50,,269465,11,0,5 6,1,14,,269466,9,,,1,15,,269467,9,,,1,10,,269468,9,,,1,60,,269469,9,,,1,25,,269470,9,,,1,76,,269471,9,,,1,100,,269472,9,,,1,100,,269473,9,,,1,100,,269474,9,,,1,100,,269475,9,,,1,100,,269476,9,,,1
3200,'20261113',614,,269477,9,,,1,15,,269478,9,,,1,19,,269479,9,,,1,55,,269480,9,,,1,15,,269481,9,,,1,10,,269482,9,,,1,5,,269483,11,0,5 6,1,5,,269484,9,,,1,10,,269485,9,,,1,10,,269486,9,,,1,50,,269487,11,0,5 6,1,14,,269488,9,,,1,15,,269489,9,,,1,10,,269490,9,,,1,60,,269491,9,,,1,25,,269492,9,,,1,76,,269493,9,,,1,100,,269494,9,,,1,100,,269495,9,,,1,100,,269496,9,,,1,100,,269497,9,,,1,100,,269498,9,,,1
3200,'20261116',614,,269499,9,,,1,15,,269500,9,,,1,19,,269501,9,,,1,55,,269502,9,,,1,15,,269503,9,,,1,10,,269504,9,,,1,5,,269505,11,0,5 6,1,5,,269506,9,,,1,10,,269507,9,,,1,10,,269508,9,,,1,50,,269509,11,0,5 6,1,14,,269510,9,,,1,15,,269511,9,,,1,10,,269512,9,,,1,60,,269513,9,,,1,25,,269514,9,,,1,76,,269515,9,,,1,100,,269516,9,,,1,100,,269517,9,,,1,100,,269518,9,,,1,100,,269519,9,,,1,100,,269520,9,,,1
3200,'20261117',614,,269521,9,,,1,15,,269522,9,,,1,19,,269523,9,,,1,55,,269524,9,,,1,15,,269525,9,,,1,10,,269526,9,,,1,5,,269527,11,0,5 6,1,5,,269528,9,,,1,10,,269529,9,,,1,10,,269530,9,,,1,50,,269531,11,0,5 6,1,14,,269532,9,,,1,15,,269533,9,,,1,10,,269534,9,,,1,60,,269535,9,,,1,25,,269536,9,,,1,76,,269537,9,,,1,100,,269538,9,,,1,100,,269539,9,,,1,100,,269540,9,,,1,100,,269541,9,,,1,100,,269542,9,,,1
3200,'20261118',614,,269543,9,,,1,15,,269544,9,,,1,19,,269545,9,,,1,55,,269546,9,,,1,15,,269547,9,,,1,10,,269548,9,,,1,5,,269549,11,0,5 6,1,5,,269550,9,,,1,10,,269551,9,,,1,10,,269552,9,,,1,50,,269553,11,0,5 6,1,14,,269554,9,,,1,15,,269555,9,,,1,10,,269556,9,,,1,60,,269557,9,,,1,25,,269558,9,,,1,76,,269559,9,,,1,100,,269560,9,,,1,100,,269561,9,,,1,100,,269562,9,,,1,100,,269563,9,,,1,100,,269564,9,,,1
3200,'20261119',614,,269565,9,,,1,15,,269566,9,,,1,19,,269567,9,,,1,55,,269568,9,,,1,15,,269569,9,,,1,10,,269570,9,,,1,5,,269571,11,0,5 6,1,5,,269572,9,,,1,10,,269573,9,,,1,10,,269574,9,,,1,50,,269575,11,0,5 6,1,14,,269576,9,,,1,15,,269577,9,,,1,10,,269578,9,,,1,60,,269579,9,,,1,25,,269580,9,,,1,76,,269581,9,,,1,100,,269582,9,,,1,100,,269583,9,,,1,100,,269584,9,,,1,100,,269585,9,,,1,100,,269586,9,,,1
3200,'20261120',614,,269587,9,,,1,15,,269588,9,,,1,19,,269589,9,,,1,55,,269590,9,,,1,15,,269591,9,,,1,10,,269592,9,,,1,5,,269593,11,0,5 6,1,5,,269594,9,,,1,10,,269595,9,,,1,10,,269596,9,,,1,50,,269597,11,0,5 6,1,14,,269598,9,,,1,15,,269599,9,,,1,10,,269600,9,,,1,60,,269601,9,,,1,25,,269602,9,,,1,76,,269603,9,,,1,100,,269604,9,,,1,100,,269605,9,,,1,100,,269606,9,,,1,100,,269607,9,,,1,100,,269608,9,,,1
3200,'20261123',614,,269609,9,,,1,15,,269610,9,,,1,19,,269611,9,,,1,55,,269612,9,,,1,15,,269613,9,,,1,10,,269614,9,,,1,5,,269615,11,0,5 6,1,5,,269616,9,,,1,10,,269617,9,,,1,10,,269618,9,,,1,50,,269619,11,0,5 6,1,14,,269620,9,,,1,15,,269621,9,,,1,10,,269622,9,,,1,60,,269623,9,,,1,25,,269624,9,,,1,76,,269625,9,,,1,100,,269626,9,,,1,100,,269627,9,,,1,100,,269628,9,,,1,100,,269629,9,,,1,100,,269630,9,,,1
3200,'20261124',614,,269631,9,,,1,15,,269632,9,,,1,19,,269633,9,,,1,55,,269634,9,,,1,15,,269635,9,,,1,10,,269636,9,,,1,5,,269637,11,0,5 6,1,5,,269638,9,,,1,10,,269639,9,,,1,10,,269640,9,,,1,50,,269641,11,0,5 6,1,14,,269642,9,,,1,15,,269643,9,,,1,10,,269644,9,,,1,60,,269645,9,,,1,25,,269646,9,,,1,76,,269647,9,,,1,100,,269648,9,,,1,100,,269649,9,,,1,100,,269650,9,,,1,100,,269651,9,,,1,100,,269652,9,,,1
3200,'20261125',614,,269653,9,,,1,15,,269654,9,,,1,19,,269655,9,,,1,55,,269656,9,,,1,15,,269657,9,,,1,10,,269658,9,,,1,5,,269659,11,0,5 6,1,5,,269660,9,,,1,10,,269661,9,,,1,10,,269662,9,,,1,50,,269663,11,0,5 6,1,14,,269664,9,,,1,15,,269665,9,,,1,10,,269666,9,,,1,60,,269667,9,,,1,25,,269668,9,,,1,76,,269669,9,,,1,100,,269670,9,,,1,100,,269671,9,,,1,100,,269672,9,,,1,100,,269673,9,,,1,100,,269674,9,,,1
3200,'20261126',614,,269675,9,,,1,15,,269676,9,,,1,19,,269677,9,,,1,55,,269678,9,,,1,15,,269679,9,,,1,10,,269680,9,,,1,5,,269681,11,0,5 6,1,5,,269682,9,,,1,10,,269683,9,,,1,10,,269684,9,,,1,50,,269685,11,0,5 6,1,14,,269686,9,,,1,15,,269687,9,,,1,10,,269688,9,,,1,60,,269689,9,,,1,25,,269690,9,,,1,76,,269691,9,,,1,100,,269692,9,,,1,100,,269693,9,,,1,100,,269694,9,,,1,100,,269695,9,,,1,100,,269696,9,,,1
3200,'20261127',614,,269697,9,,,1,15,,269698,9,,,1,19,,269699,9,,,1,55,,269700,9,,,1,15,,269701,9,,,1,10,,269702,9,,,1,5,,269703,11,0,5 6,1,5,,269704,9,,,1,10,,269705,9,,,1,10,,269706,9,,,1,50,,269707,11,0,5 6,1,14,,269708,9,,,1,15,,269709,9,,,1,10,,269710,9,,,1,60,,269711,9,,,1,25,,269712,9,,,1,76,,269713,9,,,1,100,,269714,9,,,1,100,,269715,9,,,1,100,,269716,9,,,1,100,,269717,9,,,1,100,,269718,9,,,1
