6800,'20260921',726,,315278,36,,,1,99,,315279,28,0,5 27 28 9,1,110,,315280,28,0,5 27 28 9,1,386,,315281,36,,,1,99,,315282,36,,,1,301,,315283,28,0,5 27 28 9,1,399,,315285,36,,,1,93,,315286,36,,,1,100,,315287,36,,,1,133,,315288,29,0,7 27 28 9,1
6800,'20260922',726,,315289,36,,,1,99,,315290,28,0,5 27 28 9,1,110,,315291,28,0,5 27 28 9,1,386,,315292,36,,,1,99,,315293,36,,,1,301,,315294,28,0,5 27 28 9,1,399,,315296,36,,,1,93,,315297,36,,,1,100,,315298,36,,,1,133,,315299,29,0,7 27 28 9,1
6800,'20260923',726,,315300,36,,,1,99,,315301,28,0,5 27 28 9,1,110,,315302,28,0,5 27 28 9,1,386,,315303,36,,,1,99,,315304,36,,,1,301,,315305,28,0,5 27 28 9,1,399,,315307,36,,,1,93,,315308,36,,,1,100,,315309,36,,,1,133,,315310,29,0,7 27 28 9,1
6800,'20260924',726,,315311,36,,,1,99,,315312,28,0,5 27 28 9,1,110,,315313,28,0,5 27 28 9,1,386,,315314,36,,,1,99,,315315,36,,,1,301,,315316,28,0,5 27 28 9,1,399,,315318,36,,,1,93,,315319,36,,,1,100,,315320,36,,,1,133,,315321,29,0,7 27 28 9,1
6800,'20260925',726,,315322,36,,,1,99,,315323,28,0,5 27 28 9,1,110,,315324,28,0,5 27 28 9,1,386,,315325,36,,,1,99,,315326,36,,,1,301,,315327,28,0,5 27 28 9,1,399,,315329,36,,,1,93,,315330,36,,,1,100,,315331,36,,,1,133,,315332,29,0,7 27 28 9,1
6800,'20260926',913,,315333,36,,,1,95,,315335,6,0,57 27 28 9,1,124,,315336,46,0,53 27 28 9,1,83,,315334,36,,,1,101,,315337,6,0,57 27 28 9,1,129,,315338,46,0,53 27 28 9,1,70,,315339,36,,,1,101,,315340,6,0,57 27 28 9,1,129,,315341,46,0,53 27 28 9,1,170,,315342,36,,,1,200,,315343,36,,,1,440,,315344,28,0,5 27 28 9,1
6800,'20260927',913,,315345,36,,,1,95,,315347,6,0,57 27 28 9,1,124,,315348,46,0,53 27 28 9,1,83,,315346,36,,,1,101,,315349,6,0,57 27 28 9,1,129,,315350,46,0,53 27 28 9,1,70,,315351,36,,,1,101,,315352,6,0,57 27 28 9,1,129,,315353,46,0,53 27 28 9,1,170,,315354,36,,,1,200,,315355,36,,,1,440,,315356,28,0,5 27 28 9,1
6800,'20260928',726,,315357,36,,,1,99,,315358,28,0,5 27 28 9,1,110,,315359,28,0,5 27 28 9,1,386,,315360,36,,,1,99,,315361,36,,,1,301,,315362,28,0,5 27 28 9,1,399,,315364,36,,,1,93,,315365,36,,,1,100,,315366,36,,,1,133,,315367,29,0,7 27 28 9,1
6800,'20260929',726,,315368,36,,,1,99,,315369,28,0,5 27 28 9,1,110,,315370,28,0,5 27 28 9,1,386,,315371,36,,,1,99,,315372,36,,,1,301,,315373,28,0,5 27 28 9,1,399,,315375,36,,,1,93,,315376,36,,,1,100,,315377,36,,,1,133,,315378,29,0,7 27 28 9,1
6800,'20260930',726,,315379,36,,,1,99,,315380,28,0,5 27 28 9,1,110,,315381,28,0,5 27 28 9,1,386,,315382,36,,,1,99,,315383,36,,,1,301,,315384,28,0,5 27 28 9,1,399,,315386,36,,,1,93,,315387,36,,,1,100,,315388,36,,,1,133,,315389,29,0,7 27 28 9,1
6800,'20261001',726,,315390,36,,,1,99,,315391,28,0,5 27 28 9,1,110,,315392,28,0,5 27 28 9,1,386,,315393,36,,,1,99,,315394,36,,,1,301,,315395,28,0,5 27 28 9,1,399,,315397,36,,,1,93,,315398,36,,,1,100,,315399,36,,,1,133,,315400,29,0,7 27 28 9,1
6800,'20261002',726,,315401,36,,,1,99,,315402,28,0,5 27 28 9,1,110,,315403,28,0,5 27 28 9,1,386,,315404,36,,,1,99,,315405,36,,,1,301,,315406,28,0,5 27 28 9,1,399,,315408,36,,,1,93,,315409,36,,,1,100,,315410,36,,,1,133,,315411,29,0,7 27 28 9,1
6800,'20261003',913,,315412,36,,,1,95,,315414,6,0,57 27 28 9,1,124,,315415,46,0,53 27 28 9,1,83,,315413,36,,,1,101,,315416,6,0,57 27 28 9,1,129,,315417,46,0,53 27 28 9,1,70,,315418,36,,,1,101,,315419,6,0,57 27 28 9,1,129,,315420,46,0,53 27 28 9,1,170,,315421,36,,,1,200,,315422,36,,,1,96,,333038,6,0,57 27 28 9,1,112,,333039,46,0,53 27 28 9,1,85,,333041,6,0,57 27 28 9,1,115,,333040,46,0,53 27 28 9,1,32,,315423,28,0,5 27 28 9,1
6800,'20261004',913,,315424,36,,,1,95,,315426,6,0,57 27 28 9,1,124,,315427,46,0,53 27 28 9,1,83,,315425,36,,,1,101,,315428,6,0,57 27 28 9,1,129,,315429,46,0,53 27 28 9,1,70,,315430,36,,,1,101,,315431,6,0,57 27 28 9,1,129,,315432,46,0,53 27 28 9,1,170,,315433,36,,,1,200,,315434,36,,,1,96,,333042,6,0,57 27 28 9,1,112,,333043,46,0,53 27 28 9,1,85,,333045,6,0,57 27 28 9,1,115,,333044,46,0,53 27 28 9,1,32,,315435,28,0,5 27 28 9,1
6800,'20261005',726,,315436,36,,,1,99,,315437,28,0,5 27 28 9,1,110,,315438,28,0,5 27 28 9,1,386,,315439,36,,,1,99,,315440,36,,,1,301,,315441,28,0,5 27 28 9,1,399,,315443,36,,,1,93,,315444,36,,,1,100,,315445,36,,,1,133,,315446,29,0,7 27 28 9,1
6800,'20261006',726,,315447,36,,,1,99,,315448,28,0,5 27 28 9,1,110,,315449,28,0,5 27 28 9,1,386,,315450,36,,,1,99,,315451,36,,,1,301,,315452,28,0,5 27 28 9,1,399,,315454,36,,,1,93,,315455,36,,,1,100,,315456,36,,,1,133,,315457,29,0,7 27 28 9,1
6800,'20261007',726,,315458,36,,,1,99,,315459,28,0,5 27 28 9,1,110,,315460,28,0,5 27 28 9,1,386,,315461,36,,,1,99,,315462,36,,,1,301,,315463,28,0,5 27 28 9,1,399,,315465,36,,,1,93,,315466,36,,,1,100,,315467,36,,,1,133,,315468,29,0,7 27 28 9,1
6800,'20261008',726,,315469,36,,,1,99,,315470,28,0,5 27 28 9,1,110,,315471,28,0,5 27 28 9,1,386,,315472,36,,,1,99,,315473,36,,,1,301,,315474,28,0,5 27 28 9,1,399,,315476,36,,,1,93,,315477,36,,,1,100,,315478,36,,,1,133,,315479,29,0,7 27 28 9,1
6800,'20261009',726,,315480,36,,,1,99,,315481,28,0,5 27 28 9,1,110,,315482,28,0,5 27 28 9,1,386,,315483,36,,,1,99,,315484,36,,,1,301,,315485,28,0,5 27 28 9,1,399,,315487,36,,,1,93,,315488,36,,,1,100,,315489,36,,,1,133,,315490,29,0,7 27 28 9,1
6800,'20261010',913,,315491,36,,,1,95,,315493,6,0,57 27 28 9,1,124,,315494,46,0,53 27 28 9,1,83,,315492,36,,,1,101,,315495,6,0,57 27 28 9,1,129,,315496,46,0,53 27 28 9,1,70,,315497,36,,,1,101,,315498,6,0,57 27 28 9,1,129,,315499,46,0,53 27 28 9,1,170,,315500,36,,,1,200,,315501,36,,,1,440,,315502,28,0,5 27 28 9,1
6800,'20261011',913,,315503,36,,,1,95,,315505,6,0,57 27 28 9,1,124,,315506,46,0,53 27 28 9,1,83,,315504,36,,,1,101,,315507,6,0,57 27 28 9,1,129,,315508,46,0,53 27 28 9,1,70,,315509,36,,,1,101,,315510,6,0,57 27 28 9,1,129,,315511,46,0,53 27 28 9,1,170,,315512,36,,,1,200,,315513,36,,,1,440,,315514,28,0,5 27 28 9,1
6800,'20261012',913,,315515,36,,,1,95,,315517,6,0,57 27 28 9,1,124,,315518,46,0,53 27 28 9,1,83,,315516,36,,,1,101,,315519,6,0,57 27 28 9,1,129,,315520,46,0,53 27 28 9,1,70,,315521,36,,,1,101,,315522,6,0,57 27 28 9,1,129,,315523,46,0,53 27 28 9,1,170,,315524,36,,,1,200,,315525,36,,,1,440,,315526,28,0,5 27 28 9,1
6800,'20261013',726,,315527,36,,,1,99,,315528,28,0,5 27 28 9,1,110,,315529,28,0,5 27 28 9,1,386,,315530,36,,,1,99,,315531,36,,,1,301,,315532,28,0,5 27 28 9,1,399,,315534,36,,,1,93,,315535,36,,,1,100,,315536,36,,,1,133,,315537,29,0,7 27 28 9,1
6800,'20261014',726,,315538,36,,,1,99,,315539,28,0,5 27 28 9,1,110,,315540,28,0,5 27 28 9,1,386,,315541,36,,,1,99,,315542,36,,,1,301,,315543,28,0,5 27 28 9,1,399,,315545,36,,,1,93,,315546,36,,,1,100,,315547,36,,,1,133,,315548,29,0,7 27 28 9,1
6800,'20261015',726,,315549,36,,,1,99,,315550,28,0,5 27 28 9,1,110,,315551,28,0,5 27 28 9,1,386,,315552,36,,,1,99,,315553,36,,,1,301,,315554,28,0,5 27 28 9,1,399,,315556,36,,,1,93,,315557,36,,,1,100,,315558,36,,,1,133,,315559,29,0,7 27 28 9,1
6800,'20261016',726,,315560,36,,,1,99,,315561,28,0,5 27 28 9,1,110,,315562,28,0,5 27 28 9,1,386,,315563,36,,,1,99,,315564,36,,,1,301,,315565,28,0,5 27 28 9,1,399,,315567,36,,,1,93,,315568,36,,,1,100,,315569,36,,,1,133,,315570,29,0,7 27 28 9,1
6800,'20261017',913,,315571,36,,,1,95,,315573,6,0,57 27 28 9,1,124,,315574,46,0,53 27 28 9,1,83,,315572,36,,,1,101,,315575,6,0,57 27 28 9,1,129,,315576,46,0,53 27 28 9,1,70,,315577,36,,,1,101,,315578,6,0,57 27 28 9,1,129,,315579,46,0,53 27 28 9,1,170,,315580,36,,,1,200,,315581,36,,,1,440,,315582,28,0,5 27 28 9,1
6800,'20261018',913,,315583,36,,,1,95,,315585,6,0,57 27 28 9,1,124,,315586,46,0,53 27 28 9,1,83,,315584,36,,,1,101,,315587,6,0,57 27 28 9,1,129,,315588,46,0,53 27 28 9,1,70,,315589,36,,,1,101,,315590,6,0,57 27 28 9,1,129,,315591,46,0,53 27 28 9,1,170,,315592,36,,,1,200,,315593,36,,,1,440,,315594,28,0,5 27 28 9,1
6800,'20261019',726,,315595,36,,,1,99,,315596,28,0,5 27 28 9,1,110,,315597,28,0,5 27 28 9,1,386,,315598,36,,,1,99,,315599,36,,,1,301,,315600,28,0,5 27 28 9,1,399,,315602,36,,,1,93,,315603,36,,,1,100,,315604,36,,,1,133,,315605,29,0,7 27 28 9,1
6800,'20261020',726,,315606,36,,,1,99,,315607,28,0,5 27 28 9,1,110,,315608,28,0,5 27 28 9,1,386,,315609,36,,,1,99,,315610,36,,,1,301,,315611,28,0,5 27 28 9,1,399,,315613,36,,,1,93,,315614,36,,,1,100,,315615,36,,,1,133,,315616,29,0,7 27 28 9,1
6800,'20261021',726,,315617,36,,,1,99,,315618,28,0,5 27 28 9,1,110,,315619,28,0,5 27 28 9,1,386,,315620,36,,,1,99,,315621,36,,,1,301,,315622,28,0,5 27 28 9,1,399,,315624,36,,,1,93,,315625,36,,,1,100,,315626,36,,,1,133,,315627,29,0,7 27 28 9,1
6800,'20261022',726,,315628,36,,,1,99,,315629,28,0,5 27 28 9,1,110,,315630,28,0,5 27 28 9,1,386,,315631,36,,,1,99,,315632,36,,,1,301,,315633,28,0,5 27 28 9,1,399,,315635,36,,,1,93,,315636,36,,,1,100,,315637,36,,,1,133,,315638,29,0,7 27 28 9,1
6800,'20261023',726,,315639,36,,,1,99,,315640,28,0,5 27 28 9,1,110,,315641,28,0,5 27 28 9,1,386,,315642,36,,,1,99,,315643,36,,,1,301,,315644,28,0,5 27 28 9,1,399,,315646,36,,,1,93,,315647,36,,,1,100,,315648,36,,,1,133,,315649,29,0,7 27 28 9,1
6800,'20261024',913,,315650,36,,,1,95,,315652,6,0,57 27 28 9,1,124,,315653,46,0,53 27 28 9,1,83,,315651,36,,,1,101,,315654,6,0,57 27 28 9,1,129,,315655,46,0,53 27 28 9,1,70,,315656,36,,,1,101,,315657,6,0,57 27 28 9,1,129,,315658,46,0,53 27 28 9,1,170,,315659,36,,,1,200,,315660,36,,,1,440,,315661,28,0,5 27 28 9,1
6800,'20261025',913,,315662,36,,,1,95,,315664,6,0,57 27 28 9,1,124,,315665,46,0,53 27 28 9,1,83,,315663,36,,,1,101,,315666,6,0,57 27 28 9,1,129,,315667,46,0,53 27 28 9,1,70,,315668,36,,,1,101,,315669,6,0,57 27 28 9,1,129,,315670,46,0,53 27 28 9,1,170,,315671,36,,,1,200,,315672,36,,,1,440,,315673,28,0,5 27 28 9,1
6800,'20261026',726,,315674,36,,,1,99,,315675,28,0,5 27 28 9,1,110,,315676,28,0,5 27 28 9,1,386,,315677,36,,,1,99,,315678,36,,,1,301,,315679,28,0,5 27 28 9,1,399,,315681,36,,,1,93,,315682,36,,,1,100,,315683,36,,,1,133,,315684,29,0,7 27 28 9,1
6800,'20261027',726,,315685,36,,,1,99,,315686,28,0,5 27 28 9,1,110,,315687,28,0,5 27 28 9,1,386,,315688,36,,,1,99,,315689,36,,,1,301,,315690,28,0,5 27 28 9,1,399,,315692,36,,,1,93,,315693,36,,,1,100,,315694,36,,,1,133,,315695,29,0,7 27 28 9,1
6800,'20261028',726,,315696,36,,,1,99,,315697,28,0,5 27 28 9,1,110,,315698,28,0,5 27 28 9,1,386,,315699,36,,,1,99,,315700,36,,,1,301,,315701,28,0,5 27 28 9,1,399,,315703,36,,,1,93,,315704,36,,,1,100,,315705,36,,,1,133,,315706,29,0,7 27 28 9,1
6800,'20261029',726,,315707,36,,,1,99,,315708,28,0,5 27 28 9,1,110,,315709,28,0,5 27 28 9,1,386,,315710,36,,,1,99,,315711,36,,,1,301,,315712,28,0,5 27 28 9,1,399,,315714,36,,,1,93,,315715,36,,,1,100,,315716,36,,,1,133,,315717,29,0,7 27 28 9,1
6800,'20261030',726,,315718,36,,,1,99,,315719,28,0,5 27 28 9,1,110,,315720,28,0,5 27 28 9,1,386,,315721,36,,,1,99,,315722,36,,,1,301,,315723,28,0,5 27 28 9,1,399,,315725,36,,,1,93,,315726,36,,,1,100,,315727,36,,,1,133,,315728,29,0,7 27 28 9,1
6800,'20261031',913,,315729,36,,,1,95,,315731,6,0,57 27 28 9,1,124,,315732,46,0,53 27 28 9,1,83,,315730,36,,,1,101,,315733,6,0,57 27 28 9,1,129,,315734,46,0,53 27 28 9,1,70,,315735,36,,,1,101,,315736,6,0,57 27 28 9,1,129,,315737,46,0,53 27 28 9,1,170,,315738,36,,,1,200,,315739,36,,,1,440,,315740,28,0,5 27 28 9,1
6800,'20261101',913,,315741,36,,,1,95,,315743,6,0,57 27 28 9,1,124,,315744,46,0,53 27 28 9,1,83,,315742,36,,,1,101,,315745,6,0,57 27 28 9,1,129,,315746,46,0,53 27 28 9,1,70,,315747,36,,,1,101,,315748,6,0,57 27 28 9,1,129,,315749,46,0,53 27 28 9,1,170,,315750,36,,,1,200,,315751,36,,,1,440,,315752,28,0,5 27 28 9,1
6800,'20261102',726,,315753,36,,,1,99,,315754,28,0,5 27 28 9,1,110,,315755,28,0,5 27 28 9,1,386,,315756,36,,,1,99,,315757,36,,,1,301,,315758,28,0,5 27 28 9,1,399,,315760,36,,,1,93,,315761,36,,,1,100,,315762,36,,,1,133,,315763,29,0,7 27 28 9,1
6800,'20261103',726,,315764,36,,,1,99,,315765,28,0,5 27 28 9,1,110,,315766,28,0,5 27 28 9,1,386,,315767,36,,,1,99,,315768,36,,,1,301,,315769,28,0,5 27 28 9,1,399,,315771,36,,,1,93,,315772,36,,,1,100,,315773,36,,,1,133,,315774,29,0,7 27 28 9,1
6800,'20261104',726,,315775,36,,,1,99,,315776,28,0,5 27 28 9,1,110,,315777,28,0,5 27 28 9,1,386,,315778,36,,,1,99,,315779,36,,,1,301,,315780,28,0,5 27 28 9,1,399,,315782,36,,,1,93,,315783,36,,,1,100,,315784,36,,,1,133,,315785,29,0,7 27 28 9,1
6800,'20261105',726,,315786,36,,,1,99,,315787,28,0,5 27 28 9,1,110,,315788,28,0,5 27 28 9,1,386,,315789,36,,,1,99,,315790,36,,,1,301,,315791,28,0,5 27 28 9,1,399,,315793,36,,,1,93,,315794,36,,,1,100,,315795,36,,,1,133,,315796,29,0,7 27 28 9,1
6800,'20261106',726,,315797,36,,,1,99,,315798,28,0,5 27 28 9,1,110,,315799,28,0,5 27 28 9,1,386,,315800,36,,,1,99,,315801,36,,,1,301,,315802,28,0,5 27 28 9,1,399,,315804,36,,,1,93,,315805,36,,,1,100,,315806,36,,,1,133,,315807,29,0,7 27 28 9,1
6800,'20261107',913,,315808,36,,,1,95,,315810,6,0,57 27 28 9,1,124,,315811,46,0,53 27 28 9,1,83,,315809,36,,,1,101,,315812,6,0,57 27 28 9,1,129,,315813,46,0,53 27 28 9,1,70,,315814,36,,,1,101,,315815,6,0,57 27 28 9,1,129,,315816,46,0,53 27 28 9,1,170,,315817,36,,,1,200,,315818,36,,,1,440,,315819,28,0,5 27 28 9,1
6800,'20261108',913,,315820,36,,,1,95,,315822,6,0,57 27 28 9,1,124,,315823,46,0,53 27 28 9,1,83,,315821,36,,,1,101,,315824,6,0,57 27 28 9,1,129,,315825,46,0,53 27 28 9,1,70,,315826,36,,,1,101,,315827,6,0,57 27 28 9,1,129,,315828,46,0,53 27 28 9,1,170,,315829,36,,,1,200,,315830,36,,,1,440,,315831,28,0,5 27 28 9,1
6800,'20261109',726,,315832,36,,,1,99,,315833,28,0,5 27 28 9,1,110,,315834,28,0,5 27 28 9,1,386,,315835,36,,,1,99,,315836,36,,,1,301,,315837,28,0,5 27 28 9,1,399,,315839,36,,,1,93,,315840,36,,,1,100,,315841,36,,,1,133,,315842,29,0,7 27 28 9,1
6800,'20261110',726,,315843,36,,,1,99,,315844,28,0,5 27 28 9,1,110,,315845,28,0,5 27 28 9,1,386,,315846,36,,,1,99,,315847,36,,,1,301,,315848,28,0,5 27 28 9,1,399,,315850,36,,,1,93,,315851,36,,,1,100,,315852,36,,,1,133,,315853,29,0,7 27 28 9,1
6800,'20261111',726,,315854,36,,,1,99,,315855,28,0,5 27 28 9,1,110,,315856,28,0,5 27 28 9,1,386,,315857,36,,,1,99,,315858,36,,,1,301,,315859,28,0,5 27 28 9,1,399,,315861,36,,,1,93,,315862,36,,,1,100,,315863,36,,,1,133,,315864,29,0,7 27 28 9,1
6800,'20261112',726,,315865,36,,,1,99,,315866,28,0,5 27 28 9,1,110,,315867,28,0,5 27 28 9,1,386,,315868,36,,,1,99,,315869,36,,,1,301,,315870,28,0,5 27 28 9,1,399,,315872,36,,,1,93,,315873,36,,,1,100,,315874,36,,,1,133,,315875,29,0,7 27 28 9,1
6800,'20261113',726,,315876,36,,,1,99,,315877,28,0,5 27 28 9,1,110,,315878,28,0,5 27 28 9,1,386,,315879,36,,,1,99,,315880,36,,,1,301,,315881,28,0,5 27 28 9,1,399,,315883,36,,,1,93,,315884,36,,,1,100,,315885,36,,,1,133,,315886,29,0,7 27 28 9,1
6800,'20261114',913,,315887,36,,,1,95,,315889,6,0,57 27 28 9,1,124,,315890,46,0,53 27 28 9,1,83,,315888,36,,,1,101,,315891,6,0,57 27 28 9,1,129,,315892,46,0,53 27 28 9,1,70,,315893,36,,,1,101,,315894,6,0,57 27 28 9,1,129,,315895,46,0,53 27 28 9,1,170,,315896,36,,,1,200,,315897,36,,,1,440,,315898,28,0,5 27 28 9,1
6800,'20261115',913,,315899,36,,,1,95,,315901,6,0,57 27 28 9,1,124,,315902,46,0,53 27 28 9,1,83,,315900,36,,,1,101,,315903,6,0,57 27 28 9,1,129,,315904,46,0,53 27 28 9,1,70,,315905,36,,,1,101,,315906,6,0,57 27 28 9,1,129,,315907,46,0,53 27 28 9,1,170,,315908,36,,,1,200,,315909,36,,,1,440,,315910,28,0,5 27 28 9,1
6800,'20261116',726,,315911,36,,,1,99,,315912,28,0,5 27 28 9,1,110,,315913,28,0,5 27 28 9,1,386,,315914,36,,,1,99,,315915,36,,,1,301,,315916,28,0,5 27 28 9,1,399,,315918,36,,,1,93,,315919,36,,,1,100,,315920,36,,,1,133,,315921,29,0,7 27 28 9,1
6800,'20261117',726,,315922,36,,,1,99,,315923,28,0,5 27 28 9,1,110,,315924,28,0,5 27 28 9,1,386,,315925,36,,,1,99,,315926,36,,,1,301,,315927,28,0,5 27 28 9,1,399,,315929,36,,,1,93,,315930,36,,,1,100,,315931,36,,,1,133,,315932,29,0,7 27 28 9,1
6800,'20261118',726,,315933,36,,,1,99,,315934,28,0,5 27 28 9,1,110,,315935,28,0,5 27 28 9,1,386,,315936,36,,,1,99,,315937,36,,,1,301,,315938,28,0,5 27 28 9,1,399,,315940,36,,,1,93,,315941,36,,,1,100,,315942,36,,,1,133,,315943,29,0,7 27 28 9,1
6800,'20261119',726,,315944,36,,,1,99,,315945,28,0,5 27 28 9,1,110,,315946,28,0,5 27 28 9,1,386,,315947,36,,,1,99,,315948,36,,,1,301,,315949,28,0,5 27 28 9,1,399,,315951,36,,,1,93,,315952,36,,,1,100,,315953,36,,,1,133,,315954,29,0,7 27 28 9,1
6800,'20261120',726,,315955,36,,,1,99,,315956,28,0,5 27 28 9,1,110,,315957,28,0,5 27 28 9,1,386,,315958,36,,,1,99,,315959,36,,,1,301,,315960,28,0,5 27 28 9,1,399,,315962,36,,,1,93,,315963,36,,,1,100,,315964,36,,,1,133,,315965,29,0,7 27 28 9,1
6800,'20261121',913,,315966,36,,,1,95,,315968,6,0,57 27 28 9,1,124,,315969,46,0,53 27 28 9,1,83,,315967,36,,,1,101,,315970,6,0,57 27 28 9,1,129,,315971,46,0,53 27 28 9,1,70,,315972,36,,,1,101,,315973,6,0,57 27 28 9,1,129,,315974,46,0,53 27 28 9,1,170,,315975,36,,,1,200,,315976,36,,,1,440,,315977,28,0,5 27 28 9,1
6800,'20261122',913,,315978,36,,,1,95,,315980,6,0,57 27 28 9,1,124,,315981,46,0,53 27 28 9,1,83,,315979,36,,,1,101,,315982,6,0,57 27 28 9,1,129,,315983,46,0,53 27 28 9,1,70,,315984,36,,,1,101,,315985,6,0,57 27 28 9,1,129,,315986,46,0,53 27 28 9,1,170,,315987,36,,,1,200,,315988,36,,,1,440,,315989,28,0,5 27 28 9,1
6800,'20261123',726,,315990,36,,,1,99,,315991,28,0,5 27 28 9,1,110,,315992,28,0,5 27 28 9,1,386,,315993,36,,,1,99,,315994,36,,,1,301,,315995,28,0,5 27 28 9,1,399,,315997,36,,,1,93,,315998,36,,,1,100,,315999,36,,,1,133,,316000,29,0,7 27 28 9,1
6800,'20261124',726,,316001,36,,,1,99,,316002,28,0,5 27 28 9,1,110,,316003,28,0,5 27 28 9,1,386,,316004,36,,,1,99,,316005,36,,,1,301,,316006,28,0,5 27 28 9,1,399,,316008,36,,,1,93,,316009,36,,,1,100,,316010,36,,,1,133,,316011,29,0,7 27 28 9,1
6800,'20261125',726,,316012,36,,,1,99,,316013,28,0,5 27 28 9,1,110,,316014,28,0,5 27 28 9,1,386,,316015,36,,,1,99,,316016,36,,,1,301,,316017,28,0,5 27 28 9,1,399,,316019,36,,,1,93,,316020,36,,,1,100,,316021,36,,,1,133,,316022,29,0,7 27 28 9,1
6800,'20261126',726,,316023,36,,,1,99,,316024,28,0,5 27 28 9,1,110,,316025,28,0,5 27 28 9,1,386,,316026,36,,,1,99,,316027,36,,,1,301,,316028,28,0,5 27 28 9,1,399,,316030,36,,,1,93,,316031,36,,,1,100,,316032,36,,,1,133,,316033,29,0,7 27 28 9,1
6800,'20261127',726,,316034,36,,,1,99,,316035,28,0,5 27 28 9,1,110,,316036,28,0,5 27 28 9,1,386,,316037,36,,,1,99,,316038,36,,,1,301,,316039,28,0,5 27 28 9,1,399,,316041,36,,,1,93,,316042,36,,,1,100,,316043,36,,,1,133,,316044,29,0,7 27 28 9,1
