6100,'20260917',1233,,311949,16,,,1,105,,311950,16,,,1,103,,311951,16,,,1,113,,311952,16,,,1,476,,311953,16,,,1,98,,311954,16,,,1,98,,311955,16,,,1,100,,311956,16,,,1,95,,311957,16,,,1,196,,311958,16,,,1
6100,'20260918',1233,,311959,16,,,1,105,,311960,16,,,1,103,,311961,16,,,1,113,,311962,16,,,1,476,,311963,16,,,1,98,,311964,16,,,1,98,,311965,16,,,1,100,,311966,16,,,1,95,,311967,16,,,1,196,,311968,16,,,1
6100,'20260921',1233,,311969,16,,,1,105,,311970,16,,,1,103,,311971,16,,,1,113,,311972,16,,,1,476,,311973,16,,,1,98,,311974,16,,,1,98,,311975,16,,,1,100,,311976,16,,,1,95,,311977,16,,,1,196,,311978,16,,,1
6100,'20260922',1233,,311979,16,,,1,105,,311980,16,,,1,103,,311981,16,,,1,113,,311982,16,,,1,476,,311983,16,,,1,98,,311984,16,,,1,98,,311985,16,,,1,100,,311986,16,,,1,95,,311987,16,,,1,196,,311988,16,,,1
6100,'20260923',1233,,311989,16,,,1,105,,311990,16,,,1,103,,311991,16,,,1,113,,311992,16,,,1,476,,311993,16,,,1,98,,311994,16,,,1,98,,311995,16,,,1,100,,311996,16,,,1,95,,311997,16,,,1,196,,311998,16,,,1
6100,'20260924',1233,,311999,16,,,1,105,,312000,16,,,1,103,,312001,16,,,1,113,,312002,16,,,1,476,,312003,16,,,1,98,,312004,16,,,1,98,,312005,16,,,1,100,,312006,16,,,1,95,,312007,16,,,1,196,,312008,16,,,1
6100,'20260925',1233,,312009,16,,,1,105,,312010,16,,,1,103,,312011,16,,,1,113,,312012,16,,,1,476,,312013,16,,,1,98,,312014,16,,,1,98,,312015,16,,,1,100,,312016,16,,,1,95,,312017,16,,,1,196,,312018,16,,,1
6100,'20260928',1233,,312019,16,,,1,105,,312020,16,,,1,103,,312021,16,,,1,113,,312022,16,,,1,476,,312023,16,,,1,98,,312024,16,,,1,98,,312025,16,,,1,100,,312026,16,,,1,95,,312027,16,,,1,196,,312028,16,,,1
6100,'20260929',1233,,312029,16,,,1,105,,312030,16,,,1,103,,312031,16,,,1,113,,312032,16,,,1,476,,312033,16,,,1,98,,312034,16,,,1,98,,312035,16,,,1,100,,312036,16,,,1,95,,312037,16,,,1,196,,312038,16,,,1
6100,'20260930',1233,,312039,16,,,1,105,,312040,16,,,1,103,,312041,16,,,1,113,,312042,16,,,1,476,,312043,16,,,1,98,,312044,16,,,1,98,,312045,16,,,1,100,,312046,16,,,1,95,,312047,16,,,1,196,,312048,16,,,1
6100,'20261001',1233,,312049,16,,,1,105,,312050,16,,,1,103,,312051,16,,,1,113,,312052,16,,,1,476,,312053,16,,,1,98,,312054,16,,,1,98,,312055,16,,,1,100,,312056,16,,,1,95,,312057,16,,,1,196,,312058,16,,,1
6100,'20261002',1233,,312059,16,,,1,105,,312060,16,,,1,103,,312061,16,,,1,113,,312062,16,,,1,476,,312063,16,,,1,98,,312064,16,,,1,98,,312065,16,,,1,100,,312066,16,,,1,95,,312067,16,,,1,196,,312068,16,,,1
6100,'20261005',1233,,312069,16,,,1,105,,312070,16,,,1,103,,312071,16,,,1,113,,312072,16,,,1,476,,312073,16,,,1,98,,312074,16,,,1,98,,312075,16,,,1,100,,312076,16,,,1,95,,312077,16,,,1,196,,312078,16,,,1
6100,'20261006',1233,,312079,16,,,1,105,,312080,16,,,1,103,,312081,16,,,1,113,,312082,16,,,1,476,,312083,16,,,1,98,,312084,16,,,1,98,,312085,16,,,1,100,,312086,16,,,1,95,,312087,16,,,1,196,,312088,16,,,1
6100,'20261007',1233,,312089,16,,,1,105,,312090,16,,,1,103,,312091,16,,,1,113,,312092,16,,,1,476,,312093,16,,,1,98,,312094,16,,,1,98,,312095,16,,,1,100,,312096,16,,,1,95,,312097,16,,,1,196,,312098,16,,,1
6100,'20261008',1233,,312099,16,,,1,105,,312100,16,,,1,103,,312101,16,,,1,113,,312102,16,,,1,476,,312103,16,,,1,98,,312104,16,,,1,98,,312105,16,,,1,100,,312106,16,,,1,95,,312107,16,,,1,196,,312108,16,,,1
6100,'20261009',1233,,312109,16,,,1,105,,312110,16,,,1,103,,312111,16,,,1,113,,312112,16,,,1,476,,312113,16,,,1,98,,312114,16,,,1,98,,312115,16,,,1,100,,312116,16,,,1,95,,312117,16,,,1,196,,312118,16,,,1
6100,'20261013',1233,,312119,16,,,1,105,,312120,16,,,1,103,,312121,16,,,1,113,,312122,16,,,1,476,,312123,16,,,1,98,,312124,16,,,1,98,,312125,16,,,1,100,,312126,16,,,1,95,,312127,16,,,1,196,,312128,16,,,1
6100,'20261014',1233,,312129,16,,,1,105,,312130,16,,,1,103,,312131,16,,,1,113,,312132,16,,,1,476,,312133,16,,,1,98,,312134,16,,,1,98,,312135,16,,,1,100,,312136,16,,,1,95,,312137,16,,,1,196,,312138,16,,,1
6100,'20261015',1233,,312139,16,,,1,105,,312140,16,,,1,103,,312141,16,,,1,113,,312142,16,,,1,476,,312143,16,,,1,98,,312144,16,,,1,98,,312145,16,,,1,100,,312146,16,,,1,95,,312147,16,,,1,196,,312148,16,,,1
6100,'20261016',1233,,312149,16,,,1,105,,312150,16,,,1,103,,312151,16,,,1,113,,312152,16,,,1,476,,312153,16,,,1,98,,312154,16,,,1,98,,312155,16,,,1,100,,312156,16,,,1,95,,312157,16,,,1,196,,312158,16,,,1
6100,'20261019',1233,,312159,16,,,1,105,,312160,16,,,1,103,,312161,16,,,1,113,,312162,16,,,1,476,,312163,16,,,1,98,,312164,16,,,1,98,,312165,16,,,1,100,,312166,16,,,1,95,,312167,16,,,1,196,,312168,16,,,1
6100,'20261020',1233,,312169,16,,,1,105,,312170,16,,,1,103,,312171,16,,,1,113,,312172,16,,,1,476,,312173,16,,,1,98,,312174,16,,,1,98,,312175,16,,,1,100,,312176,16,,,1,95,,312177,16,,,1,196,,312178,16,,,1
6100,'20261021',1233,,312179,16,,,1,105,,312180,16,,,1,103,,312181,16,,,1,113,,312182,16,,,1,476,,312183,16,,,1,98,,312184,16,,,1,98,,312185,16,,,1,100,,312186,16,,,1,95,,312187,16,,,1,196,,312188,16,,,1
6100,'20261022',1233,,312189,16,,,1,105,,312190,16,,,1,103,,312191,16,,,1,113,,312192,16,,,1,476,,312193,16,,,1,98,,312194,16,,,1,98,,312195,16,,,1,100,,312196,16,,,1,95,,312197,16,,,1,196,,312198,16,,,1
6100,'20261023',1233,,312199,16,,,1,105,,312200,16,,,1,103,,312201,16,,,1,113,,312202,16,,,1,476,,312203,16,,,1,98,,312204,16,,,1,98,,312205,16,,,1,100,,312206,16,,,1,95,,312207,16,,,1,196,,312208,16,,,1
6100,'20261026',1233,,312209,16,,,1,105,,312210,16,,,1,103,,312211,16,,,1,113,,312212,16,,,1,476,,312213,16,,,1,98,,312214,16,,,1,98,,312215,16,,,1,100,,312216,16,,,1,95,,312217,16,,,1,196,,312218,16,,,1
6100,'20261027',1233,,312219,16,,,1,105,,312220,16,,,1,103,,312221,16,,,1,113,,312222,16,,,1,476,,312223,16,,,1,98,,312224,16,,,1,98,,312225,16,,,1,100,,312226,16,,,1,95,,312227,16,,,1,196,,312228,16,,,1
6100,'20261028',1233,,312229,16,,,1,105,,312230,16,,,1,103,,312231,16,,,1,113,,312232,16,,,1,476,,312233,16,,,1,98,,312234,16,,,1,98,,312235,16,,,1,100,,312236,16,,,1,95,,312237,16,,,1,196,,312238,16,,,1
6100,'20261029',1233,,312239,16,,,1,105,,312240,16,,,1,103,,312241,16,,,1,113,,312242,16,,,1,476,,312243,16,,,1,98,,312244,16,,,1,98,,312245,16,,,1,100,,312246,16,,,1,95,,312247,16,,,1,196,,312248,16,,,1
6100,'20261030',1233,,312249,16,,,1,105,,312250,16,,,1,103,,312251,16,,,1,113,,312252,16,,,1,476,,312253,16,,,1,98,,312254,16,,,1,98,,312255,16,,,1,100,,312256,16,,,1,95,,312257,16,,,1,196,,312258,16,,,1
6100,'20261102',1233,,312259,16,,,1,105,,312260,16,,,1,103,,312261,16,,,1,113,,312262,16,,,1,476,,312263,16,,,1,98,,312264,16,,,1,98,,312265,16,,,1,100,,312266,16,,,1,95,,312267,16,,,1,196,,312268,16,,,1
6100,'20261103',1233,,312269,16,,,1,105,,312270,16,,,1,103,,312271,16,,,1,113,,312272,16,,,1,476,,312273,16,,,1,98,,312274,16,,,1,98,,312275,16,,,1,100,,312276,16,,,1,95,,312277,16,,,1,196,,312278,16,,,1
6100,'20261104',1233,,312279,16,,,1,105,,312280,16,,,1,103,,312281,16,,,1,113,,312282,16,,,1,476,,312283,16,,,1,98,,312284,16,,,1,98,,312285,16,,,1,100,,312286,16,,,1,95,,312287,16,,,1,196,,312288,16,,,1
6100,'20261105',1233,,312289,16,,,1,105,,312290,16,,,1,103,,312291,16,,,1,113,,312292,16,,,1,476,,312293,16,,,1,98,,312294,16,,,1,98,,312295,16,,,1,100,,312296,16,,,1,95,,312297,16,,,1,196,,312298,16,,,1
6100,'20261106',1233,,312299,16,,,1,105,,312300,16,,,1,103,,312301,16,,,1,113,,312302,16,,,1,476,,312303,16,,,1,98,,312304,16,,,1,98,,312305,16,,,1,100,,312306,16,,,1,95,,312307,16,,,1,196,,312308,16,,,1
6100,'20261109',1233,,312309,16,,,1,105,,312310,16,,,1,103,,312311,16,,,1,113,,312312,16,,,1,476,,312313,16,,,1,98,,312314,16,,,1,98,,312315,16,,,1,100,,312316,16,,,1,95,,312317,16,,,1,196,,312318,16,,,1
6100,'20261110',1233,,312319,16,,,1,105,,312320,16,,,1,103,,312321,16,,,1,113,,312322,16,,,1,476,,312323,16,,,1,98,,312324,16,,,1,98,,312325,16,,,1,100,,312326,16,,,1,95,,312327,16,,,1,196,,312328,16,,,1
6100,'20261111',1233,,312329,16,,,1,105,,312330,16,,,1,103,,312331,16,,,1,113,,312332,16,,,1,476,,312333,16,,,1,98,,312334,16,,,1,98,,312335,16,,,1,100,,312336,16,,,1,95,,312337,16,,,1,196,,312338,16,,,1
6100,'20261112',1233,,312339,16,,,1,105,,312340,16,,,1,103,,312341,16,,,1,113,,312342,16,,,1,476,,312343,16,,,1,98,,312344,16,,,1,98,,312345,16,,,1,100,,312346,16,,,1,95,,312347,16,,,1,196,,312348,16,,,1
6100,'20261113',1233,,312349,16,,,1,105,,312350,16,,,1,103,,312351,16,,,1,113,,312352,16,,,1,476,,312353,16,,,1,98,,312354,16,,,1,98,,312355,16,,,1,100,,312356,16,,,1,95,,312357,16,,,1,196,,312358,16,,,1
6100,'20261116',1233,,312359,16,,,1,105,,312360,16,,,1,103,,312361,16,,,1,113,,312362,16,,,1,476,,312363,16,,,1,98,,312364,16,,,1,98,,312365,16,,,1,100,,312366,16,,,1,95,,312367,16,,,1,196,,312368,16,,,1
6100,'20261117',1233,,312369,16,,,1,105,,312370,16,,,1,103,,312371,16,,,1,113,,312372,16,,,1,476,,312373,16,,,1,98,,312374,16,,,1,98,,312375,16,,,1,100,,312376,16,,,1,95,,312377,16,,,1,196,,312378,16,,,1
6100,'20261118',1233,,312379,16,,,1,105,,312380,16,,,1,103,,312381,16,,,1,113,,312382,16,,,1,476,,312383,16,,,1,98,,312384,16,,,1,98,,312385,16,,,1,100,,312386,16,,,1,95,,312387,16,,,1,196,,312388,16,,,1
6100,'20261119',1233,,312389,16,,,1,105,,312390,16,,,1,103,,312391,16,,,1,113,,312392,16,,,1,476,,312393,16,,,1,98,,312394,16,,,1,98,,312395,16,,,1,100,,312396,16,,,1,95,,312397,16,,,1,196,,312398,16,,,1
6100,'20261120',1233,,312399,16,,,1,105,,312400,16,,,1,103,,312401,16,,,1,113,,312402,16,,,1,476,,312403,16,,,1,98,,312404,16,,,1,98,,312405,16,,,1,100,,312406,16,,,1,95,,312407,16,,,1,196,,312408,16,,,1
6100,'20261123',1233,,312409,16,,,1,105,,312410,16,,,1,103,,312411,16,,,1,113,,312412,16,,,1,476,,312413,16,,,1,98,,312414,16,,,1,98,,312415,16,,,1,100,,312416,16,,,1,95,,312417,16,,,1,196,,312418,16,,,1
6100,'20261124',1233,,312419,16,,,1,105,,312420,16,,,1,103,,312421,16,,,1,113,,312422,16,,,1,476,,312423,16,,,1,98,,312424,16,,,1,98,,312425,16,,,1,100,,312426,16,,,1,95,,312427,16,,,1,196,,312428,16,,,1
6100,'20261125',1233,,312429,16,,,1,105,,312430,16,,,1,103,,312431,16,,,1,113,,312432,16,,,1,476,,312433,16,,,1,98,,312434,16,,,1,98,,312435,16,,,1,100,,312436,16,,,1,95,,312437,16,,,1,196,,312438,16,,,1
6100,'20261126',1233,,312439,16,,,1,105,,312440,16,,,1,103,,312441,16,,,1,113,,312442,16,,,1,476,,312443,16,,,1,98,,312444,16,,,1,98,,312445,16,,,1,100,,312446,16,,,1,95,,312447,16,,,1,196,,312448,16,,,1
6100,'20261127',1233,,312449,16,,,1,105,,312450,16,,,1,103,,312451,16,,,1,113,,312452,16,,,1,476,,312453,16,,,1,98,,312454,16,,,1,98,,312455,16,,,1,100,,312456,16,,,1,95,,312457,16,,,1,196,,312458,16,,,1
