6801,'20260831',505,,205571,28,0,5 16 26 9,1,597,,205572,28,0,88 9,1,100,,205573,28,0,88 9,1,347,,205574,28,0,5 16 26 9,1,200,,205575,28,0,5 16 26 9,1,152,,205576,28,0,88 9,1,106,,205577,28,0,88 9,1,348,,205578,28,0,5 16 26 9,1
6801,'20260901',505,,205579,28,0,5 16 26 9,1,597,,205580,28,0,88 9,1,100,,205581,28,0,88 9,1,347,,205582,28,0,5 16 26 9,1,200,,205583,28,0,5 16 26 9,1,152,,205584,28,0,88 9,1,106,,205585,28,0,88 9,1,348,,205586,28,0,5 16 26 9,1
6801,'20260902',505,,205587,28,0,5 16 26 9,1,597,,205588,28,0,88 9,1,100,,205589,28,0,88 9,1,347,,205590,28,0,5 16 26 9,1,200,,205591,28,0,5 16 26 9,1,152,,205592,28,0,88 9,1,106,,205593,28,0,88 9,1,348,,205594,28,0,5 16 26 9,1
6801,'20260903',505,,205595,28,0,5 16 26 9,1,597,,205596,28,0,88 9,1,100,,205597,28,0,88 9,1,347,,205598,28,0,5 16 26 9,1,200,,205599,28,0,5 16 26 9,1,152,,205600,28,0,88 9,1,106,,205601,28,0,88 9,1,348,,205602,28,0,5 16 26 9,1
6801,'20260904',505,,205603,28,0,5 16 26 9,1,597,,205604,28,0,88 9,1,100,,205605,28,0,88 9,1,347,,205606,28,0,5 16 26 9,1,200,,205607,28,0,5 16 26 9,1,152,,205608,28,0,88 9,1,106,,205609,28,0,88 9,1,348,,205610,28,0,5 16 26 9,1
6801,'20260905',1008,,316045,28,0,88 9,1,300,,316046,28,0,88 9,1,300,,316047,28,0,88 9,1,300,,316048,28,0,88 9,1,507,,316049,28,0,5 16 26 9,1
6801,'20260906',1008,,316050,28,0,88 9,1,300,,316051,28,0,88 9,1,300,,316052,28,0,88 9,1,300,,316053,28,0,88 9,1,507,,316054,28,0,5 16 26 9,1
6801,'20260907',1008,,316055,28,0,88 9,1,300,,316056,28,0,88 9,1,300,,316057,28,0,88 9,1,300,,316058,28,0,88 9,1,507,,316059,28,0,5 16 26 9,1
6801,'20260908',505,,316060,28,0,5 16 26 9,1,597,,316061,28,0,88 9,1,100,,316062,28,0,88 9,1,347,,316063,28,0,5 16 26 9,1,200,,316064,28,0,5 16 26 9,1,152,,316065,28,0,88 9,1,106,,316066,28,0,88 9,1,200,,316067,28,0,5 16 26 9,1,148,,316068,28,0,5 16 26 9,1
6801,'20260909',505,,316069,28,0,5 16 26 9,1,597,,316070,28,0,88 9,1,100,,316071,28,0,88 9,1,347,,316072,28,0,5 16 26 9,1,200,,316073,28,0,5 16 26 9,1,152,,316074,28,0,88 9,1,106,,316075,28,0,88 9,1,200,,316076,28,0,5 16 26 9,1,148,,316077,28,0,5 16 26 9,1
6801,'20260910',505,,316078,28,0,5 16 26 9,1,597,,316079,28,0,88 9,1,100,,316080,28,0,88 9,1,347,,316081,28,0,5 16 26 9,1,200,,316082,28,0,5 16 26 9,1,152,,316083,28,0,88 9,1,106,,316084,28,0,88 9,1,200,,316085,28,0,5 16 26 9,1,148,,316086,28,0,5 16 26 9,1
6801,'20260911',505,,316087,28,0,5 16 26 9,1,597,,316088,28,0,88 9,1,100,,316089,28,0,88 9,1,347,,316090,28,0,5 16 26 9,1,200,,316091,28,0,5 16 26 9,1,152,,316092,28,0,88 9,1,106,,316093,28,0,88 9,1,200,,316094,28,0,5 16 26 9,1,148,,316095,28,0,5 16 26 9,1
6801,'20260912',633,,316096,28,0,53 20 39,1,170,,316098,28,0,53 20 39,1,100,,316100,28,0,53 20 39,1,110,,316101,28,0,88 9,1,190,,316103,28,0,53 20 39,1,110,,316104,28,0,88 9,1,595,,316105,28,0,88 9,1,215,,316107,28,0,53 20 39,1,292,,316108,28,0,5 16 26 9,1
6801,'20260913',633,,316109,28,0,53 20 39,1,170,,316111,28,0,53 20 39,1,100,,316113,28,0,53 20 39,1,110,,316114,28,0,88 9,1,190,,316116,28,0,53 20 39,1,110,,316117,28,0,88 9,1,595,,316118,28,0,88 9,1,215,,316120,28,0,53 20 39,1,292,,316121,28,0,5 16 26 9,1
6801,'20260914',505,,316122,28,0,5 16 26 9,1,597,,316123,28,0,88 9,1,100,,316124,28,0,88 9,1,347,,316125,28,0,5 16 26 9,1,200,,316126,28,0,5 16 26 9,1,152,,316127,28,0,88 9,1,106,,316128,28,0,88 9,1,200,,316129,28,0,5 16 26 9,1,148,,316130,28,0,5 16 26 9,1
6801,'20260915',505,,316131,28,0,5 16 26 9,1,597,,316132,28,0,88 9,1,100,,316133,28,0,88 9,1,347,,316134,28,0,5 16 26 9,1,200,,316135,28,0,5 16 26 9,1,152,,316136,28,0,88 9,1,106,,316137,28,0,88 9,1,200,,316138,28,0,5 16 26 9,1,148,,316139,28,0,5 16 26 9,1
6801,'20260916',505,,316140,28,0,5 16 26 9,1,597,,316141,28,0,88 9,1,100,,316142,28,0,88 9,1,347,,316143,28,0,5 16 26 9,1,200,,316144,28,0,5 16 26 9,1,152,,316145,28,0,88 9,1,106,,316146,28,0,88 9,1,200,,316147,28,0,5 16 26 9,1,148,,316148,28,0,5 16 26 9,1
6801,'20260917',505,,316149,28,0,5 16 26 9,1,597,,316150,28,0,88 9,1,100,,316151,28,0,88 9,1,347,,316152,28,0,5 16 26 9,1,200,,316153,28,0,5 16 26 9,1,152,,316154,28,0,88 9,1,106,,316155,28,0,88 9,1,200,,316156,28,0,5 16 26 9,1,148,,316157,28,0,5 16 26 9,1
6801,'20260918',505,,316158,28,0,5 16 26 9,1,597,,316159,28,0,88 9,1,100,,316160,28,0,88 9,1,347,,316161,28,0,5 16 26 9,1,200,,316162,28,0,5 16 26 9,1,152,,316163,28,0,88 9,1,106,,316164,28,0,88 9,1,200,,316165,28,0,5 16 26 9,1,148,,316166,28,0,5 16 26 9,1
6801,'20260919',633,,316167,28,0,53 20 39,1,170,,316169,28,0,53 20 39,1,100,,316171,28,0,53 20 39,1,110,,316172,28,0,88 9,1,190,,316174,28,0,53 20 39,1,110,,316175,28,0,88 9,1,595,,316176,28,0,88 9,1,215,,316178,28,0,53 20 39,1,292,,316179,28,0,5 16 26 9,1
6801,'20260920',633,,316180,28,0,53 20 39,1,170,,316182,28,0,53 20 39,1,100,,316184,28,0,53 20 39,1,110,,316185,28,0,88 9,1,190,,316187,28,0,53 20 39,1,110,,316188,28,0,88 9,1,595,,316189,28,0,88 9,1,215,,316191,28,0,53 20 39,1,292,,316192,28,0,5 16 26 9,1
6801,'20260921',505,,316193,28,0,5 16 26 9,1,597,,316194,28,0,88 9,1,100,,316195,28,0,88 9,1,347,,316196,28,0,5 16 26 9,1,200,,316197,28,0,5 16 26 9,1,152,,316198,28,0,88 9,1,106,,316199,28,0,88 9,1,200,,316200,28,0,5 16 26 9,1,148,,316201,28,0,5 16 26 9,1
6801,'20260922',505,,316202,28,0,5 16 26 9,1,597,,316203,28,0,88 9,1,100,,316204,28,0,88 9,1,347,,316205,28,0,5 16 26 9,1,200,,316206,28,0,5 16 26 9,1,152,,316207,28,0,88 9,1,106,,316208,28,0,88 9,1,200,,316209,28,0,5 16 26 9,1,148,,316210,28,0,5 16 26 9,1
6801,'20260923',505,,316211,28,0,5 16 26 9,1,597,,316212,28,0,88 9,1,100,,316213,28,0,88 9,1,347,,316214,28,0,5 16 26 9,1,200,,316215,28,0,5 16 26 9,1,152,,316216,28,0,88 9,1,106,,316217,28,0,88 9,1,200,,316218,28,0,5 16 26 9,1,148,,316219,28,0,5 16 26 9,1
6801,'20260924',505,,316220,28,0,5 16 26 9,1,597,,316221,28,0,88 9,1,100,,316222,28,0,88 9,1,347,,316223,28,0,5 16 26 9,1,200,,316224,28,0,5 16 26 9,1,152,,316225,28,0,88 9,1,106,,316226,28,0,88 9,1,200,,316227,28,0,5 16 26 9,1,148,,316228,28,0,5 16 26 9,1
6801,'20260925',505,,316229,28,0,5 16 26 9,1,597,,316230,28,0,88 9,1,100,,316231,28,0,88 9,1,347,,316232,28,0,5 16 26 9,1,200,,316233,28,0,5 16 26 9,1,152,,316234,28,0,88 9,1,106,,316235,28,0,88 9,1,200,,316236,28,0,5 16 26 9,1,148,,316237,28,0,5 16 26 9,1
6801,'20260926',633,,316238,28,0,53 20 39,1,170,,316240,28,0,53 20 39,1,100,,316242,28,0,53 20 39,1,110,,316243,28,0,88 9,1,190,,316245,28,0,53 20 39,1,110,,316246,28,0,88 9,1,595,,316247,28,0,88 9,1,215,,316249,28,0,53 20 39,1,292,,316250,28,0,5 16 26 9,1
6801,'20260927',633,,316251,28,0,53 20 39,1,170,,316253,28,0,53 20 39,1,100,,316255,28,0,53 20 39,1,110,,316256,28,0,88 9,1,190,,316258,28,0,53 20 39,1,110,,316259,28,0,88 9,1,595,,316260,28,0,88 9,1,215,,316262,28,0,53 20 39,1,292,,316263,28,0,5 16 26 9,1
6801,'20260928',505,,316264,28,0,5 16 26 9,1,597,,316265,28,0,88 9,1,100,,316266,28,0,88 9,1,347,,316267,28,0,5 16 26 9,1,200,,316268,28,0,5 16 26 9,1,152,,316269,28,0,88 9,1,106,,316270,28,0,88 9,1,200,,316271,28,0,5 16 26 9,1,148,,316272,28,0,5 16 26 9,1
6801,'20260929',505,,316273,28,0,5 16 26 9,1,597,,316274,28,0,88 9,1,100,,316275,28,0,88 9,1,347,,316276,28,0,5 16 26 9,1,200,,316277,28,0,5 16 26 9,1,152,,316278,28,0,88 9,1,106,,316279,28,0,88 9,1,200,,316280,28,0,5 16 26 9,1,148,,316281,28,0,5 16 26 9,1
6801,'20260930',505,,316282,28,0,5 16 26 9,1,597,,316283,28,0,88 9,1,100,,316284,28,0,88 9,1,347,,316285,28,0,5 16 26 9,1,200,,316286,28,0,5 16 26 9,1,152,,316287,28,0,88 9,1,106,,316288,28,0,88 9,1,200,,316289,28,0,5 16 26 9,1,148,,316290,28,0,5 16 26 9,1
6801,'20261001',505,,316291,28,0,5 16 26 9,1,597,,316292,28,0,88 9,1,100,,316293,28,0,88 9,1,347,,316294,28,0,5 16 26 9,1,200,,316295,28,0,5 16 26 9,1,152,,316296,28,0,88 9,1,106,,316297,28,0,88 9,1,200,,316298,28,0,5 16 26 9,1,148,,316299,28,0,5 16 26 9,1
6801,'20261002',505,,316300,28,0,5 16 26 9,1,597,,316301,28,0,88 9,1,100,,316302,28,0,88 9,1,347,,316303,28,0,5 16 26 9,1,200,,316304,28,0,5 16 26 9,1,152,,316305,28,0,88 9,1,106,,316306,28,0,88 9,1,200,,316307,28,0,5 16 26 9,1,148,,316308,28,0,5 16 26 9,1
6801,'20261003',633,,316309,28,0,53 20 39,1,170,,316311,28,0,53 20 39,1,100,,316313,28,0,53 20 39,1,110,,316314,28,0,88 9,1,190,,316316,28,0,53 20 39,1,110,,316317,28,0,88 9,1,595,,316318,28,0,88 9,1,215,,316320,28,0,53 20 39,1,292,,316321,28,0,5 16 26 9,1
6801,'20261004',633,,316322,28,0,53 20 39,1,170,,316324,28,0,53 20 39,1,100,,316326,28,0,53 20 39,1,110,,316327,28,0,88 9,1,190,,316329,28,0,53 20 39,1,110,,316330,28,0,88 9,1,595,,316331,28,0,88 9,1,215,,316333,28,0,53 20 39,1,292,,316334,28,0,5 16 26 9,1
6801,'20261005',505,,316335,28,0,5 16 26 9,1,597,,316336,28,0,88 9,1,100,,316337,28,0,88 9,1,347,,316338,28,0,5 16 26 9,1,200,,316339,28,0,5 16 26 9,1,152,,316340,28,0,88 9,1,106,,316341,28,0,88 9,1,200,,316342,28,0,5 16 26 9,1,148,,316343,28,0,5 16 26 9,1
6801,'20261006',505,,316344,28,0,5 16 26 9,1,597,,316345,28,0,88 9,1,100,,316346,28,0,88 9,1,347,,316347,28,0,5 16 26 9,1,200,,316348,28,0,5 16 26 9,1,152,,316349,28,0,88 9,1,106,,316350,28,0,88 9,1,200,,316351,28,0,5 16 26 9,1,148,,316352,28,0,5 16 26 9,1
6801,'20261007',505,,316353,28,0,5 16 26 9,1,597,,316354,28,0,88 9,1,100,,316355,28,0,88 9,1,347,,316356,28,0,5 16 26 9,1,200,,316357,28,0,5 16 26 9,1,152,,316358,28,0,88 9,1,106,,316359,28,0,88 9,1,200,,316360,28,0,5 16 26 9,1,148,,316361,28,0,5 16 26 9,1
6801,'20261008',505,,316362,28,0,5 16 26 9,1,597,,316363,28,0,88 9,1,100,,316364,28,0,88 9,1,347,,316365,28,0,5 16 26 9,1,200,,316366,28,0,5 16 26 9,1,152,,316367,28,0,88 9,1,106,,316368,28,0,88 9,1,200,,316369,28,0,5 16 26 9,1,148,,316370,28,0,5 16 26 9,1
6801,'20261009',505,,316371,28,0,5 16 26 9,1,597,,316372,28,0,88 9,1,100,,316373,28,0,88 9,1,347,,316374,28,0,5 16 26 9,1,200,,316375,28,0,5 16 26 9,1,152,,316376,28,0,88 9,1,106,,316377,28,0,88 9,1,200,,316378,28,0,5 16 26 9,1,148,,316379,28,0,5 16 26 9,1
6801,'20261010',633,,316380,28,0,53 20 39,1,170,,316382,28,0,53 20 39,1,100,,316384,28,0,53 20 39,1,110,,316385,28,0,88 9,1,190,,316387,28,0,53 20 39,1,110,,316388,28,0,88 9,1,595,,316389,28,0,88 9,1,215,,316391,28,0,53 20 39,1,292,,316392,28,0,5 16 26 9,1
6801,'20261011',633,,316393,28,0,53 20 39,1,170,,316395,28,0,53 20 39,1,100,,316397,28,0,53 20 39,1,110,,316398,28,0,88 9,1,190,,316400,28,0,53 20 39,1,110,,316401,28,0,88 9,1,595,,316402,28,0,88 9,1,215,,316404,28,0,53 20 39,1,292,,316405,28,0,5 16 26 9,1
6801,'20261012',633,,316406,28,0,53 20 39,1,170,,316408,28,0,53 20 39,1,100,,316410,28,0,53 20 39,1,110,,316411,28,0,88 9,1,190,,316413,28,0,53 20 39,1,110,,316414,28,0,88 9,1,595,,316415,28,0,88 9,1,215,,316417,28,0,53 20 39,1,292,,316418,28,0,5 16 26 9,1
6801,'20261013',505,,316419,28,0,5 16 26 9,1,597,,316420,28,0,88 9,1,100,,316421,28,0,88 9,1,347,,316422,28,0,5 16 26 9,1,200,,316423,28,0,5 16 26 9,1,152,,316424,28,0,88 9,1,106,,316425,28,0,88 9,1,200,,316426,28,0,5 16 26 9,1,148,,316427,28,0,5 16 26 9,1
6801,'20261014',505,,316428,28,0,5 16 26 9,1,597,,316429,28,0,88 9,1,100,,316430,28,0,88 9,1,347,,316431,28,0,5 16 26 9,1,200,,316432,28,0,5 16 26 9,1,152,,316433,28,0,88 9,1,106,,316434,28,0,88 9,1,200,,316435,28,0,5 16 26 9,1,148,,316436,28,0,5 16 26 9,1
6801,'20261015',505,,316437,28,0,5 16 26 9,1,597,,316438,28,0,88 9,1,100,,316439,28,0,88 9,1,347,,316440,28,0,5 16 26 9,1,200,,316441,28,0,5 16 26 9,1,152,,316442,28,0,88 9,1,106,,316443,28,0,88 9,1,200,,316444,28,0,5 16 26 9,1,148,,316445,28,0,5 16 26 9,1
6801,'20261016',505,,316446,28,0,5 16 26 9,1,597,,316447,28,0,88 9,1,100,,316448,28,0,88 9,1,347,,316449,28,0,5 16 26 9,1,200,,316450,28,0,5 16 26 9,1,152,,316451,28,0,88 9,1,106,,316452,28,0,88 9,1,200,,316453,28,0,5 16 26 9,1,148,,316454,28,0,5 16 26 9,1
6801,'20261017',633,,316455,28,0,53 20 39,1,170,,316457,28,0,53 20 39,1,100,,316459,28,0,53 20 39,1,110,,316460,28,0,88 9,1,190,,316462,28,0,53 20 39,1,110,,316463,28,0,88 9,1,595,,316464,28,0,88 9,1,215,,316466,28,0,53 20 39,1,292,,316467,28,0,5 16 26 9,1
6801,'20261018',633,,316468,28,0,53 20 39,1,170,,316470,28,0,53 20 39,1,100,,316472,28,0,53 20 39,1,110,,316473,28,0,88 9,1,190,,316475,28,0,53 20 39,1,110,,316476,28,0,88 9,1,595,,316477,28,0,88 9,1,215,,316479,28,0,53 20 39,1,292,,316480,28,0,5 16 26 9,1
6801,'20261019',505,,316481,28,0,5 16 26 9,1,597,,316482,28,0,88 9,1,100,,316483,28,0,88 9,1,347,,316484,28,0,5 16 26 9,1,200,,316485,28,0,5 16 26 9,1,152,,316486,28,0,88 9,1,106,,316487,28,0,88 9,1,200,,316488,28,0,5 16 26 9,1,148,,316489,28,0,5 16 26 9,1
6801,'20261020',505,,316490,28,0,5 16 26 9,1,597,,316491,28,0,88 9,1,100,,316492,28,0,88 9,1,347,,316493,28,0,5 16 26 9,1,200,,316494,28,0,5 16 26 9,1,152,,316495,28,0,88 9,1,106,,316496,28,0,88 9,1,200,,316497,28,0,5 16 26 9,1,148,,316498,28,0,5 16 26 9,1
6801,'20261021',505,,316499,28,0,5 16 26 9,1,597,,316500,28,0,88 9,1,100,,316501,28,0,88 9,1,347,,316502,28,0,5 16 26 9,1,200,,316503,28,0,5 16 26 9,1,152,,316504,28,0,88 9,1,106,,316505,28,0,88 9,1,200,,316506,28,0,5 16 26 9,1,148,,316507,28,0,5 16 26 9,1
6801,'20261022',505,,316508,28,0,5 16 26 9,1,597,,316509,28,0,88 9,1,100,,316510,28,0,88 9,1,347,,316511,28,0,5 16 26 9,1,200,,316512,28,0,5 16 26 9,1,152,,316513,28,0,88 9,1,106,,316514,28,0,88 9,1,200,,316515,28,0,5 16 26 9,1,148,,316516,28,0,5 16 26 9,1
6801,'20261023',505,,316517,28,0,5 16 26 9,1,597,,316518,28,0,88 9,1,100,,316519,28,0,88 9,1,347,,316520,28,0,5 16 26 9,1,200,,316521,28,0,5 16 26 9,1,152,,316522,28,0,88 9,1,106,,316523,28,0,88 9,1,200,,316524,28,0,5 16 26 9,1,148,,316525,28,0,5 16 26 9,1
6801,'20261024',633,,316526,28,0,53 20 39,1,170,,316528,28,0,53 20 39,1,100,,316530,28,0,53 20 39,1,110,,316531,28,0,88 9,1,190,,316533,28,0,53 20 39,1,110,,316534,28,0,88 9,1,595,,316535,28,0,88 9,1,215,,316537,28,0,53 20 39,1,292,,316538,28,0,5 16 26 9,1
6801,'20261025',633,,316539,28,0,53 20 39,1,170,,316541,28,0,53 20 39,1,100,,316543,28,0,53 20 39,1,110,,316544,28,0,88 9,1,190,,316546,28,0,53 20 39,1,110,,316547,28,0,88 9,1,595,,316548,28,0,88 9,1,215,,316550,28,0,53 20 39,1,292,,316551,28,0,5 16 26 9,1
6801,'20261026',505,,316552,28,0,5 16 26 9,1,597,,316553,28,0,88 9,1,100,,316554,28,0,88 9,1,347,,316555,28,0,5 16 26 9,1,200,,316556,28,0,5 16 26 9,1,152,,316557,28,0,88 9,1,106,,316558,28,0,88 9,1,200,,316559,28,0,5 16 26 9,1,148,,316560,28,0,5 16 26 9,1
6801,'20261027',505,,316561,28,0,5 16 26 9,1,597,,316562,28,0,88 9,1,100,,316563,28,0,88 9,1,347,,316564,28,0,5 16 26 9,1,200,,316565,28,0,5 16 26 9,1,152,,316566,28,0,88 9,1,106,,316567,28,0,88 9,1,200,,316568,28,0,5 16 26 9,1,148,,316569,28,0,5 16 26 9,1
6801,'20261028',505,,316570,28,0,5 16 26 9,1,597,,316571,28,0,88 9,1,100,,316572,28,0,88 9,1,347,,316573,28,0,5 16 26 9,1,200,,316574,28,0,5 16 26 9,1,152,,316575,28,0,88 9,1,106,,316576,28,0,88 9,1,200,,316577,28,0,5 16 26 9,1,148,,316578,28,0,5 16 26 9,1
6801,'20261029',505,,316579,28,0,5 16 26 9,1,597,,316580,28,0,88 9,1,100,,316581,28,0,88 9,1,347,,316582,28,0,5 16 26 9,1,200,,316583,28,0,5 16 26 9,1,152,,316584,28,0,88 9,1,106,,316585,28,0,88 9,1,200,,316586,28,0,5 16 26 9,1,148,,316587,28,0,5 16 26 9,1
6801,'20261030',505,,316588,28,0,5 16 26 9,1,597,,316589,28,0,88 9,1,100,,316590,28,0,88 9,1,347,,316591,28,0,5 16 26 9,1,200,,316592,28,0,5 16 26 9,1,152,,316593,28,0,88 9,1,106,,316594,28,0,88 9,1,200,,316595,28,0,5 16 26 9,1,148,,316596,28,0,5 16 26 9,1
6801,'20261031',633,,316597,28,0,53 20 39,1,170,,316599,28,0,53 20 39,1,100,,316601,28,0,53 20 39,1,110,,316602,28,0,88 9,1,190,,316604,28,0,53 20 39,1,110,,316605,28,0,88 9,1,595,,316606,28,0,88 9,1,215,,316608,28,0,53 20 39,1,292,,316609,28,0,5 16 26 9,1
6801,'20261101',633,,316610,28,0,53 20 39,1,170,,316612,28,0,53 20 39,1,100,,316614,28,0,53 20 39,1,110,,316615,28,0,88 9,1,190,,316617,28,0,53 20 39,1,110,,316618,28,0,88 9,1,595,,316619,28,0,88 9,1,215,,316621,28,0,53 20 39,1,292,,316622,28,0,5 16 26 9,1
6801,'20261102',505,,316623,28,0,5 16 26 9,1,597,,316624,28,0,88 9,1,100,,316625,28,0,88 9,1,347,,316626,28,0,5 16 26 9,1,200,,316627,28,0,5 16 26 9,1,152,,316628,28,0,88 9,1,106,,316629,28,0,88 9,1,200,,316630,28,0,5 16 26 9,1,148,,316631,28,0,5 16 26 9,1
6801,'20261103',505,,316632,28,0,5 16 26 9,1,597,,316633,28,0,88 9,1,100,,316634,28,0,88 9,1,347,,316635,28,0,5 16 26 9,1,200,,316636,28,0,5 16 26 9,1,152,,316637,28,0,88 9,1,106,,316638,28,0,88 9,1,200,,316639,28,0,5 16 26 9,1,148,,316640,28,0,5 16 26 9,1
6801,'20261104',505,,316641,28,0,5 16 26 9,1,597,,316642,28,0,88 9,1,100,,316643,28,0,88 9,1,347,,316644,28,0,5 16 26 9,1,200,,316645,28,0,5 16 26 9,1,152,,316646,28,0,88 9,1,106,,316647,28,0,88 9,1,200,,316648,28,0,5 16 26 9,1,148,,316649,28,0,5 16 26 9,1
6801,'20261105',505,,316650,28,0,5 16 26 9,1,597,,316651,28,0,88 9,1,100,,316652,28,0,88 9,1,347,,316653,28,0,5 16 26 9,1,200,,316654,28,0,5 16 26 9,1,152,,316655,28,0,88 9,1,106,,316656,28,0,88 9,1,200,,316657,28,0,5 16 26 9,1,148,,316658,28,0,5 16 26 9,1
6801,'20261106',505,,316659,28,0,5 16 26 9,1,597,,316660,28,0,88 9,1,100,,316661,28,0,88 9,1,347,,316662,28,0,5 16 26 9,1,200,,316663,28,0,5 16 26 9,1,152,,316664,28,0,88 9,1,106,,316665,28,0,88 9,1,200,,316666,28,0,5 16 26 9,1,148,,316667,28,0,5 16 26 9,1
6801,'20261107',633,,316668,28,0,53 20 39,1,170,,316670,28,0,53 20 39,1,100,,316672,28,0,53 20 39,1,110,,316673,28,0,88 9,1,190,,316675,28,0,53 20 39,1,110,,316676,28,0,88 9,1,595,,316677,28,0,88 9,1,215,,316679,28,0,53 20 39,1,292,,316680,28,0,5 16 26 9,1
6801,'20261108',633,,316681,28,0,53 20 39,1,170,,316683,28,0,53 20 39,1,100,,316685,28,0,53 20 39,1,110,,316686,28,0,88 9,1,190,,316688,28,0,53 20 39,1,110,,316689,28,0,88 9,1,595,,316690,28,0,88 9,1,215,,316692,28,0,53 20 39,1,292,,316693,28,0,5 16 26 9,1
6801,'20261109',505,,316694,28,0,5 16 26 9,1,597,,316695,28,0,88 9,1,100,,316696,28,0,88 9,1,347,,316697,28,0,5 16 26 9,1,200,,316698,28,0,5 16 26 9,1,152,,316699,28,0,88 9,1,106,,316700,28,0,88 9,1,200,,316701,28,0,5 16 26 9,1,148,,316702,28,0,5 16 26 9,1
6801,'20261110',505,,316703,28,0,5 16 26 9,1,597,,316704,28,0,88 9,1,100,,316705,28,0,88 9,1,347,,316706,28,0,5 16 26 9,1,200,,316707,28,0,5 16 26 9,1,152,,316708,28,0,88 9,1,106,,316709,28,0,88 9,1,200,,316710,28,0,5 16 26 9,1,148,,316711,28,0,5 16 26 9,1
6801,'20261111',505,,316712,28,0,5 16 26 9,1,597,,316713,28,0,88 9,1,100,,316714,28,0,88 9,1,347,,316715,28,0,5 16 26 9,1,200,,316716,28,0,5 16 26 9,1,152,,316717,28,0,88 9,1,106,,316718,28,0,88 9,1,200,,316719,28,0,5 16 26 9,1,148,,316720,28,0,5 16 26 9,1
6801,'20261112',505,,316721,28,0,5 16 26 9,1,597,,316722,28,0,88 9,1,100,,316723,28,0,88 9,1,347,,316724,28,0,5 16 26 9,1,200,,316725,28,0,5 16 26 9,1,152,,316726,28,0,88 9,1,106,,316727,28,0,88 9,1,200,,316728,28,0,5 16 26 9,1,148,,316729,28,0,5 16 26 9,1
6801,'20261113',505,,316730,28,0,5 16 26 9,1,597,,316731,28,0,88 9,1,100,,316732,28,0,88 9,1,347,,316733,28,0,5 16 26 9,1,200,,316734,28,0,5 16 26 9,1,152,,316735,28,0,88 9,1,106,,316736,28,0,88 9,1,200,,316737,28,0,5 16 26 9,1,148,,316738,28,0,5 16 26 9,1
6801,'20261114',633,,316739,28,0,53 20 39,1,170,,316741,28,0,53 20 39,1,100,,316743,28,0,53 20 39,1,110,,316744,28,0,88 9,1,190,,316746,28,0,53 20 39,1,110,,316747,28,0,88 9,1,595,,316748,28,0,88 9,1,215,,316750,28,0,53 20 39,1,292,,316751,28,0,5 16 26 9,1
6801,'20261115',633,,316752,28,0,53 20 39,1,170,,316754,28,0,53 20 39,1,100,,316756,28,0,53 20 39,1,110,,316757,28,0,88 9,1,190,,316759,28,0,53 20 39,1,110,,316760,28,0,88 9,1,595,,316761,28,0,88 9,1,215,,316763,28,0,53 20 39,1,292,,316764,28,0,5 16 26 9,1
6801,'20261116',505,,316765,28,0,5 16 26 9,1,597,,316766,28,0,88 9,1,100,,316767,28,0,88 9,1,347,,316768,28,0,5 16 26 9,1,200,,316769,28,0,5 16 26 9,1,152,,316770,28,0,88 9,1,106,,316771,28,0,88 9,1,200,,316772,28,0,5 16 26 9,1,148,,316773,28,0,5 16 26 9,1
6801,'20261117',505,,316774,28,0,5 16 26 9,1,597,,316775,28,0,88 9,1,100,,316776,28,0,88 9,1,347,,316777,28,0,5 16 26 9,1,200,,316778,28,0,5 16 26 9,1,152,,316779,28,0,88 9,1,106,,316780,28,0,88 9,1,200,,316781,28,0,5 16 26 9,1,148,,316782,28,0,5 16 26 9,1
6801,'20261118',505,,316783,28,0,5 16 26 9,1,597,,316784,28,0,88 9,1,100,,316785,28,0,88 9,1,347,,316786,28,0,5 16 26 9,1,200,,316787,28,0,5 16 26 9,1,152,,316788,28,0,88 9,1,106,,316789,28,0,88 9,1,200,,316790,28,0,5 16 26 9,1,148,,316791,28,0,5 16 26 9,1
6801,'20261119',505,,316792,28,0,5 16 26 9,1,597,,316793,28,0,88 9,1,100,,316794,28,0,88 9,1,347,,316795,28,0,5 16 26 9,1,200,,316796,28,0,5 16 26 9,1,152,,316797,28,0,88 9,1,106,,316798,28,0,88 9,1,200,,316799,28,0,5 16 26 9,1,148,,316800,28,0,5 16 26 9,1
6801,'20261120',505,,316801,28,0,5 16 26 9,1,597,,316802,28,0,88 9,1,100,,316803,28,0,88 9,1,347,,316804,28,0,5 16 26 9,1,200,,316805,28,0,5 16 26 9,1,152,,316806,28,0,88 9,1,106,,316807,28,0,88 9,1,200,,316808,28,0,5 16 26 9,1,148,,316809,28,0,5 16 26 9,1
6801,'20261121',633,,316810,28,0,53 20 39,1,170,,316812,28,0,53 20 39,1,100,,316814,28,0,53 20 39,1,110,,316815,28,0,88 9,1,190,,316817,28,0,53 20 39,1,110,,316818,28,0,88 9,1,595,,316819,28,0,88 9,1,215,,316821,28,0,53 20 39,1,292,,316822,28,0,5 16 26 9,1
6801,'20261122',633,,316823,28,0,53 20 39,1,170,,316825,28,0,53 20 39,1,100,,316827,28,0,53 20 39,1,110,,316828,28,0,88 9,1,190,,316830,28,0,53 20 39,1,110,,316831,28,0,88 9,1,595,,316832,28,0,88 9,1,215,,316834,28,0,53 20 39,1,292,,316835,28,0,5 16 26 9,1
6801,'20261123',505,,316836,28,0,5 16 26 9,1,597,,316837,28,0,88 9,1,100,,316838,28,0,88 9,1,347,,316839,28,0,5 16 26 9,1,200,,316840,28,0,5 16 26 9,1,152,,316841,28,0,88 9,1,106,,316842,28,0,88 9,1,200,,316843,28,0,5 16 26 9,1,148,,316844,28,0,5 16 26 9,1
6801,'20261124',505,,316845,28,0,5 16 26 9,1,597,,316846,28,0,88 9,1,100,,316847,28,0,88 9,1,347,,316848,28,0,5 16 26 9,1,200,,316849,28,0,5 16 26 9,1,152,,316850,28,0,88 9,1,106,,316851,28,0,88 9,1,200,,316852,28,0,5 16 26 9,1,148,,316853,28,0,5 16 26 9,1
6801,'20261125',505,,316854,28,0,5 16 26 9,1,597,,316855,28,0,88 9,1,100,,316856,28,0,88 9,1,347,,316857,28,0,5 16 26 9,1,200,,316858,28,0,5 16 26 9,1,152,,316859,28,0,88 9,1,106,,316860,28,0,88 9,1,200,,316861,28,0,5 16 26 9,1,148,,316862,28,0,5 16 26 9,1
6801,'20261126',505,,316863,28,0,5 16 26 9,1,597,,316864,28,0,88 9,1,100,,316865,28,0,88 9,1,347,,316866,28,0,5 16 26 9,1,200,,316867,28,0,5 16 26 9,1,152,,316868,28,0,88 9,1,106,,316869,28,0,88 9,1,200,,316870,28,0,5 16 26 9,1,148,,316871,28,0,5 16 26 9,1
6801,'20261127',505,,316872,28,0,5 16 26 9,1,597,,316873,28,0,88 9,1,100,,316874,28,0,88 9,1,347,,316875,28,0,5 16 26 9,1,200,,316876,28,0,5 16 26 9,1,152,,316877,28,0,88 9,1,106,,316878,28,0,88 9,1,200,,316879,28,0,5 16 26 9,1,148,,316880,28,0,5 16 26 9,1
