2101,'20260917',645,,244845,23,,,1,156,,244846,23,,,1,116,,244847,23,,,1,95,,244848,23,,,1,100,,244849,23,,,1,104,,244850,23,0,16 63 9,1,102,,244853,23,0,16 63 9,1,108,,244858,23,0,16 63 9,1,93,,244862,15,0,5 63 9,1,519,,244868,15,0,5 63 9,1,93,,244873,15,0,5 63 9,1,95,,244878,15,0,5 63 9,1,120,,244881,23,0,16 63 9,1,95,,244883,23,0,16 63 9,1,83,,244886,23,,,1,91,,244887,23,,,1,100,,244888,23,,,1
2101,'20260918',645,,244889,23,,,1,156,,244890,23,,,1,116,,244891,23,,,1,95,,244892,23,,,1,100,,244893,23,,,1,104,,244894,23,0,16 63 9,1,102,,244897,23,0,16 63 9,1,108,,244902,23,0,16 63 9,1,93,,244906,15,0,5 63 9,1,519,,244912,15,0,5 63 9,1,93,,244917,15,0,5 63 9,1,95,,244922,15,0,5 63 9,1,120,,244925,23,0,16 63 9,1,95,,244927,23,0,16 63 9,1,83,,244930,23,,,1,91,,244931,23,,,1,100,,244932,23,,,1
2101,'20260919',829,,244933,23,0,57 8 9,1,100,,244934,23,0,57 8 9,1,95,,244935,23,0,57 8 9,1,110,,244936,23,0,57 8 9,1,88,,244938,23,0,34 10 9,1,110,,244940,23,0,34 10 9,1,103,,244942,23,0,34 10 9,1,95,,244944,23,0,34 10 9,1,105,,244946,23,0,34 10 9,1,105,,244949,23,0,34 10 9,1,100,,244952,23,0,34 10 9,1,92,,244956,23,0,34 10 9,1,95,,244960,23,0,34 10 9,1,100,,244964,23,0,34 10 9,1,95,,244967,23,0,34 10 9,1,94,,244970,23,0,34 10 9,1,100,,244973,23,0,34 10 9,1,104,,244976,23,0,57 8 9,1,98,,244977,23,0,57 8 9,1,100,,244978,23,0,57 8 9,1
2101,'20260920',829,,244979,23,0,57 8 9,1,100,,244980,23,0,57 8 9,1,95,,244981,23,0,57 8 9,1,110,,244982,23,0,57 8 9,1,88,,244983,23,0,34 10 9,1,110,,244985,23,0,34 10 9,1,103,,244987,23,0,34 10 9,1,95,,244989,23,0,34 10 9,1,105,,244991,23,0,34 10 9,1,105,,244994,23,0,34 10 9,1,100,,244997,23,0,34 10 9,1,92,,245001,23,0,34 10 9,1,95,,245005,23,0,34 10 9,1,100,,245009,23,0,34 10 9,1,95,,245012,23,0,34 10 9,1,94,,245015,23,0,34 10 9,1,100,,245018,23,0,34 10 9,1,104,,245020,23,0,57 8 9,1,98,,245021,23,0,57 8 9,1,100,,245022,23,0,57 8 9,1
2101,'20260921',645,,245023,23,,,1,156,,245024,23,,,1,116,,245025,23,,,1,95,,245026,23,,,1,100,,245027,23,,,1,104,,245028,23,0,16 63 9,1,102,,245031,23,0,16 63 9,1,108,,245036,23,0,16 63 9,1,93,,245040,15,0,5 63 9,1,519,,245046,15,0,5 63 9,1,93,,245051,15,0,5 63 9,1,95,,245056,15,0,5 63 9,1,120,,245059,23,0,16 63 9,1,95,,245061,23,0,16 63 9,1,83,,245064,23,,,1,91,,245065,23,,,1,100,,245066,23,,,1
2101,'20260922',645,,245067,23,,,1,156,,245068,23,,,1,116,,245069,23,,,1,95,,245070,23,,,1,100,,245071,23,,,1,104,,245072,23,0,16 63 9,1,102,,245075,23,0,16 63 9,1,108,,245080,23,0,16 63 9,1,93,,245084,15,0,5 63 9,1,519,,245090,15,0,5 63 9,1,93,,245095,15,0,5 63 9,1,95,,245100,15,0,5 63 9,1,120,,245103,23,0,16 63 9,1,95,,245105,23,0,16 63 9,1,83,,245108,23,,,1,91,,245109,23,,,1,100,,245110,23,,,1
2101,'20260923',645,,245111,23,,,1,156,,245112,23,,,1,116,,245113,23,,,1,95,,245114,23,,,1,100,,245115,23,,,1,104,,245116,23,0,16 63 9,1,102,,245119,23,0,16 63 9,1,108,,245124,23,0,16 63 9,1,93,,245128,15,0,5 63 9,1,519,,245134,15,0,5 63 9,1,93,,245139,15,0,5 63 9,1,95,,245144,15,0,5 63 9,1,120,,245147,23,0,16 63 9,1,95,,245149,23,0,16 63 9,1,83,,245152,23,,,1,91,,245153,23,,,1,100,,245154,23,,,1
2101,'20260924',645,,245155,23,,,1,156,,245156,23,,,1,116,,245157,23,,,1,95,,245158,23,,,1,100,,245159,23,,,1,104,,245160,23,0,16 63 9,1,102,,245163,23,0,16 63 9,1,108,,245168,23,0,16 63 9,1,93,,245172,15,0,5 63 9,1,519,,245178,15,0,5 63 9,1,93,,245183,15,0,5 63 9,1,95,,245188,15,0,5 63 9,1,120,,245191,23,0,16 63 9,1,95,,245193,23,0,16 63 9,1,83,,245196,23,,,1,91,,245197,23,,,1,100,,245198,23,,,1
2101,'20260925',645,,245199,23,,,1,156,,245200,23,,,1,116,,245201,23,,,1,95,,245202,23,,,1,100,,245203,23,,,1,104,,245204,23,0,16 63 9,1,102,,245207,23,0,16 63 9,1,108,,245212,23,0,16 63 9,1,93,,245216,15,0,5 63 9,1,519,,245222,15,0,5 63 9,1,93,,245227,15,0,5 63 9,1,95,,245232,15,0,5 63 9,1,120,,245235,23,0,16 63 9,1,95,,245237,23,0,16 63 9,1,83,,245240,23,,,1,91,,245241,23,,,1,100,,245242,23,,,1
2101,'20260926',829,,245243,23,0,57 8 9,1,100,,245244,23,0,57 8 9,1,95,,245245,23,0,57 8 9,1,110,,245246,23,0,57 8 9,1,88,,245248,23,0,34 10 9,1,110,,245250,23,0,34 10 9,1,103,,245252,23,0,34 10 9,1,95,,245254,23,0,34 10 9,1,105,,245256,23,0,34 10 9,1,105,,245259,23,0,34 10 9,1,100,,245262,23,0,34 10 9,1,92,,245266,23,0,34 10 9,1,95,,245270,23,0,34 10 9,1,100,,245274,23,0,34 10 9,1,95,,245277,23,0,34 10 9,1,94,,245280,23,0,34 10 9,1,100,,245283,23,0,34 10 9,1,104,,245286,23,0,57 8 9,1,98,,245287,23,0,57 8 9,1,100,,245288,23,0,57 8 9,1
2101,'20260927',829,,245289,23,0,57 8 9,1,100,,245290,23,0,57 8 9,1,95,,245291,23,0,57 8 9,1,110,,245292,23,0,57 8 9,1,88,,245293,23,0,34 10 9,1,110,,245295,23,0,34 10 9,1,103,,245297,23,0,34 10 9,1,95,,245299,23,0,34 10 9,1,105,,245301,23,0,34 10 9,1,105,,245304,23,0,34 10 9,1,100,,245307,23,0,34 10 9,1,92,,245311,23,0,34 10 9,1,95,,245315,23,0,34 10 9,1,100,,245319,23,0,34 10 9,1,95,,245322,23,0,34 10 9,1,94,,245325,23,0,34 10 9,1,100,,245328,23,0,34 10 9,1,104,,245330,23,0,57 8 9,1,98,,245331,23,0,57 8 9,1,100,,245332,23,0,57 8 9,1
2101,'20260928',645,,245333,23,,,1,156,,245334,23,,,1,116,,245335,23,,,1,95,,245336,23,,,1,100,,245337,23,,,1,104,,245338,23,0,16 63 9,1,102,,245341,23,0,16 63 9,1,108,,245346,23,0,16 63 9,1,93,,245350,15,0,5 63 9,1,519,,245356,15,0,5 63 9,1,93,,245361,15,0,5 63 9,1,95,,245366,15,0,5 63 9,1,120,,245369,23,0,16 63 9,1,95,,245371,23,0,16 63 9,1,83,,245374,23,,,1,91,,245375,23,,,1,100,,245376,23,,,1
2101,'20260929',645,,245377,23,,,1,156,,245378,23,,,1,116,,245379,23,,,1,95,,245380,23,,,1,100,,245381,23,,,1,104,,245382,23,0,16 63 9,1,102,,245385,23,0,16 63 9,1,108,,245390,23,0,16 63 9,1,93,,245394,15,0,5 63 9,1,519,,245400,15,0,5 63 9,1,93,,245405,15,0,5 63 9,1,95,,245410,15,0,5 63 9,1,120,,245413,23,0,16 63 9,1,95,,245415,23,0,16 63 9,1,83,,245418,23,,,1,91,,245419,23,,,1,100,,245420,23,,,1
2101,'20260930',645,,245421,23,,,1,156,,245422,23,,,1,116,,245423,23,,,1,95,,245424,23,,,1,100,,245425,23,,,1,104,,245426,23,0,16 63 9,1,102,,245429,23,0,16 63 9,1,108,,245434,23,0,16 63 9,1,93,,245438,15,0,5 63 9,1,519,,245444,15,0,5 63 9,1,93,,245449,15,0,5 63 9,1,95,,245454,15,0,5 63 9,1,120,,245457,23,0,16 63 9,1,95,,245459,23,0,16 63 9,1,83,,245462,23,,,1,91,,245463,23,,,1,100,,245464,23,,,1
2101,'20261001',645,,245465,23,,,1,156,,245466,23,,,1,116,,245467,23,,,1,95,,245468,23,,,1,100,,245469,23,,,1,104,,245470,23,0,16 63 9,1,102,,245473,23,0,16 63 9,1,108,,245478,23,0,16 63 9,1,93,,245482,15,0,5 63 9,1,519,,245488,15,0,5 63 9,1,93,,245493,15,0,5 63 9,1,95,,245498,15,0,5 63 9,1,120,,245501,23,0,16 63 9,1,95,,245503,23,0,16 63 9,1,83,,245506,23,,,1,91,,245507,23,,,1,100,,245508,23,,,1
2101,'20261002',645,,245509,23,,,1,156,,245510,23,,,1,116,,245511,23,,,1,95,,245512,23,,,1,100,,245513,23,,,1,104,,245514,23,0,16 63 9,1,102,,245517,23,0,16 63 9,1,108,,245522,23,0,16 63 9,1,93,,245526,15,0,5 63 9,1,519,,245532,15,0,5 63 9,1,93,,245537,15,0,5 63 9,1,95,,245542,15,0,5 63 9,1,120,,245545,23,0,16 63 9,1,95,,245547,23,0,16 63 9,1,83,,245550,23,,,1,91,,245551,23,,,1,100,,245552,23,,,1
2101,'20261003',829,,245553,23,0,57 8 9,1,100,,245554,23,0,57 8 9,1,95,,245555,23,0,57 8 9,1,110,,245556,23,0,57 8 9,1,88,,245558,23,0,34 10 9,1,110,,245560,23,0,34 10 9,1,103,,245562,23,0,34 10 9,1,95,,245564,23,0,34 10 9,1,105,,245566,23,0,34 10 9,1,105,,245569,23,0,34 10 9,1,100,,245572,23,0,34 10 9,1,92,,245576,23,0,34 10 9,1,95,,245580,23,0,34 10 9,1,100,,245584,23,0,34 10 9,1,95,,245587,23,0,34 10 9,1,94,,245590,23,0,34 10 9,1,100,,245593,23,0,34 10 9,1,104,,245596,23,0,57 8 9,1,98,,245597,23,0,57 8 9,1,100,,245598,23,0,57 8 9,1
2101,'20261004',829,,245599,23,0,57 8 9,1,100,,245600,23,0,57 8 9,1,95,,245601,23,0,57 8 9,1,110,,245602,23,0,57 8 9,1,88,,245603,23,0,34 10 9,1,110,,245605,23,0,34 10 9,1,103,,245607,23,0,34 10 9,1,95,,245609,23,0,34 10 9,1,105,,245611,23,0,34 10 9,1,105,,245614,23,0,34 10 9,1,100,,245617,23,0,34 10 9,1,92,,245621,23,0,34 10 9,1,95,,245625,23,0,34 10 9,1,100,,245629,23,0,34 10 9,1,95,,245632,23,0,34 10 9,1,94,,245635,23,0,34 10 9,1,100,,245638,23,0,34 10 9,1,104,,245640,23,0,57 8 9,1,98,,245641,23,0,57 8 9,1,100,,245642,23,0,57 8 9,1
2101,'20261005',645,,245643,23,,,1,156,,245644,23,,,1,116,,245645,23,,,1,95,,245646,23,,,1,100,,245647,23,,,1,104,,245648,23,0,16 63 9,1,102,,245651,23,0,16 63 9,1,108,,245656,23,0,16 63 9,1,93,,245660,15,0,5 63 9,1,519,,245666,15,0,5 63 9,1,93,,245671,15,0,5 63 9,1,95,,245676,15,0,5 63 9,1,120,,245679,23,0,16 63 9,1,95,,245681,23,0,16 63 9,1,83,,245684,23,,,1,91,,245685,23,,,1,100,,245686,23,,,1
2101,'20261006',645,,245687,23,,,1,156,,245688,23,,,1,116,,245689,23,,,1,95,,245690,23,,,1,100,,245691,23,,,1,104,,245692,23,0,16 63 9,1,102,,245695,23,0,16 63 9,1,108,,245700,23,0,16 63 9,1,93,,245704,15,0,5 63 9,1,519,,245710,15,0,5 63 9,1,93,,245715,15,0,5 63 9,1,95,,245720,15,0,5 63 9,1,120,,245723,23,0,16 63 9,1,95,,245725,23,0,16 63 9,1,83,,245728,23,,,1,91,,245729,23,,,1,100,,245730,23,,,1
2101,'20261007',645,,245731,23,,,1,156,,245732,23,,,1,116,,245733,23,,,1,95,,245734,23,,,1,100,,245735,23,,,1,104,,245736,23,0,16 63 9,1,102,,245739,23,0,16 63 9,1,108,,245744,23,0,16 63 9,1,93,,245748,15,0,5 63 9,1,519,,245754,15,0,5 63 9,1,93,,245759,15,0,5 63 9,1,95,,245764,15,0,5 63 9,1,120,,245767,23,0,16 63 9,1,95,,245769,23,0,16 63 9,1,83,,245772,23,,,1,91,,245773,23,,,1,100,,245774,23,,,1
2101,'20261008',645,,245775,23,,,1,156,,245776,23,,,1,116,,245777,23,,,1,95,,245778,23,,,1,100,,245779,23,,,1,104,,245780,23,0,16 63 9,1,102,,245783,23,0,16 63 9,1,108,,245788,23,0,16 63 9,1,93,,245792,15,0,5 63 9,1,519,,245798,15,0,5 63 9,1,93,,245803,15,0,5 63 9,1,95,,245808,15,0,5 63 9,1,120,,245811,23,0,16 63 9,1,95,,245813,23,0,16 63 9,1,83,,245816,23,,,1,91,,245817,23,,,1,100,,245818,23,,,1
2101,'20261009',645,,245819,23,,,1,156,,245820,23,,,1,116,,245821,23,,,1,95,,245822,23,,,1,100,,245823,23,,,1,104,,245824,23,0,16 63 9,1,102,,245827,23,0,16 63 9,1,108,,245832,23,0,16 63 9,1,93,,245836,15,0,5 63 9,1,519,,245842,15,0,5 63 9,1,93,,245847,15,0,5 63 9,1,95,,245852,15,0,5 63 9,1,120,,245855,23,0,16 63 9,1,95,,245857,23,0,16 63 9,1,83,,245860,23,,,1,91,,245861,23,,,1,100,,245862,23,,,1
2101,'20261010',829,,245863,23,0,57 8 9,1,100,,245864,23,0,57 8 9,1,95,,245865,23,0,57 8 9,1,110,,245866,23,0,57 8 9,1,88,,245868,23,0,34 10 9,1,110,,245870,23,0,34 10 9,1,103,,245872,23,0,34 10 9,1,95,,245874,23,0,34 10 9,1,105,,245876,23,0,34 10 9,1,105,,245879,23,0,34 10 9,1,100,,245882,23,0,34 10 9,1,92,,245886,23,0,34 10 9,1,95,,245890,23,0,34 10 9,1,100,,245894,23,0,34 10 9,1,95,,245897,23,0,34 10 9,1,94,,245900,23,0,34 10 9,1,100,,245903,23,0,34 10 9,1,104,,245906,23,0,57 8 9,1,98,,245907,23,0,57 8 9,1,100,,245908,23,0,57 8 9,1
2101,'20261011',829,,245909,23,0,57 8 9,1,100,,245910,23,0,57 8 9,1,95,,245911,23,0,57 8 9,1,110,,245912,23,0,57 8 9,1,88,,245913,23,0,34 10 9,1,110,,245915,23,0,34 10 9,1,103,,245917,23,0,34 10 9,1,95,,245919,23,0,34 10 9,1,105,,245921,23,0,34 10 9,1,105,,245924,23,0,34 10 9,1,100,,245927,23,0,34 10 9,1,92,,245931,23,0,34 10 9,1,95,,245935,23,0,34 10 9,1,100,,245939,23,0,34 10 9,1,95,,245942,23,0,34 10 9,1,94,,245945,23,0,34 10 9,1,100,,245948,23,0,34 10 9,1,104,,245950,23,0,57 8 9,1,98,,245951,23,0,57 8 9,1,100,,245952,23,0,57 8 9,1
2101,'20261012',829,,245953,23,0,57 8 9,1,100,,245954,23,0,57 8 9,1,95,,245955,23,0,57 8 9,1,110,,245956,23,0,57 8 9,1,88,,245958,23,0,34 10 9,1,110,,245960,23,0,34 10 9,1,103,,245962,23,0,34 10 9,1,95,,245964,23,0,34 10 9,1,105,,245966,23,0,34 10 9,1,105,,245969,23,0,34 10 9,1,100,,245972,23,0,34 10 9,1,92,,245976,23,0,34 10 9,1,95,,245980,23,0,34 10 9,1,100,,245984,23,0,34 10 9,1,95,,245987,23,0,34 10 9,1,94,,245990,23,0,34 10 9,1,100,,245993,23,0,34 10 9,1,104,,245996,23,0,57 8 9,1,98,,245997,23,0,57 8 9,1,100,,245998,23,0,57 8 9,1
2101,'20261013',645,,245999,23,,,1,156,,246000,23,,,1,116,,246001,23,,,1,95,,246002,23,,,1,100,,246003,23,,,1,104,,246004,23,0,16 63 9,1,102,,246007,23,0,16 63 9,1,108,,246012,23,0,16 63 9,1,93,,246016,15,0,5 63 9,1,519,,246022,15,0,5 63 9,1,93,,246027,15,0,5 63 9,1,95,,246032,15,0,5 63 9,1,120,,246035,23,0,16 63 9,1,95,,246037,23,0,16 63 9,1,83,,246040,23,,,1,91,,246041,23,,,1,100,,246042,23,,,1
2101,'20261014',645,,246043,23,,,1,156,,246044,23,,,1,116,,246045,23,,,1,95,,246046,23,,,1,100,,246047,23,,,1,104,,246048,23,0,16 63 9,1,102,,246051,23,0,16 63 9,1,108,,246056,23,0,16 63 9,1,93,,246060,15,0,5 63 9,1,519,,246066,15,0,5 63 9,1,93,,246071,15,0,5 63 9,1,95,,246076,15,0,5 63 9,1,120,,246079,23,0,16 63 9,1,95,,246081,23,0,16 63 9,1,83,,246084,23,,,1,91,,246085,23,,,1,100,,246086,23,,,1
2101,'20261015',645,,246087,23,,,1,156,,246088,23,,,1,116,,246089,23,,,1,95,,246090,23,,,1,100,,246091,23,,,1,104,,246092,23,0,16 63 9,1,102,,246095,23,0,16 63 9,1,108,,246100,23,0,16 63 9,1,93,,246104,15,0,5 63 9,1,519,,246110,15,0,5 63 9,1,93,,246115,15,0,5 63 9,1,95,,246120,15,0,5 63 9,1,120,,246123,23,0,16 63 9,1,95,,246125,23,0,16 63 9,1,83,,246128,23,,,1,91,,246129,23,,,1,100,,246130,23,,,1
2101,'20261016',645,,246131,23,,,1,156,,246132,23,,,1,116,,246133,23,,,1,95,,246134,23,,,1,100,,246135,23,,,1,104,,246136,23,0,16 63 9,1,102,,246139,23,0,16 63 9,1,108,,246144,23,0,16 63 9,1,93,,246148,15,0,5 63 9,1,519,,246154,15,0,5 63 9,1,93,,246159,15,0,5 63 9,1,95,,246164,15,0,5 63 9,1,120,,246167,23,0,16 63 9,1,95,,246169,23,0,16 63 9,1,83,,246172,23,,,1,91,,246173,23,,,1,100,,246174,23,,,1
2101,'20261017',829,,246175,23,0,57 8 9,1,100,,246176,23,0,57 8 9,1,95,,246177,23,0,57 8 9,1,110,,246178,23,0,57 8 9,1,88,,246180,23,0,34 10 9,1,110,,246182,23,0,34 10 9,1,103,,246184,23,0,34 10 9,1,95,,246186,23,0,34 10 9,1,105,,246188,23,0,34 10 9,1,105,,246191,23,0,34 10 9,1,100,,246194,23,0,34 10 9,1,92,,246198,23,0,34 10 9,1,95,,246202,23,0,34 10 9,1,100,,246206,23,0,34 10 9,1,95,,246209,23,0,34 10 9,1,94,,246212,23,0,34 10 9,1,100,,246215,23,0,34 10 9,1,104,,246218,23,0,57 8 9,1,98,,246219,23,0,57 8 9,1,100,,246220,23,0,57 8 9,1
2101,'20261018',829,,246221,23,0,57 8 9,1,100,,246222,23,0,57 8 9,1,95,,246223,23,0,57 8 9,1,110,,246224,23,0,57 8 9,1,88,,246225,23,0,34 10 9,1,110,,246227,23,0,34 10 9,1,103,,246229,23,0,34 10 9,1,95,,246231,23,0,34 10 9,1,105,,246233,23,0,34 10 9,1,105,,246236,23,0,34 10 9,1,100,,246239,23,0,34 10 9,1,92,,246243,23,0,34 10 9,1,95,,246247,23,0,34 10 9,1,100,,246251,23,0,34 10 9,1,95,,246254,23,0,34 10 9,1,94,,246257,23,0,34 10 9,1,100,,246260,23,0,34 10 9,1,104,,246262,23,0,57 8 9,1,98,,246263,23,0,57 8 9,1,100,,246264,23,0,57 8 9,1
2101,'20261019',645,,246265,23,,,1,156,,246266,23,,,1,116,,246267,23,,,1,95,,246268,23,,,1,100,,246269,23,,,1,104,,246270,23,0,16 63 9,1,102,,246273,23,0,16 63 9,1,108,,246278,23,0,16 63 9,1,93,,246282,15,0,5 63 9,1,519,,246288,15,0,5 63 9,1,93,,246293,15,0,5 63 9,1,95,,246298,15,0,5 63 9,1,120,,246301,23,0,16 63 9,1,95,,246303,23,0,16 63 9,1,83,,246306,23,,,1,91,,246307,23,,,1,100,,246308,23,,,1
2101,'20261020',645,,246309,23,,,1,156,,246310,23,,,1,116,,246311,23,,,1,95,,246312,23,,,1,100,,246313,23,,,1,104,,246314,23,0,16 63 9,1,102,,246317,23,0,16 63 9,1,108,,246322,23,0,16 63 9,1,93,,246326,15,0,5 63 9,1,519,,246332,15,0,5 63 9,1,93,,246337,15,0,5 63 9,1,95,,246342,15,0,5 63 9,1,120,,246345,23,0,16 63 9,1,95,,246347,23,0,16 63 9,1,83,,246350,23,,,1,91,,246351,23,,,1,100,,246352,23,,,1
2101,'20261021',645,,246353,23,,,1,156,,246354,23,,,1,116,,246355,23,,,1,95,,246356,23,,,1,100,,246357,23,,,1,104,,246358,23,0,16 63 9,1,102,,246361,23,0,16 63 9,1,108,,246366,23,0,16 63 9,1,93,,246370,15,0,5 63 9,1,519,,246376,15,0,5 63 9,1,93,,246381,15,0,5 63 9,1,95,,246386,15,0,5 63 9,1,120,,246389,23,0,16 63 9,1,95,,246391,23,0,16 63 9,1,83,,246394,23,,,1,91,,246395,23,,,1,100,,246396,23,,,1
2101,'20261022',645,,246397,23,,,1,156,,246398,23,,,1,116,,246399,23,,,1,95,,246400,23,,,1,100,,246401,23,,,1,104,,246402,23,0,16 63 9,1,102,,246405,23,0,16 63 9,1,108,,246410,23,0,16 63 9,1,93,,246414,15,0,5 63 9,1,519,,246420,15,0,5 63 9,1,93,,246425,15,0,5 63 9,1,95,,246430,15,0,5 63 9,1,120,,246433,23,0,16 63 9,1,95,,246435,23,0,16 63 9,1,83,,246438,23,,,1,91,,246439,23,,,1,100,,246440,23,,,1
2101,'20261023',645,,246441,23,,,1,156,,246442,23,,,1,116,,246443,23,,,1,95,,246444,23,,,1,100,,246445,23,,,1,104,,246446,23,0,16 63 9,1,102,,246449,23,0,16 63 9,1,108,,246454,23,0,16 63 9,1,93,,246458,15,0,5 63 9,1,519,,246464,15,0,5 63 9,1,93,,246469,15,0,5 63 9,1,95,,246474,15,0,5 63 9,1,120,,246477,23,0,16 63 9,1,95,,246479,23,0,16 63 9,1,83,,246482,23,,,1,91,,246483,23,,,1,100,,246484,23,,,1
2101,'20261024',829,,246485,23,0,57 8 9,1,100,,246486,23,0,57 8 9,1,95,,246487,23,0,57 8 9,1,110,,246488,23,0,57 8 9,1,88,,246490,23,0,34 10 9,1,110,,246492,23,0,34 10 9,1,103,,246494,23,0,34 10 9,1,95,,246496,23,0,34 10 9,1,105,,246498,23,0,34 10 9,1,105,,246501,23,0,34 10 9,1,100,,246504,23,0,34 10 9,1,92,,246508,23,0,34 10 9,1,95,,246512,23,0,34 10 9,1,100,,246516,23,0,34 10 9,1,95,,246519,23,0,34 10 9,1,94,,246522,23,0,34 10 9,1,100,,246525,23,0,34 10 9,1,104,,246528,23,0,57 8 9,1,98,,246529,23,0,57 8 9,1,100,,246530,23,0,57 8 9,1
2101,'20261025',829,,246531,23,0,57 8 9,1,100,,246532,23,0,57 8 9,1,95,,246533,23,0,57 8 9,1,110,,246534,23,0,57 8 9,1,88,,246535,23,0,34 10 9,1,110,,246537,23,0,34 10 9,1,103,,246539,23,0,34 10 9,1,95,,246541,23,0,34 10 9,1,105,,246543,23,0,34 10 9,1,105,,246546,23,0,34 10 9,1,100,,246549,23,0,34 10 9,1,92,,246553,23,0,34 10 9,1,95,,246557,23,0,34 10 9,1,100,,246561,23,0,34 10 9,1,95,,246564,23,0,34 10 9,1,94,,246567,23,0,34 10 9,1,100,,246570,23,0,34 10 9,1,104,,246572,23,0,57 8 9,1,98,,246573,23,0,57 8 9,1,100,,246574,23,0,57 8 9,1
2101,'20261026',645,,246575,23,,,1,156,,246576,23,,,1,116,,246577,23,,,1,95,,246578,23,,,1,100,,246579,23,,,1,104,,246580,23,0,16 63 9,1,102,,246583,23,0,16 63 9,1,108,,246588,23,0,16 63 9,1,93,,246592,15,0,5 63 9,1,519,,246598,15,0,5 63 9,1,93,,246603,15,0,5 63 9,1,95,,246608,15,0,5 63 9,1,120,,246611,23,0,16 63 9,1,95,,246613,23,0,16 63 9,1,83,,246616,23,,,1,91,,246617,23,,,1,100,,246618,23,,,1
2101,'20261027',645,,246619,23,,,1,156,,246620,23,,,1,116,,246621,23,,,1,95,,246622,23,,,1,100,,246623,23,,,1,104,,246624,23,0,16 63 9,1,102,,246627,23,0,16 63 9,1,108,,246632,23,0,16 63 9,1,93,,246636,15,0,5 63 9,1,519,,246642,15,0,5 63 9,1,93,,246647,15,0,5 63 9,1,95,,246652,15,0,5 63 9,1,120,,246655,23,0,16 63 9,1,95,,246657,23,0,16 63 9,1,83,,246660,23,,,1,91,,246661,23,,,1,100,,246662,23,,,1
2101,'20261028',645,,246663,23,,,1,156,,246664,23,,,1,116,,246665,23,,,1,95,,246666,23,,,1,100,,246667,23,,,1,104,,246668,23,0,16 63 9,1,102,,246671,23,0,16 63 9,1,108,,246676,23,0,16 63 9,1,93,,246680,15,0,5 63 9,1,519,,246686,15,0,5 63 9,1,93,,246691,15,0,5 63 9,1,95,,246696,15,0,5 63 9,1,120,,246699,23,0,16 63 9,1,95,,246701,23,0,16 63 9,1,83,,246704,23,,,1,91,,246705,23,,,1,100,,246706,23,,,1
2101,'20261029',645,,246707,23,,,1,156,,246708,23,,,1,116,,246709,23,,,1,95,,246710,23,,,1,100,,246711,23,,,1,104,,246712,23,0,16 63 9,1,102,,246715,23,0,16 63 9,1,108,,246720,23,0,16 63 9,1,93,,246724,15,0,5 63 9,1,519,,246730,15,0,5 63 9,1,93,,246735,15,0,5 63 9,1,95,,246740,15,0,5 63 9,1,120,,246743,23,0,16 63 9,1,95,,246745,23,0,16 63 9,1,83,,246748,23,,,1,91,,246749,23,,,1,100,,246750,23,,,1
2101,'20261030',645,,246751,23,,,1,156,,246752,23,,,1,116,,246753,23,,,1,95,,246754,23,,,1,100,,246755,23,,,1,104,,246756,23,0,16 63 9,1,102,,246759,23,0,16 63 9,1,108,,246764,23,0,16 63 9,1,93,,246768,15,0,5 63 9,1,519,,246774,15,0,5 63 9,1,93,,246779,15,0,5 63 9,1,95,,246784,15,0,5 63 9,1,120,,246787,23,0,16 63 9,1,95,,246789,23,0,16 63 9,1,83,,246792,23,,,1,91,,246793,23,,,1,100,,246794,23,,,1
2101,'20261031',829,,246795,23,0,57 8 9,1,100,,246796,23,0,57 8 9,1,95,,246797,23,0,57 8 9,1,110,,246798,23,0,57 8 9,1,88,,246800,23,0,34 10 9,1,110,,246802,23,0,34 10 9,1,103,,246804,23,0,34 10 9,1,95,,246806,23,0,34 10 9,1,105,,246808,23,0,34 10 9,1,105,,246811,23,0,34 10 9,1,100,,246814,23,0,34 10 9,1,92,,246818,23,0,34 10 9,1,95,,246822,23,0,34 10 9,1,100,,246826,23,0,34 10 9,1,95,,246829,23,0,34 10 9,1,94,,246832,23,0,34 10 9,1,100,,246835,23,0,34 10 9,1,104,,246838,23,0,57 8 9,1,98,,246839,23,0,57 8 9,1,100,,246840,23,0,57 8 9,1
2101,'20261101',829,,246841,23,0,57 8 9,1,100,,246842,23,0,57 8 9,1,95,,246843,23,0,57 8 9,1,110,,246844,23,0,57 8 9,1,88,,246845,23,0,34 10 9,1,110,,246847,23,0,34 10 9,1,103,,246849,23,0,34 10 9,1,95,,246851,23,0,34 10 9,1,105,,246853,23,0,34 10 9,1,105,,246856,23,0,34 10 9,1,100,,246859,23,0,34 10 9,1,92,,246863,23,0,34 10 9,1,95,,246867,23,0,34 10 9,1,100,,246871,23,0,34 10 9,1,95,,246874,23,0,34 10 9,1,94,,246877,23,0,34 10 9,1,100,,246880,23,0,34 10 9,1,104,,246882,23,0,57 8 9,1,98,,246883,23,0,57 8 9,1,100,,246884,23,0,57 8 9,1
2101,'20261102',645,,246885,23,,,1,156,,246886,23,,,1,116,,246887,23,,,1,95,,246888,23,,,1,100,,246889,23,,,1,104,,246890,23,0,16 63 9,1,102,,246893,23,0,16 63 9,1,108,,246898,23,0,16 63 9,1,93,,246902,15,0,5 63 9,1,519,,246908,15,0,5 63 9,1,93,,246913,15,0,5 63 9,1,95,,246918,15,0,5 63 9,1,120,,246921,23,0,16 63 9,1,95,,246923,23,0,16 63 9,1,83,,246926,23,,,1,91,,246927,23,,,1,100,,246928,23,,,1
2101,'20261103',645,,246929,23,,,1,156,,246930,23,,,1,116,,246931,23,,,1,95,,246932,23,,,1,100,,246933,23,,,1,104,,246934,23,0,16 63 9,1,102,,246937,23,0,16 63 9,1,108,,246942,23,0,16 63 9,1,93,,246946,15,0,5 63 9,1,519,,246952,15,0,5 63 9,1,93,,246957,15,0,5 63 9,1,95,,246962,15,0,5 63 9,1,120,,246965,23,0,16 63 9,1,95,,246967,23,0,16 63 9,1,83,,246970,23,,,1,91,,246971,23,,,1,100,,246972,23,,,1
2101,'20261104',645,,246973,23,,,1,156,,246974,23,,,1,116,,246975,23,,,1,95,,246976,23,,,1,100,,246977,23,,,1,104,,246978,23,0,16 63 9,1,102,,246981,23,0,16 63 9,1,108,,246986,23,0,16 63 9,1,93,,246990,15,0,5 63 9,1,519,,246996,15,0,5 63 9,1,93,,247001,15,0,5 63 9,1,95,,247006,15,0,5 63 9,1,120,,247009,23,0,16 63 9,1,95,,247011,23,0,16 63 9,1,83,,247014,23,,,1,91,,247015,23,,,1,100,,247016,23,,,1
2101,'20261105',645,,247017,23,,,1,156,,247018,23,,,1,116,,247019,23,,,1,95,,247020,23,,,1,100,,247021,23,,,1,104,,247022,23,0,16 63 9,1,102,,247025,23,0,16 63 9,1,108,,247030,23,0,16 63 9,1,93,,247034,15,0,5 63 9,1,519,,247040,15,0,5 63 9,1,93,,247045,15,0,5 63 9,1,95,,247050,15,0,5 63 9,1,120,,247053,23,0,16 63 9,1,95,,247055,23,0,16 63 9,1,83,,247058,23,,,1,91,,247059,23,,,1,100,,247060,23,,,1
2101,'20261106',645,,247061,23,,,1,156,,247062,23,,,1,116,,247063,23,,,1,95,,247064,23,,,1,100,,247065,23,,,1,104,,247066,23,0,16 63 9,1,102,,247069,23,0,16 63 9,1,108,,247074,23,0,16 63 9,1,93,,247078,15,0,5 63 9,1,519,,247084,15,0,5 63 9,1,93,,247089,15,0,5 63 9,1,95,,247094,15,0,5 63 9,1,120,,247097,23,0,16 63 9,1,95,,247099,23,0,16 63 9,1,83,,247102,23,,,1,91,,247103,23,,,1,100,,247104,23,,,1
2101,'20261107',829,,247105,23,0,57 8 9,1,100,,247106,23,0,57 8 9,1,95,,247107,23,0,57 8 9,1,110,,247108,23,0,57 8 9,1,88,,247110,23,0,34 10 9,1,110,,247112,23,0,34 10 9,1,103,,247114,23,0,34 10 9,1,95,,247116,23,0,34 10 9,1,105,,247118,23,0,34 10 9,1,105,,247121,23,0,34 10 9,1,100,,247124,23,0,34 10 9,1,92,,247128,23,0,34 10 9,1,95,,247132,23,0,34 10 9,1,100,,247136,23,0,34 10 9,1,95,,247139,23,0,34 10 9,1,94,,247142,23,0,34 10 9,1,100,,247145,23,0,34 10 9,1,104,,247148,23,0,57 8 9,1,98,,247149,23,0,57 8 9,1,100,,247150,23,0,57 8 9,1
2101,'20261108',829,,247151,23,0,57 8 9,1,100,,247152,23,0,57 8 9,1,95,,247153,23,0,57 8 9,1,110,,247154,23,0,57 8 9,1,88,,247155,23,0,34 10 9,1,110,,247157,23,0,34 10 9,1,103,,247159,23,0,34 10 9,1,95,,247161,23,0,34 10 9,1,105,,247163,23,0,34 10 9,1,105,,247166,23,0,34 10 9,1,100,,247169,23,0,34 10 9,1,92,,247173,23,0,34 10 9,1,95,,247177,23,0,34 10 9,1,100,,247181,23,0,34 10 9,1,95,,247184,23,0,34 10 9,1,94,,247187,23,0,34 10 9,1,100,,247190,23,0,34 10 9,1,104,,247192,23,0,57 8 9,1,98,,247193,23,0,57 8 9,1,100,,247194,23,0,57 8 9,1
2101,'20261109',645,,247195,23,,,1,156,,247196,23,,,1,116,,247197,23,,,1,95,,247198,23,,,1,100,,247199,23,,,1,104,,247200,23,0,16 63 9,1,102,,247203,23,0,16 63 9,1,108,,247208,23,0,16 63 9,1,93,,247212,15,0,5 63 9,1,519,,247218,15,0,5 63 9,1,93,,247223,15,0,5 63 9,1,95,,247228,15,0,5 63 9,1,120,,247231,23,0,16 63 9,1,95,,247233,23,0,16 63 9,1,83,,247236,23,,,1,91,,247237,23,,,1,100,,247238,23,,,1
2101,'20261110',645,,247239,23,,,1,156,,247240,23,,,1,116,,247241,23,,,1,95,,247242,23,,,1,100,,247243,23,,,1,104,,247244,23,0,16 63 9,1,102,,247247,23,0,16 63 9,1,108,,247252,23,0,16 63 9,1,93,,247256,15,0,5 63 9,1,519,,247262,15,0,5 63 9,1,93,,247267,15,0,5 63 9,1,95,,247272,15,0,5 63 9,1,120,,247275,23,0,16 63 9,1,95,,247277,23,0,16 63 9,1,83,,247280,23,,,1,91,,247281,23,,,1,100,,247282,23,,,1
2101,'20261111',645,,247283,23,,,1,156,,247284,23,,,1,116,,247285,23,,,1,95,,247286,23,,,1,100,,247287,23,,,1,104,,247288,23,0,16 63 9,1,102,,247291,23,0,16 63 9,1,108,,247296,23,0,16 63 9,1,93,,247300,15,0,5 63 9,1,519,,247306,15,0,5 63 9,1,93,,247311,15,0,5 63 9,1,95,,247316,15,0,5 63 9,1,120,,247319,23,0,16 63 9,1,95,,247321,23,0,16 63 9,1,83,,247324,23,,,1,91,,247325,23,,,1,100,,247326,23,,,1
2101,'20261112',645,,247327,23,,,1,156,,247328,23,,,1,116,,247329,23,,,1,95,,247330,23,,,1,100,,247331,23,,,1,104,,247332,23,0,16 63 9,1,102,,247335,23,0,16 63 9,1,108,,247340,23,0,16 63 9,1,93,,247344,15,0,5 63 9,1,519,,247350,15,0,5 63 9,1,93,,247355,15,0,5 63 9,1,95,,247360,15,0,5 63 9,1,120,,247363,23,0,16 63 9,1,95,,247365,23,0,16 63 9,1,83,,247368,23,,,1,91,,247369,23,,,1,100,,247370,23,,,1
2101,'20261113',645,,247371,23,,,1,156,,247372,23,,,1,116,,247373,23,,,1,95,,247374,23,,,1,100,,247375,23,,,1,104,,247376,23,0,16 63 9,1,102,,247379,23,0,16 63 9,1,108,,247384,23,0,16 63 9,1,93,,247388,15,0,5 63 9,1,519,,247394,15,0,5 63 9,1,93,,247399,15,0,5 63 9,1,95,,247404,15,0,5 63 9,1,120,,247407,23,0,16 63 9,1,95,,247409,23,0,16 63 9,1,83,,247412,23,,,1,91,,247413,23,,,1,100,,247414,23,,,1
2101,'20261114',829,,247415,23,0,57 8 9,1,100,,247416,23,0,57 8 9,1,95,,247417,23,0,57 8 9,1,110,,247418,23,0,57 8 9,1,88,,247420,23,0,34 10 9,1,110,,247422,23,0,34 10 9,1,103,,247424,23,0,34 10 9,1,95,,247426,23,0,34 10 9,1,105,,247428,23,0,34 10 9,1,105,,247431,23,0,34 10 9,1,100,,247434,23,0,34 10 9,1,92,,247438,23,0,34 10 9,1,95,,247442,23,0,34 10 9,1,100,,247446,23,0,34 10 9,1,95,,247449,23,0,34 10 9,1,94,,247452,23,0,34 10 9,1,100,,247455,23,0,34 10 9,1,104,,247458,23,0,57 8 9,1,98,,247459,23,0,57 8 9,1,100,,247460,23,0,57 8 9,1
2101,'20261115',829,,247461,23,0,57 8 9,1,100,,247462,23,0,57 8 9,1,95,,247463,23,0,57 8 9,1,110,,247464,23,0,57 8 9,1,88,,247465,23,0,34 10 9,1,110,,247467,23,0,34 10 9,1,103,,247469,23,0,34 10 9,1,95,,247471,23,0,34 10 9,1,105,,247473,23,0,34 10 9,1,105,,247476,23,0,34 10 9,1,100,,247479,23,0,34 10 9,1,92,,247483,23,0,34 10 9,1,95,,247487,23,0,34 10 9,1,100,,247491,23,0,34 10 9,1,95,,247494,23,0,34 10 9,1,94,,247497,23,0,34 10 9,1,100,,247500,23,0,34 10 9,1,104,,247502,23,0,57 8 9,1,98,,247503,23,0,57 8 9,1,100,,247504,23,0,57 8 9,1
2101,'20261116',645,,247505,23,,,1,156,,247506,23,,,1,116,,247507,23,,,1,95,,247508,23,,,1,100,,247509,23,,,1,104,,247510,23,0,16 63 9,1,102,,247513,23,0,16 63 9,1,108,,247518,23,0,16 63 9,1,93,,247522,15,0,5 63 9,1,519,,247528,15,0,5 63 9,1,93,,247533,15,0,5 63 9,1,95,,247538,15,0,5 63 9,1,120,,247541,23,0,16 63 9,1,95,,247543,23,0,16 63 9,1,83,,247546,23,,,1,91,,247547,23,,,1,100,,247548,23,,,1
2101,'20261117',645,,247549,23,,,1,156,,247550,23,,,1,116,,247551,23,,,1,95,,247552,23,,,1,100,,247553,23,,,1,104,,247554,23,0,16 63 9,1,102,,247557,23,0,16 63 9,1,108,,247562,23,0,16 63 9,1,93,,247566,15,0,5 63 9,1,519,,247572,15,0,5 63 9,1,93,,247577,15,0,5 63 9,1,95,,247582,15,0,5 63 9,1,120,,247585,23,0,16 63 9,1,95,,247587,23,0,16 63 9,1,83,,247590,23,,,1,91,,247591,23,,,1,100,,247592,23,,,1
2101,'20261118',645,,247593,23,,,1,156,,247594,23,,,1,116,,247595,23,,,1,95,,247596,23,,,1,100,,247597,23,,,1,104,,247598,23,0,16 63 9,1,102,,247601,23,0,16 63 9,1,108,,247606,23,0,16 63 9,1,93,,247610,15,0,5 63 9,1,519,,247616,15,0,5 63 9,1,93,,247621,15,0,5 63 9,1,95,,247626,15,0,5 63 9,1,120,,247629,23,0,16 63 9,1,95,,247631,23,0,16 63 9,1,83,,247634,23,,,1,91,,247635,23,,,1,100,,247636,23,,,1
2101,'20261119',645,,247637,23,,,1,156,,247638,23,,,1,116,,247639,23,,,1,95,,247640,23,,,1,100,,247641,23,,,1,104,,247642,23,0,16 63 9,1,102,,247645,23,0,16 63 9,1,108,,247650,23,0,16 63 9,1,93,,247654,15,0,5 63 9,1,519,,247660,15,0,5 63 9,1,93,,247665,15,0,5 63 9,1,95,,247670,15,0,5 63 9,1,120,,247673,23,0,16 63 9,1,95,,247675,23,0,16 63 9,1,83,,247678,23,,,1,91,,247679,23,,,1,100,,247680,23,,,1
2101,'20261120',645,,247681,23,,,1,156,,247682,23,,,1,116,,247683,23,,,1,95,,247684,23,,,1,100,,247685,23,,,1,104,,247686,23,0,16 63 9,1,102,,247689,23,0,16 63 9,1,108,,247694,23,0,16 63 9,1,93,,247698,15,0,5 63 9,1,519,,247704,15,0,5 63 9,1,93,,247709,15,0,5 63 9,1,95,,247714,15,0,5 63 9,1,120,,247717,23,0,16 63 9,1,95,,247719,23,0,16 63 9,1,83,,247722,23,,,1,91,,247723,23,,,1,100,,247724,23,,,1
2101,'20261121',829,,247725,23,0,57 8 9,1,100,,247726,23,0,57 8 9,1,95,,247727,23,0,57 8 9,1,110,,247728,23,0,57 8 9,1,88,,247730,23,0,34 10 9,1,110,,247732,23,0,34 10 9,1,103,,247734,23,0,34 10 9,1,95,,247736,23,0,34 10 9,1,105,,247738,23,0,34 10 9,1,105,,247741,23,0,34 10 9,1,100,,247744,23,0,34 10 9,1,92,,247748,23,0,34 10 9,1,95,,247752,23,0,34 10 9,1,100,,247756,23,0,34 10 9,1,95,,247759,23,0,34 10 9,1,94,,247762,23,0,34 10 9,1,100,,247765,23,0,34 10 9,1,104,,247768,23,0,57 8 9,1,98,,247769,23,0,57 8 9,1,100,,247770,23,0,57 8 9,1
2101,'20261122',829,,247771,23,0,57 8 9,1,100,,247772,23,0,57 8 9,1,95,,247773,23,0,57 8 9,1,110,,247774,23,0,57 8 9,1,88,,247775,23,0,34 10 9,1,110,,247777,23,0,34 10 9,1,103,,247779,23,0,34 10 9,1,95,,247781,23,0,34 10 9,1,105,,247783,23,0,34 10 9,1,105,,247786,23,0,34 10 9,1,100,,247789,23,0,34 10 9,1,92,,247793,23,0,34 10 9,1,95,,247797,23,0,34 10 9,1,100,,247801,23,0,34 10 9,1,95,,247804,23,0,34 10 9,1,94,,247807,23,0,34 10 9,1,100,,247810,23,0,34 10 9,1,104,,247812,23,0,57 8 9,1,98,,247813,23,0,57 8 9,1,100,,247814,23,0,57 8 9,1
2101,'20261123',645,,247815,23,,,1,156,,247816,23,,,1,116,,247817,23,,,1,95,,247818,23,,,1,100,,247819,23,,,1,104,,247820,23,0,16 63 9,1,102,,247823,23,0,16 63 9,1,108,,247828,23,0,16 63 9,1,93,,247832,15,0,5 63 9,1,519,,247838,15,0,5 63 9,1,93,,247843,15,0,5 63 9,1,95,,247848,15,0,5 63 9,1,120,,247851,23,0,16 63 9,1,95,,247853,23,0,16 63 9,1,83,,247856,23,,,1,91,,247857,23,,,1,100,,247858,23,,,1
2101,'20261124',645,,247859,23,,,1,156,,247860,23,,,1,116,,247861,23,,,1,95,,247862,23,,,1,100,,247863,23,,,1,104,,247864,23,0,16 63 9,1,102,,247867,23,0,16 63 9,1,108,,247872,23,0,16 63 9,1,93,,247876,15,0,5 63 9,1,519,,247882,15,0,5 63 9,1,93,,247887,15,0,5 63 9,1,95,,247892,15,0,5 63 9,1,120,,247895,23,0,16 63 9,1,95,,247897,23,0,16 63 9,1,83,,247900,23,,,1,91,,247901,23,,,1,100,,247902,23,,,1
2101,'20261125',645,,247903,23,,,1,156,,247904,23,,,1,116,,247905,23,,,1,95,,247906,23,,,1,100,,247907,23,,,1,104,,247908,23,0,16 63 9,1,102,,247911,23,0,16 63 9,1,108,,247916,23,0,16 63 9,1,93,,247920,15,0,5 63 9,1,519,,247926,15,0,5 63 9,1,93,,247931,15,0,5 63 9,1,95,,247936,15,0,5 63 9,1,120,,247939,23,0,16 63 9,1,95,,247941,23,0,16 63 9,1,83,,247944,23,,,1,91,,247945,23,,,1,100,,247946,23,,,1
2101,'20261126',645,,247947,23,,,1,156,,247948,23,,,1,116,,247949,23,,,1,95,,247950,23,,,1,100,,247951,23,,,1,104,,247952,23,0,16 63 9,1,102,,247955,23,0,16 63 9,1,108,,247960,23,0,16 63 9,1,93,,247964,15,0,5 63 9,1,519,,247970,15,0,5 63 9,1,93,,247975,15,0,5 63 9,1,95,,247980,15,0,5 63 9,1,120,,247983,23,0,16 63 9,1,95,,247985,23,0,16 63 9,1,83,,247988,23,,,1,91,,247989,23,,,1,100,,247990,23,,,1
2101,'20261127',645,,247991,23,,,1,156,,247992,23,,,1,116,,247993,23,,,1,95,,247994,23,,,1,100,,247995,23,,,1,104,,247996,23,0,16 63 9,1,102,,247999,23,0,16 63 9,1,108,,248004,23,0,16 63 9,1,93,,248008,15,0,5 63 9,1,519,,248014,15,0,5 63 9,1,93,,248019,15,0,5 63 9,1,95,,248024,15,0,5 63 9,1,120,,248027,23,0,16 63 9,1,95,,248029,23,0,16 63 9,1,83,,248032,23,,,1,91,,248033,23,,,1,100,,248034,23,,,1
