6100,'20260831',1228,,202585,9,,,1,105,,202586,9,,,1,103,,202587,9,,,1,113,,202588,9,,,1,476,,202589,9,,,1,98,,202590,9,,,1,98,,202591,9,,,1,100,,202592,9,,,1,95,,202593,9,,,1,197,,202594,9,,,1
6100,'20260901',1228,,202595,9,,,1,105,,202596,9,,,1,103,,202597,9,,,1,113,,202598,9,,,1,476,,202599,9,,,1,98,,202600,9,,,1,98,,202601,9,,,1,100,,202602,9,,,1,95,,202603,9,,,1,197,,202604,9,,,1
6100,'20260902',1228,,202605,9,,,1,105,,202606,9,,,1,103,,202607,9,,,1,113,,202608,9,,,1,476,,202609,9,,,1,98,,202610,9,,,1,98,,202611,9,,,1,100,,202612,9,,,1,95,,202613,9,,,1,197,,202614,9,,,1
6100,'20260903',1228,,202615,9,,,1,105,,202616,9,,,1,103,,202617,9,,,1,113,,202618,9,,,1,476,,202619,9,,,1,98,,202620,9,,,1,98,,202621,9,,,1,100,,202622,9,,,1,95,,202623,9,,,1,197,,202624,9,,,1
6100,'20260904',1228,,202625,9,,,1,105,,202626,9,,,1,103,,202627,9,,,1,113,,202628,9,,,1,476,,202629,9,,,1,98,,202630,9,,,1,98,,202631,9,,,1,100,,202632,9,,,1,95,,202633,9,,,1,197,,202634,9,,,1
6100,'20260908',1228,,311879,9,,,1,105,,311880,9,,,1,103,,311881,9,,,1,113,,311882,9,,,1,476,,311883,9,,,1,98,,311884,9,,,1,98,,311885,9,,,1,100,,311886,9,,,1,95,,311887,9,,,1,197,,311888,9,,,1
6100,'20260909',1228,,311889,9,,,1,105,,311890,9,,,1,103,,311891,9,,,1,113,,311892,9,,,1,476,,311893,9,,,1,98,,311894,9,,,1,98,,311895,9,,,1,100,,311896,9,,,1,95,,311897,9,,,1,197,,311898,9,,,1
6100,'20260910',1228,,311899,9,,,1,105,,311900,9,,,1,103,,311901,9,,,1,113,,311902,9,,,1,476,,311903,9,,,1,98,,311904,9,,,1,98,,311905,9,,,1,100,,311906,9,,,1,95,,311907,9,,,1,197,,311908,9,,,1
6100,'20260911',1228,,311909,9,,,1,105,,311910,9,,,1,103,,311911,9,,,1,113,,311912,9,,,1,476,,311913,9,,,1,98,,311914,9,,,1,98,,311915,9,,,1,100,,311916,9,,,1,95,,311917,9,,,1,197,,311918,9,,,1
6100,'20260914',1228,,311919,9,,,1,105,,311920,9,,,1,103,,311921,9,,,1,113,,311922,9,,,1,476,,311923,9,,,1,98,,311924,9,,,1,98,,311925,9,,,1,100,,311926,9,,,1,95,,311927,9,,,1,197,,311928,9,,,1
6100,'20260915',1228,,311929,9,,,1,105,,311930,9,,,1,103,,311931,9,,,1,113,,311932,9,,,1,476,,311933,9,,,1,98,,311934,9,,,1,98,,311935,9,,,1,100,,311936,9,,,1,95,,311937,9,,,1,197,,311938,9,,,1
6100,'20260916',1228,,311939,9,,,1,105,,311940,9,,,1,103,,311941,9,,,1,113,,311942,9,,,1,476,,311943,9,,,1,98,,311944,9,,,1,98,,311945,9,,,1,100,,311946,9,,,1,95,,311947,9,,,1,197,,311948,9,,,1
6100,'20260917',1228,,311949,9,,,1,105,,311950,9,,,1,103,,311951,9,,,1,113,,311952,9,,,1,476,,311953,9,,,1,98,,311954,9,,,1,98,,311955,9,,,1,100,,311956,9,,,1,95,,311957,9,,,1,197,,311958,9,,,1
6100,'20260918',1228,,311959,9,,,1,105,,311960,9,,,1,103,,311961,9,,,1,113,,311962,9,,,1,476,,311963,9,,,1,98,,311964,9,,,1,98,,311965,9,,,1,100,,311966,9,,,1,95,,311967,9,,,1,197,,311968,9,,,1
6100,'20260921',1228,,311969,9,,,1,105,,311970,9,,,1,103,,311971,9,,,1,113,,311972,9,,,1,476,,311973,9,,,1,98,,311974,9,,,1,98,,311975,9,,,1,100,,311976,9,,,1,95,,311977,9,,,1,197,,311978,9,,,1
6100,'20260922',1228,,311979,9,,,1,105,,311980,9,,,1,103,,311981,9,,,1,113,,311982,9,,,1,476,,311983,9,,,1,98,,311984,9,,,1,98,,311985,9,,,1,100,,311986,9,,,1,95,,311987,9,,,1,197,,311988,9,,,1
6100,'20260923',1228,,311989,9,,,1,105,,311990,9,,,1,103,,311991,9,,,1,113,,311992,9,,,1,476,,311993,9,,,1,98,,311994,9,,,1,98,,311995,9,,,1,100,,311996,9,,,1,95,,311997,9,,,1,197,,311998,9,,,1
6100,'20260924',1228,,311999,9,,,1,105,,312000,9,,,1,103,,312001,9,,,1,113,,312002,9,,,1,476,,312003,9,,,1,98,,312004,9,,,1,98,,312005,9,,,1,100,,312006,9,,,1,95,,312007,9,,,1,197,,312008,9,,,1
6100,'20260925',1228,,312009,9,,,1,105,,312010,9,,,1,103,,312011,9,,,1,113,,312012,9,,,1,476,,312013,9,,,1,98,,312014,9,,,1,98,,312015,9,,,1,100,,312016,9,,,1,95,,312017,9,,,1,197,,312018,9,,,1
6100,'20260928',1228,,312019,9,,,1,105,,312020,9,,,1,103,,312021,9,,,1,113,,312022,9,,,1,476,,312023,9,,,1,98,,312024,9,,,1,98,,312025,9,,,1,100,,312026,9,,,1,95,,312027,9,,,1,197,,312028,9,,,1
6100,'20260929',1228,,312029,9,,,1,105,,312030,9,,,1,103,,312031,9,,,1,113,,312032,9,,,1,476,,312033,9,,,1,98,,312034,9,,,1,98,,312035,9,,,1,100,,312036,9,,,1,95,,312037,9,,,1,197,,312038,9,,,1
6100,'20260930',1228,,312039,9,,,1,105,,312040,9,,,1,103,,312041,9,,,1,113,,312042,9,,,1,476,,312043,9,,,1,98,,312044,9,,,1,98,,312045,9,,,1,100,,312046,9,,,1,95,,312047,9,,,1,197,,312048,9,,,1
6100,'20261001',1228,,312049,9,,,1,105,,312050,9,,,1,103,,312051,9,,,1,113,,312052,9,,,1,476,,312053,9,,,1,98,,312054,9,,,1,98,,312055,9,,,1,100,,312056,9,,,1,95,,312057,9,,,1,197,,312058,9,,,1
6100,'20261002',1228,,312059,9,,,1,105,,312060,9,,,1,103,,312061,9,,,1,113,,312062,9,,,1,476,,312063,9,,,1,98,,312064,9,,,1,98,,312065,9,,,1,100,,312066,9,,,1,95,,312067,9,,,1,197,,312068,9,,,1
6100,'20261005',1228,,312069,9,,,1,105,,312070,9,,,1,103,,312071,9,,,1,113,,312072,9,,,1,476,,312073,9,,,1,98,,312074,9,,,1,98,,312075,9,,,1,100,,312076,9,,,1,95,,312077,9,,,1,197,,312078,9,,,1
6100,'20261006',1228,,312079,9,,,1,105,,312080,9,,,1,103,,312081,9,,,1,113,,312082,9,,,1,476,,312083,9,,,1,98,,312084,9,,,1,98,,312085,9,,,1,100,,312086,9,,,1,95,,312087,9,,,1,197,,312088,9,,,1
6100,'20261007',1228,,312089,9,,,1,105,,312090,9,,,1,103,,312091,9,,,1,113,,312092,9,,,1,476,,312093,9,,,1,98,,312094,9,,,1,98,,312095,9,,,1,100,,312096,9,,,1,95,,312097,9,,,1,197,,312098,9,,,1
6100,'20261008',1228,,312099,9,,,1,105,,312100,9,,,1,103,,312101,9,,,1,113,,312102,9,,,1,476,,312103,9,,,1,98,,312104,9,,,1,98,,312105,9,,,1,100,,312106,9,,,1,95,,312107,9,,,1,197,,312108,9,,,1
6100,'20261009',1228,,312109,9,,,1,105,,312110,9,,,1,103,,312111,9,,,1,113,,312112,9,,,1,476,,312113,9,,,1,98,,312114,9,,,1,98,,312115,9,,,1,100,,312116,9,,,1,95,,312117,9,,,1,197,,312118,9,,,1
6100,'20261013',1228,,312119,9,,,1,105,,312120,9,,,1,103,,312121,9,,,1,113,,312122,9,,,1,476,,312123,9,,,1,98,,312124,9,,,1,98,,312125,9,,,1,100,,312126,9,,,1,95,,312127,9,,,1,197,,312128,9,,,1
6100,'20261014',1228,,312129,9,,,1,105,,312130,9,,,1,103,,312131,9,,,1,113,,312132,9,,,1,476,,312133,9,,,1,98,,312134,9,,,1,98,,312135,9,,,1,100,,312136,9,,,1,95,,312137,9,,,1,197,,312138,9,,,1
6100,'20261015',1228,,312139,9,,,1,105,,312140,9,,,1,103,,312141,9,,,1,113,,312142,9,,,1,476,,312143,9,,,1,98,,312144,9,,,1,98,,312145,9,,,1,100,,312146,9,,,1,95,,312147,9,,,1,197,,312148,9,,,1
6100,'20261016',1228,,312149,9,,,1,105,,312150,9,,,1,103,,312151,9,,,1,113,,312152,9,,,1,476,,312153,9,,,1,98,,312154,9,,,1,98,,312155,9,,,1,100,,312156,9,,,1,95,,312157,9,,,1,197,,312158,9,,,1
6100,'20261019',1228,,312159,9,,,1,105,,312160,9,,,1,103,,312161,9,,,1,113,,312162,9,,,1,476,,312163,9,,,1,98,,312164,9,,,1,98,,312165,9,,,1,100,,312166,9,,,1,95,,312167,9,,,1,197,,312168,9,,,1
6100,'20261020',1228,,312169,9,,,1,105,,312170,9,,,1,103,,312171,9,,,1,113,,312172,9,,,1,476,,312173,9,,,1,98,,312174,9,,,1,98,,312175,9,,,1,100,,312176,9,,,1,95,,312177,9,,,1,197,,312178,9,,,1
6100,'20261021',1228,,312179,9,,,1,105,,312180,9,,,1,103,,312181,9,,,1,113,,312182,9,,,1,476,,312183,9,,,1,98,,312184,9,,,1,98,,312185,9,,,1,100,,312186,9,,,1,95,,312187,9,,,1,197,,312188,9,,,1
6100,'20261022',1228,,312189,9,,,1,105,,312190,9,,,1,103,,312191,9,,,1,113,,312192,9,,,1,476,,312193,9,,,1,98,,312194,9,,,1,98,,312195,9,,,1,100,,312196,9,,,1,95,,312197,9,,,1,197,,312198,9,,,1
6100,'20261023',1228,,312199,9,,,1,105,,312200,9,,,1,103,,312201,9,,,1,113,,312202,9,,,1,476,,312203,9,,,1,98,,312204,9,,,1,98,,312205,9,,,1,100,,312206,9,,,1,95,,312207,9,,,1,197,,312208,9,,,1
6100,'20261026',1228,,312209,9,,,1,105,,312210,9,,,1,103,,312211,9,,,1,113,,312212,9,,,1,476,,312213,9,,,1,98,,312214,9,,,1,98,,312215,9,,,1,100,,312216,9,,,1,95,,312217,9,,,1,197,,312218,9,,,1
6100,'20261027',1228,,312219,9,,,1,105,,312220,9,,,1,103,,312221,9,,,1,113,,312222,9,,,1,476,,312223,9,,,1,98,,312224,9,,,1,98,,312225,9,,,1,100,,312226,9,,,1,95,,312227,9,,,1,197,,312228,9,,,1
6100,'20261028',1228,,312229,9,,,1,105,,312230,9,,,1,103,,312231,9,,,1,113,,312232,9,,,1,476,,312233,9,,,1,98,,312234,9,,,1,98,,312235,9,,,1,100,,312236,9,,,1,95,,312237,9,,,1,197,,312238,9,,,1
6100,'20261029',1228,,312239,9,,,1,105,,312240,9,,,1,103,,312241,9,,,1,113,,312242,9,,,1,476,,312243,9,,,1,98,,312244,9,,,1,98,,312245,9,,,1,100,,312246,9,,,1,95,,312247,9,,,1,197,,312248,9,,,1
6100,'20261030',1228,,312249,9,,,1,105,,312250,9,,,1,103,,312251,9,,,1,113,,312252,9,,,1,476,,312253,9,,,1,98,,312254,9,,,1,98,,312255,9,,,1,100,,312256,9,,,1,95,,312257,9,,,1,197,,312258,9,,,1
6100,'20261102',1228,,312259,9,,,1,105,,312260,9,,,1,103,,312261,9,,,1,113,,312262,9,,,1,476,,312263,9,,,1,98,,312264,9,,,1,98,,312265,9,,,1,100,,312266,9,,,1,95,,312267,9,,,1,197,,312268,9,,,1
6100,'20261103',1228,,312269,9,,,1,105,,312270,9,,,1,103,,312271,9,,,1,113,,312272,9,,,1,476,,312273,9,,,1,98,,312274,9,,,1,98,,312275,9,,,1,100,,312276,9,,,1,95,,312277,9,,,1,197,,312278,9,,,1
6100,'20261104',1228,,312279,9,,,1,105,,312280,9,,,1,103,,312281,9,,,1,113,,312282,9,,,1,476,,312283,9,,,1,98,,312284,9,,,1,98,,312285,9,,,1,100,,312286,9,,,1,95,,312287,9,,,1,197,,312288,9,,,1
6100,'20261105',1228,,312289,9,,,1,105,,312290,9,,,1,103,,312291,9,,,1,113,,312292,9,,,1,476,,312293,9,,,1,98,,312294,9,,,1,98,,312295,9,,,1,100,,312296,9,,,1,95,,312297,9,,,1,197,,312298,9,,,1
6100,'20261106',1228,,312299,9,,,1,105,,312300,9,,,1,103,,312301,9,,,1,113,,312302,9,,,1,476,,312303,9,,,1,98,,312304,9,,,1,98,,312305,9,,,1,100,,312306,9,,,1,95,,312307,9,,,1,197,,312308,9,,,1
6100,'20261109',1228,,312309,9,,,1,105,,312310,9,,,1,103,,312311,9,,,1,113,,312312,9,,,1,476,,312313,9,,,1,98,,312314,9,,,1,98,,312315,9,,,1,100,,312316,9,,,1,95,,312317,9,,,1,197,,312318,9,,,1
6100,'20261110',1228,,312319,9,,,1,105,,312320,9,,,1,103,,312321,9,,,1,113,,312322,9,,,1,476,,312323,9,,,1,98,,312324,9,,,1,98,,312325,9,,,1,100,,312326,9,,,1,95,,312327,9,,,1,197,,312328,9,,,1
6100,'20261111',1228,,312329,9,,,1,105,,312330,9,,,1,103,,312331,9,,,1,113,,312332,9,,,1,476,,312333,9,,,1,98,,312334,9,,,1,98,,312335,9,,,1,100,,312336,9,,,1,95,,312337,9,,,1,197,,312338,9,,,1
6100,'20261112',1228,,312339,9,,,1,105,,312340,9,,,1,103,,312341,9,,,1,113,,312342,9,,,1,476,,312343,9,,,1,98,,312344,9,,,1,98,,312345,9,,,1,100,,312346,9,,,1,95,,312347,9,,,1,197,,312348,9,,,1
6100,'20261113',1228,,312349,9,,,1,105,,312350,9,,,1,103,,312351,9,,,1,113,,312352,9,,,1,476,,312353,9,,,1,98,,312354,9,,,1,98,,312355,9,,,1,100,,312356,9,,,1,95,,312357,9,,,1,197,,312358,9,,,1
6100,'20261116',1228,,312359,9,,,1,105,,312360,9,,,1,103,,312361,9,,,1,113,,312362,9,,,1,476,,312363,9,,,1,98,,312364,9,,,1,98,,312365,9,,,1,100,,312366,9,,,1,95,,312367,9,,,1,197,,312368,9,,,1
6100,'20261117',1228,,312369,9,,,1,105,,312370,9,,,1,103,,312371,9,,,1,113,,312372,9,,,1,476,,312373,9,,,1,98,,312374,9,,,1,98,,312375,9,,,1,100,,312376,9,,,1,95,,312377,9,,,1,197,,312378,9,,,1
6100,'20261118',1228,,312379,9,,,1,105,,312380,9,,,1,103,,312381,9,,,1,113,,312382,9,,,1,476,,312383,9,,,1,98,,312384,9,,,1,98,,312385,9,,,1,100,,312386,9,,,1,95,,312387,9,,,1,197,,312388,9,,,1
6100,'20261119',1228,,312389,9,,,1,105,,312390,9,,,1,103,,312391,9,,,1,113,,312392,9,,,1,476,,312393,9,,,1,98,,312394,9,,,1,98,,312395,9,,,1,100,,312396,9,,,1,95,,312397,9,,,1,197,,312398,9,,,1
6100,'20261120',1228,,312399,9,,,1,105,,312400,9,,,1,103,,312401,9,,,1,113,,312402,9,,,1,476,,312403,9,,,1,98,,312404,9,,,1,98,,312405,9,,,1,100,,312406,9,,,1,95,,312407,9,,,1,197,,312408,9,,,1
6100,'20261123',1228,,312409,9,,,1,105,,312410,9,,,1,103,,312411,9,,,1,113,,312412,9,,,1,476,,312413,9,,,1,98,,312414,9,,,1,98,,312415,9,,,1,100,,312416,9,,,1,95,,312417,9,,,1,197,,312418,9,,,1
6100,'20261124',1228,,312419,9,,,1,105,,312420,9,,,1,103,,312421,9,,,1,113,,312422,9,,,1,476,,312423,9,,,1,98,,312424,9,,,1,98,,312425,9,,,1,100,,312426,9,,,1,95,,312427,9,,,1,197,,312428,9,,,1
6100,'20261125',1228,,312429,9,,,1,105,,312430,9,,,1,103,,312431,9,,,1,113,,312432,9,,,1,476,,312433,9,,,1,98,,312434,9,,,1,98,,312435,9,,,1,100,,312436,9,,,1,95,,312437,9,,,1,197,,312438,9,,,1
6100,'20261126',1228,,312439,9,,,1,105,,312440,9,,,1,103,,312441,9,,,1,113,,312442,9,,,1,476,,312443,9,,,1,98,,312444,9,,,1,98,,312445,9,,,1,100,,312446,9,,,1,95,,312447,9,,,1,197,,312448,9,,,1
6100,'20261127',1228,,312449,9,,,1,105,,312450,9,,,1,103,,312451,9,,,1,113,,312452,9,,,1,476,,312453,9,,,1,98,,312454,9,,,1,98,,312455,9,,,1,100,,312456,9,,,1,95,,312457,9,,,1,197,,312458,9,,,1
