3800,'20260917',1658,,279699,11,,,1,265,,279700,11,,,1
3800,'20260918',1658,,279701,11,,,1,265,,279702,11,,,1
3800,'20260921',1658,,279703,11,,,1,265,,279704,11,,,1
3800,'20260922',1658,,279705,11,,,1,265,,279706,11,,,1
3800,'20260923',1658,,279707,11,,,1,265,,279708,11,,,1
3800,'20260924',1658,,279709,11,,,1,265,,279710,11,,,1
3800,'20260925',1658,,279711,11,,,1,265,,279712,11,,,1
3800,'20260928',1658,,279713,11,,,1,265,,279714,11,,,1
3800,'20260929',1658,,279715,11,,,1,265,,279716,11,,,1
3800,'20260930',1658,,279717,11,,,1,265,,279718,11,,,1
3800,'20261001',1658,,279719,11,,,1,265,,279720,11,,,1
3800,'20261002',1658,,279721,11,,,1,265,,279722,11,,,1
3800,'20261005',1658,,279723,11,,,1,265,,279724,11,,,1
3800,'20261006',1658,,279725,11,,,1,265,,279726,11,,,1
3800,'20261007',1658,,279727,11,,,1,265,,279728,11,,,1
3800,'20261008',1658,,279729,11,,,1,265,,279730,11,,,1
3800,'20261009',1658,,279731,11,,,1,265,,279732,11,,,1
3800,'20261013',1658,,279733,11,,,1,265,,279734,11,,,1
3800,'20261014',1658,,279735,11,,,1,265,,279736,11,,,1
3800,'20261015',1658,,279737,11,,,1,265,,279738,11,,,1
3800,'20261016',1658,,279739,11,,,1,265,,279740,11,,,1
3800,'20261019',1658,,279741,11,,,1,265,,279742,11,,,1
3800,'20261020',1658,,279743,11,,,1,265,,279744,11,,,1
3800,'20261021',1658,,279745,11,,,1,265,,279746,11,,,1
3800,'20261022',1658,,279747,11,,,1,265,,279748,11,,,1
3800,'20261023',1658,,279749,11,,,1,265,,279750,11,,,1
3800,'20261026',1658,,279751,11,,,1,265,,279752,11,,,1
3800,'20261027',1658,,279753,11,,,1,265,,279754,11,,,1
3800,'20261028',1658,,279755,11,,,1,265,,279756,11,,,1
3800,'20261029',1658,,279757,11,,,1,265,,279758,11,,,1
3800,'20261030',1658,,279759,11,,,1,265,,279760,11,,,1
3800,'20261102',1658,,279761,11,,,1,265,,279762,11,,,1
3800,'20261103',1658,,279763,11,,,1,265,,279764,11,,,1
3800,'20261104',1658,,279765,11,,,1,265,,279766,11,,,1
3800,'20261105',1658,,279767,11,,,1,265,,279768,11,,,1
3800,'20261106',1658,,279769,11,,,1,265,,279770,11,,,1
3800,'20261109',1658,,279771,11,,,1,265,,279772,11,,,1
3800,'20261110',1658,,279773,11,,,1,265,,279774,11,,,1
3800,'20261111',1658,,279775,11,,,1,265,,279776,11,,,1
3800,'20261112',1658,,279777,11,,,1,265,,279778,11,,,1
3800,'20261113',1658,,279779,11,,,1,265,,279780,11,,,1
3800,'20261116',1658,,279781,11,,,1,265,,279782,11,,,1
3800,'20261117',1658,,279783,11,,,1,265,,279784,11,,,1
3800,'20261118',1658,,279785,11,,,1,265,,279786,11,,,1
3800,'20261119',1658,,279787,11,,,1,265,,279788,11,,,1
3800,'20261120',1658,,279789,11,,,1,265,,279790,11,,,1
3800,'20261123',1658,,279791,11,,,1,265,,279792,11,,,1
3800,'20261124',1658,,279793,11,,,1,265,,279794,11,,,1
3800,'20261125',1658,,279795,11,,,1,265,,279796,11,,,1
3800,'20261126',1658,,279797,11,,,1,265,,279798,11,,,1
3800,'20261127',1658,,279799,11,,,1,265,,279800,11,,,1
3801,'20260917',521,,279815,9,,,1,100,,279816,9,,,1
3801,'20260918',521,,279817,9,,,1,100,,279818,9,,,1
3801,'20260921',521,,279819,9,,,1,100,,279820,9,,,1
3801,'20260922',521,,279821,9,,,1,100,,279822,9,,,1
3801,'20260923',521,,279823,9,,,1,100,,279824,9,,,1
3801,'20260924',521,,279825,9,,,1,100,,279826,9,,,1
3801,'20260925',521,,279827,9,,,1,100,,279828,9,,,1
3801,'20260928',521,,279829,9,,,1,100,,279830,9,,,1
3801,'20260929',521,,279831,9,,,1,100,,279832,9,,,1
3801,'20260930',521,,279833,9,,,1,100,,279834,9,,,1
3801,'20261001',521,,279835,9,,,1,100,,279836,9,,,1
3801,'20261002',521,,279837,9,,,1,100,,279838,9,,,1
3801,'20261005',521,,279839,9,,,1,100,,279840,9,,,1
3801,'20261006',521,,279841,9,,,1,100,,279842,9,,,1
3801,'20261007',521,,279843,9,,,1,100,,279844,9,,,1
3801,'20261008',521,,279845,9,,,1,100,,279846,9,,,1
3801,'20261009',521,,279847,9,,,1,100,,279848,9,,,1
3801,'20261013',521,,279849,9,,,1,100,,279850,9,,,1
3801,'20261014',521,,279851,9,,,1,100,,279852,9,,,1
3801,'20261015',521,,279853,9,,,1,100,,279854,9,,,1
3801,'20261016',521,,279855,9,,,1,100,,279856,9,,,1
3801,'20261019',521,,279857,9,,,1,100,,279858,9,,,1
3801,'20261020',521,,279859,9,,,1,100,,279860,9,,,1
3801,'20261021',521,,279861,9,,,1,100,,279862,9,,,1
3801,'20261022',521,,279863,9,,,1,100,,279864,9,,,1
3801,'20261023',521,,279865,9,,,1,100,,279866,9,,,1
3801,'20261026',521,,279867,9,,,1,100,,279868,9,,,1
3801,'20261027',521,,279869,9,,,1,100,,279870,9,,,1
3801,'20261028',521,,279871,9,,,1,100,,279872,9,,,1
3801,'20261029',521,,279873,9,,,1,100,,279874,9,,,1
3801,'20261030',521,,279875,9,,,1,100,,279876,9,,,1
3801,'20261102',521,,279877,9,,,1,100,,279878,9,,,1
3801,'20261103',521,,279879,9,,,1,100,,279880,9,,,1
3801,'20261104',521,,279881,9,,,1,100,,279882,9,,,1
3801,'20261105',521,,279883,9,,,1,100,,279884,9,,,1
3801,'20261106',521,,279885,9,,,1,100,,279886,9,,,1
3801,'20261109',521,,279887,9,,,1,100,,279888,9,,,1
3801,'20261110',521,,279889,9,,,1,100,,279890,9,,,1
3801,'20261111',521,,279891,9,,,1,100,,279892,9,,,1
3801,'20261112',521,,279893,9,,,1,100,,279894,9,,,1
3801,'20261113',521,,279895,9,,,1,100,,279896,9,,,1
3801,'20261116',521,,279897,9,,,1,100,,279898,9,,,1
3801,'20261117',521,,279899,9,,,1,100,,279900,9,,,1
3801,'20261118',521,,279901,9,,,1,100,,279902,9,,,1
3801,'20261119',521,,279903,9,,,1,100,,279904,9,,,1
3801,'20261120',521,,279905,9,,,1,100,,279906,9,,,1
3801,'20261123',521,,279907,9,,,1,100,,279908,9,,,1
3801,'20261124',521,,279909,9,,,1,100,,279910,9,,,1
3801,'20261125',521,,279911,9,,,1,100,,279912,9,,,1
3801,'20261126',521,,279913,9,,,1,100,,279914,9,,,1
3801,'20261127',521,,279915,9,,,1,100,,279916,9,,,1
