4100,'20260831',738,,188257,32,,,1,5,,188258,15,0,7 58 9,1,64,,188259,32,,,1,3,,188260,15,0,7 58 9,1,10,,188262,15,0,7 58 9,1,22,,188264,15,0,7 58 9,1,10,,188263,32,,,1,5,,188266,15,0,7 58 9,1,70,,188267,32,,,1,10,,188271,15,0,7 58 9,1,65,,188272,32,,,1,3,,188274,15,0,7 58 9,1,22,,188275,32,,,1,8,,188277,15,0,7 58 9,1,18,,188279,15,0,7 58 9,1,5,,188278,32,,,1,60,,188280,32,,,1,5,,188281,15,0,7 58 9,1,25,,188282,32,,,1,5,,188283,15,0,7 58 9,1,64,,188284,32,,,1,5,,188285,15,0,7 58 9,1,20,,188287,15,0,7 58 9,1,75,,188288,32,,,1,30,,188290,32,,,1,65,,188292,32,,,1,35,,188294,32,,,1,74,,188296,32,,,1,30,,188298,32,,,1,70,,188300,32,,,1,30,,188302,32,,,1,80,,188305,32,,,1,80,,188307,32,,,1,25,,188309,32,,,1,65,,188311,32,,,1,35,,188313,32,,,1,96,,188317,32,,,1,21,,188318,32,,,1,95,,188320,32,,,1,160,,188322,32,,,1,100,,188323,32,,,1,95,,188324,32,,,1
4100,'20260901',738,,188325,32,,,1,5,,188326,15,0,7 58 9,1,64,,188327,32,,,1,3,,188328,15,0,7 58 9,1,10,,188330,15,0,7 58 9,1,22,,188332,15,0,7 58 9,1,10,,188331,32,,,1,5,,188334,15,0,7 58 9,1,70,,188335,32,,,1,10,,188339,15,0,7 58 9,1,65,,188340,32,,,1,3,,188342,15,0,7 58 9,1,22,,188343,32,,,1,8,,188345,15,0,7 58 9,1,18,,188347,15,0,7 58 9,1,5,,188346,32,,,1,60,,188348,32,,,1,5,,188349,15,0,7 58 9,1,25,,188350,32,,,1,5,,188351,15,0,7 58 9,1,64,,188352,32,,,1,5,,188353,15,0,7 58 9,1,20,,188355,15,0,7 58 9,1,75,,188356,32,,,1,30,,188358,32,,,1,65,,188360,32,,,1,35,,188362,32,,,1,74,,188364,32,,,1,30,,188366,32,,,1,70,,188368,32,,,1,30,,188370,32,,,1,80,,188373,32,,,1,80,,188375,32,,,1,25,,188377,32,,,1,65,,188379,32,,,1,35,,188381,32,,,1,96,,188385,32,,,1,21,,188386,32,,,1,95,,188388,32,,,1,160,,188390,32,,,1,100,,188391,32,,,1,95,,188392,32,,,1
4100,'20260902',738,,188393,32,,,1,5,,188394,15,0,7 58 9,1,64,,188395,32,,,1,3,,188396,15,0,7 58 9,1,10,,188398,15,0,7 58 9,1,22,,188400,15,0,7 58 9,1,10,,188399,32,,,1,5,,188402,15,0,7 58 9,1,70,,188403,32,,,1,10,,188407,15,0,7 58 9,1,65,,188408,32,,,1,3,,188410,15,0,7 58 9,1,22,,188411,32,,,1,8,,188413,15,0,7 58 9,1,18,,188415,15,0,7 58 9,1,5,,188414,32,,,1,60,,188416,32,,,1,5,,188417,15,0,7 58 9,1,25,,188418,32,,,1,5,,188419,15,0,7 58 9,1,64,,188420,32,,,1,5,,188421,15,0,7 58 9,1,20,,188423,15,0,7 58 9,1,75,,188424,32,,,1,30,,188426,32,,,1,65,,188428,32,,,1,35,,188430,32,,,1,74,,188432,32,,,1,30,,188434,32,,,1,70,,188436,32,,,1,30,,188438,32,,,1,80,,188441,32,,,1,80,,188443,32,,,1,25,,188445,32,,,1,65,,188447,32,,,1,35,,188449,32,,,1,96,,188453,32,,,1,21,,188454,32,,,1,95,,188456,32,,,1,160,,188458,32,,,1,100,,188459,32,,,1,95,,188460,32,,,1
4100,'20260903',738,,188461,32,,,1,5,,188462,15,0,7 58 9,1,64,,188463,32,,,1,3,,188464,15,0,7 58 9,1,10,,188466,15,0,7 58 9,1,22,,188468,15,0,7 58 9,1,10,,188467,32,,,1,5,,188470,15,0,7 58 9,1,70,,188471,32,,,1,10,,188475,15,0,7 58 9,1,65,,188476,32,,,1,3,,188478,15,0,7 58 9,1,22,,188479,32,,,1,8,,188481,15,0,7 58 9,1,18,,188483,15,0,7 58 9,1,5,,188482,32,,,1,60,,188484,32,,,1,5,,188485,15,0,7 58 9,1,25,,188486,32,,,1,5,,188487,15,0,7 58 9,1,64,,188488,32,,,1,5,,188489,15,0,7 58 9,1,20,,188491,15,0,7 58 9,1,75,,188492,32,,,1,30,,188494,32,,,1,65,,188496,32,,,1,35,,188498,32,,,1,74,,188500,32,,,1,30,,188502,32,,,1,70,,188504,32,,,1,30,,188506,32,,,1,80,,188509,32,,,1,80,,188511,32,,,1,25,,188513,32,,,1,65,,188515,32,,,1,35,,188517,32,,,1,96,,188521,32,,,1,21,,188522,32,,,1,95,,188524,32,,,1,160,,188526,32,,,1,100,,188527,32,,,1,95,,188528,32,,,1
4100,'20260904',738,,188529,32,,,1,5,,188530,15,0,7 58 9,1,64,,188531,32,,,1,3,,188532,15,0,7 58 9,1,10,,188534,15,0,7 58 9,1,22,,188536,15,0,7 58 9,1,10,,188535,32,,,1,5,,188538,15,0,7 58 9,1,70,,188539,32,,,1,10,,188543,15,0,7 58 9,1,65,,188544,32,,,1,3,,188546,15,0,7 58 9,1,22,,188547,32,,,1,8,,188549,15,0,7 58 9,1,18,,188551,15,0,7 58 9,1,5,,188550,32,,,1,60,,188552,32,,,1,5,,188553,15,0,7 58 9,1,25,,188554,32,,,1,5,,188555,15,0,7 58 9,1,64,,188556,32,,,1,5,,188557,15,0,7 58 9,1,20,,188559,15,0,7 58 9,1,75,,188560,32,,,1,30,,188562,32,,,1,65,,188564,32,,,1,35,,188566,32,,,1,74,,188568,32,,,1,30,,188570,32,,,1,70,,188572,32,,,1,30,,188574,32,,,1,80,,188577,32,,,1,80,,188579,32,,,1,25,,188581,32,,,1,65,,188583,32,,,1,35,,188585,32,,,1,96,,188589,32,,,1,21,,188590,32,,,1,95,,188592,32,,,1,160,,188594,32,,,1,100,,188595,32,,,1,95,,188596,32,,,1
4100,'20260908',738,,287803,32,,,1,5,,287804,15,0,7 58 9,1,64,,287805,32,,,1,3,,287806,15,0,7 58 9,1,10,,287808,15,0,7 58 9,1,17,,287810,15,0,7 58 9,1,15,,287809,32,,,1,5,,287812,15,0,7 58 9,1,45,,287813,15,0,7 58 9,1,25,,287814,32,,,1,10,,287819,15,0,7 58 9,1,65,,287820,32,,,1,3,,287823,15,0,7 58 9,1,22,,287824,32,,,1,8,,287827,15,0,7 58 9,1,8,,287829,15,0,7 58 9,1,15,,287830,15,0,7 58 9,1,65,,287833,15,0,7 58 9,1,25,,287834,32,,,1,5,,287836,15,0,7 58 9,1,64,,287837,32,,,1,5,,287839,15,0,7 58 9,1,20,,287841,15,0,7 58 9,1,75,,287842,32,,,1,30,,287844,32,,,1,65,,287846,32,,,1,35,,287849,32,,,1,74,,287852,32,,,1,30,,287854,32,,,1,70,,287856,32,,,1,30,,287858,32,,,1,90,,287860,32,,,1,70,,287862,32,,,1,30,,287864,32,,,1,65,,287866,32,,,1,35,,287868,32,,,1,91,,287872,32,,,1,21,,287874,32,,,1,95,,287877,32,,,1,160,,287879,32,,,1,100,,287880,32,,,1,95,,287881,32,,,1
4100,'20260909',738,,287882,32,,,1,5,,287883,15,0,7 58 9,1,64,,287884,32,,,1,3,,287885,15,0,7 58 9,1,10,,287887,15,0,7 58 9,1,17,,287889,15,0,7 58 9,1,15,,287888,32,,,1,5,,287891,15,0,7 58 9,1,45,,287892,15,0,7 58 9,1,25,,287893,32,,,1,10,,287898,15,0,7 58 9,1,65,,287899,32,,,1,3,,287902,15,0,7 58 9,1,22,,287903,32,,,1,8,,287906,15,0,7 58 9,1,8,,287908,15,0,7 58 9,1,15,,287909,15,0,7 58 9,1,65,,287912,15,0,7 58 9,1,25,,287913,32,,,1,5,,287915,15,0,7 58 9,1,64,,287916,32,,,1,5,,287918,15,0,7 58 9,1,20,,287920,15,0,7 58 9,1,75,,287921,32,,,1,30,,287923,32,,,1,65,,287925,32,,,1,35,,287928,32,,,1,74,,287931,32,,,1,30,,287933,32,,,1,70,,287935,32,,,1,30,,287937,32,,,1,90,,287939,32,,,1,70,,287941,32,,,1,30,,287943,32,,,1,65,,287945,32,,,1,35,,287947,32,,,1,91,,287951,32,,,1,21,,287953,32,,,1,95,,287956,32,,,1,160,,287958,32,,,1,100,,287959,32,,,1,95,,287960,32,,,1
4100,'20260910',738,,287961,32,,,1,5,,287962,15,0,7 58 9,1,64,,287963,32,,,1,3,,287964,15,0,7 58 9,1,10,,287966,15,0,7 58 9,1,17,,287968,15,0,7 58 9,1,15,,287967,32,,,1,5,,287970,15,0,7 58 9,1,45,,287971,15,0,7 58 9,1,25,,287972,32,,,1,10,,287977,15,0,7 58 9,1,65,,287978,32,,,1,3,,287981,15,0,7 58 9,1,22,,287982,32,,,1,8,,287985,15,0,7 58 9,1,8,,287987,15,0,7 58 9,1,15,,287988,15,0,7 58 9,1,65,,287991,15,0,7 58 9,1,25,,287992,32,,,1,5,,287994,15,0,7 58 9,1,64,,287995,32,,,1,5,,287997,15,0,7 58 9,1,20,,287999,15,0,7 58 9,1,75,,288000,32,,,1,30,,288002,32,,,1,65,,288004,32,,,1,35,,288007,32,,,1,74,,288010,32,,,1,30,,288012,32,,,1,70,,288014,32,,,1,30,,288016,32,,,1,90,,288018,32,,,1,70,,288020,32,,,1,30,,288022,32,,,1,65,,288024,32,,,1,35,,288026,32,,,1,91,,288030,32,,,1,21,,288032,32,,,1,95,,288035,32,,,1,160,,288037,32,,,1,100,,288038,32,,,1,95,,288039,32,,,1
4100,'20260911',738,,288040,32,,,1,5,,288041,15,0,7 58 9,1,64,,288042,32,,,1,3,,288043,15,0,7 58 9,1,10,,288045,15,0,7 58 9,1,17,,288047,15,0,7 58 9,1,15,,288046,32,,,1,5,,288049,15,0,7 58 9,1,45,,288050,15,0,7 58 9,1,25,,288051,32,,,1,10,,288056,15,0,7 58 9,1,65,,288057,32,,,1,3,,288060,15,0,7 58 9,1,22,,288061,32,,,1,8,,288064,15,0,7 58 9,1,8,,288066,15,0,7 58 9,1,15,,288067,15,0,7 58 9,1,65,,288070,15,0,7 58 9,1,25,,288071,32,,,1,5,,288073,15,0,7 58 9,1,64,,288074,32,,,1,5,,288076,15,0,7 58 9,1,20,,288078,15,0,7 58 9,1,75,,288079,32,,,1,30,,288081,32,,,1,65,,288083,32,,,1,35,,288086,32,,,1,74,,288089,32,,,1,30,,288091,32,,,1,70,,288093,32,,,1,30,,288095,32,,,1,90,,288097,32,,,1,70,,288099,32,,,1,30,,288101,32,,,1,65,,288103,32,,,1,35,,288105,32,,,1,91,,288109,32,,,1,21,,288111,32,,,1,95,,288114,32,,,1,160,,288116,32,,,1,100,,288117,32,,,1,95,,288118,32,,,1
4100,'20260914',738,,288119,32,,,1,5,,288120,15,0,7 58 9,1,64,,288121,32,,,1,3,,288122,15,0,7 58 9,1,10,,288124,15,0,7 58 9,1,17,,288126,15,0,7 58 9,1,15,,288125,32,,,1,5,,288128,15,0,7 58 9,1,45,,288129,15,0,7 58 9,1,25,,288130,32,,,1,10,,288135,15,0,7 58 9,1,65,,288136,32,,,1,3,,288139,15,0,7 58 9,1,22,,288140,32,,,1,8,,288143,15,0,7 58 9,1,8,,288145,15,0,7 58 9,1,15,,288146,15,0,7 58 9,1,65,,288149,15,0,7 58 9,1,25,,288150,32,,,1,5,,288152,15,0,7 58 9,1,64,,288153,32,,,1,5,,288155,15,0,7 58 9,1,20,,288157,15,0,7 58 9,1,75,,288158,32,,,1,30,,288160,32,,,1,65,,288162,32,,,1,35,,288165,32,,,1,74,,288168,32,,,1,30,,288170,32,,,1,70,,288172,32,,,1,30,,288174,32,,,1,90,,288176,32,,,1,70,,288178,32,,,1,30,,288180,32,,,1,65,,288182,32,,,1,35,,288184,32,,,1,91,,288188,32,,,1,21,,288190,32,,,1,95,,288193,32,,,1,160,,288195,32,,,1,100,,288196,32,,,1,95,,288197,32,,,1
4100,'20260915',738,,288198,32,,,1,5,,288199,15,0,7 58 9,1,64,,288200,32,,,1,3,,288201,15,0,7 58 9,1,10,,288203,15,0,7 58 9,1,17,,288205,15,0,7 58 9,1,15,,288204,32,,,1,5,,288207,15,0,7 58 9,1,45,,288208,15,0,7 58 9,1,25,,288209,32,,,1,10,,288214,15,0,7 58 9,1,65,,288215,32,,,1,3,,288218,15,0,7 58 9,1,22,,288219,32,,,1,8,,288222,15,0,7 58 9,1,8,,288224,15,0,7 58 9,1,15,,288225,15,0,7 58 9,1,65,,288228,15,0,7 58 9,1,25,,288229,32,,,1,5,,288231,15,0,7 58 9,1,64,,288232,32,,,1,5,,288234,15,0,7 58 9,1,20,,288236,15,0,7 58 9,1,75,,288237,32,,,1,30,,288239,32,,,1,65,,288241,32,,,1,35,,288244,32,,,1,74,,288247,32,,,1,30,,288249,32,,,1,70,,288251,32,,,1,30,,288253,32,,,1,90,,288255,32,,,1,70,,288257,32,,,1,30,,288259,32,,,1,65,,288261,32,,,1,35,,288263,32,,,1,91,,288267,32,,,1,21,,288269,32,,,1,95,,288272,32,,,1,160,,288274,32,,,1,100,,288275,32,,,1,95,,288276,32,,,1
4100,'20260916',738,,288277,32,,,1,5,,288278,15,0,7 58 9,1,64,,288279,32,,,1,3,,288280,15,0,7 58 9,1,10,,288282,15,0,7 58 9,1,17,,288284,15,0,7 58 9,1,15,,288283,32,,,1,5,,288286,15,0,7 58 9,1,45,,288287,15,0,7 58 9,1,25,,288288,32,,,1,10,,288293,15,0,7 58 9,1,65,,288294,32,,,1,3,,288297,15,0,7 58 9,1,22,,288298,32,,,1,8,,288301,15,0,7 58 9,1,8,,288303,15,0,7 58 9,1,15,,288304,15,0,7 58 9,1,65,,288307,15,0,7 58 9,1,25,,288308,32,,,1,5,,288310,15,0,7 58 9,1,64,,288311,32,,,1,5,,288313,15,0,7 58 9,1,20,,288315,15,0,7 58 9,1,75,,288316,32,,,1,30,,288318,32,,,1,65,,288320,32,,,1,35,,288323,32,,,1,74,,288326,32,,,1,30,,288328,32,,,1,70,,288330,32,,,1,30,,288332,32,,,1,90,,288334,32,,,1,70,,288336,32,,,1,30,,288338,32,,,1,65,,288340,32,,,1,35,,288342,32,,,1,91,,288346,32,,,1,21,,288348,32,,,1,95,,288351,32,,,1,160,,288353,32,,,1,100,,288354,32,,,1,95,,288355,32,,,1
4100,'20260917',738,,288356,32,,,1,5,,288357,15,0,7 58 9,1,64,,288358,32,,,1,3,,288359,15,0,7 58 9,1,10,,288361,15,0,7 58 9,1,17,,288363,15,0,7 58 9,1,15,,288362,32,,,1,5,,288365,15,0,7 58 9,1,45,,288366,15,0,7 58 9,1,25,,288367,32,,,1,10,,288372,15,0,7 58 9,1,65,,288373,32,,,1,3,,288376,15,0,7 58 9,1,22,,288377,32,,,1,8,,288380,15,0,7 58 9,1,8,,288382,15,0,7 58 9,1,15,,288383,15,0,7 58 9,1,65,,288386,15,0,7 58 9,1,25,,288387,32,,,1,5,,288389,15,0,7 58 9,1,64,,288390,32,,,1,5,,288392,15,0,7 58 9,1,20,,288394,15,0,7 58 9,1,75,,288395,32,,,1,30,,288397,32,,,1,65,,288399,32,,,1,35,,288402,32,,,1,74,,288405,32,,,1,30,,288407,32,,,1,70,,288409,32,,,1,30,,288411,32,,,1,90,,288413,32,,,1,70,,288415,32,,,1,30,,288417,32,,,1,65,,288419,32,,,1,35,,288421,32,,,1,91,,288425,32,,,1,21,,288427,32,,,1,95,,288430,32,,,1,160,,288432,32,,,1,100,,288433,32,,,1,95,,288434,32,,,1
4100,'20260918',738,,288435,32,,,1,5,,288436,15,0,7 58 9,1,64,,288437,32,,,1,3,,288438,15,0,7 58 9,1,10,,288440,15,0,7 58 9,1,17,,288442,15,0,7 58 9,1,15,,288441,32,,,1,5,,288444,15,0,7 58 9,1,45,,288445,15,0,7 58 9,1,25,,288446,32,,,1,10,,288451,15,0,7 58 9,1,65,,288452,32,,,1,3,,288455,15,0,7 58 9,1,22,,288456,32,,,1,8,,288459,15,0,7 58 9,1,8,,288461,15,0,7 58 9,1,15,,288462,15,0,7 58 9,1,65,,288465,15,0,7 58 9,1,25,,288466,32,,,1,5,,288468,15,0,7 58 9,1,64,,288469,32,,,1,5,,288471,15,0,7 58 9,1,20,,288473,15,0,7 58 9,1,75,,288474,32,,,1,30,,288476,32,,,1,65,,288478,32,,,1,35,,288481,32,,,1,74,,288484,32,,,1,30,,288486,32,,,1,70,,288488,32,,,1,30,,288490,32,,,1,90,,288492,32,,,1,70,,288494,32,,,1,30,,288496,32,,,1,65,,288498,32,,,1,35,,288500,32,,,1,91,,288504,32,,,1,21,,288506,32,,,1,95,,288509,32,,,1,160,,288511,32,,,1,100,,288512,32,,,1,95,,288513,32,,,1
4100,'20260921',738,,288514,32,,,1,5,,288515,15,0,7 58 9,1,64,,288516,32,,,1,3,,288517,15,0,7 58 9,1,10,,288519,15,0,7 58 9,1,17,,288521,15,0,7 58 9,1,15,,288520,32,,,1,5,,288523,15,0,7 58 9,1,45,,288524,15,0,7 58 9,1,25,,288525,32,,,1,10,,288530,15,0,7 58 9,1,65,,288531,32,,,1,3,,288534,15,0,7 58 9,1,22,,288535,32,,,1,8,,288538,15,0,7 58 9,1,8,,288540,15,0,7 58 9,1,15,,288541,15,0,7 58 9,1,65,,288544,15,0,7 58 9,1,25,,288545,32,,,1,5,,288547,15,0,7 58 9,1,64,,288548,32,,,1,5,,288550,15,0,7 58 9,1,20,,288552,15,0,7 58 9,1,75,,288553,32,,,1,30,,288555,32,,,1,65,,288557,32,,,1,35,,288560,32,,,1,74,,288563,32,,,1,30,,288565,32,,,1,70,,288567,32,,,1,30,,288569,32,,,1,90,,288571,32,,,1,70,,288573,32,,,1,30,,288575,32,,,1,65,,288577,32,,,1,35,,288579,32,,,1,91,,288583,32,,,1,21,,288585,32,,,1,95,,288588,32,,,1,160,,288590,32,,,1,100,,288591,32,,,1,95,,288592,32,,,1
4100,'20260922',738,,288593,32,,,1,5,,288594,15,0,7 58 9,1,64,,288595,32,,,1,3,,288596,15,0,7 58 9,1,10,,288598,15,0,7 58 9,1,17,,288600,15,0,7 58 9,1,15,,288599,32,,,1,5,,288602,15,0,7 58 9,1,45,,288603,15,0,7 58 9,1,25,,288604,32,,,1,10,,288609,15,0,7 58 9,1,65,,288610,32,,,1,3,,288613,15,0,7 58 9,1,22,,288614,32,,,1,8,,288617,15,0,7 58 9,1,8,,288619,15,0,7 58 9,1,15,,288620,15,0,7 58 9,1,65,,288623,15,0,7 58 9,1,25,,288624,32,,,1,5,,288626,15,0,7 58 9,1,64,,288627,32,,,1,5,,288629,15,0,7 58 9,1,20,,288631,15,0,7 58 9,1,75,,288632,32,,,1,30,,288634,32,,,1,65,,288636,32,,,1,35,,288639,32,,,1,74,,288642,32,,,1,30,,288644,32,,,1,70,,288646,32,,,1,30,,288648,32,,,1,90,,288650,32,,,1,70,,288652,32,,,1,30,,288654,32,,,1,65,,288656,32,,,1,35,,288658,32,,,1,91,,288662,32,,,1,21,,288664,32,,,1,95,,288667,32,,,1,160,,288669,32,,,1,100,,288670,32,,,1,95,,288671,32,,,1
4100,'20260923',738,,288672,32,,,1,5,,288673,15,0,7 58 9,1,64,,288674,32,,,1,3,,288675,15,0,7 58 9,1,10,,288677,15,0,7 58 9,1,17,,288679,15,0,7 58 9,1,15,,288678,32,,,1,5,,288681,15,0,7 58 9,1,45,,288682,15,0,7 58 9,1,25,,288683,32,,,1,10,,288688,15,0,7 58 9,1,65,,288689,32,,,1,3,,288692,15,0,7 58 9,1,22,,288693,32,,,1,8,,288696,15,0,7 58 9,1,8,,288698,15,0,7 58 9,1,15,,288699,15,0,7 58 9,1,65,,288702,15,0,7 58 9,1,25,,288703,32,,,1,5,,288705,15,0,7 58 9,1,64,,288706,32,,,1,5,,288708,15,0,7 58 9,1,20,,288710,15,0,7 58 9,1,75,,288711,32,,,1,30,,288713,32,,,1,65,,288715,32,,,1,35,,288718,32,,,1,74,,288721,32,,,1,30,,288723,32,,,1,70,,288725,32,,,1,30,,288727,32,,,1,90,,288729,32,,,1,70,,288731,32,,,1,30,,288733,32,,,1,65,,288735,32,,,1,35,,288737,32,,,1,91,,288741,32,,,1,21,,288743,32,,,1,95,,288746,32,,,1,160,,288748,32,,,1,100,,288749,32,,,1,95,,288750,32,,,1
4100,'20260924',738,,288751,32,,,1,5,,288752,15,0,7 58 9,1,64,,288753,32,,,1,3,,288754,15,0,7 58 9,1,10,,288756,15,0,7 58 9,1,17,,288758,15,0,7 58 9,1,15,,288757,32,,,1,5,,288760,15,0,7 58 9,1,45,,288761,15,0,7 58 9,1,25,,288762,32,,,1,10,,288767,15,0,7 58 9,1,65,,288768,32,,,1,3,,288771,15,0,7 58 9,1,22,,288772,32,,,1,8,,288775,15,0,7 58 9,1,8,,288777,15,0,7 58 9,1,15,,288778,15,0,7 58 9,1,65,,288781,15,0,7 58 9,1,25,,288782,32,,,1,5,,288784,15,0,7 58 9,1,64,,288785,32,,,1,5,,288787,15,0,7 58 9,1,20,,288789,15,0,7 58 9,1,75,,288790,32,,,1,30,,288792,32,,,1,65,,288794,32,,,1,35,,288797,32,,,1,74,,288800,32,,,1,30,,288802,32,,,1,70,,288804,32,,,1,30,,288806,32,,,1,90,,288808,32,,,1,70,,288810,32,,,1,30,,288812,32,,,1,65,,288814,32,,,1,35,,288816,32,,,1,91,,288820,32,,,1,21,,288822,32,,,1,95,,288825,32,,,1,160,,288827,32,,,1,100,,288828,32,,,1,95,,288829,32,,,1
4100,'20260925',738,,288830,32,,,1,5,,288831,15,0,7 58 9,1,64,,288832,32,,,1,3,,288833,15,0,7 58 9,1,10,,288835,15,0,7 58 9,1,17,,288837,15,0,7 58 9,1,15,,288836,32,,,1,5,,288839,15,0,7 58 9,1,45,,288840,15,0,7 58 9,1,25,,288841,32,,,1,10,,288846,15,0,7 58 9,1,65,,288847,32,,,1,3,,288850,15,0,7 58 9,1,22,,288851,32,,,1,8,,288854,15,0,7 58 9,1,8,,288856,15,0,7 58 9,1,15,,288857,15,0,7 58 9,1,65,,288860,15,0,7 58 9,1,25,,288861,32,,,1,5,,288863,15,0,7 58 9,1,64,,288864,32,,,1,5,,288866,15,0,7 58 9,1,20,,288868,15,0,7 58 9,1,75,,288869,32,,,1,30,,288871,32,,,1,65,,288873,32,,,1,35,,288876,32,,,1,74,,288879,32,,,1,30,,288881,32,,,1,70,,288883,32,,,1,30,,288885,32,,,1,90,,288887,32,,,1,70,,288889,32,,,1,30,,288891,32,,,1,65,,288893,32,,,1,35,,288895,32,,,1,91,,288899,32,,,1,21,,288901,32,,,1,95,,288904,32,,,1,160,,288906,32,,,1,100,,288907,32,,,1,95,,288908,32,,,1
4100,'20260928',738,,288909,32,,,1,5,,288910,15,0,7 58 9,1,64,,288911,32,,,1,3,,288912,15,0,7 58 9,1,10,,288914,15,0,7 58 9,1,17,,288916,15,0,7 58 9,1,15,,288915,32,,,1,5,,288918,15,0,7 58 9,1,45,,288919,15,0,7 58 9,1,25,,288920,32,,,1,10,,288925,15,0,7 58 9,1,65,,288926,32,,,1,3,,288929,15,0,7 58 9,1,22,,288930,32,,,1,8,,288933,15,0,7 58 9,1,8,,288935,15,0,7 58 9,1,15,,288936,15,0,7 58 9,1,65,,288939,15,0,7 58 9,1,25,,288940,32,,,1,5,,288942,15,0,7 58 9,1,64,,288943,32,,,1,5,,288945,15,0,7 58 9,1,20,,288947,15,0,7 58 9,1,75,,288948,32,,,1,30,,288950,32,,,1,65,,288952,32,,,1,35,,288955,32,,,1,74,,288958,32,,,1,30,,288960,32,,,1,70,,288962,32,,,1,30,,288964,32,,,1,90,,288966,32,,,1,70,,288968,32,,,1,30,,288970,32,,,1,65,,288972,32,,,1,35,,288974,32,,,1,91,,288978,32,,,1,21,,288980,32,,,1,95,,288983,32,,,1,160,,288985,32,,,1,100,,288986,32,,,1,95,,288987,32,,,1
4100,'20260929',738,,288988,32,,,1,5,,288989,15,0,7 58 9,1,64,,288990,32,,,1,3,,288991,15,0,7 58 9,1,10,,288993,15,0,7 58 9,1,17,,288995,15,0,7 58 9,1,15,,288994,32,,,1,5,,288997,15,0,7 58 9,1,45,,288998,15,0,7 58 9,1,25,,288999,32,,,1,10,,289004,15,0,7 58 9,1,65,,289005,32,,,1,3,,289008,15,0,7 58 9,1,22,,289009,32,,,1,8,,289012,15,0,7 58 9,1,8,,289014,15,0,7 58 9,1,15,,289015,15,0,7 58 9,1,65,,289018,15,0,7 58 9,1,25,,289019,32,,,1,5,,289021,15,0,7 58 9,1,64,,289022,32,,,1,5,,289024,15,0,7 58 9,1,20,,289026,15,0,7 58 9,1,75,,289027,32,,,1,30,,289029,32,,,1,65,,289031,32,,,1,35,,289034,32,,,1,74,,289037,32,,,1,30,,289039,32,,,1,70,,289041,32,,,1,30,,289043,32,,,1,90,,289045,32,,,1,70,,289047,32,,,1,30,,289049,32,,,1,65,,289051,32,,,1,35,,289053,32,,,1,91,,289057,32,,,1,21,,289059,32,,,1,95,,289062,32,,,1,160,,289064,32,,,1,100,,289065,32,,,1,95,,289066,32,,,1
4100,'20260930',738,,289067,32,,,1,5,,289068,15,0,7 58 9,1,64,,289069,32,,,1,3,,289070,15,0,7 58 9,1,10,,289072,15,0,7 58 9,1,17,,289074,15,0,7 58 9,1,15,,289073,32,,,1,5,,289076,15,0,7 58 9,1,45,,289077,15,0,7 58 9,1,25,,289078,32,,,1,10,,289083,15,0,7 58 9,1,65,,289084,32,,,1,3,,289087,15,0,7 58 9,1,22,,289088,32,,,1,8,,289091,15,0,7 58 9,1,8,,289093,15,0,7 58 9,1,15,,289094,15,0,7 58 9,1,65,,289097,15,0,7 58 9,1,25,,289098,32,,,1,5,,289100,15,0,7 58 9,1,64,,289101,32,,,1,5,,289103,15,0,7 58 9,1,20,,289105,15,0,7 58 9,1,75,,289106,32,,,1,30,,289108,32,,,1,65,,289110,32,,,1,35,,289113,32,,,1,74,,289116,32,,,1,30,,289118,32,,,1,70,,289120,32,,,1,30,,289122,32,,,1,90,,289124,32,,,1,70,,289126,32,,,1,30,,289128,32,,,1,65,,289130,32,,,1,35,,289132,32,,,1,91,,289136,32,,,1,21,,289138,32,,,1,95,,289141,32,,,1,160,,289143,32,,,1,100,,289144,32,,,1,95,,289145,32,,,1
4100,'20261001',738,,289146,32,,,1,5,,289147,15,0,7 58 9,1,64,,289148,32,,,1,3,,289149,15,0,7 58 9,1,10,,289151,15,0,7 58 9,1,17,,289153,15,0,7 58 9,1,15,,289152,32,,,1,5,,289155,15,0,7 58 9,1,45,,289156,15,0,7 58 9,1,25,,289157,32,,,1,10,,289162,15,0,7 58 9,1,65,,289163,32,,,1,3,,289166,15,0,7 58 9,1,22,,289167,32,,,1,8,,289170,15,0,7 58 9,1,8,,289172,15,0,7 58 9,1,15,,289173,15,0,7 58 9,1,65,,289176,15,0,7 58 9,1,25,,289177,32,,,1,5,,289179,15,0,7 58 9,1,64,,289180,32,,,1,5,,289182,15,0,7 58 9,1,20,,289184,15,0,7 58 9,1,75,,289185,32,,,1,30,,289187,32,,,1,65,,289189,32,,,1,35,,289192,32,,,1,74,,289195,32,,,1,30,,289197,32,,,1,70,,289199,32,,,1,30,,289201,32,,,1,90,,289203,32,,,1,70,,289205,32,,,1,30,,289207,32,,,1,65,,289209,32,,,1,35,,289211,32,,,1,91,,289215,32,,,1,21,,289217,32,,,1,95,,289220,32,,,1,160,,289222,32,,,1,100,,289223,32,,,1,95,,289224,32,,,1
4100,'20261002',738,,289225,32,,,1,5,,289226,15,0,7 58 9,1,64,,289227,32,,,1,3,,289228,15,0,7 58 9,1,10,,289230,15,0,7 58 9,1,17,,289232,15,0,7 58 9,1,15,,289231,32,,,1,5,,289234,15,0,7 58 9,1,45,,289235,15,0,7 58 9,1,25,,289236,32,,,1,10,,289241,15,0,7 58 9,1,65,,289242,32,,,1,3,,289245,15,0,7 58 9,1,22,,289246,32,,,1,8,,289249,15,0,7 58 9,1,8,,289251,15,0,7 58 9,1,15,,289252,15,0,7 58 9,1,65,,289255,15,0,7 58 9,1,25,,289256,32,,,1,5,,289258,15,0,7 58 9,1,64,,289259,32,,,1,5,,289261,15,0,7 58 9,1,20,,289263,15,0,7 58 9,1,75,,289264,32,,,1,30,,289266,32,,,1,65,,289268,32,,,1,35,,289271,32,,,1,74,,289274,32,,,1,30,,289276,32,,,1,70,,289278,32,,,1,30,,289280,32,,,1,90,,289282,32,,,1,70,,289284,32,,,1,30,,289286,32,,,1,65,,289288,32,,,1,35,,289290,32,,,1,91,,289294,32,,,1,21,,289296,32,,,1,95,,289299,32,,,1,160,,289301,32,,,1,100,,289302,32,,,1,95,,289303,32,,,1
4100,'20261005',738,,289304,32,,,1,5,,289305,15,0,7 58 9,1,64,,289306,32,,,1,3,,289307,15,0,7 58 9,1,10,,289309,15,0,7 58 9,1,17,,289311,15,0,7 58 9,1,15,,289310,32,,,1,5,,289313,15,0,7 58 9,1,45,,289314,15,0,7 58 9,1,25,,289315,32,,,1,10,,289320,15,0,7 58 9,1,65,,289321,32,,,1,3,,289324,15,0,7 58 9,1,22,,289325,32,,,1,8,,289328,15,0,7 58 9,1,8,,289330,15,0,7 58 9,1,15,,289331,15,0,7 58 9,1,65,,289334,15,0,7 58 9,1,25,,289335,32,,,1,5,,289337,15,0,7 58 9,1,64,,289338,32,,,1,5,,289340,15,0,7 58 9,1,20,,289342,15,0,7 58 9,1,75,,289343,32,,,1,30,,289345,32,,,1,65,,289347,32,,,1,35,,289350,32,,,1,74,,289353,32,,,1,30,,289355,32,,,1,70,,289357,32,,,1,30,,289359,32,,,1,90,,289361,32,,,1,70,,289363,32,,,1,30,,289365,32,,,1,65,,289367,32,,,1,35,,289369,32,,,1,91,,289373,32,,,1,21,,289375,32,,,1,95,,289378,32,,,1,160,,289380,32,,,1,100,,289381,32,,,1,95,,289382,32,,,1
4100,'20261006',738,,289383,32,,,1,5,,289384,15,0,7 58 9,1,64,,289385,32,,,1,3,,289386,15,0,7 58 9,1,10,,289388,15,0,7 58 9,1,17,,289390,15,0,7 58 9,1,15,,289389,32,,,1,5,,289392,15,0,7 58 9,1,45,,289393,15,0,7 58 9,1,25,,289394,32,,,1,10,,289399,15,0,7 58 9,1,65,,289400,32,,,1,3,,289403,15,0,7 58 9,1,22,,289404,32,,,1,8,,289407,15,0,7 58 9,1,8,,289409,15,0,7 58 9,1,15,,289410,15,0,7 58 9,1,65,,289413,15,0,7 58 9,1,25,,289414,32,,,1,5,,289416,15,0,7 58 9,1,64,,289417,32,,,1,5,,289419,15,0,7 58 9,1,20,,289421,15,0,7 58 9,1,75,,289422,32,,,1,30,,289424,32,,,1,65,,289426,32,,,1,35,,289429,32,,,1,74,,289432,32,,,1,30,,289434,32,,,1,70,,289436,32,,,1,30,,289438,32,,,1,90,,289440,32,,,1,70,,289442,32,,,1,30,,289444,32,,,1,65,,289446,32,,,1,35,,289448,32,,,1,91,,289452,32,,,1,21,,289454,32,,,1,95,,289457,32,,,1,160,,289459,32,,,1,100,,289460,32,,,1,95,,289461,32,,,1
4100,'20261007',738,,289462,32,,,1,5,,289463,15,0,7 58 9,1,64,,289464,32,,,1,3,,289465,15,0,7 58 9,1,10,,289467,15,0,7 58 9,1,17,,289469,15,0,7 58 9,1,15,,289468,32,,,1,5,,289471,15,0,7 58 9,1,45,,289472,15,0,7 58 9,1,25,,289473,32,,,1,10,,289478,15,0,7 58 9,1,65,,289479,32,,,1,3,,289482,15,0,7 58 9,1,22,,289483,32,,,1,8,,289486,15,0,7 58 9,1,8,,289488,15,0,7 58 9,1,15,,289489,15,0,7 58 9,1,65,,289492,15,0,7 58 9,1,25,,289493,32,,,1,5,,289495,15,0,7 58 9,1,64,,289496,32,,,1,5,,289498,15,0,7 58 9,1,20,,289500,15,0,7 58 9,1,75,,289501,32,,,1,30,,289503,32,,,1,65,,289505,32,,,1,35,,289508,32,,,1,74,,289511,32,,,1,30,,289513,32,,,1,70,,289515,32,,,1,30,,289517,32,,,1,90,,289519,32,,,1,70,,289521,32,,,1,30,,289523,32,,,1,65,,289525,32,,,1,35,,289527,32,,,1,91,,289531,32,,,1,21,,289533,32,,,1,95,,289536,32,,,1,160,,289538,32,,,1,100,,289539,32,,,1,95,,289540,32,,,1
4100,'20261008',738,,289541,32,,,1,5,,289542,15,0,7 58 9,1,64,,289543,32,,,1,3,,289544,15,0,7 58 9,1,10,,289546,15,0,7 58 9,1,17,,289548,15,0,7 58 9,1,15,,289547,32,,,1,5,,289550,15,0,7 58 9,1,45,,289551,15,0,7 58 9,1,25,,289552,32,,,1,10,,289557,15,0,7 58 9,1,65,,289558,32,,,1,3,,289561,15,0,7 58 9,1,22,,289562,32,,,1,8,,289565,15,0,7 58 9,1,8,,289567,15,0,7 58 9,1,15,,289568,15,0,7 58 9,1,65,,289571,15,0,7 58 9,1,25,,289572,32,,,1,5,,289574,15,0,7 58 9,1,64,,289575,32,,,1,5,,289577,15,0,7 58 9,1,20,,289579,15,0,7 58 9,1,75,,289580,32,,,1,30,,289582,32,,,1,65,,289584,32,,,1,35,,289587,32,,,1,74,,289590,32,,,1,30,,289592,32,,,1,70,,289594,32,,,1,30,,289596,32,,,1,90,,289598,32,,,1,70,,289600,32,,,1,30,,289602,32,,,1,65,,289604,32,,,1,35,,289606,32,,,1,91,,289610,32,,,1,21,,289612,32,,,1,95,,289615,32,,,1,160,,289617,32,,,1,100,,289618,32,,,1,95,,289619,32,,,1
4100,'20261009',738,,289620,32,,,1,5,,289621,15,0,7 58 9,1,64,,289622,32,,,1,3,,289623,15,0,7 58 9,1,10,,289625,15,0,7 58 9,1,17,,289627,15,0,7 58 9,1,15,,289626,32,,,1,5,,289629,15,0,7 58 9,1,45,,289630,15,0,7 58 9,1,25,,289631,32,,,1,10,,289636,15,0,7 58 9,1,65,,289637,32,,,1,3,,289640,15,0,7 58 9,1,22,,289641,32,,,1,8,,289644,15,0,7 58 9,1,8,,289646,15,0,7 58 9,1,15,,289647,15,0,7 58 9,1,65,,289650,15,0,7 58 9,1,25,,289651,32,,,1,5,,289653,15,0,7 58 9,1,64,,289654,32,,,1,5,,289656,15,0,7 58 9,1,20,,289658,15,0,7 58 9,1,75,,289659,32,,,1,30,,289661,32,,,1,65,,289663,32,,,1,35,,289666,32,,,1,74,,289669,32,,,1,30,,289671,32,,,1,70,,289673,32,,,1,30,,289675,32,,,1,90,,289677,32,,,1,70,,289679,32,,,1,30,,289681,32,,,1,65,,289683,32,,,1,35,,289685,32,,,1,91,,289689,32,,,1,21,,289691,32,,,1,95,,289694,32,,,1,160,,289696,32,,,1,100,,289697,32,,,1,95,,289698,32,,,1
4100,'20261013',738,,289699,32,,,1,5,,289700,15,0,7 58 9,1,64,,289701,32,,,1,3,,289702,15,0,7 58 9,1,10,,289704,15,0,7 58 9,1,17,,289706,15,0,7 58 9,1,15,,289705,32,,,1,5,,289708,15,0,7 58 9,1,45,,289709,15,0,7 58 9,1,25,,289710,32,,,1,10,,289715,15,0,7 58 9,1,65,,289716,32,,,1,3,,289719,15,0,7 58 9,1,22,,289720,32,,,1,8,,289723,15,0,7 58 9,1,8,,289725,15,0,7 58 9,1,15,,289726,15,0,7 58 9,1,65,,289729,15,0,7 58 9,1,25,,289730,32,,,1,5,,289732,15,0,7 58 9,1,64,,289733,32,,,1,5,,289735,15,0,7 58 9,1,20,,289737,15,0,7 58 9,1,75,,289738,32,,,1,30,,289740,32,,,1,65,,289742,32,,,1,35,,289745,32,,,1,74,,289748,32,,,1,30,,289750,32,,,1,70,,289752,32,,,1,30,,289754,32,,,1,90,,289756,32,,,1,70,,289758,32,,,1,30,,289760,32,,,1,65,,289762,32,,,1,35,,289764,32,,,1,91,,289768,32,,,1,21,,289770,32,,,1,95,,289773,32,,,1,160,,289775,32,,,1,100,,289776,32,,,1,95,,289777,32,,,1
4100,'20261014',738,,289778,32,,,1,5,,289779,15,0,7 58 9,1,64,,289780,32,,,1,3,,289781,15,0,7 58 9,1,10,,289783,15,0,7 58 9,1,17,,289785,15,0,7 58 9,1,15,,289784,32,,,1,5,,289787,15,0,7 58 9,1,45,,289788,15,0,7 58 9,1,25,,289789,32,,,1,10,,289794,15,0,7 58 9,1,65,,289795,32,,,1,3,,289798,15,0,7 58 9,1,22,,289799,32,,,1,8,,289802,15,0,7 58 9,1,8,,289804,15,0,7 58 9,1,15,,289805,15,0,7 58 9,1,65,,289808,15,0,7 58 9,1,25,,289809,32,,,1,5,,289811,15,0,7 58 9,1,64,,289812,32,,,1,5,,289814,15,0,7 58 9,1,20,,289816,15,0,7 58 9,1,75,,289817,32,,,1,30,,289819,32,,,1,65,,289821,32,,,1,35,,289824,32,,,1,74,,289827,32,,,1,30,,289829,32,,,1,70,,289831,32,,,1,30,,289833,32,,,1,90,,289835,32,,,1,70,,289837,32,,,1,30,,289839,32,,,1,65,,289841,32,,,1,35,,289843,32,,,1,91,,289847,32,,,1,21,,289849,32,,,1,95,,289852,32,,,1,160,,289854,32,,,1,100,,289855,32,,,1,95,,289856,32,,,1
4100,'20261015',738,,289857,32,,,1,5,,289858,15,0,7 58 9,1,64,,289859,32,,,1,3,,289860,15,0,7 58 9,1,10,,289862,15,0,7 58 9,1,17,,289864,15,0,7 58 9,1,15,,289863,32,,,1,5,,289866,15,0,7 58 9,1,45,,289867,15,0,7 58 9,1,25,,289868,32,,,1,10,,289873,15,0,7 58 9,1,65,,289874,32,,,1,3,,289877,15,0,7 58 9,1,22,,289878,32,,,1,8,,289881,15,0,7 58 9,1,8,,289883,15,0,7 58 9,1,15,,289884,15,0,7 58 9,1,65,,289887,15,0,7 58 9,1,25,,289888,32,,,1,5,,289890,15,0,7 58 9,1,64,,289891,32,,,1,5,,289893,15,0,7 58 9,1,20,,289895,15,0,7 58 9,1,75,,289896,32,,,1,30,,289898,32,,,1,65,,289900,32,,,1,35,,289903,32,,,1,74,,289906,32,,,1,30,,289908,32,,,1,70,,289910,32,,,1,30,,289912,32,,,1,90,,289914,32,,,1,70,,289916,32,,,1,30,,289918,32,,,1,65,,289920,32,,,1,35,,289922,32,,,1,91,,289926,32,,,1,21,,289928,32,,,1,95,,289931,32,,,1,160,,289933,32,,,1,100,,289934,32,,,1,95,,289935,32,,,1
4100,'20261016',738,,289936,32,,,1,5,,289937,15,0,7 58 9,1,64,,289938,32,,,1,3,,289939,15,0,7 58 9,1,10,,289941,15,0,7 58 9,1,17,,289943,15,0,7 58 9,1,15,,289942,32,,,1,5,,289945,15,0,7 58 9,1,45,,289946,15,0,7 58 9,1,25,,289947,32,,,1,10,,289952,15,0,7 58 9,1,65,,289953,32,,,1,3,,289956,15,0,7 58 9,1,22,,289957,32,,,1,8,,289960,15,0,7 58 9,1,8,,289962,15,0,7 58 9,1,15,,289963,15,0,7 58 9,1,65,,289966,15,0,7 58 9,1,25,,289967,32,,,1,5,,289969,15,0,7 58 9,1,64,,289970,32,,,1,5,,289972,15,0,7 58 9,1,20,,289974,15,0,7 58 9,1,75,,289975,32,,,1,30,,289977,32,,,1,65,,289979,32,,,1,35,,289982,32,,,1,74,,289985,32,,,1,30,,289987,32,,,1,70,,289989,32,,,1,30,,289991,32,,,1,90,,289993,32,,,1,70,,289995,32,,,1,30,,289997,32,,,1,65,,289999,32,,,1,35,,290001,32,,,1,91,,290005,32,,,1,21,,290007,32,,,1,95,,290010,32,,,1,160,,290012,32,,,1,100,,290013,32,,,1,95,,290014,32,,,1
4100,'20261019',738,,290015,32,,,1,5,,290016,15,0,7 58 9,1,64,,290017,32,,,1,3,,290018,15,0,7 58 9,1,10,,290020,15,0,7 58 9,1,17,,290022,15,0,7 58 9,1,15,,290021,32,,,1,5,,290024,15,0,7 58 9,1,45,,290025,15,0,7 58 9,1,25,,290026,32,,,1,10,,290031,15,0,7 58 9,1,65,,290032,32,,,1,3,,290035,15,0,7 58 9,1,22,,290036,32,,,1,8,,290039,15,0,7 58 9,1,8,,290041,15,0,7 58 9,1,15,,290042,15,0,7 58 9,1,65,,290045,15,0,7 58 9,1,25,,290046,32,,,1,5,,290048,15,0,7 58 9,1,64,,290049,32,,,1,5,,290051,15,0,7 58 9,1,20,,290053,15,0,7 58 9,1,75,,290054,32,,,1,30,,290056,32,,,1,65,,290058,32,,,1,35,,290061,32,,,1,74,,290064,32,,,1,30,,290066,32,,,1,70,,290068,32,,,1,30,,290070,32,,,1,90,,290072,32,,,1,70,,290074,32,,,1,30,,290076,32,,,1,65,,290078,32,,,1,35,,290080,32,,,1,91,,290084,32,,,1,21,,290086,32,,,1,95,,290089,32,,,1,160,,290091,32,,,1,100,,290092,32,,,1,95,,290093,32,,,1
4100,'20261020',738,,290094,32,,,1,5,,290095,15,0,7 58 9,1,64,,290096,32,,,1,3,,290097,15,0,7 58 9,1,10,,290099,15,0,7 58 9,1,17,,290101,15,0,7 58 9,1,15,,290100,32,,,1,5,,290103,15,0,7 58 9,1,45,,290104,15,0,7 58 9,1,25,,290105,32,,,1,10,,290110,15,0,7 58 9,1,65,,290111,32,,,1,3,,290114,15,0,7 58 9,1,22,,290115,32,,,1,8,,290118,15,0,7 58 9,1,8,,290120,15,0,7 58 9,1,15,,290121,15,0,7 58 9,1,65,,290124,15,0,7 58 9,1,25,,290125,32,,,1,5,,290127,15,0,7 58 9,1,64,,290128,32,,,1,5,,290130,15,0,7 58 9,1,20,,290132,15,0,7 58 9,1,75,,290133,32,,,1,30,,290135,32,,,1,65,,290137,32,,,1,35,,290140,32,,,1,74,,290143,32,,,1,30,,290145,32,,,1,70,,290147,32,,,1,30,,290149,32,,,1,90,,290151,32,,,1,70,,290153,32,,,1,30,,290155,32,,,1,65,,290157,32,,,1,35,,290159,32,,,1,91,,290163,32,,,1,21,,290165,32,,,1,95,,290168,32,,,1,160,,290170,32,,,1,100,,290171,32,,,1,95,,290172,32,,,1
4100,'20261021',738,,290173,32,,,1,5,,290174,15,0,7 58 9,1,64,,290175,32,,,1,3,,290176,15,0,7 58 9,1,10,,290178,15,0,7 58 9,1,17,,290180,15,0,7 58 9,1,15,,290179,32,,,1,5,,290182,15,0,7 58 9,1,45,,290183,15,0,7 58 9,1,25,,290184,32,,,1,10,,290189,15,0,7 58 9,1,65,,290190,32,,,1,3,,290193,15,0,7 58 9,1,22,,290194,32,,,1,8,,290197,15,0,7 58 9,1,8,,290199,15,0,7 58 9,1,15,,290200,15,0,7 58 9,1,65,,290203,15,0,7 58 9,1,25,,290204,32,,,1,5,,290206,15,0,7 58 9,1,64,,290207,32,,,1,5,,290209,15,0,7 58 9,1,20,,290211,15,0,7 58 9,1,75,,290212,32,,,1,30,,290214,32,,,1,65,,290216,32,,,1,35,,290219,32,,,1,74,,290222,32,,,1,30,,290224,32,,,1,70,,290226,32,,,1,30,,290228,32,,,1,90,,290230,32,,,1,70,,290232,32,,,1,30,,290234,32,,,1,65,,290236,32,,,1,35,,290238,32,,,1,91,,290242,32,,,1,21,,290244,32,,,1,95,,290247,32,,,1,160,,290249,32,,,1,100,,290250,32,,,1,95,,290251,32,,,1
4100,'20261022',738,,290252,32,,,1,5,,290253,15,0,7 58 9,1,64,,290254,32,,,1,3,,290255,15,0,7 58 9,1,10,,290257,15,0,7 58 9,1,17,,290259,15,0,7 58 9,1,15,,290258,32,,,1,5,,290261,15,0,7 58 9,1,45,,290262,15,0,7 58 9,1,25,,290263,32,,,1,10,,290268,15,0,7 58 9,1,65,,290269,32,,,1,3,,290272,15,0,7 58 9,1,22,,290273,32,,,1,8,,290276,15,0,7 58 9,1,8,,290278,15,0,7 58 9,1,15,,290279,15,0,7 58 9,1,65,,290282,15,0,7 58 9,1,25,,290283,32,,,1,5,,290285,15,0,7 58 9,1,64,,290286,32,,,1,5,,290288,15,0,7 58 9,1,20,,290290,15,0,7 58 9,1,75,,290291,32,,,1,30,,290293,32,,,1,65,,290295,32,,,1,35,,290298,32,,,1,74,,290301,32,,,1,30,,290303,32,,,1,70,,290305,32,,,1,30,,290307,32,,,1,90,,290309,32,,,1,70,,290311,32,,,1,30,,290313,32,,,1,65,,290315,32,,,1,35,,290317,32,,,1,91,,290321,32,,,1,21,,290323,32,,,1,95,,290326,32,,,1,160,,290328,32,,,1,100,,290329,32,,,1,95,,290330,32,,,1
4100,'20261023',738,,290331,32,,,1,5,,290332,15,0,7 58 9,1,64,,290333,32,,,1,3,,290334,15,0,7 58 9,1,10,,290336,15,0,7 58 9,1,17,,290338,15,0,7 58 9,1,15,,290337,32,,,1,5,,290340,15,0,7 58 9,1,45,,290341,15,0,7 58 9,1,25,,290342,32,,,1,10,,290347,15,0,7 58 9,1,65,,290348,32,,,1,3,,290351,15,0,7 58 9,1,22,,290352,32,,,1,8,,290355,15,0,7 58 9,1,8,,290357,15,0,7 58 9,1,15,,290358,15,0,7 58 9,1,65,,290361,15,0,7 58 9,1,25,,290362,32,,,1,5,,290364,15,0,7 58 9,1,64,,290365,32,,,1,5,,290367,15,0,7 58 9,1,20,,290369,15,0,7 58 9,1,75,,290370,32,,,1,30,,290372,32,,,1,65,,290374,32,,,1,35,,290377,32,,,1,74,,290380,32,,,1,30,,290382,32,,,1,70,,290384,32,,,1,30,,290386,32,,,1,90,,290388,32,,,1,70,,290390,32,,,1,30,,290392,32,,,1,65,,290394,32,,,1,35,,290396,32,,,1,91,,290400,32,,,1,21,,290402,32,,,1,95,,290405,32,,,1,160,,290407,32,,,1,100,,290408,32,,,1,95,,290409,32,,,1
4100,'20261026',738,,290410,32,,,1,5,,290411,15,0,7 58 9,1,64,,290412,32,,,1,3,,290413,15,0,7 58 9,1,10,,290415,15,0,7 58 9,1,17,,290417,15,0,7 58 9,1,15,,290416,32,,,1,5,,290419,15,0,7 58 9,1,45,,290420,15,0,7 58 9,1,25,,290421,32,,,1,10,,290426,15,0,7 58 9,1,65,,290427,32,,,1,3,,290430,15,0,7 58 9,1,22,,290431,32,,,1,8,,290434,15,0,7 58 9,1,8,,290436,15,0,7 58 9,1,15,,290437,15,0,7 58 9,1,65,,290440,15,0,7 58 9,1,25,,290441,32,,,1,5,,290443,15,0,7 58 9,1,64,,290444,32,,,1,5,,290446,15,0,7 58 9,1,20,,290448,15,0,7 58 9,1,75,,290449,32,,,1,30,,290451,32,,,1,65,,290453,32,,,1,35,,290456,32,,,1,74,,290459,32,,,1,30,,290461,32,,,1,70,,290463,32,,,1,30,,290465,32,,,1,90,,290467,32,,,1,70,,290469,32,,,1,30,,290471,32,,,1,65,,290473,32,,,1,35,,290475,32,,,1,91,,290479,32,,,1,21,,290481,32,,,1,95,,290484,32,,,1,160,,290486,32,,,1,100,,290487,32,,,1,95,,290488,32,,,1
4100,'20261027',738,,290489,32,,,1,5,,290490,15,0,7 58 9,1,64,,290491,32,,,1,3,,290492,15,0,7 58 9,1,10,,290494,15,0,7 58 9,1,17,,290496,15,0,7 58 9,1,15,,290495,32,,,1,5,,290498,15,0,7 58 9,1,45,,290499,15,0,7 58 9,1,25,,290500,32,,,1,10,,290505,15,0,7 58 9,1,65,,290506,32,,,1,3,,290509,15,0,7 58 9,1,22,,290510,32,,,1,8,,290513,15,0,7 58 9,1,8,,290515,15,0,7 58 9,1,15,,290516,15,0,7 58 9,1,65,,290519,15,0,7 58 9,1,25,,290520,32,,,1,5,,290522,15,0,7 58 9,1,64,,290523,32,,,1,5,,290525,15,0,7 58 9,1,20,,290527,15,0,7 58 9,1,75,,290528,32,,,1,30,,290530,32,,,1,65,,290532,32,,,1,35,,290535,32,,,1,74,,290538,32,,,1,30,,290540,32,,,1,70,,290542,32,,,1,30,,290544,32,,,1,90,,290546,32,,,1,70,,290548,32,,,1,30,,290550,32,,,1,65,,290552,32,,,1,35,,290554,32,,,1,91,,290558,32,,,1,21,,290560,32,,,1,95,,290563,32,,,1,160,,290565,32,,,1,100,,290566,32,,,1,95,,290567,32,,,1
4100,'20261028',738,,290568,32,,,1,5,,290569,15,0,7 58 9,1,64,,290570,32,,,1,3,,290571,15,0,7 58 9,1,10,,290573,15,0,7 58 9,1,17,,290575,15,0,7 58 9,1,15,,290574,32,,,1,5,,290577,15,0,7 58 9,1,45,,290578,15,0,7 58 9,1,25,,290579,32,,,1,10,,290584,15,0,7 58 9,1,65,,290585,32,,,1,3,,290588,15,0,7 58 9,1,22,,290589,32,,,1,8,,290592,15,0,7 58 9,1,8,,290594,15,0,7 58 9,1,15,,290595,15,0,7 58 9,1,65,,290598,15,0,7 58 9,1,25,,290599,32,,,1,5,,290601,15,0,7 58 9,1,64,,290602,32,,,1,5,,290604,15,0,7 58 9,1,20,,290606,15,0,7 58 9,1,75,,290607,32,,,1,30,,290609,32,,,1,65,,290611,32,,,1,35,,290614,32,,,1,74,,290617,32,,,1,30,,290619,32,,,1,70,,290621,32,,,1,30,,290623,32,,,1,90,,290625,32,,,1,70,,290627,32,,,1,30,,290629,32,,,1,65,,290631,32,,,1,35,,290633,32,,,1,91,,290637,32,,,1,21,,290639,32,,,1,95,,290642,32,,,1,160,,290644,32,,,1,100,,290645,32,,,1,95,,290646,32,,,1
4100,'20261029',738,,290647,32,,,1,5,,290648,15,0,7 58 9,1,64,,290649,32,,,1,3,,290650,15,0,7 58 9,1,10,,290652,15,0,7 58 9,1,17,,290654,15,0,7 58 9,1,15,,290653,32,,,1,5,,290656,15,0,7 58 9,1,45,,290657,15,0,7 58 9,1,25,,290658,32,,,1,10,,290663,15,0,7 58 9,1,65,,290664,32,,,1,3,,290667,15,0,7 58 9,1,22,,290668,32,,,1,8,,290671,15,0,7 58 9,1,8,,290673,15,0,7 58 9,1,15,,290674,15,0,7 58 9,1,65,,290677,15,0,7 58 9,1,25,,290678,32,,,1,5,,290680,15,0,7 58 9,1,64,,290681,32,,,1,5,,290683,15,0,7 58 9,1,20,,290685,15,0,7 58 9,1,75,,290686,32,,,1,30,,290688,32,,,1,65,,290690,32,,,1,35,,290693,32,,,1,74,,290696,32,,,1,30,,290698,32,,,1,70,,290700,32,,,1,30,,290702,32,,,1,90,,290704,32,,,1,70,,290706,32,,,1,30,,290708,32,,,1,65,,290710,32,,,1,35,,290712,32,,,1,91,,290716,32,,,1,21,,290718,32,,,1,95,,290721,32,,,1,160,,290723,32,,,1,100,,290724,32,,,1,95,,290725,32,,,1
4100,'20261030',738,,290726,32,,,1,5,,290727,15,0,7 58 9,1,64,,290728,32,,,1,3,,290729,15,0,7 58 9,1,10,,290731,15,0,7 58 9,1,17,,290733,15,0,7 58 9,1,15,,290732,32,,,1,5,,290735,15,0,7 58 9,1,45,,290736,15,0,7 58 9,1,25,,290737,32,,,1,10,,290742,15,0,7 58 9,1,65,,290743,32,,,1,3,,290746,15,0,7 58 9,1,22,,290747,32,,,1,8,,290750,15,0,7 58 9,1,8,,290752,15,0,7 58 9,1,15,,290753,15,0,7 58 9,1,65,,290756,15,0,7 58 9,1,25,,290757,32,,,1,5,,290759,15,0,7 58 9,1,64,,290760,32,,,1,5,,290762,15,0,7 58 9,1,20,,290764,15,0,7 58 9,1,75,,290765,32,,,1,30,,290767,32,,,1,65,,290769,32,,,1,35,,290772,32,,,1,74,,290775,32,,,1,30,,290777,32,,,1,70,,290779,32,,,1,30,,290781,32,,,1,90,,290783,32,,,1,70,,290785,32,,,1,30,,290787,32,,,1,65,,290789,32,,,1,35,,290791,32,,,1,91,,290795,32,,,1,21,,290797,32,,,1,95,,290800,32,,,1,160,,290802,32,,,1,100,,290803,32,,,1,95,,290804,32,,,1
4100,'20261102',738,,290805,32,,,1,5,,290806,15,0,7 58 9,1,64,,290807,32,,,1,3,,290808,15,0,7 58 9,1,10,,290810,15,0,7 58 9,1,17,,290812,15,0,7 58 9,1,15,,290811,32,,,1,5,,290814,15,0,7 58 9,1,45,,290815,15,0,7 58 9,1,25,,290816,32,,,1,10,,290821,15,0,7 58 9,1,65,,290822,32,,,1,3,,290825,15,0,7 58 9,1,22,,290826,32,,,1,8,,290829,15,0,7 58 9,1,8,,290831,15,0,7 58 9,1,15,,290832,15,0,7 58 9,1,65,,290835,15,0,7 58 9,1,25,,290836,32,,,1,5,,290838,15,0,7 58 9,1,64,,290839,32,,,1,5,,290841,15,0,7 58 9,1,20,,290843,15,0,7 58 9,1,75,,290844,32,,,1,30,,290846,32,,,1,65,,290848,32,,,1,35,,290851,32,,,1,74,,290854,32,,,1,30,,290856,32,,,1,70,,290858,32,,,1,30,,290860,32,,,1,90,,290862,32,,,1,70,,290864,32,,,1,30,,290866,32,,,1,65,,290868,32,,,1,35,,290870,32,,,1,91,,290874,32,,,1,21,,290876,32,,,1,95,,290879,32,,,1,160,,290881,32,,,1,100,,290882,32,,,1,95,,290883,32,,,1
4100,'20261103',738,,290884,32,,,1,5,,290885,15,0,7 58 9,1,64,,290886,32,,,1,3,,290887,15,0,7 58 9,1,10,,290889,15,0,7 58 9,1,17,,290891,15,0,7 58 9,1,15,,290890,32,,,1,5,,290893,15,0,7 58 9,1,45,,290894,15,0,7 58 9,1,25,,290895,32,,,1,10,,290900,15,0,7 58 9,1,65,,290901,32,,,1,3,,290904,15,0,7 58 9,1,22,,290905,32,,,1,8,,290908,15,0,7 58 9,1,8,,290910,15,0,7 58 9,1,15,,290911,15,0,7 58 9,1,65,,290914,15,0,7 58 9,1,25,,290915,32,,,1,5,,290917,15,0,7 58 9,1,64,,290918,32,,,1,5,,290920,15,0,7 58 9,1,20,,290922,15,0,7 58 9,1,75,,290923,32,,,1,30,,290925,32,,,1,65,,290927,32,,,1,35,,290930,32,,,1,74,,290933,32,,,1,30,,290935,32,,,1,70,,290937,32,,,1,30,,290939,32,,,1,90,,290941,32,,,1,70,,290943,32,,,1,30,,290945,32,,,1,65,,290947,32,,,1,35,,290949,32,,,1,91,,290953,32,,,1,21,,290955,32,,,1,95,,290958,32,,,1,160,,290960,32,,,1,100,,290961,32,,,1,95,,290962,32,,,1
4100,'20261104',738,,290963,32,,,1,5,,290964,15,0,7 58 9,1,64,,290965,32,,,1,3,,290966,15,0,7 58 9,1,10,,290968,15,0,7 58 9,1,17,,290970,15,0,7 58 9,1,15,,290969,32,,,1,5,,290972,15,0,7 58 9,1,45,,290973,15,0,7 58 9,1,25,,290974,32,,,1,10,,290979,15,0,7 58 9,1,65,,290980,32,,,1,3,,290983,15,0,7 58 9,1,22,,290984,32,,,1,8,,290987,15,0,7 58 9,1,8,,290989,15,0,7 58 9,1,15,,290990,15,0,7 58 9,1,65,,290993,15,0,7 58 9,1,25,,290994,32,,,1,5,,290996,15,0,7 58 9,1,64,,290997,32,,,1,5,,290999,15,0,7 58 9,1,20,,291001,15,0,7 58 9,1,75,,291002,32,,,1,30,,291004,32,,,1,65,,291006,32,,,1,35,,291009,32,,,1,74,,291012,32,,,1,30,,291014,32,,,1,70,,291016,32,,,1,30,,291018,32,,,1,90,,291020,32,,,1,70,,291022,32,,,1,30,,291024,32,,,1,65,,291026,32,,,1,35,,291028,32,,,1,91,,291032,32,,,1,21,,291034,32,,,1,95,,291037,32,,,1,160,,291039,32,,,1,100,,291040,32,,,1,95,,291041,32,,,1
4100,'20261105',738,,291042,32,,,1,5,,291043,15,0,7 58 9,1,64,,291044,32,,,1,3,,291045,15,0,7 58 9,1,10,,291047,15,0,7 58 9,1,17,,291049,15,0,7 58 9,1,15,,291048,32,,,1,5,,291051,15,0,7 58 9,1,45,,291052,15,0,7 58 9,1,25,,291053,32,,,1,10,,291058,15,0,7 58 9,1,65,,291059,32,,,1,3,,291062,15,0,7 58 9,1,22,,291063,32,,,1,8,,291066,15,0,7 58 9,1,8,,291068,15,0,7 58 9,1,15,,291069,15,0,7 58 9,1,65,,291072,15,0,7 58 9,1,25,,291073,32,,,1,5,,291075,15,0,7 58 9,1,64,,291076,32,,,1,5,,291078,15,0,7 58 9,1,20,,291080,15,0,7 58 9,1,75,,291081,32,,,1,30,,291083,32,,,1,65,,291085,32,,,1,35,,291088,32,,,1,74,,291091,32,,,1,30,,291093,32,,,1,70,,291095,32,,,1,30,,291097,32,,,1,90,,291099,32,,,1,70,,291101,32,,,1,30,,291103,32,,,1,65,,291105,32,,,1,35,,291107,32,,,1,91,,291111,32,,,1,21,,291113,32,,,1,95,,291116,32,,,1,160,,291118,32,,,1,100,,291119,32,,,1,95,,291120,32,,,1
4100,'20261106',738,,291121,32,,,1,5,,291122,15,0,7 58 9,1,64,,291123,32,,,1,3,,291124,15,0,7 58 9,1,10,,291126,15,0,7 58 9,1,17,,291128,15,0,7 58 9,1,15,,291127,32,,,1,5,,291130,15,0,7 58 9,1,45,,291131,15,0,7 58 9,1,25,,291132,32,,,1,10,,291137,15,0,7 58 9,1,65,,291138,32,,,1,3,,291141,15,0,7 58 9,1,22,,291142,32,,,1,8,,291145,15,0,7 58 9,1,8,,291147,15,0,7 58 9,1,15,,291148,15,0,7 58 9,1,65,,291151,15,0,7 58 9,1,25,,291152,32,,,1,5,,291154,15,0,7 58 9,1,64,,291155,32,,,1,5,,291157,15,0,7 58 9,1,20,,291159,15,0,7 58 9,1,75,,291160,32,,,1,30,,291162,32,,,1,65,,291164,32,,,1,35,,291167,32,,,1,74,,291170,32,,,1,30,,291172,32,,,1,70,,291174,32,,,1,30,,291176,32,,,1,90,,291178,32,,,1,70,,291180,32,,,1,30,,291182,32,,,1,65,,291184,32,,,1,35,,291186,32,,,1,91,,291190,32,,,1,21,,291192,32,,,1,95,,291195,32,,,1,160,,291197,32,,,1,100,,291198,32,,,1,95,,291199,32,,,1
4100,'20261109',738,,291200,32,,,1,5,,291201,15,0,7 58 9,1,64,,291202,32,,,1,3,,291203,15,0,7 58 9,1,10,,291205,15,0,7 58 9,1,17,,291207,15,0,7 58 9,1,15,,291206,32,,,1,5,,291209,15,0,7 58 9,1,45,,291210,15,0,7 58 9,1,25,,291211,32,,,1,10,,291216,15,0,7 58 9,1,65,,291217,32,,,1,3,,291220,15,0,7 58 9,1,22,,291221,32,,,1,8,,291224,15,0,7 58 9,1,8,,291226,15,0,7 58 9,1,15,,291227,15,0,7 58 9,1,65,,291230,15,0,7 58 9,1,25,,291231,32,,,1,5,,291233,15,0,7 58 9,1,64,,291234,32,,,1,5,,291236,15,0,7 58 9,1,20,,291238,15,0,7 58 9,1,75,,291239,32,,,1,30,,291241,32,,,1,65,,291243,32,,,1,35,,291246,32,,,1,74,,291249,32,,,1,30,,291251,32,,,1,70,,291253,32,,,1,30,,291255,32,,,1,90,,291257,32,,,1,70,,291259,32,,,1,30,,291261,32,,,1,65,,291263,32,,,1,35,,291265,32,,,1,91,,291269,32,,,1,21,,291271,32,,,1,95,,291274,32,,,1,160,,291276,32,,,1,100,,291277,32,,,1,95,,291278,32,,,1
4100,'20261110',738,,291279,32,,,1,5,,291280,15,0,7 58 9,1,64,,291281,32,,,1,3,,291282,15,0,7 58 9,1,10,,291284,15,0,7 58 9,1,17,,291286,15,0,7 58 9,1,15,,291285,32,,,1,5,,291288,15,0,7 58 9,1,45,,291289,15,0,7 58 9,1,25,,291290,32,,,1,10,,291295,15,0,7 58 9,1,65,,291296,32,,,1,3,,291299,15,0,7 58 9,1,22,,291300,32,,,1,8,,291303,15,0,7 58 9,1,8,,291305,15,0,7 58 9,1,15,,291306,15,0,7 58 9,1,65,,291309,15,0,7 58 9,1,25,,291310,32,,,1,5,,291312,15,0,7 58 9,1,64,,291313,32,,,1,5,,291315,15,0,7 58 9,1,20,,291317,15,0,7 58 9,1,75,,291318,32,,,1,30,,291320,32,,,1,65,,291322,32,,,1,35,,291325,32,,,1,74,,291328,32,,,1,30,,291330,32,,,1,70,,291332,32,,,1,30,,291334,32,,,1,90,,291336,32,,,1,70,,291338,32,,,1,30,,291340,32,,,1,65,,291342,32,,,1,35,,291344,32,,,1,91,,291348,32,,,1,21,,291350,32,,,1,95,,291353,32,,,1,160,,291355,32,,,1,100,,291356,32,,,1,95,,291357,32,,,1
4100,'20261111',738,,291358,32,,,1,5,,291359,15,0,7 58 9,1,64,,291360,32,,,1,3,,291361,15,0,7 58 9,1,10,,291363,15,0,7 58 9,1,17,,291365,15,0,7 58 9,1,15,,291364,32,,,1,5,,291367,15,0,7 58 9,1,45,,291368,15,0,7 58 9,1,25,,291369,32,,,1,10,,291374,15,0,7 58 9,1,65,,291375,32,,,1,3,,291378,15,0,7 58 9,1,22,,291379,32,,,1,8,,291382,15,0,7 58 9,1,8,,291384,15,0,7 58 9,1,15,,291385,15,0,7 58 9,1,65,,291388,15,0,7 58 9,1,25,,291389,32,,,1,5,,291391,15,0,7 58 9,1,64,,291392,32,,,1,5,,291394,15,0,7 58 9,1,20,,291396,15,0,7 58 9,1,75,,291397,32,,,1,30,,291399,32,,,1,65,,291401,32,,,1,35,,291404,32,,,1,74,,291407,32,,,1,30,,291409,32,,,1,70,,291411,32,,,1,30,,291413,32,,,1,90,,291415,32,,,1,70,,291417,32,,,1,30,,291419,32,,,1,65,,291421,32,,,1,35,,291423,32,,,1,91,,291427,32,,,1,21,,291429,32,,,1,95,,291432,32,,,1,160,,291434,32,,,1,100,,291435,32,,,1,95,,291436,32,,,1
4100,'20261112',738,,291437,32,,,1,5,,291438,15,0,7 58 9,1,64,,291439,32,,,1,3,,291440,15,0,7 58 9,1,10,,291442,15,0,7 58 9,1,17,,291444,15,0,7 58 9,1,15,,291443,32,,,1,5,,291446,15,0,7 58 9,1,45,,291447,15,0,7 58 9,1,25,,291448,32,,,1,10,,291453,15,0,7 58 9,1,65,,291454,32,,,1,3,,291457,15,0,7 58 9,1,22,,291458,32,,,1,8,,291461,15,0,7 58 9,1,8,,291463,15,0,7 58 9,1,15,,291464,15,0,7 58 9,1,65,,291467,15,0,7 58 9,1,25,,291468,32,,,1,5,,291470,15,0,7 58 9,1,64,,291471,32,,,1,5,,291473,15,0,7 58 9,1,20,,291475,15,0,7 58 9,1,75,,291476,32,,,1,30,,291478,32,,,1,65,,291480,32,,,1,35,,291483,32,,,1,74,,291486,32,,,1,30,,291488,32,,,1,70,,291490,32,,,1,30,,291492,32,,,1,90,,291494,32,,,1,70,,291496,32,,,1,30,,291498,32,,,1,65,,291500,32,,,1,35,,291502,32,,,1,91,,291506,32,,,1,21,,291508,32,,,1,95,,291511,32,,,1,160,,291513,32,,,1,100,,291514,32,,,1,95,,291515,32,,,1
4100,'20261113',738,,291516,32,,,1,5,,291517,15,0,7 58 9,1,64,,291518,32,,,1,3,,291519,15,0,7 58 9,1,10,,291521,15,0,7 58 9,1,17,,291523,15,0,7 58 9,1,15,,291522,32,,,1,5,,291525,15,0,7 58 9,1,45,,291526,15,0,7 58 9,1,25,,291527,32,,,1,10,,291532,15,0,7 58 9,1,65,,291533,32,,,1,3,,291536,15,0,7 58 9,1,22,,291537,32,,,1,8,,291540,15,0,7 58 9,1,8,,291542,15,0,7 58 9,1,15,,291543,15,0,7 58 9,1,65,,291546,15,0,7 58 9,1,25,,291547,32,,,1,5,,291549,15,0,7 58 9,1,64,,291550,32,,,1,5,,291552,15,0,7 58 9,1,20,,291554,15,0,7 58 9,1,75,,291555,32,,,1,30,,291557,32,,,1,65,,291559,32,,,1,35,,291562,32,,,1,74,,291565,32,,,1,30,,291567,32,,,1,70,,291569,32,,,1,30,,291571,32,,,1,90,,291573,32,,,1,70,,291575,32,,,1,30,,291577,32,,,1,65,,291579,32,,,1,35,,291581,32,,,1,91,,291585,32,,,1,21,,291587,32,,,1,95,,291590,32,,,1,160,,291592,32,,,1,100,,291593,32,,,1,95,,291594,32,,,1
4100,'20261116',738,,291595,32,,,1,5,,291596,15,0,7 58 9,1,64,,291597,32,,,1,3,,291598,15,0,7 58 9,1,10,,291600,15,0,7 58 9,1,17,,291602,15,0,7 58 9,1,15,,291601,32,,,1,5,,291604,15,0,7 58 9,1,45,,291605,15,0,7 58 9,1,25,,291606,32,,,1,10,,291611,15,0,7 58 9,1,65,,291612,32,,,1,3,,291615,15,0,7 58 9,1,22,,291616,32,,,1,8,,291619,15,0,7 58 9,1,8,,291621,15,0,7 58 9,1,15,,291622,15,0,7 58 9,1,65,,291625,15,0,7 58 9,1,25,,291626,32,,,1,5,,291628,15,0,7 58 9,1,64,,291629,32,,,1,5,,291631,15,0,7 58 9,1,20,,291633,15,0,7 58 9,1,75,,291634,32,,,1,30,,291636,32,,,1,65,,291638,32,,,1,35,,291641,32,,,1,74,,291644,32,,,1,30,,291646,32,,,1,70,,291648,32,,,1,30,,291650,32,,,1,90,,291652,32,,,1,70,,291654,32,,,1,30,,291656,32,,,1,65,,291658,32,,,1,35,,291660,32,,,1,91,,291664,32,,,1,21,,291666,32,,,1,95,,291669,32,,,1,160,,291671,32,,,1,100,,291672,32,,,1,95,,291673,32,,,1
4100,'20261117',738,,291674,32,,,1,5,,291675,15,0,7 58 9,1,64,,291676,32,,,1,3,,291677,15,0,7 58 9,1,10,,291679,15,0,7 58 9,1,17,,291681,15,0,7 58 9,1,15,,291680,32,,,1,5,,291683,15,0,7 58 9,1,45,,291684,15,0,7 58 9,1,25,,291685,32,,,1,10,,291690,15,0,7 58 9,1,65,,291691,32,,,1,3,,291694,15,0,7 58 9,1,22,,291695,32,,,1,8,,291698,15,0,7 58 9,1,8,,291700,15,0,7 58 9,1,15,,291701,15,0,7 58 9,1,65,,291704,15,0,7 58 9,1,25,,291705,32,,,1,5,,291707,15,0,7 58 9,1,64,,291708,32,,,1,5,,291710,15,0,7 58 9,1,20,,291712,15,0,7 58 9,1,75,,291713,32,,,1,30,,291715,32,,,1,65,,291717,32,,,1,35,,291720,32,,,1,74,,291723,32,,,1,30,,291725,32,,,1,70,,291727,32,,,1,30,,291729,32,,,1,90,,291731,32,,,1,70,,291733,32,,,1,30,,291735,32,,,1,65,,291737,32,,,1,35,,291739,32,,,1,91,,291743,32,,,1,21,,291745,32,,,1,95,,291748,32,,,1,160,,291750,32,,,1,100,,291751,32,,,1,95,,291752,32,,,1
4100,'20261118',738,,291753,32,,,1,5,,291754,15,0,7 58 9,1,64,,291755,32,,,1,3,,291756,15,0,7 58 9,1,10,,291758,15,0,7 58 9,1,17,,291760,15,0,7 58 9,1,15,,291759,32,,,1,5,,291762,15,0,7 58 9,1,45,,291763,15,0,7 58 9,1,25,,291764,32,,,1,10,,291769,15,0,7 58 9,1,65,,291770,32,,,1,3,,291773,15,0,7 58 9,1,22,,291774,32,,,1,8,,291777,15,0,7 58 9,1,8,,291779,15,0,7 58 9,1,15,,291780,15,0,7 58 9,1,65,,291783,15,0,7 58 9,1,25,,291784,32,,,1,5,,291786,15,0,7 58 9,1,64,,291787,32,,,1,5,,291789,15,0,7 58 9,1,20,,291791,15,0,7 58 9,1,75,,291792,32,,,1,30,,291794,32,,,1,65,,291796,32,,,1,35,,291799,32,,,1,74,,291802,32,,,1,30,,291804,32,,,1,70,,291806,32,,,1,30,,291808,32,,,1,90,,291810,32,,,1,70,,291812,32,,,1,30,,291814,32,,,1,65,,291816,32,,,1,35,,291818,32,,,1,91,,291822,32,,,1,21,,291824,32,,,1,95,,291827,32,,,1,160,,291829,32,,,1,100,,291830,32,,,1,95,,291831,32,,,1
4100,'20261119',738,,291832,32,,,1,5,,291833,15,0,7 58 9,1,64,,291834,32,,,1,3,,291835,15,0,7 58 9,1,10,,291837,15,0,7 58 9,1,17,,291839,15,0,7 58 9,1,15,,291838,32,,,1,5,,291841,15,0,7 58 9,1,45,,291842,15,0,7 58 9,1,25,,291843,32,,,1,10,,291848,15,0,7 58 9,1,65,,291849,32,,,1,3,,291852,15,0,7 58 9,1,22,,291853,32,,,1,8,,291856,15,0,7 58 9,1,8,,291858,15,0,7 58 9,1,15,,291859,15,0,7 58 9,1,65,,291862,15,0,7 58 9,1,25,,291863,32,,,1,5,,291865,15,0,7 58 9,1,64,,291866,32,,,1,5,,291868,15,0,7 58 9,1,20,,291870,15,0,7 58 9,1,75,,291871,32,,,1,30,,291873,32,,,1,65,,291875,32,,,1,35,,291878,32,,,1,74,,291881,32,,,1,30,,291883,32,,,1,70,,291885,32,,,1,30,,291887,32,,,1,90,,291889,32,,,1,70,,291891,32,,,1,30,,291893,32,,,1,65,,291895,32,,,1,35,,291897,32,,,1,91,,291901,32,,,1,21,,291903,32,,,1,95,,291906,32,,,1,160,,291908,32,,,1,100,,291909,32,,,1,95,,291910,32,,,1
4100,'20261120',738,,291911,32,,,1,5,,291912,15,0,7 58 9,1,64,,291913,32,,,1,3,,291914,15,0,7 58 9,1,10,,291916,15,0,7 58 9,1,17,,291918,15,0,7 58 9,1,15,,291917,32,,,1,5,,291920,15,0,7 58 9,1,45,,291921,15,0,7 58 9,1,25,,291922,32,,,1,10,,291927,15,0,7 58 9,1,65,,291928,32,,,1,3,,291931,15,0,7 58 9,1,22,,291932,32,,,1,8,,291935,15,0,7 58 9,1,8,,291937,15,0,7 58 9,1,15,,291938,15,0,7 58 9,1,65,,291941,15,0,7 58 9,1,25,,291942,32,,,1,5,,291944,15,0,7 58 9,1,64,,291945,32,,,1,5,,291947,15,0,7 58 9,1,20,,291949,15,0,7 58 9,1,75,,291950,32,,,1,30,,291952,32,,,1,65,,291954,32,,,1,35,,291957,32,,,1,74,,291960,32,,,1,30,,291962,32,,,1,70,,291964,32,,,1,30,,291966,32,,,1,90,,291968,32,,,1,70,,291970,32,,,1,30,,291972,32,,,1,65,,291974,32,,,1,35,,291976,32,,,1,91,,291980,32,,,1,21,,291982,32,,,1,95,,291985,32,,,1,160,,291987,32,,,1,100,,291988,32,,,1,95,,291989,32,,,1
4100,'20261123',738,,291990,32,,,1,5,,291991,15,0,7 58 9,1,64,,291992,32,,,1,3,,291993,15,0,7 58 9,1,10,,291995,15,0,7 58 9,1,17,,291997,15,0,7 58 9,1,15,,291996,32,,,1,5,,291999,15,0,7 58 9,1,45,,292000,15,0,7 58 9,1,25,,292001,32,,,1,10,,292006,15,0,7 58 9,1,65,,292007,32,,,1,3,,292010,15,0,7 58 9,1,22,,292011,32,,,1,8,,292014,15,0,7 58 9,1,8,,292016,15,0,7 58 9,1,15,,292017,15,0,7 58 9,1,65,,292020,15,0,7 58 9,1,25,,292021,32,,,1,5,,292023,15,0,7 58 9,1,64,,292024,32,,,1,5,,292026,15,0,7 58 9,1,20,,292028,15,0,7 58 9,1,75,,292029,32,,,1,30,,292031,32,,,1,65,,292033,32,,,1,35,,292036,32,,,1,74,,292039,32,,,1,30,,292041,32,,,1,70,,292043,32,,,1,30,,292045,32,,,1,90,,292047,32,,,1,70,,292049,32,,,1,30,,292051,32,,,1,65,,292053,32,,,1,35,,292055,32,,,1,91,,292059,32,,,1,21,,292061,32,,,1,95,,292064,32,,,1,160,,292066,32,,,1,100,,292067,32,,,1,95,,292068,32,,,1
4100,'20261124',738,,292069,32,,,1,5,,292070,15,0,7 58 9,1,64,,292071,32,,,1,3,,292072,15,0,7 58 9,1,10,,292074,15,0,7 58 9,1,17,,292076,15,0,7 58 9,1,15,,292075,32,,,1,5,,292078,15,0,7 58 9,1,45,,292079,15,0,7 58 9,1,25,,292080,32,,,1,10,,292085,15,0,7 58 9,1,65,,292086,32,,,1,3,,292089,15,0,7 58 9,1,22,,292090,32,,,1,8,,292093,15,0,7 58 9,1,8,,292095,15,0,7 58 9,1,15,,292096,15,0,7 58 9,1,65,,292099,15,0,7 58 9,1,25,,292100,32,,,1,5,,292102,15,0,7 58 9,1,64,,292103,32,,,1,5,,292105,15,0,7 58 9,1,20,,292107,15,0,7 58 9,1,75,,292108,32,,,1,30,,292110,32,,,1,65,,292112,32,,,1,35,,292115,32,,,1,74,,292118,32,,,1,30,,292120,32,,,1,70,,292122,32,,,1,30,,292124,32,,,1,90,,292126,32,,,1,70,,292128,32,,,1,30,,292130,32,,,1,65,,292132,32,,,1,35,,292134,32,,,1,91,,292138,32,,,1,21,,292140,32,,,1,95,,292143,32,,,1,160,,292145,32,,,1,100,,292146,32,,,1,95,,292147,32,,,1
4100,'20261125',738,,292148,32,,,1,5,,292149,15,0,7 58 9,1,64,,292150,32,,,1,3,,292151,15,0,7 58 9,1,10,,292153,15,0,7 58 9,1,17,,292155,15,0,7 58 9,1,15,,292154,32,,,1,5,,292157,15,0,7 58 9,1,45,,292158,15,0,7 58 9,1,25,,292159,32,,,1,10,,292164,15,0,7 58 9,1,65,,292165,32,,,1,3,,292168,15,0,7 58 9,1,22,,292169,32,,,1,8,,292172,15,0,7 58 9,1,8,,292174,15,0,7 58 9,1,15,,292175,15,0,7 58 9,1,65,,292178,15,0,7 58 9,1,25,,292179,32,,,1,5,,292181,15,0,7 58 9,1,64,,292182,32,,,1,5,,292184,15,0,7 58 9,1,20,,292186,15,0,7 58 9,1,75,,292187,32,,,1,30,,292189,32,,,1,65,,292191,32,,,1,35,,292194,32,,,1,74,,292197,32,,,1,30,,292199,32,,,1,70,,292201,32,,,1,30,,292203,32,,,1,90,,292205,32,,,1,70,,292207,32,,,1,30,,292209,32,,,1,65,,292211,32,,,1,35,,292213,32,,,1,91,,292217,32,,,1,21,,292219,32,,,1,95,,292222,32,,,1,160,,292224,32,,,1,100,,292225,32,,,1,95,,292226,32,,,1
4100,'20261126',738,,292227,32,,,1,5,,292228,15,0,7 58 9,1,64,,292229,32,,,1,3,,292230,15,0,7 58 9,1,10,,292232,15,0,7 58 9,1,17,,292234,15,0,7 58 9,1,15,,292233,32,,,1,5,,292236,15,0,7 58 9,1,45,,292237,15,0,7 58 9,1,25,,292238,32,,,1,10,,292243,15,0,7 58 9,1,65,,292244,32,,,1,3,,292247,15,0,7 58 9,1,22,,292248,32,,,1,8,,292251,15,0,7 58 9,1,8,,292253,15,0,7 58 9,1,15,,292254,15,0,7 58 9,1,65,,292257,15,0,7 58 9,1,25,,292258,32,,,1,5,,292260,15,0,7 58 9,1,64,,292261,32,,,1,5,,292263,15,0,7 58 9,1,20,,292265,15,0,7 58 9,1,75,,292266,32,,,1,30,,292268,32,,,1,65,,292270,32,,,1,35,,292273,32,,,1,74,,292276,32,,,1,30,,292278,32,,,1,70,,292280,32,,,1,30,,292282,32,,,1,90,,292284,32,,,1,70,,292286,32,,,1,30,,292288,32,,,1,65,,292290,32,,,1,35,,292292,32,,,1,91,,292296,32,,,1,21,,292298,32,,,1,95,,292301,32,,,1,160,,292303,32,,,1,100,,292304,32,,,1,95,,292305,32,,,1
4100,'20261127',738,,292306,32,,,1,5,,292307,15,0,7 58 9,1,64,,292308,32,,,1,3,,292309,15,0,7 58 9,1,10,,292311,15,0,7 58 9,1,17,,292313,15,0,7 58 9,1,15,,292312,32,,,1,5,,292315,15,0,7 58 9,1,45,,292316,15,0,7 58 9,1,25,,292317,32,,,1,10,,292322,15,0,7 58 9,1,65,,292323,32,,,1,3,,292326,15,0,7 58 9,1,22,,292327,32,,,1,8,,292330,15,0,7 58 9,1,8,,292332,15,0,7 58 9,1,15,,292333,15,0,7 58 9,1,65,,292336,15,0,7 58 9,1,25,,292337,32,,,1,5,,292339,15,0,7 58 9,1,64,,292340,32,,,1,5,,292342,15,0,7 58 9,1,20,,292344,15,0,7 58 9,1,75,,292345,32,,,1,30,,292347,32,,,1,65,,292349,32,,,1,35,,292352,32,,,1,74,,292355,32,,,1,30,,292357,32,,,1,70,,292359,32,,,1,30,,292361,32,,,1,90,,292363,32,,,1,70,,292365,32,,,1,30,,292367,32,,,1,65,,292369,32,,,1,35,,292371,32,,,1,91,,292375,32,,,1,21,,292377,32,,,1,95,,292380,32,,,1,160,,292382,32,,,1,100,,292383,32,,,1,95,,292384,32,,,1
9400,'20260831',437,,215339,14,,,1,195,,215340,14,,,1,274,,215341,14,,,1,210,,215342,14,,,1,200,,215343,14,,,1,100,,215344,14,,,1,100,,215345,14,,,1,104,,215346,14,,,1,80,,215347,14,,,1,25,,215348,14,,,1,75,,215349,14,,,1,35,,215350,14,,,1,80,,215351,14,,,1,101,,215352,14,,,1,100,,215353,14,,,1,31,,215354,14,,,1,100,,215355,14,,,1,100,,215356,14,,,1,95,,215357,14,,,1,196,,215358,14,,,1
9400,'20260901',437,,215359,14,,,1,195,,215360,14,,,1,274,,215361,14,,,1,210,,215362,14,,,1,200,,215363,14,,,1,100,,215364,14,,,1,100,,215365,14,,,1,104,,215366,14,,,1,80,,215367,14,,,1,25,,215368,14,,,1,75,,215369,14,,,1,35,,215370,14,,,1,80,,215371,14,,,1,101,,215372,14,,,1,100,,215373,14,,,1,31,,215374,14,,,1,100,,215375,14,,,1,100,,215376,14,,,1,95,,215377,14,,,1,196,,215378,14,,,1
9400,'20260902',437,,215379,14,,,1,195,,215380,14,,,1,274,,215381,14,,,1,210,,215382,14,,,1,200,,215383,14,,,1,100,,215384,14,,,1,100,,215385,14,,,1,104,,215386,14,,,1,80,,215387,14,,,1,25,,215388,14,,,1,75,,215389,14,,,1,35,,215390,14,,,1,80,,215391,14,,,1,101,,215392,14,,,1,100,,215393,14,,,1,31,,215394,14,,,1,100,,215395,14,,,1,100,,215396,14,,,1,95,,215397,14,,,1,196,,215398,14,,,1
9400,'20260903',437,,215399,14,,,1,195,,215400,14,,,1,274,,215401,14,,,1,210,,215402,14,,,1,200,,215403,14,,,1,100,,215404,14,,,1,100,,215405,14,,,1,104,,215406,14,,,1,80,,215407,14,,,1,25,,215408,14,,,1,75,,215409,14,,,1,35,,215410,14,,,1,80,,215411,14,,,1,101,,215412,14,,,1,100,,215413,14,,,1,31,,215414,14,,,1,100,,215415,14,,,1,100,,215416,14,,,1,95,,215417,14,,,1,196,,215418,14,,,1
9400,'20260904',437,,215419,14,,,1,195,,215420,14,,,1,274,,215421,14,,,1,210,,215422,14,,,1,200,,215423,14,,,1,100,,215424,14,,,1,100,,215425,14,,,1,104,,215426,14,,,1,80,,215427,14,,,1,25,,215428,14,,,1,75,,215429,14,,,1,35,,215430,14,,,1,80,,215431,14,,,1,101,,215432,14,,,1,100,,215433,14,,,1,31,,215434,14,,,1,100,,215435,14,,,1,100,,215436,14,,,1,95,,215437,14,,,1,196,,215438,14,,,1
9400,'20260905',442,,326528,14,,,1,200,,326529,14,,,1,100,,326530,14,,,1,104,,326531,14,,,1,99,,326532,14,,,1,100,,326533,14,,,1,110,,326534,14,,,1,159,,326535,14,,,1,100,,326536,14,,,1,100,,326537,14,,,1,100,,326538,14,,,1,100,,326539,14,,,1,100,,326540,14,,,1,100,,326541,14,,,1,100,,326542,14,,,1,97,,326543,14,,,1,100,,326544,14,,,1,36,,326545,14,,,1,100,,326546,14,,,1,100,,326547,14,,,1,195,,326548,14,,,1
9400,'20260906',442,,326549,14,,,1,200,,326550,14,,,1,100,,326551,14,,,1,104,,326552,14,,,1,99,,326553,14,,,1,100,,326554,14,,,1,110,,326555,14,,,1,159,,326556,14,,,1,100,,326557,14,,,1,100,,326558,14,,,1,100,,326559,14,,,1,100,,326560,14,,,1,100,,326561,14,,,1,100,,326562,14,,,1,100,,326563,14,,,1,97,,326564,14,,,1,100,,326565,14,,,1,36,,326566,14,,,1,100,,326567,14,,,1,100,,326568,14,,,1,195,,326569,14,,,1
9400,'20260907',442,,326570,14,,,1,200,,326571,14,,,1,100,,326572,14,,,1,104,,326573,14,,,1,99,,326574,14,,,1,100,,326575,14,,,1,110,,326576,14,,,1,159,,326577,14,,,1,100,,326578,14,,,1,100,,326579,14,,,1,100,,326580,14,,,1,100,,326581,14,,,1,100,,326582,14,,,1,100,,326583,14,,,1,100,,326584,14,,,1,97,,326585,14,,,1,100,,326586,14,,,1,36,,326587,14,,,1,100,,326588,14,,,1,100,,326589,14,,,1,195,,326590,14,,,1
9400,'20260908',437,,326591,14,,,1,195,,326592,14,,,1,274,,326593,14,,,1,210,,326594,14,,,1,200,,326595,14,,,1,100,,326596,14,,,1,100,,326597,14,,,1,104,,326598,14,,,1,35,,326599,14,,,1,70,,326600,14,,,1,75,,326601,14,,,1,35,,326602,14,,,1,80,,326603,14,,,1,101,,326604,14,,,1,100,,326605,14,,,1,31,,326606,14,,,1,100,,326607,14,,,1,100,,326608,14,,,1,100,,326609,14,,,1,191,,326610,14,,,1
9400,'20260909',437,,326611,14,,,1,195,,326612,14,,,1,274,,326613,14,,,1,210,,326614,14,,,1,200,,326615,14,,,1,100,,326616,14,,,1,100,,326617,14,,,1,104,,326618,14,,,1,35,,326619,14,,,1,70,,326620,14,,,1,75,,326621,14,,,1,35,,326622,14,,,1,80,,326623,14,,,1,101,,326624,14,,,1,100,,326625,14,,,1,31,,326626,14,,,1,100,,326627,14,,,1,100,,326628,14,,,1,100,,326629,14,,,1,191,,326630,14,,,1
9400,'20260910',437,,326631,14,,,1,195,,326632,14,,,1,274,,326633,14,,,1,210,,326634,14,,,1,200,,326635,14,,,1,100,,326636,14,,,1,100,,326637,14,,,1,104,,326638,14,,,1,35,,326639,14,,,1,70,,326640,14,,,1,75,,326641,14,,,1,35,,326642,14,,,1,80,,326643,14,,,1,101,,326644,14,,,1,100,,326645,14,,,1,31,,326646,14,,,1,100,,326647,14,,,1,100,,326648,14,,,1,100,,326649,14,,,1,191,,326650,14,,,1
9400,'20260911',437,,326651,14,,,1,195,,326652,14,,,1,274,,326653,14,,,1,210,,326654,14,,,1,200,,326655,14,,,1,100,,326656,14,,,1,100,,326657,14,,,1,104,,326658,14,,,1,35,,326659,14,,,1,70,,326660,14,,,1,75,,326661,14,,,1,35,,326662,14,,,1,80,,326663,14,,,1,101,,326664,14,,,1,100,,326665,14,,,1,31,,326666,14,,,1,100,,326667,14,,,1,100,,326668,14,,,1,100,,326669,14,,,1,191,,326670,14,,,1
9400,'20260912',442,,326671,14,,,1,200,,326672,14,,,1,100,,326673,14,,,1,104,,326674,14,,,1,99,,326675,14,,,1,100,,326676,14,,,1,110,,326677,14,,,1,159,,326678,14,,,1,100,,326679,14,,,1,100,,326680,14,,,1,100,,326681,14,,,1,100,,326682,14,,,1,100,,326683,14,,,1,100,,326684,14,,,1,100,,326685,14,,,1,97,,326686,14,,,1,100,,326687,14,,,1,36,,326688,14,,,1,100,,326689,14,,,1,100,,326690,14,,,1,195,,326691,14,,,1
9400,'20260913',442,,326692,14,,,1,200,,326693,14,,,1,100,,326694,14,,,1,104,,326695,14,,,1,99,,326696,14,,,1,100,,326697,14,,,1,110,,326698,14,,,1,159,,326699,14,,,1,100,,326700,14,,,1,100,,326701,14,,,1,100,,326702,14,,,1,100,,326703,14,,,1,100,,326704,14,,,1,100,,326705,14,,,1,100,,326706,14,,,1,97,,326707,14,,,1,100,,326708,14,,,1,36,,326709,14,,,1,100,,326710,14,,,1,100,,326711,14,,,1,195,,326712,14,,,1
9400,'20260914',437,,326713,14,,,1,195,,326714,14,,,1,274,,326715,14,,,1,210,,326716,14,,,1,200,,326717,14,,,1,100,,326718,14,,,1,100,,326719,14,,,1,104,,326720,14,,,1,35,,326721,14,,,1,70,,326722,14,,,1,75,,326723,14,,,1,35,,326724,14,,,1,80,,326725,14,,,1,101,,326726,14,,,1,100,,326727,14,,,1,31,,326728,14,,,1,100,,326729,14,,,1,100,,326730,14,,,1,100,,326731,14,,,1,191,,326732,14,,,1
9400,'20260915',437,,326733,14,,,1,195,,326734,14,,,1,274,,326735,14,,,1,210,,326736,14,,,1,200,,326737,14,,,1,100,,326738,14,,,1,100,,326739,14,,,1,104,,326740,14,,,1,35,,326741,14,,,1,70,,326742,14,,,1,75,,326743,14,,,1,35,,326744,14,,,1,80,,326745,14,,,1,101,,326746,14,,,1,100,,326747,14,,,1,31,,326748,14,,,1,100,,326749,14,,,1,100,,326750,14,,,1,100,,326751,14,,,1,191,,326752,14,,,1
9400,'20260916',437,,326753,14,,,1,195,,326754,14,,,1,274,,326755,14,,,1,210,,326756,14,,,1,200,,326757,14,,,1,100,,326758,14,,,1,100,,326759,14,,,1,104,,326760,14,,,1,35,,326761,14,,,1,70,,326762,14,,,1,75,,326763,14,,,1,35,,326764,14,,,1,80,,326765,14,,,1,101,,326766,14,,,1,100,,326767,14,,,1,31,,326768,14,,,1,100,,326769,14,,,1,100,,326770,14,,,1,100,,326771,14,,,1,191,,326772,14,,,1
9400,'20260917',437,,326773,14,,,1,195,,326774,14,,,1,274,,326775,14,,,1,210,,326776,14,,,1,200,,326777,14,,,1,100,,326778,14,,,1,100,,326779,14,,,1,104,,326780,14,,,1,35,,326781,14,,,1,70,,326782,14,,,1,75,,326783,14,,,1,35,,326784,14,,,1,80,,326785,14,,,1,101,,326786,14,,,1,100,,326787,14,,,1,31,,326788,14,,,1,100,,326789,14,,,1,100,,326790,14,,,1,100,,326791,14,,,1,191,,326792,14,,,1
9400,'20260918',437,,326793,14,,,1,195,,326794,14,,,1,274,,326795,14,,,1,210,,326796,14,,,1,200,,326797,14,,,1,100,,326798,14,,,1,100,,326799,14,,,1,104,,326800,14,,,1,35,,326801,14,,,1,70,,326802,14,,,1,75,,326803,14,,,1,35,,326804,14,,,1,80,,326805,14,,,1,101,,326806,14,,,1,100,,326807,14,,,1,31,,326808,14,,,1,100,,326809,14,,,1,100,,326810,14,,,1,100,,326811,14,,,1,191,,326812,14,,,1
9400,'20260919',442,,326813,14,,,1,200,,326814,14,,,1,100,,326815,14,,,1,104,,326816,14,,,1,99,,326817,14,,,1,100,,326818,14,,,1,110,,326819,14,,,1,159,,326820,14,,,1,100,,326821,14,,,1,100,,326822,14,,,1,100,,326823,14,,,1,100,,326824,14,,,1,100,,326825,14,,,1,100,,326826,14,,,1,100,,326827,14,,,1,97,,326828,14,,,1,100,,326829,14,,,1,36,,326830,14,,,1,100,,326831,14,,,1,100,,326832,14,,,1,195,,326833,14,,,1
9400,'20260920',442,,326834,14,,,1,200,,326835,14,,,1,100,,326836,14,,,1,104,,326837,14,,,1,99,,326838,14,,,1,100,,326839,14,,,1,110,,326840,14,,,1,159,,326841,14,,,1,100,,326842,14,,,1,100,,326843,14,,,1,100,,326844,14,,,1,100,,326845,14,,,1,100,,326846,14,,,1,100,,326847,14,,,1,100,,326848,14,,,1,97,,326849,14,,,1,100,,326850,14,,,1,36,,326851,14,,,1,100,,326852,14,,,1,100,,326853,14,,,1,195,,326854,14,,,1
9400,'20260921',437,,326855,14,,,1,195,,326856,14,,,1,274,,326857,14,,,1,210,,326858,14,,,1,200,,326859,14,,,1,100,,326860,14,,,1,100,,326861,14,,,1,104,,326862,14,,,1,35,,326863,14,,,1,70,,326864,14,,,1,75,,326865,14,,,1,35,,326866,14,,,1,80,,326867,14,,,1,101,,326868,14,,,1,100,,326869,14,,,1,31,,326870,14,,,1,100,,326871,14,,,1,100,,326872,14,,,1,100,,326873,14,,,1,191,,326874,14,,,1
9400,'20260922',437,,326875,14,,,1,195,,326876,14,,,1,274,,326877,14,,,1,210,,326878,14,,,1,200,,326879,14,,,1,100,,326880,14,,,1,100,,326881,14,,,1,104,,326882,14,,,1,35,,326883,14,,,1,70,,326884,14,,,1,75,,326885,14,,,1,35,,326886,14,,,1,80,,326887,14,,,1,101,,326888,14,,,1,100,,326889,14,,,1,31,,326890,14,,,1,100,,326891,14,,,1,100,,326892,14,,,1,100,,326893,14,,,1,191,,326894,14,,,1
9400,'20260923',437,,326895,14,,,1,195,,326896,14,,,1,274,,326897,14,,,1,210,,326898,14,,,1,200,,326899,14,,,1,100,,326900,14,,,1,100,,326901,14,,,1,104,,326902,14,,,1,35,,326903,14,,,1,70,,326904,14,,,1,75,,326905,14,,,1,35,,326906,14,,,1,80,,326907,14,,,1,101,,326908,14,,,1,100,,326909,14,,,1,31,,326910,14,,,1,100,,326911,14,,,1,100,,326912,14,,,1,100,,326913,14,,,1,191,,326914,14,,,1
9400,'20260924',437,,326915,14,,,1,195,,326916,14,,,1,274,,326917,14,,,1,210,,326918,14,,,1,200,,326919,14,,,1,100,,326920,14,,,1,100,,326921,14,,,1,104,,326922,14,,,1,35,,326923,14,,,1,70,,326924,14,,,1,75,,326925,14,,,1,35,,326926,14,,,1,80,,326927,14,,,1,101,,326928,14,,,1,100,,326929,14,,,1,31,,326930,14,,,1,100,,326931,14,,,1,100,,326932,14,,,1,100,,326933,14,,,1,191,,326934,14,,,1
9400,'20260925',437,,326935,14,,,1,195,,326936,14,,,1,274,,326937,14,,,1,210,,326938,14,,,1,200,,326939,14,,,1,100,,326940,14,,,1,100,,326941,14,,,1,104,,326942,14,,,1,35,,326943,14,,,1,70,,326944,14,,,1,75,,326945,14,,,1,35,,326946,14,,,1,80,,326947,14,,,1,101,,326948,14,,,1,100,,326949,14,,,1,31,,326950,14,,,1,100,,326951,14,,,1,100,,326952,14,,,1,100,,326953,14,,,1,191,,326954,14,,,1
9400,'20260926',442,,326955,14,,,1,200,,326956,14,,,1,100,,326957,14,,,1,104,,326958,14,,,1,99,,326959,14,,,1,100,,326960,14,,,1,110,,326961,14,,,1,159,,326962,14,,,1,100,,326963,14,,,1,100,,326964,14,,,1,100,,326965,14,,,1,100,,326966,14,,,1,100,,326967,14,,,1,100,,326968,14,,,1,100,,326969,14,,,1,97,,326970,14,,,1,100,,326971,14,,,1,36,,326972,14,,,1,100,,326973,14,,,1,100,,326974,14,,,1,195,,326975,14,,,1
9400,'20260927',442,,326976,14,,,1,200,,326977,14,,,1,100,,326978,14,,,1,104,,326979,14,,,1,99,,326980,14,,,1,100,,326981,14,,,1,110,,326982,14,,,1,159,,326983,14,,,1,100,,326984,14,,,1,100,,326985,14,,,1,100,,326986,14,,,1,100,,326987,14,,,1,100,,326988,14,,,1,100,,326989,14,,,1,100,,326990,14,,,1,97,,326991,14,,,1,100,,326992,14,,,1,36,,326993,14,,,1,100,,326994,14,,,1,100,,326995,14,,,1,195,,326996,14,,,1
9400,'20260928',437,,326997,14,,,1,195,,326998,14,,,1,274,,326999,14,,,1,210,,327000,14,,,1,200,,327001,14,,,1,100,,327002,14,,,1,100,,327003,14,,,1,104,,327004,14,,,1,35,,327005,14,,,1,70,,327006,14,,,1,75,,327007,14,,,1,35,,327008,14,,,1,80,,327009,14,,,1,101,,327010,14,,,1,100,,327011,14,,,1,31,,327012,14,,,1,100,,327013,14,,,1,100,,327014,14,,,1,100,,327015,14,,,1,191,,327016,14,,,1
9400,'20260929',437,,327017,14,,,1,195,,327018,14,,,1,274,,327019,14,,,1,210,,327020,14,,,1,200,,327021,14,,,1,100,,327022,14,,,1,100,,327023,14,,,1,104,,327024,14,,,1,35,,327025,14,,,1,70,,327026,14,,,1,75,,327027,14,,,1,35,,327028,14,,,1,80,,327029,14,,,1,101,,327030,14,,,1,100,,327031,14,,,1,31,,327032,14,,,1,100,,327033,14,,,1,100,,327034,14,,,1,100,,327035,14,,,1,191,,327036,14,,,1
9400,'20260930',437,,327037,14,,,1,195,,327038,14,,,1,274,,327039,14,,,1,210,,327040,14,,,1,200,,327041,14,,,1,100,,327042,14,,,1,100,,327043,14,,,1,104,,327044,14,,,1,35,,327045,14,,,1,70,,327046,14,,,1,75,,327047,14,,,1,35,,327048,14,,,1,80,,327049,14,,,1,101,,327050,14,,,1,100,,327051,14,,,1,31,,327052,14,,,1,100,,327053,14,,,1,100,,327054,14,,,1,100,,327055,14,,,1,191,,327056,14,,,1
9400,'20261001',437,,327057,14,,,1,195,,327058,14,,,1,274,,327059,14,,,1,210,,327060,14,,,1,200,,327061,14,,,1,100,,327062,14,,,1,100,,327063,14,,,1,104,,327064,14,,,1,35,,327065,14,,,1,70,,327066,14,,,1,75,,327067,14,,,1,35,,327068,14,,,1,80,,327069,14,,,1,101,,327070,14,,,1,100,,327071,14,,,1,31,,327072,14,,,1,100,,327073,14,,,1,100,,327074,14,,,1,100,,327075,14,,,1,191,,327076,14,,,1
9400,'20261002',437,,327077,14,,,1,195,,327078,14,,,1,274,,327079,14,,,1,210,,327080,14,,,1,200,,327081,14,,,1,100,,327082,14,,,1,100,,327083,14,,,1,104,,327084,14,,,1,35,,327085,14,,,1,70,,327086,14,,,1,75,,327087,14,,,1,35,,327088,14,,,1,80,,327089,14,,,1,101,,327090,14,,,1,100,,327091,14,,,1,31,,327092,14,,,1,100,,327093,14,,,1,100,,327094,14,,,1,100,,327095,14,,,1,191,,327096,14,,,1
9400,'20261003',442,,327097,14,,,1,200,,327098,14,,,1,100,,327099,14,,,1,104,,327100,14,,,1,99,,327101,14,,,1,100,,327102,14,,,1,110,,327103,14,,,1,159,,327104,14,,,1,100,,327105,14,,,1,100,,327106,14,,,1,100,,327107,14,,,1,100,,327108,14,,,1,100,,327109,14,,,1,100,,327110,14,,,1,100,,327111,14,,,1,97,,327112,14,,,1,100,,327113,14,,,1,36,,327114,14,,,1,100,,327115,14,,,1,100,,327116,14,,,1,195,,327117,14,,,1
9400,'20261004',442,,327118,14,,,1,200,,327119,14,,,1,100,,327120,14,,,1,104,,327121,14,,,1,99,,327122,14,,,1,100,,327123,14,,,1,110,,327124,14,,,1,159,,327125,14,,,1,100,,327126,14,,,1,100,,327127,14,,,1,100,,327128,14,,,1,100,,327129,14,,,1,100,,327130,14,,,1,100,,327131,14,,,1,100,,327132,14,,,1,97,,327133,14,,,1,100,,327134,14,,,1,36,,327135,14,,,1,100,,327136,14,,,1,100,,327137,14,,,1,195,,327138,14,,,1
9400,'20261005',437,,327139,14,,,1,195,,327140,14,,,1,274,,327141,14,,,1,210,,327142,14,,,1,200,,327143,14,,,1,100,,327144,14,,,1,100,,327145,14,,,1,104,,327146,14,,,1,35,,327147,14,,,1,70,,327148,14,,,1,75,,327149,14,,,1,35,,327150,14,,,1,80,,327151,14,,,1,101,,327152,14,,,1,100,,327153,14,,,1,31,,327154,14,,,1,100,,327155,14,,,1,100,,327156,14,,,1,100,,327157,14,,,1,191,,327158,14,,,1
9400,'20261006',437,,327159,14,,,1,195,,327160,14,,,1,274,,327161,14,,,1,210,,327162,14,,,1,200,,327163,14,,,1,100,,327164,14,,,1,100,,327165,14,,,1,104,,327166,14,,,1,35,,327167,14,,,1,70,,327168,14,,,1,75,,327169,14,,,1,35,,327170,14,,,1,80,,327171,14,,,1,101,,327172,14,,,1,100,,327173,14,,,1,31,,327174,14,,,1,100,,327175,14,,,1,100,,327176,14,,,1,100,,327177,14,,,1,191,,327178,14,,,1
9400,'20261007',437,,327179,14,,,1,195,,327180,14,,,1,274,,327181,14,,,1,210,,327182,14,,,1,200,,327183,14,,,1,100,,327184,14,,,1,100,,327185,14,,,1,104,,327186,14,,,1,35,,327187,14,,,1,70,,327188,14,,,1,75,,327189,14,,,1,35,,327190,14,,,1,80,,327191,14,,,1,101,,327192,14,,,1,100,,327193,14,,,1,31,,327194,14,,,1,100,,327195,14,,,1,100,,327196,14,,,1,100,,327197,14,,,1,191,,327198,14,,,1
9400,'20261008',437,,327199,14,,,1,195,,327200,14,,,1,274,,327201,14,,,1,210,,327202,14,,,1,200,,327203,14,,,1,100,,327204,14,,,1,100,,327205,14,,,1,104,,327206,14,,,1,35,,327207,14,,,1,70,,327208,14,,,1,75,,327209,14,,,1,35,,327210,14,,,1,80,,327211,14,,,1,101,,327212,14,,,1,100,,327213,14,,,1,31,,327214,14,,,1,100,,327215,14,,,1,100,,327216,14,,,1,100,,327217,14,,,1,191,,327218,14,,,1
9400,'20261009',437,,327219,14,,,1,195,,327220,14,,,1,274,,327221,14,,,1,210,,327222,14,,,1,200,,327223,14,,,1,100,,327224,14,,,1,100,,327225,14,,,1,104,,327226,14,,,1,35,,327227,14,,,1,70,,327228,14,,,1,75,,327229,14,,,1,35,,327230,14,,,1,80,,327231,14,,,1,101,,327232,14,,,1,100,,327233,14,,,1,31,,327234,14,,,1,100,,327235,14,,,1,100,,327236,14,,,1,100,,327237,14,,,1,191,,327238,14,,,1
9400,'20261010',442,,327239,14,,,1,200,,327240,14,,,1,100,,327241,14,,,1,104,,327242,14,,,1,99,,327243,14,,,1,100,,327244,14,,,1,110,,327245,14,,,1,159,,327246,14,,,1,100,,327247,14,,,1,100,,327248,14,,,1,100,,327249,14,,,1,100,,327250,14,,,1,100,,327251,14,,,1,100,,327252,14,,,1,100,,327253,14,,,1,97,,327254,14,,,1,100,,327255,14,,,1,36,,327256,14,,,1,100,,327257,14,,,1,100,,327258,14,,,1,195,,327259,14,,,1
9400,'20261011',442,,327260,14,,,1,200,,327261,14,,,1,100,,327262,14,,,1,104,,327263,14,,,1,99,,327264,14,,,1,100,,327265,14,,,1,110,,327266,14,,,1,159,,327267,14,,,1,100,,327268,14,,,1,100,,327269,14,,,1,100,,327270,14,,,1,100,,327271,14,,,1,100,,327272,14,,,1,100,,327273,14,,,1,100,,327274,14,,,1,97,,327275,14,,,1,100,,327276,14,,,1,36,,327277,14,,,1,100,,327278,14,,,1,100,,327279,14,,,1,195,,327280,14,,,1
9400,'20261012',442,,327281,14,,,1,200,,327282,14,,,1,100,,327283,14,,,1,104,,327284,14,,,1,99,,327285,14,,,1,100,,327286,14,,,1,110,,327287,14,,,1,159,,327288,14,,,1,100,,327289,14,,,1,100,,327290,14,,,1,100,,327291,14,,,1,100,,327292,14,,,1,100,,327293,14,,,1,100,,327294,14,,,1,100,,327295,14,,,1,97,,327296,14,,,1,100,,327297,14,,,1,36,,327298,14,,,1,100,,327299,14,,,1,100,,327300,14,,,1,195,,327301,14,,,1
9400,'20261013',437,,327302,14,,,1,195,,327303,14,,,1,274,,327304,14,,,1,210,,327305,14,,,1,200,,327306,14,,,1,100,,327307,14,,,1,100,,327308,14,,,1,104,,327309,14,,,1,35,,327310,14,,,1,70,,327311,14,,,1,75,,327312,14,,,1,35,,327313,14,,,1,80,,327314,14,,,1,101,,327315,14,,,1,100,,327316,14,,,1,31,,327317,14,,,1,100,,327318,14,,,1,100,,327319,14,,,1,100,,327320,14,,,1,191,,327321,14,,,1
9400,'20261014',437,,327322,14,,,1,195,,327323,14,,,1,274,,327324,14,,,1,210,,327325,14,,,1,200,,327326,14,,,1,100,,327327,14,,,1,100,,327328,14,,,1,104,,327329,14,,,1,35,,327330,14,,,1,70,,327331,14,,,1,75,,327332,14,,,1,35,,327333,14,,,1,80,,327334,14,,,1,101,,327335,14,,,1,100,,327336,14,,,1,31,,327337,14,,,1,100,,327338,14,,,1,100,,327339,14,,,1,100,,327340,14,,,1,191,,327341,14,,,1
9400,'20261015',437,,327342,14,,,1,195,,327343,14,,,1,274,,327344,14,,,1,210,,327345,14,,,1,200,,327346,14,,,1,100,,327347,14,,,1,100,,327348,14,,,1,104,,327349,14,,,1,35,,327350,14,,,1,70,,327351,14,,,1,75,,327352,14,,,1,35,,327353,14,,,1,80,,327354,14,,,1,101,,327355,14,,,1,100,,327356,14,,,1,31,,327357,14,,,1,100,,327358,14,,,1,100,,327359,14,,,1,100,,327360,14,,,1,191,,327361,14,,,1
9400,'20261016',437,,327362,14,,,1,195,,327363,14,,,1,274,,327364,14,,,1,210,,327365,14,,,1,200,,327366,14,,,1,100,,327367,14,,,1,100,,327368,14,,,1,104,,327369,14,,,1,35,,327370,14,,,1,70,,327371,14,,,1,75,,327372,14,,,1,35,,327373,14,,,1,80,,327374,14,,,1,101,,327375,14,,,1,100,,327376,14,,,1,31,,327377,14,,,1,100,,327378,14,,,1,100,,327379,14,,,1,100,,327380,14,,,1,191,,327381,14,,,1
9400,'20261017',442,,327382,14,,,1,200,,327383,14,,,1,100,,327384,14,,,1,104,,327385,14,,,1,99,,327386,14,,,1,100,,327387,14,,,1,110,,327388,14,,,1,159,,327389,14,,,1,100,,327390,14,,,1,100,,327391,14,,,1,100,,327392,14,,,1,100,,327393,14,,,1,100,,327394,14,,,1,100,,327395,14,,,1,100,,327396,14,,,1,97,,327397,14,,,1,100,,327398,14,,,1,36,,327399,14,,,1,100,,327400,14,,,1,100,,327401,14,,,1,195,,327402,14,,,1
9400,'20261018',442,,327403,14,,,1,200,,327404,14,,,1,100,,327405,14,,,1,104,,327406,14,,,1,99,,327407,14,,,1,100,,327408,14,,,1,110,,327409,14,,,1,159,,327410,14,,,1,100,,327411,14,,,1,100,,327412,14,,,1,100,,327413,14,,,1,100,,327414,14,,,1,100,,327415,14,,,1,100,,327416,14,,,1,100,,327417,14,,,1,97,,327418,14,,,1,100,,327419,14,,,1,36,,327420,14,,,1,100,,327421,14,,,1,100,,327422,14,,,1,195,,327423,14,,,1
9400,'20261019',437,,327424,14,,,1,195,,327425,14,,,1,274,,327426,14,,,1,210,,327427,14,,,1,200,,327428,14,,,1,100,,327429,14,,,1,100,,327430,14,,,1,104,,327431,14,,,1,35,,327432,14,,,1,70,,327433,14,,,1,75,,327434,14,,,1,35,,327435,14,,,1,80,,327436,14,,,1,101,,327437,14,,,1,100,,327438,14,,,1,31,,327439,14,,,1,100,,327440,14,,,1,100,,327441,14,,,1,100,,327442,14,,,1,191,,327443,14,,,1
9400,'20261020',437,,327444,14,,,1,195,,327445,14,,,1,274,,327446,14,,,1,210,,327447,14,,,1,200,,327448,14,,,1,100,,327449,14,,,1,100,,327450,14,,,1,104,,327451,14,,,1,35,,327452,14,,,1,70,,327453,14,,,1,75,,327454,14,,,1,35,,327455,14,,,1,80,,327456,14,,,1,101,,327457,14,,,1,100,,327458,14,,,1,31,,327459,14,,,1,100,,327460,14,,,1,100,,327461,14,,,1,100,,327462,14,,,1,191,,327463,14,,,1
9400,'20261021',437,,327464,14,,,1,195,,327465,14,,,1,274,,327466,14,,,1,210,,327467,14,,,1,200,,327468,14,,,1,100,,327469,14,,,1,100,,327470,14,,,1,104,,327471,14,,,1,35,,327472,14,,,1,70,,327473,14,,,1,75,,327474,14,,,1,35,,327475,14,,,1,80,,327476,14,,,1,101,,327477,14,,,1,100,,327478,14,,,1,31,,327479,14,,,1,100,,327480,14,,,1,100,,327481,14,,,1,100,,327482,14,,,1,191,,327483,14,,,1
9400,'20261022',437,,327484,14,,,1,195,,327485,14,,,1,274,,327486,14,,,1,210,,327487,14,,,1,200,,327488,14,,,1,100,,327489,14,,,1,100,,327490,14,,,1,104,,327491,14,,,1,35,,327492,14,,,1,70,,327493,14,,,1,75,,327494,14,,,1,35,,327495,14,,,1,80,,327496,14,,,1,101,,327497,14,,,1,100,,327498,14,,,1,31,,327499,14,,,1,100,,327500,14,,,1,100,,327501,14,,,1,100,,327502,14,,,1,191,,327503,14,,,1
9400,'20261023',437,,327504,14,,,1,195,,327505,14,,,1,274,,327506,14,,,1,210,,327507,14,,,1,200,,327508,14,,,1,100,,327509,14,,,1,100,,327510,14,,,1,104,,327511,14,,,1,35,,327512,14,,,1,70,,327513,14,,,1,75,,327514,14,,,1,35,,327515,14,,,1,80,,327516,14,,,1,101,,327517,14,,,1,100,,327518,14,,,1,31,,327519,14,,,1,100,,327520,14,,,1,100,,327521,14,,,1,100,,327522,14,,,1,191,,327523,14,,,1
9400,'20261024',442,,327524,14,,,1,200,,327525,14,,,1,100,,327526,14,,,1,104,,327527,14,,,1,99,,327528,14,,,1,100,,327529,14,,,1,110,,327530,14,,,1,159,,327531,14,,,1,100,,327532,14,,,1,100,,327533,14,,,1,100,,327534,14,,,1,100,,327535,14,,,1,100,,327536,14,,,1,100,,327537,14,,,1,100,,327538,14,,,1,97,,327539,14,,,1,100,,327540,14,,,1,36,,327541,14,,,1,100,,327542,14,,,1,100,,327543,14,,,1,195,,327544,14,,,1
9400,'20261025',442,,327545,14,,,1,200,,327546,14,,,1,100,,327547,14,,,1,104,,327548,14,,,1,99,,327549,14,,,1,100,,327550,14,,,1,110,,327551,14,,,1,159,,327552,14,,,1,100,,327553,14,,,1,100,,327554,14,,,1,100,,327555,14,,,1,100,,327556,14,,,1,100,,327557,14,,,1,100,,327558,14,,,1,100,,327559,14,,,1,97,,327560,14,,,1,100,,327561,14,,,1,36,,327562,14,,,1,100,,327563,14,,,1,100,,327564,14,,,1,195,,327565,14,,,1
9400,'20261026',437,,327566,14,,,1,195,,327567,14,,,1,274,,327568,14,,,1,210,,327569,14,,,1,200,,327570,14,,,1,100,,327571,14,,,1,100,,327572,14,,,1,104,,327573,14,,,1,35,,327574,14,,,1,70,,327575,14,,,1,75,,327576,14,,,1,35,,327577,14,,,1,80,,327578,14,,,1,101,,327579,14,,,1,100,,327580,14,,,1,31,,327581,14,,,1,100,,327582,14,,,1,100,,327583,14,,,1,100,,327584,14,,,1,191,,327585,14,,,1
9400,'20261027',437,,327586,14,,,1,195,,327587,14,,,1,274,,327588,14,,,1,210,,327589,14,,,1,200,,327590,14,,,1,100,,327591,14,,,1,100,,327592,14,,,1,104,,327593,14,,,1,35,,327594,14,,,1,70,,327595,14,,,1,75,,327596,14,,,1,35,,327597,14,,,1,80,,327598,14,,,1,101,,327599,14,,,1,100,,327600,14,,,1,31,,327601,14,,,1,100,,327602,14,,,1,100,,327603,14,,,1,100,,327604,14,,,1,191,,327605,14,,,1
9400,'20261028',437,,327606,14,,,1,195,,327607,14,,,1,274,,327608,14,,,1,210,,327609,14,,,1,200,,327610,14,,,1,100,,327611,14,,,1,100,,327612,14,,,1,104,,327613,14,,,1,35,,327614,14,,,1,70,,327615,14,,,1,75,,327616,14,,,1,35,,327617,14,,,1,80,,327618,14,,,1,101,,327619,14,,,1,100,,327620,14,,,1,31,,327621,14,,,1,100,,327622,14,,,1,100,,327623,14,,,1,100,,327624,14,,,1,191,,327625,14,,,1
9400,'20261029',437,,327626,14,,,1,195,,327627,14,,,1,274,,327628,14,,,1,210,,327629,14,,,1,200,,327630,14,,,1,100,,327631,14,,,1,100,,327632,14,,,1,104,,327633,14,,,1,35,,327634,14,,,1,70,,327635,14,,,1,75,,327636,14,,,1,35,,327637,14,,,1,80,,327638,14,,,1,101,,327639,14,,,1,100,,327640,14,,,1,31,,327641,14,,,1,100,,327642,14,,,1,100,,327643,14,,,1,100,,327644,14,,,1,191,,327645,14,,,1
9400,'20261030',437,,327646,14,,,1,195,,327647,14,,,1,274,,327648,14,,,1,210,,327649,14,,,1,200,,327650,14,,,1,100,,327651,14,,,1,100,,327652,14,,,1,104,,327653,14,,,1,35,,327654,14,,,1,70,,327655,14,,,1,75,,327656,14,,,1,35,,327657,14,,,1,80,,327658,14,,,1,101,,327659,14,,,1,100,,327660,14,,,1,31,,327661,14,,,1,100,,327662,14,,,1,100,,327663,14,,,1,100,,327664,14,,,1,191,,327665,14,,,1
9400,'20261031',442,,327666,14,,,1,200,,327667,14,,,1,100,,327668,14,,,1,104,,327669,14,,,1,99,,327670,14,,,1,100,,327671,14,,,1,110,,327672,14,,,1,159,,327673,14,,,1,100,,327674,14,,,1,100,,327675,14,,,1,100,,327676,14,,,1,100,,327677,14,,,1,100,,327678,14,,,1,100,,327679,14,,,1,100,,327680,14,,,1,97,,327681,14,,,1,100,,327682,14,,,1,36,,327683,14,,,1,100,,327684,14,,,1,100,,327685,14,,,1,195,,327686,14,,,1
9400,'20261101',442,,327687,14,,,1,200,,327688,14,,,1,100,,327689,14,,,1,104,,327690,14,,,1,99,,327691,14,,,1,100,,327692,14,,,1,110,,327693,14,,,1,159,,327694,14,,,1,100,,327695,14,,,1,100,,327696,14,,,1,100,,327697,14,,,1,100,,327698,14,,,1,100,,327699,14,,,1,100,,327700,14,,,1,100,,327701,14,,,1,97,,327702,14,,,1,100,,327703,14,,,1,36,,327704,14,,,1,100,,327705,14,,,1,100,,327706,14,,,1,195,,327707,14,,,1
9400,'20261102',437,,327708,14,,,1,195,,327709,14,,,1,274,,327710,14,,,1,210,,327711,14,,,1,200,,327712,14,,,1,100,,327713,14,,,1,100,,327714,14,,,1,104,,327715,14,,,1,35,,327716,14,,,1,70,,327717,14,,,1,75,,327718,14,,,1,35,,327719,14,,,1,80,,327720,14,,,1,101,,327721,14,,,1,100,,327722,14,,,1,31,,327723,14,,,1,100,,327724,14,,,1,100,,327725,14,,,1,100,,327726,14,,,1,191,,327727,14,,,1
9400,'20261103',437,,327728,14,,,1,195,,327729,14,,,1,274,,327730,14,,,1,210,,327731,14,,,1,200,,327732,14,,,1,100,,327733,14,,,1,100,,327734,14,,,1,104,,327735,14,,,1,35,,327736,14,,,1,70,,327737,14,,,1,75,,327738,14,,,1,35,,327739,14,,,1,80,,327740,14,,,1,101,,327741,14,,,1,100,,327742,14,,,1,31,,327743,14,,,1,100,,327744,14,,,1,100,,327745,14,,,1,100,,327746,14,,,1,191,,327747,14,,,1
9400,'20261104',437,,327748,14,,,1,195,,327749,14,,,1,274,,327750,14,,,1,210,,327751,14,,,1,200,,327752,14,,,1,100,,327753,14,,,1,100,,327754,14,,,1,104,,327755,14,,,1,35,,327756,14,,,1,70,,327757,14,,,1,75,,327758,14,,,1,35,,327759,14,,,1,80,,327760,14,,,1,101,,327761,14,,,1,100,,327762,14,,,1,31,,327763,14,,,1,100,,327764,14,,,1,100,,327765,14,,,1,100,,327766,14,,,1,191,,327767,14,,,1
9400,'20261105',437,,327768,14,,,1,195,,327769,14,,,1,274,,327770,14,,,1,210,,327771,14,,,1,200,,327772,14,,,1,100,,327773,14,,,1,100,,327774,14,,,1,104,,327775,14,,,1,35,,327776,14,,,1,70,,327777,14,,,1,75,,327778,14,,,1,35,,327779,14,,,1,80,,327780,14,,,1,101,,327781,14,,,1,100,,327782,14,,,1,31,,327783,14,,,1,100,,327784,14,,,1,100,,327785,14,,,1,100,,327786,14,,,1,191,,327787,14,,,1
9400,'20261106',437,,327788,14,,,1,195,,327789,14,,,1,274,,327790,14,,,1,210,,327791,14,,,1,200,,327792,14,,,1,100,,327793,14,,,1,100,,327794,14,,,1,104,,327795,14,,,1,35,,327796,14,,,1,70,,327797,14,,,1,75,,327798,14,,,1,35,,327799,14,,,1,80,,327800,14,,,1,101,,327801,14,,,1,100,,327802,14,,,1,31,,327803,14,,,1,100,,327804,14,,,1,100,,327805,14,,,1,100,,327806,14,,,1,191,,327807,14,,,1
9400,'20261107',442,,327808,14,,,1,200,,327809,14,,,1,100,,327810,14,,,1,104,,327811,14,,,1,99,,327812,14,,,1,100,,327813,14,,,1,110,,327814,14,,,1,159,,327815,14,,,1,100,,327816,14,,,1,100,,327817,14,,,1,100,,327818,14,,,1,100,,327819,14,,,1,100,,327820,14,,,1,100,,327821,14,,,1,100,,327822,14,,,1,97,,327823,14,,,1,100,,327824,14,,,1,36,,327825,14,,,1,100,,327826,14,,,1,100,,327827,14,,,1,195,,327828,14,,,1
9400,'20261108',442,,327829,14,,,1,200,,327830,14,,,1,100,,327831,14,,,1,104,,327832,14,,,1,99,,327833,14,,,1,100,,327834,14,,,1,110,,327835,14,,,1,159,,327836,14,,,1,100,,327837,14,,,1,100,,327838,14,,,1,100,,327839,14,,,1,100,,327840,14,,,1,100,,327841,14,,,1,100,,327842,14,,,1,100,,327843,14,,,1,97,,327844,14,,,1,100,,327845,14,,,1,36,,327846,14,,,1,100,,327847,14,,,1,100,,327848,14,,,1,195,,327849,14,,,1
9400,'20261109',437,,327850,14,,,1,195,,327851,14,,,1,274,,327852,14,,,1,210,,327853,14,,,1,200,,327854,14,,,1,100,,327855,14,,,1,100,,327856,14,,,1,104,,327857,14,,,1,35,,327858,14,,,1,70,,327859,14,,,1,75,,327860,14,,,1,35,,327861,14,,,1,80,,327862,14,,,1,101,,327863,14,,,1,100,,327864,14,,,1,31,,327865,14,,,1,100,,327866,14,,,1,100,,327867,14,,,1,100,,327868,14,,,1,191,,327869,14,,,1
9400,'20261110',437,,327870,14,,,1,195,,327871,14,,,1,274,,327872,14,,,1,210,,327873,14,,,1,200,,327874,14,,,1,100,,327875,14,,,1,100,,327876,14,,,1,104,,327877,14,,,1,35,,327878,14,,,1,70,,327879,14,,,1,75,,327880,14,,,1,35,,327881,14,,,1,80,,327882,14,,,1,101,,327883,14,,,1,100,,327884,14,,,1,31,,327885,14,,,1,100,,327886,14,,,1,100,,327887,14,,,1,100,,327888,14,,,1,191,,327889,14,,,1
9400,'20261111',437,,327890,14,,,1,195,,327891,14,,,1,274,,327892,14,,,1,210,,327893,14,,,1,200,,327894,14,,,1,100,,327895,14,,,1,100,,327896,14,,,1,104,,327897,14,,,1,35,,327898,14,,,1,70,,327899,14,,,1,75,,327900,14,,,1,35,,327901,14,,,1,80,,327902,14,,,1,101,,327903,14,,,1,100,,327904,14,,,1,31,,327905,14,,,1,100,,327906,14,,,1,100,,327907,14,,,1,100,,327908,14,,,1,191,,327909,14,,,1
9400,'20261112',437,,327910,14,,,1,195,,327911,14,,,1,274,,327912,14,,,1,210,,327913,14,,,1,200,,327914,14,,,1,100,,327915,14,,,1,100,,327916,14,,,1,104,,327917,14,,,1,35,,327918,14,,,1,70,,327919,14,,,1,75,,327920,14,,,1,35,,327921,14,,,1,80,,327922,14,,,1,101,,327923,14,,,1,100,,327924,14,,,1,31,,327925,14,,,1,100,,327926,14,,,1,100,,327927,14,,,1,100,,327928,14,,,1,191,,327929,14,,,1
9400,'20261113',437,,327930,14,,,1,195,,327931,14,,,1,274,,327932,14,,,1,210,,327933,14,,,1,200,,327934,14,,,1,100,,327935,14,,,1,100,,327936,14,,,1,104,,327937,14,,,1,35,,327938,14,,,1,70,,327939,14,,,1,75,,327940,14,,,1,35,,327941,14,,,1,80,,327942,14,,,1,101,,327943,14,,,1,100,,327944,14,,,1,31,,327945,14,,,1,100,,327946,14,,,1,100,,327947,14,,,1,100,,327948,14,,,1,191,,327949,14,,,1
9400,'20261114',442,,327950,14,,,1,200,,327951,14,,,1,100,,327952,14,,,1,104,,327953,14,,,1,99,,327954,14,,,1,100,,327955,14,,,1,110,,327956,14,,,1,159,,327957,14,,,1,100,,327958,14,,,1,100,,327959,14,,,1,100,,327960,14,,,1,100,,327961,14,,,1,100,,327962,14,,,1,100,,327963,14,,,1,100,,327964,14,,,1,97,,327965,14,,,1,100,,327966,14,,,1,36,,327967,14,,,1,100,,327968,14,,,1,100,,327969,14,,,1,195,,327970,14,,,1
9400,'20261115',442,,327971,14,,,1,200,,327972,14,,,1,100,,327973,14,,,1,104,,327974,14,,,1,99,,327975,14,,,1,100,,327976,14,,,1,110,,327977,14,,,1,159,,327978,14,,,1,100,,327979,14,,,1,100,,327980,14,,,1,100,,327981,14,,,1,100,,327982,14,,,1,100,,327983,14,,,1,100,,327984,14,,,1,100,,327985,14,,,1,97,,327986,14,,,1,100,,327987,14,,,1,36,,327988,14,,,1,100,,327989,14,,,1,100,,327990,14,,,1,195,,327991,14,,,1
9400,'20261116',437,,327992,14,,,1,195,,327993,14,,,1,274,,327994,14,,,1,210,,327995,14,,,1,200,,327996,14,,,1,100,,327997,14,,,1,100,,327998,14,,,1,104,,327999,14,,,1,35,,328000,14,,,1,70,,328001,14,,,1,75,,328002,14,,,1,35,,328003,14,,,1,80,,328004,14,,,1,101,,328005,14,,,1,100,,328006,14,,,1,31,,328007,14,,,1,100,,328008,14,,,1,100,,328009,14,,,1,100,,328010,14,,,1,191,,328011,14,,,1
9400,'20261117',437,,328012,14,,,1,195,,328013,14,,,1,274,,328014,14,,,1,210,,328015,14,,,1,200,,328016,14,,,1,100,,328017,14,,,1,100,,328018,14,,,1,104,,328019,14,,,1,35,,328020,14,,,1,70,,328021,14,,,1,75,,328022,14,,,1,35,,328023,14,,,1,80,,328024,14,,,1,101,,328025,14,,,1,100,,328026,14,,,1,31,,328027,14,,,1,100,,328028,14,,,1,100,,328029,14,,,1,100,,328030,14,,,1,191,,328031,14,,,1
9400,'20261118',437,,328032,14,,,1,195,,328033,14,,,1,274,,328034,14,,,1,210,,328035,14,,,1,200,,328036,14,,,1,100,,328037,14,,,1,100,,328038,14,,,1,104,,328039,14,,,1,35,,328040,14,,,1,70,,328041,14,,,1,75,,328042,14,,,1,35,,328043,14,,,1,80,,328044,14,,,1,101,,328045,14,,,1,100,,328046,14,,,1,31,,328047,14,,,1,100,,328048,14,,,1,100,,328049,14,,,1,100,,328050,14,,,1,191,,328051,14,,,1
9400,'20261119',437,,328052,14,,,1,195,,328053,14,,,1,274,,328054,14,,,1,210,,328055,14,,,1,200,,328056,14,,,1,100,,328057,14,,,1,100,,328058,14,,,1,104,,328059,14,,,1,35,,328060,14,,,1,70,,328061,14,,,1,75,,328062,14,,,1,35,,328063,14,,,1,80,,328064,14,,,1,101,,328065,14,,,1,100,,328066,14,,,1,31,,328067,14,,,1,100,,328068,14,,,1,100,,328069,14,,,1,100,,328070,14,,,1,191,,328071,14,,,1
9400,'20261120',437,,328072,14,,,1,195,,328073,14,,,1,274,,328074,14,,,1,210,,328075,14,,,1,200,,328076,14,,,1,100,,328077,14,,,1,100,,328078,14,,,1,104,,328079,14,,,1,35,,328080,14,,,1,70,,328081,14,,,1,75,,328082,14,,,1,35,,328083,14,,,1,80,,328084,14,,,1,101,,328085,14,,,1,100,,328086,14,,,1,31,,328087,14,,,1,100,,328088,14,,,1,100,,328089,14,,,1,100,,328090,14,,,1,191,,328091,14,,,1
9400,'20261121',442,,328092,14,,,1,200,,328093,14,,,1,100,,328094,14,,,1,104,,328095,14,,,1,99,,328096,14,,,1,100,,328097,14,,,1,110,,328098,14,,,1,159,,328099,14,,,1,100,,328100,14,,,1,100,,328101,14,,,1,100,,328102,14,,,1,100,,328103,14,,,1,100,,328104,14,,,1,100,,328105,14,,,1,100,,328106,14,,,1,97,,328107,14,,,1,100,,328108,14,,,1,36,,328109,14,,,1,100,,328110,14,,,1,100,,328111,14,,,1,195,,328112,14,,,1
9400,'20261122',442,,328113,14,,,1,200,,328114,14,,,1,100,,328115,14,,,1,104,,328116,14,,,1,99,,328117,14,,,1,100,,328118,14,,,1,110,,328119,14,,,1,159,,328120,14,,,1,100,,328121,14,,,1,100,,328122,14,,,1,100,,328123,14,,,1,100,,328124,14,,,1,100,,328125,14,,,1,100,,328126,14,,,1,100,,328127,14,,,1,97,,328128,14,,,1,100,,328129,14,,,1,36,,328130,14,,,1,100,,328131,14,,,1,100,,328132,14,,,1,195,,328133,14,,,1
9400,'20261123',437,,328134,14,,,1,195,,328135,14,,,1,274,,328136,14,,,1,210,,328137,14,,,1,200,,328138,14,,,1,100,,328139,14,,,1,100,,328140,14,,,1,104,,328141,14,,,1,35,,328142,14,,,1,70,,328143,14,,,1,75,,328144,14,,,1,35,,328145,14,,,1,80,,328146,14,,,1,101,,328147,14,,,1,100,,328148,14,,,1,31,,328149,14,,,1,100,,328150,14,,,1,100,,328151,14,,,1,100,,328152,14,,,1,191,,328153,14,,,1
9400,'20261124',437,,328154,14,,,1,195,,328155,14,,,1,274,,328156,14,,,1,210,,328157,14,,,1,200,,328158,14,,,1,100,,328159,14,,,1,100,,328160,14,,,1,104,,328161,14,,,1,35,,328162,14,,,1,70,,328163,14,,,1,75,,328164,14,,,1,35,,328165,14,,,1,80,,328166,14,,,1,101,,328167,14,,,1,100,,328168,14,,,1,31,,328169,14,,,1,100,,328170,14,,,1,100,,328171,14,,,1,100,,328172,14,,,1,191,,328173,14,,,1
9400,'20261125',437,,328174,14,,,1,195,,328175,14,,,1,274,,328176,14,,,1,210,,328177,14,,,1,200,,328178,14,,,1,100,,328179,14,,,1,100,,328180,14,,,1,104,,328181,14,,,1,35,,328182,14,,,1,70,,328183,14,,,1,75,,328184,14,,,1,35,,328185,14,,,1,80,,328186,14,,,1,101,,328187,14,,,1,100,,328188,14,,,1,31,,328189,14,,,1,100,,328190,14,,,1,100,,328191,14,,,1,100,,328192,14,,,1,191,,328193,14,,,1
9400,'20261126',437,,328194,14,,,1,195,,328195,14,,,1,274,,328196,14,,,1,210,,328197,14,,,1,200,,328198,14,,,1,100,,328199,14,,,1,100,,328200,14,,,1,104,,328201,14,,,1,35,,328202,14,,,1,70,,328203,14,,,1,75,,328204,14,,,1,35,,328205,14,,,1,80,,328206,14,,,1,101,,328207,14,,,1,100,,328208,14,,,1,31,,328209,14,,,1,100,,328210,14,,,1,100,,328211,14,,,1,100,,328212,14,,,1,191,,328213,14,,,1
9400,'20261127',437,,328214,14,,,1,195,,328215,14,,,1,274,,328216,14,,,1,210,,328217,14,,,1,200,,328218,14,,,1,100,,328219,14,,,1,100,,328220,14,,,1,104,,328221,14,,,1,35,,328222,14,,,1,70,,328223,14,,,1,75,,328224,14,,,1,35,,328225,14,,,1,80,,328226,14,,,1,101,,328227,14,,,1,100,,328228,14,,,1,31,,328229,14,,,1,100,,328230,14,,,1,100,,328231,14,,,1,100,,328232,14,,,1,191,,328233,14,,,1
