3101,'20260831',643,,165879,17,0,37 43 44 47,1,60,,165880,17,0,37 43 44 47,1,21,,165881,27,0,43 44 47,1,24,,165882,17,0,37 43 44 47,1,75,,165883,25,0,5 43 44 47,1,100,,165884,25,0,5 43 44 47,1,1630,,165888,25,0,7 43 44 47,1,98,,165889,27,0,16 17 9,1,95,,165890,27,0,16 17 9,1
3101,'20260901',643,,165891,17,0,37 43 44 47,1,60,,165892,17,0,37 43 44 47,1,21,,165893,27,0,43 44 47,1,24,,165894,17,0,37 43 44 47,1,75,,165895,25,0,5 43 44 47,1,100,,165896,25,0,5 43 44 47,1,1630,,165900,25,0,7 43 44 47,1,98,,165901,27,0,16 17 9,1,95,,165902,27,0,16 17 9,1
3101,'20260902',643,,165903,17,0,37 43 44 47,1,60,,165904,17,0,37 43 44 47,1,21,,165905,27,0,43 44 47,1,24,,165906,17,0,37 43 44 47,1,75,,165907,25,0,5 43 44 47,1,100,,165908,25,0,5 43 44 47,1,1630,,165912,25,0,7 43 44 47,1,98,,165913,27,0,16 17 9,1,95,,165914,27,0,16 17 9,1
3101,'20260903',643,,165915,17,0,37 43 44 47,1,60,,165916,17,0,37 43 44 47,1,21,,165917,27,0,43 44 47,1,24,,165918,17,0,37 43 44 47,1,75,,165919,25,0,5 43 44 47,1,100,,165920,25,0,5 43 44 47,1,1630,,165924,25,0,7 43 44 47,1,98,,165925,27,0,16 17 9,1,95,,165926,27,0,16 17 9,1
3101,'20260904',643,,165927,17,0,37 43 44 47,1,60,,165928,17,0,37 43 44 47,1,21,,165929,27,0,43 44 47,1,24,,165930,17,0,37 43 44 47,1,75,,165931,25,0,5 43 44 47,1,100,,165932,25,0,5 43 44 47,1,1630,,165936,25,0,7 43 44 47,1,98,,165937,27,0,16 17 9,1,95,,165938,27,0,16 17 9,1
3101,'20260905',904,,267537,25,0,7 43 44 47,1,1720,,267541,27,0,16 17 9,1,95,,267543,27,0,16 17 9,1,30,,267544,27,0,16 17 9,1
3101,'20260906',904,,267545,25,0,7 43 44 47,1,1845,,267550,27,0,16 17 9,1
3101,'20260907',904,,267551,25,0,7 43 44 47,1,1720,,267555,27,0,16 17 9,1,95,,267557,27,0,16 17 9,1,30,,267558,27,0,16 17 9,1
3101,'20260908',643,,267559,17,0,37 43 44 47,1,60,,267560,17,0,37 43 44 47,1,21,,267561,27,0,43 44 47,1,24,,267562,17,0,37 43 44 47,1,75,,267563,25,0,5 43 44 47,1,100,,267564,25,0,5 43 44 47,1,1630,,267568,25,0,7 43 44 47,1,98,,267569,27,0,16 17 9,1,95,,267570,27,0,16 17 9,1
3101,'20260909',643,,267571,17,0,37 43 44 47,1,60,,267572,17,0,37 43 44 47,1,21,,267573,27,0,43 44 47,1,24,,267574,17,0,37 43 44 47,1,75,,267575,25,0,5 43 44 47,1,100,,267576,25,0,5 43 44 47,1,1630,,267580,25,0,7 43 44 47,1,98,,267581,27,0,16 17 9,1,95,,267582,27,0,16 17 9,1
3101,'20260910',643,,267583,17,0,37 43 44 47,1,60,,267584,17,0,37 43 44 47,1,21,,267585,27,0,43 44 47,1,24,,267586,17,0,37 43 44 47,1,75,,267587,25,0,5 43 44 47,1,100,,267588,25,0,5 43 44 47,1,1630,,267592,25,0,7 43 44 47,1,98,,267593,27,0,16 17 9,1,95,,267594,27,0,16 17 9,1
3101,'20260911',643,,267595,17,0,37 43 44 47,1,60,,267596,17,0,37 43 44 47,1,21,,267597,27,0,43 44 47,1,24,,267598,17,0,37 43 44 47,1,75,,267599,25,0,5 43 44 47,1,100,,267600,25,0,5 43 44 47,1,1630,,267609,25,0,7 43 44 47,1,98,,267610,27,0,16 17 9,1,95,,267611,27,0,16 17 9,1
3101,'20260912',904,,267612,25,0,7 43 44 47,1,54,,267614,19,0,71 101 9,1,50,,267615,19,0,71 101 9,1,801,,267616,19,0,71 101 9,1,550,,267617,19,0,71 101 9,1,265,,267620,27,0,16 17 9,1,95,,267622,27,0,16 17 9,1,30,,267623,27,0,16 17 9,1
3101,'20260913',904,,267624,25,0,7 43 44 47,1,54,,267626,19,0,71 101 9,1,50,,267627,19,0,71 101 9,1,801,,267628,19,0,71 101 9,1,550,,267629,19,0,71 101 9,1,390,,267633,27,0,16 17 9,1
3101,'20260914',643,,267634,17,0,37 43 44 47,1,60,,267635,17,0,37 43 44 47,1,21,,267636,27,0,43 44 47,1,24,,267637,17,0,37 43 44 47,1,75,,267638,25,0,5 43 44 47,1,100,,267639,25,0,5 43 44 47,1,1630,,267643,25,0,7 43 44 47,1,98,,267644,27,0,16 17 9,1,95,,267645,27,0,16 17 9,1
3101,'20260915',643,,267646,17,0,37 43 44 47,1,60,,267647,17,0,37 43 44 47,1,21,,267648,27,0,43 44 47,1,24,,267649,17,0,37 43 44 47,1,75,,267650,25,0,5 43 44 47,1,100,,267651,25,0,5 43 44 47,1,1630,,267655,25,0,7 43 44 47,1,98,,267656,27,0,16 17 9,1,95,,267657,27,0,16 17 9,1
3101,'20260916',643,,267658,17,0,37 43 44 47,1,60,,267659,17,0,37 43 44 47,1,21,,267660,27,0,43 44 47,1,24,,267661,17,0,37 43 44 47,1,75,,267662,25,0,5 43 44 47,1,100,,267663,25,0,5 43 44 47,1,1630,,267667,25,0,7 43 44 47,1,98,,267668,27,0,16 17 9,1,95,,267669,27,0,16 17 9,1
3101,'20260917',643,,267670,17,0,37 43 44 47,1,60,,267671,17,0,37 43 44 47,1,21,,267672,27,0,43 44 47,1,24,,267673,17,0,37 43 44 47,1,75,,267674,25,0,5 43 44 47,1,100,,267675,25,0,5 43 44 47,1,1630,,267679,25,0,7 43 44 47,1,98,,267680,27,0,16 17 9,1,95,,267681,27,0,16 17 9,1
3101,'20260918',643,,267682,17,0,37 43 44 47,1,60,,267683,17,0,37 43 44 47,1,21,,267684,27,0,43 44 47,1,24,,267685,17,0,37 43 44 47,1,75,,267686,25,0,5 43 44 47,1,100,,267687,25,0,5 43 44 47,1,1630,,267696,25,0,7 43 44 47,1,98,,267697,27,0,16 17 9,1,95,,267698,27,0,16 17 9,1
3101,'20260919',904,,267699,25,0,7 43 44 47,1,54,,267701,19,0,71 101 9,1,50,,267702,19,0,71 101 9,1,801,,267703,19,0,71 101 9,1,550,,267704,19,0,71 101 9,1,265,,267707,27,0,16 17 9,1,95,,267709,27,0,16 17 9,1,30,,267710,27,0,16 17 9,1
3101,'20260920',904,,267711,25,0,7 43 44 47,1,54,,267713,19,0,71 101 9,1,50,,267714,19,0,71 101 9,1,801,,267715,19,0,71 101 9,1,550,,267716,19,0,71 101 9,1,390,,267720,27,0,16 17 9,1
3101,'20260921',643,,267721,17,0,37 43 44 47,1,60,,267722,17,0,37 43 44 47,1,21,,267723,27,0,43 44 47,1,24,,267724,17,0,37 43 44 47,1,75,,267725,25,0,5 43 44 47,1,100,,267726,25,0,5 43 44 47,1,1630,,267730,25,0,7 43 44 47,1,98,,267731,27,0,16 17 9,1,95,,267732,27,0,16 17 9,1
3101,'20260922',643,,267733,17,0,37 43 44 47,1,60,,267734,17,0,37 43 44 47,1,21,,267735,27,0,43 44 47,1,24,,267736,17,0,37 43 44 47,1,75,,267737,25,0,5 43 44 47,1,100,,267738,25,0,5 43 44 47,1,1630,,267742,25,0,7 43 44 47,1,98,,267743,27,0,16 17 9,1,95,,267744,27,0,16 17 9,1
3101,'20260923',643,,267745,17,0,37 43 44 47,1,60,,267746,17,0,37 43 44 47,1,21,,267747,27,0,43 44 47,1,24,,267748,17,0,37 43 44 47,1,75,,267749,25,0,5 43 44 47,1,100,,267750,25,0,5 43 44 47,1,1630,,267754,25,0,7 43 44 47,1,98,,267755,27,0,16 17 9,1,95,,267756,27,0,16 17 9,1
3101,'20260924',643,,267757,17,0,37 43 44 47,1,60,,267758,17,0,37 43 44 47,1,21,,267759,27,0,43 44 47,1,24,,267760,17,0,37 43 44 47,1,75,,267761,25,0,5 43 44 47,1,100,,267762,25,0,5 43 44 47,1,1630,,267766,25,0,7 43 44 47,1,98,,267767,27,0,16 17 9,1,95,,267768,27,0,16 17 9,1
3101,'20260925',643,,267769,17,0,37 43 44 47,1,60,,267770,17,0,37 43 44 47,1,21,,267771,27,0,43 44 47,1,24,,267772,17,0,37 43 44 47,1,75,,267773,25,0,5 43 44 47,1,100,,267774,25,0,5 43 44 47,1,1630,,267778,25,0,7 43 44 47,1,98,,267779,27,0,16 17 9,1,95,,267780,27,0,16 17 9,1
3101,'20260926',904,,267781,25,0,7 43 44 47,1,1720,,267785,27,0,16 17 9,1,95,,267787,27,0,16 17 9,1,30,,267788,27,0,16 17 9,1
3101,'20260927',904,,267789,25,0,7 43 44 47,1,1845,,267794,27,0,16 17 9,1
3101,'20260928',643,,267795,17,0,37 43 44 47,1,60,,267796,17,0,37 43 44 47,1,21,,267797,27,0,43 44 47,1,24,,267798,17,0,37 43 44 47,1,75,,267799,25,0,5 43 44 47,1,100,,267800,25,0,5 43 44 47,1,1630,,267804,25,0,7 43 44 47,1,98,,267805,27,0,16 17 9,1,95,,267806,27,0,16 17 9,1
3101,'20260929',643,,267807,17,0,37 43 44 47,1,60,,267808,17,0,37 43 44 47,1,21,,267809,27,0,43 44 47,1,24,,267810,17,0,37 43 44 47,1,75,,267811,25,0,5 43 44 47,1,100,,267812,25,0,5 43 44 47,1,1630,,267816,25,0,7 43 44 47,1,98,,267817,27,0,16 17 9,1,95,,267818,27,0,16 17 9,1
3101,'20260930',643,,267819,17,0,37 43 44 47,1,60,,267820,17,0,37 43 44 47,1,21,,267821,27,0,43 44 47,1,24,,267822,17,0,37 43 44 47,1,75,,267823,25,0,5 43 44 47,1,100,,267824,25,0,5 43 44 47,1,1630,,267828,25,0,7 43 44 47,1,98,,267829,27,0,16 17 9,1,95,,267830,27,0,16 17 9,1
3101,'20261001',643,,267831,17,0,37 43 44 47,1,60,,267832,17,0,37 43 44 47,1,21,,267833,27,0,43 44 47,1,24,,267834,17,0,37 43 44 47,1,75,,267835,25,0,5 43 44 47,1,100,,267836,25,0,5 43 44 47,1,1630,,267840,25,0,7 43 44 47,1,98,,267841,27,0,16 17 9,1,95,,267842,27,0,16 17 9,1
3101,'20261002',643,,267843,17,0,37 43 44 47,1,60,,267844,17,0,37 43 44 47,1,21,,267845,27,0,43 44 47,1,24,,267846,17,0,37 43 44 47,1,75,,267847,25,0,5 43 44 47,1,100,,267848,25,0,5 43 44 47,1,1630,,267852,25,0,7 43 44 47,1,98,,267853,27,0,16 17 9,1,95,,267854,27,0,16 17 9,1
3101,'20261003',904,,267855,25,0,7 43 44 47,1,1720,,267859,27,0,16 17 9,1,95,,267861,27,0,16 17 9,1,30,,267862,27,0,16 17 9,1
3101,'20261004',904,,267863,25,0,7 43 44 47,1,1845,,267868,27,0,16 17 9,1
3101,'20261005',643,,267869,17,0,37 43 44 47,1,60,,267870,17,0,37 43 44 47,1,21,,267871,27,0,43 44 47,1,24,,267872,17,0,37 43 44 47,1,75,,267873,25,0,5 43 44 47,1,100,,267874,25,0,5 43 44 47,1,1630,,267878,25,0,7 43 44 47,1,98,,267879,27,0,16 17 9,1,95,,267880,27,0,16 17 9,1
3101,'20261006',643,,267881,17,0,37 43 44 47,1,60,,267882,17,0,37 43 44 47,1,21,,267883,27,0,43 44 47,1,24,,267884,17,0,37 43 44 47,1,75,,267885,25,0,5 43 44 47,1,100,,267886,25,0,5 43 44 47,1,1630,,267890,25,0,7 43 44 47,1,98,,267891,27,0,16 17 9,1,95,,267892,27,0,16 17 9,1
3101,'20261007',643,,267893,17,0,37 43 44 47,1,60,,267894,17,0,37 43 44 47,1,21,,267895,27,0,43 44 47,1,24,,267896,17,0,37 43 44 47,1,75,,267897,25,0,5 43 44 47,1,100,,267898,25,0,5 43 44 47,1,1630,,267902,25,0,7 43 44 47,1,98,,267903,27,0,16 17 9,1,95,,267904,27,0,16 17 9,1
3101,'20261008',643,,267905,17,0,37 43 44 47,1,60,,267906,17,0,37 43 44 47,1,21,,267907,27,0,43 44 47,1,24,,267908,17,0,37 43 44 47,1,75,,267909,25,0,5 43 44 47,1,100,,267910,25,0,5 43 44 47,1,1630,,267914,25,0,7 43 44 47,1,98,,267915,27,0,16 17 9,1,95,,267916,27,0,16 17 9,1
3101,'20261009',643,,267917,17,0,37 43 44 47,1,60,,267918,17,0,37 43 44 47,1,21,,267919,27,0,43 44 47,1,24,,267920,17,0,37 43 44 47,1,75,,267921,25,0,5 43 44 47,1,100,,267922,25,0,5 43 44 47,1,1630,,267926,25,0,7 43 44 47,1,98,,267927,27,0,16 17 9,1,95,,267928,27,0,16 17 9,1
3101,'20261010',904,,267929,25,0,7 43 44 47,1,1720,,267933,27,0,16 17 9,1,95,,267935,27,0,16 17 9,1,30,,267936,27,0,16 17 9,1
3101,'20261011',904,,267937,25,0,7 43 44 47,1,1845,,267942,27,0,16 17 9,1
3101,'20261012',904,,267943,25,0,7 43 44 47,1,1720,,267947,27,0,16 17 9,1,95,,267949,27,0,16 17 9,1,30,,267950,27,0,16 17 9,1
3101,'20261013',643,,267951,17,0,37 43 44 47,1,60,,267952,17,0,37 43 44 47,1,21,,267953,27,0,43 44 47,1,24,,267954,17,0,37 43 44 47,1,75,,267955,25,0,5 43 44 47,1,100,,267956,25,0,5 43 44 47,1,1630,,267960,25,0,7 43 44 47,1,98,,267961,27,0,16 17 9,1,95,,267962,27,0,16 17 9,1
3101,'20261014',643,,267963,17,0,37 43 44 47,1,60,,267964,17,0,37 43 44 47,1,21,,267965,27,0,43 44 47,1,24,,267966,17,0,37 43 44 47,1,75,,267967,25,0,5 43 44 47,1,100,,267968,25,0,5 43 44 47,1,1630,,267972,25,0,7 43 44 47,1,98,,267973,27,0,16 17 9,1,95,,267974,27,0,16 17 9,1
3101,'20261015',643,,267975,17,0,37 43 44 47,1,60,,267976,17,0,37 43 44 47,1,21,,267977,27,0,43 44 47,1,24,,267978,17,0,37 43 44 47,1,75,,267979,25,0,5 43 44 47,1,100,,267980,25,0,5 43 44 47,1,1630,,267984,25,0,7 43 44 47,1,98,,267985,27,0,16 17 9,1,95,,267986,27,0,16 17 9,1
3101,'20261016',643,,267987,17,0,37 43 44 47,1,60,,267988,17,0,37 43 44 47,1,21,,267989,27,0,43 44 47,1,24,,267990,17,0,37 43 44 47,1,75,,267991,25,0,5 43 44 47,1,100,,267992,25,0,5 43 44 47,1,1630,,267996,25,0,7 43 44 47,1,98,,267997,27,0,16 17 9,1,95,,267998,27,0,16 17 9,1
3101,'20261017',904,,267999,25,0,7 43 44 47,1,1720,,268003,27,0,16 17 9,1,95,,268005,27,0,16 17 9,1,30,,268006,27,0,16 17 9,1
3101,'20261018',904,,268007,25,0,7 43 44 47,1,1845,,268012,27,0,16 17 9,1
3101,'20261019',643,,268013,17,0,37 43 44 47,1,60,,268014,17,0,37 43 44 47,1,21,,268015,27,0,43 44 47,1,24,,268016,17,0,37 43 44 47,1,75,,268017,25,0,5 43 44 47,1,100,,268018,25,0,5 43 44 47,1,1630,,268022,25,0,7 43 44 47,1,98,,268023,27,0,16 17 9,1,95,,268024,27,0,16 17 9,1
3101,'20261020',643,,268025,17,0,37 43 44 47,1,60,,268026,17,0,37 43 44 47,1,21,,268027,27,0,43 44 47,1,24,,268028,17,0,37 43 44 47,1,75,,268029,25,0,5 43 44 47,1,100,,268030,25,0,5 43 44 47,1,1630,,268034,25,0,7 43 44 47,1,98,,268035,27,0,16 17 9,1,95,,268036,27,0,16 17 9,1
3101,'20261021',643,,268037,17,0,37 43 44 47,1,60,,268038,17,0,37 43 44 47,1,21,,268039,27,0,43 44 47,1,24,,268040,17,0,37 43 44 47,1,75,,268041,25,0,5 43 44 47,1,100,,268042,25,0,5 43 44 47,1,1630,,268046,25,0,7 43 44 47,1,98,,268047,27,0,16 17 9,1,95,,268048,27,0,16 17 9,1
3101,'20261022',643,,268049,17,0,37 43 44 47,1,60,,268050,17,0,37 43 44 47,1,21,,268051,27,0,43 44 47,1,24,,268052,17,0,37 43 44 47,1,75,,268053,25,0,5 43 44 47,1,100,,268054,25,0,5 43 44 47,1,1630,,268058,25,0,7 43 44 47,1,98,,268059,27,0,16 17 9,1,95,,268060,27,0,16 17 9,1
3101,'20261023',643,,268061,17,0,37 43 44 47,1,60,,268062,17,0,37 43 44 47,1,21,,268063,27,0,43 44 47,1,24,,268064,17,0,37 43 44 47,1,75,,268065,25,0,5 43 44 47,1,100,,268066,25,0,5 43 44 47,1,1630,,268070,25,0,7 43 44 47,1,98,,268071,27,0,16 17 9,1,95,,268072,27,0,16 17 9,1
3101,'20261024',904,,268073,25,0,7 43 44 47,1,1720,,268077,27,0,16 17 9,1,95,,268079,27,0,16 17 9,1,30,,268080,27,0,16 17 9,1
3101,'20261025',904,,268081,25,0,7 43 44 47,1,1845,,268086,27,0,16 17 9,1
3101,'20261026',643,,268087,17,0,37 43 44 47,1,60,,268088,17,0,37 43 44 47,1,21,,268089,27,0,43 44 47,1,24,,268090,17,0,37 43 44 47,1,75,,268091,25,0,5 43 44 47,1,100,,268092,25,0,5 43 44 47,1,1630,,268096,25,0,7 43 44 47,1,98,,268097,27,0,16 17 9,1,95,,268098,27,0,16 17 9,1
3101,'20261027',643,,268099,17,0,37 43 44 47,1,60,,268100,17,0,37 43 44 47,1,21,,268101,27,0,43 44 47,1,24,,268102,17,0,37 43 44 47,1,75,,268103,25,0,5 43 44 47,1,100,,268104,25,0,5 43 44 47,1,1630,,268108,25,0,7 43 44 47,1,98,,268109,27,0,16 17 9,1,95,,268110,27,0,16 17 9,1
3101,'20261028',643,,268111,17,0,37 43 44 47,1,60,,268112,17,0,37 43 44 47,1,21,,268113,27,0,43 44 47,1,24,,268114,17,0,37 43 44 47,1,75,,268115,25,0,5 43 44 47,1,100,,268116,25,0,5 43 44 47,1,1630,,268120,25,0,7 43 44 47,1,98,,268121,27,0,16 17 9,1,95,,268122,27,0,16 17 9,1
3101,'20261029',643,,268123,17,0,37 43 44 47,1,60,,268124,17,0,37 43 44 47,1,21,,268125,27,0,43 44 47,1,24,,268126,17,0,37 43 44 47,1,75,,268127,25,0,5 43 44 47,1,100,,268128,25,0,5 43 44 47,1,1630,,268132,25,0,7 43 44 47,1,98,,268133,27,0,16 17 9,1,95,,268134,27,0,16 17 9,1
3101,'20261030',643,,268135,17,0,37 43 44 47,1,60,,268136,17,0,37 43 44 47,1,21,,268137,27,0,43 44 47,1,24,,268138,17,0,37 43 44 47,1,75,,268139,25,0,5 43 44 47,1,100,,268140,25,0,5 43 44 47,1,1630,,268144,25,0,7 43 44 47,1,98,,268145,27,0,16 17 9,1,95,,268146,27,0,16 17 9,1
3101,'20261031',904,,268147,25,0,7 43 44 47,1,1720,,268151,27,0,16 17 9,1,95,,268153,27,0,16 17 9,1,30,,268154,27,0,16 17 9,1
3101,'20261101',904,,268155,25,0,7 43 44 47,1,1845,,268160,27,0,16 17 9,1
3101,'20261102',643,,268161,17,0,37 43 44 47,1,60,,268162,17,0,37 43 44 47,1,21,,268163,27,0,43 44 47,1,24,,268164,17,0,37 43 44 47,1,75,,268165,25,0,5 43 44 47,1,100,,268166,25,0,5 43 44 47,1,1630,,268170,25,0,7 43 44 47,1,98,,268171,27,0,16 17 9,1,95,,268172,27,0,16 17 9,1
3101,'20261103',643,,268173,17,0,37 43 44 47,1,60,,268174,17,0,37 43 44 47,1,21,,268175,27,0,43 44 47,1,24,,268176,17,0,37 43 44 47,1,75,,268177,25,0,5 43 44 47,1,100,,268178,25,0,5 43 44 47,1,1630,,268182,25,0,7 43 44 47,1,98,,268183,27,0,16 17 9,1,95,,268184,27,0,16 17 9,1
3101,'20261104',643,,268185,17,0,37 43 44 47,1,60,,268186,17,0,37 43 44 47,1,21,,268187,27,0,43 44 47,1,24,,268188,17,0,37 43 44 47,1,75,,268189,25,0,5 43 44 47,1,100,,268190,25,0,5 43 44 47,1,1630,,268194,25,0,7 43 44 47,1,98,,268195,27,0,16 17 9,1,95,,268196,27,0,16 17 9,1
3101,'20261105',643,,268197,17,0,37 43 44 47,1,60,,268198,17,0,37 43 44 47,1,21,,268199,27,0,43 44 47,1,24,,268200,17,0,37 43 44 47,1,75,,268201,25,0,5 43 44 47,1,100,,268202,25,0,5 43 44 47,1,1630,,268206,25,0,7 43 44 47,1,98,,268207,27,0,16 17 9,1,95,,268208,27,0,16 17 9,1
3101,'20261106',643,,268209,17,0,37 43 44 47,1,60,,268210,17,0,37 43 44 47,1,21,,268211,27,0,43 44 47,1,24,,268212,17,0,37 43 44 47,1,75,,268213,25,0,5 43 44 47,1,100,,268214,25,0,5 43 44 47,1,1630,,268218,25,0,7 43 44 47,1,98,,268219,27,0,16 17 9,1,95,,268220,27,0,16 17 9,1
3101,'20261107',904,,268221,25,0,7 43 44 47,1,1720,,268225,27,0,16 17 9,1,95,,268227,27,0,16 17 9,1,30,,268228,27,0,16 17 9,1
3101,'20261108',904,,268229,25,0,7 43 44 47,1,1845,,268234,27,0,16 17 9,1
3101,'20261109',643,,268235,17,0,37 43 44 47,1,60,,268236,17,0,37 43 44 47,1,21,,268237,27,0,43 44 47,1,24,,268238,17,0,37 43 44 47,1,75,,268239,25,0,5 43 44 47,1,100,,268240,25,0,5 43 44 47,1,1630,,268244,25,0,7 43 44 47,1,98,,268245,27,0,16 17 9,1,95,,268246,27,0,16 17 9,1
3101,'20261110',643,,268247,17,0,37 43 44 47,1,60,,268248,17,0,37 43 44 47,1,21,,268249,27,0,43 44 47,1,24,,268250,17,0,37 43 44 47,1,75,,268251,25,0,5 43 44 47,1,100,,268252,25,0,5 43 44 47,1,1630,,268256,25,0,7 43 44 47,1,98,,268257,27,0,16 17 9,1,95,,268258,27,0,16 17 9,1
3101,'20261111',643,,268259,17,0,37 43 44 47,1,60,,268260,17,0,37 43 44 47,1,21,,268261,27,0,43 44 47,1,24,,268262,17,0,37 43 44 47,1,75,,268263,25,0,5 43 44 47,1,100,,268264,25,0,5 43 44 47,1,1630,,268268,25,0,7 43 44 47,1,98,,268269,27,0,16 17 9,1,95,,268270,27,0,16 17 9,1
3101,'20261112',643,,268271,17,0,37 43 44 47,1,60,,268272,17,0,37 43 44 47,1,21,,268273,27,0,43 44 47,1,24,,268274,17,0,37 43 44 47,1,75,,268275,25,0,5 43 44 47,1,100,,268276,25,0,5 43 44 47,1,1630,,268280,25,0,7 43 44 47,1,98,,268281,27,0,16 17 9,1,95,,268282,27,0,16 17 9,1
3101,'20261113',643,,268283,17,0,37 43 44 47,1,60,,268284,17,0,37 43 44 47,1,21,,268285,27,0,43 44 47,1,24,,268286,17,0,37 43 44 47,1,75,,268287,25,0,5 43 44 47,1,100,,268288,25,0,5 43 44 47,1,1630,,268292,25,0,7 43 44 47,1,98,,268293,27,0,16 17 9,1,95,,268294,27,0,16 17 9,1
3101,'20261114',904,,268295,25,0,7 43 44 47,1,1720,,268299,27,0,16 17 9,1,95,,268301,27,0,16 17 9,1,30,,268302,27,0,16 17 9,1
3101,'20261115',904,,268303,25,0,7 43 44 47,1,1845,,268308,27,0,16 17 9,1
3101,'20261116',643,,268309,17,0,37 43 44 47,1,60,,268310,17,0,37 43 44 47,1,21,,268311,27,0,43 44 47,1,24,,268312,17,0,37 43 44 47,1,75,,268313,25,0,5 43 44 47,1,100,,268314,25,0,5 43 44 47,1,1630,,268318,25,0,7 43 44 47,1,98,,268319,27,0,16 17 9,1,95,,268320,27,0,16 17 9,1
3101,'20261117',643,,268321,17,0,37 43 44 47,1,60,,268322,17,0,37 43 44 47,1,21,,268323,27,0,43 44 47,1,24,,268324,17,0,37 43 44 47,1,75,,268325,25,0,5 43 44 47,1,100,,268326,25,0,5 43 44 47,1,1630,,268330,25,0,7 43 44 47,1,98,,268331,27,0,16 17 9,1,95,,268332,27,0,16 17 9,1
3101,'20261118',643,,268333,17,0,37 43 44 47,1,60,,268334,17,0,37 43 44 47,1,21,,268335,27,0,43 44 47,1,24,,268336,17,0,37 43 44 47,1,75,,268337,25,0,5 43 44 47,1,100,,268338,25,0,5 43 44 47,1,1630,,268342,25,0,7 43 44 47,1,98,,268343,27,0,16 17 9,1,95,,268344,27,0,16 17 9,1
3101,'20261119',643,,268345,17,0,37 43 44 47,1,60,,268346,17,0,37 43 44 47,1,21,,268347,27,0,43 44 47,1,24,,268348,17,0,37 43 44 47,1,75,,268349,25,0,5 43 44 47,1,100,,268350,25,0,5 43 44 47,1,1630,,268354,25,0,7 43 44 47,1,98,,268355,27,0,16 17 9,1,95,,268356,27,0,16 17 9,1
3101,'20261120',643,,268357,17,0,37 43 44 47,1,60,,268358,17,0,37 43 44 47,1,21,,268359,27,0,43 44 47,1,24,,268360,17,0,37 43 44 47,1,75,,268361,25,0,5 43 44 47,1,100,,268362,25,0,5 43 44 47,1,1630,,268366,25,0,7 43 44 47,1,98,,268367,27,0,16 17 9,1,95,,268368,27,0,16 17 9,1
3101,'20261121',904,,268369,25,0,7 43 44 47,1,1720,,268373,27,0,16 17 9,1,95,,268375,27,0,16 17 9,1,30,,268376,27,0,16 17 9,1
3101,'20261122',904,,268377,25,0,7 43 44 47,1,1845,,268382,27,0,16 17 9,1
3101,'20261123',643,,268383,17,0,37 43 44 47,1,60,,268384,17,0,37 43 44 47,1,21,,268385,27,0,43 44 47,1,24,,268386,17,0,37 43 44 47,1,75,,268387,25,0,5 43 44 47,1,100,,268388,25,0,5 43 44 47,1,1630,,268392,25,0,7 43 44 47,1,98,,268393,27,0,16 17 9,1,95,,268394,27,0,16 17 9,1
3101,'20261124',643,,268395,17,0,37 43 44 47,1,60,,268396,17,0,37 43 44 47,1,21,,268397,27,0,43 44 47,1,24,,268398,17,0,37 43 44 47,1,75,,268399,25,0,5 43 44 47,1,100,,268400,25,0,5 43 44 47,1,1630,,268404,25,0,7 43 44 47,1,98,,268405,27,0,16 17 9,1,95,,268406,27,0,16 17 9,1
3101,'20261125',643,,268407,17,0,37 43 44 47,1,60,,268408,17,0,37 43 44 47,1,21,,268409,27,0,43 44 47,1,24,,268410,17,0,37 43 44 47,1,75,,268411,25,0,5 43 44 47,1,100,,268412,25,0,5 43 44 47,1,1630,,268416,25,0,7 43 44 47,1,98,,268417,27,0,16 17 9,1,95,,268418,27,0,16 17 9,1
3101,'20261126',643,,268419,17,0,37 43 44 47,1,60,,268420,17,0,37 43 44 47,1,21,,268421,27,0,43 44 47,1,24,,268422,17,0,37 43 44 47,1,75,,268423,25,0,5 43 44 47,1,100,,268424,25,0,5 43 44 47,1,1630,,268428,25,0,7 43 44 47,1,98,,268429,27,0,16 17 9,1,95,,268430,27,0,16 17 9,1
3101,'20261127',643,,268431,17,0,37 43 44 47,1,60,,268432,17,0,37 43 44 47,1,21,,268433,27,0,43 44 47,1,24,,268434,17,0,37 43 44 47,1,75,,268435,25,0,5 43 44 47,1,100,,268436,25,0,5 43 44 47,1,1630,,268440,25,0,7 43 44 47,1,98,,268441,27,0,16 17 9,1,95,,268442,27,0,16 17 9,1
3301,'20260831',1002,,172585,29,,,1,100,,172586,29,,,1,100,,172587,29,,,1,102,,172588,29,,,1,107,,172589,29,,,1,103,,172590,29,,,1,103,,172592,29,,,1,95,,172594,29,0,16 17 9,1,17,,172595,29,,,1,92,,172597,29,,,1,34,,172599,29,0,16 17 9,1,67,,172601,29,0,16 17 9,1,92,,172604,29,,,1,93,,172606,29,0,16 17 9,1,52,,172608,29,,,1,99,,172610,29,0,16 17 9,1,91,,172612,29,,,1,100,,172613,29,0,16 17 9,1
3301,'20260901',1002,,172617,29,,,1,100,,172618,29,,,1,100,,172619,29,,,1,102,,172620,29,,,1,107,,172621,29,,,1,103,,172622,29,,,1,103,,172624,29,,,1,95,,172626,29,0,16 17 9,1,17,,172627,29,,,1,92,,172629,29,,,1,34,,172631,29,0,16 17 9,1,67,,172633,29,0,16 17 9,1,92,,172636,29,,,1,93,,172638,29,0,16 17 9,1,52,,172640,29,,,1,99,,172642,29,0,16 17 9,1,91,,172644,29,,,1,100,,172645,29,0,16 17 9,1
3301,'20260902',1002,,172649,29,,,1,100,,172650,29,,,1,100,,172651,29,,,1,102,,172652,29,,,1,107,,172653,29,,,1,103,,172654,29,,,1,103,,172656,29,,,1,95,,172658,29,0,16 17 9,1,17,,172659,29,,,1,92,,172661,29,,,1,34,,172663,29,0,16 17 9,1,67,,172665,29,0,16 17 9,1,92,,172668,29,,,1,93,,172670,29,0,16 17 9,1,52,,172672,29,,,1,99,,172674,29,0,16 17 9,1,91,,172676,29,,,1,100,,172677,29,0,16 17 9,1
3301,'20260903',1002,,172681,29,,,1,100,,172682,29,,,1,100,,172683,29,,,1,102,,172684,29,,,1,107,,172685,29,,,1,103,,172686,29,,,1,103,,172688,29,,,1,95,,172690,29,0,16 17 9,1,17,,172691,29,,,1,92,,172693,29,,,1,34,,172695,29,0,16 17 9,1,67,,172697,29,0,16 17 9,1,92,,172700,29,,,1,93,,172702,29,0,16 17 9,1,52,,172704,29,,,1,99,,172706,29,0,16 17 9,1,91,,172708,29,,,1,100,,172709,29,0,16 17 9,1
3301,'20260904',1002,,172713,29,,,1,100,,172714,29,,,1,100,,172715,29,,,1,102,,172716,29,,,1,107,,172717,29,,,1,103,,172718,29,,,1,103,,172720,29,,,1,95,,172722,29,0,16 17 9,1,17,,172723,29,,,1,92,,172725,29,,,1,34,,172727,29,0,16 17 9,1,67,,172729,29,0,16 17 9,1,92,,172732,29,,,1,93,,172734,29,0,16 17 9,1,52,,172736,29,,,1,99,,172738,29,0,16 17 9,1,91,,172740,29,,,1,100,,172741,29,0,16 17 9,1
3301,'20260905',958,,273137,10,0,53 17 9,1,143,,273138,29,,,1,100,,273139,10,0,53 17 9,1,103,,273140,29,,,1,97,,273141,10,0,53 17 9,1,100,,273142,29,,,1,100,,273143,10,0,53 17 9,1,100,,273144,29,,,1,158,,273145,29,,,1,200,,273146,29,,,1,199,,273147,29,,,1,201,,273148,29,,,1
3301,'20260906',958,,273149,10,0,53 17 9,1,143,,273150,29,,,1,100,,273151,10,0,53 17 9,1,103,,273152,29,,,1,97,,273153,10,0,53 17 9,1,100,,273154,29,,,1,100,,273155,10,0,53 17 9,1,100,,273156,29,,,1,158,,273157,29,,,1,200,,273158,29,,,1,199,,273159,29,,,1,201,,273160,29,,,1
3301,'20260907',958,,273161,10,0,53 17 9,1,143,,273162,29,,,1,100,,273163,10,0,53 17 9,1,103,,273164,29,,,1,97,,273165,10,0,53 17 9,1,100,,273166,29,,,1,100,,273167,10,0,53 17 9,1,100,,273168,29,,,1,158,,273169,29,,,1,200,,273170,29,,,1,199,,273171,29,,,1,201,,273172,29,,,1
3301,'20260908',1002,,273175,29,,,1,100,,273176,29,,,1,100,,273177,29,,,1,102,,273178,29,,,1,107,,273179,29,,,1,103,,273180,29,,,1,103,,273182,29,,,1,95,,273184,29,0,16 17 9,1,17,,273185,29,,,1,92,,273187,29,,,1,34,,273189,29,0,16 17 9,1,67,,273191,29,0,16 17 9,1,92,,273194,29,,,1,93,,273196,29,0,16 17 9,1,52,,273198,29,,,1,99,,273200,29,0,16 17 9,1,91,,273202,29,,,1,100,,273203,29,0,16 17 9,1
3301,'20260909',1002,,273207,29,,,1,100,,273208,29,,,1,100,,273209,29,,,1,102,,273210,29,,,1,107,,273211,29,,,1,103,,273212,29,,,1,103,,273214,29,,,1,95,,273216,29,0,16 17 9,1,17,,273217,29,,,1,92,,273219,29,,,1,34,,273221,29,0,16 17 9,1,67,,273223,29,0,16 17 9,1,92,,273226,29,,,1,93,,273228,29,0,16 17 9,1,52,,273230,29,,,1,99,,273232,29,0,16 17 9,1,91,,273234,29,,,1,100,,273235,29,0,16 17 9,1
3301,'20260910',1002,,273239,29,,,1,100,,273240,29,,,1,100,,273241,29,,,1,102,,273242,29,,,1,107,,273243,29,,,1,103,,273244,29,,,1,103,,273246,29,,,1,95,,273248,29,0,16 17 9,1,17,,273249,29,,,1,92,,273251,29,,,1,34,,273253,29,0,16 17 9,1,67,,273255,29,0,16 17 9,1,92,,273258,29,,,1,93,,273260,29,0,16 17 9,1,52,,273262,29,,,1,99,,273264,29,0,16 17 9,1,91,,273266,29,,,1,100,,273267,29,0,16 17 9,1
3301,'20260911',1002,,273271,29,,,1,100,,273272,29,,,1,100,,273273,29,,,1,102,,273274,29,,,1,107,,273275,29,,,1,103,,273276,29,,,1,103,,273278,29,,,1,95,,273280,29,0,16 17 9,1,17,,273281,29,,,1,92,,273283,29,,,1,34,,273285,29,0,16 17 9,1,67,,273287,29,0,16 17 9,1,92,,273290,29,,,1,93,,273292,29,0,16 17 9,1,52,,273294,29,,,1,99,,273296,29,0,16 17 9,1,91,,273298,29,,,1,100,,273299,29,0,16 17 9,1
3301,'20260912',958,,273301,10,0,53 17 9,1,143,,273302,29,,,1,100,,273303,10,0,53 17 9,1,103,,273304,29,,,1,97,,273305,10,0,53 17 9,1,100,,273306,29,,,1,100,,273307,10,0,53 17 9,1,100,,273308,29,,,1,158,,273309,29,,,1,200,,273310,29,,,1,199,,273311,29,,,1,201,,273312,29,,,1
3301,'20260913',958,,273313,10,0,53 17 9,1,143,,273314,29,,,1,100,,273315,10,0,53 17 9,1,103,,273316,29,,,1,97,,273317,10,0,53 17 9,1,100,,273318,29,,,1,100,,273319,10,0,53 17 9,1,100,,273320,29,,,1,158,,273321,29,,,1,200,,273322,29,,,1,199,,273323,29,,,1,201,,273324,29,,,1
3301,'20260914',1002,,273327,29,,,1,100,,273328,29,,,1,100,,273329,29,,,1,102,,273330,29,,,1,107,,273331,29,,,1,103,,273332,29,,,1,103,,273334,29,,,1,95,,273336,29,0,16 17 9,1,17,,273337,29,,,1,92,,273339,29,,,1,34,,273341,29,0,16 17 9,1,67,,273343,29,0,16 17 9,1,92,,273346,29,,,1,93,,273348,29,0,16 17 9,1,52,,273350,29,,,1,99,,273352,29,0,16 17 9,1,91,,273354,29,,,1,100,,273355,29,0,16 17 9,1
3301,'20260915',1002,,273359,29,,,1,100,,273360,29,,,1,100,,273361,29,,,1,102,,273362,29,,,1,107,,273363,29,,,1,103,,273364,29,,,1,103,,273366,29,,,1,95,,273368,29,0,16 17 9,1,17,,273369,29,,,1,92,,273371,29,,,1,34,,273373,29,0,16 17 9,1,67,,273375,29,0,16 17 9,1,92,,273378,29,,,1,93,,273380,29,0,16 17 9,1,52,,273382,29,,,1,99,,273384,29,0,16 17 9,1,91,,273386,29,,,1,100,,273387,29,0,16 17 9,1
3301,'20260916',1002,,273391,29,,,1,100,,273392,29,,,1,100,,273393,29,,,1,102,,273394,29,,,1,107,,273395,29,,,1,103,,273396,29,,,1,103,,273398,29,,,1,95,,273400,29,0,16 17 9,1,17,,273401,29,,,1,92,,273403,29,,,1,34,,273405,29,0,16 17 9,1,67,,273407,29,0,16 17 9,1,92,,273410,29,,,1,93,,273412,29,0,16 17 9,1,52,,273414,29,,,1,99,,273416,29,0,16 17 9,1,91,,273418,29,,,1,100,,273419,29,0,16 17 9,1
3301,'20260917',1002,,273423,29,,,1,100,,273424,29,,,1,100,,273425,29,,,1,102,,273426,29,,,1,107,,273427,29,,,1,103,,273428,29,,,1,103,,273430,29,,,1,95,,273432,29,0,16 17 9,1,17,,273433,29,,,1,92,,273435,29,,,1,34,,273437,29,0,16 17 9,1,67,,273439,29,0,16 17 9,1,92,,273442,29,,,1,93,,273444,29,0,16 17 9,1,52,,273446,29,,,1,99,,273448,29,0,16 17 9,1,91,,273450,29,,,1,100,,273451,29,0,16 17 9,1
3301,'20260918',1002,,273455,29,,,1,100,,273456,29,,,1,100,,273457,29,,,1,102,,273458,29,,,1,107,,273459,29,,,1,103,,273460,29,,,1,103,,273462,29,,,1,95,,273464,29,0,16 17 9,1,17,,273465,29,,,1,92,,273467,29,,,1,34,,273469,29,0,16 17 9,1,67,,273471,29,0,16 17 9,1,92,,273474,29,,,1,93,,273476,29,0,16 17 9,1,52,,273478,29,,,1,99,,273480,29,0,16 17 9,1,91,,273482,29,,,1,100,,273483,29,0,16 17 9,1
3301,'20260919',958,,273485,10,0,53 17 9,1,143,,273486,29,,,1,100,,273487,10,0,53 17 9,1,103,,273488,29,,,1,97,,273489,10,0,53 17 9,1,100,,273490,29,,,1,100,,273491,10,0,53 17 9,1,100,,273492,29,,,1,158,,273493,29,,,1,200,,273494,29,,,1,199,,273495,29,,,1,201,,273496,29,,,1
3301,'20260920',958,,273497,10,0,53 17 9,1,143,,273498,29,,,1,100,,273499,10,0,53 17 9,1,103,,273500,29,,,1,97,,273501,10,0,53 17 9,1,100,,273502,29,,,1,100,,273503,10,0,53 17 9,1,100,,273504,29,,,1,158,,273505,29,,,1,200,,273506,29,,,1,199,,273507,29,,,1,201,,273508,29,,,1
3301,'20260921',1002,,273511,29,,,1,100,,273512,29,,,1,100,,273513,29,,,1,102,,273514,29,,,1,107,,273515,29,,,1,103,,273516,29,,,1,103,,273518,29,,,1,95,,273520,29,0,16 17 9,1,17,,273521,29,,,1,92,,273523,29,,,1,34,,273525,29,0,16 17 9,1,67,,273527,29,0,16 17 9,1,92,,273530,29,,,1,93,,273532,29,0,16 17 9,1,52,,273534,29,,,1,99,,273536,29,0,16 17 9,1,91,,273538,29,,,1,100,,273539,29,0,16 17 9,1
3301,'20260922',1002,,273543,29,,,1,100,,273544,29,,,1,100,,273545,29,,,1,102,,273546,29,,,1,107,,273547,29,,,1,103,,273548,29,,,1,103,,273550,29,,,1,95,,273552,29,0,16 17 9,1,17,,273553,29,,,1,92,,273555,29,,,1,34,,273557,29,0,16 17 9,1,67,,273559,29,0,16 17 9,1,92,,273562,29,,,1,93,,273564,29,0,16 17 9,1,52,,273566,29,,,1,99,,273568,29,0,16 17 9,1,91,,273570,29,,,1,100,,273571,29,0,16 17 9,1
3301,'20260923',1002,,273575,29,,,1,100,,273576,29,,,1,100,,273577,29,,,1,102,,273578,29,,,1,107,,273579,29,,,1,103,,273580,29,,,1,103,,273582,29,,,1,95,,273584,29,0,16 17 9,1,17,,273585,29,,,1,92,,273587,29,,,1,34,,273589,29,0,16 17 9,1,67,,273591,29,0,16 17 9,1,92,,273594,29,,,1,93,,273596,29,0,16 17 9,1,52,,273598,29,,,1,99,,273600,29,0,16 17 9,1,91,,273602,29,,,1,100,,273603,29,0,16 17 9,1
3301,'20260924',1002,,273607,29,,,1,100,,273608,29,,,1,100,,273609,29,,,1,102,,273610,29,,,1,107,,273611,29,,,1,103,,273612,29,,,1,103,,273614,29,,,1,95,,273616,29,0,16 17 9,1,17,,273617,29,,,1,92,,273619,29,,,1,34,,273621,29,0,16 17 9,1,67,,273623,29,0,16 17 9,1,92,,273626,29,,,1,93,,273628,29,0,16 17 9,1,52,,273630,29,,,1,99,,273632,29,0,16 17 9,1,91,,273634,29,,,1,100,,273635,29,0,16 17 9,1
3301,'20260925',1002,,273639,29,,,1,100,,273640,29,,,1,100,,273641,29,,,1,102,,273642,29,,,1,107,,273643,29,,,1,103,,273644,29,,,1,103,,273646,29,,,1,95,,273648,29,0,16 17 9,1,17,,273649,29,,,1,92,,273651,29,,,1,34,,273653,29,0,16 17 9,1,67,,273655,29,0,16 17 9,1,92,,273658,29,,,1,93,,273660,29,0,16 17 9,1,52,,273662,29,,,1,99,,273664,29,0,16 17 9,1,91,,273666,29,,,1,100,,273667,29,0,16 17 9,1
3301,'20260926',958,,273669,10,0,53 17 9,1,143,,273670,29,,,1,100,,273671,10,0,53 17 9,1,103,,273672,29,,,1,97,,273673,10,0,53 17 9,1,100,,273674,29,,,1,100,,273675,10,0,53 17 9,1,100,,273676,29,,,1,158,,273677,29,,,1,200,,273678,29,,,1,199,,273679,29,,,1,201,,273680,29,,,1
3301,'20260927',958,,273681,10,0,53 17 9,1,143,,273682,29,,,1,100,,273683,10,0,53 17 9,1,103,,273684,29,,,1,97,,273685,10,0,53 17 9,1,100,,273686,29,,,1,100,,273687,10,0,53 17 9,1,100,,273688,29,,,1,158,,273689,29,,,1,200,,273690,29,,,1,199,,273691,29,,,1,201,,273692,29,,,1
3301,'20260928',1002,,273695,29,,,1,100,,273696,29,,,1,100,,273697,29,,,1,102,,273698,29,,,1,107,,273699,29,,,1,103,,273700,29,,,1,103,,273702,29,,,1,95,,273704,29,0,16 17 9,1,17,,273705,29,,,1,92,,273707,29,,,1,34,,273709,29,0,16 17 9,1,67,,273711,29,0,16 17 9,1,92,,273714,29,,,1,93,,273716,29,0,16 17 9,1,52,,273718,29,,,1,99,,273720,29,0,16 17 9,1,91,,273722,29,,,1,100,,273723,29,0,16 17 9,1
3301,'20260929',1002,,273727,29,,,1,100,,273728,29,,,1,100,,273729,29,,,1,102,,273730,29,,,1,107,,273731,29,,,1,103,,273732,29,,,1,103,,273734,29,,,1,95,,273736,29,0,16 17 9,1,17,,273737,29,,,1,92,,273739,29,,,1,34,,273741,29,0,16 17 9,1,67,,273743,29,0,16 17 9,1,92,,273746,29,,,1,93,,273748,29,0,16 17 9,1,52,,273750,29,,,1,99,,273752,29,0,16 17 9,1,91,,273754,29,,,1,100,,273755,29,0,16 17 9,1
3301,'20260930',1002,,273759,29,,,1,100,,273760,29,,,1,100,,273761,29,,,1,102,,273762,29,,,1,107,,273763,29,,,1,103,,273764,29,,,1,103,,273766,29,,,1,95,,273768,29,0,16 17 9,1,17,,273769,29,,,1,92,,273771,29,,,1,34,,273773,29,0,16 17 9,1,67,,273775,29,0,16 17 9,1,92,,273778,29,,,1,93,,273780,29,0,16 17 9,1,52,,273782,29,,,1,99,,273784,29,0,16 17 9,1,91,,273786,29,,,1,100,,273787,29,0,16 17 9,1
3301,'20261001',1002,,273791,29,,,1,100,,273792,29,,,1,100,,273793,29,,,1,102,,273794,29,,,1,107,,273795,29,,,1,103,,273796,29,,,1,103,,273798,29,,,1,95,,273800,29,0,16 17 9,1,17,,273801,29,,,1,92,,273803,29,,,1,34,,273805,29,0,16 17 9,1,67,,273807,29,0,16 17 9,1,92,,273810,29,,,1,93,,273812,29,0,16 17 9,1,52,,273814,29,,,1,99,,273816,29,0,16 17 9,1,91,,273818,29,,,1,100,,273819,29,0,16 17 9,1
3301,'20261002',1002,,273823,29,,,1,100,,273824,29,,,1,100,,273825,29,,,1,102,,273826,29,,,1,107,,273827,29,,,1,103,,273828,29,,,1,103,,273830,29,,,1,95,,273832,29,0,16 17 9,1,17,,273833,29,,,1,92,,273835,29,,,1,34,,273837,29,0,16 17 9,1,67,,273839,29,0,16 17 9,1,92,,273842,29,,,1,93,,273844,29,0,16 17 9,1,52,,273846,29,,,1,99,,273848,29,0,16 17 9,1,91,,273850,29,,,1,100,,273851,29,0,16 17 9,1
3301,'20261003',958,,273853,10,0,53 17 9,1,143,,273854,29,,,1,100,,273855,10,0,53 17 9,1,103,,273856,29,,,1,97,,273857,10,0,53 17 9,1,100,,273858,29,,,1,100,,273859,10,0,53 17 9,1,100,,273860,29,,,1,158,,273861,29,,,1,200,,273862,29,,,1,199,,273863,29,,,1,201,,273864,29,,,1
3301,'20261004',958,,273865,10,0,53 17 9,1,143,,273866,29,,,1,100,,273867,10,0,53 17 9,1,103,,273868,29,,,1,97,,273869,10,0,53 17 9,1,100,,273870,29,,,1,100,,273871,10,0,53 17 9,1,100,,273872,29,,,1,158,,273873,29,,,1,200,,273874,29,,,1,199,,273875,29,,,1,201,,273876,29,,,1
3301,'20261005',1002,,273879,29,,,1,100,,273880,29,,,1,100,,273881,29,,,1,102,,273882,29,,,1,107,,273883,29,,,1,103,,273884,29,,,1,103,,273886,29,,,1,95,,273888,29,0,16 17 9,1,17,,273889,29,,,1,92,,273891,29,,,1,34,,273893,29,0,16 17 9,1,67,,273895,29,0,16 17 9,1,92,,273898,29,,,1,93,,273900,29,0,16 17 9,1,52,,273902,29,,,1,99,,273904,29,0,16 17 9,1,91,,273906,29,,,1,100,,273907,29,0,16 17 9,1
3301,'20261006',1002,,273911,29,,,1,100,,273912,29,,,1,100,,273913,29,,,1,102,,273914,29,,,1,107,,273915,29,,,1,103,,273916,29,,,1,103,,273918,29,,,1,95,,273920,29,0,16 17 9,1,17,,273921,29,,,1,92,,273923,29,,,1,34,,273925,29,0,16 17 9,1,67,,273927,29,0,16 17 9,1,92,,273930,29,,,1,93,,273932,29,0,16 17 9,1,52,,273934,29,,,1,99,,273936,29,0,16 17 9,1,91,,273938,29,,,1,100,,273939,29,0,16 17 9,1
3301,'20261007',1002,,273943,29,,,1,100,,273944,29,,,1,100,,273945,29,,,1,102,,273946,29,,,1,107,,273947,29,,,1,103,,273948,29,,,1,103,,273950,29,,,1,95,,273952,29,0,16 17 9,1,17,,273953,29,,,1,92,,273955,29,,,1,34,,273957,29,0,16 17 9,1,67,,273959,29,0,16 17 9,1,92,,273962,29,,,1,93,,273964,29,0,16 17 9,1,52,,273966,29,,,1,99,,273968,29,0,16 17 9,1,91,,273970,29,,,1,100,,273971,29,0,16 17 9,1
3301,'20261008',1002,,273975,29,,,1,100,,273976,29,,,1,100,,273977,29,,,1,102,,273978,29,,,1,107,,273979,29,,,1,103,,273980,29,,,1,103,,273982,29,,,1,95,,273984,29,0,16 17 9,1,17,,273985,29,,,1,92,,273987,29,,,1,34,,273989,29,0,16 17 9,1,67,,273991,29,0,16 17 9,1,92,,273994,29,,,1,93,,273996,29,0,16 17 9,1,52,,273998,29,,,1,99,,274000,29,0,16 17 9,1,91,,274002,29,,,1,100,,274003,29,0,16 17 9,1
3301,'20261009',1002,,274007,29,,,1,100,,274008,29,,,1,100,,274009,29,,,1,102,,274010,29,,,1,107,,274011,29,,,1,103,,274012,29,,,1,103,,274014,29,,,1,95,,274016,29,0,16 17 9,1,17,,274017,29,,,1,92,,274019,29,,,1,34,,274021,29,0,16 17 9,1,67,,274023,29,0,16 17 9,1,92,,274026,29,,,1,93,,274028,29,0,16 17 9,1,52,,274030,29,,,1,99,,274032,29,0,16 17 9,1,91,,274034,29,,,1,100,,274035,29,0,16 17 9,1
3301,'20261010',958,,274037,10,0,53 17 9,1,143,,274038,29,,,1,100,,274039,10,0,53 17 9,1,103,,274040,29,,,1,97,,274041,10,0,53 17 9,1,100,,274042,29,,,1,100,,274043,10,0,53 17 9,1,100,,274044,29,,,1,158,,274045,29,,,1,200,,274046,29,,,1,199,,274047,29,,,1,201,,274048,29,,,1
3301,'20261011',958,,274049,10,0,53 17 9,1,143,,274050,29,,,1,100,,274051,10,0,53 17 9,1,103,,274052,29,,,1,97,,274053,10,0,53 17 9,1,100,,274054,29,,,1,100,,274055,10,0,53 17 9,1,100,,274056,29,,,1,158,,274057,29,,,1,200,,274058,29,,,1,199,,274059,29,,,1,201,,274060,29,,,1
3301,'20261012',958,,274061,10,0,53 17 9,1,143,,274062,29,,,1,100,,274063,10,0,53 17 9,1,103,,274064,29,,,1,97,,274065,10,0,53 17 9,1,100,,274066,29,,,1,100,,274067,10,0,53 17 9,1,100,,274068,29,,,1,158,,274069,29,,,1,200,,274070,29,,,1,199,,274071,29,,,1,201,,274072,29,,,1
3301,'20261013',1002,,274075,29,,,1,100,,274076,29,,,1,100,,274077,29,,,1,102,,274078,29,,,1,107,,274079,29,,,1,103,,274080,29,,,1,103,,274082,29,,,1,95,,274084,29,0,16 17 9,1,17,,274085,29,,,1,92,,274087,29,,,1,34,,274089,29,0,16 17 9,1,67,,274091,29,0,16 17 9,1,92,,274094,29,,,1,93,,274096,29,0,16 17 9,1,52,,274098,29,,,1,99,,274100,29,0,16 17 9,1,91,,274102,29,,,1,100,,274103,29,0,16 17 9,1
3301,'20261014',1002,,274107,29,,,1,100,,274108,29,,,1,100,,274109,29,,,1,102,,274110,29,,,1,107,,274111,29,,,1,103,,274112,29,,,1,103,,274114,29,,,1,95,,274116,29,0,16 17 9,1,17,,274117,29,,,1,92,,274119,29,,,1,34,,274121,29,0,16 17 9,1,67,,274123,29,0,16 17 9,1,92,,274126,29,,,1,93,,274128,29,0,16 17 9,1,52,,274130,29,,,1,99,,274132,29,0,16 17 9,1,91,,274134,29,,,1,100,,274135,29,0,16 17 9,1
3301,'20261015',1002,,274139,29,,,1,100,,274140,29,,,1,100,,274141,29,,,1,102,,274142,29,,,1,107,,274143,29,,,1,103,,274144,29,,,1,103,,274146,29,,,1,95,,274148,29,0,16 17 9,1,17,,274149,29,,,1,92,,274151,29,,,1,34,,274153,29,0,16 17 9,1,67,,274155,29,0,16 17 9,1,92,,274158,29,,,1,93,,274160,29,0,16 17 9,1,52,,274162,29,,,1,99,,274164,29,0,16 17 9,1,91,,274166,29,,,1,100,,274167,29,0,16 17 9,1
3301,'20261016',1002,,274171,29,,,1,100,,274172,29,,,1,100,,274173,29,,,1,102,,274174,29,,,1,107,,274175,29,,,1,103,,274176,29,,,1,103,,274178,29,,,1,95,,274180,29,0,16 17 9,1,17,,274181,29,,,1,92,,274183,29,,,1,34,,274185,29,0,16 17 9,1,67,,274187,29,0,16 17 9,1,92,,274190,29,,,1,93,,274192,29,0,16 17 9,1,52,,274194,29,,,1,99,,274196,29,0,16 17 9,1,91,,274198,29,,,1,100,,274199,29,0,16 17 9,1
3301,'20261017',958,,274201,10,0,53 17 9,1,143,,274202,29,,,1,100,,274203,10,0,53 17 9,1,103,,274204,29,,,1,97,,274205,10,0,53 17 9,1,100,,274206,29,,,1,100,,274207,10,0,53 17 9,1,100,,274208,29,,,1,158,,274209,29,,,1,200,,274210,29,,,1,199,,274211,29,,,1,201,,274212,29,,,1
3301,'20261018',958,,274213,10,0,53 17 9,1,143,,274214,29,,,1,100,,274215,10,0,53 17 9,1,103,,274216,29,,,1,97,,274217,10,0,53 17 9,1,100,,274218,29,,,1,100,,274219,10,0,53 17 9,1,100,,274220,29,,,1,158,,274221,29,,,1,200,,274222,29,,,1,199,,274223,29,,,1,201,,274224,29,,,1
3301,'20261019',1002,,274227,29,,,1,100,,274228,29,,,1,100,,274229,29,,,1,102,,274230,29,,,1,107,,274231,29,,,1,103,,274232,29,,,1,103,,274234,29,,,1,95,,274236,29,0,16 17 9,1,17,,274237,29,,,1,92,,274239,29,,,1,34,,274241,29,0,16 17 9,1,67,,274243,29,0,16 17 9,1,92,,274246,29,,,1,93,,274248,29,0,16 17 9,1,52,,274250,29,,,1,99,,274252,29,0,16 17 9,1,91,,274254,29,,,1,100,,274255,29,0,16 17 9,1
3301,'20261020',1002,,274259,29,,,1,100,,274260,29,,,1,100,,274261,29,,,1,102,,274262,29,,,1,107,,274263,29,,,1,103,,274264,29,,,1,103,,274266,29,,,1,95,,274268,29,0,16 17 9,1,17,,274269,29,,,1,92,,274271,29,,,1,34,,274273,29,0,16 17 9,1,67,,274275,29,0,16 17 9,1,92,,274278,29,,,1,93,,274280,29,0,16 17 9,1,52,,274282,29,,,1,99,,274284,29,0,16 17 9,1,91,,274286,29,,,1,100,,274287,29,0,16 17 9,1
3301,'20261021',1002,,274291,29,,,1,100,,274292,29,,,1,100,,274293,29,,,1,102,,274294,29,,,1,107,,274295,29,,,1,103,,274296,29,,,1,103,,274298,29,,,1,95,,274300,29,0,16 17 9,1,17,,274301,29,,,1,92,,274303,29,,,1,34,,274305,29,0,16 17 9,1,67,,274307,29,0,16 17 9,1,92,,274310,29,,,1,93,,274312,29,0,16 17 9,1,52,,274314,29,,,1,99,,274316,29,0,16 17 9,1,91,,274318,29,,,1,100,,274319,29,0,16 17 9,1
3301,'20261022',1002,,274323,29,,,1,100,,274324,29,,,1,100,,274325,29,,,1,102,,274326,29,,,1,107,,274327,29,,,1,103,,274328,29,,,1,103,,274330,29,,,1,95,,274332,29,0,16 17 9,1,17,,274333,29,,,1,92,,274335,29,,,1,34,,274337,29,0,16 17 9,1,67,,274339,29,0,16 17 9,1,92,,274342,29,,,1,93,,274344,29,0,16 17 9,1,52,,274346,29,,,1,99,,274348,29,0,16 17 9,1,91,,274350,29,,,1,100,,274351,29,0,16 17 9,1
3301,'20261023',1002,,274355,29,,,1,100,,274356,29,,,1,100,,274357,29,,,1,102,,274358,29,,,1,107,,274359,29,,,1,103,,274360,29,,,1,103,,274362,29,,,1,95,,274364,29,0,16 17 9,1,17,,274365,29,,,1,92,,274367,29,,,1,34,,274369,29,0,16 17 9,1,67,,274371,29,0,16 17 9,1,92,,274374,29,,,1,93,,274376,29,0,16 17 9,1,52,,274378,29,,,1,99,,274380,29,0,16 17 9,1,91,,274382,29,,,1,100,,274383,29,0,16 17 9,1
3301,'20261024',958,,274385,10,0,53 17 9,1,143,,274386,29,,,1,100,,274387,10,0,53 17 9,1,103,,274388,29,,,1,97,,274389,10,0,53 17 9,1,100,,274390,29,,,1,100,,274391,10,0,53 17 9,1,100,,274392,29,,,1,158,,274393,29,,,1,200,,274394,29,,,1,199,,274395,29,,,1,201,,274396,29,,,1
3301,'20261025',958,,274397,10,0,53 17 9,1,143,,274398,29,,,1,100,,274399,10,0,53 17 9,1,103,,274400,29,,,1,97,,274401,10,0,53 17 9,1,100,,274402,29,,,1,100,,274403,10,0,53 17 9,1,100,,274404,29,,,1,158,,274405,29,,,1,200,,274406,29,,,1,199,,274407,29,,,1,201,,274408,29,,,1
3301,'20261026',1002,,274411,29,,,1,100,,274412,29,,,1,100,,274413,29,,,1,102,,274414,29,,,1,107,,274415,29,,,1,103,,274416,29,,,1,103,,274418,29,,,1,95,,274420,29,0,16 17 9,1,17,,274421,29,,,1,92,,274423,29,,,1,34,,274425,29,0,16 17 9,1,67,,274427,29,0,16 17 9,1,92,,274430,29,,,1,93,,274432,29,0,16 17 9,1,52,,274434,29,,,1,99,,274436,29,0,16 17 9,1,91,,274438,29,,,1,100,,274439,29,0,16 17 9,1
3301,'20261027',1002,,274443,29,,,1,100,,274444,29,,,1,100,,274445,29,,,1,102,,274446,29,,,1,107,,274447,29,,,1,103,,274448,29,,,1,103,,274450,29,,,1,95,,274452,29,0,16 17 9,1,17,,274453,29,,,1,92,,274455,29,,,1,34,,274457,29,0,16 17 9,1,67,,274459,29,0,16 17 9,1,92,,274462,29,,,1,93,,274464,29,0,16 17 9,1,52,,274466,29,,,1,99,,274468,29,0,16 17 9,1,91,,274470,29,,,1,100,,274471,29,0,16 17 9,1
3301,'20261028',1002,,274475,29,,,1,100,,274476,29,,,1,100,,274477,29,,,1,102,,274478,29,,,1,107,,274479,29,,,1,103,,274480,29,,,1,103,,274482,29,,,1,95,,274484,29,0,16 17 9,1,17,,274485,29,,,1,92,,274487,29,,,1,34,,274489,29,0,16 17 9,1,67,,274491,29,0,16 17 9,1,92,,274494,29,,,1,93,,274496,29,0,16 17 9,1,52,,274498,29,,,1,99,,274500,29,0,16 17 9,1,91,,274502,29,,,1,100,,274503,29,0,16 17 9,1
3301,'20261029',1002,,274507,29,,,1,100,,274508,29,,,1,100,,274509,29,,,1,102,,274510,29,,,1,107,,274511,29,,,1,103,,274512,29,,,1,103,,274514,29,,,1,95,,274516,29,0,16 17 9,1,17,,274517,29,,,1,92,,274519,29,,,1,34,,274521,29,0,16 17 9,1,67,,274523,29,0,16 17 9,1,92,,274526,29,,,1,93,,274528,29,0,16 17 9,1,52,,274530,29,,,1,99,,274532,29,0,16 17 9,1,91,,274534,29,,,1,100,,274535,29,0,16 17 9,1
3301,'20261030',1002,,274539,29,,,1,100,,274540,29,,,1,100,,274541,29,,,1,102,,274542,29,,,1,107,,274543,29,,,1,103,,274544,29,,,1,103,,274546,29,,,1,95,,274548,29,0,16 17 9,1,17,,274549,29,,,1,92,,274551,29,,,1,34,,274553,29,0,16 17 9,1,67,,274555,29,0,16 17 9,1,92,,274558,29,,,1,93,,274560,29,0,16 17 9,1,52,,274562,29,,,1,99,,274564,29,0,16 17 9,1,91,,274566,29,,,1,100,,274567,29,0,16 17 9,1
3301,'20261031',958,,274569,10,0,53 17 9,1,143,,274570,29,,,1,100,,274571,10,0,53 17 9,1,103,,274572,29,,,1,97,,274573,10,0,53 17 9,1,100,,274574,29,,,1,100,,274575,10,0,53 17 9,1,100,,274576,29,,,1,158,,274577,29,,,1,200,,274578,29,,,1,199,,274579,29,,,1,201,,274580,29,,,1
3301,'20261101',958,,274581,10,0,53 17 9,1,143,,274582,29,,,1,100,,274583,10,0,53 17 9,1,103,,274584,29,,,1,97,,274585,10,0,53 17 9,1,100,,274586,29,,,1,100,,274587,10,0,53 17 9,1,100,,274588,29,,,1,158,,274589,29,,,1,200,,274590,29,,,1,199,,274591,29,,,1,201,,274592,29,,,1
3301,'20261102',1002,,274595,29,,,1,100,,274596,29,,,1,100,,274597,29,,,1,102,,274598,29,,,1,107,,274599,29,,,1,103,,274600,29,,,1,103,,274602,29,,,1,95,,274604,29,0,16 17 9,1,17,,274605,29,,,1,92,,274607,29,,,1,34,,274609,29,0,16 17 9,1,67,,274611,29,0,16 17 9,1,92,,274614,29,,,1,93,,274616,29,0,16 17 9,1,52,,274618,29,,,1,99,,274620,29,0,16 17 9,1,91,,274622,29,,,1,100,,274623,29,0,16 17 9,1
3301,'20261103',1002,,274627,29,,,1,100,,274628,29,,,1,100,,274629,29,,,1,102,,274630,29,,,1,107,,274631,29,,,1,103,,274632,29,,,1,103,,274634,29,,,1,95,,274636,29,0,16 17 9,1,17,,274637,29,,,1,92,,274639,29,,,1,34,,274641,29,0,16 17 9,1,67,,274643,29,0,16 17 9,1,92,,274646,29,,,1,93,,274648,29,0,16 17 9,1,52,,274650,29,,,1,99,,274652,29,0,16 17 9,1,91,,274654,29,,,1,100,,274655,29,0,16 17 9,1
3301,'20261104',1002,,274659,29,,,1,100,,274660,29,,,1,100,,274661,29,,,1,102,,274662,29,,,1,107,,274663,29,,,1,103,,274664,29,,,1,103,,274666,29,,,1,95,,274668,29,0,16 17 9,1,17,,274669,29,,,1,92,,274671,29,,,1,34,,274673,29,0,16 17 9,1,67,,274675,29,0,16 17 9,1,92,,274678,29,,,1,93,,274680,29,0,16 17 9,1,52,,274682,29,,,1,99,,274684,29,0,16 17 9,1,91,,274686,29,,,1,100,,274687,29,0,16 17 9,1
3301,'20261105',1002,,274691,29,,,1,100,,274692,29,,,1,100,,274693,29,,,1,102,,274694,29,,,1,107,,274695,29,,,1,103,,274696,29,,,1,103,,274698,29,,,1,95,,274700,29,0,16 17 9,1,17,,274701,29,,,1,92,,274703,29,,,1,34,,274705,29,0,16 17 9,1,67,,274707,29,0,16 17 9,1,92,,274710,29,,,1,93,,274712,29,0,16 17 9,1,52,,274714,29,,,1,99,,274716,29,0,16 17 9,1,91,,274718,29,,,1,100,,274719,29,0,16 17 9,1
3301,'20261106',1002,,274723,29,,,1,100,,274724,29,,,1,100,,274725,29,,,1,102,,274726,29,,,1,107,,274727,29,,,1,103,,274728,29,,,1,103,,274730,29,,,1,95,,274732,29,0,16 17 9,1,17,,274733,29,,,1,92,,274735,29,,,1,34,,274737,29,0,16 17 9,1,67,,274739,29,0,16 17 9,1,92,,274742,29,,,1,93,,274744,29,0,16 17 9,1,52,,274746,29,,,1,99,,274748,29,0,16 17 9,1,91,,274750,29,,,1,100,,274751,29,0,16 17 9,1
3301,'20261107',958,,274753,10,0,53 17 9,1,143,,274754,29,,,1,100,,274755,10,0,53 17 9,1,103,,274756,29,,,1,97,,274757,10,0,53 17 9,1,100,,274758,29,,,1,100,,274759,10,0,53 17 9,1,100,,274760,29,,,1,158,,274761,29,,,1,200,,274762,29,,,1,199,,274763,29,,,1,201,,274764,29,,,1
3301,'20261108',958,,274765,10,0,53 17 9,1,143,,274766,29,,,1,100,,274767,10,0,53 17 9,1,103,,274768,29,,,1,97,,274769,10,0,53 17 9,1,100,,274770,29,,,1,100,,274771,10,0,53 17 9,1,100,,274772,29,,,1,158,,274773,29,,,1,200,,274774,29,,,1,199,,274775,29,,,1,201,,274776,29,,,1
3301,'20261109',1002,,274779,29,,,1,100,,274780,29,,,1,100,,274781,29,,,1,102,,274782,29,,,1,107,,274783,29,,,1,103,,274784,29,,,1,103,,274786,29,,,1,95,,274788,29,0,16 17 9,1,17,,274789,29,,,1,92,,274791,29,,,1,34,,274793,29,0,16 17 9,1,67,,274795,29,0,16 17 9,1,92,,274798,29,,,1,93,,274800,29,0,16 17 9,1,52,,274802,29,,,1,99,,274804,29,0,16 17 9,1,91,,274806,29,,,1,100,,274807,29,0,16 17 9,1
3301,'20261110',1002,,274811,29,,,1,100,,274812,29,,,1,100,,274813,29,,,1,102,,274814,29,,,1,107,,274815,29,,,1,103,,274816,29,,,1,103,,274818,29,,,1,95,,274820,29,0,16 17 9,1,17,,274821,29,,,1,92,,274823,29,,,1,34,,274825,29,0,16 17 9,1,67,,274827,29,0,16 17 9,1,92,,274830,29,,,1,93,,274832,29,0,16 17 9,1,52,,274834,29,,,1,99,,274836,29,0,16 17 9,1,91,,274838,29,,,1,100,,274839,29,0,16 17 9,1
3301,'20261111',1002,,274843,29,,,1,100,,274844,29,,,1,100,,274845,29,,,1,102,,274846,29,,,1,107,,274847,29,,,1,103,,274848,29,,,1,103,,274850,29,,,1,95,,274852,29,0,16 17 9,1,17,,274853,29,,,1,92,,274855,29,,,1,34,,274857,29,0,16 17 9,1,67,,274859,29,0,16 17 9,1,92,,274862,29,,,1,93,,274864,29,0,16 17 9,1,52,,274866,29,,,1,99,,274868,29,0,16 17 9,1,91,,274870,29,,,1,100,,274871,29,0,16 17 9,1
3301,'20261112',1002,,274875,29,,,1,100,,274876,29,,,1,100,,274877,29,,,1,102,,274878,29,,,1,107,,274879,29,,,1,103,,274880,29,,,1,103,,274882,29,,,1,95,,274884,29,0,16 17 9,1,17,,274885,29,,,1,92,,274887,29,,,1,34,,274889,29,0,16 17 9,1,67,,274891,29,0,16 17 9,1,92,,274894,29,,,1,93,,274896,29,0,16 17 9,1,52,,274898,29,,,1,99,,274900,29,0,16 17 9,1,91,,274902,29,,,1,100,,274903,29,0,16 17 9,1
3301,'20261113',1002,,274907,29,,,1,100,,274908,29,,,1,100,,274909,29,,,1,102,,274910,29,,,1,107,,274911,29,,,1,103,,274912,29,,,1,103,,274914,29,,,1,95,,274916,29,0,16 17 9,1,17,,274917,29,,,1,92,,274919,29,,,1,34,,274921,29,0,16 17 9,1,67,,274923,29,0,16 17 9,1,92,,274926,29,,,1,93,,274928,29,0,16 17 9,1,52,,274930,29,,,1,99,,274932,29,0,16 17 9,1,91,,274934,29,,,1,100,,274935,29,0,16 17 9,1
3301,'20261114',958,,274937,10,0,53 17 9,1,143,,274938,29,,,1,100,,274939,10,0,53 17 9,1,103,,274940,29,,,1,97,,274941,10,0,53 17 9,1,100,,274942,29,,,1,100,,274943,10,0,53 17 9,1,100,,274944,29,,,1,158,,274945,29,,,1,200,,274946,29,,,1,199,,274947,29,,,1,201,,274948,29,,,1
3301,'20261115',958,,274949,10,0,53 17 9,1,143,,274950,29,,,1,100,,274951,10,0,53 17 9,1,103,,274952,29,,,1,97,,274953,10,0,53 17 9,1,100,,274954,29,,,1,100,,274955,10,0,53 17 9,1,100,,274956,29,,,1,158,,274957,29,,,1,200,,274958,29,,,1,199,,274959,29,,,1,201,,274960,29,,,1
3301,'20261116',1002,,274963,29,,,1,100,,274964,29,,,1,100,,274965,29,,,1,102,,274966,29,,,1,107,,274967,29,,,1,103,,274968,29,,,1,103,,274970,29,,,1,95,,274972,29,0,16 17 9,1,17,,274973,29,,,1,92,,274975,29,,,1,34,,274977,29,0,16 17 9,1,67,,274979,29,0,16 17 9,1,92,,274982,29,,,1,93,,274984,29,0,16 17 9,1,52,,274986,29,,,1,99,,274988,29,0,16 17 9,1,91,,274990,29,,,1,100,,274991,29,0,16 17 9,1
3301,'20261117',1002,,274995,29,,,1,100,,274996,29,,,1,100,,274997,29,,,1,102,,274998,29,,,1,107,,274999,29,,,1,103,,275000,29,,,1,103,,275002,29,,,1,95,,275004,29,0,16 17 9,1,17,,275005,29,,,1,92,,275007,29,,,1,34,,275009,29,0,16 17 9,1,67,,275011,29,0,16 17 9,1,92,,275014,29,,,1,93,,275016,29,0,16 17 9,1,52,,275018,29,,,1,99,,275020,29,0,16 17 9,1,91,,275022,29,,,1,100,,275023,29,0,16 17 9,1
3301,'20261118',1002,,275027,29,,,1,100,,275028,29,,,1,100,,275029,29,,,1,102,,275030,29,,,1,107,,275031,29,,,1,103,,275032,29,,,1,103,,275034,29,,,1,95,,275036,29,0,16 17 9,1,17,,275037,29,,,1,92,,275039,29,,,1,34,,275041,29,0,16 17 9,1,67,,275043,29,0,16 17 9,1,92,,275046,29,,,1,93,,275048,29,0,16 17 9,1,52,,275050,29,,,1,99,,275052,29,0,16 17 9,1,91,,275054,29,,,1,100,,275055,29,0,16 17 9,1
3301,'20261119',1002,,275059,29,,,1,100,,275060,29,,,1,100,,275061,29,,,1,102,,275062,29,,,1,107,,275063,29,,,1,103,,275064,29,,,1,103,,275066,29,,,1,95,,275068,29,0,16 17 9,1,17,,275069,29,,,1,92,,275071,29,,,1,34,,275073,29,0,16 17 9,1,67,,275075,29,0,16 17 9,1,92,,275078,29,,,1,93,,275080,29,0,16 17 9,1,52,,275082,29,,,1,99,,275084,29,0,16 17 9,1,91,,275086,29,,,1,100,,275087,29,0,16 17 9,1
3301,'20261120',1002,,275091,29,,,1,100,,275092,29,,,1,100,,275093,29,,,1,102,,275094,29,,,1,107,,275095,29,,,1,103,,275096,29,,,1,103,,275098,29,,,1,95,,275100,29,0,16 17 9,1,17,,275101,29,,,1,92,,275103,29,,,1,34,,275105,29,0,16 17 9,1,67,,275107,29,0,16 17 9,1,92,,275110,29,,,1,93,,275112,29,0,16 17 9,1,52,,275114,29,,,1,99,,275116,29,0,16 17 9,1,91,,275118,29,,,1,100,,275119,29,0,16 17 9,1
3301,'20261121',958,,275121,10,0,53 17 9,1,143,,275122,29,,,1,100,,275123,10,0,53 17 9,1,103,,275124,29,,,1,97,,275125,10,0,53 17 9,1,100,,275126,29,,,1,100,,275127,10,0,53 17 9,1,100,,275128,29,,,1,158,,275129,29,,,1,200,,275130,29,,,1,199,,275131,29,,,1,201,,275132,29,,,1
3301,'20261122',958,,275133,10,0,53 17 9,1,143,,275134,29,,,1,100,,275135,10,0,53 17 9,1,103,,275136,29,,,1,97,,275137,10,0,53 17 9,1,100,,275138,29,,,1,100,,275139,10,0,53 17 9,1,100,,275140,29,,,1,158,,275141,29,,,1,200,,275142,29,,,1,199,,275143,29,,,1,201,,275144,29,,,1
3301,'20261123',1002,,275147,29,,,1,100,,275148,29,,,1,100,,275149,29,,,1,102,,275150,29,,,1,107,,275151,29,,,1,103,,275152,29,,,1,103,,275154,29,,,1,95,,275156,29,0,16 17 9,1,17,,275157,29,,,1,92,,275159,29,,,1,34,,275161,29,0,16 17 9,1,67,,275163,29,0,16 17 9,1,92,,275166,29,,,1,93,,275168,29,0,16 17 9,1,52,,275170,29,,,1,99,,275172,29,0,16 17 9,1,91,,275174,29,,,1,100,,275175,29,0,16 17 9,1
3301,'20261124',1002,,275179,29,,,1,100,,275180,29,,,1,100,,275181,29,,,1,102,,275182,29,,,1,107,,275183,29,,,1,103,,275184,29,,,1,103,,275186,29,,,1,95,,275188,29,0,16 17 9,1,17,,275189,29,,,1,92,,275191,29,,,1,34,,275193,29,0,16 17 9,1,67,,275195,29,0,16 17 9,1,92,,275198,29,,,1,93,,275200,29,0,16 17 9,1,52,,275202,29,,,1,99,,275204,29,0,16 17 9,1,91,,275206,29,,,1,100,,275207,29,0,16 17 9,1
3301,'20261125',1002,,275211,29,,,1,100,,275212,29,,,1,100,,275213,29,,,1,102,,275214,29,,,1,107,,275215,29,,,1,103,,275216,29,,,1,103,,275218,29,,,1,95,,275220,29,0,16 17 9,1,17,,275221,29,,,1,92,,275223,29,,,1,34,,275225,29,0,16 17 9,1,67,,275227,29,0,16 17 9,1,92,,275230,29,,,1,93,,275232,29,0,16 17 9,1,52,,275234,29,,,1,99,,275236,29,0,16 17 9,1,91,,275238,29,,,1,100,,275239,29,0,16 17 9,1
3301,'20261126',1002,,275243,29,,,1,100,,275244,29,,,1,100,,275245,29,,,1,102,,275246,29,,,1,107,,275247,29,,,1,103,,275248,29,,,1,103,,275250,29,,,1,95,,275252,29,0,16 17 9,1,17,,275253,29,,,1,92,,275255,29,,,1,34,,275257,29,0,16 17 9,1,67,,275259,29,0,16 17 9,1,92,,275262,29,,,1,93,,275264,29,0,16 17 9,1,52,,275266,29,,,1,99,,275268,29,0,16 17 9,1,91,,275270,29,,,1,100,,275271,29,0,16 17 9,1
3301,'20261127',1002,,275275,29,,,1,100,,275276,29,,,1,100,,275277,29,,,1,102,,275278,29,,,1,107,,275279,29,,,1,103,,275280,29,,,1,103,,275282,29,,,1,95,,275284,29,0,16 17 9,1,17,,275285,29,,,1,92,,275287,29,,,1,34,,275289,29,0,16 17 9,1,67,,275291,29,0,16 17 9,1,92,,275294,29,,,1,93,,275296,29,0,16 17 9,1,52,,275298,29,,,1,99,,275300,29,0,16 17 9,1,91,,275302,29,,,1,100,,275303,29,0,16 17 9,1
